0 0.583050 0.254958 0.584039 0.260451 0.590936 0.265085 0.591265 0.266915 0.593564 0.268460 0.601446 0.267316 0.608352 0.305747 0.600474 0.306878 0.598834 0.308987 0.596866 0.309270 0.593588 0.313488 0.591620 0.313770 0.585072 0.322200 0.583106 0.322481 0.573297 0.335110 0.567410 0.335948 0.565777 0.338050 0.554013 0.339726 0.551724 0.338184 0.536059 0.340416 0.533772 0.338875 0.531815 0.339154 0.529529 0.337612 0.527573 0.337891 0.507008 0.324028 0.506677 0.322208 0.495257 0.314510 0.493306 0.314791 0.481893 0.307098 0.474095 0.308223 0.471770 0.295487 0.477620 0.294640 0.480857 0.290433 0.482807 0.290151 0.484427 0.288046 0.486379 0.287762 0.487999 0.285658 0.489951 0.285375 0.491572 0.283268 0.495479 0.282701 0.497100 0.280594 0.499055 0.280310 0.500678 0.278203 0.502633 0.277919 0.504257 0.275810 0.506212 0.275526 0.509461 0.271308 0.508466 0.265834
0 0.399269 0.474649 0.407903 0.521373 0.402123 0.522156 0.392567 0.534483 0.392899 0.536276 0.388126 0.542432 0.388458 0.544224 0.383689 0.550375 0.384021 0.552166 0.379254 0.558311 0.379586 0.560102 0.376410 0.564195 0.376742 0.565984 0.374823 0.566241 0.371649 0.570332 0.369732 0.570589 0.366561 0.574677 0.367557 0.580040 0.327362 0.585400 0.326362 0.580047 0.321876 0.576989 0.319965 0.577245 0.315478 0.574187 0.313568 0.574443 0.311326 0.572914 0.309418 0.573170 0.307175 0.571642 0.305266 0.571898 0.303025 0.570371 0.301118 0.570626 0.298876 0.569098 0.296968 0.569354 0.294728 0.567826 0.285198 0.569106 0.281853 0.551274 0.287571 0.550502 0.289143 0.548460 0.291050 0.548202 0.292623 0.546160 0.294531 0.545902 0.296105 0.543858 0.298013 0.543600 0.299587 0.541556 0.301496 0.541298 0.304647 0.537207 0.306556 0.536948 0.309710 0.532856 0.311621 0.532597 0.322669 0.518256 0.324584 0.517995 0.327745 0.513893 0.329660 0.513632 0.332822 0.509527 0.334739 0.509266 0.336322 0.507212 0.338238 0.506950 0.342989 0.500788 0.344907 0.500525 0.346492 0.498470 0.348410 0.498207 0.349995 0.496151 0.351915 0.495888 0.355088 0.491773 0.357007 0.491510 0.358596 0.489452 0.362438 0.488925 0.365615 0.484805 0.364615 0.479418
0 0.975210 0.342388 0.980937 0.375677 0.972838 0.376798 0.969427 0.381052 0.967405 0.381332 0.962292 0.387709 0.960270 0.387988 0.956866 0.392236 0.954845 0.392515 0.951442 0.396759 0.949422 0.397037 0.946023 0.401280 0.944004 0.401558 0.942305 0.403679 0.940288 0.403956 0.936892 0.408196 0.934875 0.408473 0.931483 0.412709 0.929467 0.412985 0.927772 0.415103 0.925756 0.415380 0.922367 0.419612 0.920354 0.419888 0.916965 0.424117 0.914954 0.424392 0.911569 0.428620 0.909558 0.428894 0.907866 0.431008 0.905855 0.431282 0.904166 0.433395 0.898137 0.434218 0.895809 0.432654 0.891792 0.433203 0.889465 0.431640 0.883443 0.432462 0.881116 0.430901 0.863073 0.433367 0.853779 0.427125 0.852174 0.417950 0.853855 0.415840 0.853534 0.414003 0.861949 0.403441 0.861628 0.401604 0.863634 0.401327 0.865317 0.399212 0.864997 0.397373 0.866681 0.395258 0.868688 0.394981 0.877122 0.384395 0.879129 0.384117 0.882506 0.379878 0.884516 0.379599 0.891275 0.371114 0.893287 0.370834 0.900056 0.362342 0.904083 0.361780 0.907471 0.357529 0.906511 0.351994
0 0.822809 0.143900 0.824430 0.153188 0.826768 0.154747 0.827092 0.156604 0.829429 0.158163 0.830077 0.161877 0.832415 0.163436 0.832739 0.165293 0.837414 0.168410 0.845473 0.167219 0.851615 0.202487 0.843560 0.203666 0.841869 0.205814 0.839857 0.206108 0.838168 0.208255 0.836157 0.208549 0.822664 0.225711 0.820655 0.226003 0.815604 0.232430 0.813598 0.232722 0.811914 0.234862 0.803892 0.236027 0.802211 0.238168 0.803183 0.243712 0.802211 0.238168 0.799883 0.236610 0.789866 0.238065 0.787539 0.236509 0.777532 0.237964 0.775206 0.236408 0.773206 0.236698 0.770881 0.235144 0.768882 0.235435 0.766557 0.233879 0.764558 0.234170 0.759910 0.231062 0.757913 0.231353 0.755589 0.229798 0.753592 0.230089 0.748947 0.226981 0.742958 0.227855 0.739374 0.207552 0.745365 0.206672 0.750380 0.200250 0.752380 0.199955 0.755727 0.195670 0.755401 0.193822 0.757400 0.193527 0.760751 0.189239 0.760425 0.187389 0.765452 0.180950 0.765126 0.179100 0.766804 0.176954 0.766478 0.175102 0.769831 0.170805 0.769506 0.168954 0.771184 0.166804 0.770858 0.164951 0.775895 0.158499 0.774593 0.151084
0 0.482486 0.111719 0.483821 0.119067 0.486115 0.120606 0.486448 0.122442 0.488742 0.123980 0.489075 0.125817 0.493665 0.128895 0.493998 0.130732 0.496294 0.132270 0.496627 0.134106 0.501218 0.137185 0.501550 0.139021 0.503845 0.140561 0.504178 0.142397 0.508771 0.145476 0.514661 0.144587 0.524957 0.201451 0.517109 0.202616 0.512223 0.208982 0.510262 0.209273 0.505380 0.215634 0.503422 0.215923 0.501796 0.218041 0.499837 0.218331 0.496587 0.222567 0.494631 0.222856 0.491382 0.227089 0.485515 0.227955 0.483894 0.230071 0.481606 0.228532 0.475745 0.229397 0.473458 0.227858 0.471504 0.228147 0.462364 0.221998 0.460412 0.222287 0.453560 0.217676 0.453226 0.215851 0.448658 0.212776 0.448325 0.210951 0.443756 0.207879 0.443422 0.206052 0.441140 0.204517 0.440806 0.202691 0.429392 0.195013 0.421602 0.196176 0.415577 0.163296 0.423371 0.162121 0.424985 0.159999 0.424650 0.158170 0.426599 0.157876 0.447627 0.130227 0.447293 0.128394 0.452154 0.122000 0.451151 0.116497
0 0.179592 0.657716 0.180600 0.663017 0.185041 0.666060 0.186925 0.665813 0.189146 0.667334 0.191031 0.667087 0.193252 0.668609 0.195137 0.668363 0.199580 0.671405 0.201467 0.671159 0.203690 0.672681 0.205577 0.672435 0.207799 0.673958 0.209687 0.673712 0.211911 0.675233 0.213798 0.674988 0.216021 0.676510 0.217910 0.676264 0.220135 0.677787 0.225803 0.677050 0.229819 0.698267 0.224153 0.698998 0.217940 0.707037 0.218275 0.708803 0.213619 0.714825 0.213953 0.716589 0.210852 0.720603 0.211186 0.722366 0.208086 0.726376 0.208421 0.728140 0.206871 0.730143 0.207205 0.731905 0.205657 0.733909 0.205992 0.735672 0.201346 0.741678 0.201680 0.743438 0.195493 0.751438 0.195828 0.753199 0.185011 0.767180 0.183133 0.767417 0.181589 0.769412 0.172202 0.770597 0.169990 0.769078 0.166238 0.769552 0.161815 0.766512 0.159941 0.766750 0.155519 0.763713 0.153645 0.763950 0.149225 0.760912 0.147351 0.761150 0.145143 0.759632 0.143270 0.759870 0.141061 0.758351 0.139188 0.758589 0.136980 0.757072 0.135108 0.757310 0.130693 0.754274 0.128822 0.754513 0.126614 0.752995 0.124744 0.753233 0.120331 0.750200 0.118461 0.750438 0.114048 0.747405 0.112180 0.747644 0.109975 0.746127 0.108106 0.746366 0.105900 0.744849 0.104033 0.745088 0.099624 0.742058 0.094023 0.742774 0.091323 0.728737 0.096924 0.728017 0.101515 0.722029 0.101178 0.720272 0.104242 0.716278 0.103904 0.714520 0.105436 0.712522 0.105098 0.710764 0.106630 0.708764 0.106292 0.707007 0.109359 0.703006 0.109022 0.701247 0.112089 0.697245 0.111752 0.695485 0.113285 0.693482 0.112948 0.691723 0.129847 0.669659 0.128835 0.664371
0 0.706796 0.092755 0.708108 0.100173 0.710432 0.101724 0.710760 0.103578 0.713086 0.105130 0.713414 0.106984 0.720390 0.111639 0.720717 0.113493 0.725370 0.116598 0.725697 0.118451 0.732677 0.123110 0.733004 0.124963 0.737656 0.128069 0.737983 0.129923 0.751951 0.139244 0.757958 0.138346 0.761543 0.158731 0.755538 0.159624 0.753862 0.161775 0.751861 0.162072 0.745165 0.170664 0.743167 0.170960 0.738151 0.177398 0.736153 0.177694 0.732811 0.181983 0.730814 0.182278 0.727477 0.186563 0.725481 0.186858 0.722144 0.191142 0.720150 0.191436 0.716815 0.195719 0.714823 0.196012 0.711491 0.200291 0.709498 0.200585 0.707834 0.202722 0.705843 0.203015 0.704178 0.205152 0.702188 0.205445 0.700524 0.207583 0.701505 0.213113 0.675663 0.216908 0.674680 0.211384 0.670054 0.208285 0.668069 0.208577 0.665757 0.207029 0.663772 0.207321 0.649902 0.198029 0.649574 0.196188 0.642642 0.191545 0.642313 0.189703 0.616908 0.172688 0.610972 0.173573 0.606024 0.145946 0.611961 0.145054 0.631786 0.119327 0.633770 0.119027 0.637080 0.114732 0.639066 0.114431 0.640721 0.112282 0.642708 0.111981 0.644366 0.109832 0.646352 0.109531 0.648010 0.107381 0.647022 0.101832
0 0.463982 0.219883 0.464982 0.225360 0.469552 0.228435 0.471504 0.228147 0.476077 0.231223 0.478030 0.230935 0.480316 0.232473 0.482271 0.232185 0.484559 0.233724 0.486513 0.233436 0.493376 0.238051 0.499244 0.237188 0.502232 0.253627 0.496365 0.254486 0.494741 0.256597 0.492786 0.256883 0.491164 0.258993 0.489211 0.259278 0.487588 0.261389 0.485634 0.261675 0.482394 0.265892 0.480442 0.266177 0.470729 0.278817 0.471062 0.280638 0.466212 0.286950 0.467209 0.292411 0.438015 0.296643 0.437015 0.291189 0.432462 0.288118 0.430518 0.288401 0.421414 0.282260 0.419472 0.282543 0.387636 0.261071 0.385698 0.261356 0.374339 0.253694 0.368532 0.254548 0.367191 0.247282 0.372998 0.246426 0.379406 0.238008 0.378400 0.232552
0 0.290505 0.133502 0.291520 0.138966 0.298325 0.143549 0.300256 0.143255 0.307063 0.147839 0.308995 0.147545 0.320345 0.155187 0.322279 0.154893 0.326820 0.157952 0.332624 0.157072 0.340708 0.200777 0.332975 0.201934 0.326595 0.210362 0.324663 0.210650 0.316699 0.221172 0.317035 0.222988 0.310670 0.231395 0.311007 0.233209 0.303059 0.243705 0.303396 0.245519 0.293872 0.258096 0.294209 0.259906 0.283115 0.274553 0.281194 0.274835 0.278028 0.279017 0.276109 0.279298 0.274528 0.281387 0.270689 0.281949 0.269109 0.284038 0.255690 0.286004 0.253436 0.284479 0.249605 0.285041 0.247353 0.283516 0.245437 0.283797 0.243184 0.282273 0.241271 0.282553 0.239018 0.281029 0.237105 0.281310 0.232602 0.278262 0.230689 0.278543 0.226188 0.275496 0.224276 0.275778 0.219776 0.272733 0.217864 0.273014 0.213366 0.269969 0.211456 0.270251 0.204710 0.265683 0.202800 0.265965 0.193809 0.259879 0.191902 0.260161 0.189655 0.258640 0.189315 0.256836 0.184821 0.253794 0.179103 0.254642 0.177062 0.243820 0.184687 0.242685 0.186255 0.240597 0.185915 0.238791 0.187484 0.236702 0.189391 0.236418 0.200378 0.221774 0.202290 0.221488 0.211725 0.208916 0.211385 0.207106 0.222409 0.192414 0.224325 0.192125 0.236951 0.175302 0.236611 0.173487 0.242933 0.165062 0.242594 0.163247 0.248922 0.154813 0.248582 0.152995 0.250166 0.150885 0.249827 0.149068 0.251409 0.146957 0.250052 0.139684
0 0.336132 0.768001 0.337456 0.775074 0.339690 0.776604 0.340021 0.778371 0.342254 0.779900 0.342585 0.781669 0.344818 0.783199 0.345148 0.784966 0.349617 0.788027 0.349948 0.789795 0.352181 0.791325 0.352512 0.793092 0.356980 0.796153 0.357310 0.797921 0.361779 0.800982 0.362109 0.802749 0.375520 0.811938 0.383145 0.810997 0.388416 0.839264 0.382698 0.839963 0.362242 0.865899 0.360341 0.866129 0.350922 0.878071 0.351252 0.879830 0.349684 0.881819 0.350673 0.887096 0.324133 0.890291 0.323142 0.885021 0.316470 0.880435 0.316139 0.878679 0.313916 0.877151 0.313585 0.875393 0.311361 0.873865 0.308383 0.858044 0.309945 0.856054 0.309614 0.854296 0.311176 0.852306 0.310845 0.850546 0.312408 0.848555 0.311084 0.841516 0.308858 0.839988 0.308527 0.838227 0.306302 0.836700 0.305971 0.834940 0.303745 0.833412 0.303414 0.831652 0.301190 0.830124 0.300526 0.826603 0.298302 0.825076 0.295980 0.812747 0.297541 0.810750 0.296214 0.803701 0.297776 0.801704 0.297444 0.799942 0.299007 0.797943 0.298675 0.796180 0.300238 0.794180 0.299906 0.792416 0.301802 0.792179 0.308060 0.784175 0.307728 0.782410 0.312424 0.776400 0.311429 0.771102
0 0.264575 0.047400 0.271029 0.082104 0.263313 0.083301 0.261724 0.085425 0.259797 0.085724 0.253449 0.094211 0.254468 0.099680 0.231380 0.103247 0.230359 0.097784 0.223572 0.093213 0.223231 0.091393 0.216447 0.086825 0.214526 0.087123 0.212265 0.085600 0.211924 0.083779 0.209664 0.082257 0.207744 0.082555 0.198703 0.076468 0.196785 0.076767 0.196444 0.074947 0.189665 0.070382 0.183915 0.071280 0.181864 0.060357
0 0.108527 0.000000 0.115758 0.012674 0.108124 0.013889 0.101873 0.022378 0.099967 0.022680 0.095283 0.029043 0.096316 0.034495 0.071580 0.038411 0.070545 0.032966 0.066053 0.029938 0.064153 0.030239 0.055173 0.024185 0.053274 0.024488 0.046543 0.019948 0.044644 0.020251 0.040159 0.017226 0.032572 0.018436 0.028418 0.000000 0.036007 0.000000 0.037558 0.000000 0.036173 0.000000
0 0.317808 0.471149 0.318812 0.476529 0.323313 0.479587 0.329062 0.478794 0.333070 0.500308 0.327323 0.501095 0.325741 0.503148 0.323826 0.503410 0.322246 0.505463 0.323582 0.512626 0.302545 0.515496 0.301206 0.508340 0.289982 0.500704 0.289647 0.498915 0.287403 0.497388 0.286733 0.493809 0.284488 0.492282 0.278761 0.493070 0.278426 0.491282 0.284153 0.490493 0.285727 0.488440 0.285392 0.486651 0.286967 0.484598 0.285290 0.475645
0 0.224278 0.128669 0.225298 0.134122 0.232077 0.138692 0.241683 0.137223 0.246435 0.162663 0.238753 0.163830 0.234014 0.170150 0.235372 0.177407 0.198973 0.182914 0.197611 0.175669 0.186348 0.168062 0.184436 0.168352 0.179932 0.165311 0.178021 0.165602 0.169017 0.159521 0.161383 0.160685 0.157284 0.138949
0 0.541236 0.000000 0.543568 0.001791 0.555119 0.009501 0.563034 0.008264 0.571007 0.052677 0.563097 0.053898 0.558165 0.060355 0.558497 0.062203 0.556853 0.064355 0.554879 0.064659 0.553235 0.066809 0.549287 0.067417 0.547645 0.069566 0.541726 0.070477 0.539422 0.068935 0.535478 0.069543 0.500936 0.046438 0.500602 0.044594 0.495999 0.041516 0.490101 0.042432 0.488430 0.033211 0.494329 0.032292 0.497596 0.027987 0.496928 0.024294 0.500197 0.019986 0.499863 0.018140 0.508042 0.007359 0.507708 0.005511 0.510981 0.001195 0.509645 0.000000
0 0.360225 0.938047 0.363514 0.955590 0.357827 0.956258 0.356261 0.958232 0.354367 0.958455 0.352801 0.960430 0.350907 0.960652 0.349342 0.962627 0.347448 0.962849 0.344322 0.966794 0.342429 0.967016 0.339303 0.970961 0.337413 0.971182 0.335850 0.973153 0.333959 0.973374 0.332398 0.975345 0.330508 0.975566 0.328948 0.977536 0.329936 0.982784 0.311057 0.984982 0.310067 0.979738 0.307852 0.978211 0.305965 0.978431 0.303748 0.976903 0.294324 0.978004 0.292109 0.976478 0.284576 0.977358 0.280939 0.958140 0.301673 0.955699 0.303230 0.953727 0.307003 0.953283 0.308561 0.951311 0.310450 0.951088 0.312008 0.949115 0.311017 0.943862
0 0.778777 0.256710 0.783965 0.286208 0.775972 0.287354 0.774298 0.289482 0.760326 0.291483 0.758007 0.289928 0.756012 0.290214 0.753693 0.288660 0.745720 0.289803 0.740841 0.262194
0 0.051779 0.332428 0.055545 0.352083 0.048022 0.353173 0.046485 0.355230 0.046827 0.357016 0.042216 0.363184 0.043243 0.368536 0.041364 0.368808 0.040337 0.363456 0.038116 0.361943 0.036239 0.362214 0.031798 0.359192 0.029921 0.359464 0.021043 0.353417 0.019167 0.353690 0.016949 0.352178 0.011323 0.352995 0.008576 0.338728
0 1.000000 0.780028 1.000000 0.803594 1.000000 0.805044 0.999800 0.807096 0.987781 0.808544 0.985465 0.806976 0.981461 0.807459 0.979146 0.805890 0.977145 0.806132 0.974831 0.804563 0.966831 0.805529 0.964944 0.794676 0.970944 0.793949 0.974316 0.789845 0.973373 0.784413
0 0.185951 0.972882 0.186950 0.978100 0.191352 0.981142 0.198827 0.980266 0.204477 1.000000 0.198873 1.000000 0.192734 1.000000 0.190867 1.000000 0.175548 1.000000 0.176546 1.000000 0.157935 1.000000 0.156603 1.000000 0.145642 1.000000 0.145309 1.000000 0.138733 1.000000 0.133162 1.000000 0.129155 1.000000 0.134728 1.000000 0.136252 1.000000 0.135918 1.000000 0.137444 0.998104 0.137110 0.996369 0.138636 0.994417 0.138302 0.992682 0.139827 0.990729 0.139493 0.988994 0.141018 0.987041 0.139348 0.978361
0 0.000000 0.410877 0.000000 0.416200 0.000000 0.417708 0.000000 0.419482 0.000000 0.422498 0.000000 0.424272 0.000000 0.428797 0.000000 0.430571 0.000000 0.436608 0.000000 0.436343 0.000000 0.439362 0.000000 0.439098 0.000000 0.440607 0.001244 0.440343 0.005667 0.443363 0.006352 0.446913 0.008563 0.448423 0.009590 0.453744 0.011801 0.455255 0.012827 0.460575 0.017251 0.463598 0.022861 0.462810 0.026962 0.484087 0.019485 0.485129 0.016432 0.489192 0.014564 0.489452 0.011512 0.493513 0.009646 0.493773 0.006597 0.497832 0.004732 0.498091 0.000162 0.504176 0.000000 0.504434 0.000000 0.518612 0.000000 0.518869 0.000000 0.524938 0.000000 0.530233 0.000000 0.531514 0.000000 0.413008
0 0.590064 0.954303 0.594908 0.980827 0.583329 0.982161 0.582360 0.976861 0.577856 0.973773 0.575928 0.973996 0.571426 0.970909 0.569498 0.971132 0.562747 0.966503 0.555043 0.967397 0.553424 0.958566
0 0.547168 0.000000 0.548500 0.000000 0.550811 0.000000 0.551144 0.000000 0.555766 0.001784 0.557745 0.001474 0.560057 0.003017 0.562037 0.002707 0.564349 0.004249 0.570289 0.003320 0.577927 0.045905 0.570011 0.047129 0.560140 0.060051 0.560472 0.061899 0.557185 0.066201 0.555211 0.066505 0.551925 0.070805 0.552921 0.076341 0.539112 0.078462 0.538114 0.072929 0.519685 0.060602 0.519352 0.058758 0.517050 0.057217 0.515080 0.057521 0.505872 0.051362 0.499970 0.052276 0.493624 0.017217 0.499529 0.016293 0.510981 0.001195 0.509645 0.000000
0 0.642980 0.940900 0.646197 0.958635 0.638440 0.959534 0.636180 0.957987 0.616812 0.960233 0.613910 0.944292
0 0.097602 0.000000 0.098637 0.000000 0.103143 0.000000 0.108872 0.000000 0.115758 0.012674 0.108124 0.013889 0.101873 0.022378 0.099967 0.022680 0.095283 0.029043 0.096316 0.034495 0.069679 0.038712 0.068644 0.033267 0.064153 0.030239 0.062254 0.030541 0.053274 0.024488 0.051376 0.024789 0.044644 0.020251 0.042747 0.020553 0.036019 0.016016 0.034123 0.016319 0.029639 0.013295 0.023953 0.014203 0.021528 0.001502 0.029110 0.000287 0.035314 0.000000 0.037211 0.000000 0.040316 0.000000 0.042215 0.000000 0.045321 0.000000 0.044282 0.000000
0 0.521761 0.612859 0.522745 0.618243 0.525012 0.619784 0.525995 0.625168 0.528263 0.626708 0.528590 0.628502 0.533125 0.631586 0.533452 0.633379 0.537989 0.636462 0.538316 0.638255 0.551928 0.647509 0.555813 0.647006 0.558083 0.648548 0.565859 0.647542 0.569449 0.667278 0.559732 0.668527 0.557464 0.666984 0.549698 0.667983 0.548083 0.670024 0.534508 0.671769 0.532898 0.673809 0.498066 0.678284 0.495805 0.676744 0.493874 0.676992 0.491614 0.675454 0.490629 0.670091 0.488369 0.668553 0.486398 0.657824 0.484139 0.656286 0.483811 0.654497 0.479291 0.651420 0.473501 0.652171 0.470869 0.637862 0.476661 0.637107 0.481469 0.630981 0.483402 0.630729 0.485006 0.628685 0.486939 0.628432 0.488544 0.626389 0.490477 0.626136 0.492082 0.624091 0.490767 0.616922
0 0.740288 0.847229 0.725254 0.850048 0.711290 0.864877 0.694447 0.888100 0.686647 0.912217 0.699769 0.923776 0.726164 0.904541 0.745918 0.891095 0.750738 0.862189
0 0.272243 0.931240 0.259594 0.937700 0.253338 0.938443 0.253827 0.952252 0.278736 0.954264 0.292264 0.946718 0.286928 0.935446
0 0.613394 0.866502 0.586355 0.868738 0.586004 0.878843 0.598891 0.889378 0.614827 0.886475 0.614470 0.872418
0 0.076946 0.858781 0.098480 0.871966 0.083671 0.882672 0.065433 0.880947 0.058517 0.866978
0 0.040424 0.879069 0.096964 0.885994 0.098627 0.905547 0.087008 0.921747 0.052084 0.936773
0 0.623815 0.808702 0.592045 0.809558 0.575216 0.819693 0.585428 0.827529 0.619858 0.823338
0 0.165421 0.773267 0.199814 0.785894 0.219401 0.793418 0.207020 0.806933 0.161755 0.798638 0.146130 0.783670 0.156360 0.770422
0 0.012520 0.651309 0.049591 0.662404 0.082788 0.675043 0.072993 0.690312 0.045098 0.704917 0.018216 0.713384 0.007189 0.707848 0.000000 0.657306
0 0.660270 0.599452 0.635815 0.605723 0.595173 0.607973 0.583453 0.604398 0.599339 0.655403 0.635598 0.659916 0.685561 0.653496 0.701932 0.639111 0.692536 0.617789
0 0.582154 0.560579 0.620636 0.564694 0.641990 0.578276 0.644694 0.593295 0.623339 0.604286 0.592828 0.607256 0.578218 0.593843 0.572795 0.576151
0 0.890408 0.566222 0.870814 0.570856 0.860016 0.586733 0.881525 0.593229 0.902057 0.587460 0.917072 0.582402 0.902917 0.572864 0.890938 0.569258
0 0.998619 0.453017 0.982613 0.466666 0.981537 0.480375 0.997333 0.485563 1.000000 0.471815
0 0.797472 0.532982 0.748882 0.544598 0.740376 0.572505 0.762616 0.583996 0.773235 0.580545 0.804410 0.540329
0 0.738270 0.497499 0.731422 0.522168 0.743262 0.531936 0.772033 0.522938 0.793940 0.506565 0.780030 0.498083 0.761883 0.497422 0.753624 0.501634
0 0.713077 0.425370 0.617932 0.506514 0.652012 0.528675 0.702439 0.510580 0.745332 0.467579 0.746909 0.438345
0 0.249335 0.582599 0.236280 0.593441 0.223856 0.596109 0.237152 0.609479 0.249956 0.608789 0.257573 0.597673
0 0.142087 0.544538 0.132630 0.528660 0.104393 0.515365 0.091512 0.515118 0.069188 0.532308 0.063803 0.543119 0.072393 0.548994 0.083635 0.546454 0.092420 0.553316 0.105200 0.547544 0.117331 0.543876
0 0.148974 0.416900 0.108794 0.420557 0.066000 0.426620 0.054263 0.443475 0.061829 0.460630 0.093739 0.465269 0.133927 0.456605 0.153674 0.441653 0.161351 0.425323 0.148598 0.414918
0 0.048475 0.374313 0.031908 0.371620 0.001665 0.369895 0.000000 0.371880 0.000000 0.388453 0.000000 0.407353 0.000000 0.415861 0.000000 0.419650 0.009670 0.422460 0.028076 0.423894 0.032791 0.415120 0.041770 0.411814 0.044416 0.403323 0.046210 0.395964 0.053025 0.386865 0.053023 0.375689 0.048286 0.373324
0 0.298289 0.263185 0.245331 0.313132 0.180691 0.356291 0.232047 0.427582 0.292362 0.395573 0.349445 0.379278 0.363517 0.378307 0.373346 0.354291 0.364998 0.309139 0.334945 0.277407
0 0.155238 0.290399 0.130359 0.296104 0.147430 0.312027 0.159388 0.312328 0.165178 0.297139
0 0.114813 0.225601 0.093524 0.210311 0.064999 0.213586 0.056427 0.236409 0.074800 0.248005 0.099876 0.249388 0.117297 0.227283
0 1.000000 0.000000 1.000000 0.000000 1.000000 0.000000 0.961796 0.000000 0.910429 0.000770 0.855581 0.017765 0.800792 0.040021 0.791697 0.073246 0.808378 0.116269 0.851857 0.155263 0.883167 0.156970 0.963574 0.128065 1.000000 0.056405 1.000000 0.007115 1.000000 0.000000 1.000000 0.000000 1.000000 0.000000
0 0.535337 0.479697 0.509303 0.500690 0.519435 0.525960 0.559757 0.528730 0.568940 0.518261 0.557002 0.495236
0 0.593682 0.513898 0.599652 0.522339 0.581788 0.552431 0.565205 0.558738
1 0.643026 0.428828 0.402789 0.466110 0.533438 0.596676
