0 0.403492 0.586618 0.400690 0.615881 0.405952 0.616549 0.412346 0.623944 0.414099 0.624166 0.420493 0.631561 0.422246 0.631783 0.435033 0.646572 0.434878 0.648198 0.439672 0.653743 0.439516 0.655369 0.442713 0.659067 0.442557 0.660692 0.444156 0.662540 0.444000 0.664166 0.447196 0.667863 0.447040 0.669489 0.456630 0.680580 0.458385 0.680803 0.459983 0.682652 0.472261 0.684212 0.473858 0.686061 0.477367 0.686507 0.481186 0.683700 0.482940 0.683923 0.484849 0.682520 0.485005 0.680895 0.488825 0.678090 0.488981 0.676463 0.490890 0.675060 0.491046 0.673435 0.492955 0.672032 0.493111 0.670406 0.495021 0.669003 0.495643 0.662500 0.497554 0.661098 0.497865 0.657846 0.499774 0.656444 0.500085 0.653191 0.503905 0.650386 0.509167 0.651055 0.510101 0.641301 0.504839 0.640632 0.503240 0.638783 0.503396 0.637157 0.500200 0.633461 0.500356 0.631835 0.497158 0.628137 0.495404 0.627914 0.492208 0.624217 0.490453 0.623994 0.488856 0.622146 0.487101 0.621923 0.485503 0.620075 0.483750 0.619852 0.482151 0.618003 0.478643 0.617557 0.477045 0.615709 0.475291 0.615486 0.473693 0.613638 0.471939 0.613415 0.470340 0.611566 0.468586 0.611343 0.466989 0.609495 0.463480 0.609049 0.460284 0.605351 0.458530 0.605128 0.456931 0.603280 0.455177 0.603057 0.450383 0.597511 0.450850 0.592635
0 0.224912 0.912774 0.224445 0.917651 0.220624 0.920456 0.217116 0.920010 0.215207 0.921414 0.213453 0.921191 0.211544 0.922593 0.209790 0.922371 0.207880 0.923774 0.204372 0.923328 0.202462 0.924731 0.198954 0.924286 0.197045 0.925688 0.195291 0.925465 0.193381 0.926868 0.191628 0.926645 0.189718 0.928048 0.186210 0.927602 0.184299 0.929006 0.180791 0.928560 0.178882 0.929962 0.175375 0.929517 0.173465 0.930919 0.171711 0.930696 0.169802 0.932100 0.164539 0.931431 0.162671 0.950940 0.167934 0.951608 0.171130 0.955305 0.170975 0.956931 0.172572 0.958780 0.172417 0.960406 0.175613 0.964102 0.175458 0.965728 0.178654 0.969425 0.180408 0.969648 0.182007 0.971497 0.185514 0.971943 0.187113 0.973791 0.186646 0.978669 0.200678 0.980452 0.201301 0.973949 0.203210 0.972545 0.204964 0.972768 0.208783 0.969962 0.210537 0.970185 0.225814 0.958962 0.225970 0.957336 0.231698 0.953128 0.231854 0.951503 0.235673 0.948696 0.235829 0.947071 0.237739 0.945669 0.238050 0.942417 0.239961 0.941014 0.240116 0.939388 0.242025 0.937985 0.247287 0.938654 0.249466 0.915893
0 0.703895 0.137718 0.703428 0.142595 0.699610 0.145401 0.694348 0.144733 0.691701 0.172370 0.696964 0.173038 0.704955 0.182281 0.704799 0.183907 0.706552 0.184129 0.709749 0.187827 0.711504 0.188049 0.714700 0.191747 0.714233 0.196623 0.724757 0.197960 0.725224 0.193084 0.729043 0.190278 0.730798 0.190501 0.732707 0.189098 0.734460 0.189321 0.742099 0.183710 0.742255 0.182084 0.747984 0.177874 0.753245 0.178543 0.754491 0.165537 0.749229 0.164869 0.746033 0.161172 0.746188 0.159546 0.735001 0.146606 0.735468 0.141729
0 0.886589 0.213586 0.886122 0.218462 0.882303 0.221268 0.880548 0.221045 0.876730 0.223852 0.874975 0.223629 0.871156 0.226434 0.869403 0.226211 0.854125 0.237435 0.852371 0.237212 0.850462 0.238615 0.848708 0.238392 0.846797 0.239794 0.845044 0.239571 0.843134 0.240975 0.841380 0.240752 0.839471 0.242155 0.837717 0.241932 0.835807 0.243335 0.834053 0.243112 0.832144 0.244514 0.830390 0.244291 0.828481 0.245695 0.819710 0.244581 0.817686 0.265715 0.824702 0.266607 0.826301 0.268455 0.828055 0.268678 0.829653 0.270526 0.831407 0.270749 0.833005 0.272598 0.834759 0.272821 0.836358 0.274670 0.838111 0.274892 0.839709 0.276740 0.841464 0.276963 0.844660 0.280661 0.848168 0.281106 0.849766 0.282954 0.851520 0.283177 0.853119 0.285026 0.854873 0.285249 0.858069 0.288946 0.857602 0.293824 0.889174 0.297835 0.889641 0.292957 0.901099 0.284540 0.901877 0.276412 0.903786 0.275009 0.903942 0.273382 0.902344 0.271535 0.903278 0.261780 0.905187 0.260378 0.905498 0.257125 0.907409 0.255723 0.907564 0.254097 0.909474 0.252694 0.909630 0.251069 0.911539 0.249666 0.911695 0.248040 0.913604 0.246637 0.913759 0.245012 0.915670 0.243609 0.915825 0.241982 0.919645 0.239178 0.924906 0.239846 0.926151 0.226839 0.920890 0.226171 0.919291 0.224323 0.919914 0.217820
0 0.501838 0.375325 0.492498 0.472868 0.499514 0.473760 0.512300 0.488548 0.511833 0.493426 0.524111 0.494986 0.524734 0.488482 0.532373 0.482872 0.532684 0.479620 0.534593 0.478217 0.535060 0.473339 0.536969 0.471937 0.537592 0.465434 0.539502 0.464032 0.540125 0.457528 0.542034 0.456125 0.542345 0.452874 0.544255 0.451472 0.544722 0.446594 0.546632 0.445190 0.546788 0.443565 0.548697 0.442162 0.548853 0.440537 0.550762 0.439133 0.550918 0.437508 0.552828 0.436106 0.553139 0.432854 0.555049 0.431451 0.555205 0.429825 0.557114 0.428422 0.557270 0.426796 0.561089 0.423991 0.566351 0.424660 0.567908 0.408402 0.562646 0.407733 0.559449 0.404037 0.559605 0.402411 0.554809 0.396864 0.553056 0.396642 0.551458 0.394794 0.549704 0.394571 0.548105 0.392722 0.546351 0.392499 0.544753 0.390651 0.542999 0.390428 0.541401 0.388580 0.536139 0.387911 0.532942 0.384214 0.533409 0.379337
0 0.927149 0.383289 0.924814 0.407674 0.930076 0.408343 0.934871 0.413889 0.934715 0.415515 0.947502 0.430303 0.949255 0.430526 0.952453 0.434224 0.954206 0.434447 0.959000 0.439992 0.960755 0.440215 0.962354 0.442064 0.965861 0.442509 0.967459 0.444357 0.969213 0.444580 0.970812 0.446428 0.974320 0.446874 0.975917 0.448723 0.975450 0.453601 0.984221 0.454715 0.984688 0.449837 0.986598 0.448434 0.991859 0.449103 0.993768 0.447700 0.999031 0.448369 1.000000 0.446966 1.000000 0.447412 1.000000 0.443203 1.000000 0.441578 1.000000 0.438771 1.000000 0.439439 1.000000 0.438771 1.000000 0.436923 1.000000 0.432045 1.000000 0.430197 1.000000 0.425321 1.000000 0.421622 1.000000 0.419997 1.000000 0.416300 1.000000 0.414675 1.000000 0.409129 1.000000 0.407504 0.994776 0.400108 0.994932 0.398483 0.993333 0.396634 0.993800 0.391757
0 0.613759 0.244742 0.613292 0.249618 0.609473 0.252424 0.607719 0.252201 0.605809 0.253604 0.604055 0.253382 0.598326 0.257590 0.591311 0.256698 0.588041 0.290839 0.593303 0.291507 0.601295 0.300750 0.603049 0.300973 0.604647 0.302822 0.606400 0.303044 0.607999 0.304894 0.611507 0.305339 0.613106 0.307187 0.616613 0.307633 0.619811 0.311330 0.619344 0.316207 0.652669 0.320441 0.653135 0.315564 0.655046 0.314162 0.656799 0.314385 0.658708 0.312981 0.660463 0.313204 0.662372 0.311802 0.664126 0.312025 0.666036 0.310622 0.667790 0.310844 0.669699 0.309441 0.671454 0.309664 0.675273 0.306859 0.677026 0.307082 0.677182 0.305456 0.682911 0.301247 0.683067 0.299621 0.686886 0.296816 0.692149 0.297484 0.694328 0.274724 0.689066 0.274056 0.677878 0.261115 0.676124 0.260892 0.672927 0.257195 0.673394 0.252318
0 0.226912 0.465453 0.226445 0.470329 0.222626 0.473136 0.215610 0.472245 0.214209 0.486875 0.221225 0.487767 0.222822 0.489616 0.224577 0.489839 0.226175 0.491687 0.229684 0.492133 0.231281 0.493982 0.233036 0.494205 0.234634 0.496053 0.239895 0.496721 0.241494 0.498569 0.248510 0.499461 0.250420 0.498058 0.252173 0.498281 0.259812 0.492670 0.259968 0.491043 0.261877 0.489641 0.268894 0.490532 0.270762 0.471024
0 0.756900 0.381404 0.754098 0.410667 0.759359 0.411336 0.760958 0.413185 0.762713 0.413408 0.765908 0.417105 0.767663 0.417327 0.770859 0.421024 0.770704 0.422650 0.772301 0.424498 0.772146 0.426124 0.773745 0.427973 0.773433 0.431225 0.775032 0.433073 0.774098 0.442827 0.775696 0.444676 0.775540 0.446301 0.777139 0.448150 0.776516 0.454652 0.830889 0.461561 0.831667 0.453432 0.833576 0.452030 0.833888 0.448778 0.832290 0.446930 0.832601 0.443678 0.831003 0.441829 0.831315 0.438579 0.829716 0.436730 0.829872 0.435104 0.828273 0.433255 0.828584 0.430004 0.826986 0.428155 0.827298 0.424904 0.825699 0.423055 0.825854 0.421430 0.819461 0.414035 0.819617 0.412409 0.817863 0.412187 0.809871 0.402944 0.808118 0.402722 0.801725 0.395326 0.799971 0.395103 0.796774 0.391406 0.797241 0.386530
0 0.160988 0.634790 0.160521 0.639668 0.145244 0.650890 0.143490 0.650667 0.139672 0.653474 0.134409 0.652805 0.131919 0.678816 0.147705 0.680822 0.166800 0.666793 0.168555 0.667016 0.172374 0.664211 0.175882 0.664657 0.181611 0.660448 0.183365 0.660670 0.198642 0.649447 0.203903 0.650116 0.204837 0.640362
0 0.089480 0.454573 0.087612 0.474082 0.092874 0.474750 0.094472 0.476599 0.096226 0.476822 0.097824 0.478670 0.099578 0.478893 0.102775 0.482590 0.106282 0.483036 0.107881 0.484884 0.109636 0.485107 0.114430 0.490653 0.113963 0.495531 0.131502 0.497759 0.131970 0.492882 0.143427 0.484464 0.148689 0.485133 0.149467 0.477004 0.144206 0.476335 0.141009 0.472638 0.139256 0.472415 0.137657 0.470567 0.135902 0.470344 0.134305 0.468496 0.132551 0.468274 0.129355 0.464576 0.129822 0.459699
0 0.411796 0.870698 0.409617 0.893458 0.418386 0.894573 0.421584 0.898270 0.421117 0.903148 0.428132 0.904039 0.428599 0.899161 0.434328 0.894953 0.436082 0.895176 0.437992 0.893773 0.443253 0.894441 0.445121 0.874932
0 0.948739 0.899427 0.947026 0.917310 0.954042 0.918201 0.957239 0.921899 0.958992 0.922122 0.960591 0.923970 0.964099 0.924416 0.967296 0.928113 0.966829 0.932990 0.979107 0.934550 0.979574 0.929673 0.981483 0.928270 0.983237 0.928492 0.985571 0.904107
0 0.448948 0.111908 0.445834 0.144422 0.451096 0.145091 0.454292 0.148788 0.453981 0.152039 0.455580 0.153888 0.455424 0.155513 0.457023 0.157362 0.456867 0.158988 0.458465 0.160837 0.458310 0.162462 0.459908 0.164310 0.459597 0.167562 0.462792 0.171260 0.462637 0.172885 0.464236 0.174733 0.467744 0.175179 0.469341 0.177028 0.471096 0.177251 0.473006 0.175847 0.474760 0.176070 0.476670 0.174668 0.478423 0.174891 0.478579 0.173265 0.480489 0.171862 0.480645 0.170236 0.482554 0.168833 0.483021 0.163957 0.484930 0.162553 0.485864 0.152799 0.484266 0.150951 0.485044 0.142822 0.483447 0.140974 0.483602 0.139348 0.482003 0.137500 0.482315 0.134247 0.472725 0.123157 0.470971 0.122934 0.467774 0.119237 0.468241 0.114359
0 0.056644 0.871649 0.056177 0.876525 0.054268 0.877929 0.049006 0.877260 0.045736 0.911401 0.052752 0.912292 0.054351 0.914140 0.056105 0.914363 0.059301 0.918060 0.058834 0.922938 0.074619 0.924943 0.075086 0.920066 0.078907 0.917260 0.080660 0.917483 0.082569 0.916080 0.084324 0.916303 0.086234 0.914900 0.087987 0.915123 0.097536 0.908108 0.097692 0.906483 0.099601 0.905079 0.099757 0.903454 0.101666 0.902052 0.101821 0.900426 0.103732 0.899022 0.108993 0.899691 0.109771 0.891563 0.104510 0.890894 0.098117 0.883500 0.098739 0.876997
0 0.096952 0.376539 0.094773 0.399299 0.114066 0.401750 0.115665 0.403598 0.126188 0.404935 0.127787 0.406784 0.127320 0.411662 0.137844 0.412999 0.138311 0.408121 0.140220 0.406718 0.148989 0.407832 0.150546 0.391575 0.145285 0.390906 0.142088 0.387209 0.142555 0.382333
0 0.843501 0.886056 0.839298 0.929951 0.862100 0.932848 0.862567 0.927971 0.868295 0.923763 0.870050 0.923985 0.871959 0.922582 0.873713 0.922805 0.875622 0.921402 0.877376 0.921624 0.879286 0.920222 0.881040 0.920445 0.884859 0.917639 0.885170 0.914388 0.887080 0.912985 0.887547 0.908108 0.885948 0.906258 0.886260 0.903008 0.879866 0.895614 0.880333 0.890736
0 0.389584 0.361063 0.387249 0.385448 0.392510 0.386117 0.394109 0.387966 0.393642 0.392842 0.407674 0.394625 0.408141 0.389749 0.413869 0.385540 0.415624 0.385763 0.417534 0.384360 0.417690 0.382735 0.419599 0.381331 0.419910 0.378080 0.421820 0.376677 0.420221 0.374829 0.420533 0.371577 0.418935 0.369729 0.419402 0.364851
0 0.978066 0.481906 0.977444 0.488409 0.975535 0.489812 0.975223 0.493063 0.973313 0.494466 0.973158 0.496091 0.971247 0.497495 0.971092 0.499120 0.969182 0.500523 0.969027 0.502150 0.967118 0.503552 0.966962 0.505178 0.965052 0.506580 0.958036 0.505689 0.954923 0.538203 0.960184 0.538872 0.963382 0.542569 0.965135 0.542792 0.966733 0.544640 0.968487 0.544863 0.970086 0.546712 0.969931 0.548337 0.968020 0.549741 0.966266 0.549518 0.964357 0.550921 0.953833 0.549584 0.953210 0.556086 0.970750 0.558314 0.971217 0.553438 0.973126 0.552035 0.974881 0.552258 0.976479 0.554106 0.976012 0.558983 0.988290 0.560543 0.988757 0.555666 0.992576 0.552860 0.996084 0.553306 0.997994 0.551903 0.999748 0.552126 1.000000 0.550723 1.000000 0.550946 1.000000 0.549543 1.000000 0.549766 1.000000 0.548363 1.000000 0.548809 1.000000 0.547407 1.000000 0.547630 1.000000 0.546226 1.000000 0.546449 1.000000 0.502554 1.000000 0.502108 1.000000 0.491018 1.000000 0.486140
0 0.297870 0.336246 0.297403 0.341123 0.293582 0.343928 0.286568 0.343037 0.284657 0.344440 0.277641 0.343549 0.275618 0.364684 0.310697 0.369141 0.311320 0.362637 0.317049 0.358429 0.324064 0.359320 0.325932 0.339812
0 0.148264 0.508116 0.147018 0.521122 0.154034 0.522013 0.157231 0.525710 0.158985 0.525933 0.162182 0.529630 0.163935 0.529853 0.165533 0.531702 0.167288 0.531925 0.168887 0.533773 0.170640 0.533996 0.173837 0.537693 0.173370 0.542571 0.199679 0.545913 0.201547 0.526404 0.194532 0.525512 0.192933 0.523664 0.191180 0.523441 0.186384 0.517896 0.186851 0.513019
0 0.586152 0.162250 0.583973 0.185010 0.606775 0.187907 0.608684 0.186504 0.612192 0.186949 0.614102 0.185547 0.615855 0.185770 0.619675 0.182964 0.624937 0.183633 0.625560 0.177130 0.618543 0.176238 0.616945 0.174390 0.617101 0.172764 0.615503 0.170916 0.615970 0.166039
0 0.006315 0.266293 0.005693 0.272796 0.000000 0.288227 0.000000 0.287336 0.000000 0.314973 0.000000 0.315865 0.000000 0.317714 0.000000 0.319339 0.000000 0.321187 0.000000 0.322813 0.000000 0.326510 0.000000 0.328137 0.000000 0.335530 0.000000 0.337156 0.002197 0.346400 0.002041 0.348025 0.005238 0.351722 0.005082 0.353348 0.017867 0.368137 0.017711 0.369762 0.019466 0.369985 0.022663 0.373682 0.022196 0.378558 0.046751 0.381678 0.047218 0.376802 0.052946 0.372594 0.054701 0.372816 0.056610 0.371413 0.060119 0.371859 0.069667 0.364844 0.069822 0.363219 0.075551 0.359011 0.082567 0.359902 0.085369 0.330639 0.078353 0.329748 0.071961 0.322353 0.070206 0.322131 0.065412 0.316584 0.063657 0.316361 0.062059 0.314512 0.060305 0.314290 0.058706 0.312441 0.056953 0.312219 0.055355 0.310370 0.053601 0.310147 0.052002 0.308299 0.052469 0.303422 0.050871 0.301573 0.051494 0.295070 0.049896 0.293222 0.050052 0.291596 0.046855 0.287899 0.045100 0.287676 0.038707 0.280281 0.036953 0.280059 0.033757 0.276362 0.034380 0.269859
0 0.674245 0.206353 0.671910 0.230739 0.678926 0.231630 0.680524 0.233478 0.680057 0.238356 0.701104 0.241030 0.701571 0.236152 0.705390 0.233347 0.707145 0.233570 0.710964 0.230764 0.711120 0.229138 0.714939 0.226333 0.720200 0.227001 0.720979 0.218872 0.715717 0.218204 0.714119 0.216355 0.714586 0.211478
0 0.487640 0.301119 0.485305 0.325506 0.490566 0.326174 0.492165 0.328022 0.491698 0.332899 0.523269 0.336910 0.523892 0.330408 0.525801 0.329005 0.527556 0.329228 0.529466 0.327825 0.529777 0.324573 0.531686 0.323171 0.532309 0.316668 0.530711 0.314820 0.531490 0.306691
0 0.718541 0.337038 0.716517 0.358173 0.721780 0.358842 0.723377 0.360690 0.725131 0.360913 0.728327 0.364610 0.727860 0.369486 0.752416 0.372606 0.752883 0.367730 0.760522 0.362118 0.760833 0.358867 0.762743 0.357463 0.763366 0.350962 0.761767 0.349112 0.762390 0.342610
0 0.972647 0.204774 0.970624 0.225909 0.977640 0.226800 0.979237 0.228648 0.989761 0.229985 0.991671 0.228583 0.993426 0.228806 0.999154 0.224597 1.000000 0.225265 1.000000 0.209008
0 0.636946 0.484639 0.636323 0.491142 0.634413 0.492545 0.632659 0.492323 0.630750 0.493725 0.625488 0.493056 0.623309 0.515816 0.632078 0.516931 0.633677 0.518779 0.645955 0.520339 0.647553 0.522188 0.668600 0.524862 0.670511 0.523459 0.672264 0.523681 0.674173 0.522279 0.674329 0.520653 0.678148 0.517848 0.678304 0.516222 0.680214 0.514820 0.685475 0.515488 0.687810 0.491102
0 0.115010 0.187955 0.112675 0.212340 0.117937 0.213009 0.119535 0.214858 0.121289 0.215081 0.122887 0.216930 0.126395 0.217376 0.127994 0.219224 0.150795 0.222121 0.152705 0.220719 0.154458 0.220941 0.156369 0.219538 0.156524 0.217912 0.158433 0.216509 0.159367 0.206755 0.156171 0.203058 0.156327 0.201432 0.153130 0.197736 0.153597 0.192858
0 0.486851 0.235199 0.483893 0.266087 0.522480 0.270990 0.523103 0.264487 0.525012 0.263085 0.526767 0.263308 0.526922 0.261682 0.528832 0.260279 0.529144 0.257028 0.531053 0.255625 0.531364 0.252374 0.529766 0.250525 0.530700 0.240771
0 0.121859 0.116424 0.119524 0.140809 0.126540 0.141700 0.128139 0.143549 0.127672 0.148426 0.160997 0.152660 0.161464 0.147783 0.163374 0.146380 0.163685 0.143130 0.165594 0.141726 0.165750 0.140101 0.164152 0.138252 0.164463 0.135001 0.158069 0.127606 0.158692 0.121103
0 0.337826 0.104371 0.337359 0.109248 0.335449 0.110651 0.328433 0.109760 0.326098 0.134146 0.340129 0.135929 0.340596 0.131051 0.344416 0.128245 0.346169 0.128468 0.348079 0.127065 0.349833 0.127288 0.351743 0.125885 0.353497 0.126108 0.355406 0.124706 0.357161 0.124929 0.359070 0.123525 0.362578 0.123971 0.364487 0.122569 0.367995 0.123014 0.369905 0.121611 0.371660 0.121834 0.373569 0.120430 0.375323 0.120653 0.381052 0.116445 0.381674 0.109942
0 0.976094 0.317106 0.974381 0.334989 0.981397 0.335880 0.984594 0.339577 0.986347 0.339799 0.987946 0.341649 0.991454 0.342094 0.993052 0.343943 0.998314 0.344612 0.999913 0.346460 0.999446 0.351337 1.000000 0.351559 1.000000 0.346683 1.000000 0.345280 1.000000 0.345726 1.000000 0.344323 1.000000 0.344546 1.000000 0.341740 1.000000 0.342631 1.000000 0.323123
0 0.279977 0.597253 0.279510 0.602129 0.277601 0.603533 0.275848 0.603310 0.273938 0.604713 0.272184 0.604490 0.266455 0.608698 0.259439 0.607807 0.256948 0.633819 0.263964 0.634710 0.271956 0.643953 0.271800 0.645579 0.274996 0.649276 0.276750 0.649498 0.278348 0.651347 0.290626 0.652907 0.292537 0.651504 0.294290 0.651727 0.296199 0.650323 0.296355 0.648698 0.302084 0.644489 0.302240 0.642864 0.304150 0.641462 0.304306 0.639836 0.306215 0.638432 0.306371 0.636807 0.312099 0.632599 0.312255 0.630972 0.314165 0.629569 0.314320 0.627944 0.316229 0.626541 0.316385 0.624915 0.320204 0.622110 0.320360 0.620483 0.322270 0.619081 0.322426 0.617456 0.324336 0.616052 0.324492 0.614426 0.326401 0.613024 0.326557 0.611399 0.330376 0.608592 0.335637 0.609260 0.336104 0.604384
0 0.361021 0.140228 0.357441 0.177619 0.364457 0.178511 0.369252 0.184057 0.371006 0.184280 0.374202 0.187977 0.373735 0.192854 0.391275 0.195083 0.391742 0.190205 0.395561 0.187400 0.399069 0.187845 0.404799 0.183636 0.404954 0.182011 0.406863 0.180609 0.412125 0.181277 0.412592 0.176399 0.407330 0.175731 0.405733 0.173883 0.405888 0.172257 0.404289 0.170409 0.404445 0.168782 0.401249 0.165085 0.401404 0.163460 0.395011 0.156065 0.393257 0.155842 0.386864 0.148448 0.387331 0.143571
0 0.975305 0.251186 0.972658 0.278823 0.977921 0.279492 0.979518 0.281340 0.983026 0.281786 0.986223 0.285483 0.985756 0.290359 0.998033 0.291919 0.998500 0.287043 1.000000 0.284237 1.000000 0.284460 1.000000 0.283057 1.000000 0.283280 1.000000 0.281654 1.000000 0.280252 1.000000 0.278625 1.000000 0.277222 1.000000 0.256088
0 0.425410 0.135245 0.423697 0.153127 0.430713 0.154019 0.432311 0.155868 0.432155 0.157494 0.435352 0.161190 0.435196 0.162816 0.441590 0.170211 0.445098 0.170656 0.447007 0.169254 0.448761 0.169477 0.450671 0.168074 0.455933 0.168742 0.457646 0.150860 0.450629 0.149968 0.449031 0.148119 0.449187 0.146494 0.447589 0.144645 0.448212 0.138142
0 0.934997 0.746296 0.932039 0.777185 0.937300 0.777853 0.938899 0.779701 0.940654 0.779924 0.945448 0.785469 0.947203 0.785692 0.950398 0.789390 0.952153 0.789613 0.953752 0.791461 0.955505 0.791684 0.958702 0.795381 0.962210 0.795827 0.967004 0.801372 0.968758 0.801595 0.970356 0.803444 0.973865 0.803890 0.975463 0.805739 0.977216 0.805962 0.982012 0.811507 0.981545 0.816385 0.993822 0.817945 0.999893 0.754541
0 0.000000 0.209144 0.000000 0.228653 0.000000 0.229322 0.000000 0.234867 0.000000 0.235090 0.000000 0.242484 0.000000 0.242707 0.000000 0.248253 0.000000 0.248476 0.000000 0.250325 0.000000 0.250548 0.002144 0.254245 0.003897 0.254468 0.005496 0.256316 0.010758 0.256985 0.012356 0.258833 0.021125 0.259947 0.023036 0.258544 0.024789 0.258767 0.026699 0.257365 0.027011 0.254113 0.025412 0.252264 0.025567 0.250639 0.023970 0.248790 0.024125 0.247164 0.012938 0.234224 0.011183 0.234002 0.004790 0.226607 0.003037 0.226384 0.000000 0.220839 0.000000 0.220616 0.000000 0.216919 0.000000 0.212041
0 0.814605 0.520376 0.813671 0.530130 0.811762 0.531533 0.810828 0.541287 0.808918 0.542690 0.808451 0.547568 0.806541 0.548970 0.806074 0.553848 0.804165 0.555250 0.803853 0.558501 0.801944 0.559904 0.801788 0.561530 0.799878 0.562933 0.799723 0.564559 0.797814 0.565962 0.797502 0.569212 0.795592 0.570616 0.795436 0.572241 0.793526 0.573644 0.793371 0.575270 0.789552 0.578076 0.789397 0.579702 0.785576 0.582507 0.780315 0.581839 0.777980 0.606224 0.783241 0.606892 0.784840 0.608742 0.784373 0.613618 0.821207 0.618298 0.821674 0.613422 0.827402 0.609213 0.832665 0.609882 0.837335 0.561109 0.832072 0.560441 0.828876 0.556745 0.829343 0.551867 0.827745 0.550019 0.827901 0.548393 0.826302 0.546544 0.826613 0.543292 0.825014 0.541444 0.825170 0.539818 0.823572 0.537970 0.823728 0.536345 0.822130 0.534496 0.822286 0.532870 0.820687 0.531021 0.820843 0.529395 0.819244 0.527547 0.819867 0.521044
0 0.393030 0.473395 0.390695 0.497781 0.399464 0.498895 0.399932 0.494017 0.401842 0.492614 0.405350 0.493060 0.411079 0.488852 0.412324 0.475846
0 0.117253 0.609488 0.116008 0.622493 0.121269 0.623162 0.122868 0.625011 0.124623 0.625234 0.129417 0.630779 0.128950 0.635657 0.135966 0.636548 0.136433 0.631671 0.140252 0.628865 0.142007 0.629088 0.151554 0.622074 0.156816 0.622742 0.157594 0.614613
0 0.766863 0.277358 0.764061 0.306621 0.774585 0.307958 0.776182 0.309807 0.779691 0.310253 0.781289 0.312101 0.780822 0.316979 0.786085 0.317647 0.786552 0.312769 0.788461 0.311367 0.790215 0.311590 0.792124 0.310187 0.795632 0.310632 0.797542 0.309229 0.799296 0.309452 0.803115 0.306646 0.803271 0.305021 0.807090 0.302215 0.812351 0.302884 0.813130 0.294754 0.807868 0.294086 0.804672 0.290390 0.804828 0.288764 0.803229 0.286915 0.803696 0.282038
0 0.542003 0.512068 0.541381 0.518571 0.528014 0.528392 0.522751 0.527723 0.520883 0.547232 0.564732 0.552803 0.565355 0.546299 0.569174 0.543493 0.576190 0.544385 0.578058 0.524877 0.572796 0.524209 0.569600 0.520512 0.570067 0.515634
0 0.382901 0.505018 0.381033 0.524526 0.386295 0.525195 0.387893 0.527044 0.391401 0.527490 0.392999 0.529338 0.401769 0.530452 0.403679 0.529050 0.407187 0.529495 0.409096 0.528092 0.414358 0.528760 0.415292 0.519006 0.408277 0.518115 0.405080 0.514418 0.405703 0.507915
0 0.615670 0.521428 0.611467 0.565322 0.655317 0.570893 0.655784 0.566016 0.661512 0.561808 0.663266 0.562031 0.665176 0.560628 0.666930 0.560851 0.668839 0.559447 0.668995 0.557822 0.674723 0.553613 0.681739 0.554504 0.684074 0.530119
0 0.085711 0.000000 0.084777 0.003109 0.082867 0.004512 0.082711 0.006138 0.080801 0.007540 0.075539 0.006872 0.073360 0.029632 0.083884 0.030969 0.084351 0.026092 0.086260 0.024689 0.089768 0.025134 0.091678 0.023732 0.096939 0.024401 0.098849 0.022998 0.104112 0.023667 0.106021 0.022263 0.107774 0.022486 0.109685 0.021083 0.109840 0.019458 0.113660 0.016652 0.114282 0.010149 0.107889 0.002755 0.108512 0.000000
0 0.243786 0.177989 0.240361 0.213755 0.254393 0.215537 0.256303 0.214134 0.258057 0.214357 0.259967 0.212955 0.261720 0.213177 0.261876 0.211552 0.263786 0.210149 0.263942 0.208523 0.265851 0.207120 0.266629 0.198991 0.268538 0.197589 0.270095 0.181332
0 0.242916 0.632036 0.240581 0.656422 0.258121 0.658651 0.258588 0.653773 0.264316 0.649565 0.266071 0.649788 0.267981 0.648384 0.274996 0.649276 0.275307 0.646024 0.270046 0.645356 0.266849 0.641658 0.267472 0.635156
0 0.334142 0.235543 0.333675 0.240419 0.331765 0.241823 0.326503 0.241154 0.324594 0.242558 0.308808 0.240552 0.306899 0.241954 0.301636 0.241286 0.300235 0.255918 0.307251 0.256809 0.312045 0.262354 0.311890 0.263980 0.313644 0.264202 0.323234 0.275295 0.324988 0.275518 0.329783 0.281063 0.331536 0.281286 0.333135 0.283134 0.334888 0.283357 0.338086 0.287054 0.339840 0.287277 0.341438 0.289126 0.340971 0.294004 0.358511 0.296232 0.358978 0.291354 0.360887 0.289951 0.364395 0.290397 0.366304 0.288994 0.375075 0.290108 0.376985 0.288705 0.382246 0.289374 0.384155 0.287971 0.387663 0.288417 0.389573 0.287014 0.394836 0.287682 0.396859 0.266548 0.391597 0.265880 0.388400 0.262183 0.388867 0.257305 0.387269 0.255457 0.387580 0.252205 0.385982 0.250357 0.386761 0.242228
0 0.805764 0.835188 0.803118 0.862825 0.811887 0.863939 0.813486 0.865788 0.815240 0.866011 0.816838 0.867859 0.820346 0.868304 0.821944 0.870153 0.825453 0.870599 0.827051 0.872448 0.828804 0.872671 0.830403 0.874519 0.832157 0.874742 0.833755 0.876590 0.835509 0.876813 0.837107 0.878662 0.838862 0.878885 0.840460 0.880734 0.843968 0.881180 0.845566 0.883028 0.850828 0.883696 0.852426 0.885544 0.854180 0.885767 0.855778 0.887616 0.855311 0.892494 0.862327 0.893385 0.862794 0.888508 0.870432 0.882896 0.872187 0.883119 0.872343 0.881493 0.878072 0.877285 0.885088 0.878176 0.885866 0.870048 0.878850 0.869157 0.872456 0.861762 0.870703 0.861539 0.869105 0.859690 0.867350 0.859468 0.865751 0.857619 0.863998 0.857397 0.860802 0.853699 0.859047 0.853476 0.857449 0.851628 0.853941 0.851182 0.852343 0.849334 0.850589 0.849111 0.847393 0.845413 0.847859 0.840536
0 0.077107 0.064664 0.074772 0.089050 0.099327 0.092170 0.100573 0.079163 0.098975 0.077315 0.099130 0.075690 0.097532 0.073841 0.098154 0.067338
1 0.374081 0.967927 0.371082 0.980710 0.508026 0.848370 0.533587 0.803898 0.554283 0.791717 0.513297 0.644997
1 0.249912 0.762918 0.255537 0.852490 0.263374 0.863359 0.356157 0.728698 0.327470 0.731635
1 0.010998 0.569660 0.012129 0.576385 0.132499 0.654208 0.257685 0.607584 0.200582 0.592101
1 0.000000 0.105362 0.000000 0.438189 0.021065 0.371833 0.052946 0.372594 0.073642 0.360413 0.086812 0.334112 0.118654 0.316767 0.092302 0.295319 0.090350 0.278616 0.072925 0.256656 0.004240 0.195273 0.000000 0.153647 0.000000 0.144916 0.000000 0.139371 0.000000 0.130062 0.000000 0.126207
1 0.282872 0.122071 0.264128 0.150954 0.477146 0.243839 0.478579 0.173265 0.460064 0.162685 0.458113 0.145982 0.459981 0.126473 0.475922 0.126853 0.468667 0.091376 0.447111 0.075473 0.364166 0.051771
1 0.598691 0.624583 0.591250 0.646674 0.601306 0.652889 0.937217 0.741641 0.945168 0.732778 0.943953 0.689842 0.623983 0.601468 0.608042 0.601088
1 0.830038 0.507526 0.821268 0.506412 0.819867 0.521044 0.835934 0.575741 0.849030 0.587278 0.910773 0.609933 0.911552 0.601804
1 0.863914 0.543095 0.911552 0.601804 0.926558 0.611939 1.000000 0.604975
0 0.162826 0.671225 0.156785 0.678685 0.164932 0.686301 0.185160 0.678998 0.179545 0.663476
0 0.456008 0.687083 0.456984 0.695435 0.478343 0.694858 0.478965 0.688355
0 0.955981 0.582767 0.948810 0.583501 0.951228 0.595326 0.957466 0.604347 0.968145 0.604058 0.969079 0.594303
0 0.715097 0.780885 0.710967 0.786942 0.736426 0.836251 0.745195 0.837365 0.778946 0.818616 0.772864 0.807971 0.736145 0.783559
0 0.669214 0.722400 0.667191 0.743535 0.685042 0.742511 0.686131 0.731131
0 0.689131 0.347499 0.674454 0.350841 0.677334 0.359886 0.693204 0.363639 0.689928 0.352230
0 0.693861 0.356779 0.702261 0.353797 0.703864 0.343584 0.699478 0.337241 0.689500 0.337130 0.688061 0.345627 0.691722 0.353035
