0 0.526531 0.313021 0.527845 0.317920 0.534361 0.321655 0.534799 0.323288 0.536970 0.324534 0.543905 0.322980 0.553104 0.357278 0.546169 0.358831 0.544873 0.360852 0.543139 0.361241 0.540547 0.365284 0.538813 0.365672 0.533631 0.373758 0.531897 0.374147 0.524122 0.386276 0.518921 0.387441 0.517625 0.389462 0.507222 0.391792 0.505051 0.390548 0.491181 0.393654 0.489009 0.392410 0.487275 0.392799 0.485103 0.391553 0.483369 0.391942 0.463823 0.380738 0.463385 0.379105 0.452526 0.372880 0.450792 0.373268 0.439933 0.367044 0.432998 0.368598 0.429932 0.357166 0.435134 0.356001 0.437725 0.351958 0.439459 0.351569 0.440755 0.349547 0.442489 0.349159 0.443784 0.347138 0.445518 0.346750 0.446814 0.344728 0.450281 0.343951 0.451577 0.341929 0.453311 0.341540 0.454607 0.339519 0.456341 0.339131 0.457637 0.337109 0.459370 0.336721 0.461961 0.332678 0.460648 0.327778
0 0.377901 0.526369 0.389289 0.568832 0.384088 0.569998 0.376314 0.582127 0.376752 0.583759 0.372864 0.589825 0.373302 0.591457 0.369416 0.597522 0.369854 0.599156 0.365966 0.605220 0.366404 0.606854 0.363812 0.610896 0.364250 0.612530 0.362516 0.612918 0.359924 0.616961 0.358191 0.617349 0.355600 0.621393 0.356914 0.626293 0.320504 0.634448 0.319190 0.629548 0.314847 0.627058 0.313113 0.627446 0.308769 0.624957 0.307035 0.625345 0.304864 0.624100 0.303130 0.624488 0.300958 0.623244 0.299224 0.623632 0.297053 0.622388 0.295320 0.622776 0.293147 0.621531 0.291413 0.621919 0.289241 0.620674 0.280572 0.622616 0.276192 0.606283 0.281394 0.605118 0.282689 0.603097 0.284423 0.602709 0.285719 0.600688 0.287453 0.600300 0.288749 0.598277 0.290482 0.597889 0.291778 0.595868 0.293512 0.595480 0.296103 0.591436 0.297837 0.591047 0.300429 0.587005 0.302163 0.586617 0.311232 0.572466 0.312967 0.572077 0.315558 0.568034 0.317293 0.567646 0.319883 0.563603 0.321617 0.563214 0.322914 0.561192 0.324647 0.560804 0.328535 0.554740 0.330268 0.554351 0.331564 0.552330 0.333298 0.551942 0.334593 0.549920 0.336327 0.549532 0.338919 0.545489 0.340652 0.545100 0.341948 0.543079 0.345416 0.542302 0.348007 0.538258 0.346693 0.533359
0 0.878835 0.365689 0.886719 0.395087 0.879784 0.396640 0.877192 0.400683 0.875459 0.401072 0.871572 0.407137 0.869837 0.407525 0.867247 0.411568 0.865512 0.411957 0.862921 0.415999 0.861186 0.416387 0.858596 0.420430 0.856861 0.420819 0.855565 0.422841 0.853832 0.423229 0.851241 0.427272 0.849506 0.427661 0.846916 0.431703 0.845182 0.432092 0.843886 0.434114 0.842152 0.434502 0.839561 0.438545 0.837827 0.438934 0.835234 0.442976 0.833501 0.443364 0.830910 0.447407 0.829176 0.447795 0.827880 0.449818 0.826146 0.450206 0.824851 0.452228 0.819649 0.453393 0.817478 0.452148 0.814010 0.452924 0.811839 0.451679 0.806637 0.452844 0.804465 0.451600 0.788861 0.455095 0.780174 0.450115 0.777984 0.441949 0.779279 0.439928 0.778841 0.438294 0.785321 0.428187 0.784883 0.426554 0.786617 0.426166 0.787912 0.424144 0.787474 0.422510 0.788769 0.420489 0.790504 0.420101 0.796983 0.409993 0.798716 0.409605 0.801308 0.405562 0.803042 0.405174 0.808224 0.397087 0.809958 0.396698 0.815142 0.388613 0.818609 0.387836 0.821201 0.383793 0.819886 0.378893
0 0.729200 0.198374 0.731390 0.206539 0.733562 0.207784 0.734000 0.209417 0.736171 0.210662 0.737047 0.213929 0.739220 0.215174 0.739658 0.216807 0.744001 0.219297 0.750936 0.217743 0.759259 0.248775 0.752324 0.250328 0.751027 0.252349 0.749294 0.252737 0.747998 0.254758 0.746264 0.255147 0.735898 0.271319 0.734164 0.271708 0.730277 0.277773 0.728544 0.278161 0.727248 0.280182 0.720312 0.281735 0.719016 0.283757 0.720330 0.288658 0.719016 0.283757 0.716845 0.282512 0.708177 0.284454 0.706004 0.283209 0.697336 0.285151 0.695164 0.283906 0.693430 0.284294 0.691258 0.283050 0.689525 0.283438 0.687352 0.282193 0.685618 0.282581 0.681275 0.280093 0.679542 0.280481 0.677369 0.279235 0.675636 0.279624 0.671292 0.277134 0.666090 0.278299 0.661272 0.260333 0.666474 0.259168 0.670361 0.253104 0.672095 0.252716 0.674687 0.248673 0.674249 0.247040 0.675982 0.246652 0.678575 0.242608 0.678137 0.240975 0.682023 0.234910 0.681585 0.233277 0.682882 0.231256 0.682444 0.229622 0.685034 0.225579 0.684596 0.223947 0.685892 0.221924 0.685454 0.220291 0.689342 0.214226 0.687590 0.207694
0 0.425589 0.190201 0.427341 0.196734 0.429512 0.197979 0.429950 0.199612 0.432121 0.200856 0.432560 0.202490 0.436903 0.204980 0.437341 0.206613 0.439513 0.207858 0.439951 0.209490 0.444295 0.211981 0.444733 0.213614 0.446904 0.214859 0.447342 0.216492 0.451687 0.218982 0.456888 0.217817 0.470466 0.268445 0.463531 0.269999 0.459644 0.276064 0.457910 0.276452 0.454022 0.282518 0.452289 0.282906 0.450994 0.284927 0.449259 0.285315 0.446668 0.289358 0.444935 0.289746 0.442343 0.293790 0.437141 0.294955 0.435846 0.296977 0.433674 0.295731 0.428473 0.296896 0.426300 0.295651 0.424566 0.296040 0.415880 0.291061 0.414146 0.291449 0.407631 0.287714 0.407193 0.286081 0.402849 0.283591 0.402411 0.281958 0.398067 0.279469 0.397629 0.277835 0.395457 0.276590 0.395020 0.274958 0.384161 0.268733 0.377225 0.270286 0.369341 0.240889 0.376277 0.239335 0.377572 0.237314 0.377134 0.235680 0.378867 0.235292 0.395713 0.209011 0.395275 0.207379 0.399161 0.201314 0.397848 0.196415
0 0.189303 0.714043 0.190617 0.718942 0.194961 0.721433 0.196694 0.721045 0.198866 0.722289 0.200601 0.721900 0.202772 0.723146 0.204505 0.722758 0.208849 0.725246 0.210583 0.724858 0.212755 0.726103 0.214489 0.725715 0.216660 0.726960 0.218394 0.726572 0.220566 0.727816 0.222300 0.727428 0.224471 0.728672 0.226205 0.728284 0.228378 0.729529 0.233578 0.728364 0.238834 0.747963 0.233634 0.749128 0.228451 0.757214 0.228889 0.758847 0.225001 0.764912 0.225439 0.766544 0.222847 0.770588 0.223285 0.772221 0.220694 0.776264 0.221132 0.777898 0.219835 0.779919 0.220273 0.781552 0.218978 0.783574 0.219416 0.785208 0.215528 0.791272 0.215966 0.792905 0.210784 0.800990 0.211222 0.802624 0.202152 0.816776 0.200418 0.817164 0.199122 0.819185 0.190454 0.821127 0.188281 0.819882 0.184814 0.820659 0.180470 0.818168 0.178737 0.818557 0.174392 0.816068 0.172659 0.816456 0.168315 0.813966 0.166581 0.814354 0.164410 0.813110 0.162677 0.813498 0.160504 0.812253 0.158770 0.812641 0.156599 0.811397 0.154864 0.811785 0.150522 0.809295 0.148788 0.809684 0.146615 0.808438 0.144882 0.808827 0.140539 0.806338 0.138805 0.806726 0.134461 0.804237 0.132728 0.804625 0.130556 0.803379 0.128822 0.803768 0.126649 0.802523 0.124916 0.802911 0.120573 0.800422 0.115371 0.801587 0.111867 0.788521 0.117068 0.787355 0.120955 0.781291 0.120517 0.779658 0.123110 0.775615 0.122672 0.773982 0.123967 0.771961 0.123529 0.770327 0.124824 0.768305 0.124386 0.766672 0.126979 0.762629 0.126541 0.760995 0.129133 0.756953 0.128694 0.755319 0.129990 0.753298 0.129552 0.751665 0.143805 0.729427 0.142491 0.724528
0 0.623276 0.159772 0.625028 0.166305 0.627199 0.167549 0.627637 0.169183 0.629810 0.170428 0.630248 0.172061 0.636762 0.175795 0.637201 0.177429 0.641544 0.179918 0.641982 0.181551 0.648498 0.185286 0.648936 0.186919 0.653278 0.189409 0.653717 0.191042 0.666748 0.198511 0.671949 0.197346 0.676767 0.215311 0.671566 0.216476 0.670270 0.218498 0.668536 0.218887 0.663353 0.226973 0.661620 0.227361 0.657733 0.233426 0.655999 0.233815 0.653407 0.237858 0.651673 0.238246 0.649082 0.242288 0.647348 0.242677 0.644756 0.246720 0.643023 0.247108 0.640431 0.251152 0.638697 0.251540 0.636106 0.255584 0.634372 0.255972 0.633076 0.257993 0.631343 0.258381 0.630047 0.260402 0.628313 0.260791 0.627017 0.262813 0.628331 0.267712 0.605791 0.272760 0.604477 0.267861 0.600134 0.265372 0.598401 0.265760 0.596230 0.264515 0.594495 0.264904 0.581464 0.257434 0.581026 0.255801 0.574512 0.252067 0.574074 0.250433 0.550183 0.236740 0.544982 0.237905 0.538411 0.213407 0.543613 0.212242 0.559162 0.187983 0.560897 0.187595 0.563487 0.183552 0.565221 0.183163 0.566516 0.181141 0.568251 0.180753 0.569547 0.178732 0.571281 0.178344 0.572577 0.176322 0.571263 0.171422
0 0.417175 0.289039 0.418489 0.293938 0.422833 0.296428 0.424566 0.296040 0.428911 0.298530 0.430644 0.298142 0.432815 0.299386 0.434550 0.298998 0.436722 0.300243 0.438455 0.299855 0.444971 0.303589 0.450172 0.302424 0.454114 0.317123 0.448913 0.318288 0.447617 0.320309 0.445883 0.320698 0.444587 0.322719 0.442854 0.323107 0.441558 0.325129 0.439823 0.325518 0.437233 0.329560 0.435499 0.329949 0.427724 0.342078 0.428162 0.343711 0.424275 0.349776 0.425590 0.354676 0.399582 0.360501 0.398268 0.355601 0.393925 0.353111 0.392190 0.353500 0.383504 0.348520 0.381770 0.348909 0.351365 0.331481 0.349630 0.331869 0.338772 0.325644 0.333571 0.326809 0.331819 0.320277 0.337020 0.319112 0.342203 0.311025 0.340889 0.306126
0 0.253926 0.221726 0.255240 0.226625 0.261756 0.230360 0.263490 0.229972 0.270005 0.233707 0.271739 0.233318 0.282597 0.239542 0.284332 0.239154 0.288674 0.241644 0.293876 0.240479 0.304388 0.279676 0.297453 0.281229 0.292270 0.289315 0.290536 0.289704 0.284058 0.299812 0.284496 0.301444 0.279313 0.309531 0.279750 0.311163 0.273271 0.321272 0.273709 0.322905 0.265935 0.335035 0.266373 0.336667 0.257303 0.350818 0.255568 0.351206 0.252977 0.355250 0.251244 0.355638 0.249949 0.357659 0.246480 0.358436 0.245185 0.360458 0.233049 0.363176 0.230876 0.361931 0.227409 0.362708 0.225238 0.361463 0.223503 0.361852 0.221331 0.360607 0.219598 0.360995 0.217425 0.359750 0.215692 0.360138 0.211348 0.357648 0.209614 0.358037 0.205272 0.355547 0.203537 0.355935 0.199194 0.353446 0.197460 0.353835 0.193117 0.351345 0.191383 0.351733 0.184868 0.347998 0.183134 0.348387 0.174447 0.343407 0.172713 0.343795 0.170541 0.342551 0.170103 0.340917 0.165759 0.338428 0.160559 0.339593 0.157931 0.329793 0.164865 0.328240 0.166161 0.326219 0.165723 0.324585 0.167019 0.322564 0.168753 0.322176 0.177822 0.308025 0.179557 0.307636 0.187331 0.295507 0.186893 0.293873 0.195963 0.279723 0.197697 0.279335 0.208063 0.263162 0.207625 0.261529 0.212808 0.253442 0.212370 0.251810 0.217554 0.243724 0.217115 0.242090 0.218412 0.240069 0.217974 0.238436 0.219269 0.236414 0.217517 0.229881
0 0.338388 0.015826 0.339702 0.020726 0.352733 0.028195 0.354467 0.027807 0.360982 0.031541 0.362716 0.031152 0.371403 0.036132 0.378338 0.034579 0.388850 0.073775 0.381915 0.075329 0.361183 0.107674 0.362497 0.112573 0.324354 0.121116 0.322602 0.114583 0.318258 0.112095 0.317820 0.110461 0.291759 0.095523 0.286557 0.096688 0.283491 0.085255 0.290426 0.083702 0.291722 0.081680 0.293456 0.081292 0.294752 0.079271 0.296486 0.078883 0.299077 0.074840 0.300811 0.074451 0.303402 0.070407 0.302964 0.068774 0.304260 0.066754 0.303822 0.065120 0.305118 0.063098 0.302490 0.053298 0.303786 0.051277 0.303348 0.049645 0.304643 0.047623 0.304205 0.045989 0.311980 0.033861 0.311542 0.032227 0.314134 0.028184 0.312382 0.021651
0 0.342204 0.804449 0.343956 0.810982 0.346129 0.812228 0.346567 0.813860 0.348738 0.815105 0.349176 0.816738 0.351347 0.817984 0.351785 0.819617 0.356130 0.822106 0.356568 0.823740 0.358739 0.824984 0.359177 0.826618 0.363520 0.829107 0.363959 0.830740 0.368302 0.833230 0.368740 0.834863 0.381771 0.842332 0.388706 0.840779 0.395714 0.866910 0.390512 0.868075 0.373668 0.894355 0.371934 0.894744 0.364159 0.906873 0.364597 0.908506 0.363302 0.910528 0.364616 0.915427 0.340343 0.920864 0.339029 0.915965 0.332513 0.912230 0.332075 0.910597 0.329904 0.909353 0.329466 0.907719 0.327293 0.906474 0.323351 0.891775 0.324648 0.889753 0.324210 0.888120 0.325505 0.886099 0.325067 0.884466 0.326363 0.882444 0.324611 0.875912 0.322439 0.874667 0.322001 0.873033 0.319830 0.871788 0.319392 0.870156 0.317219 0.868910 0.316781 0.867278 0.314610 0.866032 0.313734 0.862766 0.311563 0.861521 0.308497 0.850088 0.309792 0.848067 0.308040 0.841534 0.309335 0.839513 0.308897 0.837880 0.310193 0.835858 0.309755 0.834225 0.311051 0.832203 0.310612 0.830570 0.312347 0.830181 0.317530 0.822095 0.317092 0.820462 0.320978 0.814397 0.319665 0.809498
0 0.224233 0.145274 0.232555 0.176304 0.225620 0.177858 0.224324 0.179880 0.222590 0.180268 0.217407 0.188354 0.218722 0.193254 0.197916 0.197915 0.196602 0.193014 0.190086 0.189279 0.189648 0.187647 0.183133 0.183913 0.181399 0.184301 0.179228 0.183056 0.178790 0.181422 0.176618 0.180177 0.174884 0.180566 0.166197 0.175586 0.164464 0.175975 0.164026 0.174342 0.157510 0.170607 0.152309 0.171772 0.149681 0.161973
0 0.076624 0.088308 0.085823 0.122606 0.078888 0.124159 0.073704 0.132245 0.071971 0.132633 0.068083 0.138698 0.069397 0.143597 0.046859 0.148645 0.045545 0.143746 0.041200 0.141257 0.039467 0.141645 0.030780 0.136666 0.029045 0.137054 0.022530 0.133319 0.020796 0.133707 0.016454 0.131219 0.009518 0.132772 0.004261 0.113173 0.011198 0.111619 0.012493 0.109598 0.010741 0.103065
0 0.303312 0.529226 0.304626 0.534126 0.308970 0.536615 0.314171 0.535450 0.319427 0.555049 0.314227 0.556214 0.312930 0.558235 0.311196 0.558623 0.309901 0.560644 0.311653 0.567178 0.292581 0.571450 0.290828 0.564916 0.279970 0.558692 0.279532 0.557060 0.277361 0.555814 0.276485 0.552548 0.274312 0.551302 0.269111 0.552468 0.268673 0.550835 0.273875 0.549670 0.275171 0.547648 0.274733 0.546015 0.276028 0.543994 0.273838 0.535827
0 0.193208 0.221476 0.194522 0.226376 0.201036 0.230110 0.209706 0.228168 0.215838 0.251033 0.208903 0.252586 0.205016 0.258651 0.206768 0.265184 0.173826 0.272563 0.172074 0.266030 0.161215 0.259805 0.159481 0.260194 0.155138 0.257704 0.153403 0.258092 0.144716 0.253113 0.137782 0.254666 0.132526 0.235068
0 0.468659 0.076675 0.471725 0.088107 0.482584 0.094332 0.489519 0.092778 0.500031 0.131975 0.493096 0.133529 0.489209 0.139593 0.489647 0.141226 0.488351 0.143249 0.486618 0.143637 0.485322 0.145658 0.481854 0.146435 0.480558 0.148456 0.475357 0.149621 0.473186 0.148376 0.469718 0.149153 0.437141 0.130480 0.436703 0.128847 0.432359 0.126357 0.427158 0.127522 0.424968 0.119357 0.430169 0.118192 0.432761 0.114149 0.431884 0.110881 0.434476 0.106838 0.434038 0.105205 0.440517 0.095097 0.440079 0.093464 0.442670 0.089421 0.440918 0.082889
0 0.377318 0.962790 0.381698 0.979122 0.376496 0.980288 0.375201 0.982308 0.373468 0.982697 0.372172 0.984719 0.370438 0.985107 0.369142 0.987129 0.367408 0.987518 0.364817 0.991560 0.363083 0.991948 0.360492 0.995992 0.358758 0.996380 0.357462 0.998402 0.355728 0.998790 0.354433 1.000000 0.352698 1.000000 0.351403 1.000000 0.352717 1.000000 0.335379 1.000000 0.334065 1.000000 0.331894 1.000000 0.330160 1.000000 0.327987 1.000000 0.319319 1.000000 0.317147 1.000000 0.310212 1.000000 0.305393 0.989289 0.324465 0.985017 0.325762 0.982994 0.329228 0.982218 0.330524 0.980197 0.332259 0.979808 0.333554 0.977787 0.332240 0.972887
0 0.699982 0.301871 0.706990 0.328003 0.700055 0.329556 0.698759 0.331578 0.686623 0.334297 0.684451 0.333051 0.682717 0.333440 0.680545 0.332195 0.673611 0.333748 0.667041 0.309250
0 0.048009 0.420204 0.052827 0.438170 0.045892 0.439724 0.044596 0.441745 0.045035 0.443378 0.041147 0.449442 0.042461 0.454343 0.040727 0.454731 0.039412 0.449831 0.037241 0.448585 0.035508 0.448974 0.031163 0.446485 0.029430 0.446873 0.020743 0.441894 0.019009 0.442282 0.016837 0.441037 0.011635 0.442202 0.008131 0.429137
0 0.987389 0.743039 0.992207 0.761005 0.985272 0.762558 0.983975 0.764579 0.985289 0.769479 0.973153 0.772197 0.971839 0.767298 0.967496 0.764808 0.965761 0.765196 0.961419 0.762706 0.959685 0.763095 0.956180 0.750029
0 0.947530 0.758892 0.953224 0.780124 0.942822 0.782454 0.941526 0.784475 0.931123 0.786805 0.928951 0.785561 0.925484 0.786338 0.923311 0.785093 0.921578 0.785481 0.919407 0.784235 0.912471 0.785789 0.909842 0.775990 0.915044 0.774825 0.917636 0.770783 0.916322 0.765882
0 0.000000 0.499582 0.000000 0.504482 0.000000 0.505727 0.000000 0.507360 0.000000 0.509849 0.000000 0.511483 0.000000 0.515217 0.000000 0.516850 0.000000 0.521830 0.000000 0.521442 0.002310 0.523931 0.004043 0.523543 0.006216 0.524787 0.007949 0.524399 0.012293 0.526889 0.013170 0.530156 0.015341 0.531400 0.016655 0.536299 0.018826 0.537545 0.020140 0.542444 0.024485 0.544935 0.029686 0.543770 0.034942 0.563368 0.028007 0.564921 0.025415 0.568964 0.023682 0.569352 0.021089 0.573395 0.019356 0.573783 0.016764 0.577826 0.015031 0.578215 0.011143 0.584280 0.009410 0.584668 0.000339 0.598819 0.000000 0.599207 0.000000 0.605272 0.000000 0.610171 0.000000 0.612113 0.000000 0.502689
0 0.588949 0.956939 0.595519 0.981438 0.585116 0.983768 0.583802 0.978868 0.579458 0.976378 0.577724 0.976766 0.573382 0.974277 0.571647 0.974665 0.565132 0.970931 0.558196 0.972484 0.556006 0.964318
0 0.962714 0.596210 0.966218 0.609276 0.959283 0.610829 0.955395 0.616894 0.957147 0.623428 0.939809 0.627311 0.938495 0.622411 0.936324 0.621165 0.934134 0.613000 0.935429 0.610979 0.934991 0.609345 0.936287 0.607323 0.934973 0.602424
0 0.473860 0.075510 0.475612 0.082043 0.477783 0.083287 0.478222 0.084921 0.482565 0.087411 0.484299 0.087022 0.486471 0.088268 0.488205 0.087879 0.490377 0.089123 0.495578 0.087959 0.505652 0.125522 0.498717 0.127075 0.490943 0.139204 0.491381 0.140838 0.488789 0.144881 0.487056 0.145269 0.484463 0.149313 0.485777 0.154212 0.473641 0.156930 0.472327 0.152031 0.454953 0.142072 0.454515 0.140440 0.452344 0.139194 0.450609 0.139582 0.441922 0.134603 0.436722 0.135768 0.428399 0.104738 0.433600 0.103573 0.442670 0.089421 0.440918 0.082889
0 0.635742 0.939533 0.640122 0.955865 0.633187 0.957418 0.631016 0.956174 0.613678 0.960057 0.609736 0.945358
0 1.000000 0.150788 1.000000 0.183452 1.000000 0.184617 1.000000 0.190681 1.000000 0.192315 1.000000 0.194336 1.000000 0.195970 1.000000 0.202035 1.000000 0.204365 1.000000 0.203120 1.000000 0.203897 1.000000 0.202652 1.000000 0.203040 1.000000 0.200550 1.000000 0.200938 1.000000 0.199694 0.999834 0.200082 0.993318 0.196348 0.992880 0.194714 0.988538 0.192224 0.988100 0.190592 0.985927 0.189346 0.982861 0.177915 0.984157 0.175892 0.983281 0.172626 0.984577 0.170604 0.984139 0.168971 0.985434 0.166949 0.984120 0.162050
0 0.066204 0.083717 0.067518 0.088617 0.071861 0.091107 0.077063 0.089942 0.085823 0.122606 0.078888 0.124159 0.073704 0.132245 0.071971 0.132633 0.068083 0.138698 0.069397 0.143597 0.045124 0.149034 0.043810 0.144135 0.039467 0.141645 0.037734 0.142033 0.029045 0.137054 0.027312 0.137442 0.020796 0.133707 0.019063 0.134096 0.012547 0.130362 0.010814 0.130750 0.006470 0.128260 0.001268 0.129425 0.000000 0.117993 0.005138 0.116440 0.010322 0.108353 0.012055 0.107964 0.014647 0.103922 0.016381 0.103534 0.018971 0.099491 0.017657 0.094591
0 0.499650 0.644529 0.500964 0.649428 0.503135 0.650674 0.504449 0.655574 0.506621 0.656818 0.507059 0.658451 0.511402 0.660942 0.511840 0.662574 0.516185 0.665064 0.516622 0.666697 0.529653 0.674167 0.533120 0.673390 0.535292 0.674635 0.542227 0.673081 0.547045 0.691046 0.538376 0.692988 0.536205 0.691743 0.529269 0.693297 0.527973 0.695318 0.515837 0.698036 0.514542 0.700058 0.483334 0.707048 0.481162 0.705803 0.479428 0.706191 0.477256 0.704947 0.475942 0.700047 0.473770 0.698803 0.471142 0.689003 0.468971 0.687759 0.468533 0.686125 0.464189 0.683636 0.458988 0.684800 0.455484 0.671735 0.460685 0.670570 0.464572 0.664506 0.466306 0.664117 0.467602 0.662095 0.469335 0.661707 0.470632 0.659686 0.472365 0.659298 0.473660 0.657276 0.471908 0.650743
0 0.715340 0.843538 0.702124 0.847459 0.690861 0.862462 0.677696 0.885570 0.672708 0.908766 0.685479 0.918386 0.707550 0.898084 0.724103 0.883815 0.725955 0.856522
0 0.295306 0.964502 0.284023 0.971828 0.278255 0.973120 0.279732 0.986230 0.303057 0.985804 0.315059 0.977355 0.309262 0.967133
0 0.602874 0.872570 0.578598 0.877048 0.579104 0.886533 0.591632 0.895248 0.605809 0.891113 0.604331 0.878003
0 0.107359 0.913481 0.128548 0.924095 0.115354 0.935689 0.098040 0.935727 0.090551 0.923005
0 0.074294 0.936247 0.128103 0.937635 0.131037 0.956176 0.121223 0.972774 0.089286 0.990488
0 0.607539 0.817766 0.578931 0.821294 0.564532 0.832199 0.574408 0.838626 0.605170 0.831736
0 0.184316 0.824247 0.217285 0.833181 0.236056 0.838576 0.225513 0.852457 0.182697 0.848608 0.167031 0.835797 0.175654 0.822346
0 0.032546 0.721925 0.068157 0.729308 0.100164 0.738459 0.092028 0.753720 0.066821 0.769926 0.042079 0.780267 0.031306 0.775961 0.018677 0.728871
0 0.623133 0.621320 0.601750 0.628989 0.565452 0.634240 0.554623 0.631864 0.573020 0.677662 0.605970 0.678921 0.650190 0.669016 0.663621 0.654490 0.653470 0.635643
0 0.549948 0.591634 0.584820 0.592462 0.605049 0.603291 0.608692 0.616874 0.590448 0.628641 0.563285 0.633764 0.549068 0.622549 0.542774 0.606679
0 0.948034 0.537026 0.941801 0.544182 0.947114 0.552592 0.959379 0.552724 0.966088 0.543541 0.959095 0.536469 0.954765 0.535519
0 0.824285 0.573384 0.807466 0.579070 0.799332 0.594333 0.818820 0.598607 0.836357 0.591800 0.849088 0.586068 0.835841 0.578475 0.825014 0.576102
0 0.908882 0.463238 0.896173 0.476644 0.896445 0.489062 0.910643 0.492603 0.917342 0.479582
0 0.739574 0.550118 0.697530 0.564337 0.692308 0.590465 0.713013 0.599268 0.722139 0.595304 0.746326 0.556287
0 0.684193 0.522205 0.680165 0.545186 0.691487 0.553209 0.716230 0.542868 0.734223 0.526358 0.721218 0.519671 0.705109 0.520401 0.698147 0.524839
0 0.655889 0.458467 0.577706 0.539337 0.609977 0.557068 0.653450 0.536771 0.687966 0.494481 0.686935 0.467832
0 0.248512 0.638031 0.237241 0.649197 0.225947 0.652686 0.239204 0.664115 0.250982 0.662438 0.257206 0.651444
0 0.146479 0.610966 0.136583 0.596864 0.109383 0.586637 0.097360 0.587409 0.077689 0.605256 0.073387 0.615820 0.081818 0.620651 0.092149 0.617377 0.100820 0.623113 0.112346 0.616691 0.123398 0.612298
0 0.144000 0.491526 0.106984 0.497897 0.067569 0.506726 0.057753 0.523323 0.065969 0.538764 0.096034 0.540669 0.132799 0.529553 0.150072 0.514165 0.156043 0.498429 0.143514 0.489715
0 0.047724 0.459332 0.032090 0.458034 0.003715 0.458630 0.000000 0.463018 0.000000 0.479187 0.000000 0.497209 0.000000 0.504328 0.000000 0.506144 0.014664 0.507055 0.031980 0.507017 0.035804 0.498481 0.043971 0.494732 0.045874 0.486625 0.047056 0.479640 0.052804 0.470673 0.052056 0.460281 0.047481 0.458427
0 0.270330 0.339392 0.225492 0.388795 0.169096 0.433107 0.221444 0.495298 0.274500 0.461335 0.325431 0.442249 0.338170 0.440355 0.345324 0.417633 0.334395 0.376882 0.304746 0.349923
0 0.141045 0.374111 0.118459 0.381090 0.135327 0.394592 0.146388 0.394035 0.150678 0.379633
0 0.099292 0.317224 0.078579 0.304585 0.052379 0.309493 0.045943 0.331094 0.063763 0.340543 0.087088 0.340118 0.101701 0.318605
0 0.933006 0.000000 0.913122 0.000000 0.877866 0.009398 0.836122 0.047547 0.793369 0.066723 0.747245 0.084734 0.701374 0.107489 0.696163 0.137454 0.714295 0.174672 0.755503 0.206720 0.782917 0.206339 0.850169 0.175917 0.918524 0.107807 0.950149 0.062325 0.977166 0.003475 0.980698 0.000000 0.954894 0.000000
0 0.611129 0.000000 0.584910 0.000000 0.564741 0.000817 0.561666 0.019745 0.585507 0.032644 0.612152 0.014196 0.615723 0.000918
0 0.501425 0.520904 0.479600 0.542112 0.490720 0.564581 0.527271 0.564074 0.534699 0.553769 0.522142 0.533544
0 0.556567 0.547912 0.562598 0.555200 0.548968 0.584172 0.534557 0.591241
1 0.593868 0.466600 0.380459 0.518239 0.508925 0.628662
