0 0.650829 0.372280 0.649892 0.377118 0.651105 0.379069 0.652631 0.379408 0.653843 0.381360 0.658422 0.382376 0.659636 0.384327 0.664216 0.385345 0.660768 0.403060 0.656195 0.402039 0.654358 0.403305 0.652834 0.402965 0.647332 0.406763 0.645809 0.406423 0.643977 0.407689 0.643667 0.409293 0.640005 0.411822 0.638485 0.411482 0.631172 0.416531 0.629654 0.416190 0.626004 0.418711 0.624488 0.418370 0.622663 0.419630 0.621148 0.419289 0.619325 0.420548 0.617810 0.420207 0.615989 0.421467 0.612961 0.420785 0.609322 0.423301 0.608406 0.428093 0.587262 0.423324 0.588170 0.418537 0.585757 0.414663 0.584249 0.414324 0.583042 0.412387 0.581534 0.412047 0.580328 0.410112 0.578819 0.409772 0.573994 0.402027 0.574295 0.400429 0.571883 0.396555 0.572184 0.394955 0.569771 0.391080 0.570072 0.389479 0.567657 0.385603 0.567957 0.384003 0.564336 0.378188 0.564636 0.376586 0.562221 0.372708 0.562521 0.371104 0.561314 0.369166 0.561614 0.367562 0.560405 0.365622 0.555882 0.364616 0.558279 0.351773
0 0.727888 0.232431 0.726912 0.237384 0.734279 0.249267 0.735832 0.249598 0.740743 0.257517 0.742297 0.257849 0.744751 0.261810 0.744424 0.263457 0.751788 0.275333 0.751460 0.276978 0.761273 0.292806 0.765941 0.293811 0.761661 0.315145 0.755449 0.313799 0.753570 0.315102 0.752018 0.314765 0.750139 0.316065 0.748589 0.315729 0.741084 0.320927 0.739536 0.320591 0.735790 0.323187 0.734815 0.328087 0.728629 0.326740 0.729601 0.321841 0.727156 0.317901 0.725611 0.317566 0.707269 0.288011 0.707591 0.286372 0.702697 0.278487 0.703018 0.276848 0.699348 0.270931 0.699668 0.269291 0.695996 0.263373 0.696316 0.261732 0.692644 0.255812 0.692964 0.254169 0.690515 0.250223 0.685883 0.249233 0.690680 0.224539
0 0.636777 0.102894 0.635833 0.107896 0.639525 0.113851 0.641072 0.114170 0.644764 0.120123 0.650952 0.121400 0.644003 0.157957 0.639375 0.156991 0.637518 0.158327 0.635976 0.158005 0.626710 0.164672 0.625171 0.164350 0.623321 0.165681 0.621783 0.165359 0.618084 0.168021 0.616548 0.167699 0.614702 0.169028 0.610094 0.168062 0.608249 0.169391 0.603646 0.168426 0.599962 0.171082 0.599036 0.176029 0.573030 0.170560 0.573945 0.165619 0.566607 0.153807 0.565080 0.153487 0.560187 0.145612 0.558660 0.145293 0.554991 0.139386 0.555294 0.137736 0.554071 0.135767 0.547967 0.134495 0.551296 0.116312 0.555879 0.117263 0.561379 0.113244 0.562909 0.113560 0.572092 0.106853 0.573626 0.107169 0.580989 0.101792 0.582523 0.102108 0.584367 0.100763 0.585903 0.101079 0.587747 0.099732 0.588981 0.093078
0 0.707702 0.145262 0.706730 0.150264 0.709195 0.154242 0.712309 0.154888 0.713541 0.156878 0.715099 0.157202 0.717565 0.161181 0.719123 0.161505 0.720355 0.163495 0.721914 0.163819 0.724379 0.167798 0.725938 0.168123 0.727170 0.170112 0.728730 0.170437 0.729962 0.172427 0.731522 0.172752 0.733988 0.176731 0.735548 0.177057 0.738014 0.181036 0.739574 0.181362 0.740806 0.183352 0.742367 0.183679 0.746065 0.189649 0.747626 0.189976 0.751324 0.195944 0.752886 0.196272 0.754118 0.198261 0.758807 0.199244 0.753530 0.225795 0.748852 0.224806 0.735660 0.234079 0.734681 0.239034 0.717597 0.235405 0.718569 0.230454 0.717342 0.228474 0.715790 0.228145 0.713334 0.224184 0.711783 0.223855 0.709327 0.219896 0.707776 0.219568 0.706548 0.217587 0.704997 0.217259 0.703770 0.215278 0.702219 0.214950 0.699764 0.210990 0.698214 0.210663 0.695758 0.206704 0.694209 0.206377 0.692981 0.204396 0.691431 0.204070 0.688975 0.200109 0.687427 0.199783 0.684971 0.195823 0.683424 0.195498 0.679739 0.189558 0.678191 0.189232 0.669594 0.175369 0.668048 0.175046 0.660675 0.163161 0.659130 0.162838 0.659447 0.161179 0.656989 0.157218 0.652353 0.156251 0.652986 0.152933 0.657623 0.153899 0.661351 0.151222 0.661669 0.149560 0.671004 0.142855 0.671962 0.137862
0 0.531739 0.101958 0.530838 0.106923 0.533284 0.110864 0.534809 0.111180 0.537257 0.115119 0.538781 0.115435 0.543678 0.123314 0.545203 0.123631 0.548874 0.129540 0.553453 0.130493 0.547105 0.165107 0.541017 0.163827 0.539195 0.165150 0.538894 0.166794 0.522536 0.178676 0.521019 0.178355 0.515582 0.182306 0.514068 0.181985 0.506829 0.187246 0.505316 0.186925 0.503509 0.188238 0.501998 0.187918 0.498387 0.190543 0.496876 0.190222 0.495072 0.191534 0.493562 0.191213 0.491760 0.192524 0.488743 0.191882 0.485142 0.194503 0.484264 0.199393 0.472219 0.196825 0.473092 0.191938 0.471877 0.189987 0.467364 0.189026 0.466149 0.187077 0.460136 0.185798 0.458921 0.183849 0.455916 0.183210 0.454703 0.181260 0.453200 0.180941 0.451987 0.178992 0.450485 0.178673 0.449271 0.176724 0.447770 0.176406 0.445342 0.172508 0.443841 0.172189 0.435345 0.158546 0.433845 0.158229 0.431417 0.154330 0.431702 0.152698 0.428060 0.146849 0.428346 0.145215 0.427132 0.143266 0.427417 0.141630 0.426202 0.139680 0.421704 0.138734 0.422844 0.132192 0.427345 0.133136 0.429132 0.131815 0.429704 0.128540 0.431492 0.127217 0.431779 0.125578 0.433568 0.124255 0.433855 0.122615 0.435645 0.121289 0.435932 0.119649 0.450283 0.109022 0.451791 0.109336 0.453588 0.108006 0.456606 0.108633 0.458406 0.107301 0.459915 0.107615 0.461715 0.106282 0.463226 0.106596 0.465028 0.105264 0.466539 0.105578 0.468343 0.104244 0.469854 0.104558 0.471658 0.103224 0.473171 0.103538 0.478589 0.099533 0.480104 0.099846 0.483722 0.097172 0.484604 0.092218
0 0.918429 0.286756 0.917375 0.291743 0.919848 0.295744 0.921436 0.296083 0.922673 0.298084 0.924263 0.298423 0.925499 0.300425 0.927087 0.300764 0.929561 0.304764 0.931151 0.305104 0.933624 0.309107 0.939986 0.310469 0.932922 0.343606 0.926578 0.342235 0.924642 0.343544 0.923057 0.343202 0.919188 0.345819 0.916021 0.345134 0.912157 0.347749 0.910575 0.347406 0.906716 0.350019 0.903555 0.349333 0.901628 0.350638 0.900049 0.350296 0.898122 0.351601 0.897081 0.356540 0.879741 0.352771 0.880775 0.347836 0.877083 0.341872 0.875508 0.341531 0.874277 0.339542 0.874622 0.337895 0.872160 0.333919 0.872504 0.332270 0.871273 0.330282 0.871617 0.328633 0.870386 0.326643 0.870729 0.324995 0.869498 0.323006 0.870186 0.319704 0.868954 0.317715 0.869985 0.312761 0.868753 0.310769 0.869097 0.309116 0.867864 0.307125 0.868208 0.305473 0.866975 0.303480 0.867319 0.301826 0.866086 0.299835 0.866430 0.298181 0.863964 0.294196 0.859236 0.293184 0.861638 0.281590 0.866370 0.282599 0.868293 0.281277 0.869326 0.276301
0 0.201364 0.428388 0.197103 0.454670 0.192823 0.453672 0.191146 0.454883 0.189720 0.454551 0.186372 0.456969 0.185626 0.461592 0.174238 0.458931 0.174979 0.454312 0.172629 0.450566 0.171206 0.450235 0.165327 0.440871 0.159640 0.439549 0.162837 0.419476
0 0.201844 0.606593 0.194413 0.651838 0.188775 0.650454 0.187119 0.651610 0.186873 0.653113 0.181913 0.656579 0.180933 0.662580 0.161266 0.657737 0.161994 0.653242 0.159672 0.649553 0.159914 0.648053 0.158753 0.646208 0.157350 0.645863 0.153866 0.640328 0.152463 0.639984 0.144334 0.627070 0.144575 0.625568 0.143413 0.623722 0.143895 0.620715 0.145539 0.619554 0.145780 0.618050 0.167214 0.602907 0.167946 0.598375
0 0.587031 0.290837 0.581554 0.319988 0.572462 0.317994 0.570646 0.319277 0.564592 0.317948 0.562169 0.314056 0.560656 0.313724 0.557022 0.307884 0.557322 0.306269 0.556110 0.304321 0.556711 0.301087 0.555499 0.299140 0.556401 0.294286 0.558214 0.292997 0.559720 0.284897
0 0.894331 0.826834 0.891297 0.840759 0.886696 0.839625 0.879225 0.844290 0.877694 0.843912 0.872101 0.847407 0.871099 0.852031 0.858877 0.849007 0.859874 0.844385 0.855093 0.836710 0.853567 0.836333 0.848786 0.828657 0.844209 0.827530 0.846855 0.815176
0 0.359423 0.895237 0.356254 0.912900 0.350577 0.911429 0.348895 0.912531 0.347477 0.912164 0.345797 0.913265 0.338711 0.911428 0.337033 0.912528 0.334201 0.911794 0.333047 0.909959 0.330216 0.909226 0.329061 0.907391 0.327647 0.907025 0.326493 0.905190 0.326753 0.903721 0.325598 0.901887 0.325858 0.900417 0.324703 0.898583 0.324963 0.897114 0.326638 0.896009 0.328200 0.887184
0 0.926235 0.702904 0.925203 0.707635 0.926412 0.709582 0.932626 0.711061 0.925396 0.744093 0.919200 0.742605 0.913531 0.746193 0.912506 0.750894 0.890885 0.745689 0.891901 0.740992 0.883471 0.727432 0.881929 0.727063 0.875906 0.717374 0.874364 0.717005 0.873160 0.715068 0.868538 0.713963 0.871902 0.698257 0.878074 0.699727 0.881839 0.697315 0.882854 0.692593
0 0.885586 0.626772 0.880492 0.650560 0.875848 0.649467 0.873962 0.650685 0.872415 0.650321 0.866765 0.653973 0.865220 0.653609 0.863338 0.654826 0.852532 0.652279 0.851325 0.650336 0.849783 0.649972 0.848574 0.648030 0.847032 0.647666 0.845825 0.645723 0.844284 0.645360 0.840660 0.639532 0.839119 0.639169 0.836704 0.635283 0.835163 0.634921 0.835496 0.633340 0.833080 0.629454 0.828458 0.628370 0.829123 0.625206 0.833745 0.626289 0.837495 0.623845 0.837828 0.622261 0.839705 0.621038 0.840707 0.616283
0 0.827718 0.246675 0.819936 0.284771 0.790191 0.278404 0.791525 0.271802 0.790296 0.269817 0.788732 0.269483 0.787503 0.267497 0.787836 0.265846 0.785376 0.261875 0.780688 0.260876 0.783349 0.247645 0.788042 0.248642 0.789941 0.247319 0.790275 0.245662 0.792175 0.244337 0.793178 0.239364
0 0.603174 0.888948 0.598437 0.912952 0.592566 0.911453 0.589044 0.913698 0.587578 0.913324 0.582301 0.916687 0.582008 0.918182 0.578494 0.920421 0.577615 0.924901 0.558620 0.920033 0.559781 0.914063 0.558611 0.912196 0.558901 0.910704 0.555390 0.905102 0.555680 0.903608 0.552169 0.898005 0.547791 0.896888 0.548658 0.892402 0.553039 0.893518 0.560046 0.889018 0.561510 0.889390 0.565019 0.887137 0.566482 0.887509 0.569995 0.885254 0.570872 0.880753
0 0.616473 0.201962 0.611205 0.229869 0.606616 0.228890 0.599271 0.234133 0.597744 0.233806 0.595909 0.235116 0.577613 0.231201 0.576395 0.229241 0.573349 0.228589 0.572131 0.226630 0.570608 0.226305 0.569390 0.224346 0.567868 0.224020 0.565432 0.220100 0.557828 0.218477 0.560550 0.203753 0.566640 0.205047 0.568466 0.203731 0.569990 0.204055 0.571818 0.202740 0.574867 0.203387 0.576698 0.202071 0.578223 0.202395 0.580054 0.201078 0.581276 0.194512
0 0.230841 0.645087 0.228829 0.657147 0.223166 0.655759 0.219835 0.658075 0.218421 0.657728 0.211769 0.662356 0.207532 0.661314 0.205873 0.662470 0.204461 0.662123 0.203297 0.660274 0.200476 0.659580 0.194660 0.650334 0.190431 0.649296 0.192650 0.635754
0 0.481820 0.883187 0.479017 0.898073 0.473237 0.896592 0.471513 0.897708 0.470070 0.897338 0.466626 0.899569 0.465183 0.899199 0.463463 0.900314 0.454814 0.898095 0.453651 0.896241 0.452210 0.895871 0.452486 0.894387 0.450158 0.890679 0.445839 0.889572 0.447218 0.882145 0.451540 0.883250 0.453258 0.882131 0.454366 0.876180
0 0.710547 0.466205 0.709592 0.471006 0.710802 0.472953 0.716921 0.474342 0.713092 0.493518 0.708510 0.492473 0.699294 0.498703 0.697769 0.498355 0.694089 0.500842 0.692826 0.507209 0.668501 0.501634 0.669438 0.496865 0.668232 0.494926 0.668544 0.493336 0.667337 0.491399 0.667650 0.489807 0.665236 0.485930 0.665548 0.484339 0.655893 0.468826 0.654375 0.468481 0.651960 0.464602 0.652893 0.459816 0.651686 0.457875 0.652618 0.453086
0 1.000000 0.471923 1.000000 0.489924 1.000000 0.488498 1.000000 0.491052 1.000000 0.490340 1.000000 0.491617 1.000000 0.491261 1.000000 0.496360 1.000000 0.496004 1.000000 0.498550 1.000000 0.503435 0.996661 0.502009 0.997736 0.497126 0.995280 0.493156 0.993694 0.492801 0.994053 0.491172 0.987911 0.481246 0.986326 0.480891 0.983869 0.476921 0.979115 0.475859 0.982682 0.459532
0 0.632960 0.801111 0.628436 0.823931 0.606237 0.818396 0.607132 0.813843 0.605952 0.811956 0.606250 0.810437 0.603890 0.806663 0.606277 0.794496
0 0.531539 0.814019 0.527508 0.835122 0.518749 0.832918 0.517005 0.834055 0.515546 0.833688 0.514373 0.831817 0.498348 0.827785 0.496004 0.824047 0.494549 0.823681 0.493377 0.821811 0.489014 0.820715 0.492126 0.804157
0 0.545845 0.308797 0.539583 0.342616 0.535067 0.341617 0.533266 0.342889 0.531761 0.342556 0.528161 0.345100 0.527274 0.349912 0.519766 0.348246 0.520650 0.343436 0.518236 0.339562 0.516735 0.339230 0.510700 0.329544 0.506199 0.328550 0.508840 0.314086 0.513346 0.315078 0.522341 0.308678 0.523229 0.303842
0 0.890735 0.753880 0.887018 0.771052 0.879325 0.769188 0.875578 0.771560 0.874041 0.771188 0.872169 0.772372 0.870633 0.771999 0.868762 0.773184 0.867227 0.772811 0.865358 0.773995 0.864355 0.778662 0.861287 0.777916 0.862289 0.773249 0.859889 0.769392 0.858355 0.769021 0.857156 0.767093 0.855622 0.766721 0.854422 0.764792 0.854755 0.763234 0.851155 0.757448 0.846557 0.756336 0.849217 0.743864
0 0.157350 0.645863 0.156381 0.651861 0.157541 0.653705 0.158945 0.654050 0.160106 0.655894 0.164315 0.656930 0.161646 0.673396 0.143443 0.668896 0.142285 0.667056 0.139488 0.666365 0.138330 0.664526 0.136931 0.664181 0.135773 0.662341 0.132979 0.661651 0.131820 0.659811 0.130423 0.659467 0.126948 0.653949 0.125552 0.653605 0.123234 0.649927 0.121838 0.649583 0.117204 0.642226 0.118153 0.636238
0 0.803986 0.798156 0.800086 0.816661 0.795534 0.815539 0.793694 0.816706 0.790662 0.815959 0.788824 0.817124 0.785794 0.816377 0.783957 0.817542 0.758258 0.811204 0.757068 0.809295 0.752542 0.808179 0.751351 0.806271 0.749843 0.805900 0.748653 0.803991 0.747144 0.803619 0.745954 0.801711 0.744446 0.801340 0.742067 0.797525 0.740559 0.797154 0.739370 0.795246 0.737862 0.794875 0.736673 0.792967 0.730648 0.791486 0.732858 0.780718
0 0.742770 0.724703 0.739271 0.741755 0.734738 0.740654 0.732911 0.741835 0.731960 0.746476 0.710852 0.741344 0.712108 0.735161 0.709722 0.731337 0.705205 0.730241 0.708027 0.716308
0 0.713791 0.788955 0.712851 0.793560 0.714039 0.795464 0.715542 0.795834 0.716730 0.797739 0.721238 0.798850 0.722427 0.800755 0.734460 0.803721 0.735648 0.805627 0.740166 0.806742 0.741355 0.808648 0.745874 0.809763 0.747064 0.811669 0.756112 0.813902 0.752611 0.830772 0.748093 0.829652 0.746270 0.830810 0.743260 0.830064 0.741439 0.831221 0.739935 0.830847 0.738115 0.832004 0.733606 0.830885 0.731789 0.832042 0.724281 0.830178 0.722466 0.831334 0.713470 0.829099 0.711659 0.830254 0.707165 0.829137 0.705357 0.830292 0.700867 0.829176 0.699682 0.827278 0.695194 0.826163 0.694010 0.824265 0.689525 0.823152 0.688340 0.821254 0.682365 0.819771 0.681180 0.817873 0.678195 0.817132 0.677010 0.815236 0.675518 0.814866 0.673149 0.811074 0.671657 0.810704 0.670473 0.808807 0.668981 0.808437 0.666611 0.804646 0.665120 0.804276 0.663935 0.802380 0.662444 0.802011 0.661260 0.800114 0.659770 0.799746 0.656216 0.794058 0.654725 0.793689 0.653541 0.791794 0.653846 0.790265 0.651476 0.786472 0.649987 0.786105 0.648802 0.784208 0.644335 0.783107 0.646465 0.772396
0 0.929210 0.815757 0.925788 0.831289 0.919623 0.829776 0.917742 0.830948 0.916201 0.830570 0.912442 0.832915 0.910902 0.832537 0.909025 0.833708 0.907486 0.833330 0.903734 0.835671 0.902718 0.840312 0.898111 0.839178 0.899124 0.834537 0.896728 0.830686 0.897065 0.829138 0.893471 0.823359 0.893808 0.821809 0.891409 0.817957 0.893772 0.807097
0 0.516767 0.262091 0.513813 0.278277 0.509296 0.277294 0.507497 0.278583 0.505993 0.278255 0.502397 0.280829 0.499391 0.280174 0.497595 0.281461 0.494591 0.280806 0.492796 0.282093 0.491296 0.281765 0.489504 0.283051 0.486502 0.282395 0.484711 0.283681 0.478715 0.282371 0.476927 0.283655 0.475429 0.283328 0.474221 0.281390 0.471226 0.280736 0.470018 0.278797 0.453568 0.275206 0.455291 0.265538 0.459777 0.266515 0.461562 0.265227 0.463058 0.265553 0.466630 0.262976 0.468128 0.263302 0.469915 0.262013 0.471414 0.262339 0.473202 0.261050 0.474701 0.261375 0.478283 0.258793 0.479155 0.253943
0 0.229106 0.725913 0.226356 0.742311 0.217908 0.740194 0.216253 0.741329 0.215508 0.745792 0.216253 0.741329 0.215094 0.739489 0.213688 0.739137 0.212529 0.737296 0.211123 0.736944 0.207648 0.731422 0.207895 0.729933 0.205578 0.726252 0.201361 0.725198 0.202348 0.719238
0 0.951743 0.223918 0.944967 0.255774 0.938582 0.254429 0.934682 0.257101 0.933088 0.256765 0.931140 0.258099 0.921583 0.256082 0.919639 0.257415 0.918399 0.255410 0.912036 0.254067 0.910798 0.252063 0.909207 0.251728 0.907968 0.249722 0.906379 0.249387 0.902662 0.243373 0.896307 0.242035 0.899102 0.228662 0.905465 0.229996 0.911292 0.225973 0.912884 0.226307 0.914830 0.224965 0.916424 0.225299 0.918370 0.223955 0.919781 0.217247
0 0.833413 0.627871 0.832414 0.632616 0.836038 0.638445 0.837578 0.638807 0.839993 0.642692 0.841534 0.643055 0.843949 0.646941 0.845490 0.647303 0.846698 0.649246 0.848240 0.649609 0.849448 0.651552 0.854075 0.652643 0.855282 0.654587 0.859913 0.655678 0.855887 0.674608 0.851264 0.673512 0.849389 0.674722 0.847849 0.674357 0.844104 0.676775 0.842565 0.676410 0.840693 0.677617 0.839156 0.677252 0.835417 0.679667 0.833880 0.679302 0.830145 0.681715 0.824005 0.680255 0.821598 0.676384 0.820064 0.676019 0.818859 0.674084 0.817326 0.673720 0.816122 0.671784 0.814589 0.671420 0.808569 0.661744 0.808897 0.660172 0.807694 0.658236 0.808022 0.656663 0.805614 0.652789 0.805942 0.651216 0.803533 0.647342 0.803861 0.645767 0.801451 0.641893 0.801779 0.640317 0.800575 0.638379 0.794443 0.636935 0.798047 0.619578
0 0.470018 0.278797 0.466842 0.296500 0.460865 0.295188 0.459084 0.296468 0.457591 0.296140 0.455812 0.297418 0.454319 0.297090 0.452540 0.298368 0.446574 0.297058 0.444799 0.298334 0.429910 0.295061 0.428706 0.293131 0.427219 0.292805 0.426015 0.290874 0.420069 0.289568 0.420916 0.284757 0.425376 0.285735 0.428918 0.283178 0.429202 0.281572 0.430690 0.281898 0.432464 0.280617 0.433953 0.280944 0.435727 0.279663 0.437218 0.279989 0.440768 0.277425 0.441624 0.272599
0 0.428511 0.844636 0.425772 0.859538 0.420021 0.858073 0.414894 0.861437 0.413458 0.861071 0.411750 0.862192 0.407447 0.861094 0.406283 0.859242 0.404849 0.858876 0.397869 0.847765 0.393570 0.846671 0.395459 0.836251
0 0.727973 0.888747 0.723592 0.909954 0.711651 0.906932 0.710470 0.905042 0.707488 0.904287 0.701585 0.894842 0.701895 0.893329 0.700714 0.891439 0.701334 0.888412 0.700152 0.886521 0.701082 0.881977
0 1.000000 0.702059 1.000000 0.725825 0.995371 0.724334 0.993452 0.725543 0.992393 0.730283 0.970516 0.725068 0.971917 0.718752 0.968283 0.712898 0.968633 0.711317 0.967422 0.709365 0.968472 0.704621 0.970385 0.703409 0.970736 0.701825 0.972649 0.700613 0.974053 0.694276
0 0.448968 0.498703 0.448120 0.503393 0.450502 0.507203 0.450219 0.508765 0.452600 0.512574 0.458496 0.513947 0.454531 0.535778 0.448646 0.534399 0.446893 0.535611 0.445424 0.535267 0.441922 0.537689 0.440452 0.537344 0.435207 0.540972 0.433739 0.540628 0.426757 0.545459 0.425921 0.550112 0.401057 0.544255 0.401884 0.539607 0.399513 0.535819 0.398053 0.535476 0.394497 0.529794 0.393037 0.529451 0.390666 0.525664 0.389206 0.525322 0.388021 0.523427 0.386562 0.523085 0.385377 0.521192 0.383917 0.520850 0.382731 0.518956 0.381273 0.518614 0.380088 0.516721 0.378629 0.516379 0.376259 0.512591 0.374801 0.512250 0.371245 0.506570 0.369787 0.506229 0.368602 0.504335 0.364232 0.503314 0.366948 0.487769 0.374243 0.489465 0.375976 0.488247 0.377436 0.488587 0.379169 0.487369 0.379990 0.482693
0 0.525001 0.588079 0.520929 0.609808 0.510583 0.607347 0.504644 0.597844 0.503168 0.597494 0.501980 0.595594 0.502556 0.592492 0.501368 0.590591 0.501656 0.589040 0.500467 0.587139 0.496039 0.586090 0.496902 0.581434
0 0.513880 0.777938 0.508446 0.806660 0.486586 0.801192 0.487434 0.796670 0.486261 0.794798 0.486543 0.793289 0.485370 0.791418 0.483914 0.791054 0.479221 0.783565 0.477765 0.783202 0.476592 0.781330 0.475137 0.780968 0.472790 0.777223 0.473071 0.775712 0.470724 0.771968 0.471568 0.767433
0 0.524039 0.658981 0.519696 0.682042 0.502048 0.677765 0.502908 0.673163 0.499359 0.667492 0.493483 0.666071 0.496058 0.652242
0 0.617563 0.784506 0.614562 0.799744 0.610120 0.798642 0.606562 0.800950 0.605666 0.805511 0.587938 0.801105 0.589123 0.795026 0.583222 0.785593 0.583518 0.784072 0.582338 0.782184 0.576434 0.780723 0.577615 0.774634
0 0.788893 0.436743 0.783948 0.460949 0.779314 0.459906 0.777441 0.461168 0.777113 0.462778 0.775242 0.464040 0.774586 0.467257 0.772716 0.468517 0.772061 0.471732 0.755271 0.483042 0.754297 0.487849 0.728210 0.481923 0.729174 0.477121 0.726750 0.473223 0.725218 0.472876 0.721583 0.467029 0.720051 0.466683 0.717627 0.462784 0.716096 0.462438 0.714885 0.460489 0.713353 0.460143 0.709719 0.454295 0.703597 0.452914 0.706144 0.440077 0.713804 0.441800 0.715657 0.440538 0.717190 0.440883 0.719044 0.439620 0.722112 0.440309 0.723968 0.439046 0.731647 0.440771 0.733505 0.439508 0.735042 0.439853 0.736902 0.438587 0.738440 0.438932 0.742163 0.436401 0.743703 0.436747 0.745567 0.435481 0.748647 0.436171 0.750511 0.434904 0.752053 0.435249 0.753919 0.433981 0.754895 0.429141
0 0.468638 0.626363 0.464680 0.647892 0.458825 0.646481 0.455338 0.648844 0.453876 0.648492 0.412251 0.676707 0.411976 0.678231 0.410524 0.677877 0.408799 0.679046 0.407349 0.678692 0.405625 0.679860 0.402727 0.679154 0.401004 0.680322 0.398108 0.679615 0.396387 0.680784 0.390598 0.679371 0.388880 0.680537 0.378762 0.678067 0.377589 0.676195 0.373257 0.675138 0.372083 0.673266 0.370639 0.672913 0.369466 0.671041 0.368023 0.670690 0.365676 0.666948 0.364233 0.666596 0.363058 0.664724 0.361617 0.664372 0.359269 0.660629 0.354945 0.659577 0.355747 0.655015 0.360074 0.656067 0.368637 0.650206 0.370081 0.650556 0.390708 0.636443 0.392158 0.636793 0.397332 0.633255 0.398783 0.633605 0.402238 0.631243 0.403690 0.631593 0.405419 0.630412 0.406873 0.630762 0.410332 0.628397 0.411787 0.628747 0.415249 0.626380 0.416706 0.626730 0.421907 0.623177 0.423365 0.623527 0.426837 0.621155 0.427670 0.616544
0 0.150680 0.669131 0.149958 0.673613 0.151116 0.675454 0.150875 0.676947 0.155509 0.684305 0.156908 0.684653 0.160383 0.690170 0.161784 0.690518 0.162942 0.692358 0.169947 0.694098 0.165580 0.720900 0.146023 0.716008 0.146743 0.711552 0.145588 0.709718 0.144192 0.709369 0.143035 0.707535 0.140246 0.706839 0.139090 0.705005 0.136301 0.704309 0.135145 0.702474 0.133751 0.702127 0.127973 0.692957 0.128211 0.691469 0.125899 0.687800 0.124506 0.687453 0.124743 0.685965 0.122431 0.682296 0.121038 0.681950 0.118725 0.678279 0.119673 0.672320 0.121304 0.671175 0.121541 0.669684 0.123174 0.668538 0.124124 0.662569
0 0.172096 0.536327 0.168661 0.557626 0.163011 0.556271 0.159700 0.558630 0.158969 0.563181 0.136431 0.557764 0.137154 0.553217 0.134821 0.549509 0.133414 0.549172 0.132248 0.547318 0.130841 0.546981 0.127343 0.541418 0.127583 0.539900 0.126416 0.538046 0.120794 0.536700 0.122708 0.524549
0 0.705307 0.876662 0.702825 0.888788 0.696861 0.887284 0.695062 0.888422 0.692084 0.887671 0.690286 0.888808 0.685821 0.887681 0.684640 0.885793 0.681665 0.885043 0.680485 0.883154 0.674538 0.881655 0.676991 0.869544
0 0.315083 0.877647 0.311205 0.899695 0.292868 0.894946 0.293636 0.890547 0.292483 0.888715 0.291074 0.888351 0.287614 0.882855 0.286205 0.882491 0.285051 0.880659 0.280827 0.879568 0.282610 0.869284
0 0.720204 0.956699 0.716785 0.973207 0.712326 0.972061 0.710531 0.973178 0.709045 0.972796 0.707251 0.973913 0.705767 0.973531 0.703973 0.974646 0.702490 0.974264 0.698907 0.976494 0.697984 0.980981 0.690575 0.979071 0.691803 0.973089 0.690627 0.971211 0.687665 0.970449 0.686490 0.968572 0.685010 0.968191 0.683835 0.966313 0.682354 0.965932 0.676480 0.956546 0.672042 0.955407 0.672652 0.952410 0.677091 0.953549 0.678878 0.952431 0.680101 0.946432
0 0.396185 0.823960 0.392136 0.846307 0.374963 0.841938 0.376032 0.835990 0.372543 0.830437 0.366826 0.828987 0.368959 0.817074
0 0.307641 0.472359 0.304473 0.490965 0.300138 0.489952 0.291607 0.495998 0.291345 0.497544 0.286235 0.501165 0.285974 0.502708 0.284273 0.503913 0.284012 0.505457 0.282312 0.506661 0.280872 0.506323 0.279172 0.507527 0.278912 0.509069 0.272123 0.513878 0.266376 0.512524 0.265197 0.510647 0.262326 0.509970 0.261149 0.508092 0.259713 0.507754 0.257357 0.504000 0.255922 0.503662 0.253567 0.499906 0.252132 0.499569 0.250954 0.497692 0.249520 0.497355 0.245987 0.491722 0.240253 0.490377 0.241530 0.482668 0.247267 0.484011 0.248958 0.482803 0.250394 0.483139 0.252086 0.481931 0.253522 0.482267 0.255216 0.481058 0.256653 0.481394 0.260042 0.478975 0.261480 0.479311 0.264874 0.476892 0.266313 0.477228 0.268011 0.476016 0.269451 0.476352 0.271150 0.475141 0.272591 0.475477 0.277695 0.471839 0.278737 0.465639
0 0.759082 0.676308 0.758117 0.680998 0.761716 0.686775 0.769324 0.688594 0.765455 0.707318 0.760897 0.706222 0.759057 0.707414 0.757539 0.707050 0.753862 0.709434 0.752344 0.709069 0.750507 0.710260 0.748991 0.709895 0.747155 0.711086 0.745878 0.717304 0.732254 0.714019 0.733524 0.707804 0.714383 0.677094 0.709847 0.676009 0.712053 0.665093
0 0.999770 0.373664 0.993999 0.400088 0.989218 0.399042 0.987265 0.400342 0.985673 0.399993 0.983721 0.401291 0.982129 0.400943 0.978232 0.403539 0.977159 0.408474 0.967624 0.406381 0.968692 0.401448 0.964994 0.395469 0.963406 0.395121 0.960939 0.391133 0.961295 0.389487 0.960062 0.387494 0.958474 0.387147 0.952309 0.377177 0.947547 0.376139 0.950380 0.362944
0 0.800935 0.751825 0.796378 0.773536 0.787260 0.771313 0.785418 0.772489 0.776314 0.770269 0.775119 0.768353 0.767539 0.766505 0.770432 0.752573 0.774985 0.753679 0.778666 0.751316 0.779636 0.746662
0 0.696070 0.829586 0.693281 0.843301 0.685817 0.841439 0.680419 0.844885 0.679496 0.849444 0.670561 0.847209 0.671480 0.842652 0.670298 0.840759 0.664345 0.839272 0.667712 0.822534
0 0.468227 0.561700 0.462840 0.591149 0.458435 0.590102 0.454935 0.592497 0.453469 0.592149 0.449973 0.594540 0.448849 0.600715 0.426903 0.595484 0.428016 0.589315 0.426832 0.587424 0.425370 0.587076 0.421820 0.581403 0.420359 0.581056 0.416808 0.575384 0.412427 0.574344 0.414364 0.563527 0.420211 0.564910 0.427177 0.560102 0.428642 0.560448 0.430385 0.559245 0.431502 0.553044
0 0.382550 0.528603 0.378730 0.550269 0.372910 0.548893 0.369460 0.551295 0.368006 0.550951 0.366283 0.552151 0.364830 0.551808 0.363107 0.553006 0.350051 0.549916 0.348869 0.548031 0.347419 0.547688 0.345058 0.543918 0.343609 0.543575 0.343877 0.542033 0.340333 0.536377 0.340868 0.533290 0.339687 0.531404 0.335340 0.530380 0.335607 0.528835 0.339955 0.529859 0.341672 0.528656 0.342208 0.525565 0.343926 0.524361 0.344732 0.519720
0 0.521930 0.735389 0.516175 0.765808 0.510319 0.764359 0.508570 0.765514 0.507107 0.765152 0.503612 0.767459 0.502471 0.773520 0.483500 0.768812 0.484349 0.764271 0.483174 0.762395 0.481716 0.762033 0.478190 0.756407 0.476732 0.756046 0.475558 0.754170 0.475840 0.752655 0.473489 0.748903 0.472032 0.748543 0.470856 0.746667 0.471138 0.745150 0.468786 0.741397 0.469912 0.735326 0.476874 0.730686 0.478005 0.724602
0 0.253315 0.756830 0.248521 0.785065 0.244294 0.783997 0.239316 0.787374 0.239066 0.788855 0.237408 0.789979 0.237157 0.791460 0.230535 0.795953 0.222109 0.793814 0.219800 0.790145 0.218396 0.789789 0.217240 0.787955 0.215838 0.787599 0.214683 0.785765 0.189472 0.779377 0.188319 0.777545 0.186921 0.777190 0.185767 0.775358 0.184369 0.775004 0.183215 0.773173 0.183459 0.771695 0.181150 0.768032 0.176958 0.766972 0.177930 0.761056 0.182125 0.762115 0.188698 0.757603 0.190099 0.757956 0.191744 0.756828 0.193144 0.757181 0.194791 0.756052 0.196193 0.756405 0.197840 0.755275 0.200644 0.755981 0.202294 0.754850 0.203696 0.755203 0.205347 0.754073 0.208153 0.754779 0.211458 0.752516 0.212449 0.746573
0 0.935390 0.455849 0.930491 0.478629 0.925770 0.477570 0.912336 0.486457 0.910767 0.486104 0.908851 0.487371 0.905714 0.486665 0.901888 0.489198 0.900853 0.494053 0.880511 0.489465 0.881538 0.484615 0.877875 0.478705 0.876311 0.478353 0.875091 0.476384 0.873528 0.476033 0.868642 0.468153 0.862395 0.466751 0.864096 0.458651 0.870347 0.460051 0.874159 0.457508 0.875723 0.457858 0.877630 0.456586 0.879195 0.456936 0.883012 0.454389 0.884579 0.454739 0.886489 0.453465 0.888056 0.453815 0.891881 0.451265 0.892915 0.446386
0 0.844005 0.820980 0.840702 0.836404 0.833085 0.834523 0.829385 0.836851 0.828400 0.841467 0.810168 0.836956 0.811145 0.832343 0.809952 0.830431 0.805399 0.829306 0.808980 0.812366
0 0.590351 0.732946 0.584116 0.765058 0.576728 0.763238 0.573187 0.765559 0.567284 0.764104 0.566104 0.762216 0.561682 0.761126 0.556959 0.753576 0.555485 0.753214 0.547219 0.740000 0.541329 0.738554 0.544533 0.721748
0 0.844614 0.937381 0.841989 0.949535 0.835933 0.947999 0.834094 0.949133 0.832581 0.948749 0.825231 0.953278 0.823720 0.952894 0.821885 0.954024 0.818866 0.953257 0.817033 0.954388 0.815524 0.954004 0.814339 0.952106 0.812831 0.951722 0.811647 0.949825 0.805617 0.948292 0.807879 0.937685 0.813915 0.939215 0.815749 0.938081 0.817258 0.938464 0.820931 0.936193 0.821907 0.931637
0 0.870353 0.788300 0.866340 0.806920 0.860214 0.805421 0.856488 0.807769 0.854958 0.807394 0.853097 0.808568 0.851567 0.808193 0.849708 0.809365 0.848713 0.814005 0.838026 0.811382 0.839016 0.806744 0.837821 0.804824 0.836295 0.804450 0.835099 0.802529 0.833574 0.802155 0.829985 0.796394 0.825409 0.795274 0.829028 0.778234
0 0.574105 0.919297 0.573228 0.923777 0.575568 0.927510 0.577031 0.927885 0.581711 0.935354 0.587564 0.936857 0.582873 0.960680 0.577032 0.959171 0.575280 0.960279 0.573821 0.959902 0.570321 0.962118 0.569449 0.966570 0.531637 0.956778 0.532781 0.950851 0.528118 0.943419 0.528404 0.941935 0.527239 0.940077 0.527525 0.938592 0.526358 0.936733 0.526644 0.935248 0.525478 0.933390 0.528336 0.918521 0.530076 0.917405 0.530362 0.915916 0.533845 0.913683 0.534706 0.909211
0 0.690988 0.508450 0.684697 0.540181 0.678627 0.538777 0.671313 0.543700 0.670377 0.548440 0.649203 0.543527 0.650130 0.538792 0.648928 0.536862 0.649237 0.535283 0.645630 0.529494 0.645939 0.527913 0.644736 0.525982 0.638694 0.524586 0.642394 0.505591 0.648445 0.506982 0.650268 0.505744 0.651508 0.499397
0 0.570676 0.394617 0.568572 0.405804 0.570984 0.409674 0.577011 0.411030 0.573399 0.430167 0.568885 0.429146 0.556275 0.437897 0.555380 0.442662 0.540392 0.439258 0.541577 0.432907 0.539172 0.429052 0.537674 0.428713 0.535270 0.424857 0.535566 0.423267 0.533161 0.419410 0.531663 0.419072 0.530461 0.417143 0.530756 0.415553 0.529554 0.413624 0.531029 0.405666 0.532822 0.404411 0.533414 0.401224 0.535209 0.399968 0.535801 0.396779 0.537598 0.395521 0.539081 0.387539
0 0.717206 0.400493 0.716244 0.405337 0.718676 0.409251 0.729438 0.411650 0.725253 0.432610 0.719112 0.431233 0.711697 0.436290 0.710164 0.435946 0.708314 0.437208 0.706782 0.436864 0.704932 0.438127 0.703401 0.437783 0.701552 0.439044 0.681682 0.434574 0.680470 0.432627 0.678943 0.432284 0.677733 0.430336 0.676206 0.429993 0.673783 0.426098 0.672258 0.425756 0.671047 0.423808 0.669522 0.423465 0.664676 0.415675 0.660103 0.414650 0.661668 0.406616 0.667769 0.407979 0.671452 0.405446 0.671766 0.403836 0.673608 0.402567 0.675136 0.402908 0.680669 0.399098 0.681933 0.392649
0 0.376759 0.629888 0.375135 0.639054 0.369349 0.637655 0.367633 0.638831 0.366555 0.644932 0.342031 0.638989 0.343363 0.631371 0.341013 0.627625 0.336691 0.626580 0.337754 0.620478
0 0.433706 0.914395 0.429606 0.936536 0.415295 0.932825 0.416108 0.928405 0.413790 0.924716 0.412360 0.924346 0.410042 0.920658 0.410312 0.919183 0.409153 0.917338 0.404864 0.916230 0.406485 0.907375
0 0.574918 0.521365 0.569544 0.549639 0.563570 0.548244 0.556417 0.553114 0.554925 0.552765 0.551354 0.555197 0.549865 0.554849 0.548081 0.556065 0.546592 0.555716 0.544808 0.556930 0.538859 0.555536 0.539152 0.553974 0.537958 0.552062 0.538252 0.550498 0.533477 0.542850 0.533770 0.541285 0.531382 0.537461 0.534022 0.523357 0.537589 0.520910 0.539061 0.513057
0 0.582036 0.807592 0.580561 0.815172 0.574671 0.813702 0.572905 0.814849 0.569962 0.814114 0.568198 0.815261 0.566728 0.814893 0.564965 0.816040 0.563496 0.815673 0.561733 0.816819 0.560265 0.816452 0.558504 0.817597 0.557035 0.817229 0.553517 0.819518 0.552644 0.824051 0.526287 0.817448 0.528590 0.805369 0.532982 0.806466 0.536489 0.804174 0.537935 0.796608
0 0.880924 0.678884 0.877206 0.696213 0.872576 0.695111 0.866939 0.698727 0.865398 0.698359 0.861644 0.700767 0.860638 0.705477 0.828369 0.697773 0.829362 0.693068 0.826955 0.689199 0.822353 0.688103 0.823674 0.681825 0.829814 0.683286 0.831680 0.682080 0.833216 0.682446 0.835085 0.681239 0.836622 0.681604 0.838491 0.680397 0.840028 0.680762 0.841899 0.679556 0.843438 0.679921 0.849055 0.676297 0.850058 0.671572
0 0.201844 0.606593 0.194660 0.650334 0.190431 0.649296 0.185465 0.652767 0.185220 0.654270 0.181913 0.656579 0.180933 0.662580 0.161266 0.657737 0.161994 0.653242 0.156189 0.644018 0.154786 0.643674 0.146656 0.630760 0.145254 0.630417 0.144093 0.628572 0.144334 0.627070 0.142010 0.623379 0.142251 0.621875 0.143895 0.620715 0.144136 0.619212 0.165561 0.604074 0.166537 0.598034
0 0.396852 0.886322 0.391475 0.915855 0.385771 0.914379 0.384078 0.915483 0.381229 0.914746 0.379537 0.915849 0.365307 0.912166 0.364150 0.910326 0.362729 0.909959 0.361573 0.908120 0.361837 0.906649 0.358366 0.901129 0.358630 0.899657 0.354001 0.892296 0.349739 0.891197 0.352638 0.874969
0 0.723085 0.758907 0.719622 0.775857 0.713606 0.774383 0.709974 0.776721 0.708472 0.776353 0.706656 0.777522 0.700651 0.776049 0.699462 0.774143 0.697962 0.773775 0.696773 0.771871 0.695273 0.771503 0.692895 0.767693 0.693206 0.766155 0.690827 0.762345 0.686329 0.761245 0.686639 0.759706 0.691138 0.760806 0.692949 0.759635 0.694505 0.751934
0 0.690091 0.828099 0.685458 0.850936 0.663122 0.845349 0.667712 0.822534
0 0.576139 0.774269 0.572310 0.794037 0.566419 0.792574 0.561125 0.796029 0.560248 0.800578 0.551432 0.798383 0.552306 0.793836 0.548772 0.788191 0.547303 0.787826 0.544948 0.784062 0.539077 0.782605 0.542269 0.765900
0 0.530649 0.914427 0.527501 0.930792 0.514440 0.927429 0.513274 0.925571 0.506027 0.923706 0.508861 0.908841
0 0.540661 0.701573 0.539204 0.709236 0.534784 0.708159 0.533020 0.709330 0.531547 0.708971 0.517471 0.718331 0.516002 0.717972 0.512491 0.720307 0.511024 0.719948 0.509269 0.721114 0.507803 0.720755 0.506049 0.721922 0.494329 0.719051 0.493150 0.717167 0.491686 0.716809 0.490507 0.714926 0.489044 0.714568 0.487865 0.712685 0.486402 0.712327 0.485222 0.710444 0.483760 0.710086 0.482581 0.708204 0.481119 0.707846 0.477581 0.702197 0.476120 0.701840 0.474941 0.699958 0.473479 0.699601 0.472300 0.697718 0.470839 0.697361 0.468481 0.693596 0.464099 0.692528 0.465789 0.683364
0 0.360879 0.651500 0.358197 0.666709 0.352434 0.665304 0.350726 0.666471 0.349287 0.666120 0.344172 0.669620 0.341295 0.668918 0.339592 0.670083 0.336718 0.669381 0.335017 0.670546 0.334223 0.675093 0.325612 0.672986 0.326403 0.668441 0.324061 0.664710 0.322627 0.664359 0.320284 0.660627 0.321073 0.656078 0.319902 0.654211 0.321600 0.653042 0.321863 0.651525 0.326963 0.648017 0.327756 0.643457
0 0.576139 0.774269 0.572310 0.794037 0.566419 0.792574 0.559363 0.797179 0.554954 0.796082 0.553775 0.794201 0.552306 0.793836 0.548772 0.788191 0.547303 0.787826 0.544948 0.784062 0.539077 0.782605 0.542269 0.765900
0 0.961714 0.698022 0.958224 0.713832 0.951990 0.712349 0.948180 0.714764 0.947139 0.719495 0.920725 0.713199 0.925884 0.689535
0 0.803769 0.791605 0.802792 0.796240 0.803986 0.798156 0.810068 0.799647 0.806809 0.815075 0.802253 0.813954 0.800410 0.815120 0.798893 0.814747 0.797051 0.815913 0.794018 0.815166 0.792179 0.816333 0.790662 0.815959 0.788824 0.817124 0.766129 0.811528 0.764298 0.812694 0.762788 0.812321 0.761597 0.810411 0.755558 0.808923 0.754368 0.807015 0.751351 0.806271 0.750161 0.804362 0.747144 0.803619 0.744764 0.799803 0.743257 0.799432 0.742067 0.797525 0.740559 0.797154 0.739370 0.795246 0.737862 0.794875 0.734291 0.789152 0.732785 0.788782 0.733101 0.787243 0.731911 0.785334 0.732542 0.782257 0.734366 0.781087 0.735632 0.774926
0 0.510967 0.630056 0.508371 0.643942 0.503952 0.642881 0.502193 0.644067 0.499249 0.643360 0.495734 0.645733 0.494875 0.650350 0.487527 0.648581 0.488384 0.643965 0.487200 0.642073 0.485732 0.641720 0.483363 0.637936 0.481895 0.637583 0.479527 0.633798 0.475123 0.632741 0.477112 0.621956
0 0.685150 0.852456 0.682070 0.867635 0.676117 0.866139 0.674323 0.867281 0.672835 0.866907 0.671041 0.868048 0.670123 0.872591 0.668638 0.872217 0.669555 0.867675 0.668374 0.865786 0.666889 0.865413 0.665708 0.863525 0.664222 0.863151 0.660681 0.857487 0.661291 0.854454 0.660110 0.852565 0.655653 0.851448 0.656871 0.845380
0 0.827138 0.718853 0.823510 0.736025 0.817395 0.734550 0.815539 0.735739 0.814555 0.740412 0.791679 0.734887 0.792980 0.728662 0.790583 0.724812 0.790908 0.723255 0.789710 0.721331 0.791558 0.720139 0.793511 0.710781
0 0.643264 0.905444 0.639949 0.921969 0.631099 0.919712 0.629325 0.920836 0.628427 0.925332 0.626955 0.924956 0.627852 0.920460 0.625504 0.916708 0.618141 0.914831 0.621126 0.899820
0 0.489004 0.303036 0.487840 0.309468 0.489047 0.311405 0.490546 0.311735 0.491752 0.313671 0.493251 0.314001 0.494458 0.315938 0.495956 0.316268 0.497164 0.318205 0.498664 0.318535 0.499870 0.320473 0.501369 0.320803 0.502577 0.322740 0.504077 0.323070 0.505284 0.325007 0.511287 0.326332 0.507765 0.345583 0.503270 0.344586 0.501479 0.345856 0.499981 0.345523 0.492831 0.350594 0.491958 0.355390 0.472547 0.351068 0.473412 0.346276 0.471005 0.342416 0.469513 0.342085 0.459884 0.326645 0.460171 0.325045 0.454150 0.315390 0.454436 0.313787 0.453232 0.311857 0.453518 0.310254 0.452313 0.308322 0.447842 0.307337 0.450130 0.294502
0 0.673262 0.629691 0.667990 0.656217 0.661974 0.654782 0.642086 0.667932 0.640587 0.667573 0.636982 0.669957 0.635485 0.669598 0.631883 0.671981 0.630970 0.676628 0.616031 0.673038 0.617240 0.666844 0.616050 0.664937 0.616352 0.663387 0.611587 0.655754 0.611889 0.654204 0.609506 0.650386 0.608014 0.650030 0.605630 0.646212 0.604138 0.645856 0.601755 0.642039 0.600262 0.641682 0.597880 0.637865 0.598180 0.636312 0.599972 0.635114 0.600273 0.633561 0.603862 0.631162 0.605355 0.631518 0.607151 0.630318 0.610140 0.631029 0.611938 0.629830 0.613433 0.630185 0.615233 0.628984 0.616728 0.629340 0.620329 0.626936 0.621826 0.627292 0.623628 0.626089 0.625126 0.626445 0.626929 0.625242 0.628148 0.619004
0 0.678718 0.728676 0.675934 0.742557 0.669942 0.741096 0.668137 0.742271 0.666640 0.741906 0.664835 0.743080 0.663339 0.742715 0.659734 0.745064 0.658239 0.744699 0.656438 0.745872 0.654944 0.745507 0.651345 0.747852 0.650429 0.752461 0.638497 0.749541 0.639408 0.744934 0.635847 0.739233 0.634356 0.738869 0.628420 0.729366 0.626931 0.729003 0.627233 0.727464 0.623670 0.721761 0.619202 0.720675 0.620409 0.714518
0 0.187797 0.457302 0.187050 0.461924 0.189402 0.465671 0.195104 0.467004 0.192609 0.482391 0.186915 0.481054 0.181904 0.484660 0.181656 0.486195 0.179987 0.487395 0.179739 0.488929 0.178071 0.490129 0.177330 0.494729 0.178503 0.496596 0.178009 0.499660 0.168020 0.506831 0.166793 0.514473 0.142753 0.508772 0.143480 0.504192 0.142310 0.502331 0.142552 0.500803 0.139041 0.495217 0.126340 0.492215 0.125170 0.490354 0.122351 0.489688 0.117672 0.482246 0.112036 0.480917 0.115624 0.457962 0.124094 0.459947 0.125748 0.458744 0.131401 0.460069 0.133057 0.458866 0.134471 0.459197 0.136129 0.457993 0.137544 0.458324 0.139201 0.457120 0.140617 0.457451 0.142277 0.456247 0.143693 0.456578 0.145353 0.455372 0.146770 0.455703 0.148431 0.454498 0.149407 0.448345
0 0.823722 0.848400 0.822740 0.853007 0.826315 0.858743 0.825987 0.860278 0.827178 0.862189 0.828698 0.862567 0.829890 0.864478 0.834449 0.865612 0.831824 0.877874 0.804535 0.871064 0.803346 0.869157 0.798806 0.868024 0.797617 0.866117 0.796104 0.865740 0.794915 0.863834 0.793403 0.863457 0.792215 0.861550 0.789191 0.860796 0.785623 0.855077 0.785945 0.853546 0.784756 0.851640 0.785078 0.850109 0.786589 0.850485 0.788423 0.849328 0.789936 0.849704 0.795445 0.846233 0.796416 0.841631
0 0.486008 0.302378 0.485136 0.307202 0.487549 0.311075 0.489047 0.311405 0.490255 0.313341 0.491752 0.313671 0.492960 0.315608 0.495956 0.316268 0.498371 0.320142 0.499870 0.320473 0.501077 0.322409 0.502577 0.322740 0.503784 0.324676 0.505284 0.325007 0.506492 0.326945 0.510993 0.327939 0.508058 0.343982 0.503563 0.342985 0.496404 0.348060 0.494908 0.347727 0.491335 0.350262 0.490463 0.355057 0.472547 0.351068 0.473412 0.346276 0.469801 0.340487 0.468310 0.340156 0.459884 0.326645 0.460171 0.325045 0.456558 0.319252 0.456845 0.317650 0.454436 0.313787 0.454723 0.312185 0.453518 0.310254 0.454378 0.305443 0.456156 0.304168 0.457591 0.296140
0 0.167789 0.304362 0.161839 0.341946 0.154693 0.340328 0.153018 0.341566 0.150163 0.340919 0.148489 0.342155 0.144209 0.341185 0.140868 0.343657 0.140134 0.348333 0.130166 0.346068 0.137727 0.297628
0 0.437905 0.727442 0.435688 0.739562 0.429888 0.738128 0.428163 0.739282 0.426714 0.738924 0.424989 0.740079 0.424714 0.741591 0.422991 0.742745 0.421544 0.742386 0.414660 0.746995 0.413214 0.746637 0.411495 0.747788 0.410050 0.747430 0.408332 0.748580 0.406888 0.748222 0.405172 0.749372 0.399400 0.747939 0.398229 0.746074 0.396786 0.745716 0.395616 0.743851 0.394174 0.743493 0.393004 0.741627 0.388679 0.740555 0.389762 0.734520 0.394089 0.735591 0.402668 0.729823 0.404113 0.730180 0.405831 0.729024 0.407277 0.729381 0.410716 0.727070 0.411812 0.721014
0 0.800025 0.633288 0.799041 0.638018 0.800247 0.639956 0.804846 0.641040 0.799926 0.664644 0.793805 0.663192 0.791949 0.664399 0.790970 0.669107 0.784858 0.667655 0.785835 0.662948 0.784632 0.661017 0.783105 0.660654 0.781902 0.658722 0.780375 0.658360 0.775564 0.650631 0.775888 0.649060 0.774686 0.647127 0.776309 0.639265 0.778161 0.638052 0.779691 0.638413 0.783400 0.635985 0.784704 0.629683
0 0.218166 0.685808 0.214680 0.706765 0.203412 0.703965 0.202251 0.702122 0.200844 0.701772 0.199685 0.699928 0.198277 0.699579 0.197117 0.697735 0.197363 0.696241 0.195043 0.692553 0.195289 0.691057 0.194129 0.689214 0.189909 0.688168 0.191384 0.679190
0 0.954207 0.582304 0.950704 0.598343 0.946003 0.597256 0.942173 0.599734 0.940606 0.599372 0.936780 0.601848 0.935216 0.601486 0.933304 0.602723 0.931916 0.609116 0.919422 0.606218 0.920458 0.601426 0.916810 0.595547 0.915250 0.595186 0.914035 0.593226 0.907794 0.591783 0.909859 0.582186 0.916105 0.583627 0.921829 0.579903 0.922868 0.575093
0 0.858071 0.934362 0.855101 0.948053 0.846003 0.945748 0.844160 0.946883 0.840599 0.941173 0.840927 0.939654 0.838553 0.935847 0.834009 0.934698 0.835318 0.928615
0 0.451528 0.686275 0.450409 0.692377 0.456297 0.701778 0.457755 0.702134 0.460110 0.705894 0.465946 0.707322 0.463415 0.721020 0.457587 0.719589 0.455851 0.720751 0.454394 0.720394 0.452659 0.721555 0.451204 0.721197 0.447736 0.723519 0.446901 0.728072 0.433828 0.724853 0.434659 0.720303 0.424083 0.703430 0.424359 0.701910 0.422008 0.698159 0.422284 0.696639 0.421108 0.694763 0.421660 0.691720 0.426845 0.688218 0.428298 0.688573 0.431761 0.686235 0.432593 0.681662
0 0.685150 0.852456 0.680533 0.875211 0.667152 0.871843 0.668069 0.867301 0.666889 0.865413 0.665403 0.865039 0.664222 0.863151 0.662737 0.862778 0.661556 0.860890 0.661861 0.859375 0.660681 0.857487 0.661291 0.854454 0.660110 0.852565 0.655653 0.851448 0.656871 0.845380
0 0.809626 0.831968 0.806374 0.847330 0.798796 0.845450 0.796959 0.846608 0.795445 0.846233 0.786267 0.852015 0.785945 0.853546 0.784113 0.854701 0.782602 0.854325 0.780769 0.855480 0.777750 0.854728 0.776562 0.852822 0.772034 0.851695 0.769657 0.847885 0.763626 0.846385 0.768741 0.821865
0 0.530649 0.914427 0.527501 0.930792 0.515890 0.927803 0.514724 0.925944 0.506027 0.923706 0.508861 0.908841
0 0.772467 0.626804 0.771494 0.631528 0.773902 0.635397 0.780016 0.636839 0.777416 0.649422 0.771309 0.647977 0.769459 0.649186 0.755737 0.645938 0.754536 0.644008 0.753013 0.643648 0.750609 0.639787 0.749086 0.639427 0.744280 0.631706 0.738193 0.630270 0.740432 0.619266
0 0.921577 0.701797 0.920546 0.706527 0.922963 0.710419 0.926068 0.711158 0.927277 0.713104 0.928829 0.713474 0.930037 0.715419 0.931591 0.715789 0.932799 0.717735 0.937461 0.718847 0.932630 0.740871 0.926427 0.739384 0.920749 0.742977 0.919200 0.742605 0.913531 0.746193 0.911984 0.745821 0.910097 0.747017 0.908550 0.746645 0.906663 0.747839 0.902029 0.746723 0.900144 0.747918 0.898940 0.745980 0.895853 0.745237 0.894649 0.743301 0.893106 0.742930 0.882267 0.725494 0.880725 0.725124 0.875906 0.717374 0.874364 0.717005 0.873160 0.715068 0.868538 0.713963 0.871565 0.699829 0.876193 0.700932 0.881839 0.697315 0.882854 0.692593
0 0.527805 0.736831 0.523186 0.761184 0.517324 0.759735 0.505073 0.767821 0.503612 0.767459 0.501865 0.768613 0.488724 0.765356 0.487550 0.763479 0.481716 0.762033 0.478190 0.756407 0.476732 0.756046 0.477015 0.754530 0.473489 0.748903 0.472032 0.748543 0.470856 0.746667 0.466487 0.745588 0.470707 0.722810
0 0.351623 0.712490 0.350824 0.717017 0.351993 0.718879 0.351727 0.720387 0.352896 0.722249 0.352630 0.723756 0.353799 0.725619 0.353532 0.727126 0.355870 0.730849 0.355604 0.732355 0.359109 0.737939 0.363417 0.739008 0.359145 0.763052 0.341965 0.758761 0.343023 0.752763 0.340690 0.749048 0.339260 0.748692 0.333426 0.739406 0.329137 0.738339 0.334408 0.708242
0 0.755103 0.347841 0.750531 0.370638 0.745894 0.369617 0.740284 0.373471 0.739959 0.375094 0.738091 0.376376 0.737767 0.377999 0.735900 0.379281 0.735576 0.380903 0.731845 0.383464 0.731522 0.385085 0.725933 0.388921 0.724393 0.388580 0.720672 0.391134 0.712982 0.389429 0.711766 0.387470 0.708693 0.386789 0.707477 0.384831 0.705940 0.384491 0.704724 0.382532 0.703188 0.382192 0.700755 0.378278 0.699220 0.377938 0.698004 0.375980 0.696469 0.375640 0.694036 0.371725 0.692501 0.371385 0.690068 0.367470 0.688534 0.367131 0.687318 0.365173 0.682718 0.364158 0.684620 0.354438 0.689223 0.355451 0.691076 0.354166 0.694148 0.354842 0.696004 0.353557 0.702153 0.354908 0.704011 0.353624 0.708626 0.354638 0.710486 0.353351 0.715107 0.354366 0.716970 0.353080 0.718510 0.353418 0.720374 0.352130 0.723458 0.352807 0.725324 0.351519 0.726866 0.351857 0.728733 0.350569 0.730277 0.350908 0.732145 0.349618 0.733441 0.343103
0 0.638607 0.549309 0.632779 0.579183 0.604250 0.572496 0.605158 0.567793 0.602764 0.563955 0.601265 0.563604 0.600068 0.561685 0.594075 0.560284 0.596788 0.546155 0.601287 0.547203 0.603091 0.545980 0.603999 0.541263
0 0.495769 0.529152 0.494616 0.535402 0.495807 0.537308 0.497288 0.537655 0.498480 0.539563 0.499960 0.539909 0.502343 0.543724 0.508268 0.545111 0.505373 0.560707 0.495021 0.558273 0.493255 0.559483 0.491777 0.559135 0.490014 0.560343 0.489153 0.565010 0.477351 0.562229 0.478208 0.557565 0.475829 0.553761 0.474355 0.553414 0.473166 0.551511 0.471692 0.551165 0.470503 0.549263 0.471072 0.546151 0.469882 0.544248 0.471021 0.538017 0.469832 0.536113 0.470972 0.529876 0.469782 0.527971 0.470637 0.523289
0 0.163285 0.590965 0.160121 0.610589 0.154495 0.609221 0.146263 0.615040 0.144859 0.614698 0.139928 0.618185 0.138526 0.617842 0.136884 0.619003 0.117287 0.614218 0.115651 0.615377 0.112856 0.614694 0.111222 0.615855 0.110512 0.620356 0.096562 0.616942 0.099384 0.598932 0.104970 0.600293 0.106603 0.599130 0.108000 0.599470 0.109635 0.598306 0.111033 0.598646 0.114305 0.596318 0.115704 0.596658 0.117340 0.595493 0.118741 0.595833 0.120379 0.594667 0.121780 0.595007 0.125059 0.592675 0.126460 0.593015 0.128101 0.591848 0.129504 0.592188 0.134432 0.588684 0.135153 0.584156
0 0.650958 0.485994 0.646622 0.508220 0.640572 0.506829 0.636933 0.509302 0.636010 0.514052 0.604353 0.506758 0.607695 0.489352 0.612216 0.490388 0.614029 0.489150 0.615537 0.489495 0.617351 0.488255 0.618860 0.488601 0.620675 0.487360 0.622185 0.487706 0.624002 0.486465 0.625229 0.480115
0 0.705959 0.465165 0.705005 0.469966 0.706216 0.471913 0.707744 0.472259 0.708955 0.474205 0.716602 0.475941 0.713092 0.493518 0.708510 0.492473 0.706665 0.493721 0.705139 0.493372 0.701453 0.495865 0.701136 0.497458 0.699294 0.498703 0.697769 0.498355 0.694089 0.500842 0.692826 0.507209 0.668501 0.501634 0.669751 0.495274 0.667337 0.491399 0.667650 0.489807 0.665236 0.485930 0.665548 0.484339 0.655893 0.468826 0.649822 0.467446 0.652618 0.453086
0 0.319423 0.717111 0.317067 0.730640 0.311359 0.729222 0.306299 0.732660 0.304874 0.732306 0.301506 0.734596 0.300081 0.734242 0.296717 0.736530 0.295941 0.741023 0.268957 0.734294 0.269978 0.728311 0.268815 0.726461 0.269071 0.724963 0.263254 0.715711 0.261836 0.715359 0.259508 0.711658 0.259762 0.710160 0.258599 0.708308 0.259617 0.702308
0 0.477933 0.406926 0.471612 0.441730 0.464198 0.440038 0.462431 0.441278 0.459469 0.440601 0.458273 0.438685 0.456792 0.438347 0.455597 0.436433 0.454116 0.436095 0.452919 0.434179 0.453204 0.432601 0.452008 0.430687 0.452292 0.429108 0.451095 0.427192 0.451664 0.424035 0.450467 0.422119 0.450752 0.420539 0.449555 0.418623 0.449839 0.417042 0.447444 0.413208 0.441524 0.411864 0.443790 0.399208
0 0.521408 0.930782 0.518277 0.947101 0.502352 0.942983 0.505461 0.926675
0 0.443964 0.760579 0.440637 0.778679 0.434846 0.777235 0.421082 0.786380 0.419638 0.786018 0.416205 0.788300 0.410437 0.786856 0.408724 0.787996 0.402962 0.786553 0.401794 0.784691 0.375919 0.778212 0.378337 0.764708 0.386963 0.766861 0.388671 0.765716 0.390110 0.766075 0.391820 0.764930 0.393260 0.765289 0.394971 0.764145 0.395242 0.762641 0.396955 0.761495 0.398395 0.761854 0.400108 0.760709 0.401550 0.761068 0.403265 0.759921 0.404707 0.760279 0.408138 0.757985 0.409230 0.751955
0 0.665725 0.627906 0.664487 0.634154 0.665684 0.636073 0.671709 0.637503 0.667990 0.656217 0.661974 0.654782 0.647501 0.664351 0.646001 0.663992 0.642392 0.666379 0.642086 0.667932 0.640587 0.667573 0.636982 0.669957 0.635485 0.669598 0.631883 0.671981 0.630970 0.676628 0.619018 0.673756 0.619926 0.669110 0.616352 0.663387 0.616655 0.661837 0.608315 0.648477 0.606822 0.648120 0.603247 0.642395 0.601755 0.642039 0.600562 0.640130 0.600863 0.638577 0.599672 0.636667 0.603259 0.634272 0.603560 0.632717 0.605053 0.633073 0.606850 0.631873 0.609839 0.632585 0.611636 0.631385 0.613131 0.631741 0.614930 0.630541 0.616425 0.630897 0.621826 0.627292 0.623324 0.627648 0.628733 0.624040 0.629648 0.619360
0 0.305357 0.781663 0.280221 0.770607 0.260556 0.764717 0.253391 0.775189 0.265450 0.788607 0.272729 0.793277 0.289725 0.793799
0 0.312153 0.752998 0.269824 0.736730 0.258454 0.734842 0.255983 0.749382 0.262345 0.759494 0.278100 0.767235 0.301584 0.772187 0.307252 0.770767
0 0.290675 0.582670 0.264749 0.580326 0.250857 0.587610 0.254450 0.603895 0.275559 0.612849 0.292191 0.611077 0.307683 0.600309 0.316202 0.598482 0.296555 0.590858
0 0.327700 0.547742 0.296317 0.544203 0.291860 0.559674 0.287977 0.587833 0.313093 0.600641 0.334713 0.597106 0.337281 0.592865 0.328791 0.562626 0.327446 0.554510
0 0.588980 0.682704 0.577946 0.685936 0.565681 0.700613 0.565867 0.709466 0.577764 0.711383 0.590042 0.716328 0.596190 0.713905 0.589144 0.706310 0.588787 0.698376 0.595494 0.688210
0 0.663110 0.673887 0.658866 0.680789 0.644407 0.686209 0.629465 0.684586 0.627261 0.690958 0.634337 0.698579 0.657650 0.706186 0.659473 0.706627 0.671076 0.691641 0.673498 0.684304
0 0.724595 0.712460 0.727785 0.706282 0.716974 0.697726 0.707779 0.695515 0.708467 0.677803 0.709617 0.672109 0.694623 0.655593 0.678090 0.651655 0.667061 0.653998 0.662456 0.657863 0.655632 0.668131 0.674064 0.681467 0.682816 0.690506 0.685281 0.706935 0.702813 0.720073 0.718076 0.720795
0 0.575954 0.652008 0.565276 0.638607 0.557314 0.630789 0.549004 0.629790 0.547752 0.636390 0.548305 0.643413 0.549753 0.645729 0.554272 0.651733 0.563120 0.654839 0.573785 0.653459
0 0.396581 0.724899 0.393686 0.710316 0.382203 0.700554 0.370038 0.694676 0.361316 0.694269 0.356924 0.703582 0.355753 0.710212 0.365058 0.716542 0.368741 0.717451 0.372860 0.728265 0.373848 0.731965 0.384148 0.732787 0.391364 0.729383
0 0.378847 0.601430 0.384089 0.596831 0.380270 0.587131 0.370510 0.576598 0.355154 0.566496 0.344757 0.562854 0.335666 0.561281 0.341962 0.582085 0.345800 0.585339 0.351732 0.595522 0.353690 0.600078 0.363312 0.601801 0.377057 0.602172
0 0.529360 0.607303 0.533281 0.616527 0.530377 0.622939 0.518291 0.627146 0.505774 0.624745 0.500055 0.622197 0.504434 0.613795 0.511756 0.610812 0.524603 0.608543
0 0.597947 0.652708 0.607975 0.659854 0.609705 0.668569 0.606858 0.674401 0.597927 0.670477 0.595430 0.662772 0.596309 0.655280
0 0.683858 0.609211 0.684778 0.622066 0.676590 0.628243 0.662642 0.628540 0.655700 0.624197 0.654574 0.616730 0.659245 0.610627 0.670050 0.608668 0.682367 0.607956
0 0.722627 0.607468 0.730952 0.613957 0.726866 0.621151 0.721466 0.626212 0.712075 0.629418 0.703570 0.628311 0.699295 0.619173 0.704676 0.614114 0.714409 0.609162
0 0.737364 0.573646 0.725058 0.578065 0.712291 0.580542 0.704246 0.581391 0.696042 0.583103 0.701850 0.588996 0.721731 0.594557 0.731288 0.594977 0.745983 0.587494 0.752972 0.579100
0 0.695596 0.550285 0.708596 0.559672 0.719095 0.568485 0.719545 0.574961 0.710967 0.578416 0.704107 0.577725 0.693487 0.565258 0.693171 0.562458
0 0.743326 0.531162 0.724217 0.538658 0.714775 0.541959 0.710375 0.546415 0.717355 0.555328 0.728255 0.557854 0.743770 0.555055 0.749573 0.548167 0.746517 0.532813
0 0.779258 0.584303 0.774990 0.587875 0.765138 0.592874 0.758717 0.594111 0.751815 0.593409 0.747793 0.591560 0.748856 0.586343 0.759217 0.578728 0.768707 0.575454 0.775327 0.573336 0.777013 0.573727 0.779976 0.580813
0 0.852065 0.508076 0.830182 0.527154 0.810783 0.547593 0.802482 0.557628 0.784125 0.573547 0.762325 0.572145 0.746205 0.564753 0.745231 0.543506 0.766242 0.522657 0.798465 0.499603 0.822252 0.483702 0.841902 0.488142 0.848343 0.504450 0.848755 0.511032
0 0.835460 0.540361 0.838983 0.544858 0.837255 0.557365 0.828796 0.563699 0.816537 0.562709 0.812841 0.559100 0.818610 0.548472 0.836197 0.536838
0 0.954943 0.645461 0.931552 0.649183 0.916235 0.657519 0.904847 0.660337 0.889321 0.665824 0.880539 0.669229 0.880670 0.681118 0.886542 0.687067 0.898750 0.692701 0.915041 0.692004 0.940221 0.679669 0.952713 0.676197
0 0.959984 0.597671 0.944261 0.603291 0.932882 0.609893 0.927060 0.615921 0.924200 0.620785 0.930403 0.629598 0.941666 0.635910 0.957344 0.638648 0.971342 0.632684 0.976844 0.620094 0.968995 0.606238 0.961131 0.600716
0 1.000000 0.617152 1.000000 0.605026 1.000000 0.595636 1.000000 0.580155 1.000000 0.573505 0.988152 0.568840 0.974644 0.572264 0.957121 0.585886 0.957679 0.599918 0.959689 0.603160 0.967252 0.614168 0.978572 0.620495 0.988951 0.622903 1.000000 0.626847 1.000000 0.626867 1.000000 0.625117
0 0.940377 0.466385 0.950601 0.469608 0.949546 0.461856 0.932570 0.447737 0.915226 0.435425 0.911087 0.433567 0.914753 0.441897 0.926600 0.458617
0 0.926528 0.505401 0.940937 0.522660 0.941032 0.526411 0.938437 0.534209 0.931912 0.539241 0.911515 0.537380 0.902138 0.530599 0.896961 0.521058 0.896564 0.514459
0 0.639578 0.596080 0.623683 0.602237 0.616575 0.607748 0.611779 0.614693 0.601727 0.622169 0.594166 0.625741 0.584319 0.627868 0.569254 0.626067 0.552256 0.621128 0.545226 0.613212 0.549948 0.606300 0.561548 0.603690 0.580063 0.600912 0.605550 0.597959 0.619904 0.595051 0.635781 0.593384
0 0.373561 0.489922 0.367045 0.493749 0.355382 0.493700 0.340540 0.492905 0.332217 0.478526 0.333542 0.470827 0.345124 0.466387 0.353582 0.465668 0.370982 0.461654 0.379478 0.460932 0.385412 0.474823 0.382998 0.488548 0.382697 0.490263
0 0.400032 0.458506 0.395951 0.453083 0.387229 0.450181 0.378820 0.445558 0.362520 0.438230 0.359455 0.436631 0.351241 0.445480 0.355013 0.452607 0.363398 0.457222 0.373694 0.460493 0.387830 0.461070
0 0.363141 0.410558 0.322896 0.450549 0.285009 0.464000 0.266856 0.473946 0.241246 0.460025 0.238703 0.450590 0.264551 0.433524 0.300780 0.409765 0.335594 0.400693 0.348748 0.401890 0.364097 0.409878
0 0.480310 0.500391 0.488137 0.504002 0.493324 0.498908 0.489200 0.488954 0.478578 0.482001 0.471932 0.485866 0.474428 0.495434 0.478524 0.500875
0 0.580731 0.534505 0.583701 0.523448 0.592280 0.523626 0.599880 0.524480 0.604172 0.529097 0.603166 0.538816 0.599026 0.546890 0.595063 0.549578 0.585009 0.548136 0.580729 0.543531
0 0.562736 0.461498 0.551369 0.467078 0.540516 0.470037 0.525904 0.470312 0.515566 0.466132 0.510293 0.457684 0.512184 0.438173 0.516917 0.431074 0.529559 0.427575 0.542585 0.435989 0.548201 0.442726 0.569172 0.459329
0 0.434258 0.398737 0.421369 0.409385 0.415885 0.411751 0.409134 0.416532 0.412770 0.424571 0.422846 0.429574 0.435833 0.432537 0.441332 0.430183 0.444013 0.419951 0.442625 0.408781 0.440962 0.403876
0 0.452775 0.394762 0.459213 0.382587 0.455063 0.372559 0.442863 0.355261 0.441386 0.354021 0.427902 0.358288 0.425033 0.364915 0.421549 0.375026 0.421784 0.383239 0.432749 0.392962 0.439920 0.395488
0 0.524919 0.415598 0.500063 0.401791 0.477029 0.382950 0.472349 0.366409 0.488847 0.355479 0.499517 0.353280 0.510388 0.354780 0.527080 0.366745 0.537678 0.379188 0.539860 0.395234 0.534443 0.405891 0.529359 0.414778
0 0.437018 0.297319 0.428755 0.305574 0.423891 0.309073 0.429688 0.319492 0.438056 0.325000 0.441989 0.326786 0.444687 0.316410 0.440680 0.305454
0 0.408231 0.306529 0.395753 0.310158 0.388684 0.316794 0.384063 0.323958 0.385635 0.334307 0.393495 0.342418 0.404717 0.345832 0.410058 0.344296 0.417569 0.330493 0.422299 0.313290 0.421286 0.309412 0.410214 0.309706
0 0.388049 0.227874 0.370904 0.209452 0.347826 0.196205 0.313068 0.177712 0.299886 0.171214 0.287599 0.159400 0.277753 0.158218 0.275276 0.173288 0.273966 0.181253 0.277573 0.194843 0.297896 0.208379 0.319422 0.224934 0.343769 0.244864 0.352663 0.256864 0.356628 0.263213 0.368095 0.260236 0.380907 0.244702 0.386772 0.230359
0 0.367116 0.353740 0.346093 0.358962 0.324854 0.365897 0.312952 0.372202 0.300788 0.380221 0.299406 0.383493 0.309945 0.394853 0.316858 0.398219 0.329322 0.398367 0.344101 0.390048 0.363163 0.386264 0.372740 0.379411 0.380874 0.371307 0.381378 0.358751
0 0.379908 0.343015 0.367116 0.353740 0.351080 0.359180 0.331812 0.359356 0.315085 0.354689 0.308450 0.349594 0.315605 0.346696 0.325035 0.345203 0.328716 0.333383 0.331873 0.329566 0.340171 0.325081 0.370329 0.325448 0.375342 0.325656 0.379652 0.334789 0.380263 0.345815
0 0.278907 0.282498 0.264582 0.293792 0.239962 0.287425 0.229935 0.277987 0.230976 0.266482 0.241746 0.256195 0.262103 0.253419 0.273477 0.255008 0.279767 0.267280 0.279487 0.279003
0 0.199176 0.202473 0.183271 0.235210 0.175649 0.247061 0.165733 0.247579 0.154145 0.243225 0.147705 0.233707 0.148656 0.227612 0.155811 0.201197 0.157727 0.188943 0.161203 0.182448 0.169835 0.179777 0.185712 0.188661 0.194575 0.195121 0.195889 0.197222
0 0.157047 0.344052 0.158726 0.348878 0.156799 0.366198 0.148255 0.373996 0.132446 0.376571 0.127243 0.373611 0.128448 0.357076 0.129783 0.348519
0 0.901099 0.585919 0.893406 0.592442 0.880307 0.594933 0.872248 0.594904 0.865049 0.595073 0.861673 0.602558 0.869082 0.609790 0.879906 0.617820 0.893091 0.619058 0.905050 0.613567 0.911314 0.601201 0.907014 0.591901
0 0.877396 0.574911 0.872512 0.589446 0.870168 0.596261 0.865270 0.602475 0.854973 0.604669 0.843362 0.604716 0.830441 0.602621 0.823723 0.596478 0.819858 0.580917 0.821922 0.579562 0.841094 0.585841 0.860677 0.590381 0.874458 0.576078
0 0.899286 0.395189 0.886028 0.397928 0.868564 0.395026 0.859716 0.385556 0.856418 0.375420 0.856606 0.374520 0.851733 0.376277 0.844813 0.387921 0.847135 0.394068 0.845529 0.397470 0.837906 0.399539 0.834705 0.406328 0.847260 0.419411 0.854885 0.417354 0.867389 0.413557 0.880326 0.416418 0.884158 0.415387 0.894509 0.409210
0 0.787581 0.413634 0.762399 0.406176 0.736794 0.396771 0.733090 0.393160 0.721156 0.399800 0.721472 0.402657 0.727670 0.411458 0.735203 0.422413 0.747016 0.429690 0.761434 0.432916 0.775079 0.431324 0.784731 0.423248
1 0.465626 0.744610 0.331803 0.673288 0.328816 0.759464 0.364413 0.774699
1 0.900259 0.427872 0.568953 0.631240 0.603673 0.674528 0.955324 0.472389
1 0.538933 0.268527 0.377244 0.276183 0.462313 0.572049 0.524304 0.607490 0.599977 0.579249
0 0.712565 0.330609 0.696988 0.314465 0.686239 0.307878 0.676517 0.302935 0.659815 0.313449 0.656707 0.322653 0.657688 0.331330 0.667111 0.337624 0.679888 0.340425 0.688846 0.342389 0.701441 0.339498
