1 0.222331 0.461433 0.419887 0.680941 0.364684 0.695549 0.202308 0.510261
1 0.475322 0.885723 0.601197 0.640617 0.630840 0.692474 0.525844 0.884312
1 0.491009 0.540248 0.590938 0.634509 0.569828 0.678819 0.551012 0.691311 0.447040 0.579673 0.445542 0.562647
1 0.770703 0.507196 0.777774 0.795638 0.725685 0.777090 0.721805 0.538587
1 0.775582 0.503280 0.818430 0.518721 0.822042 0.662465 0.780072 0.685471
1 0.640008 0.371424 0.764105 0.495460 0.721464 0.523156 0.610955 0.421113
1 0.383110 0.276654 0.428590 0.457738 0.394261 0.454304 0.347068 0.302196
1 0.382354 0.245880 0.379959 0.270076 0.452572 0.526990 0.469563 0.543233 0.503065 0.508328 0.440437 0.249434
1 0.461674 0.327645 0.598878 0.240866 0.640667 0.279091 0.483248 0.385941
1 0.379313 0.000000 0.645815 0.202679 0.684513 0.110652 0.574375 0.022956
