0 0.934375 0.678125 0.934375 0.682813 0.931250 0.685937 0.929688 0.685937 0.928125 0.687500 0.926562 0.687500 0.925000 0.689063 0.923438 0.689063 0.921875 0.690625 0.915625 0.690625 0.915625 0.709375 0.921875 0.709375 0.923438 0.710938 0.925000 0.710938 0.926562 0.712500 0.928125 0.712500 0.931250 0.715625 0.931250 0.720313 0.957812 0.720313 0.957812 0.715625 0.959375 0.714063 0.959375 0.712500 0.962500 0.709375 0.962500 0.707812 0.967187 0.703125 0.967187 0.701562 0.971875 0.696875 0.971875 0.695312 0.975000 0.692187 0.975000 0.690625 0.976562 0.689063 0.976562 0.687500 0.978125 0.685937 0.982812 0.685937 0.982812 0.678125
0 0.117188 0.590625 0.117188 0.595313 0.112500 0.600000 0.110937 0.600000 0.107813 0.603125 0.103125 0.603125 0.103125 0.632812 0.109375 0.632812 0.115625 0.639062 0.117188 0.639062 0.125000 0.646875 0.125000 0.651563 0.146875 0.651563 0.146875 0.645312 0.151562 0.640625 0.153125 0.640625 0.154688 0.639062 0.157812 0.639062 0.159375 0.637500 0.160938 0.637500 0.162500 0.635938 0.165625 0.635938 0.167187 0.634375 0.168750 0.634375 0.170313 0.632812 0.173437 0.632812 0.175000 0.631250 0.176563 0.631250 0.178125 0.629687 0.179688 0.629687 0.181250 0.628125 0.189062 0.628125 0.189062 0.606250 0.184375 0.606250 0.179688 0.601562 0.178125 0.601562 0.171875 0.595313 0.171875 0.590625
0 0.528125 0.721875 0.528125 0.750000 0.532813 0.750000 0.535937 0.753125 0.535937 0.757812 0.570312 0.757812 0.570312 0.721875
0 0.903125 0.428125 0.903125 0.450000 0.907813 0.450000 0.909375 0.451562 0.910937 0.451562 0.915625 0.456250 0.920312 0.456250 0.921875 0.457813 0.925000 0.457813 0.926562 0.459375 0.926562 0.464062 0.926562 0.459375 0.928125 0.457813 0.929688 0.457813 0.932813 0.454688 0.939063 0.454688 0.939063 0.428125
0 0.771875 0.528125 0.771875 0.570312 0.792188 0.570312 0.792188 0.565625 0.798438 0.559375 0.800000 0.559375 0.803125 0.556250 0.807813 0.556250 0.807813 0.535937 0.801562 0.535937 0.800000 0.534375 0.800000 0.528125
0 0.515625 0.478125 0.515625 0.506250 0.520312 0.506250 0.521875 0.507812 0.521875 0.510938 0.523438 0.512500 0.523438 0.517188 0.526563 0.520312 0.526563 0.526563 0.540625 0.526563 0.540625 0.521875 0.543750 0.518750 0.545312 0.518750 0.546875 0.517188 0.551562 0.517188 0.551562 0.478125
0 0.928125 0.484375 0.928125 0.520312 0.953125 0.520312 0.953125 0.515625 0.959375 0.509375 0.964063 0.509375 0.964063 0.484375
0 0.859375 0.703125 0.859375 0.732812 0.864062 0.732812 0.871875 0.740625 0.871875 0.745313 0.914062 0.745313 0.914062 0.703125
0 0.840625 0.796875 0.840625 0.826562 0.882812 0.826562 0.882812 0.796875
0 0.396875 0.815625 0.396875 0.845313 0.410938 0.845313 0.410938 0.839063 0.412500 0.837500 0.414062 0.837500 0.417187 0.834375 0.417187 0.832812 0.421875 0.828125 0.426563 0.828125 0.426563 0.815625
0 0.915625 0.459375 0.915625 0.489063 0.925000 0.489063 0.926562 0.490625 0.926562 0.495312 0.926562 0.490625 0.929688 0.487500 0.931250 0.487500 0.932813 0.485938 0.934375 0.485938 0.935937 0.484375 0.937500 0.484375 0.942187 0.479687 0.943750 0.479687 0.946875 0.476562 0.951562 0.476562 0.951562 0.467187 0.946875 0.467187 0.945312 0.465625 0.945312 0.459375
0 0.734375 0.634375 0.734375 0.653125 0.740625 0.653125 0.743750 0.656250 0.745313 0.656250 0.748437 0.659375 0.750000 0.659375 0.751563 0.660937 0.760938 0.660937 0.764062 0.657813 0.765625 0.657813 0.767188 0.656250 0.768750 0.656250 0.771875 0.653125 0.773438 0.653125 0.775000 0.651563 0.776563 0.651563 0.778125 0.650000 0.779687 0.650000 0.782813 0.646875 0.789062 0.646875 0.789062 0.634375
0 0.165625 0.390625 0.165625 0.432812 0.173437 0.432812 0.175000 0.431250 0.178125 0.431250 0.190625 0.418750 0.192188 0.418750 0.203125 0.407813 0.207813 0.407813 0.207813 0.390625
0 0.734375 0.853125 0.734375 0.881250 0.743750 0.881250 0.745313 0.882812 0.751563 0.882812 0.753125 0.881250 0.756250 0.881250 0.757812 0.879687 0.759375 0.879687 0.759375 0.878125 0.765625 0.871875 0.770312 0.871875 0.770312 0.853125
0 0.746875 0.315625 0.746875 0.345313 0.789062 0.345313 0.789062 0.315625
0 0.615625 0.271875 0.615625 0.295312 0.651563 0.295312 0.651563 0.271875
0 0.696875 0.296875 0.696875 0.315625 0.703125 0.315625 0.704688 0.317188 0.706250 0.317188 0.707812 0.318750 0.709375 0.318750 0.710938 0.320312 0.710938 0.326562 0.745313 0.326562 0.745313 0.309375 0.740625 0.309375 0.739062 0.307812 0.737500 0.307812 0.734375 0.304688 0.732812 0.304688 0.731250 0.303125 0.731250 0.296875
0 0.003125 0.871875 0.003125 0.892188 0.009375 0.892188 0.010937 0.893750 0.015625 0.893750 0.017188 0.892188 0.018750 0.892188 0.026562 0.884375 0.032813 0.884375 0.032813 0.871875
0 0.015625 0.315625 0.015625 0.350000 0.020313 0.350000 0.028125 0.357812 0.029687 0.357812 0.035937 0.364063 0.037500 0.364063 0.039062 0.365625 0.039062 0.370312 0.039062 0.365625 0.043750 0.360938 0.050000 0.360938 0.051562 0.359375 0.053125 0.360938 0.054688 0.360938 0.057813 0.364063 0.065625 0.364063 0.067187 0.362500 0.068750 0.362500 0.078125 0.353125 0.078125 0.351562 0.081250 0.348438 0.081250 0.346875 0.082812 0.345313 0.082812 0.339062 0.081250 0.337500 0.081250 0.335938 0.079687 0.334375 0.079687 0.332813 0.076563 0.329688 0.076563 0.328125 0.075000 0.326562 0.075000 0.325000 0.070312 0.320312 0.070312 0.315625
0 0.965625 0.690625 0.965625 0.718750 0.975000 0.718750 0.976562 0.720313 0.978125 0.720313 0.979688 0.721875 0.981250 0.721875 0.982812 0.723437 0.998437 0.723437 0.998437 0.690625
0 0.940625 0.884375 0.940625 0.914062 0.948438 0.914062 0.948438 0.909375 0.950000 0.907813 0.953125 0.907813 0.954688 0.906250 0.964063 0.906250 0.965625 0.904687 0.978125 0.904687 0.979688 0.903125 0.998437 0.903125 0.998437 0.884375
0 0.034375 0.709375 0.034375 0.723437 0.040625 0.723437 0.042188 0.725000 0.045312 0.725000 0.046875 0.726562 0.050000 0.726562 0.051562 0.728125 0.051562 0.732812 0.053125 0.732812 0.053125 0.728125 0.056250 0.725000 0.057813 0.725000 0.059375 0.723437 0.064062 0.723437 0.064062 0.709375
0 0.084375 0.796875 0.084375 0.814063 0.101562 0.814063 0.101562 0.807813 0.103125 0.806250 0.107813 0.806250 0.107813 0.796875
0 0.059375 0.809375 0.059375 0.826562 0.085938 0.826562 0.085938 0.821875 0.087500 0.820312 0.087500 0.818750 0.090625 0.815625 0.095312 0.815625 0.095312 0.809375
0 0.465625 0.503125 0.465625 0.525000 0.514062 0.525000 0.515625 0.523438 0.517188 0.523438 0.520312 0.520312 0.520312 0.503125
0 0.159375 0.740625 0.159375 0.764062 0.187500 0.764062 0.187500 0.759375 0.190625 0.756250 0.195312 0.756250 0.195312 0.740625
0 0.253125 0.278125 0.253125 0.295312 0.259375 0.295312 0.259375 0.290625 0.260937 0.289062 0.262500 0.289062 0.264062 0.287500 0.270313 0.287500 0.270313 0.278125
0 0.434375 0.484375 0.434375 0.514062 0.456250 0.514062 0.456250 0.507812 0.457813 0.506250 0.459375 0.506250 0.460938 0.504687 0.467187 0.504687 0.468750 0.503125 0.479687 0.503125 0.481250 0.501563 0.485938 0.501563 0.487500 0.500000 0.489063 0.500000 0.490625 0.498437 0.492188 0.498437 0.495312 0.495312 0.501563 0.495312 0.501563 0.484375
0 0.865625 0.340625 0.865625 0.364063 0.901563 0.364063 0.901563 0.350000 0.895312 0.350000 0.892188 0.346875 0.892188 0.340625
0 0.134375 0.446875 0.134375 0.489063 0.145313 0.489063 0.146875 0.490625 0.146875 0.495312 0.187500 0.495312 0.187500 0.490625 0.189062 0.489063 0.195312 0.489063 0.195312 0.462500 0.184375 0.462500 0.182812 0.460938 0.176563 0.460938 0.171875 0.456250 0.171875 0.454688 0.170313 0.453125 0.170313 0.446875
0 0.559375 0.284375 0.559375 0.295312 0.576562 0.295312 0.576562 0.284375
0 0.559375 0.284375 0.559375 0.293750 0.567187 0.293750 0.568750 0.295312 0.571875 0.295312 0.578125 0.289062 0.582812 0.289062 0.582812 0.284375
0 0.159375 0.640625 0.159375 0.657813 0.167187 0.657813 0.168750 0.659375 0.168750 0.664062 0.170313 0.664062 0.170313 0.659375 0.173437 0.656250 0.175000 0.656250 0.178125 0.653125 0.182812 0.653125 0.182812 0.640625
0 0.195312 0.541667 0.466145 0.540364 0.463542 0.561198 0.188802 0.565105
0 0.409941 0.622503 0.408495 0.619611 0.398373 0.615273 0.388975 0.615997 0.387528 0.624672 0.388252 0.633348 0.398373 0.639856 0.406327 0.636964
0 0.396205 0.564664 0.388975 0.588522 0.388975 0.605875 0.388252 0.647086 0.394758 0.663714 0.409219 0.665161 0.442477 0.665161 0.475011 0.662269 0.537189 0.645639 0.559603 0.629011 0.565386 0.605875 0.544419 0.579847 0.506823 0.573339 0.472119 0.567556 0.422955 0.563941
0 0.769273 0.532852 0.743967 0.534297 0.723723 0.535020 0.678175 0.540081 0.644194 0.548034 0.613828 0.563217 0.601536 0.578400 0.600814 0.594306 0.605875 0.603706 0.624672 0.614550 0.664438 0.622503 0.706372 0.629733 0.731677 0.633348 0.767827 0.636241 0.779395 0.626119 0.775056 0.605152 0.775780 0.567556 0.773611 0.550203
0 0.788070 0.597198 0.803977 0.597198 0.827836 0.600091 0.862539 0.601536 0.901581 0.609489 0.944239 0.624672 0.962314 0.642747 0.965928 0.660100 0.955806 0.675283 0.923995 0.691189 0.897244 0.696250 0.860370 0.698419 0.833620 0.699864 0.798916 0.699864
0 0.023136 0.272572 0.055670 0.274017 0.054948 0.265341 0.080253 0.264619 0.081698 0.288477 0.026752 0.289923
0 0.000723 0.300045 0.051333 0.301491 0.049888 0.311614 0.024581 0.314505 0.019520 0.337641 0.001445 0.339087
0 0.807650 0.867252 0.811933 0.867252 0.813003 0.861898 0.811219 0.860827 0.806580 0.861541 0.805508 0.864753 0.806222 0.867608
0 0.884025 0.841198 0.886880 0.841911 0.890806 0.839414 0.890806 0.836916 0.887952 0.834773 0.882597 0.836558 0.881527 0.839770 0.882241 0.841198
