0 0.247800 0.638865 0.248839 0.645287 0.244610 0.651786 0.243293 0.651805 0.239064 0.658304 0.237747 0.658323 0.236689 0.659948 0.236949 0.661553 0.235892 0.663177 0.234575 0.663196 0.232460 0.666446 0.231143 0.666466 0.230086 0.668090 0.228768 0.668109 0.227712 0.669733 0.222443 0.669810 0.225821 0.690682 0.231089 0.690605 0.234243 0.693778 0.234503 0.695383 0.237656 0.698556 0.237916 0.700162 0.252109 0.714439 0.253425 0.714420 0.256579 0.717592 0.257896 0.717573 0.262627 0.722332 0.263406 0.727148 0.275260 0.726976 0.274481 0.722160 0.275538 0.720535 0.276854 0.720516 0.277912 0.718892 0.279230 0.718872 0.280286 0.717247 0.281603 0.717228 0.283718 0.713980 0.285035 0.713961 0.289264 0.707462 0.290582 0.707443 0.293753 0.702569 0.295070 0.702550 0.296127 0.700924 0.295868 0.699319 0.307498 0.681449 0.312767 0.681372 0.309389 0.660500 0.305437 0.660558 0.302284 0.657385 0.300966 0.657404 0.296236 0.652644 0.294919 0.652664 0.287034 0.644732 0.285995 0.638310
0 0.185486 0.588274 0.186525 0.594696 0.185468 0.596321 0.184151 0.596340 0.179922 0.602839 0.174653 0.602915 0.181668 0.646264 0.185619 0.646206 0.195081 0.655724 0.195341 0.657329 0.203225 0.665262 0.204541 0.665242 0.207696 0.668415 0.209013 0.668396 0.212166 0.671569 0.212946 0.676386 0.223483 0.676233 0.222703 0.671416 0.225875 0.666542 0.227192 0.666523 0.228249 0.664898 0.229566 0.664879 0.230623 0.663254 0.231941 0.663234 0.237227 0.655112 0.238544 0.655093 0.242773 0.648594 0.244090 0.648575 0.251491 0.637202 0.252809 0.637183 0.257037 0.630684 0.262305 0.630608 0.259188 0.611343 0.255237 0.611400 0.239468 0.595536 0.238151 0.595556 0.236574 0.593969 0.235535 0.587547
0 0.183574 0.266446 0.186692 0.285713 0.191960 0.285636 0.195114 0.288809 0.196431 0.288790 0.202738 0.295135 0.202998 0.296741 0.204575 0.298327 0.205893 0.298308 0.209046 0.301480 0.214314 0.301404 0.216428 0.298155 0.216169 0.296550 0.218284 0.293299 0.218024 0.291694 0.220138 0.288445 0.219878 0.286840 0.220936 0.285215 0.220416 0.282004 0.221474 0.280380 0.220694 0.275563 0.219117 0.273976 0.217818 0.265949
0 0.228088 0.149932 0.233024 0.180437 0.236975 0.180379 0.241706 0.185138 0.243023 0.185119 0.246177 0.188291 0.246957 0.193107 0.262762 0.192878 0.261982 0.188062 0.264096 0.184812 0.265414 0.184793 0.268586 0.179920 0.273853 0.179843 0.269956 0.155760 0.266005 0.155818 0.264429 0.154232 0.263650 0.149415
0 0.724060 0.277903 0.728997 0.308408 0.756656 0.308007 0.755876 0.303189 0.759047 0.298315 0.762999 0.298258 0.759622 0.277387
0 0.602772 0.801072 0.607709 0.831577 0.627464 0.831290 0.626685 0.826473 0.628800 0.823223 0.630117 0.823204 0.632231 0.819955 0.636183 0.819897 0.633066 0.800631
0 0.799995 0.714523 0.805191 0.746633 0.809143 0.746576 0.810719 0.748163 0.812036 0.748143 0.813613 0.749729 0.814930 0.749710 0.818085 0.752883 0.818864 0.757699 0.828083 0.757565 0.827044 0.751143 0.828102 0.749519 0.829418 0.749500 0.831533 0.746250 0.832850 0.746231 0.834965 0.742982 0.836281 0.742963 0.839453 0.738089 0.844721 0.738013 0.842643 0.725168 0.838692 0.725225 0.833961 0.720467 0.832922 0.714045
0 0.884866 0.455806 0.887724 0.473466 0.891676 0.473408 0.894829 0.476581 0.895088 0.478187 0.896666 0.479774 0.897705 0.486195 0.910876 0.486003 0.909836 0.479582 0.913008 0.474708 0.912748 0.473102 0.916978 0.466604 0.918295 0.466585 0.921467 0.461711 0.926734 0.461634 0.925695 0.455212
0 0.785157 0.753361 0.790093 0.783865 0.809850 0.783578 0.809071 0.778762 0.811184 0.775513 0.812502 0.775494 0.814616 0.772245 0.818567 0.772187 0.815450 0.752921
0 0.400759 0.205356 0.404136 0.226228 0.409405 0.226152 0.418866 0.235669 0.419126 0.237275 0.420702 0.238861 0.420962 0.240467 0.422539 0.242054 0.423579 0.248476 0.431481 0.248361 0.430702 0.243544 0.433873 0.238669 0.433613 0.237064 0.437843 0.230566 0.437583 0.228960 0.440755 0.224086 0.444706 0.224029 0.441588 0.204763
0 0.525120 0.190675 0.528497 0.211546 0.532449 0.211489 0.534026 0.213075 0.535342 0.213056 0.538497 0.216229 0.539276 0.221045 0.545861 0.220949 0.545082 0.216133 0.547196 0.212884 0.553781 0.212788 0.555359 0.214375 0.559310 0.214318 0.560367 0.212693 0.563001 0.212654 0.564059 0.211029 0.565376 0.211010 0.569605 0.204511 0.573556 0.204454 0.571217 0.190005
0 0.755381 0.406190 0.760317 0.436695 0.782707 0.436370 0.781928 0.431553 0.782985 0.429928 0.782726 0.428323 0.784840 0.425074 0.784580 0.423468 0.788810 0.416970 0.792761 0.416913 0.790942 0.405674
0 0.314487 0.618585 0.317085 0.634640 0.324988 0.634525 0.326565 0.636111 0.329198 0.636073 0.330256 0.634449 0.332890 0.634410 0.336044 0.637583 0.336824 0.642400 0.343409 0.642304 0.342370 0.635881 0.345542 0.631008 0.345282 0.629402 0.347396 0.626154 0.351347 0.626096 0.350048 0.618068
0 0.408856 0.353292 0.414831 0.390219 0.433271 0.389951 0.432491 0.385134 0.433549 0.383509 0.436183 0.383471 0.437240 0.381847 0.442508 0.381770 0.443565 0.380146 0.446200 0.380108 0.448315 0.376858 0.453582 0.376782 0.449685 0.352699
0 0.769747 0.225743 0.771826 0.238587 0.769710 0.241836 0.765759 0.241893 0.769656 0.265975 0.773607 0.265918 0.775184 0.267505 0.776502 0.267486 0.778078 0.269072 0.779118 0.275495 0.792289 0.275303 0.791509 0.270486 0.794680 0.265612 0.795998 0.265593 0.798112 0.262343 0.799429 0.262324 0.800487 0.260700 0.801804 0.260681 0.804976 0.255807 0.808928 0.255750 0.808668 0.254144 0.804716 0.254201 0.803140 0.252616 0.802620 0.249404 0.786851 0.233540 0.786591 0.231935 0.785014 0.230348 0.784235 0.225532
0 0.880998 0.301371 0.886974 0.338298 0.901462 0.338088 0.900683 0.333271 0.901739 0.331646 0.901480 0.330041 0.903594 0.326791 0.903334 0.325185 0.909678 0.315437 0.910995 0.315418 0.912052 0.313794 0.913369 0.313775 0.914427 0.312150 0.915744 0.312131 0.917859 0.308882 0.920492 0.308844 0.919193 0.300816
0 0.351121 0.257575 0.355018 0.281658 0.376091 0.281351 0.375312 0.276534 0.376370 0.274909 0.376110 0.273304 0.378224 0.270055 0.377445 0.265239 0.375868 0.263652 0.374828 0.257230
0 0.219296 0.780896 0.221895 0.796951 0.235065 0.796760 0.236122 0.795135 0.237440 0.795116 0.240611 0.790242 0.245880 0.790165 0.244321 0.780532
0 0.285317 0.470955 0.288175 0.488616 0.306614 0.488348 0.305575 0.481925 0.306633 0.480301 0.311900 0.480225 0.310341 0.470592
0 0.310186 0.657270 0.314083 0.681353 0.329888 0.681123 0.329109 0.676306 0.331223 0.673057 0.330963 0.671452 0.333078 0.668202 0.337030 0.668144 0.335211 0.656906
0 0.389500 0.527375 0.393397 0.551458 0.407885 0.551248 0.407106 0.546431 0.410277 0.541557 0.410017 0.539951 0.412132 0.536702 0.416083 0.536645 0.414524 0.527012
0 0.355811 0.514991 0.359449 0.537468 0.364717 0.537391 0.367871 0.540564 0.368650 0.545381 0.383139 0.545170 0.382099 0.538747 0.383156 0.537123 0.379519 0.514646
0 0.382576 0.443794 0.383355 0.448610 0.381241 0.451859 0.377289 0.451916 0.379887 0.467971 0.386473 0.467876 0.387530 0.466251 0.394116 0.466156 0.395172 0.464531 0.399123 0.464473 0.400181 0.462849 0.401498 0.462830 0.402555 0.461205 0.403872 0.461186 0.404930 0.459561 0.406247 0.459542 0.408362 0.456293 0.413629 0.456217 0.411551 0.443372
0 0.769108 0.393117 0.771186 0.405961 0.777771 0.405865 0.779348 0.407452 0.780666 0.407433 0.782242 0.409019 0.784876 0.408980 0.786453 0.410566 0.787770 0.410547 0.788828 0.408923 0.791461 0.408885 0.794634 0.404011 0.792815 0.392772
0 0.341868 0.624624 0.346545 0.653523 0.358399 0.653351 0.359456 0.651726 0.362090 0.651687 0.363148 0.650063 0.364464 0.650044 0.365521 0.648420 0.366839 0.648401 0.367895 0.646776 0.369213 0.646757 0.370270 0.645131 0.371587 0.645112 0.372645 0.643488 0.373962 0.643469 0.377133 0.638596 0.376873 0.636990 0.377931 0.635364 0.376112 0.624126
0 0.353877 0.437774 0.355956 0.450618 0.362541 0.450522 0.364118 0.452108 0.365436 0.452089 0.367012 0.453675 0.374915 0.453561 0.375971 0.451935 0.377289 0.451916 0.378347 0.450292 0.379663 0.450273 0.383892 0.443774 0.382853 0.437352
0 0.320334 0.361016 0.322672 0.375466 0.327940 0.375389 0.329517 0.376975 0.340054 0.376822 0.341111 0.375198 0.342429 0.375179 0.343485 0.373553 0.347436 0.373496 0.345358 0.360652
0 0.567339 0.157876 0.570197 0.175537 0.580733 0.175384 0.579954 0.170567 0.581011 0.168942 0.582328 0.168922 0.583386 0.167298 0.588653 0.167222 0.587095 0.157589
0 0.470386 0.635631 0.474283 0.659713 0.484820 0.659560 0.484041 0.654744 0.487212 0.649869 0.492481 0.649793 0.490143 0.635344
0 0.254963 0.381277 0.258860 0.405359 0.281251 0.405034 0.280212 0.398612 0.281269 0.396987 0.281009 0.395382 0.283123 0.392133 0.287075 0.392076 0.285256 0.380837
0 0.414658 0.584944 0.417515 0.602604 0.429370 0.602431 0.428590 0.597615 0.431762 0.592742 0.435713 0.592685 0.434413 0.584657
0 0.223498 0.317363 0.227395 0.341445 0.245834 0.341177 0.244535 0.333150 0.246649 0.329901 0.250601 0.329844 0.248523 0.317000
0 0.427489 0.501075 0.429828 0.515524 0.448267 0.515256 0.449324 0.513632 0.454593 0.513555 0.452514 0.500711
0 0.336311 0.753447 0.339169 0.771108 0.353657 0.770897 0.350799 0.753236
0 0.370116 0.244424 0.372454 0.258874 0.388259 0.258645 0.392488 0.252146 0.396439 0.252089 0.395140 0.244061
0 0.174827 0.408190 0.176645 0.419428 0.181914 0.419351 0.183491 0.420938 0.184271 0.425755 0.202709 0.425487 0.201929 0.420670 0.202987 0.419045 0.206938 0.418988 0.205119 0.407750
0 0.320117 0.457575 0.324014 0.481658 0.338501 0.481447 0.337722 0.476631 0.338780 0.475007 0.338520 0.473401 0.340634 0.470151 0.340375 0.468545 0.341432 0.466921 0.341172 0.465315 0.342229 0.463691 0.346180 0.463634 0.345141 0.457212
0 0.908262 0.828818 0.911120 0.846478 0.930877 0.846191 0.928019 0.828531
0 0.529088 0.769957 0.530907 0.781195 0.536175 0.781118 0.537233 0.779494 0.543818 0.779399 0.545932 0.776149 0.549884 0.776092 0.548845 0.769670
0 0.320117 0.457575 0.324014 0.481658 0.339819 0.481428 0.338780 0.475007 0.340894 0.471757 0.340375 0.468545 0.341432 0.466921 0.341172 0.465315 0.342229 0.463691 0.346180 0.463634 0.345141 0.457212
0 0.238941 0.478066 0.241799 0.495726 0.253653 0.495554 0.252873 0.490738 0.253931 0.489114 0.261833 0.488999 0.262891 0.487374 0.264208 0.487355 0.265264 0.485730 0.270533 0.485653 0.269234 0.477626
1 0.621670 0.574301 0.573740 0.676854 0.613909 0.689851 0.659361 0.701073 0.719167 0.671911 0.639941 0.563849 0.628161 0.571376
1 0.641249 0.559725 0.723529 0.669439 0.762004 0.611726 0.754044 0.608447 0.753314 0.603931 0.756576 0.595395 0.759921 0.590255 0.769861 0.577095 0.777642 0.576415 0.780318 0.581469 0.784955 0.578573 0.797426 0.552362 0.644504 0.554018
1 0.587731 0.551027 0.647557 0.430193 0.675738 0.460907 0.659438 0.460578 0.659607 0.467365 0.666437 0.478017 0.673274 0.485841 0.680105 0.496493 0.687214 0.506010 0.695799 0.518899 0.705695 0.525547 0.713112 0.522610 0.712863 0.509598 0.717572 0.515754 0.749360 0.548678 0.749634 0.550371 0.646351 0.554702 0.645726 0.545091 0.645086 0.541139 0.641387 0.538364 0.632777 0.536792 0.623422 0.536361 0.616939 0.536455 0.607585 0.536027 0.600633 0.538956 0.600710 0.545180 0.602460 0.550246 0.604397 0.553614 0.601892 0.555348
1 0.756819 0.626253 0.761012 0.614875 0.764352 0.612562 0.768703 0.613632 0.776028 0.610130 0.781318 0.605527 0.785968 0.596970 0.785896 0.587917 0.784982 0.582272 0.827005 0.512059 0.834793 0.508551 0.836366 0.509660 0.917205 0.642031 0.917570 0.644289 0.850319 0.647530
0 0.601282 0.539168 0.601616 0.543370 0.602228 0.547151 0.604081 0.550068 0.605934 0.552988 0.607434 0.560119 0.608321 0.563473 0.613819 0.569707 0.617602 0.571755 0.622215 0.572529 0.627866 0.571185 0.634346 0.568566 0.644009 0.560010 0.644571 0.554951 0.644445 0.549903 0.643630 0.544865 0.640612 0.539018 0.637726 0.536113 0.629946 0.534964 0.601835 0.538317
0 0.709267 0.609138 0.703897 0.607954 0.697974 0.607619 0.694112 0.609358 0.693070 0.613582 0.693681 0.617360 0.697660 0.624877 0.704063 0.626047 0.709229 0.625972 0.713095 0.622128 0.713454 0.615811
0 0.777877 0.576581 0.781655 0.580734 0.785425 0.589095 0.786308 0.594552 0.785333 0.599197 0.781603 0.603879 0.778150 0.608137 0.773391 0.610732 0.770083 0.611621 0.765606 0.611686 0.761680 0.610902 0.756660 0.607608 0.754186 0.605120 0.759104 0.592844 0.765808 0.583068 0.773054 0.576651
0 0.834736 0.622885 0.831568 0.622511 0.827153 0.625100 0.825350 0.631018 0.825893 0.634376 0.827746 0.637295 0.832219 0.639335 0.836488 0.640114 0.841659 0.637934 0.844012 0.633271 0.842095 0.627828 0.838385 0.624095 0.837282 0.623690
0 0.812301 0.644252 0.819651 0.653403 0.827427 0.656657 0.836999 0.658202 0.847468 0.658891 0.854495 0.657528 0.858221 0.654948 0.857949 0.653269 0.851614 0.652520 0.843489 0.651374 0.832268 0.648170 0.824560 0.645338 0.813475 0.642973
0 0.661981 0.470533 0.660274 0.464247 0.662136 0.462956 0.665857 0.462482 0.675428 0.464027 0.681759 0.466879 0.690292 0.470543 0.697306 0.475491 0.707546 0.485442 0.709875 0.491300 0.712398 0.502625 0.714781 0.515215 0.712569 0.518614 0.707258 0.522057 0.702784 0.520018 0.693718 0.508788 0.678064 0.486713 0.672630 0.483003 0.664034 0.476816 0.661632 0.472643
0 0.615661 0.423232 0.611815 0.418660 0.604179 0.414141 0.597500 0.413397 0.594118 0.415970 0.593003 0.421878 0.592024 0.428625 0.592219 0.434095 0.593786 0.441646 0.595983 0.444560 0.603687 0.449498 0.613257 0.451041 0.616847 0.447622 0.618103 0.440451 0.615842 0.435013 0.615982 0.433749 0.616890 0.428686
0 0.568602 0.736167 0.570238 0.744138 0.572480 0.757994 0.571773 0.766421 0.569202 0.776136 0.566496 0.785014 0.564828 0.791771 0.568748 0.794659 0.572604 0.795024 0.581694 0.795734 0.592230 0.796842 0.600841 0.796717 0.607811 0.790725 0.607345 0.783579 0.602325 0.780285 0.593800 0.772412 0.587907 0.759453 0.585733 0.746018 0.585615 0.736761 0.585276 0.734661
0 0.545513 0.589216 0.546606 0.593828 0.545752 0.605623 0.541868 0.617883 0.539792 0.622122 0.534544 0.628089 0.530881 0.633192 0.527495 0.637871 0.525212 0.642954 0.524378 0.646333 0.529184 0.652575 0.532488 0.653790 0.538960 0.655379 0.551004 0.659412 0.559474 0.660551 0.563747 0.659227 0.563694 0.652495 0.555747 0.633252 0.551297 0.620692 0.551928 0.616053 0.557462 0.605453 0.557680 0.600400 0.555283 0.594123 0.550956 0.588714 0.548477 0.588331
0 0.492833 0.583668 0.490706 0.640931 0.491851 0.652276 0.490383 0.662397 0.505890 0.657963 0.517479 0.650642 0.525352 0.641689 0.533024 0.629374 0.538579 0.610357 0.541978 0.599366 0.542473 0.593888 0.534648 0.581798 0.515709 0.579968 0.492008 0.582838
0 0.070381 0.249361 0.080370 0.249216 0.081883 0.250035 0.085720 0.258818 0.088326 0.264250 0.089898 0.269699 0.087603 0.278990 0.082985 0.280319 0.078654 0.277015 0.075840 0.272427 0.070814 0.271238 0.069863 0.265360 0.067485 0.250667 0.069623 0.248952
0 0.765137 0.220308 0.761229 0.228591 0.755531 0.235072 0.751484 0.237872 0.743993 0.242551 0.740992 0.247165 0.741572 0.255383 0.748883 0.263502 0.753815 0.266173 0.761295 0.266064 0.768648 0.255904 0.772114 0.244885 0.773315 0.243039 0.773188 0.232988
0 0.516385 0.288314 0.511471 0.287552 0.508326 0.289267 0.505379 0.294314 0.504825 0.297243 0.507754 0.300536 0.513279 0.302959 0.518809 0.303297 0.522160 0.300744 0.522238 0.296990 0.518770 0.290365
0 0.464973 0.287811 0.466666 0.294043 0.469801 0.296500 0.476418 0.299323 0.484948 0.301285 0.489857 0.304134 0.493527 0.312006 0.491128 0.316213 0.483342 0.316743 0.475774 0.312264 0.458737 0.297913 0.457996 0.293334 0.462722 0.286591
0 0.534578 0.273868 0.536935 0.288433 0.538210 0.298425 0.543533 0.299600 0.549963 0.294918 0.550121 0.285321 0.545297 0.274547 0.537733 0.267981
