0 0.287399 0.673931 0.286911 0.679865 0.288418 0.681502 0.290046 0.681656 0.305108 0.698025 0.311620 0.698640 0.310036 0.717923 0.287243 0.715772 0.285737 0.714135 0.284109 0.713981 0.282358 0.715311 0.275846 0.714697 0.274096 0.716027 0.269212 0.715566 0.267462 0.716895 0.262579 0.716435 0.260828 0.717764 0.257572 0.717457 0.255822 0.718787 0.255457 0.723237 0.224523 0.720318 0.224888 0.715868 0.221876 0.712594 0.220248 0.712440 0.218742 0.710804 0.213858 0.710343 0.215686 0.688092 0.222198 0.688707 0.234447 0.679398 0.236075 0.679552 0.241325 0.675563 0.241812 0.669630
0 0.625553 0.711818 0.623238 0.740001 0.616725 0.739386 0.604476 0.748695 0.604354 0.750178 0.597353 0.755498 0.596866 0.761431 0.556164 0.757590 0.556530 0.753140 0.548998 0.744955 0.547371 0.744801 0.542853 0.739891 0.541224 0.739737 0.538211 0.736463 0.536583 0.736309 0.535077 0.734673 0.533449 0.734519 0.531943 0.732882 0.527059 0.732421 0.527790 0.723521 0.534302 0.724135 0.536052 0.722805 0.536174 0.721322 0.537802 0.721476 0.543052 0.717487 0.544680 0.717641 0.546430 0.716311 0.546552 0.714827 0.548180 0.714981 0.549930 0.713651 0.553186 0.713959 0.554935 0.712629 0.558192 0.712937 0.559942 0.711606 0.563198 0.711914 0.564948 0.710583 0.565313 0.706134
0 0.601102 0.530130 0.599274 0.552380 0.592761 0.551766 0.580511 0.561073 0.580389 0.562556 0.578640 0.563887 0.578274 0.568337 0.563621 0.566954 0.564109 0.561020 0.555072 0.551199 0.553444 0.551046 0.548925 0.546134 0.547297 0.545981 0.542779 0.541069 0.542901 0.539587 0.541394 0.537950 0.536509 0.537489 0.537606 0.524138
0 0.764905 0.653214 0.764539 0.657665 0.766045 0.659301 0.767673 0.659455 0.769179 0.661091 0.774064 0.661552 0.772480 0.680836 0.765967 0.680222 0.764217 0.681552 0.762589 0.681398 0.759090 0.684057 0.757461 0.683903 0.755712 0.685233 0.754084 0.685080 0.752333 0.686410 0.750705 0.686256 0.748955 0.687586 0.747328 0.687432 0.745578 0.688761 0.740693 0.688300 0.738943 0.689630 0.735687 0.689323 0.733937 0.690652 0.732309 0.690499 0.730559 0.691829 0.728931 0.691675 0.727182 0.693006 0.725553 0.692852 0.723803 0.694181 0.722175 0.694028 0.720426 0.695357 0.718797 0.695203 0.717047 0.696533 0.713791 0.696226 0.712041 0.697556 0.710535 0.695919 0.708907 0.695765 0.707400 0.694128 0.705772 0.693974 0.704267 0.692338 0.702638 0.692184 0.701131 0.690548 0.699504 0.690394 0.697753 0.691723 0.696126 0.691570 0.694376 0.692899 0.694254 0.694383 0.692504 0.695713 0.689248 0.695406 0.687741 0.693768 0.684485 0.693461 0.682979 0.691824 0.679723 0.691516 0.675205 0.686606 0.668691 0.685991 0.669788 0.672642 0.674673 0.673103 0.676423 0.671773 0.676545 0.670290 0.685294 0.663641 0.686922 0.663794 0.688672 0.662464 0.690300 0.662618 0.695550 0.658629 0.697179 0.658783 0.700678 0.656123 0.702306 0.656277 0.704056 0.654947 0.705684 0.655100 0.709184 0.652442 0.709550 0.647991
0 0.137605 0.600004 0.137117 0.605937 0.143142 0.612485 0.143020 0.613969 0.149046 0.620517 0.153930 0.620977 0.151858 0.646194 0.143717 0.645426 0.140218 0.648085 0.139852 0.652536 0.061705 0.645162 0.063411 0.624394 0.068295 0.624855 0.071795 0.622196 0.071916 0.620713 0.091166 0.606085 0.091288 0.604602 0.096538 0.600613 0.096903 0.596163
0 0.383943 0.677062 0.383577 0.681512 0.386591 0.684785 0.388218 0.684939 0.389725 0.686576 0.391352 0.686730 0.394365 0.690004 0.395993 0.690157 0.397499 0.691795 0.402383 0.692256 0.403890 0.693892 0.416914 0.695121 0.414843 0.720337 0.349720 0.714193 0.350085 0.709743 0.347073 0.706469 0.345445 0.706316 0.343938 0.704678 0.340682 0.704371 0.339176 0.702734 0.337548 0.702581 0.336041 0.700944 0.334413 0.700791 0.331401 0.697517 0.326516 0.697056 0.328588 0.671838
0 0.572917 0.413863 0.572430 0.419796 0.578454 0.426344 0.583339 0.426805 0.581023 0.454988 0.559858 0.452990 0.560223 0.448541 0.558717 0.446904 0.553833 0.446444 0.552327 0.444806 0.550699 0.444653 0.549193 0.443016 0.549315 0.441532 0.543290 0.434984 0.538406 0.434524 0.538650 0.431557 0.543533 0.432018 0.545283 0.430688 0.545405 0.429205 0.547155 0.427875 0.547399 0.424908 0.549149 0.423579 0.549271 0.422095 0.554520 0.418106 0.555008 0.412173
0 0.116752 0.514325 0.114558 0.541025 0.106418 0.540257 0.101899 0.535347 0.097015 0.534886 0.093515 0.537544 0.091887 0.537391 0.090138 0.538721 0.085253 0.538260 0.083502 0.539589 0.081875 0.539436 0.080125 0.540766 0.079760 0.545215 0.061850 0.543526 0.062216 0.539076 0.059203 0.535802 0.055947 0.535495 0.054441 0.533857 0.052813 0.533704 0.051306 0.532067 0.049679 0.531914 0.048173 0.530277 0.046544 0.530123 0.043532 0.526849 0.041904 0.526695 0.038892 0.523421 0.037263 0.523267 0.035757 0.521631 0.034129 0.521477 0.032623 0.519841 0.030995 0.519687 0.029488 0.518050 0.027860 0.517896 0.024848 0.514622 0.019963 0.514161 0.020694 0.505261
0 0.652849 0.379549 0.647609 0.443332 0.639468 0.442564 0.637719 0.443894 0.637353 0.448344 0.634097 0.448037 0.634462 0.443587 0.631450 0.440313 0.629822 0.440160 0.626809 0.436886 0.626931 0.435403 0.614882 0.422307 0.615004 0.420823 0.613497 0.419187 0.613619 0.417703 0.612112 0.416066 0.612478 0.411616 0.610972 0.409979 0.606088 0.409518 0.610972 0.409979 0.612721 0.408649 0.613087 0.404200 0.614838 0.402870 0.614959 0.401386 0.623709 0.394738 0.623830 0.393255 0.625581 0.391925 0.627208 0.392078 0.630708 0.389419 0.630830 0.387935 0.632581 0.386606 0.634209 0.386759 0.639459 0.382770 0.639824 0.378320
1 0.306800 0.837205 0.306434 0.841654 0.309447 0.844929 0.312703 0.845236 0.314209 0.846873 0.315837 0.847027 0.317344 0.848664 0.318972 0.848818 0.320477 0.850454 0.323733 0.850761 0.325240 0.852398 0.326869 0.852551 0.329880 0.855826 0.331509 0.855980 0.333016 0.857616 0.334643 0.857770 0.336149 0.859406 0.337777 0.859560 0.340790 0.862834 0.342418 0.862988 0.346937 0.867899 0.348565 0.868053 0.356096 0.876237 0.357724 0.876391 0.365255 0.884576 0.365133 0.886059 0.368146 0.889334 0.374658 0.889948 0.371977 0.922581 0.367093 0.922120 0.365343 0.923450 0.363714 0.923296 0.358465 0.927286 0.356836 0.927132 0.353338 0.929791 0.350080 0.929484 0.348331 0.930814 0.346702 0.930660 0.344953 0.931990 0.341697 0.931683 0.339946 0.933012 0.336691 0.932705 0.334941 0.934035 0.331685 0.933727 0.329934 0.935057 0.326679 0.934750 0.324928 0.936080 0.321672 0.935773 0.319923 0.937102 0.316666 0.936795 0.314916 0.938125 0.313288 0.937972 0.311538 0.939301 0.309911 0.939147 0.308160 0.940477 0.303277 0.940016 0.301526 0.941346 0.272221 0.938581 0.270715 0.936943 0.264202 0.936329 0.262696 0.934692 0.261068 0.934539 0.259561 0.932902 0.256305 0.932595 0.254800 0.930958 0.253171 0.930804 0.251664 0.929167 0.250037 0.929014 0.248530 0.927376 0.245275 0.927069 0.243768 0.925432 0.242140 0.925278 0.240634 0.923642 0.239006 0.923488 0.237499 0.921851 0.235872 0.921698 0.232858 0.918423 0.231231 0.918269 0.226712 0.913359 0.225084 0.913205 0.205504 0.891924 0.205625 0.890442 0.195081 0.878982 0.195203 0.877499 0.192191 0.874226 0.193288 0.860875 0.195038 0.859546 0.195282 0.856579 0.197031 0.855249 0.197153 0.853766 0.211152 0.843128 0.212781 0.843282 0.214531 0.841952 0.216158 0.842105 0.221408 0.838117 0.224665 0.838424 0.226414 0.837094 0.229671 0.837402 0.233170 0.834741 0.233536 0.830292
0 0.674687 0.513156 0.672859 0.535405 0.650066 0.533255 0.650432 0.528805 0.647419 0.525531 0.642535 0.525070 0.643754 0.510237
0 0.110727 0.507777 0.108168 0.538927 0.101656 0.538312 0.099905 0.539642 0.096650 0.539335 0.094899 0.540665 0.093271 0.540511 0.091521 0.541841 0.091156 0.546291 0.060222 0.543372 0.060587 0.538922 0.059082 0.537285 0.057454 0.537131 0.055947 0.535495 0.054319 0.535341 0.052813 0.533704 0.051184 0.533550 0.049679 0.531914 0.048051 0.531760 0.045038 0.528486 0.043410 0.528332 0.041904 0.526695 0.040276 0.526541 0.037263 0.523267 0.035635 0.523114 0.034129 0.521477 0.032501 0.521324 0.030995 0.519687 0.027738 0.519380 0.026233 0.517743 0.019719 0.517128 0.021182 0.499328
0 0.905759 0.815989 0.904906 0.826372 0.898394 0.825757 0.896643 0.827087 0.891759 0.826627 0.888747 0.823353 0.888869 0.821869 0.887363 0.820232 0.887850 0.814299
0 0.364065 0.579516 0.363699 0.583967 0.366712 0.587240 0.368339 0.587393 0.369846 0.589031 0.371474 0.589184 0.374486 0.592458 0.376114 0.592612 0.377620 0.594248 0.380877 0.594556 0.382383 0.596193 0.384011 0.596347 0.385517 0.597983 0.387146 0.598137 0.388652 0.599774 0.393536 0.600235 0.395042 0.601872 0.401554 0.602487 0.403061 0.604123 0.409573 0.604738 0.411079 0.606374 0.417592 0.606989 0.416373 0.621822 0.404976 0.620747 0.403226 0.622077 0.395087 0.621309 0.393336 0.622639 0.388451 0.622178 0.386702 0.623508 0.383446 0.623200 0.381695 0.624530 0.378440 0.624222 0.376690 0.625553 0.373434 0.625245 0.371683 0.626575 0.363543 0.625807 0.362037 0.624170 0.357153 0.623709 0.354140 0.620435 0.354262 0.618952 0.345225 0.609131 0.343596 0.608977 0.339078 0.604066 0.337450 0.603912 0.332931 0.599001 0.328048 0.598540 0.329022 0.586674 0.333906 0.587135 0.335656 0.585805 0.336387 0.576904
0 0.364065 0.579516 0.363699 0.583967 0.366712 0.587240 0.368339 0.587393 0.369846 0.589031 0.371474 0.589184 0.372980 0.590822 0.374608 0.590975 0.377620 0.594248 0.379249 0.594402 0.380755 0.596039 0.382383 0.596193 0.383889 0.597829 0.385517 0.597983 0.387024 0.599621 0.390279 0.599928 0.391786 0.601565 0.395042 0.601872 0.396549 0.603509 0.399804 0.603816 0.401311 0.605453 0.409451 0.606221 0.410957 0.607858 0.417470 0.608473 0.416495 0.620339 0.408354 0.619571 0.406605 0.620901 0.396836 0.619979 0.395087 0.621309 0.391830 0.621002 0.390080 0.622332 0.388451 0.622178 0.386702 0.623508 0.383446 0.623200 0.381695 0.624530 0.380068 0.624376 0.378318 0.625706 0.376690 0.625553 0.374939 0.626882 0.373312 0.626728 0.371561 0.628058 0.371196 0.632508 0.361428 0.631586 0.361794 0.627137 0.360287 0.625499 0.358659 0.625346 0.352635 0.618799 0.352756 0.617315 0.345225 0.609131 0.343596 0.608977 0.334559 0.599154 0.328048 0.598540 0.329875 0.576290
1 0.250799 0.823201 0.159825 0.782228 0.153631 0.857632
1 0.294230 0.510891 0.186621 0.589183 0.340956 0.641116
1 0.755114 0.559361 0.425748 0.624202 0.478531 0.664062 0.757024 0.619334
1 0.877049 0.356606 0.609422 0.269069 0.624380 0.469793
1 0.608516 0.330023 0.356449 0.385963 0.444542 0.445349 0.470995 0.422931 0.525513 0.491605 0.500381 0.497954 0.549056 0.521232
1 0.522798 0.491349 0.473506 0.425660 0.448816 0.443261 0.444819 0.475272
0 0.795060 0.863288 0.805853 0.866464 0.807498 0.875251 0.806657 0.875891 0.794730 0.876924 0.790379 0.872198 0.790672 0.868628
0 0.811812 0.784299 0.799219 0.783831 0.784096 0.785281 0.769936 0.784664 0.765411 0.782080 0.759516 0.786558 0.759105 0.791556 0.761163 0.795346 0.775090 0.798819 0.794794 0.799239 0.809013 0.799143 0.820942 0.798110 0.818454 0.789962
0 0.790626 0.821145 0.799245 0.821958 0.808528 0.824274 0.810234 0.832347 0.808375 0.835769 0.800127 0.840027 0.787535 0.839557 0.774626 0.833305 0.773960 0.831802 0.779539 0.821539 0.786590 0.822204
0 0.452938 0.279975 0.448121 0.280959 0.435819 0.276922 0.420736 0.268305 0.422048 0.261953 0.430351 0.256982 0.441378 0.257303 0.454522 0.260702 0.459772 0.264075 0.459303 0.269786 0.455699 0.275200
0 0.580172 0.268962 0.578546 0.269528 0.573004 0.269723 0.558960 0.267679 0.553161 0.261377 0.551337 0.254731 0.554158 0.249241 0.565302 0.248135 0.573921 0.248948 0.581777 0.259041 0.583717 0.264260 0.583424 0.267829
0 0.411101 0.750805 0.268808 0.656812 0.262423 0.657647 0.261229 0.662571 0.276136 0.673329 0.383269 0.753215 0.401721 0.759272 0.411651 0.753735
0 0.336289 0.575417 0.263255 0.359191 0.255713 0.354883 0.250228 0.354365 0.243667 0.357343 0.317546 0.572928 0.321836 0.578369 0.331179 0.579969
0 0.853235 0.875971 0.794671 0.877637 0.735406 0.916646 0.813302 0.910328 0.849731 0.899378
0 0.815596 0.911264 0.753428 0.918346 0.702292 0.954524 0.727539 0.954750 0.775780 0.944195 0.814677 0.932039
1 0.526017 0.514908 0.529486 0.530341 0.535151 0.557493 0.534037 0.571055 0.520643 0.589934 0.496691 0.602781 0.459243 0.616512 0.419718 0.617098 0.385948 0.605280 0.347201 0.577165 0.333583 0.550703 0.338120 0.505092 0.366731 0.473981 0.429485 0.459761 0.444195 0.463307 0.446880 0.478666 0.480218 0.486129 0.501805 0.492481 0.521844 0.508041 0.525293 0.514120
1 0.676834 0.514751 0.601753 0.486805 0.532268 0.534921 0.584633 0.589498
0 0.687695 0.334497 0.686911 0.334423 0.672690 0.334521 0.668832 0.333438 0.670928 0.327159 0.687614 0.325858 0.688771 0.331002
