0 0.423347 0.576359 0.428861 0.621581 0.419471 0.621725 0.418654 0.615026 0.415564 0.611717 0.415359 0.610042 0.404540 0.598463 0.403198 0.598484 0.398562 0.593521 0.394537 0.593583 0.392495 0.576834
0 0.320212 0.215500 0.323276 0.240623 0.319251 0.240685 0.315840 0.245771 0.316044 0.247445 0.314908 0.249141 0.315521 0.254166 0.304790 0.254331 0.303973 0.247631 0.299335 0.242669 0.299131 0.240995 0.297585 0.239340 0.296244 0.239361 0.290062 0.232744 0.286038 0.232806 0.283996 0.216057
0 0.509195 0.575038 0.513075 0.606859 0.509051 0.606921 0.507914 0.608617 0.508526 0.613643 0.489747 0.613932 0.489135 0.608907 0.482952 0.602290 0.482748 0.600614 0.479657 0.597307 0.475632 0.597369 0.474407 0.587320 0.478431 0.587258 0.481842 0.582171 0.481025 0.575471
0 0.271106 0.209544 0.277233 0.259789 0.271867 0.259872 0.269593 0.263263 0.270206 0.268287 0.266182 0.268349 0.265569 0.263325 0.257841 0.255054 0.257637 0.253379 0.254546 0.250070 0.253204 0.250091 0.253000 0.248416 0.248363 0.243454 0.244339 0.243515 0.241479 0.220068 0.245504 0.220006 0.246641 0.218310 0.246437 0.216635 0.247574 0.214939 0.246961 0.209915
0 0.543132 0.500684 0.548851 0.547580 0.543485 0.547662 0.542349 0.549357 0.535641 0.549460 0.534505 0.551156 0.525115 0.551301 0.523568 0.549646 0.520887 0.549687 0.513158 0.541417 0.512954 0.539742 0.509863 0.536434 0.505839 0.536496 0.503184 0.514722 0.507208 0.514661 0.508345 0.512966 0.509686 0.512945 0.511961 0.509554 0.513302 0.509533 0.514439 0.507837 0.513622 0.501138
0 0.359889 0.496792 0.360706 0.503492 0.362252 0.505146 0.362456 0.506821 0.364001 0.508474 0.364205 0.510150 0.365751 0.511804 0.365955 0.513479 0.375229 0.523404 0.379253 0.523342 0.382112 0.546790 0.378088 0.546852 0.371265 0.557025 0.371877 0.562049 0.363829 0.562173 0.363012 0.555474 0.358376 0.550511 0.358172 0.548837 0.351989 0.542219 0.351785 0.540545 0.348694 0.537236 0.344670 0.537298 0.341402 0.510501 0.345426 0.510439 0.347700 0.507048 0.347292 0.503698 0.348429 0.502002 0.347817 0.496978
0 0.288241 0.041480 0.291509 0.068278 0.287485 0.068340 0.286348 0.070035 0.285006 0.070055 0.281595 0.075142 0.280253 0.075163 0.279117 0.076859 0.277775 0.076880 0.276638 0.078575 0.275093 0.076921 0.272409 0.076962 0.270864 0.075308 0.270660 0.073633 0.262931 0.065362 0.262727 0.063686 0.258091 0.058724 0.254067 0.058786 0.252025 0.042038
0 0.400806 0.127003 0.403257 0.147102 0.397891 0.147184 0.394479 0.152270 0.394683 0.153946 0.392410 0.157337 0.391068 0.157357 0.389931 0.159052 0.390748 0.165753 0.384041 0.165856 0.383428 0.160831 0.380337 0.157522 0.378996 0.157543 0.375904 0.154235 0.375700 0.152559 0.371064 0.147597 0.369722 0.147618 0.368177 0.145963 0.367972 0.144289 0.366426 0.142635 0.361061 0.142718 0.359223 0.127643
0 0.730088 0.182343 0.735602 0.227563 0.730236 0.227646 0.729099 0.229342 0.729303 0.231017 0.725892 0.236103 0.726505 0.241127 0.715774 0.241293 0.715161 0.236269 0.712070 0.232960 0.711866 0.231286 0.707229 0.226323 0.707024 0.224647 0.703933 0.221339 0.703729 0.219665 0.702184 0.218011 0.698160 0.218073 0.696730 0.206348 0.700754 0.206286 0.701891 0.204591 0.701686 0.202916 0.702824 0.201221 0.702416 0.197871 0.703552 0.196175 0.703348 0.194500 0.705623 0.191109 0.705419 0.189435 0.706556 0.187739 0.705943 0.182715
0 0.586056 0.500023 0.589528 0.528496 0.585505 0.528558 0.577544 0.540426 0.577748 0.542101 0.572062 0.550578 0.570721 0.550599 0.567630 0.547290 0.567426 0.545616 0.561243 0.538998 0.561039 0.537324 0.557948 0.534016 0.553924 0.534077 0.550861 0.508955 0.554885 0.508893 0.556022 0.507197 0.555205 0.500498
0 0.415177 0.509365 0.418445 0.536163 0.414421 0.536225 0.408735 0.544703 0.407394 0.544723 0.406257 0.546418 0.400891 0.546501 0.399346 0.544847 0.398004 0.544868 0.394913 0.541558 0.394709 0.539884 0.391618 0.536576 0.387593 0.536638 0.385755 0.521564 0.389780 0.521502 0.393191 0.516416 0.392374 0.509716
0 0.674708 0.565778 0.677363 0.587551 0.671997 0.587633 0.665175 0.597806 0.665379 0.599482 0.664242 0.601178 0.664446 0.602852 0.662172 0.606243 0.662785 0.611268 0.656078 0.611371 0.655261 0.604671 0.653715 0.603017 0.648350 0.603100 0.643857 0.566253
0 0.229542 0.033994 0.230358 0.040693 0.224993 0.040775 0.223972 0.032402 0.227996 0.032340 0.229542 0.033994 0.235840 0.030541 0.235635 0.028866 0.234090 0.027211 0.233886 0.025537 0.232340 0.023882 0.232136 0.022208 0.230590 0.020553 0.229569 0.012179 0.230706 0.010484 0.229889 0.003784 0.231027 0.002089 0.230618 0.000000 0.231755 0.000000 0.230734 0.000000 0.254879 0.000000 0.258146 0.015096 0.252781 0.015178 0.251643 0.016874 0.251847 0.018548 0.249574 0.021939 0.249778 0.023614 0.245229 0.030397 0.245433 0.032071 0.242751 0.032112 0.241614 0.033809 0.238931 0.033850 0.235840 0.030541
0 0.314978 0.437076 0.319267 0.472248 0.313901 0.472331 0.311627 0.475721 0.312444 0.482421 0.289641 0.482772 0.286577 0.457649 0.290601 0.457587 0.297424 0.447414 0.297220 0.445739 0.298357 0.444043 0.297540 0.437344
0 0.262292 0.082152 0.263109 0.088851 0.269291 0.095468 0.273315 0.095406 0.277195 0.127227 0.269147 0.127351 0.268534 0.122327 0.262352 0.115711 0.262148 0.114035 0.252874 0.104110 0.248849 0.104172 0.246194 0.082399
0 0.400826 0.435754 0.404910 0.469251 0.399545 0.469334 0.396134 0.474420 0.394792 0.474440 0.393655 0.476136 0.392314 0.476157 0.391177 0.477853 0.389835 0.477874 0.388289 0.476219 0.385607 0.476260 0.384061 0.474606 0.382719 0.474626 0.378083 0.469664 0.374058 0.469726 0.372220 0.454653 0.376245 0.454591 0.384204 0.442722 0.383388 0.436023
0 0.494843 0.501427 0.501991 0.560046 0.496625 0.560129 0.496013 0.555105 0.492922 0.551796 0.490239 0.551838 0.490035 0.550162 0.485398 0.545200 0.484056 0.545221 0.482511 0.543567 0.482306 0.541892 0.479216 0.538583 0.477874 0.538604 0.471692 0.531987 0.470350 0.532008 0.467259 0.528699 0.461893 0.528782 0.459647 0.510359 0.465012 0.510277 0.466150 0.508581 0.467491 0.508560 0.468628 0.506864 0.468015 0.501840
0 0.334080 0.020639 0.339186 0.062510 0.333820 0.062592 0.331546 0.065984 0.331750 0.067658 0.324927 0.077831 0.323586 0.077852 0.321312 0.081243 0.321925 0.086267 0.316559 0.086350 0.315947 0.081326 0.308218 0.073055 0.308014 0.071380 0.306468 0.069725 0.306264 0.068051 0.304719 0.066397 0.303902 0.059697 0.305038 0.058002 0.304834 0.056327 0.307109 0.052935 0.306905 0.051261 0.311454 0.044479 0.311249 0.042805 0.313523 0.039413 0.313319 0.037738 0.315594 0.034347 0.315390 0.032673 0.316526 0.030977 0.316322 0.029303 0.317460 0.027607 0.316643 0.020907
0 0.421229 0.294489 0.425109 0.326310 0.407672 0.326579 0.407059 0.321555 0.390057 0.303359 0.386033 0.303421 0.385011 0.295046
0 0.368432 0.026822 0.369249 0.033521 0.372340 0.036830 0.372544 0.038504 0.381817 0.048430 0.385841 0.048369 0.389313 0.076840 0.383948 0.076923 0.381674 0.080314 0.382286 0.085338 0.370214 0.085524 0.369397 0.078824 0.364760 0.073862 0.364556 0.072188 0.358374 0.065571 0.358169 0.063896 0.353533 0.058933 0.353125 0.055584 0.351578 0.053929 0.350149 0.042206 0.351286 0.040510 0.349653 0.027111
0 0.318821 0.336337 0.322497 0.366484 0.318473 0.366546 0.317335 0.368241 0.315994 0.368262 0.314857 0.369958 0.315470 0.374983 0.306080 0.375127 0.305468 0.370102 0.303922 0.368447 0.302581 0.368468 0.297943 0.363506 0.297739 0.361831 0.291557 0.355215 0.291148 0.351864 0.288057 0.348556 0.284033 0.348618 0.282603 0.336894
0 0.683432 0.196485 0.686496 0.221607 0.682472 0.221669 0.677922 0.228451 0.678739 0.235152 0.669350 0.235296 0.668738 0.230271 0.664100 0.225308 0.663896 0.223634 0.659260 0.218672 0.657919 0.218692 0.656373 0.217037 0.656169 0.215363 0.653077 0.212054 0.649053 0.212116 0.647215 0.197042
0 0.582416 0.117496 0.585275 0.140944 0.579909 0.141027 0.578773 0.142722 0.578977 0.144397 0.574428 0.151179 0.575040 0.156203 0.571016 0.156265 0.570404 0.151241 0.567313 0.147932 0.565972 0.147953 0.562880 0.144645 0.562675 0.142969 0.559584 0.139662 0.558243 0.139683 0.555152 0.136374 0.554948 0.134699 0.553402 0.133044 0.548036 0.133127 0.546198 0.118054
0 0.667558 0.022218 0.671030 0.050691 0.665664 0.050773 0.663390 0.054163 0.664207 0.060864 0.653476 0.061029 0.652863 0.056004 0.646681 0.049387 0.646476 0.047712 0.643385 0.044404 0.639362 0.044466 0.636706 0.022693
0 0.602839 0.284981 0.605494 0.306755 0.600128 0.306837 0.597854 0.310227 0.598058 0.311903 0.594646 0.316990 0.593305 0.317010 0.592169 0.318705 0.592781 0.323729 0.590099 0.323771 0.589486 0.318747 0.586395 0.315438 0.585053 0.315459 0.583507 0.313804 0.583303 0.312130 0.566301 0.293933 0.562278 0.293995 0.561257 0.285621
0 0.327807 0.410030 0.330870 0.435152 0.325505 0.435235 0.324367 0.436931 0.324980 0.441956 0.320956 0.442018 0.320343 0.436993 0.307979 0.423759 0.303955 0.423821 0.302321 0.410422
0 0.653649 0.492271 0.654466 0.498970 0.657557 0.502278 0.661582 0.502216 0.665666 0.535714 0.654935 0.535879 0.653390 0.534225 0.653186 0.532550 0.645457 0.524278 0.645253 0.522604 0.642162 0.519295 0.638138 0.519357 0.635892 0.500934 0.639916 0.500872 0.641053 0.499176 0.640236 0.492477
0 0.463911 0.159592 0.467995 0.193089 0.462630 0.193172 0.458081 0.199954 0.458694 0.204979 0.458081 0.199954 0.456535 0.198299 0.453853 0.198340 0.452307 0.196686 0.450966 0.196707 0.446329 0.191744 0.442305 0.191806 0.440672 0.178407 0.444695 0.178345 0.448107 0.173259 0.447903 0.171585 0.451314 0.166498 0.450497 0.159798
0 0.287666 0.169017 0.291343 0.199164 0.287318 0.199226 0.285045 0.202617 0.285657 0.207642 0.277609 0.207766 0.276996 0.202741 0.266177 0.191162 0.265973 0.189487 0.264427 0.187833 0.264222 0.186158 0.262677 0.184504 0.258653 0.184566 0.258244 0.181215 0.262269 0.181153 0.263405 0.179458 0.263201 0.177784 0.264339 0.176088 0.263522 0.169388
0 0.244390 0.122699 0.245206 0.129398 0.251389 0.136015 0.251593 0.137690 0.253138 0.139344 0.254480 0.139324 0.259117 0.144287 0.263141 0.144225 0.265796 0.165997 0.260431 0.166080 0.258156 0.169471 0.258769 0.174496 0.252063 0.174599 0.251450 0.169574 0.235993 0.153032 0.235789 0.151358 0.231152 0.146395 0.227128 0.146457 0.224269 0.123009
0 0.412838 0.402009 0.416718 0.433831 0.403304 0.434038 0.402692 0.429013 0.393418 0.419088 0.389394 0.419150 0.387352 0.402402
0 0.420533 0.354907 0.421350 0.361607 0.422895 0.363260 0.423099 0.364936 0.426191 0.368244 0.426396 0.369919 0.435668 0.379844 0.437010 0.379823 0.438556 0.381478 0.442580 0.381416 0.444418 0.396489 0.440394 0.396551 0.436982 0.401638 0.435641 0.401658 0.434504 0.403354 0.433162 0.403375 0.432025 0.405070 0.425318 0.405173 0.416045 0.395248 0.415841 0.393573 0.414295 0.391919 0.414091 0.390245 0.412546 0.388590 0.407180 0.388673 0.403095 0.355175
0 0.550596 0.473721 0.553455 0.497169 0.542724 0.497334 0.531905 0.485755 0.531701 0.484080 0.530155 0.482425 0.526131 0.482487 0.525110 0.474113
0 0.341341 0.476942 0.344813 0.505415 0.334082 0.505580 0.327900 0.498963 0.326559 0.498984 0.325013 0.497329 0.324809 0.495654 0.323263 0.494000 0.323058 0.492325 0.321513 0.490671 0.317490 0.490733 0.315856 0.477334
0 0.576647 0.191417 0.577464 0.198116 0.580554 0.201425 0.580759 0.203100 0.585396 0.208062 0.585600 0.209736 0.588691 0.213045 0.594057 0.212962 0.596508 0.233061 0.591142 0.233144 0.590005 0.234839 0.588664 0.234860 0.587526 0.236556 0.582161 0.236638 0.580615 0.234983 0.580411 0.233309 0.571137 0.223383 0.570933 0.221709 0.569387 0.220055 0.569183 0.218379 0.567638 0.216726 0.563614 0.216788 0.560551 0.191664
0 0.389500 0.254705 0.392563 0.279827 0.385856 0.279931 0.384719 0.281627 0.385332 0.286652 0.382649 0.286693 0.382037 0.281668 0.380491 0.280013 0.379150 0.280034 0.377604 0.278380 0.376263 0.278401 0.373171 0.275092 0.372967 0.273418 0.369876 0.270110 0.365852 0.270172 0.364014 0.255097
0 0.595043 0.573716 0.598310 0.600514 0.594286 0.600576 0.593149 0.602272 0.590466 0.602313 0.589329 0.604008 0.585305 0.604070 0.584168 0.605765 0.577461 0.605868 0.575916 0.604215 0.571891 0.604277 0.568800 0.600968 0.567459 0.600989 0.565913 0.599334 0.561889 0.599396 0.558826 0.574274
0 0.411880 0.019441 0.412697 0.026141 0.414242 0.027795 0.414446 0.029470 0.419083 0.034432 0.419288 0.036107 0.428561 0.046032 0.433927 0.045950 0.437194 0.072747 0.433170 0.072809 0.430896 0.076200 0.431101 0.077875 0.429963 0.079571 0.430167 0.081246 0.427893 0.084636 0.426347 0.082982 0.423665 0.083024 0.422119 0.081370 0.421915 0.079695 0.420369 0.078040 0.420165 0.076366 0.415528 0.071404 0.415324 0.069728 0.413778 0.068073 0.413574 0.066399 0.410482 0.063091 0.410278 0.061415 0.407188 0.058107 0.406984 0.056433 0.405438 0.054779 0.405233 0.053103 0.403687 0.051449 0.403483 0.049774 0.398847 0.044812 0.398438 0.041463 0.396893 0.039808 0.395668 0.029759 0.396804 0.028064 0.395783 0.019689
0 0.349541 0.114369 0.350358 0.121068 0.351904 0.122723 0.357269 0.122640 0.362171 0.162835 0.358147 0.162897 0.354735 0.167984 0.354939 0.169659 0.353803 0.171355 0.354007 0.173030 0.351732 0.176421 0.351936 0.178095 0.349663 0.181486 0.350275 0.186512 0.342227 0.186635 0.341410 0.179935 0.336773 0.174973 0.336569 0.173299 0.325750 0.161719 0.320384 0.161801 0.315687 0.123280 0.319711 0.123218 0.321985 0.119826 0.321372 0.114802
0 0.530415 0.440472 0.533070 0.462245 0.529046 0.462307 0.525634 0.467393 0.524293 0.467414 0.523156 0.469110 0.520473 0.469151 0.519336 0.470846 0.517790 0.469192 0.516448 0.469213 0.508721 0.460941 0.508516 0.459266 0.505425 0.455958 0.501401 0.456020 0.499563 0.440946
0 0.343550 0.362804 0.348656 0.404676 0.343291 0.404758 0.338742 0.411540 0.334718 0.411602 0.331626 0.408294 0.331422 0.406619 0.329877 0.404965 0.329264 0.399940 0.327719 0.398285 0.327106 0.393261 0.325560 0.391607 0.321536 0.391669 0.318064 0.363196
0 0.480582 0.031808 0.483441 0.055256 0.479418 0.055318 0.470321 0.068882 0.466296 0.068944 0.464750 0.067289 0.463409 0.067309 0.449498 0.052422 0.449294 0.050747 0.447749 0.049093 0.447545 0.047419 0.444453 0.044110 0.440430 0.044172 0.439000 0.032448
0 0.624230 0.096717 0.624843 0.101742 0.627935 0.105050 0.628139 0.106724 0.631230 0.110033 0.635254 0.109971 0.640155 0.150167 0.634790 0.150250 0.632515 0.153641 0.632720 0.155315 0.630445 0.158706 0.630650 0.160382 0.628375 0.163773 0.628579 0.165447 0.625169 0.170534 0.625781 0.175558 0.619074 0.175661 0.618461 0.170637 0.615370 0.167329 0.615166 0.165653 0.612075 0.162346 0.611870 0.160671 0.607234 0.155707 0.607030 0.154033 0.602392 0.149070 0.602188 0.147396 0.600642 0.145742 0.600438 0.144067 0.597348 0.140758 0.597143 0.139084 0.595597 0.137429 0.591574 0.137491 0.589123 0.117393 0.593147 0.117331 0.595421 0.113940 0.595217 0.112266 0.598628 0.107179 0.598424 0.105504 0.599561 0.103808 0.598744 0.097109
0 0.333747 0.282411 0.338444 0.320933 0.333079 0.321016 0.325119 0.332884 0.321095 0.332946 0.319958 0.334641 0.318412 0.332987 0.317070 0.333008 0.313980 0.329699 0.312638 0.329720 0.311092 0.328065 0.310888 0.326391 0.306252 0.321429 0.302227 0.321491 0.300389 0.306417 0.304413 0.306355 0.305550 0.304660 0.305346 0.302984 0.306483 0.301288 0.306279 0.299614 0.308553 0.296223 0.308349 0.294548 0.311760 0.289462 0.310943 0.282762
0 0.676847 0.263706 0.677664 0.270406 0.679209 0.272060 0.679617 0.275409 0.681162 0.277064 0.681367 0.278738 0.682913 0.280393 0.683117 0.282068 0.684662 0.283722 0.684866 0.285397 0.686412 0.287051 0.686617 0.288725 0.688162 0.290380 0.688366 0.292054 0.689912 0.293709 0.695278 0.293626 0.697728 0.313725 0.689680 0.313848 0.688543 0.315545 0.687202 0.315565 0.686064 0.317260 0.683382 0.317301 0.681836 0.315648 0.680495 0.315668 0.678949 0.314014 0.677607 0.314034 0.666788 0.302455 0.666584 0.300780 0.663493 0.297472 0.659469 0.297534 0.658652 0.290834 0.662676 0.290772 0.663814 0.289076 0.663405 0.285728 0.664542 0.284032 0.663929 0.279006 0.665067 0.277311 0.664658 0.273962 0.665795 0.272267 0.664774 0.263892
0 0.331407 0.175055 0.334062 0.196828 0.330039 0.196890 0.325490 0.203673 0.321466 0.203735 0.319920 0.202080 0.318579 0.202101 0.313941 0.197138 0.313737 0.195463 0.309101 0.190501 0.308896 0.188826 0.307351 0.187172 0.306943 0.183823 0.305397 0.182168 0.301373 0.182230 0.300556 0.175530
0 0.679368 0.471739 0.682227 0.495187 0.671496 0.495352 0.660677 0.483773 0.660473 0.482098 0.658927 0.480443 0.654902 0.480505 0.653881 0.472131
0 0.570293 0.238498 0.572948 0.260271 0.568924 0.260333 0.565512 0.265420 0.565717 0.267095 0.562305 0.272181 0.560964 0.272202 0.559827 0.273898 0.558485 0.273919 0.555394 0.270610 0.555190 0.268935 0.552099 0.265626 0.548074 0.265688 0.544806 0.238891
0 0.490960 0.000000 0.494432 0.013137 0.489067 0.013220 0.487929 0.014915 0.486588 0.014935 0.485451 0.016630 0.486268 0.023330 0.483586 0.023371 0.482769 0.016672 0.481223 0.015018 0.479881 0.015039 0.478336 0.013385 0.478131 0.011710 0.475040 0.008401 0.474836 0.006727 0.473291 0.005072 0.471949 0.005093 0.471541 0.001743 0.469995 0.000088 0.469178 0.000000 0.467632 0.000000 0.466816 0.000000
0 0.649494 0.270839 0.655009 0.316061 0.649643 0.316143 0.648505 0.317838 0.648710 0.319514 0.643024 0.327991 0.641683 0.328011 0.640546 0.329706 0.636521 0.329768 0.628794 0.321498 0.628590 0.319823 0.622407 0.313205 0.622203 0.311531 0.617567 0.306569 0.617362 0.304894 0.615816 0.303240 0.615612 0.301565 0.612521 0.298256 0.612112 0.294907 0.610567 0.293252 0.610363 0.291577 0.611500 0.289881 0.611295 0.288207 0.612433 0.286512 0.612229 0.284837 0.616777 0.278055 0.615960 0.271355
0 0.430840 0.119829 0.431657 0.126529 0.434749 0.129837 0.438773 0.129775 0.442040 0.156573 0.431309 0.156738 0.422036 0.146813 0.421831 0.145137 0.420286 0.143484 0.414920 0.143566 0.412061 0.120118
0 0.552915 0.272326 0.557817 0.312522 0.553792 0.312584 0.552656 0.314279 0.551314 0.314300 0.544491 0.324473 0.545308 0.331172 0.543967 0.331193 0.543354 0.326169 0.540263 0.322860 0.540059 0.321186 0.538514 0.319531 0.537901 0.314506 0.536355 0.312853 0.532331 0.312914 0.531923 0.309565 0.535947 0.309503 0.537084 0.307808 0.534225 0.284360 0.532679 0.282705 0.528655 0.282767 0.527430 0.272718
0 0.627457 0.398706 0.631338 0.430528 0.617924 0.430734 0.617107 0.424035 0.615562 0.422381 0.614220 0.422402 0.608038 0.415785 0.604014 0.415847 0.601972 0.399098
0 0.643322 0.418598 0.644139 0.425297 0.645684 0.426951 0.645888 0.428626 0.648979 0.431935 0.649184 0.433610 0.652275 0.436918 0.652479 0.438593 0.655571 0.441901 0.659595 0.441839 0.663067 0.470311 0.650994 0.470497 0.650177 0.463798 0.648632 0.462144 0.647291 0.462165 0.645745 0.460511 0.645541 0.458836 0.639358 0.452219 0.639154 0.450544 0.637608 0.448890 0.637404 0.447214 0.635859 0.445561 0.632591 0.418763
0 0.615446 0.432451 0.620143 0.470972 0.616118 0.471034 0.610433 0.479512 0.611046 0.484537 0.610433 0.479512 0.608888 0.477858 0.607546 0.477879 0.606001 0.476224 0.604659 0.476245 0.601568 0.472936 0.601364 0.471261 0.595181 0.464644 0.594773 0.461295 0.591681 0.457986 0.587657 0.458048 0.585615 0.441300 0.589639 0.441238 0.590777 0.439542 0.589960 0.432843
0 0.721475 0.464379 0.724129 0.486151 0.720106 0.486213 0.716694 0.491300 0.717307 0.496324 0.706576 0.496489 0.705759 0.489790 0.704214 0.488136 0.698847 0.488219 0.695988 0.464771
0 0.702463 0.484807 0.708794 0.536727 0.704770 0.536789 0.703633 0.538485 0.704246 0.543510 0.692173 0.543696 0.691356 0.536996 0.686720 0.532033 0.685378 0.532054 0.685174 0.530379 0.680537 0.525417 0.676513 0.525479 0.675083 0.513754 0.679108 0.513692 0.682519 0.508606 0.682315 0.506932 0.692549 0.491672 0.691732 0.484972
0 0.717854 0.390603 0.721122 0.417400 0.715756 0.417483 0.714619 0.419179 0.713278 0.419200 0.712141 0.420894 0.710595 0.419241 0.709254 0.419261 0.707708 0.417607 0.706367 0.417627 0.698638 0.409356 0.694615 0.409418 0.692368 0.390995
0 0.230794 0.022229 0.231611 0.028928 0.233157 0.030583 0.238522 0.030500 0.246896 0.099168 0.240189 0.099272 0.237915 0.102663 0.238528 0.107688 0.237186 0.107708 0.236573 0.102683 0.233482 0.099375 0.232141 0.099396 0.221321 0.087816 0.221117 0.086141 0.214935 0.079524 0.214731 0.077850 0.211639 0.074542 0.207616 0.074604 0.202306 0.031058 0.206329 0.030996 0.208604 0.027604 0.207991 0.022580
0 0.366051 0.194658 0.371770 0.241554 0.366404 0.241637 0.365267 0.243333 0.365471 0.245007 0.363197 0.248398 0.363606 0.251748 0.361331 0.255139 0.361535 0.256814 0.360398 0.258509 0.360602 0.260183 0.359466 0.261879 0.360078 0.266903 0.352030 0.267027 0.351417 0.262003 0.345235 0.255386 0.345031 0.253712 0.341939 0.250403 0.340598 0.250423 0.337506 0.247115 0.337302 0.245441 0.334211 0.242132 0.330187 0.242194 0.327532 0.220422 0.331556 0.220360 0.338379 0.210187 0.338175 0.208511 0.342723 0.201729 0.341906 0.195030
0 0.376671 0.281750 0.377284 0.286776 0.378829 0.288429 0.382853 0.288367 0.387755 0.328564 0.382390 0.328646 0.380115 0.332037 0.380319 0.333712 0.378045 0.337104 0.378249 0.338778 0.375975 0.342169 0.374634 0.342190 0.373497 0.343886 0.371951 0.342231 0.369269 0.342272 0.366177 0.338964 0.364836 0.338984 0.361744 0.335676 0.361540 0.334001 0.352267 0.324077 0.352062 0.322401 0.345880 0.315784 0.345676 0.314109 0.342585 0.310802 0.338561 0.310864 0.336927 0.297464 0.340951 0.297402 0.345499 0.290621 0.346841 0.290600 0.347978 0.288904 0.347161 0.282205
0 0.719468 0.095251 0.723552 0.128748 0.719528 0.128810 0.710431 0.142374 0.711043 0.147398 0.701654 0.147542 0.701041 0.142518 0.694859 0.135901 0.694655 0.134227 0.693109 0.132572 0.692905 0.130897 0.691359 0.129243 0.687336 0.129305 0.691359 0.129243 0.697045 0.120765 0.696841 0.119091 0.703663 0.108918 0.705005 0.108897 0.706142 0.107201 0.705938 0.105527 0.707075 0.103832 0.706871 0.102157 0.708009 0.100462 0.707396 0.095436
0 0.449932 0.441710 0.453404 0.470183 0.449380 0.470245 0.445969 0.475331 0.446173 0.477007 0.442761 0.482093 0.442965 0.483767 0.441828 0.485463 0.439146 0.485504 0.436054 0.482196 0.434713 0.482217 0.426985 0.473945 0.426781 0.472271 0.422144 0.467307 0.416779 0.467390 0.413716 0.442268
0 0.651703 0.156702 0.655175 0.185175 0.649810 0.185257 0.648672 0.186952 0.644648 0.187014 0.641557 0.183706 0.640216 0.183726 0.635579 0.178764 0.635375 0.177089 0.633829 0.175434 0.632399 0.163711 0.633537 0.162016 0.632924 0.156991
0 0.604221 0.009769 0.604833 0.014793 0.606379 0.016448 0.606583 0.018122 0.608129 0.019777 0.608333 0.021451 0.611424 0.024760 0.611628 0.026435 0.613174 0.028089 0.613378 0.029764 0.614924 0.031417 0.620289 0.031335 0.623966 0.061483 0.618600 0.061566 0.617462 0.063261 0.618075 0.068286 0.614051 0.068348 0.613439 0.063323 0.605710 0.055051 0.605506 0.053377 0.597779 0.045106 0.597370 0.041757 0.595825 0.040102 0.593783 0.023353 0.594919 0.021657 0.593490 0.009934
0 0.613217 0.237838 0.616689 0.266311 0.611323 0.266393 0.610186 0.268088 0.606162 0.268150 0.593797 0.254917 0.589773 0.254978 0.587730 0.238230
0 0.714233 0.316827 0.717501 0.343624 0.713477 0.343686 0.712340 0.345381 0.710999 0.345402 0.707587 0.350489 0.708200 0.355513 0.698810 0.355657 0.698198 0.350633 0.695106 0.347325 0.694901 0.345650 0.693356 0.343996 0.693152 0.342320 0.690061 0.339013 0.686037 0.339075 0.684812 0.329025 0.688835 0.328963 0.691110 0.325572 0.690089 0.317198
0 0.533309 0.111540 0.537394 0.145037 0.532028 0.145120 0.526343 0.153598 0.525001 0.153618 0.523864 0.155313 0.518499 0.155396 0.516953 0.153742 0.515611 0.153763 0.509429 0.147146 0.509225 0.145471 0.507679 0.143816 0.506658 0.135442 0.507795 0.133746 0.507591 0.132072 0.516689 0.118508 0.515872 0.111808
0 0.471505 0.354123 0.476815 0.397669 0.471450 0.397751 0.470313 0.399446 0.470517 0.401122 0.468243 0.404513 0.464218 0.404575 0.462673 0.402921 0.457308 0.403003 0.451385 0.354432
0 0.454945 0.394649 0.459029 0.428146 0.453664 0.428229 0.452527 0.429924 0.449843 0.429965 0.448707 0.431661 0.447162 0.430007 0.445820 0.430027 0.444275 0.428373 0.442933 0.428394 0.436750 0.421777 0.432727 0.421839 0.431501 0.411790 0.435525 0.411728 0.437799 0.408337 0.437595 0.406663 0.438732 0.404967 0.438528 0.403293 0.439869 0.403272 0.441007 0.401576 0.440190 0.394876
0 0.385082 0.482980 0.387329 0.501403 0.380622 0.501507 0.379485 0.503203 0.380097 0.508227 0.370707 0.508371 0.369890 0.501672 0.366800 0.498364 0.361435 0.498447 0.359597 0.483373
0 0.292437 0.000000 0.297543 0.029592 0.293518 0.029654 0.292382 0.031349 0.291041 0.031369 0.288766 0.034760 0.289379 0.039784 0.288037 0.039805 0.287424 0.034781 0.285879 0.033127 0.284538 0.033148 0.282992 0.031493 0.281651 0.031514 0.278559 0.028205 0.278151 0.024856 0.275060 0.021547 0.271035 0.021609 0.270218 0.014910 0.275585 0.014827 0.278996 0.009741 0.278791 0.008066 0.281066 0.004675 0.280861 0.002999 0.281998 0.001304 0.281794 0.000000 0.282931 0.000000 0.282727 0.000000 0.283865 0.000000 0.283048 0.000000
0 0.734535 0.417194 0.735352 0.423893 0.736898 0.425547 0.737102 0.427222 0.738648 0.428876 0.744013 0.428793 0.748098 0.462290 0.734684 0.462497 0.733867 0.455797 0.729230 0.450835 0.729026 0.449161 0.727480 0.447506 0.727276 0.445831 0.724185 0.442523 0.720160 0.442584 0.717097 0.417462
0 0.338316 0.584380 0.340971 0.606154 0.336946 0.606216 0.335401 0.604561 0.334060 0.604581 0.329423 0.599619 0.325399 0.599681 0.323561 0.584607
0 0.513037 0.474299 0.515896 0.497747 0.510531 0.497829 0.509394 0.499524 0.508052 0.499545 0.506916 0.501241 0.501550 0.501324 0.495368 0.494707 0.490001 0.494789 0.487551 0.474691
0 0.688556 0.062167 0.692640 0.095664 0.688616 0.095726 0.687479 0.097420 0.686137 0.097441 0.682726 0.102528 0.683339 0.107552 0.682726 0.102528 0.681181 0.100874 0.679839 0.100895 0.678293 0.099240 0.676952 0.099261 0.673861 0.095953 0.673657 0.094278 0.672112 0.092624 0.671907 0.090948 0.670361 0.089295 0.666338 0.089356 0.665521 0.082657 0.669544 0.082595 0.671819 0.079204 0.671615 0.077530 0.677301 0.069052 0.676484 0.062352
0 0.690673 0.344037 0.696800 0.394283 0.690094 0.394386 0.688548 0.392731 0.685865 0.392772 0.684319 0.391119 0.684115 0.389443 0.676387 0.381173 0.676183 0.379498 0.674638 0.377844 0.674434 0.376168 0.672888 0.374515 0.668863 0.374577 0.667433 0.362852 0.671458 0.362790 0.672596 0.361095 0.672391 0.359420 0.673528 0.357725 0.673324 0.356050 0.674461 0.354355 0.674257 0.352680 0.676532 0.349289 0.675919 0.344264
0 0.461702 0.273730 0.468442 0.328999 0.463076 0.329082 0.461531 0.327428 0.457506 0.327490 0.455960 0.325835 0.455756 0.324161 0.448029 0.315890 0.447824 0.314215 0.444733 0.310907 0.440709 0.310969 0.438054 0.289196 0.442078 0.289134 0.444353 0.285743 0.444148 0.284068 0.446422 0.280677 0.445606 0.273977
0 0.491202 0.118900 0.495083 0.150722 0.489717 0.150804 0.488580 0.152500 0.487239 0.152521 0.486102 0.154217 0.484760 0.154238 0.483623 0.155933 0.480941 0.155974 0.479803 0.157669 0.478461 0.157690 0.477325 0.159386 0.477937 0.164411 0.475255 0.164452 0.474642 0.159427 0.471551 0.156118 0.470209 0.156139 0.468664 0.154485 0.467323 0.154506 0.467118 0.152831 0.462481 0.147869 0.458458 0.147931 0.456007 0.127831 0.461372 0.127749 0.462509 0.126054 0.461692 0.119354
0 0.482175 0.320398 0.482788 0.325422 0.485880 0.328731 0.489904 0.328669 0.493580 0.358816 0.480166 0.359023 0.479553 0.353999 0.474916 0.349036 0.474712 0.347361 0.473167 0.345706 0.472758 0.342358 0.471212 0.340703 0.470804 0.337353 0.469259 0.335700 0.465234 0.335762 0.463396 0.320687
0 0.531806 0.319634 0.536504 0.358156 0.521748 0.358383 0.521136 0.353359 0.513408 0.345087 0.509384 0.345149 0.508159 0.335101 0.512183 0.335039 0.514457 0.331647 0.514253 0.329973 0.517664 0.324886 0.517051 0.319862
0 0.557353 0.352801 0.563072 0.399697 0.559048 0.399759 0.557502 0.398104 0.556161 0.398125 0.553069 0.394816 0.551728 0.394837 0.550183 0.393183 0.549978 0.391508 0.545341 0.386546 0.541317 0.386608 0.538254 0.361485 0.542278 0.361423 0.544552 0.358032 0.543939 0.353008
0 0.389409 0.650713 0.391451 0.667462 0.387427 0.667524 0.385882 0.665870 0.384540 0.665891 0.382994 0.664236 0.382586 0.660886 0.379495 0.657578 0.375470 0.657640 0.374653 0.650940
0 0.699993 0.155958 0.702852 0.179406 0.697486 0.179489 0.695212 0.182880 0.695825 0.187904 0.687776 0.188028 0.686960 0.181329 0.685414 0.179675 0.684073 0.179695 0.680981 0.176387 0.676958 0.176449 0.674507 0.156351
0 0.308947 0.068009 0.309560 0.073035 0.311105 0.074688 0.311310 0.076364 0.312855 0.078017 0.313059 0.079692 0.316151 0.083001 0.320175 0.082939 0.324055 0.114761 0.320031 0.114823 0.316619 0.119909 0.317028 0.123259 0.315891 0.124954 0.316095 0.126629 0.312684 0.131716 0.310001 0.131757 0.308456 0.130102 0.307114 0.130123 0.290112 0.111927 0.289908 0.110253 0.286817 0.106945 0.286613 0.105269 0.285067 0.103614 0.281042 0.103676 0.280634 0.100328 0.284659 0.100266 0.286933 0.096874 0.286729 0.095199 0.289003 0.091808 0.288799 0.090134 0.292210 0.085047 0.292005 0.083373 0.293143 0.081677 0.292939 0.080001 0.295213 0.076611 0.295009 0.074936 0.296146 0.073241 0.295534 0.068216
0 0.569345 0.010306 0.569957 0.015330 0.571503 0.016984 0.575527 0.016922 0.579816 0.052095 0.575792 0.052157 0.572381 0.057243 0.572585 0.058917 0.570311 0.062309 0.570515 0.063983 0.567103 0.069070 0.567920 0.075769 0.557190 0.075934 0.556373 0.069236 0.544008 0.056001 0.538642 0.056084 0.536804 0.041010 0.540828 0.040948 0.549925 0.027384 0.549721 0.025710 0.555407 0.017232 0.554590 0.010533
0 0.366051 0.194658 0.371770 0.241554 0.366404 0.241637 0.365267 0.243333 0.365471 0.245007 0.363197 0.248398 0.363606 0.251748 0.361331 0.255139 0.361535 0.256814 0.360398 0.258509 0.360602 0.260183 0.359466 0.261879 0.360078 0.266903 0.350688 0.267048 0.349871 0.260348 0.334415 0.243808 0.330392 0.243869 0.327532 0.220422 0.332898 0.220339 0.335171 0.216947 0.334967 0.215273 0.340653 0.206796 0.340449 0.205120 0.342723 0.201729 0.341906 0.195030
0 0.461722 0.582481 0.464785 0.607603 0.459420 0.607685 0.458807 0.602661 0.457261 0.601007 0.455920 0.601027 0.454375 0.599374 0.449009 0.599456 0.446967 0.582708
0 0.569345 0.010306 0.575676 0.062227 0.571652 0.062288 0.567103 0.069070 0.567920 0.075769 0.557190 0.075934 0.556373 0.069236 0.544008 0.056001 0.538642 0.056084 0.536599 0.039336 0.541966 0.039253 0.546513 0.032470 0.546309 0.030796 0.550859 0.024014 0.550654 0.022339 0.551995 0.022318 0.554269 0.018927 0.554065 0.017253 0.555203 0.015557 0.554590 0.010533
0 0.411880 0.019441 0.412697 0.026141 0.414242 0.027795 0.414446 0.029470 0.420628 0.036087 0.420833 0.037761 0.425470 0.042724 0.426812 0.042703 0.429902 0.046012 0.433927 0.045950 0.437194 0.072747 0.433170 0.072809 0.430896 0.076200 0.431101 0.077875 0.429963 0.079571 0.430167 0.081246 0.429031 0.082941 0.429235 0.084615 0.428097 0.086311 0.428710 0.091335 0.428097 0.086311 0.426551 0.084657 0.425210 0.084677 0.422119 0.081370 0.421915 0.079695 0.418824 0.076386 0.418619 0.074712 0.415528 0.071404 0.415324 0.069728 0.413778 0.068073 0.413574 0.066399 0.410482 0.063091 0.410278 0.061415 0.407188 0.058107 0.406984 0.056433 0.405438 0.054779 0.405233 0.053103 0.402142 0.049795 0.401938 0.048121 0.398847 0.044812 0.398642 0.043137 0.395551 0.039829 0.391528 0.039890 0.390506 0.031517 0.394530 0.031455 0.395668 0.029759 0.395464 0.028084 0.396600 0.026388 0.395783 0.019689
0 0.325598 0.524168 0.327844 0.542591 0.319796 0.542715 0.318979 0.536015 0.315888 0.532708 0.311864 0.532770 0.310843 0.524395
0 0.742473 0.504327 0.744719 0.522750 0.738012 0.522853 0.736991 0.514480 0.735445 0.512825 0.734424 0.504451
0 0.717945 0.000000 0.725706 0.058239 0.721682 0.058301 0.717133 0.065083 0.717338 0.066758 0.715063 0.070149 0.713722 0.070170 0.712584 0.071865 0.711243 0.071885 0.710105 0.073580 0.708764 0.073601 0.707628 0.075297 0.708240 0.080321 0.704216 0.080383 0.703603 0.075359 0.700512 0.072050 0.699170 0.072071 0.694534 0.067109 0.694330 0.065434 0.691238 0.062125 0.691034 0.060451 0.687943 0.057141 0.683918 0.057203 0.681263 0.035431 0.685288 0.035369 0.686425 0.033673 0.686221 0.031999 0.687358 0.030303 0.686950 0.026954 0.688087 0.025258 0.687474 0.020233 0.688611 0.018538 0.688203 0.015188 0.690477 0.011797 0.690273 0.010123 0.691409 0.008427 0.691205 0.006752 0.692343 0.005056 0.692139 0.003382 0.693275 0.001686 0.692458 0.000000
0 0.404426 0.200779 0.409532 0.242651 0.404167 0.242734 0.400755 0.247820 0.401368 0.252845 0.391978 0.252989 0.391366 0.247964 0.385183 0.241348 0.384979 0.239673 0.381888 0.236365 0.377863 0.236427 0.376638 0.226377 0.380662 0.226315 0.381800 0.224620 0.381596 0.222945 0.386144 0.216162 0.385940 0.214488 0.389351 0.209402 0.389147 0.207727 0.390285 0.206032 0.389672 0.201007
0 0.542204 0.581242 0.544247 0.597990 0.538881 0.598073 0.534245 0.593110 0.534041 0.591435 0.532495 0.589781 0.528470 0.589843 0.527449 0.581469
0 0.604826 0.345358 0.609727 0.385555 0.605703 0.385617 0.598881 0.395790 0.597539 0.395811 0.596402 0.397505 0.595060 0.397526 0.593514 0.395872 0.590831 0.395914 0.586195 0.390951 0.584854 0.390971 0.583308 0.389318 0.579284 0.389380 0.577650 0.375981 0.583016 0.375898 0.584153 0.374203 0.583949 0.372528 0.585085 0.370833 0.586427 0.370812 0.589838 0.365725 0.589634 0.364050 0.591909 0.360659 0.591705 0.358984 0.595116 0.353898 0.594911 0.352223 0.596049 0.350528 0.595436 0.345503
0 0.702463 0.484807 0.708794 0.536727 0.704770 0.536789 0.703633 0.538485 0.704246 0.543510 0.692173 0.543696 0.691356 0.536996 0.686720 0.532033 0.685378 0.532054 0.685174 0.530379 0.680537 0.525417 0.676513 0.525479 0.674879 0.512080 0.678904 0.512018 0.682315 0.506932 0.682110 0.505256 0.691208 0.491692 0.690391 0.484993
0 0.448187 0.515569 0.451251 0.540691 0.447227 0.540753 0.446614 0.535729 0.440431 0.529112 0.435066 0.529195 0.433432 0.515796
0 0.543929 0.198632 0.548014 0.232129 0.543989 0.232191 0.541715 0.235582 0.541919 0.237258 0.540783 0.238953 0.540987 0.240628 0.539850 0.242323 0.538508 0.242344 0.537371 0.244038 0.534688 0.244080 0.526960 0.235809 0.526756 0.234135 0.522120 0.229172 0.521915 0.227496 0.518823 0.224188 0.518619 0.222514 0.517074 0.220860 0.516666 0.217510 0.515120 0.215856 0.514508 0.210831 0.515644 0.209136 0.514419 0.199086
0 0.281726 0.296636 0.285606 0.328457 0.277558 0.328581 0.276741 0.321883 0.272105 0.316920 0.271901 0.315244 0.270355 0.313591 0.270150 0.311916 0.268605 0.310262 0.263240 0.310344 0.261606 0.296946
0 0.511998 0.642114 0.515062 0.667237 0.500307 0.667464 0.497244 0.642342
0 0.638208 0.707292 0.640455 0.725715 0.633748 0.725818 0.632931 0.719119 0.628294 0.714156 0.624271 0.714218 0.623454 0.707519
0 0.351850 0.651291 0.353893 0.668040 0.347186 0.668143 0.345640 0.666490 0.344299 0.666510 0.342753 0.664855 0.338730 0.664917 0.337096 0.651519
0 0.672963 0.639637 0.675005 0.656385 0.670982 0.656447 0.669436 0.654793 0.666753 0.654834 0.665207 0.653180 0.659842 0.653263 0.658208 0.639864
0 0.432333 0.650053 0.434375 0.666801 0.429010 0.666884 0.427465 0.665230 0.426123 0.665251 0.423031 0.661941 0.419008 0.662003 0.417578 0.650280
0 0.442671 0.000000 0.445939 0.012205 0.441915 0.012267 0.440777 0.013963 0.439436 0.013984 0.437162 0.017374 0.437979 0.024073 0.431272 0.024176 0.430455 0.017477 0.422727 0.009206 0.422523 0.007532 0.417886 0.002569 0.413862 0.002631 0.411820 0.000000
0 0.382057 0.590419 0.384303 0.608842 0.377596 0.608945 0.376983 0.603921 0.372347 0.598959 0.368322 0.599021 0.367301 0.590646
0 0.550374 0.648236 0.552620 0.666659 0.545913 0.666762 0.545096 0.660063 0.543551 0.658409 0.543347 0.656733 0.541801 0.655080 0.540984 0.648380
0 0.572522 0.433111 0.575789 0.459909 0.571765 0.459971 0.569490 0.463362 0.568150 0.463383 0.567013 0.465078 0.565671 0.465098 0.564534 0.466794 0.565147 0.471818 0.561122 0.471880 0.560305 0.465181 0.555669 0.460219 0.554327 0.460239 0.554123 0.458564 0.551032 0.455256 0.550828 0.453581 0.547736 0.450273 0.543713 0.450335 0.541670 0.433586
0 0.376691 0.590501 0.378938 0.608924 0.374914 0.608986 0.374301 0.603962 0.369664 0.599000 0.368643 0.590625
0 0.755432 0.698775 0.758496 0.723898 0.754471 0.723960 0.753654 0.717261 0.750563 0.713952 0.750359 0.712277 0.748814 0.710624 0.748609 0.708948 0.745518 0.705640 0.741495 0.705702 0.740678 0.699002
0 0.281726 0.296636 0.285606 0.328457 0.278900 0.328561 0.278287 0.323537 0.273650 0.318574 0.273446 0.316899 0.271901 0.315244 0.271696 0.313570 0.267059 0.308608 0.263036 0.308670 0.261606 0.296946
0 0.620619 0.177316 0.621232 0.182341 0.622778 0.183995 0.622982 0.185670 0.626073 0.188977 0.626278 0.190653 0.632460 0.197270 0.632664 0.198945 0.634209 0.200599 0.634414 0.202274 0.640597 0.208890 0.640801 0.210565 0.642346 0.212219 0.647712 0.212136 0.650163 0.232236 0.644797 0.232318 0.642523 0.235709 0.642727 0.237383 0.640453 0.240774 0.639111 0.240795 0.635700 0.245881 0.631676 0.245943 0.628584 0.242635 0.628380 0.240960 0.625289 0.237652 0.625085 0.235978 0.623539 0.234323 0.623335 0.232648 0.621789 0.230994 0.621585 0.229318 0.616948 0.224356 0.616744 0.222681 0.607471 0.212756 0.607266 0.211081 0.605721 0.209427 0.600356 0.209509 0.598722 0.196110 0.604087 0.196028 0.605224 0.194333 0.605020 0.192657 0.609568 0.185877 0.608547 0.177502
0 0.753446 0.638398 0.754671 0.648447 0.747964 0.648550 0.746418 0.646896 0.745077 0.646916 0.743531 0.645263 0.739508 0.645325 0.738691 0.638625
0 0.710522 0.639059 0.712768 0.657482 0.706061 0.657585 0.705244 0.650886 0.703699 0.649232 0.703494 0.647556 0.701948 0.645903 0.701132 0.639203
0 0.294313 0.135355 0.296559 0.153777 0.292536 0.153839 0.286352 0.147223 0.285944 0.143874 0.284399 0.142219 0.280374 0.142281 0.279557 0.135582
0 0.718691 0.706053 0.720121 0.717777 0.714755 0.717860 0.711664 0.714551 0.710322 0.714571 0.708777 0.712917 0.704753 0.712979 0.703936 0.706280
0 0.510808 0.279686 0.516527 0.326582 0.512503 0.326644 0.506817 0.335122 0.505475 0.335142 0.504339 0.336837 0.501656 0.336878 0.498565 0.333570 0.497223 0.333591 0.492586 0.328628 0.492382 0.326953 0.486200 0.320336 0.485996 0.318662 0.482904 0.315353 0.478881 0.315415 0.476226 0.293642 0.481591 0.293560 0.482728 0.291863 0.482524 0.290189 0.484798 0.286798 0.483981 0.280099
0 0.504424 0.756335 0.505854 0.768058 0.496464 0.768203 0.495034 0.756479
0 0.431607 0.247345 0.435896 0.282516 0.431871 0.282578 0.424144 0.274308 0.423939 0.272633 0.413121 0.261053 0.407754 0.261136 0.406120 0.247737
0 0.729866 0.356858 0.731704 0.371932 0.722314 0.372077 0.720476 0.357002
0 0.511514 0.373643 0.513761 0.392066 0.509737 0.392127 0.508920 0.385429 0.505828 0.382120 0.505624 0.380445 0.504079 0.378791 0.503466 0.373767
0 0.745276 0.571404 0.747114 0.586477 0.743091 0.586539 0.741545 0.584885 0.740204 0.584906 0.740000 0.583232 0.738453 0.581577 0.738249 0.579902 0.736703 0.578248 0.735886 0.571549
0 0.386383 0.758152 0.388630 0.776574 0.373875 0.776802 0.371628 0.758379
0 0.487491 0.441132 0.490146 0.462906 0.486121 0.462968 0.484984 0.464663 0.483643 0.464683 0.480232 0.469770 0.478891 0.469791 0.477753 0.471486 0.475070 0.471527 0.473524 0.469874 0.472183 0.469894 0.469092 0.466585 0.468888 0.464911 0.467342 0.463257 0.467138 0.461581 0.465592 0.459927 0.465388 0.458252 0.463843 0.456598 0.463639 0.454923 0.462093 0.453270 0.458068 0.453332 0.456639 0.441607
0 0.469891 0.649475 0.471934 0.666223 0.467910 0.666285 0.466364 0.664631 0.465022 0.664652 0.460386 0.659689 0.456361 0.659751 0.455136 0.649702
0 0.382743 0.375625 0.384581 0.390699 0.379215 0.390781 0.376124 0.387473 0.375715 0.384122 0.374170 0.382469 0.373353 0.375769
0 0.402127 0.710925 0.405190 0.736048 0.391776 0.736254 0.391164 0.731230 0.388073 0.727922 0.384048 0.727984 0.383027 0.719609 0.387051 0.719547 0.389326 0.716157 0.388713 0.711132
0 0.726245 0.283082 0.728492 0.301506 0.721785 0.301609 0.720968 0.294908 0.719422 0.293255 0.719218 0.291579 0.717673 0.289926 0.716856 0.283226
0 0.539976 0.386629 0.545898 0.435200 0.535167 0.435365 0.532076 0.432056 0.531872 0.430381 0.530326 0.428726 0.524961 0.428809 0.519855 0.386938
0 0.423942 0.757574 0.426188 0.775996 0.419481 0.776100 0.418664 0.769400 0.414028 0.764438 0.410003 0.764500 0.409186 0.757801
0 0.644835 0.364879 0.647081 0.383302 0.640374 0.383406 0.639557 0.376705 0.638012 0.375052 0.637808 0.373377 0.634717 0.370069 0.630692 0.370131 0.630079 0.365106
0 0.426967 0.650135 0.429214 0.668558 0.423848 0.668641 0.423236 0.663617 0.421690 0.661962 0.421282 0.658612 0.419736 0.656959 0.418919 0.650259
0 0.630039 0.640298 0.632081 0.657046 0.628058 0.657108 0.626512 0.655453 0.625170 0.655474 0.623625 0.653820 0.623012 0.648795 0.621466 0.647142 0.620649 0.640442
0 0.540793 0.393328 0.545898 0.435200 0.535167 0.435365 0.532076 0.432056 0.531872 0.430381 0.528781 0.427073 0.524757 0.427135 0.520672 0.393638
0 0.675767 0.706714 0.678013 0.725136 0.672648 0.725219 0.672035 0.720195 0.668944 0.716887 0.668740 0.715211 0.665649 0.711904 0.661625 0.711966 0.661012 0.706941
0 0.584090 0.748397 0.586132 0.765145 0.580766 0.765228 0.579220 0.763574 0.577879 0.763595 0.574788 0.760285 0.570764 0.760347 0.569334 0.748624
0 0.520168 0.709109 0.522006 0.724182 0.513957 0.724306 0.512411 0.722652 0.507047 0.722734 0.505413 0.709336
0 0.360020 0.718286 0.361449 0.730009 0.354743 0.730112 0.353197 0.728458 0.351855 0.728479 0.350310 0.726824 0.346286 0.726886 0.345265 0.718513
0 0.315802 0.113209 0.314666 0.114905 0.314870 0.116581 0.313733 0.118276 0.309708 0.118338 0.308483 0.108289 0.315190 0.108185 0.315802 0.113209 0.323122 0.118131 0.324259 0.116436 0.324055 0.114761 0.325192 0.113065 0.324580 0.108041 0.344700 0.107731 0.345517 0.114430 0.348608 0.117739 0.348812 0.119413 0.353450 0.124376 0.357473 0.124314 0.361966 0.161161 0.357943 0.161223 0.355668 0.164614 0.355872 0.166289 0.353598 0.169679 0.353803 0.171355 0.351528 0.174746 0.351732 0.176421 0.347183 0.183203 0.343160 0.183265 0.342955 0.181590 0.338318 0.176628 0.338114 0.174952 0.335023 0.171644 0.334819 0.169968 0.320908 0.155081 0.320704 0.153406 0.319159 0.151752 0.318955 0.150078 0.317409 0.148423 0.313384 0.148485 0.312363 0.140111 0.317729 0.140029 0.318866 0.138333 0.318662 0.136657 0.319799 0.134962 0.319594 0.133288 0.323006 0.128201 0.322598 0.124851 0.323734 0.123156 0.323122 0.118131
0 0.572522 0.433111 0.575789 0.459909 0.571765 0.459971 0.570628 0.461667 0.569286 0.461688 0.568150 0.463383 0.566809 0.463403 0.565671 0.465098 0.562988 0.465140 0.561851 0.466836 0.562463 0.471860 0.561851 0.466836 0.551032 0.455256 0.550828 0.453581 0.549283 0.451928 0.549078 0.450252 0.547532 0.448598 0.543508 0.448660 0.541670 0.433586
0 0.499311 0.152335 0.499924 0.157359 0.501469 0.159014 0.501673 0.160688 0.503219 0.162343 0.503423 0.164018 0.504969 0.165672 0.505173 0.167346 0.508264 0.170656 0.513630 0.170573 0.516898 0.197370 0.507508 0.197514 0.506691 0.190815 0.500508 0.184199 0.500304 0.182524 0.495668 0.177561 0.495055 0.172537 0.493510 0.170883 0.492693 0.164184 0.493830 0.162487 0.492604 0.152438
0 0.738872 0.739302 0.740710 0.754375 0.731320 0.754520 0.729482 0.739447
0 0.593298 0.647575 0.595544 0.665998 0.590179 0.666081 0.589566 0.661057 0.584929 0.656093 0.579564 0.656176 0.578543 0.647802
0 0.504424 0.756335 0.506671 0.774758 0.491915 0.774985 0.489669 0.756562
0 0.668264 0.116175 0.670306 0.132923 0.664940 0.133006 0.660304 0.128044 0.660100 0.126368 0.658554 0.124714 0.654529 0.124776 0.653508 0.116402
0 0.469891 0.649475 0.472138 0.667897 0.462749 0.668042 0.460502 0.649619
0 0.466866 0.756913 0.469112 0.775336 0.461064 0.775460 0.460451 0.770436 0.457360 0.767127 0.453336 0.767189 0.452111 0.757140
0 0.622687 0.580003 0.624933 0.598426 0.618226 0.598529 0.617409 0.591830 0.614318 0.588521 0.614114 0.586847 0.612569 0.585193 0.608545 0.585255 0.607932 0.580230
0 0.386383 0.758152 0.387813 0.769875 0.378424 0.770020 0.376994 0.758296
0 0.516880 0.373560 0.518105 0.383609 0.503350 0.383836 0.502124 0.373787
0 0.697191 0.745531 0.693197 0.749044 0.693402 0.755254 0.697216 0.759336 0.702735 0.759251 0.704354 0.754395
0 0.657547 0.746833 0.653937 0.748959 0.653925 0.757932 0.656553 0.761343 0.660499 0.761973 0.663137 0.756410 0.662633 0.752277 0.659755 0.746799
0 0.619895 0.750862 0.614376 0.750947 0.614281 0.759233 0.617628 0.764013 0.622593 0.763936 0.624344 0.755626 0.623072 0.754265
0 0.592782 0.709865 0.589508 0.714748 0.589328 0.722342 0.592891 0.724360 0.598325 0.723585 0.599392 0.718738 0.597149 0.713940 0.596514 0.713259
0 0.705674 0.583883 0.705554 0.578361 0.699999 0.573614 0.697192 0.577800 0.697397 0.584010 0.700828 0.589479 0.705326 0.590099
0 0.617216 0.520359 0.616760 0.512083 0.609886 0.510118 0.607836 0.520503 0.608891 0.524628 0.614830 0.527988 0.619592 0.521704
0 0.702510 0.435526 0.686040 0.436471 0.678314 0.436590 0.680284 0.457265 0.683750 0.467567 0.689773 0.471615 0.698049 0.471488 0.702511 0.467278 0.706854 0.457548 0.705257 0.444457
0 0.357549 0.449117 0.337517 0.448047 0.334916 0.458440 0.337915 0.469438 0.344645 0.483829 0.351518 0.485794 0.356317 0.484341 0.360742 0.475299 0.361270 0.461486 0.359925 0.450462
0 0.531721 0.263520 0.509852 0.238318 0.500233 0.259172 0.521203 0.290602
0 0.482813 0.206981 0.495540 0.211618 0.499007 0.221918 0.500771 0.236386 0.499189 0.246075 0.490228 0.249662 0.479840 0.241540 0.477440 0.226391 0.479275 0.218770 0.482850 0.211813
0 0.468984 0.234115 0.450993 0.263382 0.471375 0.289988 0.486055 0.260772 0.468900 0.233425
0 0.454707 0.212246 0.426651 0.213368 0.431463 0.234692 0.443458 0.246933 0.452934 0.238503 0.455668 0.224655
0 0.496322 0.063890 0.482527 0.064103 0.489716 0.118523 0.504147 0.118991 0.497977 0.063865
0 0.452515 0.067327 0.438421 0.069614 0.446041 0.118504 0.459284 0.118300
0 0.513616 0.015307 0.494294 0.056329 0.516583 0.084976 0.525564 0.031689 0.517431 0.019391
