1 0.940045 0.489715 0.724010 0.598292 0.948124 0.781515
1 0.540393 0.543191 0.708945 0.771699 0.699198 0.780663 0.418293 0.858616 0.412278 0.854908
1 0.890547 0.453859 0.682873 0.589672 0.684567 0.340345 0.779654 0.366041 0.886286 0.446112
1 0.656587 0.323409 0.593666 0.360500 0.443501 0.449077 0.661567 0.573139
1 0.876980 0.269822 0.798699 0.355475 0.925775 0.387398
1 0.880857 0.209119 0.812058 0.288512 0.765474 0.189584 0.840363 0.177438
1 0.768896 0.206814 0.757884 0.213474 0.673240 0.271961 0.793771 0.316188
1 0.613067 0.211274 0.556516 0.315989 0.683173 0.302236
1 0.753879 0.176335 0.702769 0.129829 0.652331 0.140609 0.664311 0.231002
1 0.583084 0.253806 0.464039 0.161058 0.412332 0.169202 0.377030 0.365611
1 0.375512 0.155910 0.345256 0.265323 0.251139 0.200378 0.316926 0.150682
1 0.598908 0.209991 0.439534 0.127643 0.556384 0.037424 0.612566 0.052207
1 0.798749 0.180202 0.713292 0.128475 0.791329 0.088260 0.815016 0.097588 0.811810 0.178839
1 0.779919 0.085597 0.750537 0.015801 0.684873 0.073642
1 0.266157 1.000000 0.896240 0.785906 0.899706 0.993045 0.821185 0.994224
1 0.458060 0.473749 0.434127 0.739278 0.214089 1.000000 0.054844 1.000000 0.079197 0.649353
1 0.453010 0.400631 0.247738 0.562441 0.090519 0.550754 0.104847 0.326065 0.112773 0.220856
1 1.000000 0.265000 0.995002 0.406490 0.931457 0.323395 1.000000 0.151683 1.000000 0.158215
1 1.000000 0.097179 0.953960 0.281338 0.898316 0.214352 1.000000 0.069281 1.000000 0.069228
1 1.000000 0.026471 0.903001 0.182576 0.855394 0.120215 0.977573 0.006367 1.000000 0.005025
1 0.964622 0.006368 0.844723 0.110896 0.803158 0.061462 0.862122 0.006369
1 0.510316 0.068440 0.213057 0.167012 0.172851 0.005015 0.286772 0.005016 0.505564 0.005019
1 0.513199 0.007725 0.535369 0.052261 0.552454 0.037425 0.589918 0.042797 0.724223 0.005021
0 0.672748 0.117858 0.687447 0.113823 0.691230 0.101776 0.662590 0.088421 0.656212 0.100488 0.655830 0.117887 0.668455 0.121876
