0 0.337016 0.496461 0.335879 0.502125 0.339720 0.508576 0.346361 0.509619 0.339919 0.541837 0.333265 0.540785 0.327132 0.545695 0.325469 0.545432 0.321379 0.548705 0.320232 0.554409 0.291973 0.549930 0.293130 0.544232 0.290582 0.539911 0.288922 0.539648 0.287649 0.537490 0.285989 0.537227 0.280901 0.528599 0.275930 0.527814 0.281340 0.501351 0.287959 0.502391 0.296116 0.495885 0.297267 0.490230
0 0.595819 0.671666 0.594763 0.677495 0.597459 0.681929 0.599160 0.682203 0.604559 0.691084 0.609666 0.691907 0.602280 0.732927 0.597161 0.732096 0.593041 0.735458 0.591979 0.741337 0.547651 0.734127 0.548729 0.728258 0.542021 0.717109 0.536920 0.716281 0.543032 0.683171 0.548122 0.683991 0.556340 0.677312 0.558036 0.677586 0.564195 0.672580 0.565263 0.666757
0 0.416960 0.446827 0.415856 0.452460 0.423609 0.465290 0.430255 0.466324 0.425477 0.490838 0.420485 0.490058 0.414386 0.494944 0.412721 0.494684 0.410688 0.496314 0.407360 0.495794 0.403292 0.499053 0.402178 0.504725 0.373911 0.500295 0.375034 0.494629 0.373747 0.492482 0.372086 0.492222 0.369516 0.487928 0.367856 0.487669 0.362721 0.479094 0.363097 0.477210 0.360532 0.472927 0.355562 0.472152 0.357816 0.460871 0.362783 0.461644 0.366845 0.458401 0.367219 0.456524 0.369248 0.454903 0.369622 0.453026 0.373681 0.449786 0.375337 0.450042 0.377366 0.448424 0.378856 0.440923
0 0.449730 0.498522 0.448268 0.506093 0.449571 0.508248 0.456245 0.509293 0.451860 0.532065 0.445176 0.531014 0.439062 0.535927 0.437958 0.541633 0.414575 0.537947 0.415687 0.532246 0.413093 0.527924 0.406422 0.526874 0.413091 0.492795
0 0.570939 0.256396 0.569560 0.263732 0.570864 0.265812 0.577462 0.266795 0.572634 0.292545 0.528076 0.285869 0.534721 0.251007
0 0.360351 0.422624 0.358854 0.430104 0.360131 0.432231 0.361784 0.432487 0.363063 0.434614 0.368022 0.435382 0.361658 0.467283 0.316986 0.460323 0.325708 0.417272
0 0.512646 0.225185 0.511593 0.230657 0.514171 0.234794 0.517454 0.235281 0.520037 0.239420 0.521679 0.239664 0.522970 0.241736 0.527899 0.242468 0.521945 0.273611 0.515361 0.272627 0.509368 0.277396 0.508310 0.282908 0.475415 0.277979 0.476841 0.270640 0.475555 0.268562 0.473912 0.268316 0.470059 0.262085 0.465137 0.261350 0.470489 0.233939 0.477040 0.234912 0.487004 0.227010 0.488065 0.221544
0 0.764079 0.269990 0.762791 0.277366 0.765478 0.281551 0.772144 0.282542 0.767960 0.306587 0.762953 0.305839 0.756977 0.310648 0.755308 0.310398 0.751322 0.313606 0.750348 0.319170 0.713660 0.313673 0.714975 0.306266 0.712303 0.302069 0.710639 0.301820 0.707970 0.297625 0.702981 0.296880 0.707592 0.271054 0.712573 0.271794 0.716550 0.268605 0.717533 0.263085
0 0.474669 0.740380 0.473562 0.746252 0.474891 0.748487 0.479989 0.749320 0.472976 0.786628 0.427057 0.779073 0.433800 0.743787 0.440579 0.744896 0.444715 0.741539 0.445832 0.735675
0 0.811376 0.164323 0.810434 0.169776 0.813120 0.173898 0.818091 0.174621 0.815582 0.189196 0.807289 0.187987 0.805316 0.189569 0.803657 0.189327 0.799710 0.192491 0.798761 0.197966 0.782182 0.195544 0.788212 0.160961
0 0.271559 0.540816 0.264169 0.576940 0.234280 0.572175 0.235853 0.564565 0.234588 0.562400 0.227957 0.561345 0.231104 0.546155 0.237729 0.547207 0.241825 0.543938 0.243391 0.536356
0 0.576223 0.085928 0.575203 0.091299 0.576491 0.093325 0.583009 0.094264 0.577910 0.121195 0.571381 0.120249 0.569408 0.121810 0.568383 0.127209 0.547172 0.124132 0.548205 0.118738 0.545634 0.114672 0.540747 0.113965 0.545566 0.088869 0.550444 0.089572 0.552413 0.088017 0.553441 0.082651
0 0.963338 0.119342 0.957724 0.153831 0.951062 0.152870 0.947137 0.156030 0.945473 0.155789 0.943509 0.157368 0.941844 0.157128 0.937918 0.160287 0.937022 0.165750 0.905403 0.161177 0.906311 0.155720 0.899518 0.145436 0.892878 0.144478 0.895305 0.129974 0.900280 0.130689 0.906163 0.125970 0.906465 0.124159 0.910384 0.121017 0.912041 0.121254 0.914000 0.119682 0.915202 0.112448
0 0.660878 0.445776 0.656469 0.470321 0.649751 0.469283 0.647730 0.470915 0.646051 0.470655 0.644032 0.472286 0.642666 0.479857 0.615805 0.475696 0.622339 0.439847
0 0.723796 0.362913 0.717531 0.398445 0.687385 0.393856 0.688386 0.388241 0.685710 0.383992 0.680694 0.383230 0.685370 0.357104
0 0.120285 0.738651 0.117812 0.750321 0.111130 0.749218 0.106963 0.752559 0.105721 0.758402 0.064002 0.751499 0.068605 0.730133
0 0.736170 0.101552 0.730049 0.135812 0.695517 0.130817 0.696824 0.123600 0.692880 0.117483 0.687958 0.116773 0.689922 0.105974 0.694840 0.106682 0.698772 0.103557 0.700075 0.096368
0 0.268938 0.347277 0.267788 0.352817 0.270294 0.357014 0.275205 0.357766 0.269840 0.383703 0.225623 0.376903 0.232996 0.341787
0 0.305257 0.577583 0.297926 0.613912 0.259584 0.607764 0.260758 0.602026 0.259484 0.599847 0.254491 0.599047 0.260355 0.570432
0 0.544456 0.199933 0.543417 0.205388 0.548593 0.213638 0.553517 0.214365 0.550055 0.232605 0.545126 0.231874 0.543135 0.233456 0.541491 0.233212 0.539501 0.234796 0.538109 0.242104 0.513469 0.238445 0.514522 0.232968 0.510654 0.226766 0.505736 0.226037 0.509600 0.206010 0.514512 0.206735 0.518487 0.203582 0.519885 0.196315
0 0.309242 0.315394 0.307732 0.322756 0.308990 0.324846 0.315534 0.325840 0.310249 0.351680 0.266049 0.344932 0.273314 0.309947
0 0.875797 0.226128 0.874566 0.233473 0.875928 0.235555 0.882606 0.236536 0.880148 0.251259 0.873463 0.250274 0.867525 0.255061 0.866597 0.260591 0.843213 0.257138 0.844461 0.249772 0.843104 0.247686 0.843416 0.245847 0.842059 0.243762 0.835392 0.242780 0.836954 0.233594 0.843618 0.234574 0.845597 0.232982 0.845908 0.231146 0.849863 0.227964 0.850795 0.222462
0 0.252834 0.105297 0.251699 0.110651 0.254155 0.114690 0.258977 0.115395 0.255194 0.133284 0.224647 0.128807 0.230368 0.102022
0 0.840005 0.388174 0.839058 0.393805 0.843169 0.400206 0.848229 0.400974 0.845393 0.417910 0.840328 0.417139 0.838323 0.418766 0.837374 0.424420 0.805318 0.419533 0.811391 0.383841
0 0.681689 0.464501 0.680342 0.472067 0.684380 0.478527 0.689430 0.479308 0.685394 0.502082 0.639931 0.495019 0.644714 0.468504 0.649751 0.469283 0.653790 0.466021 0.654809 0.460353
0 0.904075 0.656943 0.899363 0.686233 0.866621 0.681005 0.871392 0.651753
0 0.351947 0.082955 0.346445 0.109727 0.309377 0.104334 0.314940 0.077600
0 0.806550 0.483765 0.800423 0.519952 0.768205 0.514946 0.769186 0.509228 0.767820 0.507060 0.762741 0.506272 0.767645 0.477763
0 0.227875 0.168139 0.222121 0.195175 0.197929 0.191582 0.199089 0.186173 0.196642 0.182091 0.193421 0.181613 0.192198 0.179574 0.180933 0.177905 0.184427 0.161722
0 0.724772 0.241532 0.719872 0.269098 0.714890 0.268359 0.712901 0.269954 0.711916 0.275480 0.682040 0.271036 0.683036 0.265516 0.680384 0.261347 0.675414 0.260609 0.678402 0.244089 0.683367 0.244824 0.685354 0.243235 0.686676 0.235905
0 0.017719 0.218733 0.014855 0.231379 0.008446 0.230415 0.006434 0.231981 0.004833 0.231740 0.000000 0.236441 0.000000 0.243682 0.000000 0.242715 0.000000 0.215611
0 0.615988 0.579551 0.610770 0.608385 0.585397 0.604357 0.590661 0.575552
0 0.086828 0.511565 0.077387 0.554997 0.064233 0.552897 0.065472 0.547220 0.064242 0.545066 0.064655 0.543176 0.063426 0.541025 0.063839 0.539135 0.061381 0.534835 0.056458 0.534052 0.062237 0.507671
0 0.469932 0.100028 0.468520 0.107190 0.469789 0.109217 0.471412 0.109452 0.472683 0.111480 0.479177 0.112422 0.473535 0.141170 0.468655 0.140459 0.464693 0.143585 0.463629 0.148989 0.424624 0.143289 0.425701 0.137892 0.421912 0.131791 0.417046 0.131081 0.422432 0.104193 0.428909 0.105132 0.432861 0.102023 0.434289 0.094870
0 0.736170 0.101552 0.730049 0.135812 0.695517 0.130817 0.696824 0.123600 0.692880 0.117483 0.687958 0.116773 0.689922 0.105974 0.694840 0.106682 0.698772 0.103557 0.700075 0.096368
1 1.000000 0.530840 1.000000 0.593060 0.960852 0.588309 0.954075 0.520244 1.000000 0.399738
1 1.000000 0.392291 1.000000 0.393572 1.000000 0.431936 0.963414 0.406859 0.966313 0.399579
0 0.840517 0.775669 0.838571 0.787548 0.820932 0.786708 0.825272 0.771162
0 0.957798 0.788615 0.956249 0.798550 0.942624 0.794298 0.945611 0.786637
0 0.931855 0.693428 0.928259 0.704917 0.911601 0.698229 0.914893 0.688712
0 0.842806 0.548147 0.842917 0.558009 0.829282 0.555879 0.830883 0.546288
0 0.846562 0.431626 0.844983 0.441070 0.835578 0.445448 0.819952 0.435306 0.827245 0.422875
0 0.854780 0.413545 0.856589 0.423481 0.844130 0.425450 0.844335 0.413887
0 0.769996 0.699645 0.767013 0.717264 0.748793 0.710305 0.752843 0.696889
0 0.169953 0.472211 0.171248 0.482109 0.157704 0.481921 0.160102 0.470666
0 0.086699 0.214141 0.091522 0.222332 0.085502 0.234518 0.068224 0.230052 0.059005 0.219326 0.077869 0.209089
0 0.122256 0.150690 0.117494 0.164795 0.095067 0.154070 0.108644 0.144983
0 0.038255 0.586036 0.038625 0.599882 0.020936 0.595062 0.025096 0.583921
0 0.091776 0.543584 0.090961 0.555203 0.078210 0.551210 0.081911 0.542013
0 0.573123 0.399503 0.570685 0.412605 0.554729 0.406309 0.559807 0.397467
