0 0.218413 0.628226 0.218289 0.633239 0.213123 0.638638 0.211443 0.638767 0.195943 0.654967 0.195902 0.656639 0.189013 0.663839 0.188972 0.665510 0.183805 0.670910 0.178762 0.671298 0.177486 0.723087 0.182528 0.722699 0.184169 0.724241 0.184127 0.725912 0.185767 0.727452 0.185725 0.729123 0.189005 0.732206 0.188964 0.733876 0.192245 0.736959 0.193925 0.736829 0.197205 0.739912 0.198886 0.739782 0.202165 0.742865 0.202041 0.747876 0.254152 0.743864 0.254275 0.738853 0.261164 0.731652 0.262845 0.731523 0.262887 0.729853 0.268053 0.724452 0.268094 0.722781 0.269815 0.720981 0.269856 0.719311 0.271579 0.717511 0.271620 0.715840 0.273342 0.714040 0.273424 0.710699 0.275147 0.708898 0.275229 0.705557 0.276952 0.703757 0.276993 0.702087 0.278715 0.700287 0.283757 0.699898 0.284622 0.664815 0.279580 0.665203 0.277940 0.663662 0.277981 0.661992 0.276341 0.660450 0.276424 0.657109 0.274783 0.655567 0.274824 0.653897 0.273185 0.652356 0.273226 0.650685 0.271586 0.649144 0.271627 0.647474 0.269988 0.645933 0.270029 0.644262 0.266749 0.641179 0.266791 0.639508 0.263511 0.636427 0.261831 0.636556 0.258550 0.633473 0.256870 0.633602 0.255229 0.632061 0.253549 0.632191 0.251908 0.630650 0.252032 0.625638
0 0.339570 0.205367 0.339447 0.210378 0.336001 0.213979 0.332639 0.214238 0.330918 0.216038 0.329236 0.216167 0.325793 0.219767 0.325752 0.221438 0.324029 0.223238 0.323988 0.224908 0.322266 0.226709 0.322225 0.228379 0.320502 0.230179 0.320379 0.235192 0.318656 0.236991 0.318574 0.240333 0.316852 0.242132 0.316811 0.243803 0.315088 0.245603 0.310046 0.245991 0.308893 0.292769 0.313935 0.292381 0.318855 0.297005 0.318814 0.298676 0.325373 0.304840 0.325208 0.311522 0.380680 0.307251 0.380804 0.302240 0.384248 0.298640 0.385929 0.298510 0.387652 0.296711 0.389332 0.296581 0.397943 0.287581 0.397984 0.285910 0.403151 0.280510 0.408194 0.280122 0.409718 0.218307 0.404674 0.218696 0.393196 0.207908 0.393361 0.201225
0 0.569896 0.254332 0.569731 0.261015 0.568010 0.262815 0.566329 0.262945 0.564607 0.264744 0.564565 0.266415 0.559398 0.271815 0.559357 0.273485 0.555914 0.277085 0.555873 0.278756 0.554150 0.280557 0.554109 0.282227 0.552386 0.284028 0.552345 0.285698 0.550623 0.287497 0.550582 0.289168 0.548861 0.290968 0.548778 0.294309 0.547056 0.296110 0.547014 0.297781 0.545293 0.299580 0.545252 0.301252 0.543529 0.303051 0.543488 0.304722 0.541765 0.306522 0.536723 0.306910 0.535899 0.340323 0.540941 0.339935 0.545861 0.344558 0.545820 0.346229 0.550739 0.350853 0.550698 0.352523 0.558897 0.360229 0.560578 0.360099 0.565498 0.364723 0.567178 0.364594 0.570459 0.367676 0.572139 0.367547 0.573779 0.369089 0.575460 0.368959 0.577100 0.370500 0.578781 0.370371 0.582060 0.373453 0.583741 0.373324 0.585381 0.374864 0.587063 0.374735 0.588702 0.376277 0.590382 0.376147 0.593662 0.379230 0.593538 0.384241 0.613711 0.382688 0.613835 0.377677 0.617278 0.374077 0.618959 0.373947 0.620682 0.372147 0.622363 0.372017 0.624084 0.370218 0.625766 0.370088 0.627487 0.368288 0.629169 0.368158 0.642946 0.353758 0.647989 0.353369 0.649348 0.298239 0.644305 0.298627 0.642665 0.297087 0.642706 0.295415 0.641066 0.293875 0.641149 0.290533 0.639510 0.288992 0.639551 0.287320 0.637910 0.285780 0.637952 0.284109 0.636311 0.282568 0.636352 0.280897 0.634713 0.279356 0.634754 0.277686 0.633115 0.276144 0.633156 0.274474 0.631516 0.272932 0.631557 0.271261 0.624998 0.265097 0.623318 0.265227 0.621677 0.263685 0.619996 0.263815 0.616717 0.260732 0.613355 0.260991 0.611715 0.259450 0.610033 0.259580 0.608394 0.258038 0.606714 0.258167 0.605073 0.256626 0.605197 0.251614
0 0.398103 0.000000 0.397980 0.000000 0.394536 0.000000 0.392854 0.000000 0.391132 0.000000 0.389451 0.000000 0.386008 0.000000 0.384326 0.000000 0.379160 0.000000 0.377479 0.000000 0.361980 0.000000 0.356937 0.000000 0.355784 0.024032 0.360827 0.023644 0.372305 0.034432 0.373985 0.034303 0.375626 0.035844 0.377307 0.035715 0.378947 0.037255 0.382309 0.036997 0.383949 0.038538 0.387310 0.038280 0.388950 0.039821 0.390631 0.039692 0.392271 0.041233 0.392147 0.046245 0.427448 0.043527 0.427572 0.038515 0.431016 0.034915 0.434377 0.034656 0.439544 0.029255 0.441224 0.029126 0.442947 0.027326 0.442988 0.025656 0.448155 0.020255 0.448196 0.018585 0.449918 0.016785 0.449959 0.015115 0.453403 0.011514 0.453445 0.009843 0.456889 0.006243 0.461932 0.005855 0.462468 0.000000 0.457424 0.000000 0.455784 0.000000 0.455825 0.000000 0.454186 0.000000 0.454227 0.000000 0.452588 0.000000 0.452670 0.000000 0.451030 0.000000 0.451071 0.000000 0.449432 0.000000 0.449473 0.000000 0.447833 0.000000 0.447874 0.000000 0.444594 0.000000 0.444635 0.000000 0.434797 0.000000 0.433116 0.000000 0.426556 0.000000 0.426679 0.000000
0 0.572502 0.420878 0.572337 0.427561 0.570616 0.429361 0.568935 0.429490 0.563768 0.434890 0.563727 0.436561 0.556838 0.443761 0.556797 0.445432 0.553353 0.449032 0.553312 0.450702 0.551590 0.452502 0.551549 0.454173 0.548104 0.457774 0.548063 0.459444 0.544619 0.463044 0.539576 0.463432 0.538464 0.508540 0.543507 0.508152 0.546786 0.511233 0.546745 0.512904 0.550025 0.515987 0.549984 0.517657 0.553263 0.520739 0.554944 0.520610 0.558224 0.523693 0.559905 0.523564 0.561545 0.525104 0.563225 0.524975 0.564865 0.526516 0.566547 0.526386 0.568186 0.527928 0.568063 0.532939 0.598320 0.530610 0.598444 0.525598 0.600166 0.523798 0.601847 0.523669 0.603568 0.521869 0.605250 0.521740 0.606973 0.519940 0.610334 0.519681 0.612056 0.517881 0.613737 0.517751 0.615459 0.515951 0.617141 0.515821 0.618862 0.514022 0.620543 0.513892 0.629154 0.504891 0.629195 0.503221 0.630917 0.501422 0.637641 0.500904 0.638917 0.449114 0.633875 0.449502 0.630595 0.446420 0.630637 0.444749 0.607679 0.423172 0.607803 0.418160
0 0.286079 0.469610 0.285955 0.474621 0.282511 0.478222 0.280830 0.478352 0.260164 0.499951 0.260123 0.501622 0.254956 0.507022 0.249913 0.507410 0.248719 0.555859 0.253761 0.555471 0.257041 0.558553 0.257000 0.560225 0.260279 0.563307 0.260238 0.564977 0.265158 0.569601 0.265117 0.571271 0.274956 0.580519 0.276636 0.580389 0.279917 0.583472 0.279793 0.588483 0.321817 0.585248 0.321941 0.580236 0.335718 0.565836 0.337399 0.565706 0.340843 0.562106 0.340884 0.560435 0.349495 0.551435 0.354537 0.551047 0.355938 0.494245 0.350895 0.494634 0.345975 0.490011 0.344295 0.490140 0.339376 0.485516 0.337694 0.485645 0.336055 0.484103 0.334374 0.484233 0.331094 0.481151 0.329413 0.481281 0.327773 0.479739 0.326092 0.479869 0.324453 0.478327 0.322771 0.478456 0.319492 0.475375 0.316131 0.475634 0.312850 0.472550 0.312973 0.467539
0 0.634990 0.000000 0.634866 0.000878 0.633143 0.002678 0.631463 0.002807 0.629741 0.004608 0.626378 0.004867 0.624657 0.006666 0.622976 0.006796 0.621254 0.008595 0.619573 0.008725 0.616128 0.012326 0.614447 0.012455 0.607559 0.019654 0.607518 0.021325 0.602351 0.026725 0.597308 0.027113 0.596114 0.075562 0.602838 0.075045 0.612677 0.084292 0.614357 0.084163 0.619277 0.088787 0.620959 0.088657 0.627518 0.094822 0.629198 0.094693 0.634117 0.099316 0.637480 0.099057 0.639119 0.100598 0.640800 0.100468 0.642440 0.102010 0.642317 0.107021 0.659126 0.105727 0.659250 0.100716 0.660972 0.098915 0.662653 0.098786 0.666097 0.095187 0.667778 0.095057 0.672945 0.089657 0.672986 0.087985 0.679874 0.080785 0.679916 0.079115 0.686804 0.071915 0.686845 0.070244 0.690290 0.066645 0.690331 0.064974 0.692053 0.063173 0.692094 0.061503 0.693816 0.059703 0.693857 0.058032 0.697302 0.054432 0.702344 0.054044 0.703538 0.005596 0.698496 0.005984 0.691937 0.000000 0.691978 0.000000 0.690339 0.000000 0.690462 0.000000
0 0.158324 0.479446 0.158201 0.484457 0.156479 0.486258 0.154797 0.486387 0.153076 0.488188 0.151395 0.488317 0.149673 0.490117 0.146311 0.490375 0.144589 0.492175 0.141226 0.492434 0.139504 0.494234 0.137824 0.494364 0.136101 0.496164 0.132739 0.496423 0.131017 0.498223 0.129336 0.498352 0.125892 0.501952 0.124210 0.502082 0.117323 0.509282 0.117282 0.510952 0.115559 0.512752 0.115518 0.514424 0.113795 0.516223 0.113754 0.517893 0.112032 0.519694 0.111991 0.521364 0.110270 0.523165 0.110187 0.526506 0.106742 0.530106 0.101699 0.530494 0.100752 0.568918 0.105795 0.568530 0.109075 0.571614 0.109034 0.573284 0.112313 0.576366 0.112272 0.578036 0.118831 0.584201 0.120512 0.584072 0.123792 0.587154 0.125473 0.587025 0.127113 0.588566 0.128793 0.588437 0.130433 0.589979 0.132115 0.589849 0.133754 0.591390 0.137116 0.591131 0.140396 0.594214 0.140272 0.599225 0.165487 0.597284 0.165611 0.592272 0.167332 0.590472 0.169014 0.590342 0.170736 0.588543 0.172416 0.588413 0.174139 0.586614 0.175820 0.586484 0.177542 0.584684 0.180904 0.584425 0.182626 0.582624 0.184307 0.582495 0.186028 0.580695 0.187710 0.580566 0.191154 0.576966 0.192835 0.576836 0.198002 0.571436 0.199683 0.571306 0.204849 0.565907 0.204890 0.564237 0.206612 0.562436 0.213337 0.561918 0.214819 0.501775 0.208094 0.502293 0.204816 0.499211 0.204857 0.497541 0.198298 0.491376 0.196616 0.491505 0.186778 0.482257 0.186901 0.477245
0 0.282028 0.770065 0.281904 0.775077 0.276738 0.780477 0.275058 0.780607 0.268168 0.787807 0.266488 0.787936 0.252711 0.802337 0.252669 0.804008 0.250947 0.805807 0.250905 0.807478 0.247461 0.811078 0.242419 0.811466 0.240854 0.874950 0.245896 0.874562 0.249176 0.877644 0.249135 0.879315 0.250775 0.880857 0.250734 0.882527 0.267132 0.897939 0.267008 0.902952 0.298946 0.900493 0.299070 0.895480 0.300792 0.893681 0.302473 0.893551 0.304196 0.891751 0.305877 0.891621 0.307599 0.889822 0.309280 0.889692 0.314446 0.884292 0.314487 0.882622 0.317932 0.879021 0.317973 0.877350 0.321417 0.873750 0.321458 0.872079 0.323181 0.870280 0.323222 0.868608 0.324944 0.866809 0.324985 0.865139 0.326708 0.863338 0.326749 0.861667 0.328470 0.859868 0.328512 0.858197 0.330234 0.856397 0.330275 0.854727 0.331997 0.852926 0.332038 0.851255 0.335483 0.847656 0.340526 0.847268 0.341555 0.805501 0.336512 0.805890 0.334872 0.804348 0.334913 0.802678 0.333274 0.801136 0.333315 0.799466 0.330035 0.796383 0.330076 0.794712 0.323517 0.788548 0.321836 0.788678 0.316917 0.784054 0.315235 0.784183 0.307037 0.776478 0.305355 0.776607 0.303716 0.775065 0.303881 0.768383
0 0.011553 0.444057 0.011388 0.450739 0.000000 0.463339 0.000000 0.465010 0.000000 0.470410 0.000000 0.472081 0.000000 0.475681 0.000000 0.477351 0.000000 0.480953 0.000000 0.481341 0.000000 0.531459 0.000000 0.531071 0.000000 0.534154 0.000000 0.534025 0.000000 0.538648 0.000000 0.538518 0.000759 0.541601 0.002440 0.541471 0.004080 0.543012 0.005761 0.542883 0.009041 0.545966 0.010721 0.545837 0.012360 0.547377 0.014042 0.547248 0.017321 0.550330 0.019002 0.550201 0.020642 0.551742 0.022324 0.551612 0.025603 0.554696 0.027284 0.554566 0.028923 0.556107 0.028799 0.561118 0.048972 0.559565 0.049096 0.554554 0.052539 0.550954 0.054220 0.550824 0.057665 0.547224 0.059346 0.547095 0.062790 0.543495 0.064471 0.543365 0.069638 0.537965 0.071318 0.537835 0.074763 0.534236 0.076444 0.534107 0.081610 0.528706 0.083292 0.528577 0.085013 0.526777 0.085054 0.525106 0.086776 0.523305 0.093501 0.522788 0.094448 0.484364 0.089405 0.484752 0.087764 0.483211 0.087806 0.481540 0.086166 0.479998 0.086249 0.476658 0.084609 0.475116 0.084651 0.473446 0.083010 0.471904 0.083051 0.470233 0.079772 0.467152 0.079813 0.465481 0.068335 0.454692 0.066653 0.454821 0.063374 0.451740 0.061693 0.451869 0.060053 0.450327 0.058372 0.450457 0.056732 0.448915 0.055051 0.449045 0.053412 0.447504 0.051731 0.447633 0.050091 0.446092 0.050214 0.441080
0 0.666172 0.160212 0.666048 0.165223 0.662604 0.168823 0.660923 0.168952 0.659202 0.170753 0.657520 0.170882 0.655798 0.172683 0.654117 0.172812 0.638617 0.189012 0.633575 0.189401 0.632257 0.242861 0.637300 0.242473 0.640580 0.245555 0.640539 0.247225 0.642178 0.248767 0.642137 0.250437 0.643776 0.251979 0.643735 0.253649 0.653574 0.262897 0.655255 0.262768 0.660174 0.267391 0.660051 0.272404 0.697032 0.269556 0.697156 0.264544 0.714378 0.246543 0.714419 0.244872 0.721307 0.237673 0.721348 0.236002 0.726515 0.230601 0.731558 0.230213 0.732299 0.200142 0.727256 0.200531 0.725617 0.198989 0.725658 0.197318 0.724018 0.195777 0.724141 0.190766 0.722501 0.189224 0.722542 0.187554 0.720903 0.186012 0.720944 0.184342 0.719305 0.182800 0.719346 0.181129 0.717706 0.179588 0.717747 0.177917 0.716108 0.176377 0.716149 0.174705 0.703031 0.162376 0.703154 0.157364
0 0.763871 0.552881 0.763748 0.557894 0.758582 0.563293 0.756900 0.563423 0.755178 0.565223 0.755137 0.566893 0.746526 0.575894 0.746485 0.577564 0.736152 0.588365 0.731110 0.588753 0.730286 0.622166 0.735328 0.621777 0.736969 0.623319 0.736928 0.624989 0.738568 0.626531 0.738486 0.629871 0.740125 0.631413 0.740042 0.634754 0.741683 0.636295 0.741600 0.639636 0.743240 0.641178 0.743198 0.642849 0.744838 0.644390 0.744797 0.646060 0.746437 0.647601 0.746396 0.649273 0.770993 0.672390 0.770870 0.677402 0.801126 0.675072 0.801250 0.670061 0.804695 0.666461 0.806375 0.666331 0.808098 0.664531 0.809778 0.664401 0.811500 0.662602 0.813182 0.662472 0.814904 0.660673 0.816585 0.660543 0.818306 0.658743 0.819988 0.658613 0.821710 0.656813 0.823391 0.656683 0.826835 0.653084 0.828516 0.652955 0.833683 0.647554 0.835363 0.647425 0.843974 0.638424 0.849018 0.638036 0.850212 0.589588 0.843488 0.590105 0.841848 0.588564 0.841889 0.586894 0.832050 0.577646 0.832091 0.575976 0.818973 0.563645 0.817293 0.563775 0.810733 0.557610 0.809052 0.557739 0.807413 0.556199 0.807577 0.549516
0 0.832855 0.340804 0.832732 0.345817 0.829286 0.349417 0.827606 0.349546 0.825883 0.351346 0.824203 0.351475 0.819036 0.356875 0.817355 0.357004 0.815634 0.358805 0.813952 0.358934 0.808785 0.364335 0.807105 0.364464 0.796772 0.375264 0.790048 0.375781 0.789101 0.414207 0.795825 0.413689 0.797465 0.415230 0.797424 0.416901 0.800702 0.419983 0.800661 0.421654 0.803942 0.424736 0.803901 0.426407 0.807179 0.429489 0.807138 0.431159 0.808778 0.432701 0.808737 0.434371 0.813657 0.438995 0.813616 0.440665 0.816894 0.443749 0.816853 0.445419 0.821773 0.450043 0.823454 0.449914 0.826733 0.452996 0.828415 0.452867 0.830055 0.454408 0.829932 0.459420 0.868593 0.456443 0.868717 0.451431 0.880772 0.438831 0.880814 0.437160 0.887702 0.429960 0.887743 0.428288 0.891187 0.424688 0.891228 0.423018 0.896395 0.417618 0.901437 0.417229 0.902508 0.373794 0.897465 0.374182 0.894186 0.371100 0.894227 0.369428 0.892587 0.367887 0.892628 0.366217 0.890989 0.364675 0.891030 0.363005 0.887750 0.359922 0.887791 0.358252 0.876312 0.347463 0.874632 0.347593 0.872993 0.346052 0.871311 0.346181 0.869671 0.344640 0.867990 0.344769 0.866351 0.343228 0.866475 0.338216
0 0.213725 0.001620 0.213602 0.006632 0.210157 0.010232 0.206794 0.010491 0.205073 0.012291 0.203391 0.012421 0.201669 0.014220 0.199988 0.014350 0.198266 0.016150 0.194904 0.016409 0.193183 0.018209 0.191501 0.018339 0.189780 0.020138 0.188098 0.020268 0.181210 0.027468 0.174486 0.027986 0.172674 0.101494 0.177717 0.101105 0.180997 0.104188 0.180956 0.105859 0.182595 0.107400 0.182554 0.109070 0.187474 0.113694 0.189154 0.113565 0.192434 0.116647 0.192310 0.121659 0.237696 0.118165 0.237819 0.113153 0.241265 0.109553 0.242945 0.109423 0.246390 0.105823 0.248071 0.105694 0.249793 0.103893 0.251473 0.103764 0.260084 0.094764 0.260126 0.093094 0.261848 0.091293 0.261889 0.089623 0.263611 0.087822 0.263693 0.084481 0.267138 0.080881 0.272180 0.080493 0.273292 0.035385 0.268249 0.035773 0.266609 0.034233 0.266650 0.032563 0.265011 0.031021 0.265052 0.029351 0.263413 0.027809 0.263454 0.026139 0.260175 0.023055 0.260216 0.021385 0.242178 0.004431 0.242301 0.000000
0 0.344874 0.058221 0.344751 0.063233 0.330973 0.077634 0.330932 0.079304 0.329211 0.081104 0.329169 0.082775 0.325725 0.086375 0.325684 0.088046 0.322239 0.091645 0.322197 0.093317 0.318753 0.096917 0.313711 0.097305 0.312599 0.142412 0.319323 0.141894 0.322602 0.144977 0.322561 0.146648 0.345518 0.168225 0.347200 0.168095 0.348839 0.169636 0.348674 0.176318 0.368846 0.174765 0.368970 0.169754 0.372414 0.166154 0.374095 0.166024 0.375817 0.164225 0.377498 0.164095 0.379220 0.162295 0.380902 0.162165 0.384345 0.158565 0.386026 0.158436 0.389471 0.154836 0.391152 0.154706 0.406651 0.138506 0.411694 0.138118 0.412847 0.091339 0.407804 0.091728 0.404524 0.088646 0.404566 0.086975 0.402925 0.085433 0.402966 0.083763 0.399687 0.080681 0.399728 0.079011 0.389889 0.069762 0.388209 0.069892 0.383290 0.065269 0.381608 0.065398 0.376690 0.060774 0.376813 0.055762
0 0.461398 0.776265 0.461233 0.782947 0.457789 0.786547 0.456108 0.786677 0.452664 0.790277 0.452623 0.791947 0.442290 0.802747 0.442249 0.804419 0.435359 0.811619 0.435318 0.813290 0.433597 0.815090 0.433555 0.816761 0.430111 0.820360 0.430070 0.822031 0.426626 0.825631 0.426585 0.827301 0.424863 0.829102 0.424822 0.830772 0.421376 0.834373 0.416334 0.834761 0.415469 0.869844 0.420512 0.869456 0.430351 0.878703 0.430310 0.880374 0.438509 0.888080 0.438467 0.889751 0.448306 0.898998 0.449988 0.898869 0.451627 0.900410 0.453307 0.900280 0.456588 0.903362 0.456465 0.908374 0.486721 0.906044 0.486845 0.901033 0.488567 0.899232 0.490249 0.899103 0.491970 0.897303 0.493651 0.897174 0.495373 0.895374 0.497055 0.895245 0.502221 0.889844 0.503901 0.889715 0.515957 0.877115 0.520999 0.876727 0.522935 0.798206 0.517892 0.798595 0.512972 0.793971 0.513014 0.792300 0.509735 0.789218 0.509776 0.787547 0.501577 0.779841 0.501741 0.773159
0 0.234230 0.326865 0.234107 0.331876 0.230662 0.335476 0.228981 0.335606 0.225536 0.339207 0.223856 0.339336 0.210079 0.353735 0.210038 0.355407 0.204872 0.360807 0.199828 0.361196 0.198881 0.399620 0.203925 0.399231 0.207204 0.402314 0.207163 0.403984 0.208802 0.405526 0.208761 0.407197 0.210400 0.408738 0.210359 0.410409 0.213639 0.413490 0.213598 0.415161 0.215238 0.416702 0.215197 0.418373 0.218476 0.421456 0.218435 0.423127 0.220075 0.424667 0.220034 0.426338 0.223313 0.429421 0.223272 0.431091 0.226551 0.434174 0.226428 0.439186 0.275176 0.435433 0.275300 0.430420 0.277022 0.428620 0.278703 0.428490 0.280425 0.426691 0.285468 0.426303 0.294078 0.417303 0.294119 0.415632 0.295842 0.413831 0.295883 0.412161 0.297605 0.410360 0.297646 0.408690 0.299369 0.406890 0.304412 0.406501 0.305524 0.361395 0.300481 0.361783 0.297201 0.358701 0.297242 0.357030 0.295602 0.355489 0.295643 0.353819 0.294004 0.352277 0.294045 0.350607 0.292405 0.349065 0.292446 0.347394 0.290807 0.345853 0.290848 0.344182 0.287568 0.341100 0.287609 0.339429 0.285970 0.337889 0.286011 0.336218 0.279451 0.330053 0.279616 0.323370
0 0.527442 0.070845 0.527318 0.075856 0.523873 0.079457 0.522192 0.079587 0.520471 0.081386 0.518789 0.081516 0.515345 0.085116 0.513664 0.085245 0.505053 0.094245 0.505012 0.095916 0.503291 0.097717 0.503208 0.101057 0.499763 0.104658 0.494720 0.105046 0.493362 0.160177 0.498404 0.159789 0.504963 0.165953 0.504922 0.167625 0.509842 0.172248 0.511522 0.172118 0.514803 0.175201 0.516483 0.175071 0.518124 0.176612 0.517959 0.183295 0.549897 0.180837 0.550020 0.175824 0.553465 0.172224 0.555145 0.172095 0.567201 0.159494 0.567283 0.156152 0.569006 0.154353 0.569047 0.152682 0.570769 0.150882 0.570851 0.147541 0.574295 0.143941 0.579338 0.143553 0.580655 0.090092 0.575613 0.090480 0.560855 0.076610 0.559174 0.076739 0.555894 0.073656 0.556018 0.068645
0 0.685656 0.458855 0.685491 0.465538 0.678603 0.472738 0.678562 0.474408 0.675117 0.478008 0.675076 0.479679 0.673354 0.481480 0.673312 0.483150 0.669868 0.486750 0.669827 0.488421 0.668105 0.490221 0.668064 0.491891 0.664619 0.495492 0.659576 0.495880 0.658629 0.534304 0.663672 0.533916 0.668591 0.538540 0.668550 0.540210 0.683309 0.554082 0.683268 0.555752 0.684907 0.557293 0.686588 0.557163 0.691507 0.561787 0.693189 0.561658 0.696467 0.564740 0.696344 0.569753 0.736687 0.566647 0.736811 0.561634 0.740256 0.558034 0.741937 0.557905 0.748825 0.550705 0.750507 0.550575 0.760840 0.539775 0.760881 0.538104 0.764324 0.534504 0.771048 0.533986 0.772160 0.488879 0.767117 0.489268 0.763838 0.486185 0.763879 0.484514 0.762240 0.482973 0.762281 0.481303 0.760641 0.479761 0.760682 0.478090 0.757402 0.475009 0.757443 0.473338 0.749244 0.465632 0.747563 0.465762 0.744284 0.462678 0.742603 0.462808 0.740963 0.461267 0.739281 0.461396 0.737642 0.459856 0.737766 0.454843
0 0.706419 0.297180 0.706295 0.302192 0.704573 0.303992 0.702891 0.304121 0.701170 0.305922 0.697808 0.306181 0.696085 0.307980 0.694405 0.308110 0.682350 0.320711 0.682309 0.322381 0.678865 0.325981 0.678823 0.327652 0.677101 0.329452 0.670377 0.329969 0.668977 0.386771 0.674019 0.386383 0.678939 0.391007 0.678898 0.392677 0.688737 0.401924 0.690417 0.401795 0.696977 0.407960 0.698658 0.407830 0.700297 0.409371 0.700132 0.416053 0.737115 0.413206 0.737238 0.408195 0.740682 0.404595 0.742363 0.404465 0.744086 0.402665 0.745766 0.402535 0.750932 0.397136 0.752614 0.397006 0.761224 0.388006 0.761265 0.386335 0.768154 0.379135 0.768195 0.377464 0.775083 0.370264 0.775125 0.368594 0.776847 0.366794 0.776888 0.365123 0.778611 0.363323 0.778652 0.361652 0.780374 0.359852 0.780415 0.358181 0.783859 0.354581 0.788903 0.354193 0.789809 0.317439 0.784765 0.317827 0.781486 0.314745 0.781527 0.313075 0.779888 0.311533 0.779929 0.309862 0.768450 0.299074 0.768614 0.292391
0 0.458589 0.209543 0.458466 0.214554 0.442967 0.230755 0.437923 0.231144 0.436647 0.282933 0.441690 0.282544 0.448248 0.288710 0.448207 0.290381 0.454767 0.296545 0.454644 0.301557 0.496668 0.298321 0.496791 0.293310 0.503680 0.286110 0.505361 0.285980 0.519137 0.271580 0.520819 0.271450 0.520860 0.269780 0.522583 0.267980 0.529306 0.267462 0.530253 0.229037 0.525210 0.229425 0.523571 0.227884 0.521889 0.228014 0.518610 0.224931 0.516929 0.225061 0.515289 0.223519 0.513609 0.223649 0.511968 0.222108 0.510287 0.222237 0.508648 0.220697 0.506967 0.220826 0.503687 0.217744 0.502006 0.217873 0.500367 0.216331 0.498685 0.216461 0.497045 0.214919 0.495365 0.215048 0.492085 0.211966 0.492208 0.206955
0 0.043921 0.628321 0.043797 0.633332 0.038631 0.638733 0.036951 0.638862 0.021451 0.655063 0.021410 0.656733 0.019688 0.658533 0.019647 0.660204 0.016202 0.663804 0.011159 0.664192 0.009924 0.714311 0.014966 0.713923 0.016607 0.715465 0.016566 0.717135 0.019845 0.720217 0.019804 0.721889 0.029643 0.731136 0.031324 0.731006 0.034604 0.734088 0.036284 0.733958 0.039564 0.737042 0.041244 0.736913 0.046164 0.741536 0.046041 0.746548 0.072936 0.744477 0.073101 0.737794 0.076545 0.734195 0.078227 0.734065 0.093726 0.717864 0.093767 0.716194 0.095489 0.714394 0.102212 0.713876 0.103777 0.650392 0.098735 0.650780 0.083976 0.636909 0.082296 0.637038 0.075736 0.630873 0.075860 0.625862
0 0.106806 0.323335 0.106682 0.328347 0.103238 0.331948 0.099876 0.332207 0.098154 0.334006 0.096473 0.334136 0.093028 0.337736 0.091347 0.337865 0.084458 0.345066 0.084417 0.346736 0.080974 0.350337 0.080933 0.352007 0.079210 0.353807 0.072486 0.354325 0.071416 0.397761 0.076458 0.397372 0.087937 0.408161 0.089617 0.408032 0.092897 0.411114 0.094578 0.410985 0.096219 0.412526 0.097899 0.412396 0.099539 0.413938 0.102902 0.413679 0.106181 0.416762 0.106058 0.421773 0.149762 0.418408 0.149885 0.413397 0.153331 0.409797 0.155011 0.409667 0.163622 0.400667 0.163664 0.398996 0.167107 0.395396 0.167148 0.393726 0.168871 0.391925 0.168912 0.390254 0.170635 0.388455 0.170676 0.386784 0.172397 0.384984 0.177440 0.384596 0.178099 0.357866 0.173056 0.358254 0.169777 0.355171 0.169818 0.353500 0.164899 0.348877 0.164940 0.347207 0.160020 0.342583 0.160061 0.340912 0.143663 0.325500 0.143787 0.320488
0 0.553091 0.595789 0.552968 0.600800 0.540913 0.613401 0.540872 0.615072 0.535705 0.620472 0.535664 0.622142 0.530498 0.627543 0.530457 0.629213 0.527011 0.632814 0.521969 0.633202 0.520939 0.674968 0.525982 0.674579 0.529263 0.677662 0.529221 0.679332 0.532500 0.682415 0.532459 0.684086 0.535739 0.687168 0.535698 0.688838 0.540617 0.693462 0.540576 0.695132 0.550415 0.704381 0.552095 0.704251 0.553735 0.705792 0.557097 0.705533 0.560377 0.708616 0.560253 0.713628 0.600597 0.710522 0.600720 0.705509 0.604165 0.701909 0.607526 0.701650 0.609248 0.699851 0.610930 0.699721 0.617818 0.692521 0.619499 0.692392 0.628110 0.683391 0.633152 0.683003 0.634635 0.622860 0.629592 0.623248 0.624674 0.618625 0.624715 0.616954 0.616515 0.609248 0.614835 0.609378 0.613194 0.607836 0.611513 0.607966 0.609874 0.606424 0.608193 0.606553 0.606553 0.605012 0.604872 0.605142 0.603232 0.603601 0.599870 0.603860 0.598231 0.602318 0.596549 0.602448 0.594909 0.600907 0.591548 0.601166 0.588268 0.598082 0.588391 0.593071
0 0.639713 0.689168 0.639589 0.694179 0.627533 0.706780 0.625852 0.706909 0.617242 0.715909 0.615560 0.716039 0.610394 0.721439 0.610353 0.723109 0.605187 0.728510 0.600144 0.728898 0.598950 0.777347 0.603993 0.776959 0.610552 0.783123 0.610511 0.784794 0.620350 0.794041 0.622030 0.793912 0.625310 0.796994 0.626991 0.796865 0.628631 0.798407 0.630311 0.798277 0.631951 0.799818 0.635313 0.799559 0.636954 0.801101 0.638634 0.800971 0.640273 0.802512 0.640150 0.807525 0.667046 0.805454 0.667170 0.800441 0.670614 0.796841 0.672295 0.796712 0.674016 0.794912 0.675698 0.794783 0.679142 0.791182 0.680823 0.791052 0.682545 0.789253 0.684226 0.789123 0.689393 0.783723 0.691073 0.783593 0.703129 0.770993 0.703170 0.769323 0.706614 0.765722 0.711658 0.765334 0.712728 0.721897 0.707685 0.722286 0.706046 0.720745 0.706087 0.719075 0.704446 0.717533 0.704488 0.715862 0.701208 0.712780 0.701249 0.711109 0.694690 0.704944 0.693008 0.705074 0.689730 0.701991 0.688048 0.702121 0.686408 0.700579 0.684728 0.700708 0.681448 0.697627 0.679768 0.697756 0.678127 0.696215 0.676446 0.696344 0.671527 0.691720 0.671651 0.686709
0 0.035972 0.202062 0.035808 0.208744 0.011698 0.233945 0.011656 0.235615 0.006489 0.241016 0.001447 0.241404 0.000253 0.289853 0.005295 0.289465 0.020054 0.303335 0.020013 0.305006 0.024932 0.309629 0.026613 0.309500 0.033172 0.315665 0.033049 0.320677 0.059944 0.318607 0.060109 0.311923 0.075609 0.295723 0.075650 0.294052 0.082539 0.286853 0.082580 0.285181 0.084301 0.283382 0.084343 0.281711 0.087787 0.278111 0.092829 0.277723 0.094229 0.220921 0.089187 0.221309 0.085907 0.218227 0.085949 0.216557 0.079389 0.210391 0.079431 0.208721 0.074512 0.204097 0.074635 0.199085
0 0.436378 0.498057 0.436255 0.503068 0.432810 0.506669 0.431129 0.506799 0.415630 0.522999 0.410587 0.523387 0.408692 0.600236 0.415416 0.599719 0.425255 0.608966 0.426935 0.608837 0.428576 0.610377 0.430257 0.610248 0.431896 0.611790 0.431773 0.616802 0.470436 0.613825 0.470559 0.608813 0.474004 0.605213 0.475684 0.605083 0.486017 0.594283 0.486058 0.592612 0.491225 0.587212 0.491266 0.585542 0.496432 0.580141 0.496474 0.578471 0.501639 0.573071 0.501681 0.571400 0.503403 0.569600 0.503444 0.567930 0.506889 0.564329 0.506930 0.562659 0.508653 0.560859 0.508694 0.559188 0.510415 0.557387 0.515459 0.556999 0.516571 0.511892 0.511527 0.512281 0.496769 0.498409 0.496892 0.493398
0 0.181524 0.150836 0.181401 0.155849 0.176235 0.161248 0.174553 0.161378 0.167665 0.168578 0.167624 0.170248 0.160735 0.177449 0.160694 0.179119 0.155527 0.184519 0.150484 0.184907 0.149620 0.219991 0.156344 0.219474 0.157984 0.221014 0.157943 0.222685 0.171060 0.235015 0.172741 0.234886 0.179301 0.241051 0.180981 0.240921 0.185901 0.245545 0.187582 0.245416 0.189222 0.246957 0.190903 0.246827 0.192543 0.248368 0.194223 0.248238 0.197503 0.251321 0.199184 0.251191 0.200823 0.252733 0.202505 0.252604 0.205784 0.255686 0.205661 0.260699 0.234237 0.258499 0.234402 0.251815 0.241291 0.244615 0.241332 0.242945 0.246498 0.237545 0.246540 0.235874 0.248261 0.234073 0.254986 0.233555 0.256304 0.180095 0.251260 0.180483 0.246342 0.175860 0.246383 0.174190 0.238183 0.166484 0.236502 0.166613 0.229943 0.160448 0.228262 0.160578 0.224982 0.157495 0.223302 0.157625 0.218382 0.153001 0.218506 0.147989
1 0.982199 0.476043 0.982035 0.482726 0.980313 0.484525 0.979778 0.506244 0.978055 0.508044 0.977520 0.529762 0.975798 0.531563 0.975181 0.556622 0.973458 0.558422 0.973046 0.575129 0.971323 0.576928 0.970870 0.595305 0.969149 0.597105 0.968572 0.620494 0.966851 0.622294 0.966480 0.637330 0.964757 0.639130 0.964346 0.655836 0.962623 0.657636 0.962129 0.677684 0.960407 0.679484 0.959831 0.702873 0.958109 0.704673 0.957697 0.721379 0.955975 0.723179 0.955686 0.734874 0.953964 0.736673 0.953717 0.746697 0.951995 0.748498 0.951748 0.758522 0.950025 0.760322 0.949819 0.768675 0.948098 0.770474 0.947809 0.782169 0.946088 0.783970 0.945758 0.797334 0.944036 0.799134 0.943706 0.812500 0.941984 0.814299 0.941654 0.827665 0.939933 0.829465 0.939644 0.841160 0.937923 0.842959 0.937634 0.854653 0.935912 0.856454 0.935623 0.868149 0.933902 0.869948 0.933655 0.879972 0.931932 0.881772 0.931767 0.888454 0.930045 0.890255 0.929921 0.895267 0.928199 0.897067 0.928117 0.900408 0.926396 0.902209 0.926148 0.912232 0.973215 0.908609 0.983880 0.475914
0 0.800122 0.103210 0.799998 0.108222 0.796554 0.111821 0.794874 0.111950 0.791428 0.115552 0.789748 0.115681 0.786304 0.119281 0.784623 0.119411 0.781178 0.123010 0.779497 0.123139 0.760554 0.142940 0.760513 0.144610 0.757068 0.148212 0.757027 0.149882 0.755305 0.151682 0.748581 0.152200 0.747757 0.185613 0.752801 0.185224 0.756079 0.188307 0.756038 0.189977 0.759319 0.193059 0.759278 0.194729 0.762556 0.197813 0.762515 0.199483 0.765795 0.202565 0.765754 0.204236 0.769034 0.207318 0.768993 0.208989 0.777191 0.216696 0.778872 0.216566 0.780512 0.218107 0.782194 0.217977 0.783833 0.219519 0.785514 0.219390 0.787154 0.220931 0.790516 0.220672 0.792156 0.222212 0.795517 0.221954 0.797157 0.223495 0.797034 0.228508 0.818887 0.226825 0.819010 0.221813 0.822454 0.218213 0.825817 0.217954 0.827538 0.216154 0.829219 0.216025 0.830941 0.214224 0.832622 0.214095 0.836067 0.210495 0.837748 0.210365 0.844636 0.203165 0.844677 0.201494 0.848122 0.197894 0.848163 0.196224 0.849885 0.194424 0.849927 0.192753 0.851648 0.190954 0.851689 0.189282 0.855134 0.185682 0.860177 0.185294 0.861495 0.131834 0.856451 0.132222 0.851533 0.127599 0.851574 0.125928 0.840095 0.115140 0.838414 0.115269 0.831854 0.109103 0.830174 0.109233 0.828534 0.107692 0.828699 0.101009
0 0.387532 0.641885 0.387409 0.646896 0.385686 0.648697 0.385645 0.650368 0.380479 0.655767 0.380438 0.657438 0.376994 0.661039 0.376952 0.662709 0.375230 0.664508 0.375189 0.666180 0.371744 0.669780 0.366702 0.670168 0.365631 0.713604 0.370674 0.713216 0.373953 0.716299 0.373912 0.717970 0.377193 0.721052 0.377151 0.722722 0.380431 0.725805 0.380390 0.727476 0.383668 0.730557 0.383627 0.732229 0.386907 0.735311 0.386866 0.736982 0.404904 0.753935 0.404780 0.758947 0.445124 0.755841 0.445247 0.750829 0.452136 0.743629 0.452177 0.741958 0.453900 0.740158 0.453941 0.738488 0.455663 0.736687 0.455704 0.735016 0.457425 0.733217 0.457467 0.731546 0.459189 0.729746 0.464232 0.729358 0.465014 0.697616 0.459972 0.698004 0.456692 0.694921 0.456733 0.693251 0.455094 0.691709 0.455135 0.690039 0.453495 0.688498 0.453536 0.686827 0.451896 0.685285 0.451937 0.683615 0.450297 0.682074 0.450339 0.680403 0.448698 0.678863 0.448740 0.677191 0.447100 0.675650 0.447142 0.673980 0.443862 0.670897 0.443903 0.669226 0.442263 0.667685 0.442304 0.666015 0.439024 0.662932 0.439066 0.661262 0.435787 0.658179 0.435828 0.656509 0.425988 0.647262 0.424308 0.647391 0.421028 0.644308 0.421152 0.639296
