0 0.196789 0.543706 0.193075 0.573166 0.186252 0.573040 0.184328 0.574742 0.184109 0.576474 0.180262 0.579878 0.180043 0.581610 0.178119 0.583311 0.177900 0.585044 0.174052 0.588447 0.172347 0.588415 0.170422 0.590116 0.161894 0.589958 0.160407 0.588194 0.153584 0.588067 0.152097 0.586303 0.150391 0.586272 0.147417 0.582741 0.145712 0.582710 0.144224 0.580946 0.139108 0.580851 0.143915 0.542725
0 0.363520 0.685762 0.358932 0.722155 0.353814 0.722060 0.346118 0.728865 0.345899 0.730598 0.342052 0.734000 0.341833 0.735734 0.337985 0.739136 0.337111 0.746068 0.320054 0.745752 0.320928 0.738820 0.314980 0.731760 0.315198 0.730028 0.313711 0.728264 0.313929 0.726530 0.310955 0.723001 0.305839 0.722906 0.308460 0.702111 0.315282 0.702237 0.317207 0.700536 0.317425 0.698803 0.319131 0.698835 0.322979 0.695432 0.324685 0.695464 0.326608 0.693763 0.328315 0.693794 0.332163 0.690391 0.332818 0.685192
0 0.185455 0.904798 0.179993 0.948122 0.174877 0.948027 0.169104 0.953131 0.168885 0.954864 0.167180 0.954832 0.163331 0.958235 0.163112 0.959968 0.157340 0.965071 0.155634 0.965040 0.153711 0.966742 0.153055 0.971940 0.142821 0.971750 0.143477 0.966552 0.141990 0.964787 0.140284 0.964755 0.138797 0.962991 0.128562 0.962801 0.113691 0.945155 0.106869 0.945028 0.110583 0.915568 0.117405 0.915695 0.121254 0.912291 0.122960 0.912323 0.124883 0.910622 0.125757 0.903690
1 0.414994 0.738538 0.470257 0.853919 0.343209 0.855904
1 0.841995 0.436691 0.917703 0.548107 0.740871 0.560749
1 0.982934 0.482731 0.884848 0.368005 1.000000 0.259416 1.000000 0.323097 1.000000 0.401081 0.991825 0.480001
1 0.601577 0.207863 0.454523 0.244219 0.442870 0.336645 0.470276 0.322677 0.514443 0.288756 0.508100 0.271268 0.514731 0.252574 0.535360 0.247167 0.549755 0.245986 0.555440 0.246091 0.583650 0.259641 0.587004 0.266942 0.592108 0.282961 0.578223 0.291387 0.550489 0.296663 0.535728 0.300731 0.530337 0.320897 0.526403 0.329509 0.503442 0.342111 0.476402 0.353189 0.465360 0.361668 0.580233 0.331955
0 0.994145 0.338538 0.991226 0.331529 0.978793 0.333616 0.976691 0.338215 0.977899 0.346738 0.987861 0.346150
0 0.962987 0.290044 0.956547 0.286833 0.946681 0.286650 0.930451 0.288668 0.921891 0.296237 0.917980 0.303120 0.915568 0.316214 0.924754 0.321793 0.935572 0.320449 0.947540 0.316033 0.958299 0.303095 0.963163 0.294684
0 0.572142 0.288975 0.586210 0.279962 0.586696 0.276107 0.582355 0.268297 0.571557 0.263459 0.562839 0.260208 0.555462 0.252343 0.543613 0.249804 0.524446 0.250994 0.516079 0.257021 0.511780 0.266988 0.511762 0.273170 0.521510 0.280308 0.537799 0.289884 0.548794 0.293179 0.565974 0.289634 0.566071 0.288862
