0 0.735161 0.842148 0.735783 0.848278 0.739111 0.851638 0.740568 0.851276 0.742232 0.852957 0.743690 0.852596 0.745354 0.854277 0.746813 0.853915 0.750141 0.857275 0.751600 0.856914 0.756591 0.861956 0.758050 0.861595 0.761377 0.864956 0.762837 0.864595 0.764501 0.866275 0.768881 0.865193 0.770914 0.885584 0.766539 0.886659 0.765284 0.889054 0.762369 0.889770 0.761115 0.892163 0.759659 0.892521 0.757154 0.897301 0.755699 0.897658 0.754448 0.900048 0.752993 0.900405 0.751742 0.902792 0.750287 0.903149 0.747789 0.907923 0.746336 0.908279 0.741348 0.917812 0.739897 0.918166 0.737405 0.922926 0.735955 0.923280 0.733467 0.928037 0.732017 0.928391 0.730774 0.930767 0.729326 0.931120 0.726842 0.935870 0.727463 0.941932 0.702884 0.947908 0.702256 0.941856 0.698949 0.938524 0.696061 0.939227 0.694407 0.937562 0.692964 0.937914 0.691310 0.936247 0.688425 0.936951 0.686771 0.935285 0.685329 0.935637 0.683675 0.933972 0.682233 0.934324 0.672309 0.924328 0.672096 0.922308 0.658858 0.908974 0.658644 0.906951 0.653678 0.901948 0.649357 0.903012 0.646985 0.880741 0.651310 0.879669 0.657449 0.867732 0.656804 0.861636
0 0.884219 0.291293 0.885011 0.300041 0.886736 0.301804 0.892844 0.300111 0.896774 0.343739 0.890678 0.345413 0.889351 0.348006 0.887829 0.348423 0.883853 0.356195 0.882332 0.356612 0.881009 0.359200 0.879488 0.359617 0.878166 0.362203 0.876645 0.362619 0.874003 0.367791 0.870965 0.368622 0.869645 0.371204 0.863576 0.372864 0.861859 0.371113 0.861660 0.368945 0.854792 0.361936 0.854592 0.359767 0.849440 0.354509 0.847923 0.354926 0.841053 0.347914 0.839538 0.348331 0.832666 0.341317 0.831150 0.341735 0.830134 0.330873 0.831447 0.328281 0.831040 0.323931 0.836297 0.313544 0.835485 0.304827
0 0.119384 0.757315 0.122360 0.779402 0.118234 0.780481 0.107210 0.804079 0.107482 0.806078 0.105282 0.810786 0.106096 0.816774 0.097879 0.818906 0.097063 0.812921 0.095421 0.811282 0.095149 0.809285 0.091865 0.806005 0.087759 0.807074 0.082285 0.767062
0 0.243919 0.699393 0.247545 0.727835 0.237767 0.730402 0.236631 0.732795 0.232445 0.733894 0.230790 0.732233 0.226607 0.733331 0.221642 0.728354 0.221381 0.726327 0.219726 0.724667 0.217371 0.706408
0 0.260081 0.960305 0.261856 0.974125 0.249454 0.977199 0.248332 0.979510 0.246956 0.979851 0.243593 0.986779 0.244612 0.994649 0.228131 0.998718 0.227105 0.990858 0.225477 0.989233 0.219988 0.990591 0.217414 0.970917
0 0.296801 0.934811 0.298803 0.950674 0.291876 0.952397 0.290742 0.954722 0.285205 0.956098 0.284073 0.958420 0.281306 0.959108 0.279672 0.957474 0.276907 0.958161 0.273638 0.954892 0.273385 0.952914 0.270115 0.949645 0.265970 0.950678 0.264956 0.942762
0 0.834181 0.340900 0.834789 0.347411 0.841659 0.354423 0.843175 0.354007 0.855193 0.366272 0.861261 0.364610 0.864250 0.397076 0.858192 0.398724 0.856877 0.401295 0.855364 0.401706 0.854051 0.404275 0.852538 0.404686 0.849914 0.409822 0.848403 0.410232 0.844472 0.417928 0.845074 0.424387 0.814930 0.432550 0.814318 0.426104 0.805771 0.417397 0.804267 0.417805 0.797428 0.410840 0.792917 0.412068 0.789608 0.377592 0.794126 0.376352 0.800631 0.363477 0.800425 0.361313 0.801728 0.358735 0.800903 0.350074
0 0.099772 0.568936 0.104727 0.605811 0.093634 0.608827 0.092523 0.611246 0.091138 0.611622 0.090030 0.614041 0.090858 0.620162 0.071497 0.625414 0.070664 0.619302 0.069004 0.617638 0.067622 0.618013 0.065962 0.616351 0.064581 0.616727 0.062922 0.615064 0.061541 0.615440 0.059881 0.613776 0.055740 0.614903 0.051261 0.582236 0.062325 0.579203 0.063163 0.585341 0.066488 0.588676 0.069255 0.587919 0.070361 0.585494 0.071746 0.585115 0.072852 0.582688 0.072017 0.576546
0 0.600884 0.518754 0.601560 0.525077 0.610013 0.533641 0.611479 0.533248 0.616550 0.538384 0.620950 0.537206 0.623624 0.562440 0.616299 0.564391 0.615058 0.566880 0.612131 0.567659 0.610891 0.570147 0.609429 0.570536 0.608189 0.573021 0.606728 0.573410 0.605489 0.575895 0.595264 0.578613 0.593578 0.576907 0.578991 0.580786 0.577307 0.579082 0.567111 0.581795 0.565884 0.584272 0.562974 0.585046 0.561748 0.587522 0.560293 0.587909 0.559069 0.590383 0.557614 0.590769 0.556391 0.593243 0.554937 0.593629 0.553713 0.596100 0.552261 0.596486 0.551038 0.598956 0.549587 0.599341 0.548365 0.601811 0.546914 0.602196 0.544473 0.607131 0.543023 0.607515 0.541803 0.609982 0.540353 0.610366 0.539135 0.612830 0.537686 0.613214 0.536468 0.615676 0.535020 0.616060 0.533803 0.618523 0.532356 0.618905 0.529924 0.623826 0.530618 0.630056 0.514723 0.634249 0.514025 0.628027 0.515236 0.625570 0.515003 0.623494 0.516215 0.621035 0.515982 0.618959 0.517195 0.616499 0.520086 0.615734 0.522513 0.610808 0.523961 0.610424 0.525175 0.607961 0.526623 0.607577 0.527840 0.605111 0.529287 0.604727 0.532940 0.597325 0.534389 0.596940 0.536826 0.591999 0.538277 0.591614 0.541938 0.584194 0.543391 0.583808 0.553178 0.563980 0.554633 0.563592 0.559540 0.553652 0.560997 0.553261 0.568375 0.538323 0.569834 0.537931 0.571066 0.535437 0.570152 0.527026
0 0.124762 0.363663 0.127802 0.386770 0.101070 0.394374 0.098001 0.371313
0 0.233113 0.660104 0.237023 0.690698 0.221646 0.694770 0.220860 0.688666 0.219201 0.687001 0.215011 0.688112 0.213352 0.686448 0.211956 0.686819 0.208639 0.683490 0.203056 0.684973 0.202793 0.682939 0.206979 0.681826 0.210378 0.674602 0.209325 0.666448
0 0.436606 0.809248 0.430266 0.817381 0.422534 0.825208 0.404225 0.835709 0.402410 0.843313 0.408000 0.844492 0.423589 0.837945 0.431982 0.831915 0.439423 0.821567 0.440598 0.812143
0 0.424262 0.843620 0.413378 0.847674 0.406335 0.853346 0.414503 0.857116 0.421194 0.856075 0.426191 0.852220 0.425077 0.846660
0 0.956491 0.763872 0.955041 0.759723 0.971071 0.745165 0.972597 0.744029 0.987550 0.753847 0.988192 0.761215 0.982666 0.772370 0.968102 0.779002 0.959592 0.768357
0 0.830901 0.528401 0.824803 0.538483 0.819417 0.544520 0.805735 0.554276 0.794955 0.560188 0.784954 0.562826 0.774732 0.568588 0.767499 0.582727 0.771757 0.587716 0.778434 0.584436 0.794603 0.573302 0.804248 0.566934 0.821755 0.557722 0.831901 0.550439 0.838001 0.540376 0.835530 0.537182
0 0.817988 0.557948 0.818944 0.562299 0.817718 0.566455 0.804585 0.576034 0.794943 0.582392 0.786006 0.584739 0.784665 0.582036 0.788817 0.574825 0.798981 0.568321 0.807196 0.563859
0 0.438932 0.614226 0.426890 0.636263 0.412618 0.656571 0.403011 0.676336 0.388640 0.690579 0.377556 0.701695 0.367586 0.713244 0.376962 0.718236 0.388484 0.715228 0.397911 0.707550 0.416713 0.682462 0.425093 0.669778 0.434173 0.662888 0.446474 0.661148 0.455920 0.661666 0.474587 0.656001 0.476117 0.651086 0.471477 0.642530 0.459138 0.626208 0.455080 0.622760
0 0.407011 0.604628 0.399706 0.613367 0.388884 0.623032 0.374671 0.638847 0.365152 0.663118 0.361477 0.679797 0.358434 0.688811 0.352693 0.692559 0.343050 0.698079 0.332124 0.697224 0.319873 0.685540 0.313831 0.669970 0.311953 0.654763 0.317590 0.650270 0.326821 0.645567 0.337568 0.640456 0.358167 0.626705 0.359913 0.623985 0.375947 0.606144 0.387684 0.595452 0.394667 0.592825 0.401584 0.593993 0.406666 0.601698
0 0.239567 0.538000 0.243210 0.542305 0.250754 0.544787 0.256026 0.545618 0.262116 0.544713 0.263666 0.548832 0.264809 0.553821 0.255461 0.561658 0.248200 0.561367 0.242659 0.558342 0.238243 0.551987 0.237188 0.547736 0.237223 0.543942
0 0.262932 0.542977 0.271028 0.541522 0.275535 0.540292 0.274027 0.532361 0.269153 0.530660 0.262962 0.530839 0.257460 0.532346 0.249462 0.534535 0.249423 0.538333 0.253975 0.541635 0.261023 0.544254
0 0.218353 0.541538 0.204800 0.548273 0.194488 0.548073 0.181612 0.547822 0.170235 0.547166 0.157897 0.542998 0.153508 0.529085 0.152454 0.521049 0.156866 0.507701 0.170111 0.494919 0.171411 0.493039 0.175123 0.485923 0.181424 0.478843 0.192005 0.472851 0.215189 0.464108 0.219284 0.463730 0.229634 0.467725 0.239580 0.472597 0.244018 0.478998 0.248191 0.491566 0.249950 0.505545 0.250652 0.515234 0.241265 0.526922 0.226854 0.535422 0.223147 0.538709
0 0.407358 0.324436 0.407946 0.320367 0.405789 0.315515 0.393620 0.315849 0.380792 0.319494 0.375599 0.324867 0.376911 0.331507 0.380674 0.332000 0.397261 0.328856
0 0.636304 0.850565 0.642193 0.846881 0.656846 0.841743 0.659858 0.845423 0.660977 0.851051 0.658085 0.858409 0.652622 0.861244 0.649562 0.862005 0.645254 0.860866 0.640639 0.856856
