0 0.436198 0.783514 0.430023 0.809794 0.434338 0.810513 0.439987 0.818282 0.441426 0.818521 0.449334 0.829397 0.448408 0.833339 0.481494 0.838852 0.482421 0.834909 0.489410 0.830612 0.495164 0.831571 0.499796 0.811860 0.495481 0.811141 0.484183 0.795605 0.485110 0.791663
0 0.577279 0.539392 0.576044 0.544648 0.574297 0.545723 0.572858 0.545483 0.562374 0.551929 0.560935 0.551689 0.555693 0.554912 0.549939 0.553953 0.544690 0.576292 0.550444 0.577250 0.551574 0.578804 0.553013 0.579043 0.554142 0.580597 0.555581 0.580836 0.558971 0.585498 0.560409 0.585737 0.562668 0.588845 0.564107 0.589085 0.570886 0.598407 0.569960 0.602349 0.597292 0.606903 0.598527 0.601646 0.602022 0.599498 0.603460 0.599738 0.605208 0.598663 0.605516 0.597349 0.609011 0.595201 0.610449 0.595441 0.626176 0.585771 0.630491 0.586490 0.631726 0.581234 0.627411 0.580515 0.625151 0.577408 0.625769 0.574780 0.624639 0.573226 0.624947 0.571912 0.623818 0.570358 0.624127 0.569045 0.622998 0.567491 0.623306 0.566177 0.621047 0.563070 0.621355 0.561756 0.616837 0.555541 0.617145 0.554227 0.613755 0.549566 0.614682 0.545624
0 0.482625 0.840405 0.476758 0.865371 0.482512 0.866330 0.493810 0.881867 0.495249 0.882107 0.502027 0.891429 0.503466 0.891668 0.509114 0.899436 0.510553 0.899676 0.517332 0.908998 0.518771 0.909238 0.522160 0.913899 0.523598 0.914139 0.529247 0.921907 0.530686 0.922147 0.532945 0.925254 0.532636 0.926567 0.533766 0.928122 0.535205 0.928361 0.536335 0.929915 0.540650 0.930634 0.541780 0.932188 0.540854 0.936129 0.558117 0.939005 0.559043 0.935064 0.560790 0.933990 0.562229 0.934230 0.565724 0.932080 0.567163 0.932320 0.572404 0.929097 0.573843 0.929337 0.577337 0.927188 0.578776 0.927428 0.585765 0.923131 0.587203 0.923370 0.588951 0.922296 0.593266 0.923015 0.595737 0.912503 0.588544 0.911305 0.587415 0.909751 0.585976 0.909511 0.584846 0.907957 0.581969 0.907478 0.580839 0.905925 0.577962 0.905445 0.576832 0.903892 0.573956 0.903413 0.572825 0.901859 0.569948 0.901379 0.568818 0.899826 0.565942 0.899347 0.564812 0.897792 0.561935 0.897313 0.560805 0.895759 0.559366 0.895519 0.558236 0.893966 0.556798 0.893726 0.555667 0.892173 0.552791 0.891694 0.551661 0.890140 0.550222 0.889900 0.549093 0.888346 0.547655 0.888106 0.546524 0.886553 0.545086 0.886313 0.543956 0.884760 0.542517 0.884520 0.541388 0.882966 0.539950 0.882727 0.538820 0.881172 0.537381 0.880933 0.531732 0.873165 0.530293 0.872925 0.526904 0.868264 0.525465 0.868025 0.518686 0.858703 0.517248 0.858463 0.510470 0.849140 0.511396 0.845199
0 0.657069 0.956858 0.656143 0.960799 0.652647 0.962949 0.651209 0.962709 0.649462 0.963783 0.648023 0.963543 0.646276 0.964617 0.639083 0.963419 0.635995 0.976559 0.641749 0.977518 0.642879 0.979072 0.644318 0.979311 0.646577 0.982419 0.648015 0.982658 0.650276 0.985766 0.651714 0.986005 0.653973 0.989113 0.653047 0.993054 0.661678 0.994492 0.662605 0.990551 0.664353 0.989476 0.665791 0.989716 0.667537 0.988642 0.668976 0.988881 0.670724 0.987808 0.672162 0.988047 0.687888 0.978378 0.689327 0.978618 0.689636 0.977304 0.691384 0.976229 0.691692 0.974916 0.693439 0.973841 0.694366 0.969899 0.693236 0.968345 0.694471 0.963089
0 0.432232 0.405990 0.431305 0.409933 0.417326 0.418527 0.415888 0.418287 0.412394 0.420436 0.410955 0.420196 0.407460 0.422344 0.401706 0.421385 0.395839 0.446352 0.400154 0.447071 0.401284 0.448624 0.402723 0.448864 0.403853 0.450418 0.405292 0.450658 0.406421 0.452211 0.407860 0.452451 0.408989 0.454005 0.411866 0.454484 0.412996 0.456037 0.414435 0.456277 0.415565 0.457831 0.417003 0.458071 0.418133 0.459625 0.421009 0.460104 0.422140 0.461657 0.423578 0.461897 0.425837 0.465004 0.427277 0.465244 0.434055 0.474566 0.444126 0.476244 0.445873 0.475169 0.448750 0.475649 0.450496 0.474575 0.451935 0.474814 0.453682 0.473740 0.455121 0.473979 0.463859 0.468608 0.464167 0.467295 0.469409 0.464071 0.469718 0.462757 0.471465 0.461683 0.471773 0.460368 0.482258 0.453922 0.488012 0.454881 0.492335 0.436485 0.488019 0.435766 0.485760 0.432660 0.486069 0.431345 0.482680 0.426684 0.482989 0.425370 0.477339 0.417602 0.478265 0.413660
0 0.366087 0.318505 0.364852 0.323761 0.363104 0.324835 0.361666 0.324596 0.359919 0.325670 0.359610 0.326984 0.331652 0.344172 0.331343 0.345487 0.329596 0.346561 0.323842 0.345602 0.318284 0.369254 0.322599 0.369973 0.327118 0.376188 0.328557 0.376428 0.330817 0.379536 0.332256 0.379775 0.333385 0.381329 0.334824 0.381568 0.335953 0.383121 0.343147 0.384320 0.344276 0.385874 0.351468 0.387072 0.352599 0.388626 0.388563 0.394618 0.390310 0.393544 0.393187 0.394023 0.394934 0.392948 0.397811 0.393428 0.399559 0.392354 0.402436 0.392833 0.404184 0.391759 0.405622 0.391999 0.407369 0.390924 0.408808 0.391164 0.412302 0.389015 0.412611 0.387701 0.414358 0.386627 0.416519 0.377429 0.415390 0.375875 0.416008 0.373247 0.414878 0.371693 0.415186 0.370379 0.414057 0.368825 0.414366 0.367512 0.413235 0.365959 0.413544 0.364644 0.412415 0.363091 0.413033 0.360462 0.411903 0.358909 0.412212 0.357595 0.411082 0.356041 0.411390 0.354728 0.410261 0.353174 0.410879 0.350546 0.409749 0.348992 0.410057 0.347678 0.407798 0.344570 0.408107 0.343256 0.406976 0.341703 0.407285 0.340388 0.398247 0.327959 0.399173 0.324017
0 0.697726 0.510304 0.696800 0.514245 0.693305 0.516394 0.690428 0.515915 0.688680 0.516989 0.687242 0.516750 0.685495 0.517825 0.684056 0.517585 0.682308 0.518659 0.680870 0.518419 0.679123 0.519494 0.677684 0.519254 0.674190 0.521402 0.672751 0.521162 0.671004 0.522237 0.669565 0.521997 0.667818 0.523071 0.666379 0.522831 0.662885 0.524980 0.661446 0.524741 0.659699 0.525815 0.658260 0.525576 0.654765 0.527724 0.653327 0.527485 0.648085 0.530708 0.647776 0.532021 0.642534 0.535244 0.642225 0.536558 0.638730 0.538707 0.638421 0.540021 0.636674 0.541095 0.636366 0.542409 0.634619 0.543484 0.634310 0.544797 0.630814 0.546946 0.630506 0.548260 0.627012 0.550409 0.622696 0.549690 0.618064 0.569399 0.622380 0.570119 0.624639 0.573226 0.624021 0.575855 0.625151 0.577408 0.624842 0.578722 0.627102 0.581830 0.626793 0.583143 0.629053 0.586251 0.630491 0.586490 0.631621 0.588044 0.633060 0.588283 0.635319 0.591391 0.634084 0.596647 0.684434 0.605035 0.685360 0.601094 0.687107 0.600020 0.688546 0.600260 0.690294 0.599185 0.693170 0.599664 0.694918 0.598590 0.699233 0.599309 0.700981 0.598235 0.705297 0.598954 0.707044 0.597879 0.709921 0.598358 0.711669 0.597285 0.714545 0.597764 0.716293 0.596690 0.717731 0.596929 0.719479 0.595855 0.722356 0.596334 0.724103 0.595260 0.726981 0.595740 0.728728 0.594665 0.731605 0.595144 0.733352 0.594070 0.734791 0.594310 0.736539 0.593235 0.737977 0.593475 0.741471 0.591326 0.742910 0.591566 0.746404 0.589417 0.747843 0.589657 0.758327 0.583211 0.758636 0.581897 0.763878 0.578674 0.764186 0.577361 0.765934 0.576286 0.766243 0.574972 0.767991 0.573898 0.768299 0.572584 0.770046 0.571509 0.775296 0.549172 0.777043 0.548097 0.779822 0.536271 0.778692 0.534717 0.779001 0.533404 0.775611 0.528742 0.776846 0.523486
0 0.704977 0.899298 0.704050 0.903241 0.698809 0.906463 0.697370 0.906224 0.692128 0.909447 0.690689 0.909207 0.687195 0.911355 0.685756 0.911115 0.682262 0.913265 0.680823 0.913025 0.679075 0.914099 0.677637 0.913859 0.675890 0.914933 0.671574 0.914214 0.669826 0.915289 0.665511 0.914570 0.663763 0.915645 0.659448 0.914926 0.657701 0.916000 0.651947 0.915041 0.650199 0.916116 0.640128 0.914438 0.638382 0.915512 0.637252 0.913959 0.624305 0.911801 0.622558 0.912875 0.616804 0.911917 0.615056 0.912990 0.613617 0.912751 0.611870 0.913826 0.608993 0.913346 0.607246 0.914421 0.604368 0.913941 0.602621 0.915015 0.599744 0.914536 0.594502 0.917759 0.590186 0.917040 0.587716 0.927552 0.593470 0.928510 0.594600 0.930064 0.594292 0.931379 0.604459 0.945362 0.605897 0.945601 0.609287 0.950263 0.610725 0.950502 0.611855 0.952056 0.613294 0.952295 0.615553 0.955403 0.616992 0.955642 0.618122 0.957197 0.620999 0.957676 0.622129 0.959229 0.627883 0.960188 0.629012 0.961741 0.630451 0.961981 0.631581 0.963535 0.630654 0.967477 0.632093 0.967717 0.633020 0.963774 0.634768 0.962700 0.639083 0.963419 0.640831 0.962345 0.643707 0.962824 0.645454 0.961750 0.646893 0.961990 0.648640 0.960915 0.650079 0.961155 0.653573 0.959006 0.655012 0.959246 0.656760 0.958172 0.658198 0.958412 0.659945 0.957337 0.662822 0.957816 0.664570 0.956742 0.667447 0.957221 0.669194 0.956147 0.670633 0.956387 0.672381 0.955312 0.676696 0.956031 0.678444 0.954957 0.682759 0.955676 0.684506 0.954602 0.687384 0.955082 0.689131 0.954007 0.692008 0.954486 0.693755 0.953411 0.695194 0.953651 0.696942 0.952577 0.699818 0.953057 0.701566 0.951983 0.703005 0.952223 0.704752 0.951148 0.706190 0.951387 0.707937 0.950313 0.709376 0.950553 0.711123 0.949478 0.712562 0.949718 0.717804 0.946496 0.719243 0.946735 0.727979 0.941363 0.729418 0.941603 0.731165 0.940528 0.731474 0.939215 0.734969 0.937066 0.739284 0.937785 0.741754 0.927273 0.737439 0.926554 0.736309 0.925000 0.736618 0.923686 0.735488 0.922133 0.735797 0.920819 0.734668 0.919265 0.734976 0.917951 0.733846 0.916398 0.734155 0.915083 0.731895 0.911976 0.732204 0.910662 0.731074 0.909108 0.732309 0.903852
0 0.379499 0.719449 0.373323 0.745729 0.379077 0.746688 0.380208 0.748242 0.381646 0.748482 0.383905 0.751588 0.385344 0.751828 0.386474 0.753382 0.387912 0.753622 0.390172 0.756729 0.391610 0.756969 0.392741 0.758522 0.394179 0.758762 0.395309 0.760316 0.398185 0.760795 0.399315 0.762349 0.400753 0.762589 0.401884 0.764142 0.404761 0.764622 0.405891 0.766176 0.407329 0.766415 0.408458 0.767969 0.407532 0.771911 0.408971 0.772151 0.409897 0.768208 0.411644 0.767134 0.414521 0.767614 0.418017 0.765465 0.419455 0.765705 0.422950 0.763555 0.423259 0.762242 0.426753 0.760093 0.427062 0.758779 0.428809 0.757705 0.430044 0.752449 0.431792 0.751374 0.432409 0.748747 0.434156 0.747672 0.434465 0.746358 0.436213 0.745284 0.437139 0.741342 0.436009 0.739788 0.436318 0.738474 0.431800 0.732259 0.432726 0.728318
0 0.386459 0.791612 0.382445 0.808694 0.386760 0.809413 0.387890 0.810967 0.389328 0.811206 0.391589 0.814314 0.391280 0.815628 0.392410 0.817181 0.393849 0.817421 0.396107 0.820528 0.395181 0.824471 0.409567 0.826868 0.410494 0.822925 0.412240 0.821851 0.413679 0.822091 0.415426 0.821016 0.416865 0.821256 0.422107 0.818033 0.423546 0.818272 0.428788 0.815050 0.433103 0.815769 0.434647 0.809198 0.430332 0.808479 0.429201 0.806926 0.427763 0.806686 0.426634 0.805132 0.425195 0.804893 0.422935 0.801786 0.423862 0.797844
0 0.237270 0.739447 0.233565 0.755215 0.237880 0.755934 0.240140 0.759041 0.241579 0.759281 0.247227 0.767050 0.252982 0.768008 0.254729 0.766934 0.257606 0.767413 0.259353 0.766339 0.260792 0.766579 0.266034 0.763355 0.267473 0.763595 0.272715 0.760372 0.278469 0.761330 0.281865 0.746877
0 0.432435 0.952202 0.428421 0.969284 0.435614 0.970482 0.436743 0.972036 0.438182 0.972276 0.439312 0.973829 0.443628 0.974548 0.444757 0.976102 0.456266 0.978020 0.457396 0.979574 0.464588 0.980772 0.465718 0.982325 0.477226 0.984243 0.478356 0.985796 0.482672 0.986515 0.483802 0.988069 0.482875 0.992011 0.494384 0.993928 0.495310 0.989987 0.497057 0.988912 0.498496 0.989151 0.500244 0.988078 0.501682 0.988317 0.503429 0.987243 0.504868 0.987483 0.506615 0.986408 0.508054 0.986648 0.515043 0.982351 0.519358 0.983070 0.523064 0.967302
0 0.555221 0.175240 0.550281 0.196264 0.556035 0.197222 0.557165 0.198776 0.558603 0.199015 0.559733 0.200569 0.562610 0.201049 0.563740 0.202602 0.565179 0.202842 0.566308 0.204396 0.565382 0.208338 0.582645 0.211214 0.583571 0.207272 0.590560 0.202975 0.594877 0.203694 0.597347 0.193182 0.593031 0.192463 0.590771 0.189355 0.591080 0.188042 0.589951 0.186488 0.591186 0.181232
0 0.319036 0.824073 0.315948 0.837213 0.320263 0.837932 0.321393 0.839486 0.322831 0.839726 0.323962 0.841279 0.325401 0.841519 0.326530 0.843072 0.329407 0.843551 0.330536 0.845105 0.333414 0.845585 0.334544 0.847138 0.337421 0.847617 0.338551 0.849171 0.342866 0.849890 0.343996 0.851445 0.346873 0.851924 0.348003 0.853477 0.358072 0.855155 0.359203 0.856708 0.377904 0.859824 0.379651 0.858750 0.382528 0.859229 0.384276 0.858156 0.385714 0.858395 0.387461 0.857320 0.388900 0.857560 0.395890 0.853263 0.397329 0.853503 0.397637 0.852189 0.399384 0.851114 0.399693 0.849800 0.401441 0.848726 0.401750 0.847412 0.400619 0.845858 0.399181 0.845619 0.398051 0.844065 0.396612 0.843826 0.394353 0.840717 0.395279 0.836776
0 0.672573 0.719123 0.671647 0.723064 0.669899 0.724139 0.664145 0.723180 0.662398 0.724255 0.655204 0.723056 0.653457 0.724130 0.647703 0.723172 0.645956 0.724246 0.641640 0.723527 0.639892 0.724601 0.635577 0.723882 0.634033 0.730452 0.642665 0.731890 0.643795 0.733444 0.645233 0.733684 0.646362 0.735237 0.649240 0.735716 0.650370 0.737270 0.651808 0.737510 0.652938 0.739064 0.654376 0.739304 0.656637 0.742410 0.658075 0.742650 0.660334 0.745758 0.661773 0.745998 0.664032 0.749104 0.665471 0.749344 0.666601 0.750898 0.669478 0.751378 0.670608 0.752932 0.672046 0.753171 0.673176 0.754725 0.676053 0.755204 0.677182 0.756758 0.678621 0.756998 0.679751 0.758551 0.681190 0.758791 0.682320 0.760344 0.692390 0.762022 0.694137 0.760948 0.695575 0.761187 0.706059 0.754742 0.706368 0.753428 0.708115 0.752353 0.709554 0.752593 0.711301 0.751518 0.711610 0.750205 0.713357 0.749131 0.713666 0.747816 0.720656 0.743519 0.720964 0.742205 0.724459 0.740056 0.725897 0.740296 0.734634 0.734924 0.736073 0.735164 0.737308 0.729908
0 0.722095 0.743759 0.721168 0.747700 0.717673 0.749850 0.717364 0.751163 0.696397 0.764055 0.692081 0.763336 0.688684 0.777790 0.694438 0.778749 0.695568 0.780302 0.697007 0.780542 0.699266 0.783650 0.702143 0.784129 0.703273 0.785683 0.704712 0.785923 0.706459 0.784848 0.710775 0.785567 0.712523 0.784492 0.715399 0.784972 0.717146 0.783898 0.720024 0.784377 0.721771 0.783303 0.731841 0.784981 0.733588 0.783906 0.735027 0.784146 0.736157 0.785700 0.754858 0.788816 0.755167 0.787501 0.756915 0.786427 0.762668 0.787385 0.768226 0.763734 0.763911 0.763015 0.761651 0.759907 0.758774 0.759428 0.754255 0.753213 0.755181 0.749271
0 0.391792 0.819810 0.388395 0.834263 0.392711 0.834982 0.404009 0.850519 0.405447 0.850759 0.406577 0.852313 0.408016 0.852552 0.410275 0.855660 0.411714 0.855899 0.412844 0.857453 0.414283 0.857692 0.415412 0.859246 0.416850 0.859486 0.419110 0.862593 0.418183 0.866535 0.458464 0.873246 0.459390 0.869305 0.462885 0.867156 0.464323 0.867395 0.473059 0.862023 0.474498 0.862263 0.477993 0.860115 0.482308 0.860834 0.485396 0.847694 0.481081 0.846975 0.478821 0.843867 0.479130 0.842554 0.476870 0.839446 0.478106 0.834190 0.459404 0.831074 0.458477 0.835017 0.456731 0.836091 0.449537 0.834892 0.447791 0.835966 0.426212 0.832371 0.423952 0.829264 0.424878 0.825322
0 0.189173 0.753280 0.188246 0.757223 0.184752 0.759371 0.178998 0.758412 0.173131 0.783378 0.177447 0.784097 0.181965 0.790312 0.183404 0.790552 0.187923 0.796766 0.186997 0.800708 0.205699 0.803824 0.206625 0.799882 0.213614 0.795585 0.215052 0.795825 0.218547 0.793676 0.219986 0.793916 0.223480 0.791767 0.224919 0.792007 0.225228 0.790693 0.230469 0.787470 0.231908 0.787709 0.232217 0.786395 0.237459 0.783173 0.243213 0.784131 0.248153 0.763107
0 0.700704 0.783889 0.699778 0.787831 0.694536 0.791054 0.693097 0.790814 0.691350 0.791889 0.685596 0.790930 0.679729 0.815896 0.685484 0.816855 0.690003 0.823069 0.692880 0.823549 0.695139 0.826656 0.694213 0.830598 0.712914 0.833714 0.713840 0.829772 0.715588 0.828697 0.718465 0.829177 0.720212 0.828103 0.721651 0.828342 0.723398 0.827268 0.724837 0.827507 0.728332 0.825360 0.729770 0.825599 0.738507 0.820227 0.738816 0.818914 0.744058 0.815690 0.744367 0.814377 0.747861 0.812227 0.748170 0.810914 0.749917 0.809840 0.750226 0.808525 0.751974 0.807451 0.752283 0.806137 0.754030 0.805062 0.758345 0.805781 0.761124 0.793956
0 0.452037 0.207204 0.449567 0.217716 0.453882 0.218435 0.466310 0.235525 0.467749 0.235765 0.470009 0.238873 0.471447 0.239113 0.472576 0.240666 0.474015 0.240906 0.475145 0.242459 0.476584 0.242699 0.478843 0.245806 0.480282 0.246046 0.481411 0.247600 0.485728 0.248319 0.486857 0.249873 0.491172 0.250592 0.492302 0.252145 0.496619 0.252864 0.497748 0.254417 0.506379 0.255855 0.507509 0.257410 0.519017 0.259327 0.520147 0.260881 0.524463 0.261600 0.525593 0.263153 0.528470 0.263633 0.529599 0.265187 0.533915 0.265906 0.535046 0.267459 0.540800 0.268418 0.541929 0.269971 0.544806 0.270451 0.545936 0.272005 0.547375 0.272244 0.548505 0.273798 0.549943 0.274038 0.562371 0.291128 0.563809 0.291368 0.564939 0.292921 0.566377 0.293161 0.567507 0.294715 0.568946 0.294955 0.571205 0.298062 0.574082 0.298541 0.575212 0.300095 0.576651 0.300335 0.577780 0.301888 0.579219 0.302128 0.580349 0.303681 0.581787 0.303921 0.582917 0.305475 0.585795 0.305954 0.586924 0.307508 0.588362 0.307748 0.589492 0.309301 0.592370 0.309781 0.593500 0.311334 0.596376 0.311813 0.597506 0.313367 0.601821 0.314086 0.602952 0.315641 0.614460 0.317558 0.615590 0.319111 0.627099 0.321029 0.628846 0.319955 0.633161 0.320674 0.634909 0.319599 0.636348 0.319839 0.638095 0.318764 0.639533 0.319004 0.641281 0.317930 0.642720 0.318170 0.647961 0.314946 0.648270 0.313633 0.650018 0.312559 0.650944 0.308616 0.649814 0.307062 0.650431 0.304435 0.648172 0.301327 0.648481 0.300013 0.647352 0.298459 0.645913 0.298219 0.635745 0.284237 0.634306 0.283997 0.630917 0.279337 0.629478 0.279097 0.626088 0.274435 0.624650 0.274196 0.621260 0.269534 0.619822 0.269295 0.616432 0.264634 0.614994 0.264394 0.611605 0.259733 0.610166 0.259493 0.609036 0.257940 0.607598 0.257700 0.606469 0.256147 0.605030 0.255907 0.603900 0.254353 0.602461 0.254113 0.601331 0.252560 0.599893 0.252320 0.598764 0.250766 0.597325 0.250527 0.596194 0.248973 0.594756 0.248734 0.593627 0.247180 0.590749 0.246700 0.589620 0.245146 0.588181 0.244906 0.587051 0.243353 0.585613 0.243114 0.584483 0.241560 0.583044 0.241320 0.581915 0.239767 0.579037 0.239287 0.577908 0.237734 0.576469 0.237494 0.575340 0.235940 0.573901 0.235700 0.572771 0.234147 0.569893 0.233668 0.567634 0.230560 0.568560 0.226618
0 0.451470 0.616743 0.447148 0.635139 0.451464 0.635858 0.452593 0.637412 0.454032 0.637652 0.460811 0.646973 0.462249 0.647213 0.465638 0.651874 0.467077 0.652114 0.470466 0.656775 0.471905 0.657014 0.475294 0.661676 0.476732 0.661915 0.478992 0.665023 0.478066 0.668965 0.486697 0.670403 0.487932 0.665146 0.491427 0.662999 0.491736 0.661684 0.493483 0.660609 0.493791 0.659296 0.495539 0.658222 0.495848 0.656908 0.497596 0.655833 0.497904 0.654519 0.508388 0.648073 0.514143 0.649032 0.515995 0.641148 0.511679 0.640429 0.509420 0.637322 0.509729 0.636007 0.507469 0.632901 0.507778 0.631586 0.506648 0.630032 0.507574 0.626091
0 0.244622 0.320115 0.243696 0.324057 0.238454 0.327280 0.232700 0.326321 0.228377 0.344717 0.232693 0.345436 0.233823 0.346990 0.235262 0.347230 0.236391 0.348783 0.237829 0.349023 0.238959 0.350577 0.240397 0.350816 0.241528 0.352370 0.244405 0.352849 0.245534 0.354403 0.246973 0.354643 0.248103 0.356196 0.271120 0.360031 0.272867 0.358957 0.277183 0.359676 0.280678 0.357528 0.282116 0.357767 0.287359 0.354544 0.288797 0.354783 0.299281 0.348338 0.303597 0.349057 0.307920 0.330661
0 0.166505 0.913357 0.162182 0.931753 0.167936 0.932712 0.170195 0.935819 0.169269 0.939761 0.190847 0.943356 0.191773 0.939414 0.195268 0.937265 0.196707 0.937505 0.201950 0.934282 0.207703 0.935241 0.211099 0.920787
0 0.126748 0.611797 0.125822 0.615739 0.118832 0.620036 0.117394 0.619796 0.115646 0.620871 0.109892 0.619912 0.104334 0.643564 0.108649 0.644283 0.110910 0.647391 0.112348 0.647630 0.117996 0.655399 0.117687 0.656713 0.123337 0.664481 0.123028 0.665795 0.125288 0.668902 0.124979 0.670217 0.126108 0.671770 0.125799 0.673084 0.128060 0.676191 0.129498 0.676431 0.130627 0.677985 0.132066 0.678224 0.133196 0.679778 0.137512 0.680498 0.138641 0.682051 0.144396 0.683010 0.146655 0.686117 0.145729 0.690058 0.147168 0.690298 0.148094 0.686357 0.149842 0.685282 0.151280 0.685522 0.153027 0.684448 0.155905 0.684927 0.157652 0.683853 0.160529 0.684332 0.162276 0.683258 0.163715 0.683497 0.165463 0.682423 0.165771 0.681109 0.167518 0.680034 0.171834 0.680753 0.181406 0.640020 0.177090 0.639301 0.175961 0.637748 0.176270 0.636433 0.175140 0.634879 0.175448 0.633565 0.173189 0.630458 0.173498 0.629144 0.172059 0.628904 0.168670 0.624243 0.169905 0.618987
0 0.260287 0.202565 0.259052 0.207821 0.246821 0.215342 0.241066 0.214383 0.236435 0.234093 0.240751 0.234812 0.241880 0.236366 0.243318 0.236606 0.244448 0.238159 0.245888 0.238399 0.247017 0.239952 0.248456 0.240192 0.251845 0.244853 0.250918 0.248795 0.284005 0.254307 0.284931 0.250366 0.288427 0.248217 0.291303 0.248696 0.298293 0.244399 0.299731 0.244639 0.304974 0.241415 0.306412 0.241655 0.311654 0.238432 0.317408 0.239391 0.320804 0.224937 0.315050 0.223978 0.312791 0.220872 0.311352 0.220632 0.309093 0.217524 0.307654 0.217284 0.305395 0.214177 0.306322 0.210235
0 0.516453 0.518334 0.511512 0.539358 0.517266 0.540317 0.521786 0.546532 0.520859 0.550473 0.538122 0.553349 0.539357 0.548094 0.541104 0.547019 0.542543 0.547259 0.554775 0.539739 0.555084 0.538425 0.556830 0.537351 0.557139 0.536037 0.558886 0.534962 0.559195 0.533648 0.560943 0.532574 0.565258 0.533293 0.566802 0.526723
0 0.212655 0.615186 0.211729 0.619128 0.202991 0.624500 0.202683 0.625814 0.199189 0.627963 0.198880 0.629277 0.197132 0.630351 0.196515 0.632979 0.194767 0.634053 0.194149 0.636681 0.192402 0.637755 0.192094 0.639070 0.190347 0.640144 0.189729 0.642772 0.186233 0.644921 0.181918 0.644202 0.172655 0.683621 0.178409 0.684580 0.179539 0.686134 0.178613 0.690076 0.208822 0.695109 0.209749 0.691167 0.213243 0.689018 0.213552 0.687704 0.215300 0.686630 0.215917 0.684002 0.217664 0.682927 0.218282 0.680300 0.220029 0.679225 0.220646 0.676597 0.222394 0.675523 0.222703 0.674209 0.224450 0.673135 0.224759 0.671821 0.226506 0.670746 0.226815 0.669433 0.230310 0.667284 0.230619 0.665970 0.232366 0.664896 0.232674 0.663581 0.236170 0.661433 0.236479 0.660119 0.250457 0.651524 0.251896 0.651764 0.257137 0.648541 0.262891 0.649499 0.266597 0.633732 0.262281 0.633013 0.260022 0.629906 0.258584 0.629666 0.257454 0.628112 0.258689 0.622856
0 0.302427 0.182277 0.299957 0.192789 0.305711 0.193748 0.306840 0.195301 0.308279 0.195541 0.309409 0.197095 0.310848 0.197335 0.311977 0.198888 0.313416 0.199128 0.314546 0.200682 0.315984 0.200922 0.317114 0.202476 0.318552 0.202715 0.320812 0.205823 0.322251 0.206062 0.323380 0.207616 0.324819 0.207855 0.325949 0.209409 0.330264 0.210128 0.331394 0.211682 0.337148 0.212640 0.338278 0.214194 0.345471 0.215392 0.346600 0.216946 0.350917 0.217665 0.352047 0.219219 0.356362 0.219938 0.357491 0.221492 0.361807 0.222211 0.364067 0.225318 0.363141 0.229260 0.384719 0.232856 0.387498 0.221029 0.380305 0.219831 0.379175 0.218277 0.377737 0.218038 0.375477 0.214930 0.374039 0.214691 0.372909 0.213137 0.371471 0.212897 0.366951 0.206682 0.365513 0.206443 0.364383 0.204888 0.362945 0.204649 0.360685 0.201542 0.359247 0.201303 0.358117 0.199749 0.356679 0.199509 0.355548 0.197956 0.354110 0.197716 0.351850 0.194608 0.352776 0.190666
0 0.765091 0.630763 0.764165 0.634706 0.760670 0.636854 0.759231 0.636614 0.757484 0.637689 0.754607 0.637209 0.752860 0.638284 0.749982 0.637805 0.748235 0.638878 0.722341 0.634564 0.717709 0.654275 0.726341 0.655713 0.727471 0.657266 0.733225 0.658225 0.734355 0.659778 0.742986 0.661216 0.744115 0.662770 0.749871 0.663729 0.751618 0.662654 0.754495 0.663134 0.756242 0.662060 0.757681 0.662299 0.759427 0.661225 0.759736 0.659911 0.768473 0.654540 0.769911 0.654779 0.778649 0.649407 0.780088 0.649647 0.783582 0.647499 0.785020 0.647738 0.790263 0.644516 0.790572 0.643201 0.792319 0.642126 0.796634 0.642845 0.798178 0.636276
0 0.744269 0.261355 0.743033 0.266611 0.739539 0.268759 0.739230 0.270073 0.735735 0.272222 0.734296 0.271983 0.730801 0.274131 0.730493 0.275445 0.728746 0.276520 0.727308 0.276280 0.718571 0.281651 0.717132 0.281412 0.715385 0.282485 0.713946 0.282246 0.710452 0.284394 0.709013 0.284155 0.707265 0.285229 0.704389 0.284750 0.702641 0.285825 0.701202 0.285585 0.699455 0.286659 0.698016 0.286419 0.696269 0.287493 0.690515 0.286534 0.687118 0.300989 0.691435 0.301708 0.692564 0.303262 0.695441 0.303741 0.696570 0.305295 0.699448 0.305774 0.700578 0.307327 0.706332 0.308286 0.707461 0.309840 0.716093 0.311278 0.717223 0.312831 0.774765 0.322419 0.776513 0.321345 0.780828 0.322064 0.782575 0.320989 0.784014 0.321229 0.789256 0.318006 0.795010 0.318965 0.797171 0.309767 0.792856 0.309048 0.791726 0.307494 0.792035 0.306181 0.790906 0.304626 0.791832 0.300685 0.790703 0.299131 0.791011 0.297816 0.789881 0.296263 0.790190 0.294949 0.787930 0.291842 0.788239 0.290528 0.785980 0.287420 0.786288 0.286107 0.782899 0.281445 0.783207 0.280132 0.776429 0.270810 0.777355 0.266867
0 0.252847 0.851278 0.251612 0.856534 0.249865 0.857608 0.249248 0.860236 0.247500 0.861310 0.247191 0.862625 0.233212 0.871219 0.231774 0.870980 0.228279 0.873128 0.225401 0.872649 0.223655 0.873723 0.220778 0.873243 0.219031 0.874317 0.216154 0.873838 0.215023 0.872285 0.210707 0.871566 0.209578 0.870012 0.206701 0.869533 0.205570 0.867979 0.204132 0.867739 0.201873 0.864632 0.200435 0.864392 0.199305 0.862838 0.197866 0.862599 0.196736 0.861045 0.195297 0.860805 0.194168 0.859252 0.192730 0.859013 0.191599 0.857458 0.187283 0.856739 0.186154 0.855185 0.180400 0.854227 0.175459 0.875251 0.179775 0.875970 0.183164 0.880631 0.182856 0.881945 0.183986 0.883499 0.183677 0.884813 0.184806 0.886366 0.184498 0.887680 0.194666 0.901664 0.196104 0.901903 0.197233 0.903456 0.200111 0.903936 0.201241 0.905490 0.222820 0.909085 0.224567 0.908010 0.227444 0.908490 0.230938 0.906342 0.232376 0.906581 0.235872 0.904432 0.237310 0.904672 0.249541 0.897152 0.249850 0.895838 0.253346 0.893689 0.253654 0.892375 0.255401 0.891301 0.255710 0.889987 0.257458 0.888912 0.257766 0.887599 0.259513 0.886524 0.259822 0.885210 0.261569 0.884136 0.262187 0.881508 0.263934 0.880434 0.264243 0.879120 0.265990 0.878045 0.267843 0.870161 0.269591 0.869087 0.272987 0.854633
0 0.201293 0.831736 0.213699 0.827151 0.228719 0.825218 0.243515 0.827683 0.257307 0.834416 0.259697 0.841467 0.260251 0.845993 0.273155 0.849622 0.284004 0.844776 0.293911 0.830166 0.297923 0.813096 0.292084 0.806948 0.277456 0.803772 0.270113 0.804027 0.257099 0.797424 0.241524 0.794829 0.227618 0.795469 0.217547 0.800443 0.209202 0.804965 0.203025 0.810588 0.197294 0.817764 0.195178 0.823325 0.195121 0.827012
0 0.113136 0.655915 0.041931 0.666226 0.039587 0.686531 0.057608 0.692490 0.084581 0.705114 0.097596 0.711717 0.112224 0.714894 0.122404 0.712895 0.134643 0.709021 0.142770 0.698549 0.137767 0.688845 0.128535 0.679916 0.122587 0.670794
0 0.355755 0.718513 0.365936 0.716512 0.369776 0.710500 0.366607 0.703321 0.367390 0.693102 0.358771 0.685014 0.350817 0.684429 0.339523 0.687721 0.331512 0.690821 0.325837 0.694310 0.320772 0.698640 0.323220 0.702004 0.327893 0.702783 0.336233 0.708607 0.342463 0.709645 0.348469 0.715081
0 0.602327 0.767724 0.593483 0.764033 0.584584 0.764029 0.579798 0.770622 0.578851 0.771205 0.570729 0.771329 0.564887 0.775529 0.563884 0.779797 0.563382 0.781931 0.565661 0.786007 0.572615 0.790860 0.579120 0.794162 0.585961 0.796042 0.599310 0.801222 0.605540 0.802260 0.628905 0.795804 0.630519 0.792378 0.631856 0.786687 0.628298 0.784616 0.626296 0.782804 0.622684 0.774073 0.618179 0.772582 0.610392 0.771285 0.608223 0.770185
0 0.593610 0.725619 0.630552 0.709599 0.626715 0.705265 0.618707 0.698018 0.607414 0.701309 0.588611 0.705569 0.580933 0.707246 0.587437 0.720894
0 0.368687 0.649709 0.375025 0.653723 0.382033 0.654890 0.382254 0.660839 0.377859 0.662325 0.371463 0.661997 0.366848 0.657534
0 0.435975 0.700834 0.427245 0.689770 0.432643 0.684018 0.445160 0.682408 0.460901 0.684291 0.473862 0.684233 0.486880 0.680489 0.486048 0.673697 0.484882 0.668330 0.491561 0.660572 0.502132 0.653464 0.508085 0.652238 0.532889 0.663763 0.542898 0.672822 0.549181 0.680521 0.550124 0.690287 0.545782 0.698433 0.535152 0.709228 0.518127 0.719696 0.486587 0.719614 0.466173 0.716952 0.441702 0.704005
0 0.255531 0.535507 0.248908 0.539579 0.251742 0.548181 0.255579 0.552516 0.273709 0.561449 0.298127 0.567735 0.319764 0.572080 0.332448 0.569758 0.334730 0.563486 0.325447 0.547896 0.319608 0.541749 0.320945 0.536058 0.329402 0.534511 0.346815 0.529281 0.347935 0.507294 0.343764 0.504382 0.335533 0.501532 0.315789 0.496024 0.297099 0.492910 0.287420 0.492776 0.276570 0.497622 0.275177 0.506998 0.278847 0.512044 0.284962 0.520454 0.285350 0.525693 0.283902 0.528408 0.274835 0.529115 0.260426 0.531888
0 0.341303 0.542406 0.340137 0.537038 0.348540 0.528829 0.363670 0.529872 0.371289 0.531881 0.378518 0.538998 0.381352 0.547601 0.372950 0.555810 0.369667 0.556002 0.353204 0.550303 0.346698 0.547002
0 0.117321 0.476262 0.130943 0.494055 0.136835 0.506862 0.132824 0.523933 0.118581 0.525995 0.088097 0.528307 0.072470 0.519050 0.069857 0.516398 0.049226 0.497440 0.050123 0.479849 0.061489 0.431482
0 0.048615 0.496599 0.065629 0.517172 0.064512 0.528812 0.049602 0.533719 0.038590 0.528928
0 0.179487 0.394228 0.169197 0.393252 0.164075 0.401268 0.168684 0.426428 0.168847 0.436064 0.172793 0.443374 0.191148 0.447910 0.206335 0.445266 0.223027 0.436221 0.237769 0.432025 0.233932 0.427691 0.211463 0.416555
0 0.174514 0.453269 0.165948 0.451842 0.153541 0.456427 0.150536 0.458883 0.149533 0.463151 0.154317 0.466904 0.161325 0.468072 0.169446 0.467947 0.179908 0.457863
0 0.129027 0.264601 0.155398 0.255690 0.181495 0.234168 0.214654 0.220475 0.246531 0.208787 0.246201 0.199862 0.221340 0.192024 0.178342 0.185600 0.136345 0.185255 0.118153 0.190354 0.104781 0.247257 0.112841 0.261166
0 0.167660 0.189733 0.157093 0.186494 0.141629 0.186874 0.133784 0.189262 0.133838 0.195924 0.147520 0.199682 0.157591 0.194707
0 0.358625 0.482465 0.363693 0.467789 0.370314 0.463717 0.388673 0.457907 0.412535 0.459666 0.428664 0.466788 0.433166 0.478623 0.434549 0.500289 0.437158 0.513289 0.453230 0.524097 0.471695 0.531608 0.478202 0.534910 0.496940 0.555034 0.497939 0.561112 0.494099 0.567125 0.486532 0.571776 0.474571 0.577915 0.458160 0.578877 0.441808 0.576153 0.423452 0.571616 0.416839 0.554991 0.405834 0.529505 0.402666 0.522325 0.390378 0.509190 0.377865 0.500454 0.363963 0.490746
0 0.594931 0.468618 0.595095 0.478256 0.605103 0.487315 0.619120 0.489650 0.633138 0.491985 0.636306 0.499165 0.633574 0.514231 0.632404 0.519210 0.623055 0.528001 0.613764 0.533105 0.600135 0.536008 0.584059 0.535548 0.577942 0.527137 0.577000 0.517372 0.574835 0.505923 0.560264 0.499061 0.547973 0.496274 0.542802 0.487281 0.543030 0.472538 0.550377 0.461935 0.564063 0.455346 0.575133 0.456451 0.590816 0.462020 0.593264 0.465384
0 0.514527 0.387222 0.524870 0.394858 0.543058 0.400106 0.554518 0.396102 0.571100 0.384083 0.585450 0.384995 0.602803 0.393800 0.619707 0.411398 0.625822 0.419808 0.623148 0.431189 0.612299 0.436033 0.592607 0.437187 0.569694 0.424500 0.544550 0.424746 0.528079 0.439741 0.520623 0.447369 0.511722 0.447364 0.500600 0.439598 0.488425 0.419091 0.486427 0.406932 0.494721 0.395748 0.507017 0.388187 0.514694 0.386510
0 0.222958 0.178249 0.241088 0.187184 0.245373 0.182724 0.226187 0.171396 0.217841 0.175920
0 0.198213 0.152692 0.229530 0.157171 0.238487 0.153489 0.252842 0.144054 0.257962 0.136039 0.246395 0.126720 0.217473 0.118944 0.195835 0.114600 0.163908 0.109281 0.140991 0.106941 0.137429 0.115217 0.133364 0.125626 0.132026 0.131317 0.151437 0.138247 0.163395 0.142456 0.185143 0.149776
0 0.290551 0.159207 0.307458 0.166458 0.319081 0.172092 0.344221 0.182192 0.378762 0.190165 0.399123 0.186166 0.407248 0.175693 0.402583 0.154220 0.389292 0.145353 0.360202 0.138289 0.325160 0.132450 0.300126 0.135673 0.284549 0.143424 0.284655 0.156747 0.290995 0.160759
0 0.779920 0.531962 0.788323 0.523753 0.803122 0.515872 0.812969 0.515294 0.819198 0.516332 0.810572 0.528938 0.807122 0.529843 0.785983 0.533711
0 0.512821 0.335937 0.504590 0.333088 0.492852 0.334827 0.483393 0.340642 0.470208 0.345098 0.462198 0.348199 0.458580 0.349813 0.454350 0.360934 0.458354 0.364558 0.461520 0.371737 0.472423 0.373554 0.482102 0.373690 0.492392 0.374664 0.495283 0.379580 0.498675 0.382363 0.505684 0.383530 0.517755 0.380368 0.520985 0.373515 0.519985 0.367435 0.523215 0.360582 0.526387 0.357415 0.528669 0.351144 0.522998 0.344284 0.518048 0.341243
0 0.469787 0.281462 0.564734 0.300977 0.563841 0.308220 0.554774 0.308927 0.542147 0.307562 0.502375 0.304632 0.488025 0.303718 0.479850 0.297182
0 0.730251 0.371424 0.720181 0.376399 0.715838 0.384545 0.712219 0.396507 0.718836 0.402783 0.726566 0.407767 0.736690 0.409454 0.747372 0.405320 0.759386 0.405844 0.765616 0.406882 0.785977 0.402884 0.787758 0.398746 0.787261 0.390531 0.781756 0.382961 0.771356 0.379011 0.765407 0.369890 0.750444 0.368136 0.743379 0.370655 0.740097 0.370847 0.735091 0.371491
0 0.674526 0.339965 0.686707 0.339779 0.702173 0.339397 0.709625 0.342117 0.718244 0.350206 0.727642 0.358424 0.735204 0.364118 0.746886 0.366064 0.752838 0.364840 0.763190 0.351781 0.767422 0.340660 0.761973 0.329405 0.745176 0.325127 0.727600 0.320720 0.716588 0.315929 0.704019 0.310879 0.682105 0.304271 0.672148 0.301873 0.663970 0.305684 0.651617 0.316931 0.649000 0.324626 0.653222 0.334200 0.665793 0.339250
0 0.763524 0.350359 0.782106 0.340150 0.801689 0.336022 0.816928 0.340038 0.830942 0.352722 0.829658 0.365072 0.819143 0.368495 0.806349 0.367842 0.786880 0.364598 0.772701 0.352627
0 0.647082 0.246696 0.627610 0.253800 0.624380 0.260654 0.628438 0.270938 0.637893 0.275470 0.644901 0.276637 0.659697 0.279102 0.672156 0.281178 0.688122 0.278665 0.691183 0.272522 0.681509 0.262040 0.672833 0.257638 0.663655 0.255371 0.657315 0.251358
0 0.638798 0.237186 0.653597 0.229302 0.667561 0.224978 0.683192 0.223886 0.695260 0.231070 0.702374 0.245561 0.699089 0.256101 0.681121 0.256802 0.656760 0.246831
0 0.638869 0.192111 0.641426 0.198449 0.655720 0.203048 0.668958 0.205254 0.677525 0.206681 0.691598 0.205329 0.692545 0.204748 0.692935 0.199640 0.684093 0.195949 0.675083 0.192969 0.657119 0.183323 0.648439 0.189270 0.642486 0.190495
0 0.779875 0.797305 0.773758 0.788895 0.775320 0.778807 0.787893 0.773512 0.798185 0.774486 0.802799 0.778951 0.807578 0.793052 0.804235 0.807277 0.797332 0.819432 0.791157 0.825055 0.781363 0.832293 0.771461 0.836556 0.767844 0.838172 0.762674 0.829179 0.763901 0.820513 0.775419 0.812824 0.779593 0.805390 0.778872 0.801573
0 0.812291 0.831533 0.798156 0.846917 0.794818 0.850796 0.784523 0.860167 0.773674 0.865013 0.756872 0.871083 0.746521 0.884140 0.755699 0.886409 0.777727 0.885644 0.800590 0.881324 0.818005 0.876094 0.826016 0.872994 0.830024 0.866270 0.826969 0.851717 0.819797 0.840913
0 0.856434 0.753887 0.882570 0.770067 0.903645 0.790579 0.902194 0.803641 0.888452 0.813918 0.869256 0.823284 0.843832 0.831613 0.830646 0.836069 0.837504 0.796559 0.846918 0.763388 0.854986 0.756601
0 0.826620 0.601830 0.814881 0.603571 0.808093 0.608352 0.804420 0.613654 0.809982 0.617537 0.822776 0.618190 0.835013 0.614316 0.838186 0.611149 0.836074 0.606362 0.827121 0.599696
0 0.840024 0.603325 0.841354 0.618329 0.838566 0.637082 0.838117 0.645877 0.841225 0.667091 0.834709 0.684484 0.843108 0.686621 0.858018 0.681714 0.871815 0.678101 0.870929 0.664649 0.861592 0.642397 0.860320 0.623707 0.855986 0.611158
0 0.862829 0.754213 0.855494 0.733774 0.860399 0.709460 0.869087 0.682820 0.877662 0.663552 0.884726 0.661034 0.897516 0.672035 0.910807 0.680901 0.920373 0.688408 0.923149 0.700697 0.915969 0.710587 0.904227 0.722674 0.871452 0.751954 0.868448 0.754411
0 0.857833 0.582640 0.853719 0.576041 0.853784 0.551661 0.858239 0.536142 0.863861 0.525991 0.870593 0.524895 0.875266 0.525674 0.889837 0.532536 0.901183 0.535905 0.907800 0.542182 0.908240 0.554081 0.903900 0.562227 0.893327 0.569335 0.873689 0.577150
0 0.880941 0.522184 0.885124 0.494055 0.889078 0.480671 0.894862 0.480156 0.904709 0.479578 0.907881 0.476410 0.917614 0.483207 0.921618 0.486831 0.931292 0.497312 0.933013 0.507207 0.927447 0.513671 0.911979 0.524399 0.901130 0.529244 0.891285 0.529820 0.884888 0.529495
0 0.854157 0.446764 0.861611 0.449485 0.876688 0.443867 0.885089 0.435656 0.891214 0.423373 0.880536 0.417159 0.869467 0.416054 0.860232 0.417472 0.859559 0.430664 0.856827 0.445731
0 0.878079 0.444837 0.877740 0.456607 0.873617 0.470702 0.881070 0.473423 0.891863 0.472265 0.909333 0.463349 0.920238 0.454818 0.931034 0.443311 0.932037 0.439044 0.920805 0.428303 0.898169 0.417880 0.894776 0.415096 0.889543 0.430486 0.880972 0.439405
0 0.922219 0.367189 0.926780 0.364993 0.937238 0.365258 0.944191 0.370112 0.950860 0.383049 0.949800 0.391003 0.946515 0.401542 0.940285 0.400504 0.934947 0.392224 0.923716 0.381483
0 0.892474 0.473105 0.891582 0.480348 0.905322 0.480419 0.917340 0.470596 0.921849 0.461738 0.923798 0.456889 0.911224 0.462186 0.893921 0.470390
0 0.786542 0.961765 0.782927 0.963381 0.776583 0.969716 0.776302 0.977799 0.783421 0.981941 0.787704 0.977482 0.788874 0.972502
1 0.752342 0.205103 0.838558 0.365078 0.862470 0.383844 0.920661 0.366930 0.820873 0.206173
1 0.864639 0.384945 0.895111 0.413674 0.927556 0.375472
1 0.915472 0.409675 0.973765 0.416431 0.941714 0.590702 0.888924 0.591515 0.890711 0.577030 0.916644 0.545873 0.906635 0.536813 0.896845 0.533704 0.909921 0.526274 0.932955 0.510894 0.936911 0.497508 0.934688 0.489747 0.919620 0.474671 0.920511 0.467429 0.935987 0.436007 0.935544 0.434453 0.919305 0.424357
1 0.066663 0.430126 0.168150 0.511340 0.285556 0.421508 0.145080 0.327146 0.078204 0.360352
1 0.079701 0.374646 0.124977 0.385146 0.123936 0.341362 0.084323 0.358416 0.077536 0.363197
1 0.094858 0.303257 0.140130 0.324104 0.274740 0.192052 0.133250 0.132999
