0 0.610973 0.724727 0.611147 0.728948 0.614156 0.731308 0.615602 0.731081 0.620115 0.734619 0.624455 0.733936 0.625440 0.757856 0.619655 0.758766 0.609935 0.770207 0.609993 0.771614 0.605828 0.776517 0.604382 0.776745 0.598828 0.783283 0.599002 0.787503 0.583091 0.790005 0.582917 0.785785 0.579909 0.783426 0.578463 0.783653 0.576958 0.782473 0.575512 0.782701 0.572502 0.780343 0.571056 0.780570 0.569552 0.779390 0.568105 0.779617 0.565096 0.777258 0.563651 0.777486 0.559137 0.773948 0.557690 0.774175 0.554682 0.771815 0.553235 0.772043 0.553177 0.770636 0.551672 0.769457 0.545888 0.770367 0.545366 0.757703 0.551151 0.756793 0.552539 0.755159 0.553986 0.754932 0.555374 0.753297 0.556820 0.753069 0.559597 0.749800 0.561044 0.749573 0.562433 0.747938 0.565325 0.747483 0.566714 0.745849 0.568161 0.745621 0.572325 0.740718 0.573772 0.740490 0.575160 0.738856 0.576607 0.738629 0.579383 0.735360 0.579151 0.729732
0 0.611315 0.662364 0.611489 0.666585 0.612993 0.667764 0.613051 0.669171 0.616060 0.671530 0.621845 0.670620 0.622947 0.697354 0.617161 0.698264 0.615772 0.699898 0.614327 0.700125 0.612938 0.701760 0.611492 0.701988 0.610104 0.703623 0.608657 0.703850 0.607268 0.705484 0.607326 0.706891 0.605880 0.707118 0.603103 0.710388 0.601657 0.710615 0.598880 0.713884 0.597433 0.714111 0.594656 0.717381 0.593210 0.717608 0.591822 0.719242 0.586036 0.720152 0.584532 0.718973 0.583085 0.719201 0.581581 0.718021 0.578687 0.718476 0.577183 0.717296 0.575737 0.717523 0.574233 0.716344 0.572787 0.716571 0.568273 0.713032 0.566827 0.713260 0.557800 0.706183 0.557742 0.704776 0.556238 0.703597 0.556180 0.702189 0.553171 0.699830 0.548831 0.700513 0.548483 0.692071 0.552823 0.691388 0.568096 0.673409 0.567922 0.669188
0 1.000000 0.504134 1.000000 0.535088 1.000000 0.535998 0.999238 0.537632 0.997792 0.537859 0.996404 0.539494 0.996578 0.543716 0.982114 0.545990 0.981940 0.541769 0.980435 0.540589 0.977542 0.541044 0.976038 0.539865 0.973145 0.540320 0.971641 0.539141 0.970194 0.539368 0.965681 0.535829 0.964235 0.536056 0.953704 0.527800 0.949365 0.528482 0.948727 0.513005
0 0.705485 0.403980 0.705717 0.409608 0.707221 0.410788 0.708667 0.410561 0.711675 0.412920 0.716015 0.412237 0.717175 0.440377 0.711389 0.441287 0.704447 0.449459 0.704621 0.453681 0.669906 0.459140 0.669732 0.454918 0.666723 0.452559 0.665277 0.452787 0.659260 0.448069 0.657814 0.448296 0.648787 0.441219 0.643002 0.442129 0.642422 0.428058 0.648208 0.427149 0.649596 0.425515 0.649538 0.424107 0.650984 0.423880 0.653761 0.420611 0.655207 0.420383 0.656596 0.418749 0.658042 0.418522 0.659431 0.416887 0.659199 0.411259
0 0.913958 0.552460 0.915001 0.577786 0.909216 0.578696 0.906439 0.581965 0.906613 0.586186 0.890702 0.588689 0.890528 0.584467 0.889024 0.583287 0.887578 0.583514 0.886073 0.582335 0.884627 0.582563 0.880114 0.579024 0.878668 0.579251 0.875658 0.576893 0.874212 0.577121 0.871203 0.574761 0.871145 0.573354 0.869641 0.572174 0.863855 0.573084 0.863334 0.560421
0 0.877266 0.439275 0.877498 0.444903 0.879003 0.446083 0.880449 0.445855 0.881954 0.447035 0.886293 0.446352 0.887220 0.468864 0.881435 0.469774 0.878658 0.473043 0.878832 0.477264 0.858582 0.480448 0.858408 0.476228 0.855399 0.473869 0.853953 0.474096 0.847935 0.469378 0.846489 0.469605 0.841975 0.466066 0.836190 0.466976 0.835321 0.445871
0 0.826929 0.418868 0.828262 0.451230 0.803673 0.455097 0.803499 0.450876 0.801995 0.449696 0.799102 0.450151 0.797597 0.448972 0.794705 0.449426 0.793200 0.448246 0.791754 0.448474 0.787241 0.444936 0.782901 0.445618 0.782437 0.434362 0.786777 0.433680 0.790942 0.428777 0.790768 0.424555
0 0.944113 0.683666 0.944287 0.687887 0.947295 0.690247 0.947353 0.691653 0.948858 0.692833 0.954644 0.691924 0.955456 0.711622 0.949670 0.712532 0.948281 0.714166 0.946835 0.714393 0.944058 0.717662 0.944232 0.721884 0.923982 0.725068 0.923808 0.720847 0.920800 0.718488 0.917907 0.718942 0.911889 0.714224 0.911831 0.712818 0.910326 0.711638 0.910268 0.710230 0.908764 0.709051 0.904426 0.709733 0.904194 0.704105 0.908532 0.703423 0.909920 0.701788 0.909804 0.698975 0.911193 0.697340 0.910845 0.688898
0 0.961403 0.573321 0.962273 0.594426 0.957933 0.595108 0.955156 0.598378 0.953710 0.598606 0.949545 0.603509 0.949719 0.607730 0.929468 0.610915 0.929294 0.606693 0.926286 0.604334 0.924840 0.604562 0.920326 0.601023 0.918880 0.601250 0.915871 0.598892 0.914425 0.599119 0.912920 0.597939 0.912862 0.596532 0.909854 0.594173 0.905514 0.594855 0.904992 0.582192
0 0.498671 0.719730 0.498961 0.726766 0.503475 0.730304 0.504920 0.730076 0.507929 0.732436 0.513715 0.731526 0.514469 0.749816 0.510130 0.750499 0.494857 0.768478 0.493410 0.768706 0.492022 0.770341 0.490576 0.770568 0.489187 0.772202 0.489361 0.776423 0.480682 0.777788 0.480508 0.773567 0.477500 0.771208 0.473160 0.771891 0.471656 0.770711 0.468763 0.771165 0.467259 0.769986 0.465812 0.770214 0.464307 0.769035 0.462861 0.769262 0.461357 0.768082 0.459911 0.768310 0.456902 0.765951 0.455455 0.766178 0.453951 0.764998 0.452505 0.765225 0.449495 0.762867 0.448049 0.763095 0.445041 0.760735 0.440701 0.761417 0.440063 0.745940 0.444403 0.745258 0.451345 0.737085 0.452791 0.736858 0.456957 0.731955 0.456725 0.726327
0 0.749396 0.374416 0.750149 0.392708 0.745810 0.393390 0.741645 0.398293 0.741819 0.402514 0.717230 0.406381 0.717056 0.402160 0.714047 0.399801 0.712600 0.400028 0.711096 0.398849 0.709650 0.399077 0.705137 0.395538 0.699351 0.396448 0.698771 0.382377
0 0.688468 0.344346 0.688642 0.348567 0.690147 0.349746 0.695933 0.348837 0.696861 0.371349 0.692521 0.372031 0.686968 0.378569 0.687142 0.382790 0.668338 0.385747 0.668164 0.381526 0.666659 0.380346 0.665213 0.380574 0.662205 0.378216 0.660758 0.378443 0.659254 0.377263 0.659196 0.375856 0.656187 0.373496 0.651847 0.374179 0.651267 0.360109 0.655607 0.359426 0.658384 0.356157 0.658326 0.354751 0.659714 0.353116 0.659540 0.348895
0 0.653804 0.916250 0.653978 0.920471 0.658491 0.924010 0.659937 0.923783 0.662947 0.926141 0.664393 0.925914 0.665898 0.927094 0.667344 0.926867 0.668849 0.928046 0.673187 0.927363 0.674115 0.949875 0.669776 0.950558 0.668387 0.952192 0.665495 0.952647 0.664107 0.954282 0.662660 0.954509 0.654329 0.964316 0.654387 0.965724 0.651610 0.968992 0.650164 0.969219 0.645998 0.974123 0.646172 0.978344 0.634601 0.980163 0.634427 0.975943 0.632922 0.974764 0.631476 0.974991 0.629971 0.973811 0.628525 0.974039 0.616490 0.964602 0.615043 0.964830 0.610531 0.961291 0.609085 0.961518 0.604571 0.957980 0.603124 0.958208 0.601620 0.957027 0.601562 0.955621 0.598553 0.953262 0.594215 0.953944 0.593925 0.946909 0.598264 0.946227 0.601040 0.942958 0.600982 0.941551 0.602370 0.939916 0.603817 0.939688 0.606594 0.936420 0.608041 0.936193 0.612206 0.931289 0.613652 0.931061 0.617818 0.926158 0.617644 0.921937
0 0.778129 0.789073 0.779173 0.814399 0.774834 0.815081 0.772056 0.818350 0.772230 0.822571 0.762106 0.824163 0.761874 0.818535 0.757360 0.814997 0.757302 0.813590 0.754293 0.811230 0.752847 0.811458 0.746830 0.806740 0.746772 0.805333 0.745268 0.804153 0.745210 0.802746 0.743705 0.801567 0.739365 0.802250 0.739075 0.795214
0 0.204028 0.352556 0.204202 0.356776 0.207211 0.359136 0.212997 0.358226 0.214504 0.394808 0.191361 0.398447 0.191130 0.392820 0.189626 0.391640 0.188179 0.391867 0.186674 0.390688 0.186616 0.389281 0.183608 0.386922 0.182161 0.387149 0.176144 0.382431 0.174698 0.382658 0.171688 0.380300 0.170242 0.380527 0.168738 0.379348 0.168680 0.377940 0.167175 0.376760 0.162835 0.377443 0.162488 0.369001 0.168274 0.368091 0.172439 0.363188 0.172207 0.357560
0 0.771598 0.206653 0.773164 0.244642 0.742788 0.249419 0.742615 0.245198 0.739607 0.242839 0.736714 0.243294 0.733704 0.240935 0.730811 0.241390 0.729307 0.240211 0.727861 0.240438 0.723348 0.236899 0.723058 0.229864 0.729999 0.221692 0.731446 0.221464 0.735612 0.216560 0.735438 0.212340
0 0.709195 0.494029 0.709369 0.498250 0.713882 0.501788 0.715328 0.501561 0.719842 0.505099 0.725627 0.504189 0.726613 0.528109 0.722274 0.528791 0.719497 0.532060 0.718051 0.532288 0.715274 0.535557 0.710935 0.536239 0.700404 0.527983 0.700346 0.526575 0.698841 0.525396 0.698783 0.523989 0.695774 0.521630 0.694328 0.521857 0.688310 0.517139 0.688252 0.515732 0.686748 0.514552 0.686516 0.508924 0.687905 0.507289 0.687789 0.504476 0.689177 0.502841 0.688945 0.497213
0 0.183791 0.497351 0.183965 0.501572 0.185470 0.502752 0.189808 0.502070 0.191374 0.540059 0.174017 0.542788 0.173843 0.538567 0.154285 0.523233 0.152839 0.523460 0.152781 0.522054 0.149773 0.519695 0.145434 0.520377 0.144738 0.503493
0 0.640420 0.697438 0.640942 0.710102 0.635156 0.711012 0.624049 0.724087 0.622602 0.724314 0.621214 0.725949 0.619767 0.726177 0.618379 0.727811 0.609700 0.729176 0.608196 0.727996 0.606750 0.728224 0.605245 0.727044 0.602353 0.727499 0.600848 0.726320 0.597955 0.726775 0.596451 0.725595 0.595004 0.725823 0.590491 0.722284 0.591880 0.720650 0.591822 0.719242 0.593210 0.717608 0.596103 0.717153 0.597491 0.715519 0.598938 0.715291 0.600326 0.713656 0.601773 0.713429 0.603161 0.711795 0.604607 0.711567 0.605996 0.709933 0.607442 0.709706 0.608831 0.708071 0.608599 0.702443
0 0.708225 0.647124 0.709094 0.668228 0.690291 0.671186 0.690117 0.666965 0.687109 0.664606 0.681323 0.665516 0.680743 0.651445
0 0.697337 0.524216 0.697569 0.529844 0.700577 0.532203 0.700635 0.533610 0.703644 0.535969 0.705091 0.535742 0.709604 0.539281 0.715390 0.538371 0.716143 0.556662 0.711805 0.557345 0.707639 0.562248 0.707813 0.566469 0.687563 0.569654 0.687331 0.564026 0.675296 0.554589 0.670956 0.555271 0.669854 0.528538
0 1.000000 0.680423 1.000000 0.698715 0.995723 0.699625 0.988782 0.707797 0.987335 0.708024 0.985947 0.709658 0.986005 0.711065 0.980451 0.717603 0.980625 0.721825 0.974838 0.722735 0.974664 0.718513 0.971657 0.716154 0.971599 0.714748 0.968590 0.712388 0.968532 0.710981 0.956497 0.701545 0.956439 0.700137 0.953430 0.697779 0.953372 0.696372 0.951867 0.695192 0.951809 0.693785 0.950305 0.692606 0.950131 0.688384
0 0.998204 0.618515 0.999074 0.639619 0.994735 0.640302 0.987792 0.648475 0.986346 0.648702 0.984958 0.650337 0.977726 0.651474 0.974716 0.649114 0.973270 0.649342 0.967253 0.644624 0.965807 0.644851 0.962797 0.642492 0.961351 0.642719 0.959846 0.641540 0.958400 0.641768 0.955392 0.639409 0.955334 0.638001 0.953830 0.636822 0.948044 0.637732 0.947580 0.626476
0 0.735969 0.331211 0.736954 0.355131 0.731169 0.356041 0.728392 0.359309 0.728624 0.364938 0.714160 0.367213 0.713986 0.362991 0.709472 0.359453 0.708026 0.359680 0.703513 0.356141 0.702066 0.356369 0.699058 0.354010 0.698942 0.351196 0.697438 0.350016 0.697380 0.348609 0.698768 0.346974 0.698710 0.345568 0.701487 0.342299 0.701255 0.336671
0 0.951650 0.195332 0.952520 0.216436 0.946734 0.217346 0.945345 0.218981 0.945519 0.223202 0.933949 0.225021 0.933717 0.219393 0.926194 0.213496 0.926136 0.212089 0.924631 0.210910 0.918847 0.211819 0.918383 0.200563
0 0.745221 0.273111 0.746439 0.302659 0.740653 0.303569 0.736487 0.308472 0.736661 0.312692 0.723644 0.314740 0.723412 0.309112 0.717394 0.304393 0.713055 0.305076 0.711954 0.278343
0 0.986645 0.761946 0.987515 0.783050 0.967265 0.786235 0.967091 0.782014 0.964082 0.779655 0.959743 0.780337 0.959164 0.766267
0 0.906097 0.644328 0.906735 0.659805 0.895164 0.661625 0.893659 0.660446 0.890767 0.660901 0.889262 0.659722 0.887816 0.659949 0.883302 0.656410 0.878963 0.657093 0.878615 0.648650
0 0.606243 0.221328 0.606475 0.226956 0.607979 0.228135 0.609425 0.227908 0.610930 0.229088 0.615269 0.228406 0.616487 0.257953 0.612148 0.258636 0.609371 0.261905 0.607924 0.262132 0.603758 0.267035 0.603932 0.271256 0.576451 0.275578 0.576277 0.271357 0.573268 0.268998 0.571821 0.269225 0.562796 0.262148 0.562738 0.260741 0.561233 0.259561 0.561117 0.256747 0.559612 0.255568 0.559554 0.254161 0.555041 0.250622 0.554983 0.249215 0.551974 0.246856 0.547636 0.247538 0.547578 0.246131 0.551916 0.245449 0.554693 0.242181 0.554635 0.240773 0.557412 0.237504 0.558858 0.237277 0.561636 0.234008 0.561404 0.228380
0 0.564279 0.686754 0.565148 0.707859 0.559363 0.708769 0.556354 0.706410 0.556296 0.705003 0.553287 0.702644 0.547501 0.703554 0.546113 0.705189 0.544667 0.705417 0.541890 0.708685 0.541948 0.710092 0.540559 0.711726 0.541196 0.727204 0.542701 0.728384 0.542817 0.731197 0.541428 0.732832 0.541486 0.734239 0.540098 0.735873 0.540156 0.737280 0.538768 0.738915 0.538826 0.740321 0.537380 0.740549 0.535875 0.739370 0.532983 0.739825 0.531478 0.738645 0.530031 0.738872 0.528527 0.737693 0.525634 0.738148 0.524130 0.736969 0.522683 0.737196 0.521179 0.736016 0.519733 0.736244 0.518229 0.735064 0.516782 0.735291 0.500233 0.722317 0.500175 0.720910 0.495662 0.717371 0.491322 0.718054 0.491149 0.713833 0.495488 0.713150 0.498265 0.709881 0.498207 0.708474 0.500984 0.705205 0.502431 0.704978 0.506596 0.700074 0.506422 0.695853 0.544029 0.689939 0.544203 0.694160 0.547211 0.696520 0.548657 0.696292 0.550046 0.694657 0.549814 0.689029
0 0.745941 0.573218 0.746115 0.577439 0.758151 0.586876 0.763936 0.585966 0.764574 0.601443 0.760234 0.602125 0.757226 0.599766 0.755780 0.599993 0.752771 0.597634 0.735414 0.600364 0.734025 0.601998 0.731132 0.602453 0.729744 0.604088 0.728297 0.604315 0.726909 0.605950 0.724016 0.606405 0.722628 0.608039 0.721181 0.608267 0.719793 0.609901 0.718289 0.608722 0.716842 0.608949 0.715338 0.607770 0.713892 0.607997 0.707874 0.603279 0.702088 0.604189 0.701508 0.590119 0.707294 0.589209 0.711459 0.584305 0.711227 0.578677
0 0.755682 0.809596 0.755914 0.815224 0.760428 0.818762 0.767659 0.817625 0.768645 0.841545 0.757074 0.843365 0.755685 0.844999 0.752793 0.845454 0.751404 0.847089 0.747065 0.847771 0.745676 0.849405 0.744229 0.849633 0.742841 0.851267 0.743015 0.855488 0.724212 0.858445 0.724038 0.854224 0.722533 0.853045 0.721088 0.853272 0.719583 0.852093 0.716690 0.852548 0.715185 0.851368 0.713739 0.851595 0.712234 0.850416 0.706449 0.851326 0.705928 0.838662 0.713159 0.837525 0.714547 0.835891 0.727565 0.833844 0.728953 0.832210 0.730400 0.831982 0.731789 0.830347 0.733235 0.830120 0.738789 0.823582 0.738731 0.822175 0.742896 0.817272 0.742664 0.811644
0 0.830664 0.792140 0.831302 0.807617 0.815391 0.810119 0.815217 0.805898 0.809200 0.801180 0.808968 0.795552
0 0.352015 0.198999 0.352246 0.204627 0.353750 0.205807 0.355197 0.205579 0.358206 0.207938 0.363992 0.207029 0.365267 0.237982 0.360928 0.238664 0.359540 0.240299 0.358094 0.240527 0.349763 0.250334 0.348316 0.250561 0.346927 0.252196 0.345481 0.252424 0.344093 0.254058 0.338308 0.254967 0.332289 0.250249 0.330843 0.250477 0.329339 0.249298 0.326446 0.249753 0.315915 0.241495 0.315857 0.240089 0.314353 0.238909 0.308568 0.239819 0.307466 0.213086 0.313252 0.212176 0.314640 0.210541 0.314408 0.204913
0 0.789936 0.688296 0.790574 0.703774 0.768877 0.707186 0.768240 0.691708
0 0.744098 0.669805 0.744736 0.685281 0.736058 0.686646 0.735884 0.682426 0.732875 0.680067 0.728536 0.680749 0.728188 0.672307
0 0.944662 0.343708 0.944894 0.349336 0.947902 0.351695 0.950795 0.351240 0.952300 0.352419 0.958086 0.351510 0.958549 0.362766 0.941192 0.365495 0.939804 0.367130 0.931125 0.368495 0.929621 0.367315 0.926728 0.367770 0.925224 0.366591 0.923777 0.366818 0.919264 0.363280 0.918916 0.354838 0.920305 0.353203 0.920073 0.347575
0 0.753406 0.577709 0.753638 0.583337 0.758151 0.586876 0.761043 0.586421 0.762547 0.587600 0.769780 0.586463 0.771171 0.620231 0.765386 0.621141 0.763997 0.622776 0.762551 0.623003 0.761162 0.624637 0.761220 0.626044 0.759774 0.626271 0.751443 0.636079 0.751501 0.637486 0.748724 0.640755 0.748898 0.644976 0.732987 0.647478 0.732813 0.643257 0.728301 0.639718 0.726855 0.639946 0.717827 0.632868 0.717364 0.621613 0.718752 0.619978 0.718578 0.615757 0.719967 0.614122 0.721413 0.613895 0.724190 0.610626 0.728529 0.609943 0.730034 0.611123 0.732927 0.610668 0.734315 0.609033 0.737208 0.608578 0.738596 0.606944 0.744382 0.606034 0.748547 0.601131 0.748489 0.599723 0.749878 0.598089 0.749646 0.592461 0.748141 0.591281 0.748083 0.589875 0.746579 0.588695 0.745132 0.588923 0.743628 0.587743 0.740736 0.588198 0.739232 0.587018 0.736339 0.587473 0.734834 0.586294 0.727601 0.587431 0.726097 0.586252 0.723205 0.586707 0.721817 0.588341 0.720370 0.588568 0.718981 0.590203 0.717535 0.590430 0.713370 0.595334 0.707584 0.596244 0.707120 0.584987
0 0.946597 0.637959 0.947177 0.652030 0.939945 0.653167 0.938556 0.654801 0.935663 0.655256 0.934159 0.654077 0.932713 0.654304 0.931208 0.653125 0.925423 0.654035 0.924901 0.641371
0 0.352015 0.198999 0.352246 0.204627 0.355255 0.206986 0.356702 0.206758 0.364224 0.212656 0.370009 0.211746 0.370879 0.232852 0.366540 0.233534 0.363762 0.236803 0.362317 0.237030 0.351209 0.250106 0.351383 0.254327 0.334026 0.257056 0.333852 0.252836 0.330843 0.250477 0.329397 0.250704 0.327892 0.249525 0.326446 0.249753 0.312906 0.239136 0.308568 0.239819 0.307524 0.214492 0.311863 0.213810 0.314640 0.210541 0.314408 0.204913
0 0.952383 0.637050 0.952847 0.648306 0.945614 0.649443 0.944226 0.651078 0.941333 0.651533 0.939945 0.653167 0.937052 0.653622 0.935548 0.652443 0.934101 0.652670 0.932597 0.651490 0.925365 0.652627 0.924901 0.641371
0 0.849012 0.865849 0.853880 0.861300 0.860838 0.860205 0.867888 0.861368 0.869281 0.866825 0.863266 0.871933 0.854438 0.874835 0.848486 0.871987 0.847482 0.866469
0 0.433200 0.673859 0.435172 0.669352 0.448010 0.666808 0.449703 0.668640 0.449423 0.674979 0.444667 0.677300 0.438773 0.678227
0 0.874748 0.239857 0.871919 0.236631 0.862832 0.238585 0.852652 0.240186 0.844038 0.240491 0.829036 0.242851 0.824278 0.245172 0.829508 0.254316 0.836709 0.258955 0.849697 0.260059 0.854733 0.264512 0.866007 0.263265 0.874428 0.258268 0.876314 0.251677 0.876398 0.240647
0 0.835166 0.260771 0.847447 0.257790 0.854005 0.259906 0.857028 0.267823 0.852956 0.273709 0.847299 0.280369 0.841041 0.285549 0.831933 0.286982 0.822118 0.284329 0.819203 0.279017 0.823745 0.271484 0.834138 0.261981
0 0.813503 0.284634 0.818260 0.282314 0.829104 0.283754 0.833605 0.288292 0.829770 0.299912 0.827155 0.301896 0.814961 0.306961 0.806368 0.307787 0.802510 0.305772 0.800237 0.302982 0.801159 0.299165 0.809410 0.290000
0 0.418961 0.563843 0.426227 0.570045 0.430127 0.573104 0.430898 0.578753 0.431049 0.582400 0.430193 0.587780 0.423743 0.588271 0.414291 0.581364 0.414270 0.580843 0.407926 0.583939 0.403510 0.581486 0.408439 0.570220 0.415297 0.566518
0 0.432912 0.562175 0.443992 0.556236 0.467051 0.553134 0.469838 0.555318 0.473352 0.562110 0.473632 0.568885 0.469453 0.572165 0.459445 0.577934 0.440715 0.581405 0.435337 0.581725 0.428948 0.570666 0.429334 0.566934
0 0.428173 0.525677 0.432074 0.528735 0.433339 0.533257 0.434089 0.538385 0.434218 0.541512 0.431090 0.544103 0.424639 0.544592 0.422902 0.541718 0.421187 0.539365 0.423138 0.534337 0.426137 0.528621
0 0.400784 0.528411 0.407727 0.526794 0.414264 0.528389 0.416665 0.534305 0.416837 0.538475 0.413729 0.541586 0.405779 0.544935 0.397742 0.546199 0.392277 0.544436 0.388355 0.540857 0.388161 0.536165 0.396005 0.530211 0.398662 0.529269
0 0.303856 0.557817 0.321556 0.555558 0.323743 0.556262 0.334115 0.559353 0.341317 0.563990 0.344767 0.569218 0.344361 0.572428 0.341317 0.577103 0.332853 0.581057 0.322737 0.584222 0.312087 0.587470 0.299142 0.587408 0.294663 0.583390 0.294406 0.577138 0.300019 0.569436 0.303041 0.564240
0 0.402272 0.381303 0.408143 0.379855 0.410415 0.382645 0.411166 0.387772 0.409216 0.392801 0.406173 0.397475 0.400495 0.403613 0.395224 0.406541 0.388258 0.407637 0.385536 0.407015 0.384249 0.401972 0.386157 0.395901 0.390249 0.390537 0.396421 0.383273 0.402614 0.376528
1 0.416437 0.371731 0.221388 0.558721 0.389904 0.604608 0.545465 0.532410
