0 0.744712 0.280063 0.744020 0.286205 0.739956 0.290066 0.738154 0.289949 0.730025 0.297672 0.729794 0.299720 0.717603 0.311302 0.717371 0.313350 0.715338 0.315281 0.715106 0.317331 0.711044 0.321191 0.710812 0.323240 0.706747 0.327101 0.706514 0.329150 0.702452 0.333010 0.702219 0.335061 0.698155 0.338921 0.697922 0.340973 0.685731 0.352552 0.680338 0.352188 0.678000 0.372705 0.683396 0.373072 0.684962 0.375248 0.684261 0.381409 0.830710 0.391412 0.831393 0.385220 0.833437 0.383279 0.835253 0.383403 0.837298 0.381463 0.839116 0.381587 0.841160 0.379646 0.842978 0.379770 0.845022 0.377830 0.846839 0.377953 0.848884 0.376012 0.850703 0.376135 0.852748 0.374195 0.858203 0.374564 0.861826 0.341563 0.854558 0.341078 0.851377 0.336716 0.849561 0.336595 0.847972 0.334414 0.846156 0.334294 0.844568 0.332115 0.842752 0.331994 0.841163 0.329816 0.839349 0.329696 0.836175 0.325339 0.834360 0.325219 0.831189 0.320864 0.829375 0.320744 0.821451 0.309867 0.819639 0.309748 0.811726 0.298883 0.809915 0.298764 0.806752 0.294422 0.804944 0.294304 0.803363 0.292134 0.801553 0.292017 0.799974 0.289846 0.800659 0.283692
0 0.471696 0.426594 0.470969 0.432729 0.466930 0.436570 0.465152 0.436444 0.463132 0.438365 0.461355 0.438239 0.455296 0.443999 0.453520 0.443874 0.443425 0.453471 0.441649 0.453345 0.441405 0.455390 0.435348 0.461149 0.430025 0.460768 0.424647 0.505822 0.429974 0.506211 0.433039 0.510572 0.432794 0.512623 0.434328 0.514805 0.434083 0.516857 0.450966 0.540887 0.452746 0.541019 0.455821 0.545394 0.457602 0.545526 0.460677 0.549904 0.459947 0.556074 0.526031 0.561000 0.526995 0.552755 0.529026 0.550826 0.530815 0.550959 0.536907 0.545174 0.538698 0.545306 0.542760 0.541448 0.543001 0.539387 0.547063 0.535529 0.547303 0.533469 0.551365 0.529610 0.556739 0.530005 0.562245 0.482657 0.555086 0.482142 0.553536 0.479957 0.553776 0.477902 0.552227 0.475718 0.552466 0.473664 0.549368 0.469299 0.549608 0.467244 0.534138 0.445450 0.532352 0.445323 0.529262 0.440970 0.525694 0.440718 0.522607 0.436368 0.523328 0.430221
0 0.089653 0.546935 0.088621 0.555069 0.086623 0.556970 0.084883 0.556839 0.076890 0.564448 0.075152 0.564316 0.061168 0.577630 0.054216 0.577100 0.046159 0.640237 0.075759 0.642556 0.076536 0.636431 0.078537 0.634527 0.080280 0.634663 0.082282 0.632757 0.084026 0.632893 0.086028 0.630989 0.089515 0.631261 0.093520 0.627448 0.095265 0.627584 0.099269 0.623774 0.101014 0.623909 0.113033 0.612472 0.118271 0.612877 0.124184 0.565975 0.117205 0.565447 0.114232 0.561111 0.114489 0.559074 0.111517 0.554742 0.112289 0.548637
0 0.668606 0.217609 0.667906 0.223719 0.663858 0.227566 0.662069 0.227453 0.660046 0.229377 0.658257 0.229263 0.654211 0.233110 0.652421 0.232996 0.648377 0.236843 0.646588 0.236729 0.642543 0.240575 0.635393 0.240119 0.629754 0.289050 0.635121 0.289401 0.638230 0.293719 0.637995 0.295761 0.641107 0.300082 0.640872 0.302124 0.650213 0.315098 0.649510 0.321233 0.688996 0.323856 0.689696 0.317712 0.691726 0.315784 0.693524 0.315903 0.695554 0.313974 0.699149 0.314211 0.701180 0.312281 0.702978 0.312400 0.705009 0.310471 0.708605 0.310708 0.712669 0.306849 0.714467 0.306968 0.730719 0.291528 0.736121 0.291880 0.740276 0.255046 0.734878 0.254700 0.730175 0.248223 0.730406 0.246180 0.719443 0.231086 0.717646 0.230972 0.714518 0.226664 0.715213 0.220545
0 0.176459 0.528777 0.175696 0.534887 0.171688 0.538701 0.169939 0.538571 0.163930 0.544290 0.162182 0.544159 0.154169 0.551784 0.148928 0.551390 0.143040 0.598295 0.150035 0.598832 0.151529 0.601008 0.151273 0.603050 0.154260 0.607406 0.154005 0.609448 0.165968 0.626889 0.167720 0.627025 0.170714 0.631389 0.174221 0.631662 0.175720 0.633845 0.177473 0.633981 0.178971 0.636166 0.178205 0.642310 0.222129 0.645740 0.222890 0.639587 0.226915 0.635759 0.230435 0.636033 0.234461 0.632205 0.236221 0.632341 0.246289 0.622769 0.246541 0.620719 0.250568 0.616890 0.250820 0.614841 0.254847 0.611010 0.260134 0.611417 0.263405 0.584780 0.258122 0.584378 0.255105 0.580017 0.255608 0.575924 0.252592 0.571565 0.252844 0.569519 0.251336 0.567342 0.251588 0.565297 0.239542 0.547889 0.237785 0.547758 0.234776 0.543412 0.231265 0.543150 0.228259 0.538805 0.229017 0.532683
0 0.826144 0.000000 0.825467 0.000000 0.823446 0.000000 0.821650 0.000000 0.819628 0.000000 0.814242 0.000000 0.812220 0.000000 0.808630 0.000000 0.806608 0.000000 0.803021 0.000000 0.801000 0.000000 0.795619 0.000000 0.793598 0.000000 0.788219 0.000000 0.786200 0.000000 0.782615 0.000000 0.780596 0.000000 0.777013 0.000000 0.774994 0.000000 0.771411 0.000000 0.769392 0.000000 0.765812 0.000000 0.763793 0.000000 0.756634 0.000000 0.753434 0.026538 0.758805 0.026842 0.766622 0.037469 0.766394 0.039493 0.778919 0.056521 0.778691 0.058549 0.799089 0.086284 0.800887 0.086389 0.807175 0.094939 0.806494 0.101038 0.844341 0.103269 0.845018 0.097161 0.849076 0.093302 0.850881 0.093408 0.852911 0.091478 0.854716 0.091584 0.858777 0.087724 0.860582 0.087830 0.862613 0.085900 0.864419 0.086006 0.870510 0.080215 0.872317 0.080320 0.876379 0.076461 0.878185 0.076565 0.880216 0.074634 0.882024 0.074739 0.884056 0.072808 0.885863 0.072912 0.889925 0.069052 0.891733 0.069156 0.895798 0.065294 0.897606 0.065398 0.901670 0.061535 0.903479 0.061639 0.921770 0.044255 0.921992 0.042220 0.926057 0.038358 0.931489 0.038665 0.935255 0.004101 0.929826 0.003799 0.928239 0.001667 0.926429 0.001567 0.924842 0.000000 0.923034 0.000000 0.921448 0.000000 0.917832 0.000000 0.916246 0.000000 0.914438 0.000000 0.912853 0.000000 0.909240 0.000000 0.907655 0.000000 0.905850 0.000000 0.904267 0.000000 0.900655 0.000000 0.899073 0.000000 0.897267 0.000000 0.895686 0.000000 0.896354 0.000000
0 0.264869 0.030957 0.264125 0.036934 0.260159 0.040720 0.254954 0.040418 0.248741 0.090288 0.253952 0.090599 0.256929 0.094802 0.256680 0.096799 0.258170 0.098902 0.257921 0.100902 0.259412 0.103004 0.259163 0.105003 0.262143 0.109212 0.261895 0.111212 0.267860 0.119635 0.267115 0.125640 0.281041 0.126487 0.281785 0.120479 0.283774 0.118581 0.285517 0.118687 0.291485 0.112997 0.291732 0.110995 0.293722 0.109098 0.293969 0.107096 0.295958 0.105199 0.301186 0.105513 0.305379 0.071508 0.300155 0.071200 0.298661 0.069098 0.299155 0.065102 0.297660 0.063003 0.298647 0.055014 0.297152 0.052916 0.297399 0.050920 0.295906 0.048822 0.296153 0.046826 0.294661 0.044730 0.294907 0.042735 0.291922 0.038542 0.292662 0.032560
0 0.338366 0.003042 0.337632 0.009024 0.333658 0.012816 0.331915 0.012717 0.325953 0.018402 0.320730 0.018104 0.316061 0.056030 0.321288 0.056336 0.327280 0.064741 0.329024 0.064843 0.332022 0.069047 0.333768 0.069149 0.338267 0.075461 0.337532 0.081465 0.384747 0.084260 0.385721 0.076242 0.387715 0.074340 0.389466 0.074443 0.391461 0.072541 0.393213 0.072644 0.399198 0.066941 0.404456 0.067249 0.409305 0.027194 0.402299 0.026793 0.399283 0.022592 0.397534 0.022492 0.393013 0.016196 0.391264 0.016096 0.388252 0.011899 0.388981 0.005907
0 0.953746 0.136467 0.953082 0.142607 0.949003 0.146481 0.943548 0.146153 0.938218 0.195323 0.943678 0.195660 0.954873 0.210817 0.954207 0.216979 0.974267 0.218230 0.974930 0.212065 0.981067 0.206239 0.986542 0.206579 0.992487 0.151159 0.987017 0.150830 0.983812 0.146512 0.984693 0.138318
0 0.563851 0.145716 0.563140 0.151783 0.559117 0.155613 0.552020 0.155178 0.545363 0.211889 0.550690 0.212225 0.553767 0.216505 0.553530 0.218535 0.555069 0.220676 0.554832 0.222707 0.556370 0.224850 0.555420 0.232970 0.591015 0.235238 0.599984 0.158114 0.594647 0.157787 0.591563 0.153519 0.592270 0.147445
0 0.282824 0.644255 0.282070 0.650421 0.278035 0.654255 0.270972 0.653703 0.268201 0.676323 0.273500 0.676741 0.278047 0.683335 0.277796 0.685394 0.283862 0.694194 0.283107 0.700376 0.314982 0.702918 0.315732 0.696729 0.319778 0.692886 0.325098 0.693308 0.327120 0.691387 0.328894 0.691527 0.336987 0.683839 0.344087 0.684400 0.344834 0.678211 0.339510 0.677791 0.336460 0.673388 0.336709 0.671326 0.334936 0.671187 0.331889 0.666787 0.330116 0.666648 0.327070 0.662251 0.325297 0.662112 0.323776 0.659913 0.322003 0.659774 0.320483 0.657576 0.316941 0.657299 0.313900 0.652907 0.314650 0.646734
0 0.928162 0.069208 0.927496 0.075321 0.921392 0.081122 0.914145 0.080701 0.910358 0.115373 0.915797 0.115695 0.922160 0.124295 0.921270 0.132468 0.946695 0.133986 0.947582 0.125806 0.951661 0.121934 0.951882 0.119889 0.955959 0.116016 0.956180 0.113973 0.962297 0.108162 0.967752 0.108483 0.971720 0.071720
0 0.460919 0.261652 0.453657 0.322568 0.458970 0.322923 0.460499 0.325076 0.460014 0.329145 0.461544 0.331297 0.460576 0.339438 0.462105 0.341594 0.461621 0.345666 0.463151 0.347821 0.462908 0.349857 0.469033 0.358488 0.468065 0.366643 0.496478 0.368583 0.507060 0.278976 0.501738 0.278628 0.497138 0.272187 0.498099 0.264064
0 0.209388 0.237231 0.208634 0.243261 0.204653 0.247055 0.202913 0.246942 0.200924 0.248839 0.199186 0.248726 0.195206 0.252519 0.193467 0.252406 0.189488 0.256199 0.187750 0.256086 0.177803 0.265568 0.170858 0.265113 0.165034 0.311385 0.171985 0.311852 0.173471 0.313983 0.173218 0.315998 0.177675 0.322396 0.179413 0.322514 0.183875 0.328916 0.185616 0.329033 0.187104 0.331168 0.188845 0.331286 0.191821 0.335558 0.193563 0.335676 0.195052 0.337813 0.198538 0.338050 0.200027 0.340187 0.203513 0.340424 0.205005 0.342563 0.204248 0.348623 0.237412 0.350888 0.238164 0.344821 0.240163 0.342917 0.243657 0.343155 0.245656 0.341253 0.249152 0.341490 0.251150 0.339586 0.254648 0.339823 0.256647 0.337920 0.258397 0.338039 0.262394 0.334231 0.264144 0.334349 0.266144 0.332446 0.267893 0.332564 0.283892 0.317329 0.289145 0.317681 0.294364 0.275250 0.289115 0.274905 0.281612 0.264245 0.279865 0.264130 0.276866 0.259870 0.275120 0.259756 0.272122 0.255497 0.270376 0.255384 0.267381 0.251129 0.265635 0.251015 0.262642 0.246761 0.263390 0.240720
0 0.074073 0.285038 0.069705 0.319161 0.071432 0.319278 0.077315 0.327783 0.079044 0.327900 0.080515 0.330029 0.082245 0.330146 0.085190 0.334404 0.084419 0.340439 0.093071 0.341030 0.093840 0.334993 0.095827 0.333098 0.097557 0.333216 0.107494 0.323745 0.112689 0.324097 0.116009 0.297957 0.109086 0.297495 0.107611 0.295370 0.108633 0.287336
0 0.443072 0.276839 0.442344 0.282925 0.434305 0.290574 0.429006 0.290225 0.422677 0.343032 0.427981 0.343391 0.431032 0.347697 0.430545 0.351766 0.432071 0.353922 0.431828 0.355957 0.433354 0.358113 0.433110 0.360150 0.437692 0.366621 0.436962 0.372731 0.460001 0.374311 0.466055 0.323397 0.460741 0.323041 0.459212 0.320890 0.459455 0.318856 0.457925 0.316704 0.458652 0.310606 0.457123 0.308456 0.458333 0.298298 0.456806 0.296149 0.458984 0.277880
0 0.800813 0.948052 0.800116 0.954411 0.798044 0.956371 0.796204 0.956211 0.794131 0.958171 0.788614 0.957692 0.786283 0.978896 0.791802 0.979379 0.796626 0.986230 0.798467 0.986391 0.801686 0.990961 0.800988 0.997334 0.848958 1.000000 0.853108 0.963289 0.847569 0.962809 0.844339 0.958243 0.845031 0.951875
0 0.695946 0.794560 0.693351 0.817636 0.713397 0.819289 0.714573 0.808790 0.716631 0.806841 0.722103 0.807290 0.723276 0.796794
1 0.614548 0.737325 0.608408 0.743147 0.616018 0.756397 0.692003 0.813287 0.708866 0.876225 0.726950 0.862868 0.789580 0.764048 0.809505 0.750820 0.813181 0.734177 0.731942 0.719279 0.673309 0.718849 0.643834 0.720720
1 0.322287 0.814301 0.384504 0.812014 0.350424 0.846539
1 0.578352 0.574133 0.666755 0.688555 0.501292 0.694622
1 0.337968 0.416773 0.259625 0.415320 0.296443 0.446320 0.312086 0.473461
1 0.343166 0.426074 0.276622 0.545023 0.438002 0.542302
1 0.656388 0.519725 0.614393 0.572703 0.692773 0.573595
1 0.669675 0.670184 0.668891 0.693243 0.745203 0.699234 0.925622 0.687966 0.935284 0.684479 0.936185 0.676078 0.929720 0.667114 0.896613 0.664565
1 0.699834 0.548870 0.699537 0.567660 0.837720 0.561134 0.832480 0.541871
0 0.663763 0.917047 0.668044 0.928057 0.685412 0.921035
0 0.928171 0.907576 0.926582 0.922443 0.941640 0.921582 0.940692 0.912924
0 0.993314 0.716587 0.993603 0.731491 1.000000 0.732953 1.000000 0.715786
0 0.915361 0.491268 0.911729 0.507780 0.929831 0.511181 0.930018 0.492314
0 0.808342 0.527541 0.818122 0.538726 0.835217 0.533688 0.834080 0.527319
0 0.819509 0.509517 0.818135 0.521973 0.831118 0.520822 0.830210 0.512383
0 0.063385 0.865525 0.064799 0.882343 0.077856 0.877205 0.077406 0.866728
0 0.225070 0.984549 0.223791 0.994982 0.236729 1.000000 0.242326 0.990312
0 0.270982 0.697329 0.269469 0.709690 0.282353 0.706559 0.281590 0.698174
0 0.150381 0.150716 0.152320 0.162918 0.177018 0.174537 0.211975 0.160579 0.207773 0.152251
0 0.146968 0.136425 0.142247 0.146191 0.149368 0.158707 0.210491 0.158469 0.212496 0.142463 0.191718 0.127093
