0 0.570313 0.408412 0.571511 0.414483 0.566075 0.421798 0.566375 0.423316 0.556864 0.436116 0.550231 0.437361 0.556823 0.470749 0.561797 0.469815 0.565714 0.472228 0.566014 0.473746 0.567971 0.474953 0.568271 0.476470 0.572187 0.478884 0.572486 0.480401 0.576402 0.482814 0.576702 0.484332 0.578659 0.485538 0.578959 0.487056 0.582876 0.489468 0.583175 0.490987 0.589049 0.494606 0.628849 0.487140 0.630207 0.485312 0.635182 0.484378 0.636542 0.482550 0.638200 0.482239 0.642276 0.476752 0.641977 0.475235 0.643335 0.473406 0.643035 0.471889 0.644393 0.470060 0.644094 0.468542 0.645453 0.466713 0.645154 0.465196 0.646513 0.463367 0.646213 0.461849 0.650289 0.456363 0.655264 0.455430 0.647474 0.415971 0.639182 0.417527 0.635266 0.415114 0.633607 0.415425 0.631650 0.414219 0.629992 0.414530 0.628034 0.413323 0.626375 0.413634 0.620501 0.410014 0.618843 0.410325 0.614927 0.407913 0.613269 0.408224 0.609353 0.405810 0.608454 0.401257
0 0.346507 0.267829 0.347406 0.272383 0.344689 0.276040 0.341371 0.276663 0.340013 0.278491 0.336696 0.279113 0.335338 0.280941 0.333679 0.281252 0.330961 0.284910 0.329304 0.285221 0.326585 0.288879 0.326885 0.290396 0.325527 0.292226 0.325826 0.293743 0.324467 0.295571 0.325066 0.298606 0.322349 0.302264 0.317374 0.303197 0.326962 0.351762 0.331937 0.350829 0.337811 0.354448 0.338110 0.355965 0.342026 0.358378 0.342326 0.359896 0.346242 0.362310 0.346542 0.363828 0.348500 0.365034 0.348800 0.366552 0.352716 0.368965 0.354373 0.368654 0.356331 0.369860 0.361306 0.368927 0.363265 0.370133 0.371556 0.368577 0.372914 0.366749 0.387840 0.363949 0.389198 0.362121 0.394173 0.361188 0.395533 0.359359 0.400507 0.358426 0.401865 0.356597 0.403524 0.356286 0.404882 0.354457 0.406541 0.354146 0.410618 0.348659 0.410318 0.347142 0.415753 0.339827 0.415454 0.338310 0.420887 0.330994 0.420588 0.329477 0.426023 0.322162 0.425723 0.320645 0.427082 0.318816 0.426783 0.317299 0.428141 0.315470 0.426942 0.309399 0.424985 0.308192 0.424386 0.305158 0.422427 0.303951 0.422128 0.302434 0.416254 0.298813 0.415955 0.297295 0.412039 0.294883 0.411739 0.293365 0.407823 0.290952 0.407524 0.289435 0.403608 0.287021 0.403308 0.285504 0.401351 0.284296 0.401051 0.282779 0.395177 0.279160 0.394877 0.277642 0.392919 0.276436 0.392619 0.274918 0.388703 0.272505 0.388403 0.270987 0.386446 0.269781 0.386147 0.268263 0.384188 0.267056 0.382990 0.260986
0 0.646652 0.098210 0.647851 0.104281 0.646492 0.106110 0.646791 0.107627 0.645433 0.109455 0.645732 0.110973 0.643014 0.114631 0.638040 0.115564 0.644331 0.147434 0.650965 0.146190 0.652923 0.147397 0.653223 0.148915 0.657139 0.151328 0.657438 0.152845 0.661353 0.155258 0.661653 0.156775 0.665570 0.159188 0.665869 0.160707 0.673700 0.165533 0.674000 0.167050 0.677917 0.169463 0.679574 0.169152 0.685449 0.172772 0.687107 0.172461 0.691023 0.174874 0.692682 0.174563 0.694639 0.175770 0.696298 0.175459 0.700213 0.177872 0.701872 0.177561 0.703830 0.178767 0.705488 0.178456 0.711361 0.182075 0.713020 0.181764 0.714979 0.182971 0.716636 0.182660 0.720552 0.185073 0.721451 0.189626 0.738034 0.186515 0.736836 0.180445 0.738195 0.178616 0.737895 0.177098 0.740612 0.173441 0.740312 0.171924 0.741672 0.170095 0.741072 0.167060 0.742431 0.165231 0.742131 0.163714 0.743490 0.161884 0.742891 0.158849 0.744250 0.157020 0.743951 0.155503 0.745309 0.153674 0.745009 0.152156 0.746367 0.150328 0.746068 0.148810 0.747427 0.146982 0.747127 0.145464 0.748487 0.143634 0.748187 0.142117 0.749545 0.140288 0.748646 0.135736 0.750005 0.133908 0.746409 0.115696 0.744452 0.114489 0.743553 0.109935 0.741596 0.108729 0.741296 0.107212 0.737379 0.104799 0.737079 0.103281 0.733165 0.100868 0.732865 0.099351 0.730906 0.098144 0.730607 0.096626 0.726691 0.094212 0.725032 0.094524 0.721117 0.092111 0.717800 0.092734 0.713884 0.090319 0.712986 0.085767
0 0.494656 0.277811 0.495555 0.282363 0.492837 0.286021 0.491179 0.286332 0.489820 0.288161 0.488162 0.288472 0.486803 0.290301 0.485146 0.290612 0.483786 0.292441 0.482127 0.292752 0.480769 0.294581 0.479111 0.294892 0.477752 0.296720 0.476094 0.297031 0.474735 0.298860 0.471418 0.299482 0.470060 0.301311 0.468401 0.301622 0.467042 0.303450 0.465384 0.303761 0.464026 0.305590 0.462367 0.305902 0.461008 0.307730 0.459350 0.308041 0.456633 0.311699 0.450000 0.312944 0.454494 0.335708 0.459469 0.334774 0.461426 0.335981 0.463084 0.335670 0.484622 0.348942 0.486281 0.348631 0.490197 0.351044 0.490497 0.352562 0.492454 0.353768 0.494112 0.353457 0.507818 0.361903 0.508118 0.363421 0.509777 0.363110 0.513692 0.365523 0.515350 0.365212 0.517309 0.366419 0.518967 0.366108 0.520924 0.367314 0.521823 0.371866 0.536748 0.369066 0.535850 0.364514 0.538567 0.360857 0.541884 0.360234 0.543243 0.358406 0.544901 0.358095 0.548977 0.352608 0.548678 0.351090 0.551394 0.347433 0.551095 0.345916 0.553813 0.342258 0.553514 0.340741 0.558947 0.333425 0.558648 0.331908 0.561366 0.328251 0.561067 0.326733 0.562425 0.324904 0.562125 0.323387 0.563483 0.321558 0.562884 0.318523 0.564243 0.316694 0.563345 0.312141 0.564703 0.310313 0.564104 0.307278 0.565463 0.305448 0.565163 0.303930 0.566522 0.302102 0.565923 0.299067 0.567282 0.297239 0.565783 0.289650 0.563826 0.288443 0.563526 0.286926 0.561568 0.285719 0.561268 0.284202 0.553436 0.279375 0.553137 0.277858 0.551179 0.276651 0.549520 0.276962 0.545605 0.274549 0.544406 0.268479
0 0.007287 0.344053 0.008186 0.348606 0.006826 0.350435 0.007126 0.351953 0.005768 0.353781 0.006067 0.355298 0.004708 0.357127 0.005008 0.358645 0.002290 0.362302 0.002590 0.363820 0.001231 0.365650 0.001530 0.367167 0.000000 0.370824 0.000000 0.372342 0.000000 0.375998 0.000000 0.377517 0.000000 0.379345 0.000000 0.380863 0.000000 0.386350 0.000000 0.387867 0.000000 0.391524 0.000000 0.392457 0.000000 0.421292 0.000000 0.420359 0.000000 0.422772 0.000000 0.424290 0.001008 0.425496 0.001308 0.427014 0.005224 0.429427 0.005523 0.430945 0.011398 0.434565 0.013056 0.434254 0.018929 0.437873 0.019229 0.439391 0.021187 0.440598 0.021487 0.442115 0.027361 0.445734 0.028559 0.451805 0.051775 0.447450 0.050876 0.442897 0.052235 0.441068 0.062185 0.439202 0.063545 0.437373 0.070178 0.436129 0.071536 0.434301 0.073194 0.433990 0.079988 0.424846 0.079689 0.423328 0.081047 0.421499 0.080747 0.419982 0.082106 0.418153 0.081807 0.416636 0.083166 0.414807 0.082867 0.413289 0.085584 0.409631 0.085284 0.408114 0.086642 0.406285 0.086343 0.404768 0.090420 0.399282 0.090120 0.397764 0.091478 0.395936 0.091179 0.394417 0.092537 0.392588 0.099170 0.391344 0.094077 0.365545 0.089102 0.366478 0.087144 0.365272 0.086844 0.363754 0.084887 0.362547 0.084587 0.361029 0.082630 0.359822 0.082330 0.358305 0.078413 0.355892 0.078114 0.354375 0.076156 0.353168 0.075857 0.351651 0.073899 0.350444 0.073599 0.348926 0.069683 0.346512 0.069384 0.344995 0.059594 0.338963 0.058695 0.334410
0 0.346493 0.154516 0.347392 0.159068 0.346033 0.160897 0.344375 0.161208 0.343017 0.163038 0.331408 0.165215 0.342194 0.219849 0.348827 0.218605 0.368406 0.230670 0.368706 0.232188 0.370665 0.233395 0.372322 0.233084 0.378196 0.236704 0.378495 0.238222 0.380154 0.237911 0.382112 0.239117 0.385428 0.238495 0.387387 0.239701 0.389046 0.239389 0.390404 0.237561 0.393721 0.236939 0.395679 0.238145 0.403970 0.236590 0.405929 0.237797 0.406828 0.242350 0.428385 0.238306 0.427487 0.233753 0.428846 0.231924 0.432162 0.231301 0.433521 0.229473 0.435178 0.229162 0.436538 0.227334 0.436238 0.225816 0.437597 0.223987 0.436698 0.219434 0.438057 0.217605 0.436858 0.211534 0.438216 0.209706 0.436419 0.200601 0.437778 0.198771 0.434782 0.183595 0.436140 0.181767 0.434942 0.175696 0.432984 0.174490 0.432385 0.171455 0.430426 0.170248 0.430127 0.168730 0.426212 0.166317 0.425912 0.164799 0.418081 0.159973 0.417781 0.158456 0.411907 0.154836 0.411607 0.153318 0.409649 0.152112 0.409349 0.150595 0.405434 0.148180 0.404535 0.143628
0 0.235983 0.552967 0.237182 0.559038 0.235822 0.560866 0.234165 0.561177 0.231447 0.564834 0.229789 0.565145 0.227071 0.568804 0.225413 0.569115 0.224054 0.570943 0.222396 0.571254 0.218321 0.576741 0.216662 0.577052 0.215303 0.578880 0.213644 0.579191 0.209568 0.584678 0.207910 0.584989 0.206551 0.586817 0.204893 0.587128 0.203535 0.588957 0.201876 0.589269 0.200518 0.591097 0.195542 0.592030 0.203032 0.629971 0.209666 0.628726 0.221413 0.635966 0.221713 0.637484 0.223671 0.638691 0.223970 0.640208 0.229845 0.643828 0.230144 0.645345 0.239934 0.651378 0.240233 0.652896 0.246107 0.656515 0.247306 0.662585 0.257256 0.660719 0.256357 0.656166 0.259074 0.652509 0.260732 0.652198 0.263451 0.648540 0.265109 0.648229 0.266468 0.646401 0.268126 0.646090 0.269485 0.644261 0.276117 0.643017 0.277476 0.641187 0.279135 0.640876 0.281853 0.637220 0.283511 0.636909 0.284869 0.635080 0.286528 0.634768 0.287886 0.632940 0.289545 0.632629 0.290903 0.630800 0.292562 0.630489 0.293921 0.628660 0.295579 0.628349 0.296938 0.626520 0.303570 0.625276 0.300275 0.608583 0.295300 0.609516 0.293343 0.608309 0.293043 0.606790 0.291085 0.605584 0.290485 0.602549 0.288528 0.601343 0.287929 0.598307 0.285970 0.597101 0.285671 0.595584 0.283712 0.594377 0.283412 0.592859 0.281455 0.591652 0.280856 0.588617 0.278897 0.587410 0.277999 0.582858 0.276041 0.581652 0.275742 0.580134 0.273783 0.578927 0.273483 0.577409 0.271526 0.576203 0.270927 0.573168 0.268969 0.571961 0.268370 0.568926 0.266412 0.567720 0.265812 0.564683 0.263855 0.563477 0.263555 0.561960 0.261597 0.560753 0.260698 0.556200 0.258740 0.554994 0.257541 0.548923
0 0.631434 0.718010 0.632333 0.722562 0.630974 0.724391 0.627657 0.725014 0.626298 0.726843 0.622982 0.727465 0.621623 0.729293 0.614990 0.730538 0.622780 0.769996 0.627754 0.769063 0.631671 0.771476 0.633329 0.771165 0.656824 0.785644 0.657124 0.787162 0.672787 0.796813 0.673087 0.798331 0.680919 0.803157 0.681818 0.807710 0.705034 0.803355 0.703836 0.797284 0.705195 0.795456 0.704896 0.793939 0.706254 0.792110 0.705954 0.790592 0.707312 0.788763 0.707013 0.787245 0.708372 0.785417 0.708073 0.783900 0.713507 0.776585 0.713208 0.775067 0.718643 0.767752 0.718343 0.766235 0.719701 0.764406 0.718802 0.759853 0.720162 0.758024 0.714169 0.727671 0.712211 0.726464 0.711911 0.724947 0.709954 0.723740 0.709654 0.722223 0.705738 0.719810 0.705439 0.718292 0.703480 0.717086 0.703181 0.715568 0.699266 0.713155 0.698966 0.711637 0.697007 0.710430 0.696109 0.705878
0 0.037903 0.577534 0.038801 0.582086 0.036084 0.585744 0.034425 0.586055 0.028990 0.593369 0.024016 0.594303 0.037199 0.661079 0.042173 0.660145 0.046089 0.662559 0.046389 0.664077 0.048347 0.665284 0.048946 0.668318 0.054821 0.671938 0.055120 0.673455 0.066867 0.680695 0.068526 0.680383 0.070485 0.681590 0.077118 0.680346 0.078476 0.678517 0.083452 0.677584 0.084810 0.675756 0.088126 0.675133 0.089485 0.673305 0.092803 0.672683 0.094161 0.670854 0.097477 0.670232 0.098837 0.668403 0.102153 0.667781 0.103511 0.665952 0.105169 0.665641 0.106528 0.663812 0.109845 0.663190 0.111203 0.661361 0.112862 0.661050 0.115580 0.657393 0.115280 0.655875 0.119356 0.650389 0.119056 0.648871 0.120415 0.647043 0.120116 0.645525 0.122833 0.641868 0.122533 0.640350 0.123892 0.638521 0.123592 0.637004 0.124951 0.635175 0.124652 0.633657 0.127369 0.630000 0.132344 0.629067 0.127550 0.604785 0.122575 0.605718 0.118659 0.603305 0.118060 0.600269 0.116102 0.599062 0.115802 0.597545 0.111887 0.595132 0.111588 0.593614 0.103755 0.588788 0.102097 0.589099 0.100140 0.587893 0.098481 0.588204 0.096522 0.586997 0.094864 0.587308 0.092907 0.586102 0.091248 0.586413 0.089290 0.585207 0.087632 0.585518 0.085674 0.584311 0.084016 0.584622 0.082058 0.583415 0.080399 0.583726 0.076483 0.581314 0.074826 0.581625 0.070909 0.579212 0.067592 0.579834 0.063677 0.577420 0.062778 0.572867
0 0.805782 0.250925 0.806981 0.256996 0.805622 0.258824 0.803964 0.259135 0.801246 0.262793 0.801546 0.264310 0.800188 0.266139 0.800487 0.267657 0.797769 0.271314 0.798368 0.274349 0.797010 0.276178 0.797309 0.277696 0.795950 0.279525 0.796250 0.281042 0.793533 0.284699 0.788558 0.285633 0.797546 0.331162 0.802522 0.330229 0.808395 0.333848 0.808695 0.335366 0.810652 0.336572 0.810952 0.338090 0.812910 0.339297 0.813210 0.340814 0.815168 0.342021 0.815468 0.343538 0.817425 0.344746 0.817725 0.346263 0.819682 0.347469 0.819982 0.348987 0.823899 0.351400 0.825557 0.351089 0.829473 0.353502 0.830371 0.358054 0.875147 0.349655 0.873949 0.343586 0.875307 0.341757 0.874408 0.337203 0.875766 0.335375 0.874868 0.330823 0.876227 0.328993 0.875627 0.325958 0.876986 0.324129 0.876686 0.322612 0.879404 0.318954 0.879105 0.317436 0.883181 0.311950 0.888155 0.311017 0.879766 0.268524 0.874791 0.269457 0.870875 0.267044 0.870576 0.265526 0.868618 0.264319 0.868319 0.262801 0.864402 0.260388 0.864102 0.258871 0.862145 0.257664 0.861845 0.256147 0.857929 0.253734 0.857630 0.252216 0.853714 0.249802 0.852055 0.250114 0.850097 0.248907 0.848899 0.242837
0 0.354367 0.499283 0.355565 0.505354 0.340619 0.525469 0.340918 0.526987 0.328690 0.543445 0.323715 0.544379 0.328509 0.568661 0.333484 0.567728 0.347189 0.576174 0.347489 0.577692 0.357279 0.583724 0.357579 0.585241 0.359536 0.586449 0.361195 0.586137 0.369026 0.590964 0.370685 0.590653 0.372643 0.591859 0.374301 0.591548 0.376259 0.592755 0.381234 0.591821 0.383192 0.593029 0.389826 0.591784 0.391783 0.592990 0.392682 0.597543 0.399315 0.596298 0.398417 0.591746 0.399775 0.589918 0.401434 0.589607 0.402792 0.587777 0.404451 0.587466 0.408527 0.581981 0.408228 0.580462 0.409586 0.578634 0.409286 0.577116 0.410645 0.575287 0.410345 0.573770 0.411704 0.571942 0.411105 0.568905 0.412463 0.567077 0.411864 0.564042 0.413223 0.562213 0.412624 0.559177 0.413982 0.557349 0.413383 0.554314 0.414742 0.552485 0.414143 0.549450 0.415502 0.547621 0.414903 0.544586 0.416261 0.542757 0.415962 0.541240 0.417321 0.539411 0.417021 0.537893 0.418379 0.536064 0.418080 0.534547 0.419439 0.532719 0.419139 0.531200 0.420498 0.529371 0.420198 0.527854 0.421556 0.526025 0.421257 0.524508 0.422616 0.522680 0.422316 0.521161 0.423674 0.519332 0.423075 0.516298 0.421118 0.515091 0.420818 0.513574 0.416902 0.511160 0.415244 0.511471 0.411329 0.509058 0.409670 0.509370 0.407712 0.508163 0.406053 0.508474 0.402137 0.506061 0.400479 0.506372 0.398521 0.505166 0.396862 0.505477 0.394905 0.504270 0.393247 0.504581 0.391288 0.503374 0.389631 0.503685 0.387672 0.502479 0.384356 0.503101 0.382397 0.501894 0.380739 0.502205 0.376823 0.499793 0.375925 0.495239
0 0.449449 0.519219 0.454842 0.546537 0.459816 0.545604 0.465691 0.549223 0.465990 0.550741 0.467949 0.551947 0.468248 0.553465 0.470206 0.554672 0.470505 0.556189 0.472463 0.557396 0.472762 0.558914 0.474721 0.560121 0.475021 0.561638 0.476978 0.562844 0.477278 0.564362 0.479236 0.565569 0.479536 0.567086 0.485409 0.570705 0.485709 0.572223 0.495499 0.578256 0.497158 0.577945 0.501074 0.580359 0.501373 0.581876 0.509205 0.586702 0.509505 0.588219 0.511462 0.589426 0.513120 0.589115 0.518994 0.592735 0.520653 0.592424 0.522611 0.593630 0.523510 0.598184 0.531801 0.596628 0.530902 0.592075 0.533620 0.588417 0.535278 0.588106 0.537996 0.584449 0.539653 0.584138 0.542372 0.580480 0.544030 0.580169 0.545388 0.578341 0.547047 0.578030 0.548405 0.576201 0.550064 0.575890 0.552781 0.572232 0.554439 0.571921 0.557158 0.568264 0.558815 0.567953 0.562892 0.562466 0.562592 0.560949 0.563951 0.559121 0.563651 0.557603 0.565010 0.555773 0.564711 0.554256 0.566069 0.552428 0.571044 0.551495 0.565951 0.525694 0.560975 0.526628 0.559018 0.525421 0.558718 0.523903 0.556760 0.522697 0.555262 0.515109 0.553304 0.513903 0.550608 0.500243
0 0.159826 0.088806 0.160725 0.093359 0.158008 0.097017 0.158307 0.098534 0.150154 0.109507 0.150453 0.111024 0.138225 0.127483 0.138525 0.129000 0.123578 0.149116 0.123878 0.150634 0.122520 0.152462 0.115887 0.153707 0.121579 0.182542 0.128213 0.181298 0.130170 0.182504 0.130470 0.184021 0.136344 0.187641 0.136644 0.189159 0.140559 0.191572 0.140859 0.193090 0.146733 0.196709 0.147033 0.198227 0.150948 0.200640 0.151247 0.202157 0.159081 0.206984 0.167372 0.205429 0.168730 0.203600 0.172046 0.202978 0.173406 0.201149 0.175064 0.200837 0.176423 0.199009 0.178082 0.198698 0.179440 0.196869 0.182756 0.196247 0.184115 0.194419 0.189090 0.193485 0.190450 0.191657 0.193766 0.191035 0.195124 0.189206 0.196782 0.188895 0.198141 0.187065 0.199799 0.186754 0.201158 0.184926 0.204475 0.184304 0.205834 0.182476 0.209151 0.181853 0.210509 0.180024 0.212168 0.179713 0.213526 0.177884 0.215184 0.177573 0.216543 0.175745 0.218201 0.175434 0.219561 0.173605 0.221219 0.173294 0.234806 0.155006 0.234507 0.153489 0.244017 0.140688 0.248993 0.139754 0.246296 0.126096 0.241321 0.127029 0.237405 0.124616 0.237105 0.123098 0.231232 0.119479 0.230932 0.117961 0.228974 0.116755 0.228674 0.115238 0.224758 0.112824 0.224459 0.111306 0.222500 0.110100 0.222201 0.108582 0.220243 0.107376 0.219944 0.105858 0.217985 0.104651 0.217686 0.103134 0.213770 0.100721 0.213470 0.099203 0.211513 0.097996 0.211213 0.096478 0.209256 0.095272 0.208956 0.093755 0.206998 0.092548 0.206398 0.089513 0.202482 0.087100 0.201284 0.081029
0 0.236611 0.408056 0.237809 0.414127 0.236450 0.415956 0.229817 0.417200 0.249592 0.517364 0.259541 0.515498 0.258643 0.510944 0.260001 0.509115 0.264976 0.508182 0.266335 0.506354 0.274627 0.504798 0.275986 0.502970 0.284277 0.501415 0.285636 0.499585 0.292269 0.498341 0.293628 0.496512 0.298602 0.495579 0.299962 0.493751 0.308254 0.492195 0.309612 0.490367 0.312929 0.489745 0.314287 0.487916 0.317605 0.487293 0.318963 0.485464 0.320622 0.485153 0.324697 0.479667 0.324398 0.478150 0.325756 0.476321 0.322460 0.459627 0.323819 0.457798 0.321722 0.447175 0.323080 0.445346 0.322781 0.443828 0.324140 0.442000 0.329116 0.441067 0.319528 0.392502
0 0.388398 0.027043 0.390495 0.037667 0.389136 0.039496 0.389735 0.042531 0.388376 0.044359 0.383401 0.045292 0.396285 0.110551 0.424477 0.105263 0.426434 0.106469 0.436384 0.104602 0.438343 0.105809 0.439242 0.110362 0.480700 0.102585 0.479202 0.094997 0.480561 0.093169 0.479662 0.088615 0.477703 0.087408 0.475906 0.078303 0.473947 0.077097 0.472749 0.071026 0.470792 0.069820 0.469893 0.065266 0.467935 0.064060 0.466737 0.057989 0.464778 0.056783 0.463280 0.049194 0.461323 0.047988 0.459825 0.040400 0.457866 0.039193 0.456668 0.033123 0.454709 0.031916 0.454110 0.028881 0.452153 0.027674 0.451254 0.023122 0.449296 0.021915 0.448098 0.015844
1 0.686312 0.455901 0.687510 0.461972 0.676641 0.476601 0.676941 0.478119 0.664712 0.494578 0.665012 0.496095 0.663653 0.497924 0.661995 0.498235 0.657919 0.503721 0.652944 0.504655 0.657138 0.525902 0.663771 0.524657 0.665729 0.525864 0.670704 0.524930 0.672662 0.526136 0.674321 0.525825 0.676278 0.527032 0.677937 0.526721 0.679895 0.527928 0.681553 0.527617 0.683511 0.528823 0.686828 0.528201 0.688786 0.529408 0.690444 0.529097 0.692402 0.530303 0.694061 0.529992 0.696018 0.531198 0.699335 0.530576 0.701292 0.531783 0.702951 0.531472 0.704910 0.532679 0.708225 0.532057 0.710184 0.533263 0.713500 0.532641 0.715459 0.533847 0.717117 0.533536 0.719074 0.534743 0.720733 0.534432 0.722691 0.535638 0.724349 0.535327 0.726307 0.536534 0.727966 0.536223 0.729924 0.537429 0.731582 0.537118 0.733540 0.538324 0.735198 0.538014 0.737156 0.539220 0.738814 0.538909 0.742731 0.541323 0.744388 0.541012 0.746347 0.542218 0.751322 0.541284 0.753280 0.542490 0.756596 0.541868 0.757956 0.540040 0.759613 0.539729 0.760972 0.537901 0.760372 0.534865 0.761732 0.533036 0.759035 0.519377 0.760394 0.517549 0.759196 0.511478 0.760554 0.509649 0.759655 0.505097 0.761014 0.503267 0.760116 0.498715 0.761474 0.496886 0.760874 0.493851 0.762233 0.492022 0.761034 0.485952 0.762394 0.484123 0.759997 0.471981 0.761356 0.470153 0.761056 0.468636 0.762415 0.466807 0.767389 0.465874 0.767089 0.464356 0.762115 0.465289 0.758199 0.462876 0.757899 0.461358 0.753983 0.458945 0.752326 0.459256 0.750367 0.458049 0.748709 0.458360 0.746751 0.457154 0.745092 0.457466 0.743135 0.456259 0.741477 0.456570 0.739518 0.455364 0.737860 0.455675 0.735902 0.454468 0.734244 0.454779 0.730327 0.452366 0.729428 0.447813
0 0.109560 0.400412 0.126338 0.485400 0.132971 0.484156 0.134930 0.485362 0.136588 0.485051 0.138545 0.486258 0.140204 0.485947 0.142162 0.487153 0.143361 0.493223 0.173210 0.487624 0.172311 0.483072 0.175030 0.479414 0.178346 0.478792 0.179704 0.476963 0.181363 0.476651 0.182721 0.474823 0.184379 0.474512 0.187097 0.470855 0.188756 0.470544 0.194190 0.463229 0.193891 0.461712 0.195250 0.459882 0.194951 0.458365 0.196309 0.456536 0.196009 0.455019 0.197368 0.453190 0.196170 0.447119 0.197528 0.445290 0.196330 0.439220 0.197688 0.437391 0.196789 0.432838 0.198148 0.431010 0.196950 0.424939 0.198308 0.423111 0.196810 0.415522 0.198169 0.413693 0.196971 0.407623 0.198330 0.405794 0.198030 0.404276 0.199388 0.402448 0.198789 0.399413 0.200149 0.397584 0.197452 0.383925
0 0.590602 0.580876 0.591501 0.585429 0.588784 0.589086 0.587125 0.589397 0.584408 0.593054 0.582749 0.593366 0.581391 0.595195 0.579733 0.595506 0.577015 0.599163 0.575357 0.599474 0.573999 0.601302 0.572340 0.601614 0.569623 0.605272 0.562989 0.606516 0.571978 0.652045 0.578611 0.650801 0.592317 0.659246 0.592616 0.660764 0.594574 0.661971 0.596232 0.661660 0.600148 0.664073 0.600447 0.665590 0.604364 0.668004 0.606022 0.667693 0.609938 0.670106 0.611597 0.669795 0.613554 0.671001 0.614453 0.675554 0.640987 0.670577 0.639788 0.664506 0.641146 0.662677 0.642805 0.662366 0.649599 0.653223 0.651257 0.652912 0.652616 0.651083 0.654274 0.650772 0.655632 0.648943 0.657291 0.648631 0.666803 0.635831 0.666503 0.634314 0.676014 0.621512 0.675714 0.619994 0.694736 0.594392 0.696394 0.594081 0.697753 0.592253 0.699412 0.591942 0.700770 0.590113 0.700171 0.587078 0.701529 0.585249 0.699572 0.584042 0.697914 0.584353 0.695956 0.583147 0.694297 0.583458 0.692339 0.582252 0.689023 0.582874 0.687064 0.581667 0.683747 0.582289 0.681790 0.581082 0.678473 0.581704 0.676515 0.580498 0.673199 0.581120 0.671241 0.579914 0.667924 0.580537 0.665966 0.579330 0.664308 0.579641 0.662350 0.578434 0.659033 0.579056 0.657075 0.577850 0.655417 0.578161 0.653459 0.576954 0.650142 0.577576 0.646227 0.575164 0.645328 0.570610
0 0.804430 0.496698 0.805628 0.502768 0.802912 0.506425 0.803212 0.507943 0.801852 0.509772 0.802152 0.511289 0.799435 0.514947 0.799734 0.516464 0.798376 0.518293 0.798675 0.519811 0.795958 0.523468 0.796258 0.524986 0.794898 0.526815 0.795198 0.528332 0.793839 0.530161 0.794139 0.531679 0.790063 0.537165 0.790362 0.538683 0.786287 0.544168 0.786586 0.545686 0.785227 0.547515 0.785527 0.549033 0.782809 0.552690 0.783109 0.554208 0.780391 0.557865 0.780691 0.559383 0.777973 0.563040 0.778273 0.564558 0.774197 0.570043 0.769222 0.570977 0.773716 0.593742 0.780350 0.592497 0.782307 0.593704 0.783966 0.593392 0.785924 0.594599 0.787582 0.594288 0.789540 0.595495 0.792856 0.594873 0.794815 0.596079 0.796474 0.595768 0.798431 0.596974 0.800089 0.596663 0.802047 0.597870 0.803706 0.597559 0.805664 0.598766 0.808980 0.598144 0.810939 0.599350 0.814255 0.598728 0.816213 0.599935 0.817871 0.599624 0.819829 0.600830 0.821488 0.600519 0.823445 0.601725 0.826762 0.601103 0.828720 0.602310 0.830378 0.601999 0.834294 0.604412 0.835193 0.608964 0.851776 0.605853 0.850878 0.601301 0.853595 0.597644 0.855254 0.597332 0.859330 0.591847 0.860987 0.591536 0.863706 0.587878 0.865364 0.587567 0.866722 0.585738 0.868381 0.585427 0.879250 0.570797 0.878651 0.567762 0.880009 0.565933 0.874017 0.535580 0.875376 0.533752 0.875077 0.532235 0.873118 0.531028 0.872220 0.526475 0.870262 0.525268 0.869963 0.523751 0.840593 0.505652 0.838935 0.505963 0.825230 0.497517 0.824331 0.492964
0 0.686312 0.455901 0.687510 0.461972 0.676641 0.476601 0.676941 0.478119 0.664712 0.494578 0.665012 0.496095 0.663653 0.497924 0.661995 0.498235 0.657919 0.503721 0.652944 0.504655 0.657138 0.525902 0.663771 0.524657 0.665729 0.525864 0.670704 0.524930 0.672662 0.526136 0.674321 0.525825 0.676278 0.527032 0.677937 0.526721 0.679895 0.527928 0.681553 0.527617 0.683511 0.528823 0.686828 0.528201 0.688786 0.529408 0.690444 0.529097 0.692402 0.530303 0.694061 0.529992 0.696018 0.531198 0.699335 0.530576 0.701292 0.531783 0.702951 0.531472 0.704910 0.532679 0.708225 0.532057 0.710184 0.533263 0.713500 0.532641 0.715459 0.533847 0.717117 0.533536 0.719074 0.534743 0.720733 0.534432 0.722691 0.535638 0.724349 0.535327 0.726307 0.536534 0.727966 0.536223 0.729924 0.537429 0.731582 0.537118 0.733540 0.538324 0.735198 0.538014 0.737156 0.539220 0.738814 0.538909 0.742731 0.541323 0.744388 0.541012 0.746347 0.542218 0.751322 0.541284 0.753280 0.542490 0.756596 0.541868 0.757956 0.540040 0.759613 0.539729 0.760972 0.537901 0.760372 0.534865 0.761732 0.533036 0.759035 0.519377 0.760394 0.517549 0.759196 0.511478 0.760554 0.509649 0.759655 0.505097 0.761014 0.503267 0.760116 0.498715 0.761474 0.496886 0.760874 0.493851 0.762233 0.492022 0.761034 0.485952 0.762394 0.484123 0.759997 0.471981 0.761356 0.470153 0.761056 0.468636 0.762415 0.466807 0.767389 0.465874 0.767089 0.464356 0.762115 0.465289 0.758199 0.462876 0.757899 0.461358 0.753983 0.458945 0.752326 0.459256 0.750367 0.458049 0.748709 0.458360 0.746751 0.457154 0.745092 0.457466 0.743135 0.456259 0.741477 0.456570 0.739518 0.455364 0.737860 0.455675 0.735902 0.454468 0.734244 0.454779 0.730327 0.452366 0.729428 0.447813
0 0.262043 0.441058 0.268934 0.475963 0.293808 0.471297 0.292610 0.465226 0.293969 0.463398 0.295628 0.463087 0.296987 0.461258 0.296687 0.459740 0.298046 0.457911 0.304678 0.456667 0.300184 0.433903
0 0.201431 0.727849 0.284831 0.729254 0.254341 0.807109 0.186393 0.804117
0 0.398215 0.759135 0.498447 0.758695 0.468704 0.840342 0.393715 0.845229
0 0.387315 0.631338 0.496472 0.625289 0.494620 0.703017 0.388111 0.700700
0 0.180627 0.274028 0.234675 0.242904 0.293912 0.281630 0.242096 0.338565 0.201154 0.334442
0 0.519186 0.224945 0.592360 0.268926 0.650605 0.193735 0.538854 0.164860
0 0.630886 0.297110 0.730137 0.277182 0.726636 0.368334 0.669709 0.392128
