1 0.503935 0.485938 0.505498 0.485938 0.507060 0.487500 0.508623 0.487500 0.510185 0.489062 0.511748 0.489062 0.513310 0.490625 0.514873 0.490625 0.516435 0.492188 0.519560 0.492188 0.521123 0.493750 0.524248 0.493750 0.525810 0.495313 0.527373 0.495313 0.530498 0.498437 0.532060 0.498437 0.533623 0.500000 0.535185 0.500000 0.536748 0.501563 0.538310 0.501563 0.541435 0.504687 0.542998 0.504687 0.544560 0.506250 0.546123 0.506250 0.547685 0.507812 0.549248 0.507812 0.550810 0.509375 0.552373 0.509375 0.555498 0.512500 0.557060 0.512500 0.558623 0.514062 0.560185 0.514062 0.561748 0.515625 0.563310 0.515625 0.564873 0.517188 0.566435 0.517188 0.567998 0.518750 0.569560 0.518750 0.571123 0.520312 0.572685 0.520312 0.574248 0.521875 0.575810 0.521875 0.577373 0.523438 0.578935 0.523438 0.582060 0.526563 0.583623 0.526563 0.585185 0.528125 0.586748 0.528125 0.588310 0.529687 0.589873 0.529687 0.591435 0.531250 0.592998 0.531250 0.594560 0.532813 0.596123 0.532813 0.597685 0.534375 0.599248 0.534375 0.602373 0.537500 0.603935 0.537500 0.605498 0.539062 0.607060 0.539062 0.608623 0.540625 0.613310 0.540625 0.613310 0.546875 0.608623 0.546875 0.607060 0.548438 0.605498 0.548438 0.602373 0.551562 0.600810 0.551562 0.599248 0.553125 0.597685 0.553125 0.594560 0.556250 0.594560 0.557813 0.592998 0.557813 0.591435 0.559375 0.589873 0.559375 0.588310 0.560937 0.586748 0.560937 0.583623 0.564063 0.582060 0.564063 0.580498 0.565625 0.578935 0.565625 0.575810 0.568750 0.574248 0.568750 0.572685 0.570312 0.571123 0.570312 0.567998 0.573438 0.566435 0.573438 0.560185 0.579688 0.558623 0.579688 0.553935 0.584375 0.553935 0.589063 0.542998 0.589063 0.542998 0.584375 0.539873 0.581250 0.539873 0.579688 0.538310 0.578125 0.538310 0.576562 0.536748 0.575000 0.536748 0.573438 0.535185 0.571875 0.535185 0.568750 0.533623 0.567187 0.533623 0.564063 0.532060 0.562500 0.532060 0.560937 0.530498 0.559375 0.530498 0.557813 0.527373 0.554688 0.527373 0.553125 0.525810 0.551562 0.525810 0.550000 0.524248 0.548438 0.524248 0.546875 0.521123 0.543750 0.521123 0.542188 0.519560 0.540625 0.519560 0.539062 0.516435 0.535937 0.516435 0.534375 0.514873 0.532813 0.514873 0.531250 0.513310 0.529687 0.513310 0.528125 0.510185 0.525000 0.510185 0.523438 0.508623 0.521875 0.508623 0.520312 0.505498 0.517188 0.505498 0.515625 0.500810 0.510938 0.500810 0.509375 0.497685 0.506250 0.497685 0.504687 0.492998 0.500000 0.492998 0.498437 0.489873 0.495313 0.489873 0.493750 0.486748 0.490625 0.486748 0.487500 0.483623 0.484375 0.483623 0.478125 0.500810 0.478125 0.500810 0.482812 0.503935 0.485938
1 0.483623 0.487500 0.483623 0.489062 0.486748 0.492188 0.486748 0.493750 0.488310 0.495313 0.488310 0.496875 0.491435 0.500000 0.491435 0.501563 0.497685 0.507812 0.497685 0.509375 0.500810 0.512500 0.500810 0.514062 0.503935 0.517188 0.503935 0.518750 0.507060 0.521875 0.507060 0.523438 0.510185 0.526563 0.510185 0.528125 0.511748 0.529687 0.511748 0.531250 0.514873 0.534375 0.514873 0.535937 0.517998 0.539062 0.517998 0.540625 0.521123 0.543750 0.521123 0.545312 0.522685 0.546875 0.522685 0.548438 0.524248 0.550000 0.524248 0.551562 0.525810 0.553125 0.525810 0.554688 0.528935 0.557813 0.528935 0.560937 0.530498 0.562500 0.530498 0.565625 0.533623 0.568750 0.538310 0.568750 0.538310 0.587500 0.522685 0.587500 0.521123 0.585938 0.507060 0.585938 0.505498 0.584375 0.496123 0.584375 0.494560 0.582812 0.488310 0.582812 0.486748 0.581250 0.478935 0.581250 0.477373 0.579688 0.467998 0.579688 0.466435 0.578125 0.453935 0.578125 0.452373 0.576562 0.444560 0.576562 0.442998 0.575000 0.438310 0.575000 0.435185 0.571875 0.435185 0.565625 0.436748 0.564063 0.436748 0.560937 0.438310 0.559375 0.438310 0.557813 0.439873 0.556250 0.439873 0.554688 0.441435 0.553125 0.441435 0.550000 0.442998 0.548438 0.442998 0.545312 0.444560 0.543750 0.444560 0.542188 0.446123 0.540625 0.446123 0.539062 0.447685 0.537500 0.447685 0.534375 0.449248 0.532813 0.449248 0.528125 0.450810 0.526563 0.450810 0.525000 0.452373 0.523438 0.452373 0.520312 0.453935 0.518750 0.453935 0.517188 0.455498 0.515625 0.455498 0.514062 0.457060 0.512500 0.457060 0.509375 0.458623 0.507812 0.458623 0.506250 0.460185 0.504687 0.460185 0.501563 0.461748 0.500000 0.461748 0.496875 0.463310 0.495313 0.463310 0.492188 0.464873 0.490625 0.464873 0.489062 0.466435 0.487500 0.466435 0.484375 0.467998 0.482812 0.467998 0.478125 0.482060 0.478125 0.482060 0.485938 0.483623 0.487500
1 0.133623 0.235938 0.133623 0.237500 0.132060 0.239063 0.132060 0.240625 0.130498 0.242188 0.130498 0.243750 0.128935 0.245312 0.128935 0.246875 0.127373 0.248437 0.127373 0.250000 0.125810 0.251563 0.125810 0.253125 0.124248 0.254688 0.124248 0.256250 0.122685 0.257812 0.122685 0.259375 0.121123 0.260937 0.121123 0.262500 0.117998 0.265625 0.117998 0.267188 0.116435 0.268750 0.116435 0.270313 0.114873 0.271875 0.114873 0.289062 0.121123 0.295312 0.122685 0.295312 0.124248 0.296875 0.127373 0.296875 0.128935 0.298438 0.130498 0.298438 0.132060 0.300000 0.132060 0.306250 0.130498 0.307813 0.130498 0.310937 0.128935 0.312500 0.128935 0.315625 0.127373 0.317187 0.127373 0.318750 0.125810 0.320312 0.125810 0.321875 0.124248 0.323438 0.124248 0.326562 0.122685 0.328125 0.122685 0.331250 0.121123 0.332812 0.121123 0.334375 0.119560 0.335938 0.119560 0.340625 0.117998 0.342187 0.117998 0.348437 0.116435 0.350000 0.116435 0.351562 0.114873 0.353125 0.114873 0.356250 0.113310 0.357812 0.113310 0.359375 0.111748 0.360938 0.111748 0.365625 0.110185 0.367188 0.110185 0.368750 0.108623 0.370313 0.108623 0.373437 0.107060 0.375000 0.107060 0.378125 0.105498 0.379687 0.105498 0.382812 0.102373 0.385938 0.102373 0.387500 0.099248 0.387500 0.097685 0.385938 0.094560 0.385938 0.094560 0.384375 0.091435 0.381250 0.091435 0.379687 0.085185 0.373437 0.085185 0.371875 0.082060 0.368750 0.082060 0.367188 0.080498 0.365625 0.080498 0.364062 0.077373 0.360938 0.077373 0.359375 0.074248 0.356250 0.074248 0.354688 0.071123 0.351562 0.071123 0.350000 0.067998 0.346875 0.067998 0.345313 0.066435 0.343750 0.066435 0.342187 0.064873 0.340625 0.064873 0.339063 0.061748 0.335938 0.061748 0.334375 0.060185 0.332812 0.060185 0.331250 0.057060 0.328125 0.057060 0.326562 0.053935 0.323438 0.053935 0.321875 0.052373 0.320312 0.052373 0.318750 0.049248 0.315625 0.049248 0.314063 0.047685 0.312500 0.047685 0.310937 0.044560 0.307813 0.044560 0.306250 0.041435 0.303125 0.041435 0.301562 0.039873 0.300000 0.039873 0.298438 0.038310 0.296875 0.038310 0.295312 0.035185 0.292187 0.035185 0.290625 0.032060 0.287500 0.032060 0.285938 0.028935 0.282813 0.028935 0.281250 0.025810 0.278125 0.025810 0.276562 0.024248 0.275000 0.024248 0.273438 0.021123 0.270313 0.021123 0.268750 0.017998 0.265625 0.017998 0.264062 0.016435 0.262500 0.016435 0.260937 0.013310 0.257812 0.013310 0.256250 0.010185 0.253125 0.010185 0.251563 0.005498 0.246875 0.005498 0.245312 0.000810 0.240625 0.000000 0.240625 0.000000 0.228125 0.135185 0.228125 0.135185 0.234375 0.133623 0.235938
1 0.724248 0.525000 0.724248 0.526563 0.727373 0.529687 0.727373 0.531250 0.730498 0.534375 0.730498 0.535937 0.732060 0.537500 0.733623 0.537500 0.736748 0.540625 0.736748 0.542188 0.741435 0.546875 0.741435 0.548438 0.742998 0.550000 0.742998 0.551562 0.746123 0.554688 0.746123 0.556250 0.752373 0.562500 0.752373 0.564063 0.758623 0.570312 0.758623 0.571875 0.764873 0.578125 0.764873 0.579688 0.767998 0.582812 0.767998 0.584375 0.771123 0.587500 0.771123 0.589063 0.774248 0.592187 0.774248 0.593750 0.777373 0.596875 0.777373 0.598437 0.778935 0.600000 0.778935 0.601562 0.780498 0.603125 0.780498 0.604688 0.785185 0.609375 0.785185 0.610937 0.788310 0.614062 0.788310 0.615625 0.792998 0.620313 0.792998 0.623438 0.796123 0.626562 0.800810 0.626562 0.800810 0.628125 0.789873 0.628125 0.788310 0.626562 0.786748 0.626562 0.785185 0.625000 0.782060 0.625000 0.780498 0.623438 0.777373 0.623438 0.775810 0.621875 0.774248 0.621875 0.772685 0.620313 0.771123 0.620313 0.769560 0.618750 0.767998 0.618750 0.766435 0.617188 0.764873 0.617188 0.763310 0.615625 0.761748 0.615625 0.758623 0.612500 0.757060 0.612500 0.755498 0.610937 0.753935 0.610937 0.752373 0.609375 0.750810 0.609375 0.749248 0.607813 0.747685 0.607813 0.744560 0.604688 0.742998 0.604688 0.741435 0.603125 0.739873 0.603125 0.738310 0.601562 0.736748 0.601562 0.735185 0.600000 0.733623 0.600000 0.732060 0.598437 0.730498 0.598437 0.728935 0.596875 0.727373 0.596875 0.724248 0.593750 0.722685 0.593750 0.721123 0.592187 0.719560 0.592187 0.716435 0.589063 0.714873 0.589063 0.713310 0.587500 0.711748 0.587500 0.710185 0.585938 0.708623 0.585938 0.707060 0.584375 0.705498 0.584375 0.700810 0.579688 0.699248 0.579688 0.697685 0.578125 0.694560 0.578125 0.691435 0.575000 0.689873 0.575000 0.688310 0.573438 0.685185 0.573438 0.683623 0.571875 0.682060 0.571875 0.678935 0.568750 0.677373 0.568750 0.675810 0.567187 0.674248 0.567187 0.672685 0.565625 0.671123 0.565625 0.669560 0.564063 0.667998 0.564063 0.666435 0.562500 0.664873 0.562500 0.663310 0.560937 0.661748 0.560937 0.660185 0.559375 0.658623 0.559375 0.657060 0.557813 0.655498 0.557813 0.653935 0.556250 0.652373 0.556250 0.650810 0.554688 0.647685 0.554688 0.646123 0.553125 0.644560 0.553125 0.642998 0.551562 0.642998 0.550000 0.641435 0.548438 0.641435 0.546875 0.642998 0.545312 0.646123 0.545312 0.647685 0.543750 0.649248 0.543750 0.650810 0.542188 0.653935 0.542188 0.655498 0.540625 0.657060 0.540625 0.658623 0.539062 0.663310 0.539062 0.664873 0.537500 0.666435 0.537500 0.667998 0.535937 0.669560 0.535937 0.671123 0.534375 0.672685 0.534375 0.674248 0.532813 0.675810 0.532813 0.677373 0.531250 0.680498 0.531250 0.682060 0.529687 0.683623 0.529687 0.685185 0.528125 0.686748 0.528125 0.688310 0.526563 0.691435 0.526563 0.692998 0.525000 0.694560 0.525000 0.699248 0.520312 0.699248 0.515625 0.722685 0.515625 0.722685 0.523438 0.724248 0.525000
1 0.736748 0.442187 0.736748 0.443750 0.741435 0.448438 0.741435 0.450000 0.744560 0.453125 0.744560 0.454688 0.747685 0.457812 0.747685 0.459375 0.750810 0.462500 0.750810 0.464063 0.755498 0.468750 0.755498 0.470313 0.758623 0.473437 0.758623 0.475000 0.761748 0.478125 0.761748 0.479688 0.764873 0.482812 0.764873 0.484375 0.767998 0.487500 0.767998 0.489062 0.771123 0.492188 0.771123 0.493750 0.772685 0.495313 0.772685 0.496875 0.777373 0.501563 0.782060 0.501563 0.782060 0.514062 0.775810 0.514062 0.775810 0.509375 0.772685 0.506250 0.767998 0.506250 0.766435 0.504687 0.764873 0.504687 0.763310 0.503125 0.761748 0.503125 0.758623 0.500000 0.757060 0.500000 0.755498 0.498437 0.753935 0.498437 0.752373 0.496875 0.750810 0.496875 0.749248 0.495313 0.747685 0.495313 0.746123 0.493750 0.744560 0.493750 0.741435 0.490625 0.739873 0.490625 0.738310 0.489062 0.736748 0.489062 0.735185 0.487500 0.733623 0.487500 0.732060 0.485938 0.730498 0.485938 0.728935 0.484375 0.725810 0.484375 0.722685 0.481250 0.719560 0.481250 0.716435 0.478125 0.714873 0.478125 0.713310 0.476562 0.711748 0.476562 0.710185 0.475000 0.708623 0.475000 0.707060 0.473437 0.705498 0.473437 0.702373 0.470313 0.700810 0.470313 0.699248 0.468750 0.697685 0.468750 0.696123 0.467187 0.694560 0.467187 0.692998 0.465625 0.691435 0.465625 0.689873 0.464063 0.688310 0.464063 0.685185 0.460938 0.683623 0.460938 0.682060 0.459375 0.680498 0.459375 0.674248 0.453125 0.672685 0.453125 0.672685 0.451562 0.675810 0.448438 0.677373 0.448438 0.678935 0.446875 0.680498 0.446875 0.682060 0.445312 0.686748 0.445312 0.688310 0.443750 0.694560 0.443750 0.696123 0.442187 0.700810 0.442187 0.703935 0.439063 0.703935 0.434375 0.735185 0.434375 0.735185 0.440625 0.736748 0.442187
0 0.583623 0.190625 0.583623 0.192188 0.586748 0.195312 0.586748 0.196875 0.589873 0.200000 0.589873 0.201562 0.591435 0.203125 0.591435 0.204688 0.592998 0.206250 0.592998 0.207813 0.594560 0.209375 0.594560 0.210938 0.599248 0.215625 0.599248 0.217187 0.600810 0.218750 0.600810 0.220313 0.603935 0.223438 0.603935 0.225000 0.608623 0.229687 0.613310 0.229687 0.613310 0.251563 0.563310 0.251563 0.563310 0.246875 0.560185 0.243750 0.558623 0.243750 0.557060 0.242188 0.555498 0.242188 0.549248 0.235938 0.547685 0.235938 0.538310 0.226562 0.536748 0.226562 0.533623 0.223438 0.533623 0.221875 0.532060 0.220313 0.527373 0.220313 0.527373 0.207813 0.532060 0.207813 0.533623 0.206250 0.533623 0.203125 0.535185 0.201562 0.536748 0.201562 0.538310 0.200000 0.539873 0.200000 0.544560 0.195312 0.546123 0.195312 0.549248 0.192188 0.550810 0.192188 0.553935 0.189063 0.553935 0.184375 0.582060 0.184375 0.582060 0.189063 0.583623 0.190625
1 0.391435 0.279687 0.392998 0.279687 0.400810 0.287500 0.402373 0.287500 0.403935 0.289062 0.405498 0.289062 0.405498 0.290625 0.407060 0.292187 0.408623 0.292187 0.416435 0.300000 0.417998 0.300000 0.421123 0.303125 0.422685 0.303125 0.428935 0.309375 0.430498 0.309375 0.433623 0.312500 0.435185 0.312500 0.438310 0.315625 0.439873 0.315625 0.441435 0.317187 0.442998 0.317187 0.446123 0.320312 0.447685 0.320312 0.452373 0.325000 0.457060 0.325000 0.457060 0.339063 0.446123 0.339063 0.444560 0.340625 0.436748 0.340625 0.435185 0.342187 0.430498 0.342187 0.428935 0.343750 0.422685 0.343750 0.421123 0.345313 0.414873 0.345313 0.413310 0.346875 0.408623 0.346875 0.407060 0.348437 0.400810 0.348437 0.399248 0.350000 0.394560 0.350000 0.392998 0.351562 0.388310 0.351562 0.386748 0.353125 0.382060 0.353125 0.380498 0.354688 0.374248 0.354688 0.372685 0.356250 0.367998 0.356250 0.366435 0.357812 0.360185 0.357812 0.358623 0.359375 0.352373 0.359375 0.350810 0.360938 0.344560 0.360938 0.342998 0.362500 0.336748 0.362500 0.335185 0.364062 0.330498 0.364062 0.328935 0.365625 0.322685 0.365625 0.321123 0.367188 0.314873 0.367188 0.313310 0.368750 0.308623 0.368750 0.307060 0.370313 0.302373 0.370313 0.300810 0.371875 0.280498 0.371875 0.278935 0.370313 0.277373 0.370313 0.275810 0.368750 0.272685 0.368750 0.271123 0.367188 0.269560 0.367188 0.267998 0.368750 0.260185 0.368750 0.258623 0.370313 0.255498 0.370313 0.253935 0.371875 0.250810 0.371875 0.249248 0.373437 0.247685 0.373437 0.242998 0.378125 0.242998 0.379687 0.241435 0.381250 0.239873 0.381250 0.238310 0.382812 0.236748 0.382812 0.235185 0.384375 0.228935 0.384375 0.227373 0.385938 0.216435 0.385938 0.214873 0.387500 0.208623 0.387500 0.207060 0.389062 0.205498 0.389062 0.203935 0.390625 0.203935 0.395312 0.177373 0.395312 0.177373 0.390625 0.178935 0.389062 0.180498 0.389062 0.185185 0.384375 0.186748 0.384375 0.188310 0.382812 0.189873 0.382812 0.196123 0.376563 0.199248 0.376563 0.203935 0.371875 0.205498 0.371875 0.207060 0.370313 0.208623 0.370313 0.211748 0.367188 0.213310 0.367188 0.216435 0.364062 0.217998 0.364062 0.222685 0.359375 0.224248 0.359375 0.225810 0.357812 0.227373 0.357812 0.232060 0.353125 0.233623 0.353125 0.236748 0.350000 0.238310 0.350000 0.239873 0.348437 0.241435 0.348437 0.242998 0.346875 0.244560 0.346875 0.246123 0.345313 0.257060 0.345313 0.258623 0.343750 0.263310 0.343750 0.264873 0.342187 0.266435 0.342187 0.274248 0.334375 0.275810 0.334375 0.277373 0.332812 0.277373 0.331250 0.278935 0.329688 0.280498 0.329688 0.283623 0.326562 0.283623 0.325000 0.296123 0.312500 0.297685 0.312500 0.302373 0.307813 0.303935 0.307813 0.305498 0.306250 0.307060 0.306250 0.311748 0.301562 0.313310 0.301562 0.314873 0.300000 0.316435 0.300000 0.321123 0.295312 0.322685 0.295312 0.327373 0.290625 0.328935 0.290625 0.330498 0.289062 0.332060 0.289062 0.333623 0.287500 0.335185 0.287500 0.339873 0.282813 0.341435 0.282813 0.342998 0.281250 0.344560 0.281250 0.347685 0.278125 0.349248 0.278125 0.352373 0.275000 0.353935 0.275000 0.357060 0.271875 0.357060 0.265625 0.382060 0.265625 0.382060 0.270313 0.391435 0.279687
1 0.638310 0.553125 0.639873 0.553125 0.641435 0.554688 0.642998 0.554688 0.646123 0.557813 0.647685 0.557813 0.649248 0.559375 0.650810 0.559375 0.652373 0.560937 0.655498 0.560937 0.657060 0.562500 0.660185 0.562500 0.663310 0.565625 0.664873 0.565625 0.666435 0.567187 0.669560 0.567187 0.671123 0.568750 0.672685 0.568750 0.674248 0.570312 0.675810 0.570312 0.678935 0.573438 0.680498 0.573438 0.682060 0.575000 0.683623 0.575000 0.685185 0.576562 0.688310 0.576562 0.691435 0.579688 0.692998 0.579688 0.694560 0.581250 0.697685 0.581250 0.700810 0.584375 0.702373 0.584375 0.705498 0.587500 0.707060 0.587500 0.708623 0.589063 0.710185 0.589063 0.711748 0.590625 0.713310 0.590625 0.716435 0.593750 0.717998 0.593750 0.719560 0.595312 0.721123 0.595312 0.724248 0.598437 0.725810 0.598437 0.727373 0.600000 0.728935 0.600000 0.730498 0.601562 0.732060 0.601562 0.733623 0.603125 0.735185 0.603125 0.736748 0.604688 0.738310 0.604688 0.739873 0.606250 0.741435 0.606250 0.742998 0.607813 0.744560 0.607813 0.746123 0.609375 0.747685 0.609375 0.749248 0.610937 0.757060 0.610937 0.757060 0.621875 0.752373 0.621875 0.750810 0.623438 0.742998 0.623438 0.741435 0.625000 0.736748 0.625000 0.735185 0.626562 0.730498 0.626562 0.728935 0.628125 0.722685 0.628125 0.721123 0.629687 0.710185 0.629687 0.708623 0.631250 0.700810 0.631250 0.699248 0.632812 0.694560 0.632812 0.692998 0.634375 0.686748 0.634375 0.685185 0.635938 0.674248 0.635938 0.672685 0.637500 0.664873 0.637500 0.663310 0.639063 0.657060 0.639063 0.655498 0.640625 0.649248 0.640625 0.647685 0.642187 0.641435 0.642187 0.639873 0.643750 0.632060 0.643750 0.630498 0.645312 0.624248 0.645312 0.622685 0.646875 0.616435 0.646875 0.614873 0.648438 0.603935 0.648438 0.602373 0.650000 0.596123 0.650000 0.594560 0.651563 0.591435 0.651563 0.589873 0.653125 0.589873 0.657812 0.586748 0.657812 0.586748 0.653125 0.585185 0.651563 0.582060 0.651563 0.580498 0.650000 0.578935 0.650000 0.578935 0.648438 0.577373 0.646875 0.577373 0.645312 0.575810 0.643750 0.575810 0.642187 0.574248 0.640625 0.574248 0.639063 0.572685 0.637500 0.572685 0.635938 0.571123 0.634375 0.571123 0.632812 0.569560 0.631250 0.569560 0.629687 0.567998 0.628125 0.567998 0.626562 0.564873 0.623438 0.564873 0.621875 0.563310 0.620313 0.563310 0.618750 0.561748 0.617188 0.561748 0.615625 0.557060 0.610937 0.557060 0.609375 0.555498 0.607813 0.555498 0.606250 0.550810 0.601562 0.546123 0.601562 0.546123 0.590625 0.550810 0.590625 0.553935 0.587500 0.555498 0.587500 0.560185 0.582812 0.561748 0.582812 0.566435 0.578125 0.567998 0.578125 0.571123 0.575000 0.572685 0.575000 0.575810 0.571875 0.577373 0.571875 0.578935 0.570312 0.580498 0.570312 0.583623 0.567187 0.585185 0.567187 0.588310 0.564063 0.589873 0.564063 0.591435 0.562500 0.592998 0.562500 0.597685 0.557813 0.599248 0.557813 0.600810 0.556250 0.602373 0.556250 0.603935 0.554688 0.605498 0.554688 0.607060 0.553125 0.607060 0.546875 0.636748 0.546875 0.636748 0.551562 0.638310 0.553125
1 0.914873 0.384375 0.916435 0.384375 0.917998 0.385938 0.925810 0.385938 0.925810 0.396875 0.921123 0.396875 0.891435 0.426562 0.889873 0.426562 0.886748 0.429688 0.886748 0.431250 0.880498 0.437500 0.878935 0.437500 0.846123 0.470313 0.844560 0.470313 0.833623 0.481250 0.832060 0.481250 0.830498 0.482812 0.828935 0.482812 0.827373 0.484375 0.824248 0.484375 0.824248 0.479688 0.822685 0.478125 0.822685 0.465625 0.824248 0.464063 0.824248 0.454688 0.825810 0.453125 0.825810 0.448438 0.827373 0.446875 0.827373 0.440625 0.828935 0.439063 0.828935 0.425000 0.830498 0.423438 0.830498 0.414062 0.832060 0.412500 0.832060 0.404687 0.833623 0.403125 0.833623 0.398438 0.835185 0.396875 0.835185 0.390625 0.836748 0.389062 0.836748 0.378125 0.913310 0.378125 0.913310 0.382812 0.914873 0.384375
1 0.186748 0.606250 0.188310 0.607813 0.188310 0.609375 0.189873 0.610937 0.191435 0.610937 0.191435 0.612500 0.192998 0.614062 0.192998 0.620313 0.191435 0.620313 0.189873 0.621875 0.158623 0.621875 0.157060 0.623438 0.152373 0.623438 0.150810 0.625000 0.146123 0.625000 0.144560 0.626562 0.135185 0.626562 0.133623 0.628125 0.121123 0.628125 0.119560 0.629687 0.080498 0.629687 0.078935 0.631250 0.049248 0.631250 0.047685 0.632812 0.032060 0.632812 0.030498 0.631250 0.021123 0.631250 0.021123 0.618750 0.025810 0.618750 0.027373 0.617188 0.027373 0.615625 0.028935 0.614062 0.028935 0.610937 0.030498 0.609375 0.030498 0.606250 0.032060 0.604688 0.032060 0.601562 0.033623 0.600000 0.033623 0.598437 0.035185 0.596875 0.035185 0.593750 0.036748 0.592187 0.036748 0.589063 0.038310 0.587500 0.038310 0.584375 0.039873 0.582812 0.039873 0.581250 0.041435 0.579688 0.041435 0.576562 0.042998 0.575000 0.042998 0.573438 0.044560 0.571875 0.044560 0.568750 0.046123 0.567187 0.046123 0.564063 0.047685 0.562500 0.047685 0.559375 0.049248 0.557813 0.049248 0.556250 0.050810 0.554688 0.050810 0.550000 0.052373 0.548438 0.052373 0.546875 0.053935 0.545312 0.053935 0.542188 0.055498 0.540625 0.055498 0.537500 0.057060 0.535937 0.057060 0.534375 0.058623 0.532813 0.058623 0.529687 0.060185 0.528125 0.060185 0.525000 0.061748 0.523438 0.061748 0.521875 0.063310 0.520312 0.063310 0.517188 0.064873 0.515625 0.064873 0.510938 0.066435 0.509375 0.066435 0.503125 0.067998 0.501563 0.067998 0.498437 0.071123 0.495313 0.071123 0.492188 0.072685 0.490625 0.072685 0.484375 0.075810 0.481250 0.075810 0.479688 0.077373 0.478125 0.077373 0.473437 0.078935 0.471875 0.078935 0.468750 0.080498 0.467187 0.080498 0.465625 0.082060 0.464063 0.082060 0.462500 0.083623 0.460938 0.083623 0.453125 0.100810 0.453125 0.100810 0.459375 0.103935 0.462500 0.103935 0.464063 0.105498 0.465625 0.105498 0.468750 0.107060 0.470313 0.107060 0.473437 0.113310 0.479688 0.113310 0.481250 0.119560 0.487500 0.119560 0.489062 0.122685 0.492188 0.122685 0.493750 0.125810 0.496875 0.125810 0.498437 0.128935 0.501563 0.128935 0.503125 0.130498 0.504687 0.130498 0.506250 0.132060 0.507812 0.132060 0.509375 0.133623 0.510938 0.133623 0.512500 0.136748 0.515625 0.136748 0.517188 0.138310 0.518750 0.138310 0.521875 0.142998 0.526563 0.142998 0.528125 0.144560 0.529687 0.144560 0.531250 0.146123 0.532813 0.147685 0.532813 0.149248 0.534375 0.149248 0.537500 0.150810 0.539062 0.150810 0.540625 0.153935 0.543750 0.153935 0.545312 0.157060 0.548438 0.157060 0.551562 0.164873 0.559375 0.164873 0.560937 0.166435 0.562500 0.166435 0.564063 0.167998 0.565625 0.167998 0.567187 0.169560 0.568750 0.169560 0.570312 0.171123 0.571875 0.171123 0.575000 0.174248 0.578125 0.174248 0.579688 0.175810 0.581250 0.175810 0.582812 0.177373 0.584375 0.177373 0.585938 0.180498 0.589063 0.180498 0.592187 0.182060 0.593750 0.182060 0.595312 0.183623 0.596875 0.183623 0.598437 0.185185 0.600000 0.185185 0.601562 0.186748 0.603125 0.186748 0.606250
1 0.196123 0.278125 0.197685 0.278125 0.199248 0.279687 0.200810 0.279687 0.202373 0.281250 0.208623 0.281250 0.210185 0.282813 0.217998 0.282813 0.219560 0.284375 0.224248 0.284375 0.225810 0.285938 0.228935 0.285938 0.230498 0.287500 0.236748 0.287500 0.238310 0.289062 0.244560 0.289062 0.246123 0.290625 0.250810 0.290625 0.252373 0.292187 0.257060 0.292187 0.258623 0.293750 0.261748 0.293750 0.263310 0.295312 0.267998 0.295312 0.269560 0.296875 0.271123 0.296875 0.272685 0.298438 0.274248 0.298438 0.275810 0.300000 0.278935 0.300000 0.280498 0.301562 0.282060 0.301562 0.283623 0.303125 0.285185 0.303125 0.288310 0.306250 0.294560 0.306250 0.294560 0.310937 0.288310 0.310937 0.285185 0.314063 0.283623 0.314063 0.280498 0.317187 0.278935 0.317187 0.277373 0.318750 0.275810 0.318750 0.274248 0.320312 0.272685 0.320312 0.269560 0.323438 0.267998 0.323438 0.266435 0.325000 0.264873 0.325000 0.260185 0.329688 0.258623 0.329688 0.257060 0.331250 0.255498 0.331250 0.244560 0.342187 0.242998 0.342187 0.239873 0.345313 0.238310 0.345313 0.233623 0.350000 0.232060 0.350000 0.228935 0.353125 0.227373 0.353125 0.224248 0.356250 0.222685 0.356250 0.221123 0.357812 0.219560 0.357812 0.216435 0.360938 0.214873 0.360938 0.210185 0.365625 0.208623 0.365625 0.207060 0.367188 0.205498 0.367188 0.202373 0.370313 0.200810 0.370313 0.197685 0.373437 0.196123 0.373437 0.194560 0.375000 0.192998 0.375000 0.189873 0.378125 0.188310 0.378125 0.185185 0.381250 0.183623 0.381250 0.177373 0.387500 0.175810 0.387500 0.169560 0.393750 0.167998 0.393750 0.166435 0.395312 0.164873 0.395312 0.163310 0.396875 0.161748 0.396875 0.160185 0.398438 0.158623 0.398438 0.157060 0.400000 0.155498 0.400000 0.152373 0.403125 0.150810 0.403125 0.149248 0.404687 0.147685 0.404687 0.146123 0.406250 0.144560 0.406250 0.142998 0.407813 0.141435 0.407813 0.138310 0.410937 0.136748 0.410937 0.132060 0.415625 0.130498 0.415625 0.127373 0.418750 0.125810 0.418750 0.122685 0.421875 0.121123 0.421875 0.119560 0.423438 0.117998 0.423438 0.116435 0.425000 0.114873 0.425000 0.111748 0.428125 0.110185 0.428125 0.108623 0.429688 0.107060 0.429688 0.105498 0.431250 0.103935 0.431250 0.100810 0.434375 0.100810 0.439063 0.091435 0.439063 0.091435 0.428125 0.092998 0.426562 0.092998 0.423438 0.094560 0.421875 0.094560 0.420312 0.096123 0.418750 0.096123 0.417188 0.097685 0.415625 0.097685 0.410937 0.099248 0.409375 0.099248 0.403125 0.102373 0.400000 0.102373 0.398438 0.103935 0.396875 0.103935 0.395312 0.105498 0.393750 0.105498 0.390625 0.107060 0.389062 0.107060 0.387500 0.108623 0.385938 0.108623 0.384375 0.110185 0.382812 0.110185 0.379687 0.111748 0.378125 0.111748 0.375000 0.113310 0.373437 0.113310 0.370313 0.114873 0.368750 0.114873 0.367188 0.116435 0.365625 0.116435 0.362500 0.117998 0.360938 0.117998 0.357812 0.119560 0.356250 0.119560 0.353125 0.121123 0.351562 0.121123 0.348437 0.122685 0.346875 0.122685 0.345313 0.124248 0.343750 0.124248 0.340625 0.125810 0.339063 0.125810 0.335938 0.127373 0.334375 0.127373 0.331250 0.128935 0.329688 0.128935 0.328125 0.130498 0.326562 0.130498 0.323438 0.132060 0.321875 0.132060 0.320312 0.133623 0.318750 0.133623 0.315625 0.135185 0.314063 0.135185 0.309375 0.136748 0.307813 0.136748 0.304688 0.138310 0.303125 0.138310 0.301562 0.139873 0.300000 0.139873 0.298438 0.144560 0.293750 0.144560 0.292187 0.146123 0.290625 0.146123 0.289062 0.149248 0.285938 0.149248 0.284375 0.150810 0.282813 0.150810 0.281250 0.152373 0.279687 0.152373 0.271875 0.194560 0.271875 0.194560 0.276562 0.196123 0.278125
0 0.980498 0.617188 0.980498 0.618750 0.983623 0.621875 0.985185 0.621875 0.986748 0.623438 0.986748 0.625000 0.988310 0.626562 0.994560 0.626562 0.994560 0.643750 0.975810 0.643750 0.974248 0.642187 0.972685 0.642187 0.971123 0.640625 0.969560 0.640625 0.967998 0.639063 0.957060 0.639063 0.955498 0.640625 0.953935 0.640625 0.952373 0.642187 0.950810 0.642187 0.949248 0.643750 0.946123 0.643750 0.944560 0.645312 0.941435 0.645312 0.939873 0.646875 0.939873 0.651563 0.930498 0.651563 0.930498 0.646875 0.928935 0.645312 0.927373 0.645312 0.925810 0.643750 0.921123 0.643750 0.921123 0.615625 0.927373 0.615625 0.928935 0.614062 0.930498 0.614062 0.936748 0.607813 0.936748 0.603125 0.972685 0.603125 0.972685 0.609375 0.980498 0.617188
0 0.163310 0.460938 0.164873 0.460938 0.167998 0.464063 0.169560 0.464063 0.174248 0.468750 0.175810 0.468750 0.182060 0.475000 0.188310 0.475000 0.188310 0.520312 0.183623 0.520312 0.180498 0.523438 0.180498 0.526563 0.178935 0.528125 0.178935 0.532813 0.146123 0.532813 0.146123 0.526563 0.144560 0.525000 0.144560 0.523438 0.141435 0.520312 0.141435 0.518750 0.138310 0.515625 0.138310 0.514062 0.136748 0.512500 0.136748 0.510938 0.133623 0.507812 0.133623 0.504687 0.130498 0.501563 0.130498 0.500000 0.127373 0.496875 0.127373 0.495313 0.125810 0.493750 0.125810 0.492188 0.121123 0.487500 0.121123 0.485938 0.107060 0.471875 0.102373 0.471875 0.102373 0.453125 0.160185 0.453125 0.160185 0.457812 0.163310 0.460938
1 0.189873 0.598437 0.188310 0.596875 0.188310 0.595312 0.180498 0.587500 0.180498 0.585938 0.177373 0.582812 0.177373 0.581250 0.175810 0.579688 0.175810 0.576562 0.167998 0.568750 0.167998 0.567187 0.163310 0.562500 0.163310 0.560937 0.161748 0.559375 0.161748 0.553125 0.160185 0.551562 0.160185 0.546875 0.203935 0.546875 0.203935 0.551562 0.207060 0.554688 0.210185 0.554688 0.211748 0.556250 0.214873 0.556250 0.216435 0.557813 0.219560 0.557813 0.221123 0.559375 0.224248 0.559375 0.225810 0.560937 0.227373 0.560937 0.233623 0.567187 0.236748 0.567187 0.238310 0.568750 0.239873 0.568750 0.241435 0.570312 0.242998 0.570312 0.244560 0.571875 0.246123 0.571875 0.247685 0.573438 0.249248 0.573438 0.250810 0.575000 0.252373 0.575000 0.253935 0.576562 0.255498 0.576562 0.258623 0.579688 0.260185 0.579688 0.261748 0.581250 0.263310 0.581250 0.264873 0.582812 0.267998 0.582812 0.269560 0.584375 0.271123 0.584375 0.272685 0.585938 0.274248 0.585938 0.275810 0.587500 0.277373 0.587500 0.278935 0.589063 0.280498 0.589063 0.282060 0.590625 0.283623 0.590625 0.286748 0.593750 0.288310 0.593750 0.289873 0.595312 0.291435 0.595312 0.292998 0.596875 0.294560 0.596875 0.296123 0.598437 0.297685 0.598437 0.299248 0.600000 0.300810 0.600000 0.302373 0.601562 0.305498 0.601562 0.307060 0.603125 0.308623 0.603125 0.311748 0.606250 0.313310 0.606250 0.314873 0.607813 0.316435 0.607813 0.317998 0.609375 0.319560 0.609375 0.321123 0.610937 0.322685 0.610937 0.324248 0.612500 0.325810 0.612500 0.327373 0.614062 0.328935 0.614062 0.330498 0.615625 0.332060 0.615625 0.333623 0.617188 0.335185 0.617188 0.336748 0.618750 0.338310 0.618750 0.339873 0.620313 0.341435 0.620313 0.342998 0.621875 0.344560 0.621875 0.346123 0.623438 0.347685 0.623438 0.349248 0.625000 0.350810 0.625000 0.352373 0.626562 0.353935 0.626562 0.355498 0.628125 0.357060 0.628125 0.358623 0.629687 0.361748 0.629687 0.363310 0.631250 0.364873 0.631250 0.366435 0.632812 0.367998 0.632812 0.369560 0.634375 0.371123 0.634375 0.372685 0.635938 0.374248 0.635938 0.375810 0.637500 0.377373 0.637500 0.380498 0.640625 0.382060 0.640625 0.383623 0.642187 0.385185 0.642187 0.386748 0.643750 0.389873 0.643750 0.391435 0.645312 0.392998 0.645312 0.394560 0.646875 0.400810 0.646875 0.400810 0.654688 0.396123 0.654688 0.392998 0.657812 0.391435 0.657812 0.389873 0.659375 0.388310 0.659375 0.386748 0.660937 0.385185 0.660937 0.383623 0.662500 0.378935 0.662500 0.377373 0.664062 0.375810 0.664062 0.374248 0.665625 0.372685 0.665625 0.371123 0.667188 0.367998 0.667188 0.366435 0.668750 0.363310 0.668750 0.361748 0.670313 0.358623 0.670313 0.357060 0.671875 0.355498 0.671875 0.353935 0.673437 0.350810 0.673437 0.349248 0.675000 0.347685 0.675000 0.346123 0.676562 0.344560 0.676562 0.342998 0.678125 0.339873 0.678125 0.338310 0.679688 0.336748 0.679688 0.335185 0.681250 0.333623 0.681250 0.332060 0.682813 0.328935 0.682813 0.327373 0.684375 0.325810 0.684375 0.324248 0.685938 0.321123 0.685938 0.319560 0.687500 0.316435 0.687500 0.314873 0.689062 0.313310 0.689062 0.311748 0.690625 0.308623 0.690625 0.307060 0.692187 0.305498 0.692187 0.303935 0.693750 0.300810 0.693750 0.299248 0.695312 0.297685 0.695312 0.296123 0.696875 0.292998 0.696875 0.291435 0.698438 0.288310 0.698438 0.286748 0.700000 0.285185 0.700000 0.283623 0.701563 0.282060 0.701563 0.280498 0.703125 0.278935 0.703125 0.277373 0.704687 0.275810 0.704687 0.274248 0.706250 0.271123 0.706250 0.269560 0.707812 0.260185 0.707812 0.258623 0.706250 0.257060 0.706250 0.250810 0.700000 0.250810 0.698438 0.249248 0.696875 0.249248 0.695312 0.246123 0.692187 0.246123 0.690625 0.244560 0.689062 0.244560 0.687500 0.241435 0.684375 0.241435 0.682813 0.236748 0.678125 0.236748 0.676562 0.233623 0.673437 0.233623 0.671875 0.230498 0.668750 0.230498 0.667188 0.228935 0.665625 0.228935 0.664062 0.225810 0.660937 0.225810 0.659375 0.224248 0.657812 0.224248 0.656250 0.221123 0.653125 0.221123 0.651563 0.219560 0.650000 0.219560 0.648438 0.217998 0.646875 0.217998 0.645312 0.214873 0.642187 0.214873 0.640625 0.211748 0.637500 0.211748 0.635938 0.210185 0.634375 0.210185 0.632812 0.207060 0.629687 0.207060 0.628125 0.205498 0.626562 0.205498 0.625000 0.202373 0.621875 0.202373 0.620313 0.199248 0.617188 0.199248 0.615625 0.197685 0.614062 0.197685 0.612500 0.194560 0.609375 0.194560 0.607813 0.191435 0.604688 0.191435 0.603125 0.189873 0.601562 0.189873 0.598437
1 0.794560 0.623438 0.794560 0.620313 0.791435 0.617188 0.791435 0.615625 0.789873 0.614062 0.789873 0.612500 0.788310 0.610937 0.788310 0.609375 0.783623 0.604688 0.783623 0.603125 0.782060 0.601562 0.782060 0.600000 0.778935 0.596875 0.778935 0.595312 0.777373 0.593750 0.777373 0.592187 0.775810 0.590625 0.775810 0.589063 0.769560 0.582812 0.769560 0.581250 0.764873 0.576562 0.764873 0.575000 0.758623 0.568750 0.758623 0.567187 0.755498 0.564063 0.755498 0.562500 0.746123 0.553125 0.746123 0.551562 0.744560 0.550000 0.744560 0.548438 0.741435 0.545312 0.741435 0.540625 0.800810 0.540625 0.800810 0.623438 0.794560 0.623438
0 0.860185 0.714063 0.860185 0.709375 0.853935 0.703125 0.853935 0.701563 0.852373 0.700000 0.852373 0.690625 0.900810 0.690625 0.900810 0.714063 0.860185 0.714063
0 0.622685 0.207813 0.622685 0.203125 0.621123 0.201562 0.621123 0.200000 0.619560 0.198437 0.614873 0.198437 0.614873 0.193750 0.621123 0.193750 0.624248 0.190625 0.624248 0.184375 0.663310 0.184375 0.663310 0.207813 0.622685 0.207813
0 0.958623 0.317187 0.963310 0.317187 0.963310 0.332812 0.928935 0.332812 0.927373 0.334375 0.927373 0.339063 0.914873 0.339063 0.914873 0.309375 0.955498 0.309375 0.955498 0.314063 0.958623 0.317187
0 0.158623 0.264062 0.155498 0.267188 0.155498 0.268750 0.152373 0.271875 0.152373 0.273438 0.150810 0.275000 0.150810 0.276562 0.147685 0.279687 0.147685 0.281250 0.146123 0.282813 0.146123 0.284375 0.142998 0.287500 0.142998 0.289062 0.139873 0.292187 0.139873 0.293750 0.136748 0.296875 0.136748 0.301562 0.125810 0.301562 0.125810 0.296875 0.122685 0.293750 0.121123 0.293750 0.117998 0.290625 0.117998 0.289062 0.116435 0.287500 0.116435 0.282813 0.114873 0.281250 0.114873 0.276562 0.116435 0.275000 0.116435 0.270313 0.117998 0.268750 0.117998 0.267188 0.122685 0.262500 0.122685 0.259375 0.125810 0.256250 0.125810 0.254688 0.127373 0.253125 0.127373 0.251563 0.128935 0.250000 0.128935 0.248437 0.130498 0.246875 0.130498 0.245312 0.132060 0.243750 0.132060 0.242188 0.133623 0.240625 0.133623 0.239063 0.135185 0.237500 0.135185 0.235938 0.136748 0.234375 0.136748 0.232812 0.138310 0.231250 0.138310 0.229687 0.141435 0.226562 0.141435 0.221875 0.163310 0.221875 0.163310 0.264062 0.158623 0.264062
0 0.086748 0.135937 0.088310 0.135937 0.092998 0.140625 0.094560 0.140625 0.096123 0.142187 0.100810 0.142187 0.100810 0.164062 0.094560 0.164062 0.086748 0.171875 0.086748 0.176563 0.028935 0.176563 0.028935 0.171875 0.025810 0.168750 0.024248 0.168750 0.022685 0.167187 0.022685 0.165625 0.019560 0.162500 0.017998 0.162500 0.013310 0.157813 0.008623 0.157813 0.008623 0.145313 0.014873 0.145313 0.019560 0.140625 0.021123 0.140625 0.028935 0.132812 0.028935 0.128125 0.083623 0.128125 0.083623 0.132812 0.086748 0.135937
1 0.605498 0.192188 0.610185 0.192188 0.624248 0.206250 0.625810 0.206250 0.627373 0.207813 0.628935 0.207813 0.630498 0.209375 0.638310 0.209375 0.639873 0.210938 0.641435 0.210938 0.642998 0.212500 0.644560 0.212500 0.649248 0.217187 0.650810 0.217187 0.652373 0.218750 0.653935 0.218750 0.655498 0.220313 0.657060 0.220313 0.658623 0.221875 0.660185 0.221875 0.661748 0.223438 0.664873 0.223438 0.666435 0.225000 0.667998 0.225000 0.669560 0.226562 0.672685 0.226562 0.674248 0.228125 0.675810 0.228125 0.677373 0.229687 0.678935 0.229687 0.680498 0.231250 0.683623 0.231250 0.685185 0.232812 0.686748 0.232812 0.688310 0.234375 0.689873 0.234375 0.691435 0.235938 0.692998 0.235938 0.694560 0.237500 0.700810 0.237500 0.700810 0.245312 0.694560 0.245312 0.692998 0.246875 0.689873 0.246875 0.688310 0.248437 0.685185 0.248437 0.683623 0.250000 0.682060 0.250000 0.680498 0.251563 0.677373 0.251563 0.675810 0.253125 0.672685 0.253125 0.671123 0.254688 0.669560 0.254688 0.667998 0.256250 0.666435 0.256250 0.664873 0.257812 0.663310 0.257812 0.661748 0.259375 0.660185 0.259375 0.658623 0.260937 0.657060 0.260937 0.655498 0.262500 0.653935 0.262500 0.652373 0.264062 0.650810 0.264062 0.649248 0.265625 0.649248 0.270313 0.635185 0.270313 0.635185 0.264062 0.632060 0.260937 0.632060 0.259375 0.630498 0.257812 0.630498 0.256250 0.627373 0.253125 0.627373 0.251563 0.625810 0.250000 0.625810 0.248437 0.622685 0.245312 0.622685 0.243750 0.619560 0.240625 0.619560 0.239063 0.611748 0.231250 0.611748 0.229687 0.607060 0.225000 0.607060 0.223438 0.602373 0.218750 0.602373 0.217187 0.600810 0.215625 0.600810 0.214062 0.596123 0.209375 0.596123 0.207813 0.594560 0.206250 0.594560 0.204688 0.592998 0.203125 0.592998 0.201562 0.589873 0.198437 0.589873 0.196875 0.588310 0.195312 0.588310 0.193750 0.585185 0.190625 0.585185 0.184375 0.602373 0.184375 0.602373 0.189063 0.605498 0.192188
0 0.975810 0.545312 0.969560 0.551562 0.958623 0.551562 0.957060 0.553125 0.957060 0.557813 0.930498 0.557813 0.930498 0.553125 0.927373 0.550000 0.925810 0.550000 0.919560 0.543750 0.914873 0.543750 0.914873 0.521875 0.982060 0.521875 0.982060 0.545312 0.975810 0.545312
0 0.400810 0.820312 0.400810 0.814062 0.399248 0.812500 0.399248 0.809375 0.397685 0.807813 0.397685 0.803125 0.413310 0.803125 0.413310 0.820312 0.400810 0.820312
0 0.828935 0.270313 0.828935 0.262500 0.827373 0.260937 0.827373 0.257812 0.828935 0.256250 0.828935 0.246875 0.875810 0.246875 0.875810 0.270313 0.828935 0.270313
0 0.821123 0.770312 0.821123 0.746875 0.857060 0.746875 0.857060 0.770312 0.821123 0.770312
0 0.239873 0.389062 0.239873 0.381250 0.244560 0.381250 0.246123 0.379687 0.246123 0.371875 0.275810 0.371875 0.275810 0.389062 0.239873 0.389062
0 0.519560 0.185937 0.517998 0.187500 0.516435 0.187500 0.514873 0.189063 0.511748 0.189063 0.510185 0.190625 0.510185 0.195312 0.508623 0.195312 0.508623 0.190625 0.505498 0.187500 0.503935 0.187500 0.502373 0.185937 0.500810 0.185937 0.499248 0.187500 0.496123 0.187500 0.494560 0.189063 0.492998 0.189063 0.491435 0.190625 0.491435 0.195312 0.482060 0.195312 0.482060 0.190625 0.480498 0.189063 0.477373 0.189063 0.475810 0.187500 0.472685 0.187500 0.471123 0.185937 0.464873 0.185937 0.464873 0.171875 0.525810 0.171875 0.525810 0.185937 0.519560 0.185937
0 0.544560 0.489062 0.544560 0.484375 0.538310 0.478125 0.533623 0.478125 0.533623 0.471875 0.538310 0.471875 0.539873 0.470313 0.539873 0.465625 0.569560 0.465625 0.569560 0.489062 0.544560 0.489062
0 0.774248 0.264062 0.772685 0.265625 0.772685 0.270313 0.755498 0.270313 0.755498 0.265625 0.750810 0.260937 0.746123 0.260937 0.746123 0.240625 0.782060 0.240625 0.782060 0.264062 0.774248 0.264062
0 0.163310 0.782812 0.163310 0.771875 0.182060 0.771875 0.182060 0.782812 0.163310 0.782812
0 0.108623 0.695312 0.108623 0.678125 0.138310 0.678125 0.138310 0.695312 0.108623 0.695312
0 0.400810 0.289062 0.400810 0.284375 0.394560 0.278125 0.392998 0.278125 0.391435 0.276562 0.391435 0.271875 0.407060 0.271875 0.407060 0.289062 0.400810 0.289062
0 0.483623 0.832812 0.483623 0.821875 0.500810 0.821875 0.500810 0.832812 0.483623 0.832812
0 0.463310 0.331250 0.460185 0.328125 0.458623 0.328125 0.452373 0.321875 0.446123 0.321875 0.446123 0.315625 0.469560 0.315625 0.469560 0.331250 0.463310 0.331250
1 0.000000 0.468750 0.000000 0.380208 0.099248 0.390625 0.058884 0.498698 0.000000 0.468750
1 0.213831 0.552083 0.534143 0.593750 0.465134 0.679688 0.213831 0.552083
