0 0.472448 0.167496 0.469601 0.171238 0.469624 0.174952 0.468201 0.176822 0.468235 0.182391 0.466813 0.184260 0.466836 0.187971 0.463991 0.191708 0.464027 0.197272 0.456857 0.197341 0.456821 0.191777 0.455374 0.189936 0.453940 0.189950 0.452493 0.188108 0.451059 0.188122 0.443822 0.178911 0.442387 0.178925 0.439491 0.175239 0.438056 0.175253 0.436607 0.173410 0.435172 0.173423 0.432274 0.169736 0.426532 0.169791 0.426406 0.153064 0.430715 0.153023 0.433560 0.149276 0.433546 0.147416 0.434969 0.145543 0.434956 0.143682 0.439225 0.138059 0.439212 0.136198 0.440636 0.134323 0.440622 0.132461 0.442046 0.130586 0.442033 0.128724 0.444881 0.124972 0.444868 0.123109 0.446293 0.121233 0.446280 0.119370 0.447704 0.117493 0.447653 0.110038 0.476408 0.109770 0.476753 0.167455 0.472448 0.167496
0 0.296825 0.006634 0.298269 0.006621 0.299734 0.008485 0.302623 0.008460 0.304088 0.010324 0.305532 0.010311 0.306997 0.012175 0.308440 0.012162 0.311369 0.015889 0.312813 0.015876 0.315741 0.019602 0.320071 0.019564 0.320556 0.064519 0.314791 0.064571 0.311949 0.068338 0.310508 0.068351 0.309088 0.070235 0.306205 0.070261 0.304785 0.072144 0.301903 0.072170 0.300483 0.074053 0.294718 0.074106 0.293299 0.075989 0.277446 0.076134 0.276027 0.078017 0.260173 0.078162 0.258755 0.080044 0.245783 0.080163 0.244317 0.078307 0.242875 0.078321 0.237009 0.070893 0.236984 0.069023 0.235517 0.067165 0.229748 0.067218 0.229034 0.014748 0.233368 0.014709 0.237626 0.009039 0.239071 0.009026 0.240491 0.007135 0.240391 0.000000 0.295294 0.000000 0.295359 0.004769 0.296825 0.006634
0 0.511252 0.180123 0.508403 0.183862 0.508412 0.185717 0.506988 0.187586 0.505554 0.187600 0.504130 0.189468 0.502696 0.189482 0.501272 0.191351 0.501301 0.196913 0.482665 0.197092 0.482622 0.189675 0.479732 0.185992 0.479721 0.184136 0.478276 0.182295 0.478243 0.176726 0.476797 0.174884 0.472493 0.174925 0.472266 0.137749 0.476575 0.137708 0.478000 0.135834 0.477956 0.128387 0.479382 0.126512 0.479360 0.122787 0.480786 0.120911 0.480775 0.119048 0.483628 0.115295 0.483595 0.109704 0.516654 0.109396 0.516988 0.180069 0.511252 0.180123
0 0.223953 0.065400 0.221120 0.069168 0.221198 0.074779 0.219782 0.076662 0.219860 0.082271 0.218445 0.084153 0.218471 0.086022 0.217055 0.087904 0.217108 0.091641 0.215693 0.093522 0.215719 0.095390 0.214304 0.097271 0.214357 0.101006 0.212942 0.102886 0.212995 0.106619 0.211581 0.108499 0.211607 0.110365 0.210193 0.112245 0.210246 0.115976 0.208833 0.117855 0.208859 0.119720 0.207446 0.121598 0.207473 0.123463 0.200408 0.132850 0.198941 0.131000 0.196062 0.131027 0.194595 0.129177 0.194567 0.127313 0.193100 0.125462 0.191660 0.125475 0.187256 0.119921 0.187228 0.118056 0.174006 0.101379 0.173977 0.099512 0.165154 0.088382 0.160828 0.088422 0.160474 0.065979 0.164803 0.065939 0.166217 0.064054 0.166188 0.062182 0.167602 0.060297 0.167544 0.056553 0.170373 0.052781 0.170344 0.050908 0.171759 0.049021 0.171730 0.047148 0.173145 0.045261 0.173088 0.041513 0.174503 0.039625 0.174474 0.037751 0.177306 0.033975 0.177277 0.032100 0.178693 0.030211 0.178664 0.028335 0.181497 0.024558 0.181469 0.022681 0.184302 0.018902 0.184274 0.017025 0.187108 0.013245 0.187080 0.011367 0.189914 0.007586 0.189803 0.000072 0.227385 0.000000 0.228280 0.065360 0.223953 0.065400
0 0.516300 0.034669 0.514868 0.036554 0.513428 0.036567 0.511997 0.038452 0.509116 0.038478 0.507685 0.040364 0.506245 0.040377 0.501953 0.046030 0.500512 0.046043 0.499082 0.047928 0.496202 0.047954 0.494772 0.049838 0.494802 0.055450 0.481844 0.055568 0.481800 0.048084 0.470185 0.033212 0.465862 0.033251 0.465685 0.005130 0.470012 0.005092 0.471443 0.003203 0.472885 0.003190 0.475748 0.000000 0.477190 0.000000 0.480053 0.000000 0.480020 0.000000 0.521856 0.000000 0.522062 0.034617 0.516300 0.034669
0 0.452729 0.008998 0.454171 0.008985 0.459989 0.016436 0.461430 0.016423 0.462884 0.018285 0.462908 0.022034 0.464362 0.023896 0.464409 0.031390 0.465862 0.033251 0.470185 0.033212 0.470255 0.044446 0.465933 0.044485 0.463076 0.048254 0.463123 0.055738 0.444400 0.055908 0.444361 0.050295 0.442908 0.048437 0.441467 0.048450 0.440013 0.046591 0.438572 0.046605 0.437118 0.044746 0.431354 0.044798 0.429899 0.042939 0.425576 0.042978 0.424121 0.041119 0.422680 0.041132 0.421224 0.039272 0.419783 0.039285 0.418327 0.037425 0.416885 0.037438 0.413973 0.033718 0.413958 0.031844 0.412501 0.029984 0.408176 0.030023 0.408100 0.020651 0.412427 0.020612 0.413854 0.018724 0.413840 0.016849 0.415267 0.014960 0.415253 0.013085 0.419537 0.007418 0.419522 0.005541 0.420951 0.003652 0.420908 0.000000 0.448325 0.000000 0.448363 0.003408 0.452729 0.008998
0 0.734801 0.166857 0.733365 0.168726 0.733361 0.170582 0.731929 0.170595 0.730494 0.172464 0.730480 0.179882 0.717595 0.180006 0.717603 0.174442 0.716174 0.172601 0.714741 0.172614 0.713312 0.170773 0.711880 0.170786 0.707589 0.165260 0.706157 0.165274 0.704726 0.163431 0.703294 0.163445 0.701863 0.161602 0.696132 0.161657 0.696150 0.139363 0.700451 0.139323 0.701887 0.137450 0.701894 0.130011 0.740611 0.129648 0.740529 0.166803 0.734801 0.166857
0 0.509292 0.074010 0.509301 0.075878 0.510749 0.077732 0.510758 0.079600 0.512206 0.081454 0.516521 0.081414 0.516627 0.103804 0.506565 0.103897 0.505137 0.105775 0.466321 0.106135 0.464871 0.104284 0.461995 0.104310 0.460545 0.102459 0.459107 0.102472 0.457657 0.100620 0.456219 0.100633 0.456194 0.096902 0.454743 0.095050 0.454694 0.087584 0.456120 0.085704 0.456108 0.083837 0.457534 0.081956 0.457522 0.080088 0.460376 0.076326 0.460364 0.074458 0.464646 0.068813 0.466086 0.068799 0.470370 0.063152 0.470335 0.057543 0.502011 0.057254 0.502049 0.064733 0.509292 0.074010
0 0.162240 0.086539 0.162270 0.088408 0.163741 0.090264 0.163770 0.092133 0.165241 0.093988 0.165270 0.095856 0.168212 0.099565 0.168241 0.101432 0.169711 0.103286 0.169740 0.105153 0.172680 0.108860 0.177003 0.108820 0.177401 0.134930 0.171641 0.134984 0.170230 0.136861 0.165911 0.136901 0.164500 0.138778 0.157301 0.138846 0.155891 0.140722 0.148692 0.140790 0.147282 0.142666 0.141523 0.142720 0.140114 0.144597 0.134355 0.144651 0.132946 0.146527 0.121427 0.146635 0.120019 0.148511 0.084019 0.148851 0.082545 0.147002 0.081105 0.147015 0.079630 0.145166 0.079596 0.143303 0.076647 0.139603 0.076612 0.137739 0.073662 0.134038 0.073628 0.132174 0.070676 0.128471 0.070642 0.126606 0.067689 0.122902 0.063365 0.122942 0.063049 0.106142 0.067376 0.106102 0.073007 0.098576 0.074450 0.098563 0.077266 0.094799 0.078709 0.094786 0.080118 0.092904 0.081560 0.092890 0.082969 0.091008 0.084412 0.090995 0.087230 0.087229 0.088673 0.087216 0.090082 0.085333 0.092968 0.085306 0.094378 0.083423 0.095821 0.083410 0.097231 0.081527 0.097131 0.075915 0.159179 0.075347 0.159297 0.082827 0.162240 0.086539
0 0.555510 0.125800 0.556946 0.125786 0.559831 0.129482 0.559837 0.131343 0.564162 0.136885 0.568468 0.136845 0.568608 0.181431 0.532769 0.181773 0.532738 0.174350 0.529854 0.170664 0.529845 0.168808 0.526960 0.165121 0.526952 0.163263 0.525509 0.161419 0.525492 0.157703 0.524049 0.155858 0.524024 0.150282 0.522580 0.148436 0.518274 0.148477 0.518126 0.116837 0.552604 0.116515 0.552625 0.122103 0.555510 0.125800
0 0.437775 0.136211 0.433505 0.141835 0.433519 0.143696 0.432096 0.145570 0.432110 0.147430 0.430687 0.149304 0.430701 0.151163 0.429279 0.153037 0.429334 0.160473 0.390561 0.160840 0.390513 0.155263 0.386154 0.149724 0.380407 0.149778 0.380056 0.110666 0.384372 0.110626 0.385794 0.108748 0.385745 0.103152 0.441849 0.102632 0.442086 0.136171 0.437775 0.136211
0 0.767697 0.179526 0.767714 0.173964 0.766288 0.172123 0.760562 0.172177 0.759135 0.170336 0.757703 0.170350 0.756277 0.168508 0.754845 0.168522 0.751991 0.164838 0.750558 0.164852 0.749131 0.163009 0.749135 0.161153 0.747708 0.159311 0.747753 0.140736 0.749191 0.138864 0.749195 0.137005 0.750633 0.135132 0.750647 0.129554 0.780750 0.129272 0.780578 0.179403 0.767697 0.179526
0 0.579774 0.073364 0.585526 0.073311 0.585653 0.121794 0.579909 0.121848 0.578478 0.123723 0.578494 0.129307 0.568445 0.129402 0.568427 0.123817 0.566986 0.121969 0.565550 0.121982 0.564107 0.120133 0.558363 0.120187 0.556920 0.118338 0.555484 0.118351 0.552598 0.114652 0.545415 0.114719 0.543971 0.112870 0.538224 0.112923 0.536780 0.111073 0.532469 0.111113 0.531024 0.109263 0.526713 0.109303 0.525268 0.107452 0.523831 0.107466 0.522385 0.105615 0.518073 0.105655 0.517924 0.073931 0.523679 0.073878 0.526540 0.070115 0.526515 0.064509 0.578310 0.064037 0.578331 0.071509 0.579774 0.073364
1 0.836168 0.219595 0.837597 0.219581 0.846108 0.230586 0.847536 0.230572 0.858873 0.245233 0.860300 0.245219 0.861716 0.247050 0.861705 0.248896 0.878686 0.270854 0.878674 0.272696 0.884328 0.280007 0.888604 0.279965 0.887829 0.393732 0.882147 0.393791 0.880715 0.395634 0.880703 0.397463 0.872111 0.408516 0.870691 0.408531 0.866398 0.414055 0.864978 0.414070 0.862117 0.417752 0.860697 0.417767 0.857836 0.421448 0.856417 0.421463 0.854987 0.423303 0.853567 0.423318 0.852137 0.425158 0.850718 0.425173 0.849288 0.427013 0.847869 0.427028 0.846439 0.428868 0.845020 0.428882 0.842162 0.432561 0.840743 0.432576 0.839314 0.434416 0.835056 0.434460 0.832199 0.438138 0.832172 0.443609 0.817983 0.443758 0.818017 0.436464 0.815195 0.432845 0.815212 0.429195 0.813800 0.427385 0.813841 0.418257 0.812429 0.416445 0.812593 0.379875 0.811179 0.378059 0.812609 0.376213 0.812814 0.330372 0.811398 0.328550 0.811519 0.300979 0.810102 0.299154 0.810183 0.280745 0.811617 0.278889 0.811755 0.247541 0.813191 0.245681 0.813266 0.229059 0.814702 0.227197 0.814736 0.219803 0.816173 0.217940 0.816207 0.210542 0.834787 0.210362 0.834749 0.217759 0.836168 0.219595
0 0.454520 0.061427 0.458839 0.061388 0.458998 0.085677 0.454681 0.085717 0.451829 0.089477 0.451841 0.091344 0.450415 0.093224 0.448977 0.093237 0.444700 0.098874 0.443261 0.098888 0.441836 0.100767 0.427452 0.100900 0.426027 0.102779 0.426069 0.108374 0.420316 0.108427 0.420273 0.102832 0.418820 0.100980 0.408750 0.101073 0.407296 0.099221 0.402979 0.099260 0.402748 0.071248 0.407068 0.071208 0.408493 0.069326 0.408478 0.067456 0.409903 0.065574 0.409888 0.063704 0.414165 0.058054 0.414106 0.050570 0.450124 0.050243 0.450162 0.055856 0.454520 0.061427
0 0.555160 0.026828 0.555167 0.028701 0.558060 0.032420 0.562381 0.032381 0.562467 0.058574 0.556712 0.058626 0.555279 0.060509 0.552401 0.060535 0.550969 0.062417 0.549531 0.062430 0.548099 0.064312 0.548148 0.077389 0.529450 0.077561 0.529426 0.071957 0.527979 0.070102 0.526540 0.070115 0.525093 0.068260 0.506386 0.068431 0.506263 0.044120 0.512024 0.044068 0.516318 0.038413 0.517758 0.038400 0.519189 0.036515 0.520630 0.036502 0.524926 0.030846 0.526366 0.030833 0.530663 0.025174 0.530639 0.019553 0.553693 0.019346 0.553713 0.024967 0.555160 0.026828
0 0.309317 0.090791 0.310757 0.090778 0.325358 0.109309 0.325378 0.111174 0.328296 0.114877 0.332612 0.114837 0.332865 0.139059 0.327114 0.139113 0.325696 0.140988 0.325755 0.146572 0.276867 0.147033 0.276799 0.141448 0.275338 0.139599 0.268146 0.139667 0.266684 0.137818 0.243663 0.138034 0.242200 0.136185 0.235005 0.136253 0.233540 0.134403 0.229223 0.134444 0.227758 0.132594 0.223440 0.132634 0.221975 0.130784 0.213338 0.130865 0.213100 0.114084 0.217421 0.114043 0.220250 0.110285 0.220224 0.108419 0.221639 0.106539 0.221613 0.104673 0.225858 0.099032 0.225832 0.097165 0.228663 0.093403 0.230104 0.093389 0.231520 0.091508 0.234402 0.091482 0.235818 0.089600 0.238700 0.089574 0.240116 0.087692 0.240042 0.082086 0.306331 0.081477 0.306394 0.087082 0.309317 0.090791
0 0.836168 0.219595 0.837597 0.219581 0.846108 0.230586 0.847536 0.230572 0.858873 0.245233 0.860300 0.245219 0.861716 0.247050 0.861705 0.248896 0.878686 0.270854 0.878674 0.272696 0.884328 0.280007 0.888604 0.279965 0.887829 0.393732 0.882147 0.393791 0.880715 0.395634 0.880703 0.397463 0.872111 0.408516 0.870691 0.408531 0.866398 0.414055 0.864978 0.414070 0.862117 0.417752 0.860697 0.417767 0.857836 0.421448 0.856417 0.421463 0.854987 0.423303 0.853567 0.423318 0.852137 0.425158 0.850718 0.425173 0.849288 0.427013 0.847869 0.427028 0.846439 0.428868 0.845020 0.428882 0.842162 0.432561 0.840743 0.432576 0.839314 0.434416 0.835056 0.434460 0.832199 0.438138 0.832172 0.443609 0.817983 0.443758 0.818017 0.436464 0.815195 0.432845 0.815212 0.429195 0.813800 0.427385 0.813841 0.418257 0.812429 0.416445 0.812593 0.379875 0.811179 0.378059 0.812609 0.376213 0.812814 0.330372 0.811398 0.328550 0.811519 0.300979 0.810102 0.299154 0.810183 0.280745 0.811617 0.278889 0.811755 0.247541 0.813191 0.245681 0.813266 0.229059 0.814702 0.227197 0.814736 0.219803 0.816173 0.217940 0.816207 0.210542 0.834787 0.210362 0.834749 0.217759 0.836168 0.219595
0 0.512686 0.180110 0.506988 0.187586 0.505554 0.187600 0.504130 0.189468 0.502696 0.189482 0.501272 0.191351 0.501301 0.196913 0.482665 0.197092 0.482633 0.191529 0.481188 0.189688 0.481177 0.187833 0.479732 0.185992 0.479721 0.184136 0.478276 0.182295 0.478254 0.178583 0.476808 0.176740 0.472505 0.176781 0.472277 0.139610 0.476586 0.139569 0.478011 0.137695 0.477967 0.130249 0.479393 0.128374 0.479360 0.122787 0.483638 0.117158 0.483595 0.109704 0.516654 0.109396 0.516988 0.180069 0.512686 0.180110
0 0.777319 0.297642 0.711920 0.321288 0.657266 0.332560 0.640631 0.329667 0.640589 0.283660 0.656028 0.212709 0.679881 0.198591 0.725193 0.201242 0.796583 0.232917 0.798749 0.286691 0.777319 0.297642
0 0.795871 0.413573 0.764995 0.445836 0.714109 0.455490 0.653764 0.457649 0.624156 0.444284 0.614595 0.394126 0.618112 0.368136 0.656084 0.344816 0.690529 0.330692 0.721423 0.321192 0.755900 0.308588 0.785603 0.306757 0.803374 0.317302 0.805541 0.366213 0.795871 0.413573
0 0.596871 0.424789 0.583862 0.435582 0.528240 0.454420 0.498636 0.457772 0.490247 0.441132 0.525500 0.372144 0.549042 0.315266 0.585736 0.245757 0.602394 0.231731 0.631044 0.263776 0.623993 0.329835 0.596871 0.424789
0 0.522944 0.332389 0.497146 0.401445 0.474769 0.430637 0.448314 0.379049 0.446763 0.327031 0.477338 0.265294 0.516440 0.215605 0.568914 0.202749 0.585632 0.205676 0.557251 0.281416 0.522944 0.332389
0 0.364088 0.521432 0.314668 0.442981 0.245952 0.275277 0.231980 0.213727 0.403146 0.235217 0.434077 0.382252 0.364088 0.521432
0 0.264588 0.426745 0.274846 0.487504 0.151683 0.502491 0.039754 0.485457 0.037527 0.372564 0.067066 0.230775 0.160471 0.232955 0.221820 0.343105 0.264588 0.426745
0 0.874198 0.562716 0.884419 0.618288 0.880394 0.693272 0.837792 0.765383 0.806124 0.780638 0.739482 0.750149 0.703203 0.699795 0.691479 0.675978 0.725760 0.556806 0.786190 0.471421 0.835624 0.507252 0.874198 0.562716
0 0.673864 0.590549 0.677388 0.637137 0.682068 0.701535 0.682059 0.725450 0.660940 0.731668 0.639820 0.731913 0.623373 0.718659 0.589153 0.653149 0.565412 0.591752 0.547479 0.528528 0.536666 0.486222 0.589915 0.487169 0.619496 0.492917 0.643144 0.495695 0.659707 0.537893 0.673864 0.590549
0 0.544195 0.595002 0.559751 0.659485 0.566962 0.705852 0.554112 0.726934 0.531953 0.763015 0.496897 0.790246 0.473323 0.771159 0.427229 0.729900 0.392810 0.692880 0.370047 0.651123 0.389782 0.616303 0.423636 0.569183 0.465813 0.514273 0.498782 0.485109 0.519148 0.536401 0.544195 0.595002
0 0.348961 0.664881 0.328181 0.705608 0.307297 0.732788 0.270861 0.736200 0.196532 0.725095 0.137355 0.709303 0.089699 0.682847 0.043274 0.663842 0.038893 0.621733 0.033346 0.581036 0.070651 0.548856 0.133210 0.533027 0.188754 0.521815 0.250400 0.522663 0.309624 0.522022 0.341688 0.530763 0.366771 0.554697 0.361386 0.609089 0.348961 0.664881
0 0.882427 0.913012 0.871861 0.926408 0.836739 0.963638 0.797022 1.000000 0.750487 1.000000 0.678448 1.000000 0.609917 1.000000 0.561085 1.000000 0.534122 0.993889 0.504701 0.936845 0.497432 0.888188 0.502939 0.824376 0.540354 0.809069 0.586030 0.807039 0.638713 0.798979 0.706610 0.798173 0.760415 0.804964 0.802508 0.805948 0.837461 0.827791 0.862901 0.868949 0.882427 0.913012
0 0.484712 0.911997 0.492037 0.967945 0.502874 1.000000 0.497290 1.000000 0.453127 1.000000 0.364754 1.000000 0.294911 1.000000 0.238993 1.000000 0.168967 1.000000 0.090673 1.000000 0.050660 1.000000 0.051190 1.000000 0.058196 0.945327 0.083556 0.860604 0.143661 0.804855 0.199775 0.784817 0.263141 0.776612 0.327602 0.760936 0.427492 0.764241 0.460532 0.789187 0.473729 0.836605 0.484712 0.911997
0 0.132537 0.064049 0.094234 0.075318 0.079714 0.070772 0.074299 0.038029 0.076277 0.014548 0.102681 0.008049 0.144932 0.012369 0.153490 0.020116 0.167075 0.041880 0.158824 0.052885 0.132537 0.064049
0 0.826741 0.150826 0.788518 0.160469 0.781455 0.132673 0.816086 0.132348 0.816065 0.136995 0.826741 0.150826
0 0.811336 0.126196 0.794736 0.095325 0.815135 0.078049 0.830567 0.101203 0.811336 0.126196
0 0.787739 0.047180 0.798571 0.033059 0.810514 0.040744 0.821181 0.063999 0.801979 0.078170 0.787739 0.047180
0 0.779097 0.123397 0.756406 0.120510 0.758847 0.101869 0.786366 0.095402 0.794634 0.121702 0.779097 0.123397
0 0.733678 0.131573 0.716956 0.127080 0.713394 0.110050 0.725364 0.102179 0.748079 0.105072 0.748022 0.128338 0.733678 0.131573
0 0.684680 0.138231 0.672730 0.130595 0.683499 0.105672 0.703835 0.102379 0.699019 0.138096 0.684680 0.138231
0 0.689490 0.088531 0.682306 0.096365 0.671537 0.082477 0.664349 0.057646 0.687118 0.049650 0.691896 0.069848 0.689490 0.088531
0 0.724190 0.089764 0.717004 0.094491 0.699062 0.089996 0.696682 0.074471 0.702686 0.057297 0.723050 0.055555 0.726613 0.072640 0.724190 0.089764
0 0.746900 0.097321 0.733758 0.091229 0.734998 0.069454 0.750566 0.066199 0.757685 0.089455 0.746900 0.097321
0 0.786405 0.084529 0.764889 0.080064 0.758955 0.063010 0.775753 0.050404 0.793623 0.073582 0.786405 0.084529
0 0.788970 0.037822 0.768587 0.044238 0.759062 0.024059 0.779493 0.006708 0.792605 0.026877 0.788970 0.037822
0 0.754190 0.053713 0.736217 0.058548 0.726684 0.032149 0.731511 0.014944 0.757846 0.030308 0.759032 0.034974 0.754190 0.053713
0 0.717068 0.050937 0.691912 0.046492 0.693120 0.032452 0.708716 0.022952 0.721894 0.029073 0.724271 0.041524 0.717068 0.050937
