0 0.383674 0.699951 0.384178 0.739650 0.378787 0.740289 0.377009 0.742089 0.375211 0.742302 0.364550 0.753107 0.364610 0.757871 0.312488 0.764047 0.312427 0.759284 0.303339 0.752409 0.303319 0.750821 0.299685 0.748071 0.299665 0.746482 0.297847 0.745108 0.292455 0.745747 0.292314 0.734631 0.299503 0.733779 0.301280 0.731979 0.301260 0.730390 0.311922 0.719586 0.313719 0.719373 0.315497 0.717571 0.317295 0.717358 0.322626 0.711955 0.322565 0.707192
0 0.136515 0.373005 0.136576 0.377768 0.138394 0.379143 0.138414 0.380732 0.143867 0.384856 0.143887 0.386445 0.149339 0.390569 0.149359 0.392157 0.156629 0.397657 0.163819 0.396806 0.164081 0.417448 0.156892 0.418300 0.153337 0.421902 0.153398 0.426666 0.119249 0.430713 0.119188 0.425948 0.117371 0.424573 0.115574 0.424786 0.113756 0.423411 0.111958 0.423624 0.110141 0.422250 0.108345 0.422463 0.106527 0.421087 0.104729 0.421300 0.102912 0.419926 0.101114 0.420139 0.097480 0.417389 0.095682 0.417602 0.086595 0.410726 0.084797 0.410940 0.075709 0.404065 0.073913 0.404278 0.070278 0.401527 0.068480 0.401740 0.064845 0.398990 0.063048 0.399203 0.057595 0.395079 0.050407 0.395931 0.050245 0.383227
0 0.468535 0.295495 0.468595 0.300258 0.472230 0.303008 0.479419 0.302156 0.479742 0.327564 0.474351 0.328203 0.470796 0.331804 0.468999 0.332017 0.429902 0.371637 0.428104 0.371850 0.426327 0.373651 0.401165 0.376633 0.399387 0.378433 0.393996 0.379072 0.392178 0.377698 0.383192 0.378762 0.381374 0.377387 0.379577 0.377600 0.377760 0.376225 0.374166 0.376651 0.372347 0.375276 0.366956 0.375915 0.366754 0.360036 0.372146 0.359398 0.379254 0.352194 0.379234 0.350605 0.386343 0.343402 0.386322 0.341813 0.389877 0.338213 0.389856 0.336624 0.395188 0.331221 0.395168 0.329633 0.400499 0.324231 0.400479 0.322643 0.414696 0.308236 0.414615 0.301884
0 0.243547 0.296709 0.243607 0.301472 0.254512 0.309723 0.256310 0.309510 0.258128 0.310885 0.263520 0.310246 0.263802 0.332477 0.254815 0.333542 0.251262 0.337143 0.247666 0.337570 0.245890 0.339371 0.244092 0.339584 0.242315 0.341384 0.236923 0.342023 0.235146 0.343825 0.226159 0.344889 0.224382 0.346690 0.193829 0.350310 0.192011 0.348936 0.190213 0.349149 0.186579 0.346399 0.184781 0.346612 0.175693 0.339737 0.173896 0.339950 0.170261 0.337200 0.168464 0.337413 0.155741 0.327787 0.150350 0.328426 0.150310 0.325250 0.155701 0.324611 0.162810 0.317409 0.164606 0.317196 0.166384 0.315394 0.169979 0.314969 0.171755 0.313168 0.175350 0.312742 0.178905 0.309139 0.178845 0.304376
0 0.787488 0.181365 0.787548 0.186129 0.794818 0.191629 0.802008 0.190778 0.802331 0.216183 0.795141 0.217035 0.782702 0.229642 0.780904 0.229855 0.752470 0.258670 0.750672 0.258883 0.747119 0.262484 0.747139 0.264073 0.745341 0.264286 0.738233 0.271488 0.734638 0.271914 0.732862 0.273716 0.716685 0.275633 0.714867 0.274257 0.713070 0.274470 0.711253 0.273095 0.709456 0.273309 0.707639 0.271933 0.700448 0.272785 0.698631 0.271410 0.693240 0.272049 0.691422 0.270675 0.689625 0.270888 0.687807 0.269512 0.686009 0.269725 0.680557 0.265600 0.675166 0.266239 0.675105 0.261476 0.680497 0.260837 0.685828 0.255435 0.687625 0.255222 0.694734 0.248017 0.696532 0.247804 0.698308 0.246004 0.698288 0.244415 0.710729 0.231809 0.712525 0.231596 0.721411 0.222592 0.723208 0.222379 0.755197 0.189962 0.755136 0.185199
0 0.550727 0.247588 0.550787 0.252352 0.554422 0.255102 0.556219 0.254889 0.558037 0.256263 0.559834 0.256051 0.563470 0.258800 0.567065 0.258374 0.568882 0.259749 0.572476 0.259323 0.574293 0.260699 0.579686 0.260060 0.579847 0.272763 0.574455 0.273402 0.563793 0.284207 0.563853 0.288971 0.535095 0.292378 0.535035 0.287615 0.533218 0.286240 0.531421 0.286453 0.529603 0.285078 0.526008 0.285504 0.524190 0.284128 0.522394 0.284341 0.518759 0.281591 0.516962 0.281804 0.515144 0.280430 0.511549 0.280856 0.509732 0.279481 0.507934 0.279694 0.506116 0.278319 0.504320 0.278532 0.502501 0.277158 0.500705 0.277370 0.498887 0.275995 0.495293 0.276421 0.491658 0.273671 0.489860 0.273884 0.489820 0.270708 0.488002 0.269333 0.487962 0.266157 0.495071 0.258954 0.495011 0.254190
0 0.848091 0.275965 0.848152 0.280729 0.853604 0.284854 0.860793 0.284002 0.861076 0.306233 0.853886 0.307085 0.850332 0.310687 0.848535 0.310900 0.846758 0.312701 0.841366 0.313340 0.839589 0.315140 0.828805 0.316418 0.826987 0.315044 0.825210 0.316844 0.816223 0.317909 0.814446 0.319710 0.810852 0.320136 0.805521 0.325538 0.805581 0.330302 0.782216 0.333070 0.782155 0.328307 0.778520 0.325557 0.776722 0.325770 0.773088 0.323020 0.771291 0.323233 0.771270 0.321646 0.767636 0.318895 0.762244 0.319534 0.762143 0.311594 0.767535 0.310956 0.778197 0.300150 0.779994 0.299937 0.785326 0.294534 0.787123 0.294321 0.794233 0.287118 0.794172 0.282354
0 0.304269 0.683915 0.304612 0.710910 0.297423 0.711762 0.281429 0.727970 0.279631 0.728183 0.276077 0.731784 0.276138 0.736548 0.261759 0.738251 0.261699 0.733488 0.259881 0.732114 0.258084 0.732327 0.256267 0.730951 0.254469 0.731164 0.252651 0.729789 0.250854 0.730002 0.247219 0.727253 0.245422 0.727466 0.243604 0.726090 0.234618 0.727155 0.234417 0.711276 0.239808 0.710637 0.241584 0.708835 0.243382 0.708622 0.245160 0.706822 0.246957 0.706609 0.248733 0.704808 0.250531 0.704595 0.252308 0.702794 0.254106 0.702581 0.255883 0.700781 0.257680 0.700568 0.259457 0.698767 0.261255 0.698554 0.263032 0.696752 0.266626 0.696326 0.268404 0.694526 0.268323 0.688174
0 0.103212 0.726823 0.103495 0.749054 0.096305 0.749906 0.092751 0.753507 0.092812 0.758271 0.062257 0.761891 0.061873 0.731721
0 0.218644 0.744951 0.219007 0.773534 0.206425 0.775025 0.204649 0.776825 0.195662 0.777890 0.193845 0.776515 0.163291 0.780136 0.161513 0.781936 0.150729 0.783214 0.148953 0.785016 0.149013 0.789779 0.123850 0.792761 0.123749 0.784821 0.121932 0.783446 0.121589 0.756452
0 0.080234 0.335145 0.080295 0.339909 0.083930 0.342659 0.091119 0.341807 0.091543 0.375153 0.082556 0.376218 0.080779 0.378018 0.075386 0.378657 0.073610 0.380459 0.073670 0.385222 0.053901 0.387565 0.053840 0.382801 0.044752 0.375927 0.044732 0.374339 0.039279 0.370213 0.039259 0.368626 0.037442 0.367251 0.037381 0.362487 0.035564 0.361112 0.035302 0.340469
0 0.517122 0.436048 0.517283 0.448751 0.510094 0.449603 0.506539 0.453205 0.506560 0.454792 0.501228 0.460195 0.501248 0.461783 0.497695 0.465385 0.497715 0.466973 0.495917 0.467186 0.494140 0.468986 0.492343 0.469199 0.490565 0.471001 0.490625 0.475765 0.490565 0.471001 0.486931 0.468251 0.485133 0.468464 0.481498 0.465714 0.481478 0.464125 0.477843 0.461376 0.477762 0.455024 0.481316 0.451423 0.483114 0.451210 0.486669 0.447607 0.488465 0.447394 0.490242 0.445594 0.490161 0.439242
0 0.201601 0.537048 0.201864 0.557691 0.196472 0.558330 0.194695 0.560131 0.192897 0.560344 0.189344 0.563945 0.189404 0.568709 0.169633 0.571051 0.169552 0.564700 0.158647 0.556450 0.153256 0.557089 0.153074 0.542798
0 0.950979 0.581838 0.951343 0.610421 0.936964 0.612125 0.935146 0.610751 0.931551 0.611177 0.926099 0.607051 0.924303 0.607264 0.915215 0.600390 0.909822 0.601029 0.909641 0.586737
0 0.005371 0.534854 0.005431 0.539619 0.010884 0.543743 0.012681 0.543530 0.014499 0.544905 0.021688 0.544053 0.021890 0.559933 0.014701 0.560785 0.012923 0.562585 0.011126 0.562798 0.009350 0.564600 0.007552 0.564813 0.002221 0.570215 0.000423 0.570428 0.000000 0.574030 0.000000 0.578793 0.000000 0.580497 0.000000 0.574146 0.000000 0.572771 0.000000 0.571182 0.000000 0.569808 0.000000 0.570446 0.000000 0.562506 0.000000 0.561868 0.000000 0.560067 0.000000 0.556891 0.000000 0.555090 0.000000 0.550326 0.000000 0.548525 0.000000 0.545349 0.000000 0.543549 0.000000 0.537197
0 0.775693 0.386325 0.775975 0.408556 0.770584 0.409194 0.763475 0.416398 0.752690 0.417676 0.743603 0.410802 0.743583 0.409213 0.741765 0.407839 0.741725 0.404663 0.739908 0.403287 0.734516 0.403926 0.739908 0.403287 0.743462 0.399686 0.743422 0.396510 0.745199 0.394708 0.745139 0.389945
0 0.822299 0.654338 0.822481 0.668629 0.815292 0.669481 0.813514 0.671282 0.811717 0.671495 0.809941 0.673295 0.802750 0.674147 0.799116 0.671397 0.797318 0.671610 0.788232 0.664736 0.781041 0.665588 0.780960 0.659236
0 0.463686 0.480547 0.463767 0.486899 0.465584 0.488273 0.467382 0.488060 0.469200 0.489436 0.474591 0.488797 0.474894 0.512615 0.467705 0.513467 0.465927 0.515269 0.464130 0.515482 0.460576 0.519083 0.458779 0.519296 0.455224 0.522898 0.453427 0.523111 0.449873 0.526713 0.449933 0.531476 0.424771 0.534458 0.424711 0.529695 0.419258 0.525569 0.417461 0.525782 0.408373 0.518908 0.408332 0.515732 0.406515 0.514357 0.406455 0.509593 0.408231 0.507793 0.408191 0.504616 0.411746 0.501015 0.411726 0.499427 0.413503 0.497625 0.415301 0.497412 0.422409 0.490210 0.422349 0.485445
0 0.637563 0.281827 0.637724 0.294531 0.632332 0.295170 0.630555 0.296971 0.628757 0.297184 0.626981 0.298984 0.625184 0.299197 0.619852 0.304600 0.618055 0.304813 0.616278 0.306614 0.614480 0.306827 0.610926 0.310429 0.610986 0.315192 0.582230 0.318600 0.582170 0.313836 0.573082 0.306961 0.567690 0.307600 0.567468 0.290133
0 0.610237 0.539517 0.610297 0.544281 0.613933 0.547032 0.615730 0.546818 0.619365 0.549567 0.626555 0.548716 0.626918 0.577299 0.621526 0.577938 0.609086 0.590544 0.609106 0.592132 0.603775 0.597535 0.603836 0.602298 0.560699 0.607409 0.560639 0.602646 0.557005 0.599896 0.556985 0.598308 0.547897 0.591433 0.547876 0.589845 0.533336 0.578845 0.527944 0.579484 0.527803 0.568369 0.533195 0.567730 0.538526 0.562328 0.538506 0.560740 0.540284 0.558938 0.542080 0.558725 0.545635 0.555124 0.547432 0.554911 0.549210 0.553110 0.549129 0.546758
0 0.592324 0.687950 0.592525 0.703829 0.581742 0.705107 0.579964 0.706908 0.578167 0.707120 0.576349 0.705746 0.572756 0.706172 0.569121 0.703422 0.567323 0.703635 0.563688 0.700885 0.558296 0.701524 0.558175 0.691996
0 0.497814 0.616452 0.497996 0.630744 0.492603 0.631383 0.487272 0.636785 0.485475 0.636998 0.476589 0.646002 0.476609 0.647590 0.474832 0.649391 0.473035 0.649604 0.471258 0.651405 0.471319 0.656168 0.446155 0.659150 0.446095 0.654387 0.438825 0.648887 0.438805 0.647299 0.433353 0.643174 0.431555 0.643387 0.422468 0.636512 0.422448 0.634924 0.418813 0.632174 0.413421 0.632813 0.413341 0.626461
0 0.549188 0.693061 0.549491 0.716880 0.531518 0.719009 0.531457 0.714246 0.526004 0.710122 0.525984 0.708533 0.524167 0.707158 0.524026 0.696043
0 0.677868 0.620562 0.677929 0.625325 0.681564 0.628076 0.685158 0.627650 0.686975 0.629024 0.690570 0.628599 0.692388 0.629973 0.699577 0.629121 0.699840 0.649765 0.692650 0.650617 0.678433 0.665024 0.678494 0.669787 0.658724 0.672130 0.658663 0.667366 0.655027 0.664617 0.653231 0.664830 0.645961 0.659330 0.644164 0.659543 0.640529 0.656793 0.640509 0.655205 0.638691 0.653830 0.636893 0.654043 0.624171 0.644418 0.624130 0.641243 0.620496 0.638492 0.615103 0.639131 0.614962 0.628016
0 0.067912 0.781896 0.068134 0.799363 0.046566 0.801918 0.046485 0.795567 0.039215 0.790068 0.033823 0.790707 0.033762 0.785942
0 0.610237 0.539517 0.610297 0.544281 0.615751 0.548406 0.617547 0.548193 0.619365 0.549567 0.626555 0.548716 0.626918 0.577299 0.621526 0.577938 0.607309 0.592344 0.607330 0.593933 0.603775 0.597535 0.603836 0.602298 0.562497 0.607196 0.562437 0.602433 0.556985 0.598308 0.556964 0.596720 0.540606 0.584345 0.540586 0.582758 0.535134 0.578632 0.527944 0.579484 0.527803 0.568369 0.533195 0.567730 0.543858 0.556925 0.545655 0.556712 0.549210 0.553110 0.549129 0.546758
0 0.548930 0.247801 0.548991 0.252565 0.552626 0.255315 0.554422 0.255102 0.556239 0.256476 0.558037 0.256263 0.561672 0.259013 0.565267 0.258587 0.567085 0.259962 0.570678 0.259536 0.572496 0.260911 0.579686 0.260060 0.579847 0.272763 0.572658 0.273615 0.561995 0.284420 0.562056 0.289184 0.536893 0.292165 0.536833 0.287402 0.535015 0.286028 0.533218 0.286240 0.531401 0.284865 0.527806 0.285291 0.525988 0.283915 0.524190 0.284128 0.520555 0.281379 0.518759 0.281591 0.516942 0.280217 0.513347 0.280643 0.511529 0.279268 0.507934 0.279694 0.506116 0.278319 0.504320 0.278532 0.500685 0.275782 0.497090 0.276208 0.495273 0.274833 0.493475 0.275046 0.489840 0.272295 0.489739 0.264356 0.495071 0.258954 0.495011 0.254190
0 0.839589 0.315140 0.839891 0.338959 0.812932 0.342153 0.812852 0.335803 0.809215 0.333053 0.809195 0.331464 0.807378 0.330089 0.807358 0.328501 0.803723 0.325751 0.798331 0.326390 0.798250 0.320039
0 0.192530 0.366102 0.229300 0.426684 0.184535 0.445241 0.156718 0.380948
0 0.692179 0.234533 0.666220 0.231067 0.646938 0.228774 0.634494 0.240060 0.637577 0.249507 0.649439 0.250719 0.664252 0.250927 0.680516 0.248999 0.692295 0.243679 0.693683 0.236318
1 0.043050 0.253882 0.308995 0.321807 0.194621 0.469469 0.035108 0.386316
