0 0.486982 0.655958 0.493809 0.655836 0.496886 0.680701 0.488353 0.680856 0.485324 0.684026 0.485901 0.688689 0.465411 0.689062 0.464642 0.682843 0.460841 0.679796 0.459132 0.679827 0.455331 0.676779 0.453622 0.676810 0.451721 0.675285 0.450012 0.675316 0.448111 0.673792 0.446402 0.673823 0.444501 0.672298 0.442792 0.672329 0.440890 0.670804 0.435762 0.670897 0.434028 0.656898 0.439156 0.656807 0.440673 0.655221 0.440480 0.653666 0.441997 0.652080 0.443706 0.652050 0.449771 0.645709 0.449193 0.641043 0.473108 0.640624 0.473685 0.645288 0.486982 0.655958
0 0.585862 0.778636 0.590967 0.778536 0.594609 0.808012 0.587802 0.808148 0.584782 0.811319 0.584973 0.812870 0.583463 0.814456 0.583655 0.816007 0.582144 0.817593 0.580442 0.817627 0.578932 0.819213 0.579507 0.823868 0.574400 0.823971 0.573824 0.819316 0.571930 0.817798 0.568525 0.817867 0.566630 0.816349 0.564927 0.816383 0.559242 0.811830 0.557539 0.811864 0.553748 0.808828 0.552045 0.808861 0.548253 0.805825 0.547869 0.802720 0.545974 0.801202 0.540862 0.801303 0.538366 0.781120 0.543478 0.781020 0.544990 0.779434 0.544798 0.777882 0.546310 0.776296 0.545542 0.770086 0.579605 0.769425 0.580180 0.774080 0.585862 0.778636
0 0.804240 0.701495 0.803478 0.695307 0.801597 0.693791 0.800073 0.681413 0.801575 0.679835 0.801003 0.675194 0.802505 0.673616 0.802314 0.672069 0.803815 0.670491 0.803435 0.667397 0.804936 0.665819 0.804174 0.659630 0.827847 0.659207 0.832982 0.700964 0.804240 0.701495
0 0.748299 0.770807 0.753381 0.770709 0.755287 0.786187 0.748512 0.786320 0.747008 0.787902 0.745314 0.787935 0.743811 0.789517 0.744574 0.795709 0.731017 0.795977 0.730254 0.789784 0.726482 0.786754 0.724787 0.786788 0.722901 0.785272 0.721205 0.785306 0.715546 0.780760 0.713850 0.780793 0.710077 0.777762 0.707977 0.760724 0.741881 0.760069 0.742644 0.766262 0.748299 0.770807
0 0.361377 0.541144 0.360797 0.536471 0.356985 0.533410 0.341561 0.533657 0.330115 0.524471 0.329728 0.521355 0.327820 0.519823 0.326660 0.510473 0.329703 0.507302 0.331418 0.507275 0.334460 0.504105 0.333880 0.499430 0.371579 0.498847 0.376791 0.540896 0.361377 0.541144
0 0.755554 0.953735 0.762328 0.953585 0.764043 0.967507 0.758963 0.967620 0.752951 0.973960 0.753142 0.975507 0.748061 0.975621 0.746176 0.974112 0.740162 0.980453 0.740353 0.982000 0.738849 0.983585 0.739422 0.988227 0.727559 0.988495 0.726796 0.982305 0.724910 0.980795 0.723215 0.980833 0.719443 0.977814 0.717747 0.977852 0.715861 0.976342 0.715670 0.974794 0.710010 0.970264 0.704923 0.970378 0.704541 0.967281 0.709629 0.967168 0.711133 0.965582 0.710943 0.964034 0.709056 0.962524 0.703968 0.962637 0.702058 0.947154 0.752907 0.946037 0.753670 0.952225 0.755554 0.953735
0 0.605164 0.562106 0.604397 0.555898 0.600612 0.552849 0.600420 0.551297 0.598527 0.549772 0.597952 0.545115 0.609861 0.544922 0.611968 0.561994 0.605164 0.562106
0 0.375167 0.804591 0.373647 0.806182 0.368510 0.806284 0.366991 0.807874 0.361852 0.807976 0.358813 0.811157 0.359006 0.812714 0.355966 0.815895 0.354253 0.815930 0.352732 0.817520 0.353312 0.822190 0.341317 0.822431 0.340544 0.816204 0.336729 0.813159 0.336150 0.808488 0.334242 0.806965 0.334049 0.805407 0.330234 0.802361 0.329847 0.799247 0.327939 0.797723 0.326393 0.785265 0.327914 0.783675 0.327721 0.782117 0.329242 0.780526 0.328469 0.774297 0.378155 0.773333 0.382015 0.804456 0.375167 0.804591
0 0.369442 0.260089 0.376293 0.260006 0.380347 0.292730 0.375210 0.292795 0.367611 0.300695 0.365898 0.300716 0.364378 0.302296 0.342100 0.302579 0.334469 0.296429 0.334275 0.294870 0.324734 0.287181 0.323019 0.287202 0.319202 0.284126 0.317486 0.284147 0.315577 0.282608 0.313862 0.282630 0.311952 0.281091 0.305089 0.281176 0.302767 0.262456 0.307915 0.262394 0.315527 0.254492 0.314946 0.249812 0.361237 0.249260 0.361817 0.253937 0.369442 0.260089
0 0.615660 0.357175 0.608432 0.367642 0.592195 0.362679 0.574851 0.360320 0.569314 0.350019 0.577970 0.339530 0.594035 0.331538 0.602562 0.343093 0.615660 0.357175
0 0.498259 0.431460 0.476760 0.430475 0.466820 0.442308 0.450174 0.423067 0.442873 0.410179 0.465013 0.404670 0.478624 0.410970 0.486380 0.416053 0.498259 0.431460
0 0.630350 0.671807 0.612690 0.655281 0.619278 0.639616 0.628577 0.645931 0.644156 0.645656 0.654564 0.661012 0.640725 0.663849 0.630350 0.671807
0 0.808414 0.886944 0.796645 0.871688 0.794741 0.856222 0.803199 0.856047 0.815088 0.849341 0.827625 0.859416 0.824668 0.869809 0.814033 0.875199 0.808414 0.886944
0 0.458307 0.915122 0.454657 0.908707 0.453675 0.889252 0.465844 0.883803 0.480072 0.883505 0.488947 0.897594 0.474101 0.904398 0.458307 0.915122
