0 0.405750 0.843857 0.405088 0.848103 0.400299 0.851342 0.396172 0.850337 0.391095 0.882880 0.395222 0.883886 0.407926 0.903136 0.407264 0.907382 0.432026 0.913413 0.432688 0.909167 0.439074 0.904848 0.439295 0.903432 0.452066 0.894794 0.453442 0.895129 0.453663 0.893714 0.456855 0.891554 0.462358 0.892894 0.464786 0.877330 0.460660 0.876325 0.457195 0.871074 0.457416 0.869659 0.455106 0.866160 0.453730 0.865824 0.451420 0.862323 0.450044 0.861988 0.448889 0.860239 0.449772 0.854579
0 0.357325 0.074198 0.352248 0.106742 0.361878 0.109087 0.362540 0.104843 0.367329 0.101603 0.368704 0.101938 0.370301 0.100858 0.371677 0.101193 0.373273 0.100113 0.391158 0.104468 0.393144 0.091734 0.387641 0.090394 0.385331 0.086894 0.386214 0.081234
0 0.359168 0.391893 0.356298 0.410287 0.360425 0.411292 0.366200 0.420042 0.365979 0.421458 0.367356 0.421793 0.377750 0.437543 0.379126 0.437878 0.386055 0.448378 0.387431 0.448713 0.388585 0.450462 0.387702 0.456123 0.409713 0.461484 0.412362 0.444504 0.406860 0.443164 0.402240 0.436163 0.400864 0.435828 0.396245 0.428829 0.394869 0.428494 0.391404 0.423243 0.390028 0.422908 0.384254 0.414158 0.382879 0.413823 0.373639 0.399823 0.374301 0.395578
0 0.259709 0.297170 0.255956 0.321225 0.261459 0.322565 0.263769 0.326064 0.265145 0.326399 0.270919 0.335150 0.270257 0.339395 0.275760 0.340735 0.276643 0.335074 0.278240 0.333995 0.279615 0.334330 0.281211 0.333249 0.282587 0.333585 0.287376 0.330345 0.288752 0.330680 0.301524 0.322041 0.305650 0.323046 0.307858 0.308897
0 0.463170 0.164601 0.461183 0.177335 0.465311 0.178341 0.466465 0.180091 0.469216 0.180761 0.473836 0.187761 0.475212 0.188096 0.477522 0.191596 0.476860 0.195841 0.518131 0.205892 0.520559 0.190328 0.515055 0.188988 0.513901 0.187238 0.512524 0.186903 0.511370 0.185153 0.509994 0.184818 0.508839 0.183067 0.507464 0.182732 0.505154 0.179232 0.505816 0.174988
0 0.233347 0.173251 0.230698 0.190230 0.234824 0.191235 0.235980 0.192986 0.238731 0.193656 0.239887 0.195406 0.241262 0.195741 0.242417 0.197491 0.243792 0.197826 0.244947 0.199576 0.246323 0.199911 0.247478 0.201661 0.248854 0.201996 0.256938 0.214246 0.256276 0.218491 0.267282 0.221172 0.267944 0.216926 0.269540 0.215846 0.269761 0.214432 0.272954 0.212272 0.277080 0.213277 0.279950 0.194883 0.274447 0.193542 0.273293 0.191792 0.273514 0.190377 0.271204 0.186878 0.271866 0.182632
0 0.232541 0.507925 0.228347 0.534809 0.253109 0.540840 0.253772 0.536595 0.256964 0.534436 0.261092 0.535441 0.264182 0.515631
0 0.473652 0.866270 0.470561 0.886079 0.476064 0.887420 0.477219 0.889169 0.476336 0.894830 0.491469 0.898516 0.492352 0.892855 0.498737 0.888535 0.502865 0.889540 0.505293 0.873976
0 0.370583 0.465172 0.367934 0.482151 0.372062 0.483157 0.375526 0.488407 0.375305 0.489822 0.376681 0.490157 0.381300 0.497157 0.382677 0.497492 0.383832 0.499242 0.385207 0.499577 0.386363 0.501327 0.387738 0.501662 0.390048 0.505162 0.391423 0.505497 0.392578 0.507248 0.393954 0.507583 0.395109 0.509332 0.404738 0.511678 0.406335 0.510598 0.407710 0.510933 0.409307 0.509853 0.413435 0.510858 0.413876 0.508028 0.409749 0.507023 0.406284 0.501773 0.404908 0.501438 0.395669 0.487437 0.394293 0.487102 0.385053 0.473102 0.385715 0.468857
0 0.266377 0.657164 0.265715 0.661408 0.260926 0.664649 0.254047 0.662973 0.250736 0.684198 0.256238 0.685538 0.260858 0.692539 0.262233 0.692874 0.270319 0.705123 0.269656 0.709368 0.295795 0.715734 0.296678 0.710075 0.298274 0.708995 0.298495 0.707579 0.300091 0.706500 0.300312 0.705085 0.309891 0.698606 0.311266 0.698941 0.314459 0.696780 0.315834 0.697115 0.317431 0.696036 0.321558 0.697041 0.324648 0.677231 0.320521 0.676226 0.319366 0.674476 0.320028 0.670231
0 0.437640 0.657752 0.434550 0.677561 0.438677 0.678566 0.440987 0.682066 0.440325 0.686312 0.458209 0.690667 0.459092 0.685008 0.462284 0.682848 0.466411 0.683853 0.469281 0.665458
0 0.576707 0.791496 0.573395 0.812720 0.591280 0.817076 0.591942 0.812831 0.595134 0.810671 0.600638 0.812012 0.602845 0.797862
0 0.415616 0.176519 0.413187 0.192084 0.420066 0.193759 0.421221 0.195509 0.423972 0.196179 0.425127 0.197928 0.426503 0.198263 0.427657 0.200014 0.430410 0.200684 0.431564 0.202434 0.435692 0.203440 0.436846 0.205189 0.440973 0.206194 0.442128 0.207945 0.462764 0.212971 0.464360 0.211890 0.465735 0.212225 0.470525 0.208985 0.470966 0.206156 0.469590 0.205821 0.467280 0.202320 0.465905 0.201985 0.463595 0.198485 0.462220 0.198150 0.457599 0.191150 0.458262 0.186905
0 0.400951 0.490193 0.399626 0.498683 0.403753 0.499688 0.410683 0.510188 0.412059 0.510523 0.413214 0.512274 0.414589 0.512608 0.415745 0.514358 0.417120 0.514693 0.418275 0.516443 0.419651 0.516778 0.420805 0.518528 0.422181 0.518863 0.423337 0.520614 0.426088 0.521284 0.427243 0.523033 0.429994 0.523704 0.431148 0.525453 0.433900 0.526123 0.435055 0.527874 0.436431 0.528209 0.438741 0.531709 0.440116 0.532044 0.441272 0.533794 0.440389 0.539454 0.458272 0.543810 0.458935 0.539565 0.460530 0.538485 0.466034 0.539825 0.468462 0.524260 0.462959 0.522920 0.461804 0.521170 0.460428 0.520834 0.459274 0.519085 0.456522 0.518415 0.455368 0.516664 0.447113 0.514654 0.444804 0.511155 0.442052 0.510485 0.440897 0.508734 0.438146 0.508064 0.436990 0.506314 0.432864 0.505309 0.430554 0.501809 0.431216 0.497564
0 0.273901 0.059754 0.270810 0.079564 0.274938 0.080569 0.276092 0.082319 0.277467 0.082654 0.287862 0.098404 0.287642 0.099819 0.288796 0.101569 0.291548 0.102239 0.292703 0.103990 0.296829 0.104995 0.298426 0.103915 0.299802 0.104250 0.302994 0.102090 0.303215 0.100674 0.304812 0.099595 0.305254 0.096765 0.306850 0.095685 0.307292 0.092856 0.308888 0.091775 0.313014 0.092780 0.315222 0.078631 0.311095 0.077626 0.309941 0.075876 0.311045 0.068801
0 0.342655 0.781490 0.341992 0.785735 0.335606 0.790054 0.334231 0.789719 0.332634 0.790800 0.331258 0.790465 0.326470 0.793704 0.325093 0.793369 0.323497 0.794449 0.322121 0.794114 0.320524 0.795194 0.319149 0.794859 0.317552 0.795939 0.313426 0.794934 0.309452 0.820403 0.314955 0.821743 0.317265 0.825244 0.318641 0.825579 0.319795 0.827329 0.321172 0.827664 0.322326 0.829414 0.325077 0.830084 0.326232 0.831833 0.327608 0.832168 0.328763 0.833919 0.330139 0.834254 0.331294 0.836005 0.332669 0.836339 0.333825 0.838089 0.335200 0.838424 0.336355 0.840174 0.337731 0.840509 0.338885 0.842259 0.343013 0.843264 0.344168 0.845014 0.349670 0.846354 0.350825 0.848105 0.350163 0.852349 0.355666 0.853689 0.356328 0.849445 0.357925 0.848365 0.360676 0.849035 0.362272 0.847955 0.363648 0.848290 0.365244 0.847210 0.366620 0.847545 0.380988 0.837826 0.382363 0.838161 0.387153 0.834922 0.391280 0.835927 0.394592 0.814702 0.390464 0.813697 0.385844 0.806697 0.384468 0.806362 0.383314 0.804612 0.381939 0.804277 0.380783 0.802527 0.379408 0.802192 0.375943 0.796942 0.374566 0.796607 0.373412 0.794857 0.374295 0.789197
0 0.649092 0.245133 0.648430 0.249378 0.646834 0.250458 0.644082 0.249788 0.642486 0.250867 0.638359 0.249862 0.636763 0.250942 0.634011 0.250272 0.632415 0.251353 0.629663 0.250682 0.628067 0.251762 0.625315 0.251092 0.622123 0.253252 0.620747 0.252917 0.611168 0.259396 0.610947 0.260811 0.609351 0.261891 0.609130 0.263305 0.607534 0.264386 0.609844 0.267886 0.611219 0.268221 0.612374 0.269971 0.615126 0.270642 0.616280 0.272391 0.620408 0.273396 0.621562 0.275146 0.627066 0.276486 0.628220 0.278237 0.633723 0.279577 0.634878 0.281327 0.640381 0.282668 0.641536 0.284417 0.644287 0.285087 0.645442 0.286838 0.648193 0.287508 0.649348 0.289257 0.656226 0.290932 0.657382 0.292682 0.660133 0.293352 0.661288 0.295103 0.664039 0.295773 0.665194 0.297523 0.667946 0.298193 0.669100 0.299943 0.677355 0.301953 0.678510 0.303704 0.686764 0.305714 0.687918 0.307464 0.692046 0.308469 0.693201 0.310219 0.700079 0.311895 0.701234 0.313644 0.705361 0.314649 0.706517 0.316399 0.709267 0.317069 0.710423 0.318820 0.713174 0.319490 0.714329 0.321239 0.717080 0.321909 0.718235 0.323660 0.726489 0.325670 0.727644 0.327420 0.734523 0.329095 0.735677 0.330845 0.739805 0.331851 0.740959 0.333601 0.750589 0.335947 0.751745 0.337696 0.757248 0.339036 0.758402 0.340787 0.761153 0.341457 0.762308 0.343206 0.766436 0.344212 0.767590 0.345962 0.771717 0.346967 0.772873 0.348717 0.782502 0.351062 0.783658 0.352812 0.787784 0.353817 0.788939 0.355567 0.791691 0.356238 0.792846 0.357987 0.799724 0.359662 0.800879 0.361413 0.805006 0.362418 0.806161 0.364169 0.807536 0.364503 0.808692 0.366253 0.811443 0.366923 0.812598 0.368674 0.823603 0.371354 0.826797 0.369194 0.827017 0.367779 0.831806 0.364539 0.835933 0.365544 0.837699 0.354224 0.832196 0.352884 0.831042 0.351134 0.829666 0.350799 0.827356 0.347299 0.824604 0.346629 0.823450 0.344879 0.822075 0.344544 0.820919 0.342794 0.819543 0.342459 0.817234 0.338959 0.815858 0.338624 0.814703 0.336874 0.813327 0.336539 0.812172 0.334789 0.810797 0.334454 0.808487 0.330954 0.807111 0.330619 0.805956 0.328868 0.803205 0.328198 0.802049 0.326448 0.800674 0.326113 0.798364 0.322613 0.796989 0.322278 0.795833 0.320529 0.794457 0.320194 0.793303 0.318443 0.790552 0.317773 0.789397 0.316023 0.788021 0.315688 0.786866 0.313938 0.785490 0.313603 0.784336 0.311854 0.781584 0.311183 0.780429 0.309433 0.779054 0.309098 0.777899 0.307347 0.776522 0.307012 0.775368 0.305263 0.773992 0.304927 0.772837 0.303177 0.770086 0.302507 0.768930 0.300757 0.767555 0.300422 0.766401 0.298673 0.763649 0.298003 0.762494 0.296252 0.761118 0.295917 0.759963 0.294167 0.757212 0.293497 0.756057 0.291747 0.753306 0.291077 0.752151 0.289327 0.749399 0.288657 0.748244 0.286907 0.745493 0.286237 0.744338 0.284486 0.738835 0.283146 0.737681 0.281396 0.732178 0.280056 0.731023 0.278307 0.728271 0.277636 0.727117 0.275886 0.722989 0.274881 0.721834 0.273131 0.716331 0.271791 0.715177 0.270041 0.711050 0.269035 0.709895 0.267285 0.703016 0.265610 0.701861 0.263860 0.697734 0.262855 0.696579 0.261105 0.697241 0.256860
0 0.462760 0.094002 0.461436 0.102492 0.465562 0.103497 0.466718 0.105247 0.468093 0.105582 0.469248 0.107332 0.470623 0.107667 0.471779 0.109417 0.473155 0.109752 0.474309 0.111502 0.477061 0.112173 0.478216 0.113922 0.479592 0.114257 0.480746 0.116008 0.482122 0.116343 0.483277 0.118093 0.484653 0.118428 0.485808 0.120178 0.489935 0.121183 0.491089 0.122933 0.493841 0.123603 0.494996 0.125353 0.497747 0.126023 0.498903 0.127773 0.500278 0.128108 0.501433 0.129858 0.504185 0.130529 0.505339 0.132278 0.508091 0.132948 0.509245 0.134698 0.511997 0.135369 0.513152 0.137119 0.522781 0.139464 0.524378 0.138384 0.525754 0.138719 0.530543 0.135479 0.534670 0.136484 0.535111 0.133655 0.530985 0.132650 0.529830 0.130900 0.528454 0.130565 0.527299 0.128815 0.525923 0.128480 0.524768 0.126729 0.523393 0.126394 0.522237 0.124644 0.519486 0.123974 0.518332 0.122224 0.515580 0.121554 0.514426 0.119804 0.511673 0.119133 0.510519 0.117384 0.509143 0.117049 0.507988 0.115298 0.506613 0.114963 0.505458 0.113214 0.501331 0.112209 0.500176 0.110459 0.496048 0.109454 0.494894 0.107703 0.493517 0.107368 0.492363 0.105619 0.493025 0.101373
0 0.817931 0.380253 0.816827 0.387329 0.822330 0.388669 0.824640 0.392168 0.826015 0.392503 0.827171 0.394253 0.829922 0.394924 0.831077 0.396673 0.833829 0.397343 0.834983 0.399094 0.837735 0.399764 0.838889 0.401514 0.841641 0.402185 0.842796 0.403934 0.845547 0.404604 0.846702 0.406355 0.849454 0.407025 0.850608 0.408774 0.861614 0.411455 0.862769 0.413204 0.873774 0.415885 0.875761 0.403150 0.870259 0.401810 0.866794 0.396561 0.867456 0.392315
0 0.545794 0.120101 0.545132 0.124345 0.546287 0.126095 0.547662 0.126430 0.548817 0.128180 0.551569 0.128850 0.552723 0.130600 0.554099 0.130936 0.555255 0.132685 0.558006 0.133355 0.559161 0.135106 0.558498 0.139351 0.579133 0.144377 0.581562 0.128812
0 0.285329 0.608906 0.278928 0.649939 0.284430 0.651279 0.287896 0.656530 0.289271 0.656865 0.290426 0.658616 0.291802 0.658951 0.292956 0.660700 0.295707 0.661370 0.296863 0.663120 0.302366 0.664460 0.303521 0.666211 0.302859 0.670455 0.308361 0.671795 0.309023 0.667551 0.310620 0.666470 0.311995 0.666805 0.313592 0.665726 0.314968 0.666061 0.329335 0.656341 0.330712 0.656677 0.340289 0.650197 0.340510 0.648782 0.342107 0.647703 0.346234 0.648708 0.347117 0.643048 0.342990 0.642043 0.341834 0.640293 0.342055 0.638877 0.339746 0.635377 0.339967 0.633963 0.337657 0.630463 0.336281 0.630128 0.335127 0.628377 0.335347 0.626963 0.334192 0.625213 0.334854 0.620968
1 0.369001 0.264794 0.776573 0.466871 0.758259 0.500354 0.651801 0.534398 0.555221 0.528011 0.490979 0.505021 0.459205 0.487490 0.417212 0.451560 0.373350 0.389472 0.357921 0.328189
1 0.298121 0.215709 0.287718 0.198488 0.302408 0.165347 0.318102 0.141019 0.332595 0.139653 0.419851 0.182936 0.423332 0.191127 0.438095 0.203290 0.450520 0.207540 0.471340 0.211387 0.482436 0.216538 0.615222 0.280700 0.617926 0.286255 0.586720 0.333732 0.576714 0.352102
1 0.619624 0.282997 0.613015 0.294850 0.607369 0.308162 0.597179 0.327712 0.582403 0.346144 0.578823 0.353841 0.866262 0.502179 0.878376 0.485547 0.906229 0.451941 0.915455 0.430932 0.871807 0.405614 0.872997 0.413248 0.863641 0.412194 0.845851 0.404189 0.825171 0.391809 0.824946 0.385633
1 0.919262 0.429412 0.916461 0.439746 0.909300 0.455136 0.898331 0.472048 0.881079 0.491101 0.870805 0.495942 0.983139 0.553900 0.981254 0.459198
0 0.288931 0.723871 0.310429 0.730968 0.317013 0.740941 0.317949 0.752331 0.311463 0.759121 0.298288 0.762423 0.279714 0.759761 0.267206 0.752994 0.266549 0.739812 0.273626 0.735024 0.283735 0.728186
0 0.419523 0.466418 0.430601 0.476557 0.444152 0.488228 0.472374 0.504403 0.512201 0.521544 0.538788 0.530809 0.553599 0.534416 0.547984 0.541419 0.530141 0.539864 0.502263 0.533075 0.469857 0.520532 0.420179 0.479598
0 0.750374 0.513514 0.757171 0.510520 0.766755 0.512855 0.776230 0.521673 0.790481 0.528864 0.815046 0.539497 0.844978 0.550508 0.881599 0.565008 0.891215 0.572929 0.881665 0.576185 0.869468 0.573215 0.850582 0.566753 0.834449 0.560035 0.819327 0.552630 0.794622 0.542893 0.772811 0.532001
0 0.768777 0.511486 0.767873 0.505686 0.776100 0.499318 0.783070 0.501016 0.794008 0.512051 0.798956 0.515116 0.841396 0.532893 0.870769 0.547487 0.879760 0.547818 0.885126 0.548195 0.891990 0.556376 0.887387 0.562697 0.875501 0.563522 0.843935 0.545603 0.823866 0.535134 0.796267 0.526553 0.777069 0.516296
0 0.612159 0.221358 0.603918 0.219351 0.599820 0.222123 0.601703 0.225723 0.612014 0.230118 0.620159 0.232731 0.623102 0.233448 0.622985 0.230278 0.618559 0.227314
0 0.610182 0.218363 0.611665 0.220609 0.619642 0.228206 0.629365 0.232461 0.636426 0.234180 0.641135 0.235327 0.636289 0.227235 0.631464 0.222918 0.616728 0.215558 0.609667 0.213839
