0 0.228125 0.484375 0.228125 0.512500 0.234375 0.512500 0.240625 0.518750 0.242188 0.518750 0.246875 0.523438 0.248438 0.523438 0.250000 0.525000 0.251563 0.525000 0.253125 0.526563 0.256250 0.526563 0.257812 0.528125 0.257812 0.532813 0.259375 0.532813 0.259375 0.528125 0.262500 0.525000 0.265625 0.525000 0.267188 0.523438 0.268750 0.523438 0.270313 0.521875 0.271875 0.521875 0.273438 0.520312 0.275000 0.520312 0.276562 0.518750 0.278125 0.518750 0.281250 0.515625 0.282813 0.515625 0.284375 0.514062 0.289062 0.514062 0.289062 0.503125 0.282813 0.503125 0.279687 0.500000 0.278125 0.500000 0.273438 0.495312 0.271875 0.495312 0.265625 0.489063 0.265625 0.484375
0 0.171875 0.784375 0.171875 0.812500 0.178125 0.812500 0.189062 0.823438 0.189062 0.825000 0.190625 0.825000 0.193750 0.828125 0.193750 0.832812 0.212500 0.832812 0.212500 0.828125 0.221875 0.818750 0.226562 0.818750 0.226562 0.784375
0 0.321875 0.678125 0.321875 0.703125 0.326562 0.703125 0.328125 0.704688 0.329688 0.704688 0.332813 0.707812 0.332813 0.709375 0.337500 0.714063 0.337500 0.720313 0.359375 0.720313 0.359375 0.714063 0.362500 0.710938 0.362500 0.707812 0.364063 0.706250 0.364063 0.704688 0.365625 0.703125 0.370312 0.703125 0.370312 0.690625 0.365625 0.690625 0.362500 0.687500 0.362500 0.684375 0.360938 0.682813 0.360938 0.678125
0 0.825000 0.315625 0.825000 0.321875 0.823438 0.323437 0.821875 0.323437 0.818750 0.326562 0.817187 0.326562 0.814063 0.329688 0.809375 0.329688 0.809375 0.356250 0.814063 0.356250 0.815625 0.357812 0.817187 0.357812 0.818750 0.359375 0.820312 0.359375 0.821875 0.360938 0.823438 0.360938 0.825000 0.362500 0.829688 0.362500 0.834375 0.367188 0.835938 0.367188 0.837500 0.368750 0.839063 0.368750 0.840625 0.370312 0.848437 0.370312 0.850000 0.371875 0.850000 0.376563 0.853125 0.376563 0.853125 0.371875 0.854688 0.370312 0.857812 0.370312 0.859375 0.368750 0.862500 0.368750 0.867188 0.364063 0.868750 0.364063 0.873437 0.359375 0.875000 0.359375 0.882812 0.351562 0.889062 0.351562 0.889062 0.331250 0.882812 0.331250 0.878125 0.326562 0.876563 0.326562 0.871875 0.321875 0.871875 0.315625
0 0.784375 0.709375 0.784375 0.714063 0.782813 0.715625 0.778125 0.715625 0.778125 0.793750 0.784375 0.793750 0.787500 0.796875 0.787500 0.801562 0.807813 0.801562 0.807813 0.796875 0.815625 0.789062 0.815625 0.787500 0.821875 0.781250 0.821875 0.779687 0.825000 0.776563 0.825000 0.775000 0.828125 0.771875 0.828125 0.770312 0.832812 0.765625 0.832812 0.764062 0.834375 0.762500 0.834375 0.760938 0.837500 0.757812 0.837500 0.756250 0.840625 0.753125 0.840625 0.751563 0.845313 0.746875 0.845313 0.745313 0.851562 0.739062 0.851562 0.737500 0.857812 0.731250 0.864062 0.731250 0.864062 0.709375
0 0.828125 0.428125 0.828125 0.434375 0.826562 0.435937 0.825000 0.435937 0.823438 0.437500 0.821875 0.437500 0.820312 0.439063 0.815625 0.439063 0.815625 0.460938 0.821875 0.460938 0.826562 0.465625 0.826562 0.470313 0.848437 0.470313 0.848437 0.465625 0.857812 0.456250 0.859375 0.456250 0.865625 0.450000 0.867188 0.450000 0.871875 0.445312 0.876563 0.445312 0.876563 0.437500 0.870313 0.437500 0.868750 0.435937 0.868750 0.434375 0.867188 0.432812 0.867188 0.428125
0 0.723437 0.546875 0.723437 0.553125 0.721875 0.554688 0.715625 0.554688 0.715625 0.575000 0.721875 0.575000 0.725000 0.578125 0.726562 0.578125 0.728125 0.579688 0.729688 0.579688 0.732812 0.582812 0.734375 0.582812 0.739062 0.587500 0.740625 0.587500 0.745313 0.592187 0.746875 0.592187 0.748437 0.593750 0.750000 0.593750 0.751563 0.595313 0.768750 0.595313 0.770312 0.593750 0.775000 0.593750 0.776563 0.592187 0.778125 0.592187 0.781250 0.589063 0.782813 0.589063 0.790625 0.581250 0.792188 0.581250 0.795312 0.578125 0.801562 0.578125 0.801562 0.562500 0.795312 0.562500 0.787500 0.554688 0.785937 0.554688 0.784375 0.553125 0.784375 0.546875
0 0.364063 0.284375 0.364063 0.289062 0.357812 0.295312 0.356250 0.295312 0.350000 0.301563 0.348438 0.301563 0.328125 0.321875 0.328125 0.323437 0.321875 0.329688 0.315625 0.329688 0.315625 0.360938 0.321875 0.360938 0.332813 0.371875 0.334375 0.371875 0.339062 0.376563 0.340625 0.376563 0.343750 0.379688 0.345313 0.379688 0.346875 0.381250 0.348438 0.381250 0.350000 0.382812 0.351562 0.382812 0.354687 0.385937 0.356250 0.385937 0.357812 0.387500 0.359375 0.387500 0.362500 0.390625 0.362500 0.395313 0.373437 0.395313 0.373437 0.390625 0.375000 0.389062 0.375000 0.387500 0.376563 0.385937 0.376563 0.367188 0.378125 0.365625 0.378125 0.356250 0.379688 0.354687 0.379688 0.346875 0.381250 0.345313 0.381250 0.337500 0.382812 0.335938 0.382812 0.326562 0.384375 0.325000 0.384375 0.320312 0.385937 0.318750 0.385937 0.315625 0.387500 0.314063 0.387500 0.309375 0.389062 0.307812 0.389062 0.303125 0.390625 0.301563 0.395313 0.301563 0.395313 0.292187 0.390625 0.292187 0.389062 0.290625 0.389062 0.284375
0 0.446875 0.403125 0.446875 0.431250 0.453125 0.431250 0.456250 0.434375 0.456250 0.439063 0.470313 0.439063 0.470313 0.434375 0.473438 0.431250 0.475000 0.431250 0.482812 0.423438 0.484375 0.423438 0.487500 0.420312 0.487500 0.417187 0.489063 0.415625 0.489063 0.414062 0.487500 0.412500 0.487500 0.403125
0 0.009375 0.496875 0.009375 0.517188 0.014063 0.517188 0.015625 0.518750 0.017188 0.518750 0.018750 0.520312 0.020313 0.520312 0.028125 0.528125 0.028125 0.532813 0.059375 0.532813 0.059375 0.526563 0.062500 0.523438 0.062500 0.518750 0.060937 0.517188 0.060937 0.515625 0.059375 0.514062 0.057813 0.514062 0.053125 0.509375 0.051562 0.509375 0.046875 0.504687 0.045312 0.504687 0.043750 0.503125 0.043750 0.496875
0 0.846875 0.465625 0.846875 0.484375 0.853125 0.484375 0.864062 0.495312 0.864062 0.501563 0.892188 0.501563 0.892188 0.496875 0.895312 0.493750 0.901563 0.493750 0.901563 0.465625
0 0.553125 0.296875 0.553125 0.342187 0.559375 0.342187 0.564063 0.346875 0.565625 0.346875 0.567187 0.348438 0.568750 0.348438 0.570312 0.350000 0.571875 0.350000 0.573438 0.351562 0.576562 0.351562 0.578125 0.353125 0.578125 0.357812 0.578125 0.353125 0.579688 0.351562 0.582812 0.351562 0.584375 0.350000 0.587500 0.350000 0.593750 0.343750 0.595313 0.343750 0.598437 0.340625 0.598437 0.339062 0.601562 0.335938 0.603125 0.335938 0.604688 0.334375 0.604688 0.332813 0.610938 0.326562 0.610938 0.325000 0.615625 0.320312 0.620313 0.320312 0.620313 0.304688 0.615625 0.304688 0.614062 0.303125 0.614062 0.296875
0 0.229687 0.628125 0.229687 0.632812 0.226562 0.635938 0.225000 0.635938 0.220312 0.640625 0.218750 0.640625 0.217188 0.642188 0.215625 0.642188 0.214062 0.643750 0.212500 0.643750 0.209375 0.646875 0.207813 0.646875 0.206250 0.648438 0.204687 0.648438 0.203125 0.650000 0.201563 0.650000 0.200000 0.651563 0.198437 0.651563 0.196875 0.653125 0.195312 0.653125 0.193750 0.654687 0.190625 0.654687 0.189062 0.656250 0.187500 0.656250 0.185938 0.657813 0.178125 0.657813 0.178125 0.668750 0.184375 0.668750 0.185938 0.670312 0.187500 0.670312 0.190625 0.673438 0.192188 0.673438 0.193750 0.675000 0.195312 0.675000 0.198437 0.678125 0.198437 0.682813 0.232813 0.682813 0.232813 0.678125 0.235937 0.675000 0.237500 0.675000 0.253125 0.659375 0.254688 0.659375 0.265625 0.648438 0.270313 0.648438 0.270313 0.628125
0 0.234375 0.253125 0.234375 0.289062 0.256250 0.289062 0.256250 0.284375 0.259375 0.281250 0.260937 0.281250 0.262500 0.279687 0.265625 0.279687 0.268750 0.276562 0.270313 0.276562 0.271875 0.275000 0.276562 0.275000 0.276562 0.265625 0.270313 0.265625 0.267188 0.262500 0.264062 0.262500 0.259375 0.257812 0.259375 0.253125
0 0.771875 0.196875 0.771875 0.218750 0.781250 0.218750 0.782813 0.220312 0.784375 0.218750 0.785937 0.218750 0.789062 0.215625 0.792188 0.215625 0.793750 0.214062 0.796875 0.214062 0.798438 0.212500 0.801562 0.212500 0.803125 0.210938 0.807813 0.210938 0.807813 0.196875
0 0.184375 0.528125 0.184375 0.553125 0.190625 0.553125 0.192188 0.554688 0.193750 0.554688 0.198437 0.559375 0.200000 0.559375 0.203125 0.562500 0.204687 0.562500 0.212500 0.570312 0.212500 0.576562 0.225000 0.576562 0.225000 0.571875 0.226562 0.570312 0.228125 0.570312 0.231250 0.567187 0.232813 0.567187 0.234375 0.565625 0.235937 0.565625 0.243750 0.557813 0.243750 0.556250 0.246875 0.553125 0.251563 0.553125 0.251563 0.546875 0.245312 0.546875 0.243750 0.545312 0.243750 0.543750 0.237500 0.537500 0.235937 0.537500 0.231250 0.532813 0.231250 0.528125
0 0.653125 0.703125 0.653125 0.725000 0.657813 0.725000 0.660937 0.728125 0.660937 0.740625 0.662500 0.742188 0.662500 0.746875 0.665625 0.750000 0.670312 0.750000 0.675000 0.745313 0.675000 0.743750 0.678125 0.740625 0.682813 0.740625 0.682813 0.721875 0.676562 0.721875 0.673438 0.718750 0.673438 0.717187 0.665625 0.709375 0.665625 0.703125
0 0.234375 0.846875 0.234375 0.870313 0.254688 0.870313 0.256250 0.868750 0.257812 0.868750 0.259375 0.867188 0.264062 0.867188 0.264062 0.846875
0 0.740625 0.896875 0.740625 0.920312 0.767188 0.920312 0.767188 0.915625 0.768750 0.914062 0.768750 0.912500 0.771875 0.909375 0.776563 0.909375 0.771875 0.909375 0.768750 0.906250 0.768750 0.904687 0.767188 0.903125 0.767188 0.896875
0 0.146875 0.565625 0.146875 0.570312 0.145313 0.571875 0.140625 0.571875 0.140625 0.598437 0.145313 0.598437 0.146875 0.600000 0.148438 0.600000 0.153125 0.604688 0.154688 0.604688 0.159375 0.609375 0.160938 0.609375 0.162500 0.610938 0.165625 0.610938 0.167187 0.612500 0.178125 0.612500 0.181250 0.609375 0.182812 0.609375 0.187500 0.604688 0.187500 0.603125 0.190625 0.600000 0.192188 0.600000 0.201563 0.590625 0.207813 0.590625 0.207813 0.575000 0.201563 0.575000 0.196875 0.570312 0.196875 0.565625
0 0.259375 0.740625 0.259375 0.745313 0.257812 0.746875 0.253125 0.746875 0.253125 0.771875 0.259375 0.771875 0.271875 0.784375 0.271875 0.789062 0.292187 0.789062 0.292187 0.784375 0.295312 0.781250 0.295312 0.779687 0.296875 0.778125 0.296875 0.776563 0.301563 0.771875 0.301563 0.770312 0.312500 0.759375 0.312500 0.757812 0.314063 0.756250 0.314063 0.754687 0.315625 0.753125 0.320312 0.753125 0.320312 0.740625
0 0.879687 0.540625 0.879687 0.548438 0.878125 0.550000 0.878125 0.553125 0.873437 0.557813 0.871875 0.557813 0.865625 0.564063 0.859375 0.564063 0.859375 0.571875 0.864062 0.571875 0.865625 0.573438 0.867188 0.573438 0.868750 0.575000 0.870313 0.575000 0.871875 0.576562 0.873437 0.575000 0.878125 0.575000 0.879687 0.573438 0.881250 0.573438 0.882812 0.571875 0.884375 0.571875 0.885938 0.570312 0.885938 0.568750 0.887500 0.567187 0.889062 0.567187 0.896875 0.559375 0.898438 0.559375 0.900000 0.557813 0.900000 0.550000 0.898438 0.548438 0.898438 0.540625
0 0.796875 0.890625 0.796875 0.906250 0.804688 0.906250 0.807813 0.909375 0.807813 0.914062 0.815625 0.914062 0.815625 0.909375 0.818750 0.906250 0.818750 0.904687 0.821875 0.901563 0.826562 0.901563 0.826562 0.890625
0 0.978125 0.234375 0.978125 0.268750 0.982812 0.268750 0.984375 0.270313 0.985938 0.270313 0.987500 0.271875 0.987500 0.276562 0.998437 0.276562 0.998437 0.234375
0 0.146875 0.409375 0.146875 0.428125 0.153125 0.428125 0.154688 0.429688 0.156250 0.429688 0.170313 0.443750 0.171875 0.443750 0.173437 0.445312 0.175000 0.445312 0.176563 0.446875 0.178125 0.446875 0.179688 0.448437 0.195312 0.448437 0.196875 0.450000 0.212500 0.450000 0.214062 0.448437 0.220312 0.448437 0.223438 0.445312 0.225000 0.445312 0.226562 0.443750 0.228125 0.443750 0.231250 0.440625 0.232813 0.440625 0.239063 0.434375 0.245312 0.434375 0.245312 0.418750 0.239063 0.418750 0.237500 0.417187 0.234375 0.417187 0.232813 0.415625 0.229687 0.415625 0.228125 0.414062 0.228125 0.409375
0 0.003125 0.628125 0.003125 0.657813 0.007812 0.657813 0.007812 0.653125 0.010937 0.650000 0.012500 0.650000 0.014063 0.648438 0.015625 0.648438 0.017188 0.646875 0.018750 0.646875 0.021875 0.643750 0.026562 0.643750 0.026562 0.628125
0 0.345313 0.440625 0.345313 0.445312 0.339062 0.451562 0.337500 0.451562 0.334375 0.454688 0.334375 0.456250 0.331250 0.459375 0.331250 0.460938 0.326562 0.465625 0.321875 0.465625 0.321875 0.514062 0.337500 0.514062 0.337500 0.509375 0.340625 0.506250 0.340625 0.504687 0.346875 0.498437 0.346875 0.496875 0.353125 0.490625 0.354687 0.490625 0.359375 0.485938 0.360938 0.485938 0.362500 0.484375 0.364063 0.484375 0.370312 0.478125 0.371875 0.478125 0.376563 0.473438 0.378125 0.473438 0.379688 0.471875 0.381250 0.471875 0.382812 0.470313 0.384375 0.470313 0.385937 0.468750 0.387500 0.468750 0.389062 0.467187 0.390625 0.467187 0.392188 0.465625 0.393750 0.465625 0.396875 0.462500 0.398438 0.462500 0.401562 0.459375 0.403125 0.459375 0.406250 0.456250 0.407813 0.456250 0.409375 0.454688 0.410938 0.454688 0.412500 0.453125 0.414062 0.453125 0.415625 0.451562 0.417187 0.451562 0.417187 0.448437 0.418750 0.446875 0.418750 0.440625
0 0.890625 0.684375 0.890625 0.717187 0.895312 0.717187 0.901563 0.723437 0.901563 0.725000 0.903125 0.726562 0.907813 0.726562 0.910937 0.723437 0.910937 0.721875 0.912500 0.720313 0.912500 0.717187 0.914062 0.715625 0.914062 0.710938 0.915625 0.709375 0.920312 0.709375 0.920312 0.704688 0.915625 0.704688 0.914062 0.703125 0.914062 0.701562 0.912500 0.700000 0.912500 0.698438 0.910937 0.696875 0.910937 0.695312 0.909375 0.693750 0.909375 0.692187 0.907813 0.690625 0.907813 0.684375
0 0.840625 0.534375 0.840625 0.556250 0.850000 0.556250 0.851562 0.557813 0.853125 0.557813 0.854688 0.556250 0.859375 0.556250 0.860938 0.554688 0.862500 0.554688 0.865625 0.551562 0.865625 0.550000 0.867188 0.548438 0.867188 0.534375
0 0.659375 0.203125 0.659375 0.212500 0.667188 0.212500 0.668750 0.214062 0.670312 0.214062 0.671875 0.215625 0.673438 0.215625 0.675000 0.217188 0.676562 0.217188 0.678125 0.218750 0.682813 0.218750 0.684375 0.220312 0.690625 0.220312 0.692187 0.218750 0.693750 0.218750 0.696875 0.215625 0.701562 0.215625 0.701562 0.212500 0.696875 0.212500 0.695312 0.210938 0.695312 0.209375 0.693750 0.207813 0.693750 0.203125
0 0.904687 0.240625 0.904687 0.245312 0.901563 0.248438 0.901563 0.250000 0.889062 0.262500 0.884375 0.262500 0.884375 0.282813 0.896875 0.282813 0.896875 0.278125 0.900000 0.275000 0.903125 0.275000 0.906250 0.271875 0.907813 0.271875 0.914062 0.265625 0.915625 0.265625 0.920312 0.260937 0.921875 0.260937 0.928125 0.254688 0.929688 0.254688 0.934375 0.250000 0.939063 0.250000 0.939063 0.240625
0 0.709375 0.196875 0.709375 0.225000 0.715625 0.225000 0.721875 0.231250 0.723437 0.231250 0.726562 0.234375 0.726562 0.239063 0.740625 0.239063 0.740625 0.234375 0.742188 0.232813 0.743750 0.232813 0.745313 0.231250 0.746875 0.231250 0.757812 0.220312 0.764062 0.220312 0.764062 0.204687 0.759375 0.204687 0.757812 0.203125 0.757812 0.196875
0 0.296875 0.209375 0.296875 0.226562 0.318750 0.226562 0.318750 0.221875 0.320312 0.220312 0.320312 0.217188 0.321875 0.215625 0.326562 0.215625 0.326562 0.209375
0 0.920312 0.403125 0.920312 0.407813 0.909375 0.418750 0.907813 0.418750 0.900000 0.426563 0.898438 0.426563 0.896875 0.428125 0.890625 0.428125 0.890625 0.451562 0.926562 0.451562 0.926562 0.446875 0.929688 0.443750 0.931250 0.443750 0.932813 0.442188 0.934375 0.442188 0.940625 0.435937 0.942187 0.435937 0.950000 0.428125 0.951562 0.428125 0.954688 0.425000 0.954688 0.423438 0.957812 0.420312 0.964063 0.420312 0.964063 0.403125
0 0.621875 0.821875 0.621875 0.826562 0.620313 0.828125 0.618750 0.828125 0.617188 0.829688 0.592187 0.829688 0.590625 0.828125 0.576562 0.828125 0.575000 0.829688 0.565625 0.829688 0.565625 0.853125 0.570312 0.853125 0.571875 0.854688 0.573438 0.854688 0.575000 0.856250 0.578125 0.856250 0.579688 0.857812 0.585938 0.857812 0.587500 0.859375 0.590625 0.859375 0.592187 0.860938 0.596875 0.860938 0.598437 0.862500 0.603125 0.862500 0.606250 0.865625 0.606250 0.870313 0.637500 0.870313 0.637500 0.865625 0.640625 0.862500 0.642188 0.862500 0.643750 0.860938 0.645312 0.860938 0.654687 0.851562 0.654687 0.850000 0.657813 0.846875 0.657813 0.845313 0.659375 0.843750 0.659375 0.842187 0.660937 0.840625 0.660937 0.839063 0.667188 0.832812 0.667188 0.831250 0.668750 0.829688 0.668750 0.821875
0 0.470313 0.721875 0.470313 0.726562 0.467187 0.729688 0.464062 0.729688 0.462500 0.731250 0.459375 0.731250 0.457813 0.732812 0.450000 0.732812 0.448437 0.734375 0.440625 0.734375 0.440625 0.762500 0.446875 0.762500 0.448437 0.764062 0.448437 0.770312 0.456250 0.770312 0.456250 0.765625 0.457813 0.764062 0.459375 0.764062 0.462500 0.760938 0.464062 0.760938 0.465625 0.759375 0.467187 0.759375 0.471875 0.754687 0.473438 0.754687 0.475000 0.753125 0.476562 0.753125 0.478125 0.751563 0.479687 0.751563 0.481250 0.750000 0.482812 0.750000 0.485938 0.746875 0.487500 0.746875 0.490625 0.743750 0.492188 0.743750 0.493750 0.742188 0.495312 0.742188 0.496875 0.740625 0.498437 0.740625 0.501563 0.737500 0.503125 0.737500 0.504687 0.735938 0.506250 0.735938 0.507812 0.734375 0.509375 0.734375 0.515625 0.728125 0.520312 0.728125 0.520312 0.721875
0 0.465625 0.528125 0.465625 0.545312 0.489063 0.545312 0.489063 0.528125
0 0.959375 0.434375 0.959375 0.439063 0.956250 0.442188 0.954688 0.442188 0.953125 0.443750 0.951562 0.443750 0.950000 0.445312 0.946875 0.445312 0.945312 0.446875 0.942187 0.446875 0.940625 0.448437 0.928125 0.448437 0.928125 0.470313 0.957812 0.470313 0.957812 0.465625 0.960938 0.462500 0.962500 0.462500 0.965625 0.459375 0.970313 0.459375 0.971875 0.457813 0.973437 0.457813 0.975000 0.456250 0.978125 0.456250 0.979688 0.454688 0.982812 0.454688 0.984375 0.453125 0.985938 0.453125 0.987500 0.451562 0.989062 0.451562 0.990625 0.450000 0.995313 0.450000 0.995313 0.434375
0 0.015625 0.546875 0.015625 0.568750 0.020313 0.568750 0.023438 0.571875 0.023438 0.576562 0.070312 0.576562 0.070312 0.559375 0.065625 0.559375 0.064062 0.557813 0.062500 0.557813 0.060937 0.556250 0.057813 0.556250 0.056250 0.554688 0.053125 0.554688 0.050000 0.551562 0.050000 0.546875
0 0.721875 0.153125 0.721875 0.189062 0.739062 0.189062 0.739062 0.153125
0 0.528125 0.553125 0.528125 0.568750 0.535937 0.568750 0.537500 0.570312 0.539062 0.570312 0.540625 0.571875 0.540625 0.576562 0.545312 0.576562 0.545312 0.571875 0.551562 0.565625 0.551562 0.562500 0.550000 0.560937 0.550000 0.553125
0 0.534375 0.628125 0.534375 0.645312 0.551562 0.645312 0.551562 0.628125
0 0.920312 0.403125 0.920312 0.409375 0.917188 0.412500 0.915625 0.412500 0.906250 0.421875 0.904687 0.421875 0.900000 0.426563 0.898438 0.426563 0.896875 0.428125 0.890625 0.428125 0.890625 0.451562 0.926562 0.451562 0.926562 0.446875 0.929688 0.443750 0.931250 0.443750 0.932813 0.442188 0.934375 0.442188 0.939063 0.437500 0.940625 0.437500 0.950000 0.428125 0.951562 0.428125 0.954688 0.425000 0.954688 0.423438 0.957812 0.420312 0.964063 0.420312 0.964063 0.410938 0.959375 0.410938 0.957812 0.409375 0.957812 0.403125
0 0.959375 0.434375 0.959375 0.448437 0.964063 0.448437 0.967187 0.451562 0.967187 0.456250 0.965625 0.457813 0.959375 0.457813 0.959375 0.464062 0.965625 0.464062 0.965625 0.457813 0.967187 0.456250 0.973437 0.456250 0.975000 0.454688 0.981250 0.454688 0.982812 0.453125 0.985938 0.453125 0.987500 0.451562 0.989062 0.451562 0.990625 0.450000 0.995313 0.450000 0.995313 0.434375
0 0.528125 0.553125 0.528125 0.568750 0.535937 0.568750 0.539062 0.571875 0.539062 0.576562 0.546875 0.576562 0.546875 0.570312 0.551562 0.565625 0.557813 0.565625 0.557813 0.564063 0.553125 0.564063 0.550000 0.560937 0.550000 0.553125
0 0.459375 0.621875 0.459375 0.632812 0.464062 0.632812 0.465625 0.634375 0.465625 0.639062 0.473438 0.639062 0.473438 0.634375 0.475000 0.632812 0.476562 0.632812 0.481250 0.628125 0.481250 0.621875
0 0.515625 0.778125 0.515625 0.789062 0.532813 0.789062 0.532813 0.778125
0 0.159375 0.415625 0.159375 0.437500 0.164062 0.437500 0.168750 0.442188 0.170313 0.442188 0.173437 0.445312 0.175000 0.445312 0.176563 0.446875 0.178125 0.446875 0.179688 0.448437 0.195312 0.448437 0.196875 0.450000 0.212500 0.450000 0.214062 0.448437 0.218750 0.448437 0.220312 0.446875 0.221875 0.446875 0.223438 0.445312 0.225000 0.445312 0.228125 0.442188 0.229687 0.442188 0.231250 0.440625 0.232813 0.440625 0.234375 0.439063 0.239063 0.439063 0.239063 0.415625
0 0.003125 0.565625 0.003125 0.595313 0.010937 0.595313 0.010937 0.589063 0.012500 0.587500 0.014063 0.587500 0.014063 0.585938 0.017188 0.582812 0.017188 0.581250 0.020313 0.578125 0.026562 0.578125 0.026562 0.565625
0 0.311684 0.536297 0.319602 0.532338 0.317622 0.542233
0 0.849875 0.809508 0.859694 0.806234 0.865148 0.809508 0.865148 0.819327 0.852056 0.822600 0.845511 0.818236
0 0.878239 0.804053 0.882603 0.807327 0.876058 0.818236 0.874967 0.814963
0 0.873877 0.746231 0.870603 0.751686 0.877148 0.757141 0.880422 0.753867
0 0.462577 0.315294 0.481122 0.322930 0.469122 0.332750 0.454939 0.325113
0 0.496397 0.305475 0.506216 0.318567 0.512761 0.313111 0.508397 0.302202 0.496397 0.295656
0 0.724411 0.412391 0.706956 0.423300 0.712411 0.429847 0.718956 0.422209
0 0.704773 0.433119 0.699319 0.438575 0.704773 0.445120 0.713502 0.439666
0 0.678591 0.442939 0.665498 0.447302 0.674227 0.452758 0.681863 0.450575
0 0.691681 0.457120 0.689500 0.461484 0.691681 0.462577 0.698228 0.462577
0 0.752777 0.161466 0.778961 0.153828 0.804053 0.161466 0.800780 0.173466 0.775687 0.165830 0.756050 0.171284 0.749505 0.171284
1 0.469122 0.149464 0.568402 0.225833 0.483305 0.385116 0.445120 0.406936
1 0.280383 0.508397 0.394934 0.524763 0.160373 0.668772 0.166920 0.628405
1 0.576037 0.396027 0.733139 0.400391 0.720047 0.471303 0.676408 0.463667
1 0.466941 0.802962 0.461484 0.930606 0.342569 0.858602
1 0.905514 0.660044 0.781142 0.836783 0.928425 0.877148
