0 0.117994 0.658645 0.116527 0.663238 0.117538 0.664950 0.119039 0.665131 0.120052 0.666844 0.121553 0.667025 0.122565 0.668737 0.124068 0.668918 0.125081 0.670632 0.126583 0.670813 0.127597 0.672526 0.129100 0.672708 0.131127 0.676136 0.132631 0.676318 0.133645 0.678033 0.139665 0.678763 0.133288 0.698683 0.128776 0.698130 0.126784 0.699477 0.125281 0.699293 0.121296 0.701984 0.119795 0.701800 0.115815 0.704489 0.112814 0.704119 0.110825 0.705464 0.109326 0.705279 0.105350 0.707967 0.103885 0.712551 0.042718 0.704974 0.044171 0.700408 0.042169 0.696997 0.040684 0.696814 0.039682 0.695108 0.038198 0.694925 0.032197 0.684702 0.027749 0.684157 0.033067 0.667421 0.037518 0.667961 0.047366 0.661245 0.048853 0.661424 0.052797 0.658735 0.054285 0.658914 0.058231 0.656222 0.059687 0.651647
0 0.123390 0.500246 0.121921 0.504857 0.122934 0.506558 0.124437 0.506722 0.125449 0.508424 0.131461 0.509082 0.132475 0.510784 0.139999 0.511609 0.141013 0.513312 0.148546 0.514139 0.149562 0.515844 0.161633 0.517170 0.162651 0.518876 0.183825 0.521205 0.184846 0.522915 0.219773 0.526760 0.211346 0.553032 0.080259 0.538355 0.081719 0.533762 0.080712 0.532064 0.079220 0.531898 0.078213 0.530200 0.070754 0.529369 0.079509 0.501806 0.083988 0.502296 0.085970 0.500927 0.087431 0.496327
0 0.893754 0.276031 0.884001 0.305287 0.877347 0.304684 0.875143 0.306156 0.874602 0.307780 0.859195 0.318075 0.857537 0.317923 0.848750 0.323795 0.847093 0.323643 0.842703 0.326577 0.841047 0.326425 0.836663 0.329355 0.835009 0.329202 0.830626 0.332133 0.828974 0.331980 0.824595 0.334906 0.822944 0.334753 0.820756 0.336217 0.819105 0.336063 0.816919 0.337525 0.815269 0.337371 0.810898 0.340296 0.809250 0.340142 0.807066 0.341602 0.803771 0.341294 0.801589 0.342754 0.799943 0.342600 0.797762 0.344060 0.796116 0.343906 0.791756 0.346824 0.790151 0.351662 0.762257 0.349031 0.763856 0.344202 0.761646 0.340674 0.758370 0.340367 0.757267 0.338603 0.755630 0.338450 0.754526 0.336687 0.751255 0.336381 0.749048 0.332858 0.747414 0.332705 0.746311 0.330943 0.741409 0.330486 0.745131 0.319226 0.751671 0.319831 0.756008 0.316913 0.757644 0.317064 0.759814 0.315603 0.761451 0.315754 0.763622 0.314294 0.765260 0.314445 0.767432 0.312985 0.769071 0.313136 0.771245 0.311674 0.772884 0.311824 0.775059 0.310363 0.776699 0.310513 0.778874 0.309050 0.780516 0.309200 0.782692 0.307737 0.784335 0.307887 0.788690 0.304960 0.791978 0.305260 0.794158 0.303795 0.795803 0.303945 0.800165 0.301014 0.801811 0.301163 0.803994 0.299697 0.805640 0.299846 0.807824 0.298380 0.809472 0.298529 0.811656 0.297063 0.813306 0.297212 0.817677 0.294274 0.819328 0.294424 0.823703 0.291486 0.825355 0.291635 0.829733 0.288694 0.831386 0.288842 0.833578 0.287372 0.835231 0.287520 0.837423 0.286050 0.839077 0.286198 0.843464 0.283253 0.845120 0.283402 0.847315 0.281928 0.848971 0.282076 0.851167 0.280602 0.852825 0.280750 0.857219 0.277802 0.858838 0.272934
0 0.810547 0.715099 0.808937 0.719908 0.811162 0.723504 0.812812 0.723700 0.813925 0.725499 0.815574 0.725695 0.816688 0.727495 0.818337 0.727692 0.819451 0.729491 0.824405 0.730081 0.817958 0.749321 0.811359 0.748526 0.809174 0.749929 0.807525 0.749731 0.805342 0.751133 0.800400 0.750536 0.798217 0.751939 0.796571 0.751740 0.794390 0.753140 0.792784 0.757940 0.768150 0.754954 0.769751 0.750162 0.768644 0.748366 0.767005 0.748169 0.765900 0.746373 0.762621 0.745977 0.761516 0.744183 0.758240 0.743788 0.757136 0.741994 0.755499 0.741797 0.754396 0.740003 0.752759 0.739806 0.749447 0.734429 0.742908 0.733644 0.748228 0.717687 0.753136 0.718271 0.755305 0.716868 0.756942 0.717062 0.761283 0.714257 0.762883 0.709463
0 0.434462 0.475666 0.432931 0.480378 0.435045 0.483849 0.436612 0.484015 0.437670 0.485752 0.439239 0.485918 0.440296 0.487655 0.441865 0.487821 0.443981 0.491296 0.445551 0.491462 0.447669 0.494938 0.453953 0.495605 0.448325 0.512894 0.442045 0.512219 0.437886 0.515022 0.436354 0.519732 0.386350 0.514332 0.387872 0.509638 0.385772 0.506173 0.381101 0.505672 0.387186 0.486894 0.391860 0.487390 0.393927 0.485990 0.394435 0.484423 0.398569 0.481620 0.399077 0.480052 0.403215 0.477247 0.404740 0.472545
0 0.146224 0.540963 0.144751 0.545576 0.146783 0.548989 0.148289 0.549158 0.149306 0.550866 0.155338 0.551544 0.150914 0.565387 0.146393 0.564875 0.144394 0.566242 0.142888 0.566071 0.138894 0.568802 0.137390 0.568631 0.135395 0.569996 0.133890 0.569825 0.131895 0.571190 0.130425 0.575797 0.086952 0.570833 0.088414 0.566240 0.086399 0.562838 0.084905 0.562668 0.082890 0.559267 0.081397 0.559098 0.080390 0.557398 0.074420 0.556721 0.081719 0.533762
0 0.805968 0.621274 0.803824 0.627695 0.804936 0.629485 0.806583 0.629671 0.808807 0.633253 0.815403 0.633998 0.805746 0.662891 0.799158 0.662134 0.796976 0.663549 0.787109 0.662415 0.784930 0.663827 0.781645 0.663449 0.779468 0.664862 0.777866 0.669665 0.763105 0.667960 0.764705 0.663162 0.763599 0.661373 0.758685 0.660808 0.757580 0.659021 0.752671 0.658456 0.751567 0.656669 0.749931 0.656481 0.748829 0.654696 0.747193 0.654508 0.744988 0.650937 0.743353 0.650750 0.740047 0.645396 0.740579 0.643798 0.738375 0.640230 0.733478 0.639673 0.735603 0.633283 0.740501 0.633838 0.749167 0.628183 0.749699 0.626583 0.751866 0.625169 0.753503 0.625353 0.760012 0.621106 0.761612 0.616302
0 0.319043 0.702121 0.317535 0.706774 0.319616 0.710253 0.325792 0.711006 0.318750 0.732720 0.269532 0.726644 0.271030 0.722008 0.268963 0.718539 0.267431 0.718351 0.266397 0.716618 0.261802 0.716054 0.268291 0.695963
0 0.176505 0.269853 0.175026 0.274501 0.177065 0.277882 0.178578 0.278023 0.179599 0.279715 0.185655 0.280280 0.180720 0.295780 0.176181 0.295351 0.168162 0.300973 0.166685 0.305616 0.112498 0.300457 0.117876 0.283489 0.123881 0.284054 0.135840 0.275631 0.137344 0.275771 0.139339 0.274366 0.140845 0.274506 0.144838 0.271694 0.146311 0.267055
0 0.706000 0.524034 0.704413 0.528828 0.706606 0.532372 0.713113 0.533067 0.705701 0.555436 0.700825 0.554907 0.696519 0.557747 0.694896 0.557571 0.692745 0.558991 0.689499 0.558638 0.687349 0.560056 0.684106 0.559703 0.681957 0.561121 0.680374 0.565904 0.669041 0.564665 0.670621 0.559886 0.669529 0.558116 0.666294 0.557763 0.665203 0.555995 0.661970 0.555644 0.660881 0.553875 0.659264 0.553699 0.658175 0.551932 0.656559 0.551757 0.655469 0.549989 0.649013 0.549289 0.656369 0.527002 0.664449 0.527865 0.666593 0.526444 0.668210 0.526617 0.670355 0.525195 0.671935 0.520412
0 0.753425 0.615385 0.747570 0.632980 0.742666 0.632424 0.738336 0.635251 0.735072 0.634881 0.732908 0.636292 0.729645 0.635922 0.725322 0.638744 0.723731 0.643534 0.697699 0.640562 0.699285 0.635780 0.695998 0.630446 0.689506 0.629709 0.696374 0.608991
0 0.704160 0.636335 0.702572 0.641118 0.704765 0.644677 0.709645 0.645235 0.704881 0.659582 0.698381 0.658832 0.694076 0.661642 0.692491 0.666418 0.653637 0.661914 0.655214 0.657150 0.654125 0.655374 0.647669 0.654628 0.655551 0.630802
0 0.590700 0.413278 0.588616 0.419635 0.589694 0.421385 0.596100 0.422028 0.592450 0.433153 0.586048 0.432506 0.581807 0.435359 0.580209 0.435197 0.575971 0.438047 0.574374 0.437885 0.572256 0.439311 0.569063 0.438986 0.566948 0.440410 0.565353 0.440247 0.563238 0.441670 0.561644 0.441508 0.559530 0.442931 0.557973 0.447686 0.545233 0.446383 0.546787 0.441633 0.544641 0.438141 0.543050 0.437979 0.541978 0.436234 0.540387 0.436073 0.539315 0.434327 0.537725 0.434166 0.536654 0.432422 0.535065 0.432261 0.533993 0.430517 0.529228 0.430034 0.536469 0.407870
0 0.689606 0.502460 0.681690 0.526404 0.638062 0.521750 0.643309 0.505835 0.648147 0.506345 0.650285 0.504923 0.651899 0.505094 0.654039 0.503670 0.655615 0.498890
0 0.210933 0.637793 0.209447 0.642418 0.211497 0.645862 0.219105 0.646762 0.216129 0.656015 0.211566 0.655472 0.209550 0.656832 0.208029 0.656650 0.206015 0.658010 0.202977 0.657647 0.200963 0.659007 0.199445 0.658826 0.197432 0.660184 0.195915 0.660003 0.193904 0.661361 0.192421 0.665978 0.141037 0.659817 0.150368 0.630658
0 0.323819 0.296397 0.321808 0.302656 0.322849 0.304366 0.329026 0.304947 0.323995 0.320591 0.282428 0.316634 0.283928 0.311955 0.282893 0.310250 0.278288 0.309814 0.280289 0.303574 0.284894 0.304009 0.293042 0.298344 0.294545 0.293659
0 0.699898 0.715248 0.691969 0.739105 0.654732 0.734607 0.662622 0.710808
0 0.737757 0.560570 0.729790 0.584564 0.700488 0.581335 0.702075 0.576547 0.700979 0.574772 0.694482 0.574059 0.700296 0.556504
0 0.678596 0.474882 0.668585 0.505202 0.618602 0.499937 0.628548 0.469715
0 0.922336 0.721603 0.920703 0.726446 0.921832 0.728259 0.923505 0.728456 0.924635 0.730269 0.927983 0.730666 0.929114 0.732479 0.930788 0.732677 0.933049 0.736305 0.936401 0.736702 0.929860 0.756081 0.926511 0.755679 0.924292 0.757093 0.922618 0.756892 0.920401 0.758303 0.917056 0.757901 0.912624 0.760724 0.910993 0.765561 0.869336 0.760529 0.870959 0.755705 0.869837 0.753896 0.868176 0.753696 0.867054 0.751889 0.863734 0.751490 0.861494 0.747876 0.859833 0.747677 0.858714 0.745871 0.859254 0.744264 0.858134 0.742459 0.859214 0.739243 0.858095 0.737438 0.858635 0.735830 0.857515 0.734026 0.852539 0.733433 0.853078 0.731827 0.859714 0.732616 0.864115 0.729795 0.864655 0.728187 0.866856 0.726776 0.868518 0.726973 0.872923 0.724149 0.874585 0.724345 0.878994 0.721518 0.880618 0.716688
0 0.268967 0.220617 0.267469 0.225301 0.268502 0.226998 0.270035 0.227134 0.271067 0.228832 0.272600 0.228968 0.273634 0.230667 0.275167 0.230804 0.277235 0.234202 0.278769 0.234340 0.279803 0.236040 0.281338 0.236177 0.285478 0.242978 0.291624 0.243532 0.283616 0.268527 0.279012 0.268104 0.276978 0.269523 0.275444 0.269382 0.269347 0.273639 0.267814 0.273497 0.265784 0.274915 0.264252 0.274773 0.262223 0.276190 0.260692 0.276048 0.258663 0.277466 0.257168 0.282140 0.206860 0.277462 0.208345 0.272803 0.206296 0.269416 0.203258 0.269135 0.202235 0.267442 0.200717 0.267302 0.198670 0.263916 0.197153 0.263777 0.193063 0.257011 0.188516 0.256595 0.197410 0.228650 0.203482 0.229195 0.209524 0.224939 0.211043 0.225075 0.213059 0.223655 0.214580 0.223791 0.216596 0.222371 0.218117 0.222507 0.220135 0.221087 0.221623 0.216418
0 0.598496 0.808331 0.596930 0.813062 0.600173 0.818404 0.599651 0.819981 0.600733 0.821762 0.600211 0.823340 0.602374 0.826902 0.608792 0.827720 0.601480 0.849800 0.595068 0.848973 0.592945 0.850342 0.591342 0.850135 0.589219 0.851503 0.587619 0.851296 0.585497 0.852665 0.583934 0.857389 0.531324 0.850570 0.532876 0.845862 0.530733 0.842313 0.525969 0.841698 0.529588 0.830714 0.534355 0.831325 0.536462 0.829960 0.536980 0.828389 0.539087 0.827023 0.539605 0.825453 0.541713 0.824084 0.542231 0.822513 0.544340 0.821145 0.544858 0.819574 0.546968 0.818205 0.548005 0.815061 0.550116 0.813691 0.550635 0.812119 0.552746 0.810750 0.553264 0.809176 0.555377 0.807805 0.556934 0.803086
0 0.633678 0.509758 0.632106 0.514530 0.634278 0.518053 0.635889 0.518225 0.636975 0.519988 0.638587 0.520160 0.639673 0.521922 0.641284 0.522094 0.640760 0.523686 0.641847 0.525450 0.648298 0.526139 0.641998 0.545235 0.637163 0.544711 0.635029 0.546127 0.633418 0.545952 0.629151 0.548782 0.627542 0.548607 0.623278 0.551435 0.621669 0.551260 0.617408 0.554086 0.615839 0.558850 0.580583 0.554996 0.582144 0.550243 0.579988 0.546727 0.578389 0.546553 0.577311 0.544795 0.575713 0.544621 0.574635 0.542865 0.573038 0.542691 0.569806 0.537423 0.568211 0.537250 0.566058 0.533739 0.561272 0.533222 0.566466 0.517392 0.571255 0.517904 0.575490 0.515076 0.577087 0.515246 0.581325 0.512417 0.582925 0.512587 0.587166 0.509756 0.588729 0.504998
0 0.556934 0.803086 0.552264 0.817241 0.547486 0.816634 0.541158 0.820740 0.540641 0.822310 0.538533 0.823678 0.535353 0.823272 0.531139 0.826006 0.529588 0.830714 0.512139 0.828475 0.513686 0.823772 0.512617 0.822002 0.511033 0.821800 0.509965 0.820029 0.502049 0.819018 0.499951 0.820383 0.498370 0.820181 0.496273 0.821544 0.494729 0.826242 0.472633 0.823407 0.474172 0.818716 0.469920 0.811655 0.463622 0.810852 0.469776 0.792087
0 0.465569 0.719900 0.464031 0.724598 0.465092 0.726356 0.469817 0.726932 0.464176 0.744157 0.428058 0.739715 0.435715 0.716278
0 0.865838 0.668119 0.858277 0.690654 0.845015 0.689112 0.842820 0.690527 0.816372 0.687449 0.814186 0.688861 0.812576 0.693674 0.769817 0.688679 0.771952 0.682280 0.770846 0.680488 0.769206 0.680298 0.766994 0.676718 0.762077 0.676147 0.765809 0.664951 0.772368 0.665707 0.774544 0.664295 0.776185 0.664484 0.778361 0.663071 0.779963 0.658268
0 0.121124 0.175719 0.119656 0.180360 0.123704 0.187069 0.128210 0.187463 0.122336 0.206022 0.108834 0.204826 0.107825 0.203149 0.095847 0.202089 0.094838 0.200414 0.087363 0.199754 0.086356 0.198079 0.084863 0.197947 0.083857 0.196273 0.077885 0.195746 0.080804 0.186496 0.086778 0.187018 0.088759 0.185605 0.089246 0.184063 0.093211 0.181235 0.094707 0.181366 0.098674 0.178538 0.100138 0.173904
0 0.485878 0.768026 0.484336 0.772725 0.486465 0.776254 0.492784 0.777044 0.485583 0.798974 0.455647 0.795186 0.465382 0.765476
0 0.497124 0.723729 0.489405 0.747260 0.464176 0.744157 0.465714 0.739460 0.464653 0.737701 0.465165 0.736136 0.464103 0.734378 0.465641 0.729680 0.463518 0.726164 0.458798 0.725590 0.460847 0.719327
0 0.467681 0.368454 0.466143 0.373186 0.472515 0.383581 0.477243 0.384047 0.472111 0.399824 0.429697 0.395599 0.435821 0.376718 0.440525 0.377180 0.448848 0.371494 0.450382 0.366767
0 0.854697 0.727005 0.853078 0.731827 0.856435 0.737240 0.863074 0.738032 0.858214 0.752497 0.831712 0.749308 0.833326 0.744496 0.832210 0.742692 0.830557 0.742494 0.829442 0.740693 0.826137 0.740297 0.825021 0.738495 0.823370 0.738298 0.822256 0.736496 0.817303 0.735904 0.821600 0.723076
0 0.705817 0.570340 0.704230 0.575129 0.706423 0.578678 0.711302 0.579215 0.708654 0.587199 0.702151 0.586480 0.699998 0.587895 0.697883 0.594276 0.668705 0.591035 0.676608 0.567143
1 0.846337 0.926487 0.847494 0.933324 0.791099 0.962485 0.734394 0.968110 0.511253 0.851235 0.518073 0.845583 0.537126 0.848048
0 0.698166 0.771282 0.693898 0.779026 0.676588 0.775237 0.684088 0.767900
0 0.028965 0.573692 0.031963 0.578778 0.027065 0.584534 0.013737 0.582993 0.007276 0.574357 0.016600 0.569116
0 0.285519 0.390885 0.281982 0.396960 0.266647 0.395416 0.258424 0.386563
0 0.270607 0.378146 0.268110 0.385927 0.243602 0.378666
0 0.099346 0.346821 0.099900 0.354812 0.092939 0.357296 0.076408 0.341392 0.092319 0.339783
0 0.113808 0.345068 0.101852 0.348655 0.089817 0.337951 0.101265 0.335898
