0 0.264187 0.385660 0.265334 0.390739 0.264360 0.392623 0.263005 0.392814 0.262031 0.394698 0.260676 0.394890 0.259703 0.396773 0.258348 0.396964 0.258730 0.398656 0.254837 0.406193 0.255219 0.407886 0.254245 0.409770 0.254627 0.411462 0.253654 0.413346 0.254036 0.415039 0.253062 0.416922 0.248996 0.417496 0.255493 0.446273 0.259559 0.445700 0.273459 0.457712 0.274815 0.457521 0.276552 0.459023 0.277908 0.458832 0.279645 0.460333 0.280792 0.465411 0.313323 0.460822 0.312177 0.455744 0.317043 0.446324 0.316661 0.444632 0.317634 0.442748 0.317252 0.441055 0.318225 0.439171 0.317843 0.437479 0.318817 0.435595 0.318435 0.433902 0.319408 0.432018 0.323474 0.431445 0.314303 0.390818 0.310237 0.391391 0.306762 0.388389 0.306380 0.386696 0.304642 0.385195 0.303495 0.380116
0 0.357222 0.079098 0.358368 0.084176 0.350582 0.099247 0.345160 0.100012 0.359299 0.162645 0.363366 0.162071 0.366840 0.165075 0.367222 0.166768 0.368960 0.168269 0.369342 0.169962 0.376293 0.175968 0.377648 0.175777 0.382861 0.180281 0.384007 0.185359 0.421960 0.180006 0.420813 0.174928 0.422760 0.171160 0.424115 0.170969 0.428982 0.161550 0.428600 0.159856 0.429573 0.157973 0.434995 0.157208 0.422384 0.101347 0.418319 0.101920 0.414843 0.098917 0.414461 0.097225 0.412723 0.095723 0.412341 0.094030 0.394965 0.079014 0.393819 0.073936
0 0.161547 0.141632 0.162693 0.146710 0.160747 0.150479 0.159392 0.150670 0.150631 0.167625 0.151013 0.169318 0.149067 0.173086 0.149449 0.174779 0.148476 0.176662 0.148858 0.178355 0.146911 0.182123 0.147293 0.183815 0.145346 0.187583 0.141280 0.188157 0.153126 0.240633 0.157192 0.240059 0.164143 0.246066 0.165290 0.251143 0.211375 0.244643 0.210229 0.239565 0.212174 0.235797 0.213530 0.235606 0.214503 0.233723 0.215859 0.233531 0.217806 0.229763 0.219162 0.229571 0.221108 0.225805 0.222463 0.225613 0.228303 0.214310 0.227921 0.212616 0.229868 0.208848 0.229485 0.207155 0.231432 0.203388 0.231050 0.201695 0.232997 0.197927 0.237064 0.197353 0.227510 0.155035 0.222088 0.155800 0.220350 0.154298 0.219968 0.152604 0.216493 0.149601 0.215138 0.149792 0.211663 0.146790 0.210307 0.146981 0.208569 0.145479 0.207214 0.145671 0.205476 0.144170 0.204121 0.144361 0.200646 0.141356 0.199499 0.136279
0 0.464507 0.455218 0.477881 0.514465 0.481947 0.513891 0.485423 0.516894 0.485805 0.518587 0.487542 0.520088 0.488306 0.523473 0.490044 0.524976 0.490426 0.526668 0.492164 0.528170 0.492546 0.529863 0.494284 0.531364 0.494666 0.533057 0.496403 0.534558 0.496786 0.536252 0.498523 0.537753 0.498905 0.539445 0.500643 0.540947 0.501025 0.542639 0.502763 0.544141 0.503145 0.545835 0.504882 0.547336 0.505264 0.549028 0.507002 0.550530 0.507384 0.552222 0.509122 0.553724 0.509504 0.555418 0.514717 0.559922 0.515863 0.565000 0.530773 0.562897 0.529626 0.557819 0.532547 0.552167 0.533902 0.551976 0.544609 0.531252 0.544227 0.529560 0.547146 0.523908 0.546764 0.522215 0.547738 0.520331 0.547356 0.518638 0.548329 0.516754 0.547946 0.515061 0.548919 0.513178 0.548537 0.511484 0.549511 0.509601 0.553578 0.509027 0.545171 0.471786 0.541104 0.472360 0.537629 0.469357 0.536274 0.469548 0.532798 0.466545 0.531443 0.466736 0.527968 0.463733 0.526612 0.463924 0.524875 0.462423 0.523519 0.462614 0.520045 0.459611 0.518689 0.459802 0.516951 0.458300 0.515596 0.458491 0.513859 0.456990 0.505726 0.458137 0.503988 0.456635 0.499922 0.457209 0.498184 0.455707 0.497037 0.450629
0 0.192062 0.822020 0.193209 0.827099 0.188342 0.836518 0.188724 0.838210 0.185804 0.843863 0.186186 0.845556 0.183266 0.851207 0.179200 0.851781 0.189517 0.897486 0.193583 0.896912 0.197059 0.899914 0.197824 0.903301 0.199561 0.904802 0.199943 0.906494 0.203418 0.909497 0.203800 0.911191 0.207275 0.914194 0.207657 0.915886 0.221558 0.927900 0.222914 0.927708 0.224651 0.929210 0.226007 0.929018 0.229481 0.932022 0.232193 0.931639 0.235667 0.934642 0.236814 0.939720 0.263923 0.935896 0.262776 0.930818 0.266670 0.923283 0.268026 0.923091 0.270946 0.917440 0.270564 0.915747 0.273484 0.910096 0.273101 0.908402 0.275048 0.904634 0.279114 0.904061 0.269178 0.860049 0.265113 0.860622 0.261637 0.857619 0.261255 0.855926 0.257780 0.852924 0.257398 0.851231 0.255661 0.849729 0.255279 0.848036 0.250066 0.843532 0.249683 0.841839 0.232308 0.826823 0.230953 0.827014 0.225739 0.822510 0.224593 0.817431
0 0.352581 0.603752 0.353728 0.608829 0.349834 0.616365 0.344413 0.617130 0.353202 0.656064 0.357268 0.655490 0.362481 0.659996 0.362863 0.661688 0.376764 0.673701 0.378119 0.673509 0.379856 0.675010 0.381212 0.674819 0.384687 0.677823 0.386043 0.677632 0.387781 0.679133 0.390492 0.678751 0.392229 0.680252 0.394940 0.679870 0.396677 0.681372 0.397823 0.686449 0.414088 0.684155 0.412942 0.679077 0.413916 0.677193 0.415272 0.677002 0.416245 0.675118 0.418956 0.674736 0.420902 0.670968 0.422257 0.670777 0.425178 0.665124 0.424796 0.663432 0.426742 0.659664 0.430808 0.659091 0.425076 0.633699 0.421010 0.634272 0.417535 0.631269 0.416771 0.627885 0.415033 0.626383 0.414651 0.624689 0.412914 0.623188 0.412532 0.621496 0.409056 0.618493 0.408674 0.616799 0.403462 0.612295 0.402106 0.612487 0.398631 0.609482 0.397275 0.609674 0.395538 0.608173 0.394182 0.608364 0.392445 0.606863 0.391089 0.607054 0.387614 0.604050 0.386468 0.598972
0 0.259629 0.092864 0.260776 0.097942 0.257856 0.103594 0.256500 0.103785 0.250661 0.115089 0.251043 0.116782 0.248123 0.122434 0.244056 0.123007 0.255520 0.173790 0.259587 0.173216 0.266537 0.179223 0.266919 0.180916 0.275607 0.188423 0.276753 0.193501 0.317417 0.187765 0.316271 0.182688 0.318217 0.178920 0.319573 0.178728 0.325412 0.167425 0.325030 0.165733 0.327950 0.160080 0.327568 0.158387 0.329515 0.154620 0.333581 0.154046 0.325174 0.116805 0.321108 0.117378 0.317633 0.114376 0.317251 0.112683 0.315514 0.111182 0.315131 0.109488 0.311655 0.106485 0.311273 0.104792 0.304323 0.098787 0.302968 0.098978 0.299493 0.095975 0.298138 0.096166 0.294662 0.093162 0.293515 0.088084
0 0.705952 0.756520 0.707098 0.761599 0.706124 0.763483 0.706506 0.765175 0.703587 0.770827 0.703969 0.772520 0.702022 0.776287 0.702404 0.777981 0.701431 0.779865 0.701813 0.781557 0.700840 0.783441 0.701604 0.786827 0.700631 0.788711 0.701396 0.792096 0.700422 0.793980 0.701568 0.799059 0.700595 0.800942 0.702888 0.811099 0.701914 0.812983 0.702679 0.816369 0.701705 0.818252 0.697639 0.818826 0.704517 0.849296 0.709939 0.848532 0.713414 0.851534 0.714770 0.851342 0.716507 0.852845 0.717862 0.852654 0.721338 0.855657 0.722693 0.855465 0.724431 0.856968 0.725787 0.856776 0.737950 0.867287 0.738332 0.868979 0.743544 0.873484 0.743926 0.875177 0.745665 0.876678 0.746811 0.881756 0.768498 0.878697 0.767352 0.873619 0.771245 0.866084 0.772600 0.865893 0.774547 0.862125 0.775902 0.861933 0.776875 0.860049 0.778231 0.859858 0.779204 0.857974 0.781915 0.857592 0.782888 0.855709 0.785600 0.855326 0.786573 0.853442 0.787928 0.853250 0.790848 0.847599 0.792203 0.847408 0.794151 0.843640 0.793769 0.841947 0.796688 0.836295 0.800755 0.835722 0.794641 0.808638 0.790574 0.809211 0.787099 0.806207 0.786717 0.804515 0.783242 0.801512 0.782859 0.799818 0.775909 0.793812 0.775527 0.792120 0.770315 0.787616 0.769932 0.785922 0.764719 0.781418 0.764337 0.779725 0.760862 0.776722 0.760480 0.775028 0.757005 0.772026 0.756623 0.770333 0.749672 0.764327 0.748317 0.764518 0.746579 0.763016 0.745223 0.763207 0.743486 0.761706 0.740775 0.762088 0.739037 0.760586 0.734971 0.761160 0.731496 0.758158 0.730350 0.753079
0 0.195868 0.646817 0.197015 0.651895 0.193122 0.659431 0.191766 0.659622 0.187872 0.667157 0.188255 0.668851 0.183388 0.678271 0.179322 0.678844 0.189257 0.722856 0.194679 0.722091 0.196416 0.723593 0.196798 0.725285 0.202011 0.729790 0.203366 0.729599 0.210317 0.735605 0.211464 0.740683 0.257548 0.734182 0.256020 0.727411 0.256994 0.725528 0.258349 0.725337 0.261269 0.719685 0.265335 0.719112 0.256164 0.678485 0.252098 0.679059 0.248623 0.676056 0.248241 0.674363 0.246503 0.672860 0.246121 0.671168 0.242645 0.668165 0.242263 0.666472 0.238788 0.663470 0.238406 0.661776 0.233193 0.657271 0.232811 0.655579 0.224124 0.648072 0.222978 0.642993
0 0.389928 0.409844 0.391074 0.414922 0.389127 0.418690 0.387772 0.418881 0.382905 0.428301 0.383287 0.429994 0.381341 0.433761 0.381723 0.435455 0.379776 0.439223 0.380158 0.440916 0.377239 0.446567 0.373172 0.447141 0.378522 0.470840 0.383944 0.470075 0.387419 0.473078 0.388565 0.478157 0.444138 0.470318 0.442992 0.465239 0.444939 0.461471 0.446294 0.461280 0.448241 0.457512 0.452307 0.456939 0.443518 0.418006 0.439452 0.418579 0.435977 0.415576 0.435595 0.413883 0.430382 0.409377 0.429235 0.404300
0 0.561869 0.651084 0.563016 0.656162 0.562042 0.658046 0.560687 0.658237 0.559714 0.660122 0.557003 0.660504 0.556029 0.662388 0.553319 0.662770 0.552345 0.664653 0.549634 0.665036 0.548661 0.666920 0.547306 0.667112 0.546332 0.668996 0.544976 0.669187 0.543030 0.672955 0.541675 0.673146 0.538754 0.678798 0.539137 0.680491 0.536217 0.686142 0.536599 0.687835 0.534652 0.691603 0.535034 0.693296 0.532115 0.698948 0.532497 0.700640 0.529577 0.706293 0.528222 0.706484 0.526274 0.710252 0.522208 0.710825 0.525265 0.724366 0.529331 0.723793 0.532807 0.726797 0.534162 0.726606 0.539375 0.731110 0.540730 0.730919 0.544206 0.733922 0.545561 0.733731 0.549037 0.736734 0.550183 0.741813 0.586780 0.736651 0.585633 0.731572 0.587580 0.727804 0.588936 0.727613 0.589909 0.725729 0.591264 0.725538 0.596131 0.716118 0.595749 0.714424 0.596723 0.712541 0.595958 0.709155 0.596931 0.707272 0.596549 0.705579 0.597523 0.703694 0.597141 0.702002 0.599086 0.698234 0.598704 0.696542 0.599678 0.694657 0.599296 0.692964 0.601243 0.689197 0.605309 0.688624 0.601105 0.670003 0.597039 0.670576 0.595302 0.669074 0.594920 0.667382 0.593182 0.665881 0.592800 0.664188 0.591062 0.662687 0.590680 0.660993 0.588942 0.659491 0.588560 0.657799 0.585085 0.654796 0.583557 0.648025
0 0.057120 0.372948 0.058267 0.378026 0.056320 0.381795 0.054964 0.381986 0.043285 0.404593 0.041929 0.404785 0.040956 0.406668 0.041338 0.408360 0.040365 0.410245 0.039009 0.410436 0.035116 0.417972 0.033761 0.418163 0.030841 0.423815 0.026774 0.424389 0.035945 0.465014 0.040012 0.464441 0.043487 0.467444 0.044252 0.470830 0.045989 0.472331 0.046371 0.474025 0.048108 0.475526 0.048490 0.477218 0.051965 0.480221 0.052347 0.481914 0.062774 0.490924 0.063920 0.496002 0.103228 0.490457 0.102081 0.485379 0.105001 0.479728 0.106357 0.479537 0.108303 0.475768 0.109658 0.475577 0.112579 0.469925 0.112197 0.468232 0.114144 0.464465 0.113761 0.462772 0.114734 0.460888 0.114352 0.459195 0.117272 0.453543 0.121338 0.452969 0.108728 0.397109 0.104662 0.397682 0.101187 0.394679 0.100805 0.392987 0.097330 0.389983 0.096948 0.388290 0.095210 0.386788 0.094828 0.385096 0.091352 0.382093 0.090970 0.380401 0.084021 0.374393 0.082874 0.369315
0 0.150705 0.471534 0.151852 0.476613 0.148931 0.482264 0.149313 0.483957 0.146394 0.489609 0.145038 0.489800 0.136278 0.506755 0.134922 0.506946 0.133949 0.508831 0.132594 0.509022 0.129674 0.514674 0.125607 0.515248 0.137071 0.566031 0.141138 0.565457 0.144613 0.568459 0.144995 0.570153 0.146732 0.571654 0.147115 0.573347 0.148852 0.574848 0.149234 0.576541 0.152710 0.579544 0.153092 0.581238 0.158304 0.585742 0.158686 0.587434 0.170850 0.597946 0.171232 0.599638 0.178182 0.605644 0.179711 0.612415 0.198686 0.609739 0.197158 0.602968 0.201051 0.595432 0.200669 0.593740 0.202617 0.589971 0.202235 0.588279 0.203207 0.586395 0.202443 0.583009 0.203417 0.581125 0.202653 0.577740 0.203626 0.575856 0.202861 0.572470 0.204808 0.568702 0.208875 0.568129 0.190915 0.488569 0.186848 0.489143 0.179897 0.483136 0.179515 0.481444 0.176040 0.478440 0.174684 0.478632 0.169472 0.474127 0.168326 0.469049
0 0.440744 0.703102 0.441890 0.708180 0.439944 0.711949 0.437233 0.712331 0.436260 0.714215 0.434904 0.714406 0.433931 0.716290 0.428509 0.717054 0.438062 0.759374 0.442128 0.758800 0.443866 0.760301 0.445221 0.760110 0.446959 0.761612 0.448315 0.761421 0.453527 0.765925 0.454882 0.765734 0.460096 0.770239 0.461242 0.775317 0.504616 0.769199 0.503470 0.764121 0.505417 0.760353 0.506772 0.760162 0.507745 0.758278 0.509100 0.758087 0.510074 0.756203 0.511430 0.756012 0.512403 0.754128 0.513758 0.753937 0.518625 0.744517 0.522692 0.743943 0.515049 0.710088 0.509627 0.710853 0.497464 0.700341 0.496318 0.695264
0 0.469408 0.105194 0.470936 0.111965 0.468989 0.115733 0.467634 0.115924 0.468016 0.117616 0.467043 0.119501 0.465688 0.119692 0.461794 0.127228 0.462176 0.128921 0.460230 0.132688 0.460612 0.134381 0.458665 0.138149 0.454599 0.138723 0.463006 0.175963 0.468427 0.175199 0.470165 0.176700 0.470548 0.178393 0.472285 0.179895 0.472667 0.181587 0.474404 0.183088 0.474786 0.184782 0.478262 0.187785 0.478644 0.189478 0.482119 0.192480 0.482502 0.194173 0.487714 0.198678 0.488096 0.200371 0.489834 0.201873 0.491189 0.201682 0.496401 0.206186 0.497548 0.211265 0.527369 0.207059 0.526222 0.201980 0.527195 0.200095 0.528550 0.199904 0.529524 0.198021 0.530880 0.197829 0.531853 0.195946 0.533208 0.195755 0.535155 0.191986 0.536510 0.191795 0.537484 0.189911 0.538839 0.189720 0.544679 0.178416 0.544297 0.176724 0.546243 0.172955 0.550309 0.172382 0.542667 0.138526 0.538601 0.139100 0.536863 0.137599 0.536481 0.135907 0.534743 0.134404 0.533597 0.129326 0.531859 0.127825 0.531477 0.126132 0.529740 0.124630 0.529358 0.122937 0.524145 0.118433 0.523763 0.116741 0.520288 0.113737 0.518932 0.113929 0.513719 0.109423 0.512364 0.109615 0.510627 0.108112 0.509271 0.108304 0.505796 0.105302 0.504649 0.100223
0 0.270476 0.748079 0.271623 0.753158 0.270650 0.755042 0.271032 0.756734 0.269085 0.760502 0.269467 0.762195 0.268494 0.764079 0.268876 0.765772 0.267903 0.767655 0.268285 0.769348 0.267311 0.771233 0.267693 0.772925 0.266719 0.774809 0.262653 0.775382 0.271443 0.814316 0.275508 0.813743 0.277247 0.815245 0.278393 0.820323 0.280131 0.821825 0.283570 0.837059 0.285307 0.838561 0.286071 0.841945 0.287810 0.843448 0.288574 0.846833 0.290311 0.848335 0.290693 0.850027 0.297643 0.856034 0.298790 0.861112 0.328610 0.856905 0.327463 0.851828 0.328437 0.849944 0.329792 0.849753 0.330766 0.847868 0.336187 0.847104 0.337160 0.845219 0.339871 0.844837 0.340845 0.842953 0.343556 0.842571 0.344529 0.840688 0.345885 0.840496 0.346858 0.838612 0.348213 0.838421 0.349187 0.836537 0.350542 0.836346 0.352489 0.832577 0.353844 0.832386 0.354818 0.830502 0.356173 0.830311 0.358120 0.826543 0.359475 0.826352 0.360448 0.824468 0.360066 0.822776 0.362013 0.819008 0.366080 0.818434 0.362258 0.801506 0.358192 0.802080 0.354716 0.799077 0.353952 0.795691 0.352214 0.794190 0.351832 0.792497 0.350095 0.790995 0.349713 0.789303 0.347975 0.787802 0.347593 0.786108 0.345855 0.784606 0.345473 0.782914 0.343736 0.781412 0.343354 0.779720 0.341616 0.778219 0.341234 0.776525 0.339497 0.775023 0.339115 0.773331 0.330426 0.765823 0.329071 0.766014 0.325596 0.763012 0.324240 0.763203 0.322503 0.761701 0.321147 0.761892 0.319409 0.760390 0.318054 0.760581 0.316316 0.759080 0.314961 0.759271 0.313223 0.757770 0.310513 0.758152 0.308775 0.756650 0.306064 0.757033 0.304326 0.755531 0.301615 0.755913 0.299878 0.754412 0.297167 0.754795 0.295430 0.753292 0.294074 0.753484 0.292337 0.751982 0.290808 0.745211
0 0.284259 0.208163 0.285406 0.213242 0.283459 0.217010 0.282103 0.217201 0.280156 0.220968 0.278801 0.221159 0.277828 0.223043 0.278210 0.224737 0.275290 0.230388 0.275673 0.232081 0.273726 0.235848 0.274108 0.237541 0.273134 0.239425 0.273516 0.241118 0.272543 0.243003 0.272925 0.244695 0.271952 0.246578 0.272334 0.248272 0.271360 0.250156 0.267294 0.250730 0.282580 0.318440 0.286646 0.317867 0.288383 0.319368 0.289530 0.324445 0.313928 0.321004 0.312782 0.315926 0.314728 0.312158 0.316083 0.311967 0.317057 0.310084 0.318413 0.309892 0.319386 0.308008 0.322097 0.307626 0.323069 0.305741 0.324425 0.305550 0.325398 0.303667 0.330821 0.302902 0.331794 0.301017 0.337216 0.300252 0.338189 0.298369 0.344966 0.297413 0.345940 0.295529 0.355428 0.294190 0.356402 0.292307 0.359112 0.291924 0.360085 0.290041 0.364151 0.289468 0.354216 0.245455 0.350150 0.246028 0.346675 0.243026 0.345528 0.237947 0.343791 0.236445 0.343027 0.233061 0.341289 0.231559 0.340525 0.228173 0.338787 0.226671 0.338405 0.224979 0.336668 0.223478 0.336285 0.221784 0.332810 0.218781 0.332428 0.217089 0.328953 0.214085 0.327598 0.214276 0.324123 0.211274 0.321411 0.211656 0.319674 0.210154 0.318318 0.210345 0.316581 0.208844 0.315434 0.203766
0 0.574326 0.167248 0.575473 0.172327 0.569633 0.183630 0.570015 0.185323 0.568067 0.189091 0.568450 0.190784 0.567477 0.192667 0.562055 0.193432 0.576958 0.259450 0.582380 0.258686 0.585855 0.261688 0.586237 0.263381 0.587975 0.264882 0.589330 0.264691 0.594542 0.269196 0.595898 0.269005 0.599373 0.272008 0.600728 0.271817 0.604204 0.274820 0.605351 0.279898 0.662279 0.271868 0.661133 0.266790 0.662106 0.264906 0.666173 0.264333 0.653181 0.206779 0.649114 0.207352 0.645639 0.204348 0.645257 0.202656 0.643519 0.201155 0.643137 0.199462 0.639661 0.196459 0.639279 0.194765 0.637542 0.193264 0.637160 0.191572 0.621521 0.178057 0.620166 0.178249 0.616691 0.175245 0.615336 0.175437 0.610123 0.170932 0.608768 0.171124 0.605292 0.168121 0.604145 0.163042
0 0.746297 0.464377 0.747443 0.469455 0.740630 0.482643 0.741012 0.484335 0.738092 0.489987 0.738474 0.491680 0.737501 0.493564 0.737883 0.495257 0.735936 0.499025 0.731870 0.499599 0.747537 0.569002 0.751603 0.568428 0.755079 0.571431 0.755462 0.573124 0.758936 0.576127 0.759318 0.577820 0.764531 0.582324 0.764913 0.584017 0.775339 0.593027 0.776485 0.598104 0.788684 0.596384 0.787538 0.591306 0.788511 0.589422 0.789866 0.589230 0.791814 0.585463 0.793169 0.585272 0.795115 0.581503 0.796470 0.581312 0.798418 0.577544 0.799773 0.577353 0.801719 0.573586 0.803075 0.573395 0.806968 0.565859 0.808324 0.565668 0.816110 0.550595 0.820177 0.550022 0.811006 0.509395 0.806939 0.509969 0.803464 0.506966 0.803082 0.505274 0.799607 0.502270 0.799224 0.500577 0.795749 0.497574 0.795367 0.495882 0.788417 0.489875 0.788035 0.488183 0.781084 0.482176 0.780702 0.480484 0.765064 0.466969 0.763918 0.461891
0 0.233733 0.473796 0.234880 0.478875 0.231960 0.484526 0.230604 0.484717 0.223792 0.497905 0.224174 0.499598 0.223200 0.501482 0.217778 0.502247 0.230388 0.558108 0.235810 0.557343 0.237548 0.558844 0.237930 0.560537 0.241405 0.563540 0.241787 0.565234 0.253950 0.575744 0.255097 0.580823 0.274073 0.578146 0.272927 0.573067 0.274873 0.569299 0.276228 0.569108 0.278176 0.565340 0.279531 0.565149 0.281478 0.561381 0.282833 0.561190 0.286726 0.553654 0.288082 0.553463 0.287699 0.551770 0.288673 0.549886 0.294094 0.549122 0.283777 0.503417 0.279711 0.503990 0.276236 0.500987 0.275854 0.499295 0.274116 0.497794 0.273733 0.496100 0.271996 0.494599 0.271614 0.492906 0.269876 0.491405 0.269494 0.489712 0.266020 0.486708 0.265637 0.485015 0.255211 0.476007 0.254065 0.470928
0 0.453431 0.338007 0.454578 0.343086 0.452632 0.346854 0.453014 0.348546 0.451066 0.352314 0.447001 0.352887 0.458464 0.403670 0.465242 0.402714 0.466979 0.404215 0.469690 0.403833 0.471428 0.405335 0.474139 0.404953 0.475876 0.406454 0.477231 0.406262 0.478969 0.407764 0.481680 0.407382 0.483417 0.408884 0.486128 0.408502 0.487866 0.410003 0.489222 0.409812 0.490959 0.411314 0.492314 0.411123 0.494052 0.412624 0.495408 0.412432 0.498883 0.415436 0.500029 0.420513 0.520361 0.417645 0.519215 0.412568 0.521161 0.408800 0.520779 0.407108 0.522726 0.403340 0.522344 0.401646 0.524290 0.397878 0.528357 0.397305 0.521097 0.365142 0.517030 0.365715 0.513555 0.362712 0.513173 0.361020 0.507960 0.356516 0.507577 0.354823 0.502365 0.350317 0.501009 0.350509 0.495797 0.346004 0.494442 0.346195 0.490966 0.343192 0.489611 0.343384 0.487874 0.341883 0.486518 0.342074 0.483043 0.339071 0.481896 0.333992
0 0.526080 0.907652 0.527609 0.914423 0.526636 0.916307 0.525281 0.916498 0.524307 0.918382 0.524689 0.920075 0.520796 0.927611 0.521178 0.929303 0.518258 0.934955 0.518640 0.936648 0.516694 0.940416 0.512627 0.940989 0.521416 0.979923 0.525483 0.979350 0.528957 0.982352 0.529340 0.984045 0.531078 0.985547 0.531460 0.987239 0.536673 0.991744 0.537055 0.993437 0.540529 0.996440 0.541885 0.996249 0.548836 1.000000 0.549982 1.000000 0.589290 1.000000 0.587761 0.995017 0.588735 0.993134 0.590090 0.992943 0.593010 0.987291 0.594365 0.987100 0.593983 0.985407 0.596904 0.979755 0.596521 0.978062 0.598468 0.974294 0.598086 0.972601 0.600033 0.968834 0.599650 0.967141 0.600624 0.965256 0.606046 0.964492 0.597639 0.927252 0.593573 0.927826 0.588360 0.923320 0.587978 0.921627 0.577552 0.912619 0.576197 0.912810 0.569246 0.906802 0.568100 0.901725
0 0.648389 0.848480 0.649535 0.853557 0.647588 0.857327 0.646233 0.857518 0.642339 0.865053 0.640984 0.865245 0.639038 0.869013 0.637682 0.869204 0.630869 0.882391 0.631251 0.884083 0.628331 0.889736 0.624265 0.890309 0.636110 0.942784 0.640176 0.942211 0.645390 0.946716 0.646745 0.946525 0.651958 0.951029 0.653314 0.950838 0.656788 0.953842 0.658144 0.953651 0.659882 0.955152 0.661237 0.954961 0.662974 0.956462 0.664330 0.956270 0.666067 0.957773 0.667214 0.962850 0.695678 0.958835 0.694532 0.953757 0.696479 0.949990 0.697834 0.949798 0.704648 0.936611 0.704265 0.934918 0.706212 0.931150 0.710279 0.930576 0.698051 0.876408 0.693984 0.876982 0.692247 0.875479 0.691865 0.873787 0.690126 0.872285 0.689744 0.870593 0.686269 0.867590 0.685887 0.865897 0.682412 0.862894 0.682030 0.861201 0.669866 0.850690 0.668720 0.845612
0 0.122010 0.685181 0.123157 0.690259 0.122184 0.692143 0.122566 0.693837 0.120620 0.697605 0.121002 0.699297 0.119055 0.703065 0.119437 0.704758 0.115543 0.712293 0.115925 0.713986 0.113005 0.719637 0.113388 0.721331 0.111441 0.725099 0.111823 0.726791 0.105010 0.739979 0.105393 0.741672 0.104419 0.743556 0.098997 0.744321 0.103582 0.764634 0.107649 0.764060 0.111124 0.767063 0.111889 0.770449 0.115363 0.773452 0.115745 0.775145 0.119220 0.778147 0.119602 0.779841 0.121340 0.781342 0.121722 0.783035 0.123460 0.784537 0.123842 0.786229 0.130793 0.792235 0.132148 0.792044 0.135623 0.795048 0.136978 0.794856 0.138716 0.796358 0.141427 0.795976 0.143165 0.797477 0.144520 0.797286 0.146258 0.798788 0.147613 0.798597 0.149350 0.800098 0.150497 0.805177 0.187094 0.800014 0.185948 0.794936 0.190815 0.785515 0.196236 0.784751 0.186683 0.742432 0.182617 0.743006 0.180880 0.741505 0.180115 0.738118 0.178377 0.736617 0.177231 0.731539 0.175493 0.730037 0.174729 0.726652 0.172992 0.725151 0.172227 0.721765 0.170490 0.720263 0.169726 0.716877 0.167988 0.715376 0.167606 0.713683 0.165868 0.712181 0.165486 0.710489 0.163749 0.708988 0.163366 0.707294 0.161628 0.705792 0.161246 0.704100 0.156034 0.699596 0.154678 0.699787 0.151204 0.696783 0.149848 0.696974 0.144635 0.692470 0.143280 0.692661 0.141543 0.691160 0.140187 0.691351 0.136711 0.688347 0.135565 0.683269
0 0.320655 0.468522 0.321801 0.473600 0.319855 0.477367 0.318500 0.477559 0.317527 0.479443 0.316171 0.479634 0.315198 0.481518 0.313842 0.481709 0.312868 0.483594 0.311513 0.483785 0.309567 0.487553 0.308211 0.487744 0.300424 0.502815 0.300807 0.504509 0.298861 0.508277 0.299243 0.509969 0.297296 0.513737 0.293229 0.514310 0.300872 0.548166 0.304939 0.547592 0.308414 0.550595 0.308796 0.552287 0.312270 0.555292 0.312652 0.556984 0.317866 0.561489 0.318248 0.563181 0.328673 0.572191 0.329820 0.577268 0.350152 0.574401 0.349006 0.569323 0.349979 0.567439 0.349596 0.565746 0.353490 0.558210 0.353108 0.556518 0.355054 0.552750 0.354672 0.551057 0.358565 0.543521 0.358183 0.541828 0.360130 0.538060 0.359748 0.536368 0.360721 0.534484 0.360339 0.532791 0.362285 0.529023 0.361903 0.527330 0.362877 0.525446 0.362494 0.523753 0.363467 0.521870 0.362703 0.518484 0.363677 0.516601 0.363295 0.514907 0.365241 0.511139 0.369307 0.510566 0.360518 0.471632 0.355097 0.472397 0.353359 0.470895 0.351831 0.464124
0 0.089074 0.235694 0.090221 0.240773 0.088273 0.244541 0.086918 0.244732 0.085944 0.246616 0.084589 0.246807 0.082643 0.250575 0.081287 0.250766 0.080314 0.252651 0.078959 0.252842 0.076038 0.258493 0.074683 0.258684 0.067870 0.271873 0.068252 0.273565 0.066305 0.277333 0.066687 0.279026 0.063768 0.284677 0.064150 0.286370 0.062203 0.290139 0.058137 0.290712 0.063868 0.316103 0.067934 0.315530 0.071410 0.318533 0.072765 0.318341 0.074502 0.319843 0.075858 0.319651 0.079334 0.322655 0.080690 0.322464 0.082427 0.323965 0.083782 0.323774 0.087258 0.326777 0.088613 0.326586 0.097301 0.334093 0.097683 0.335787 0.108108 0.344796 0.109254 0.349874 0.140430 0.345476 0.139284 0.340399 0.142203 0.334747 0.143559 0.334556 0.146479 0.328904 0.146097 0.327210 0.149017 0.321559 0.153084 0.320986 0.143148 0.276974 0.139082 0.277547 0.132131 0.271541 0.131749 0.269849 0.130012 0.268347 0.129630 0.266653 0.127892 0.265152 0.127510 0.263460 0.125772 0.261958 0.125389 0.260265 0.123652 0.258764 0.123270 0.257070 0.121533 0.255569 0.121151 0.253877 0.119413 0.252375 0.119031 0.250682 0.117293 0.249181 0.116911 0.247489 0.115173 0.245986 0.114791 0.244293 0.111316 0.241291 0.110934 0.239598 0.109197 0.238097 0.108050 0.233018
0 0.580614 0.529667 0.581761 0.534746 0.580788 0.536629 0.581170 0.538321 0.580197 0.540206 0.580579 0.541898 0.579605 0.543782 0.579987 0.545476 0.579013 0.547359 0.579395 0.549051 0.578423 0.550936 0.578805 0.552629 0.577832 0.554513 0.578214 0.556205 0.577240 0.558089 0.577623 0.559783 0.576649 0.561666 0.577031 0.563359 0.575084 0.567126 0.575466 0.568820 0.574494 0.570704 0.574876 0.572396 0.572929 0.576164 0.573311 0.577856 0.572337 0.579741 0.572720 0.581434 0.569800 0.587085 0.570182 0.588779 0.569209 0.590662 0.569591 0.592354 0.567644 0.596123 0.563578 0.596697 0.571221 0.630552 0.575287 0.629979 0.578763 0.632982 0.579527 0.636366 0.581264 0.637868 0.581646 0.639562 0.588596 0.645567 0.590125 0.652338 0.615878 0.648705 0.614732 0.643628 0.615705 0.641743 0.617061 0.641552 0.618034 0.639668 0.619389 0.639477 0.620363 0.637593 0.623074 0.637210 0.625021 0.633443 0.626376 0.633252 0.633189 0.620064 0.632807 0.618371 0.634754 0.614604 0.638821 0.614030 0.628503 0.568325 0.624436 0.568899 0.620961 0.565896 0.620579 0.564203 0.618842 0.562701 0.618459 0.561008 0.614984 0.558006 0.614601 0.556313 0.611127 0.553309 0.610745 0.551616 0.605532 0.547112 0.605150 0.545419 0.591249 0.533407 0.590103 0.528328
0 0.529916 0.788337 0.531063 0.793415 0.530089 0.795300 0.528733 0.795491 0.527760 0.797375 0.525049 0.797758 0.524076 0.799641 0.522721 0.799832 0.521747 0.801716 0.519036 0.802098 0.518063 0.803983 0.516707 0.804174 0.515734 0.806058 0.513023 0.806441 0.512050 0.808324 0.510695 0.808515 0.509721 0.810399 0.508366 0.810590 0.507393 0.812475 0.504681 0.812857 0.503708 0.814741 0.502353 0.814933 0.501379 0.816816 0.498668 0.817198 0.497696 0.819083 0.496340 0.819274 0.495366 0.821158 0.491300 0.821731 0.495886 0.842044 0.501307 0.841279 0.504783 0.844283 0.506138 0.844092 0.513088 0.850098 0.514444 0.849907 0.519657 0.854411 0.520039 0.856104 0.525251 0.860608 0.525634 0.862301 0.536059 0.871311 0.537205 0.876389 0.568380 0.871991 0.567234 0.866914 0.569182 0.863145 0.570537 0.862954 0.576377 0.851651 0.580443 0.851077 0.565158 0.783366
0 0.648704 0.478142 0.649850 0.483220 0.647904 0.486988 0.648286 0.488682 0.646339 0.492449 0.646722 0.494143 0.645748 0.496026 0.646130 0.497718 0.644183 0.501486 0.644565 0.503180 0.643592 0.505063 0.643975 0.506756 0.643002 0.508641 0.638935 0.509214 0.653456 0.573538 0.657522 0.572965 0.660997 0.575969 0.661379 0.577661 0.666592 0.582166 0.666974 0.583859 0.670450 0.586862 0.671596 0.591941 0.694638 0.588690 0.693492 0.583612 0.698359 0.574191 0.699715 0.574000 0.702634 0.568349 0.702252 0.566655 0.706145 0.559120 0.710212 0.558546 0.696838 0.499300 0.692771 0.499873 0.673658 0.483356 0.672302 0.483547 0.668827 0.480544 0.667680 0.475466
0 0.267851 0.587757 0.268997 0.592834 0.267051 0.596603 0.267433 0.598296 0.265486 0.602063 0.265868 0.603757 0.262949 0.609408 0.258882 0.609982 0.276078 0.686155 0.280145 0.685582 0.281882 0.687084 0.282264 0.688776 0.285739 0.691780 0.286121 0.693473 0.289596 0.696476 0.289979 0.698169 0.302141 0.708680 0.303288 0.713758 0.329042 0.710126 0.327895 0.705047 0.328868 0.703164 0.331579 0.702781 0.332553 0.700897 0.333908 0.700705 0.334882 0.698822 0.336238 0.698631 0.339157 0.692978 0.343223 0.692405 0.328702 0.628080 0.324636 0.628653 0.322899 0.627151 0.322517 0.625459 0.320779 0.623958 0.320397 0.622265 0.318659 0.620763 0.318277 0.619070 0.314801 0.616067 0.314419 0.614374 0.309207 0.609870 0.307851 0.610061 0.300902 0.604055 0.299546 0.604246 0.296070 0.601243 0.294715 0.601434 0.291240 0.598431 0.289884 0.598622 0.286409 0.595619 0.285054 0.595810 0.283316 0.594309 0.281960 0.594500 0.278485 0.591496 0.277339 0.586418
0 0.620703 0.719638 0.621849 0.724716 0.619902 0.728485 0.617192 0.728868 0.615244 0.732636 0.613889 0.732827 0.611942 0.736594 0.610587 0.736785 0.609613 0.738669 0.608258 0.738861 0.605338 0.744512 0.603983 0.744703 0.600090 0.752240 0.598734 0.752431 0.588027 0.773154 0.588409 0.774846 0.587436 0.776731 0.582014 0.777496 0.589657 0.811351 0.595079 0.810586 0.605504 0.819596 0.606650 0.824673 0.641892 0.819702 0.640746 0.814625 0.642693 0.810857 0.644048 0.810665 0.645995 0.806897 0.647350 0.806706 0.649297 0.802938 0.650652 0.802747 0.652599 0.798979 0.652217 0.797287 0.656110 0.789750 0.655728 0.788058 0.657675 0.784290 0.657293 0.782597 0.658266 0.780713 0.657884 0.779021 0.658857 0.777137 0.658474 0.775443 0.659448 0.773560 0.663514 0.772986 0.654343 0.732360 0.650277 0.732934 0.646802 0.729930 0.646038 0.726545 0.644301 0.725044 0.643918 0.723350 0.642180 0.721848 0.641034 0.716771
0 0.332135 0.711436 0.340924 0.750369 0.344989 0.749795 0.346728 0.751297 0.347110 0.752990 0.348848 0.754491 0.349230 0.756184 0.350967 0.757686 0.351349 0.759379 0.354824 0.762381 0.355206 0.764074 0.360419 0.768580 0.361775 0.768388 0.366988 0.772893 0.369699 0.772510 0.371436 0.774012 0.374147 0.773630 0.375884 0.775131 0.377030 0.780209 0.400073 0.776959 0.398927 0.771881 0.399900 0.769997 0.401256 0.769806 0.402229 0.767922 0.404940 0.767539 0.411753 0.754351 0.411371 0.752659 0.412344 0.750775 0.417767 0.750011 0.409742 0.714462 0.402964 0.715418 0.399489 0.712415 0.396778 0.712797 0.395041 0.711296 0.390974 0.711870 0.389236 0.710368 0.387881 0.710559 0.386143 0.709057 0.384997 0.703979
0 0.375221 0.803171 0.392035 0.877653 0.396101 0.877079 0.397839 0.878580 0.398221 0.880274 0.399958 0.881775 0.400340 0.883468 0.402078 0.884970 0.402842 0.888354 0.404580 0.889857 0.404962 0.891550 0.406700 0.893051 0.407082 0.894743 0.410557 0.897747 0.415979 0.896982 0.417716 0.898484 0.424494 0.897528 0.426232 0.899030 0.428942 0.898647 0.435892 0.904654 0.437421 0.911424 0.460464 0.908173 0.459317 0.903096 0.464185 0.893676 0.465540 0.893485 0.465157 0.891792 0.468078 0.886139 0.467696 0.884447 0.469641 0.880679 0.468877 0.877294 0.469851 0.875410 0.469469 0.873717 0.470442 0.871833 0.469677 0.868447 0.470651 0.866564 0.469887 0.863178 0.470861 0.861294 0.469332 0.854524 0.470305 0.852639 0.469159 0.847561 0.470132 0.845677 0.469368 0.842291 0.470341 0.840408 0.469959 0.838715 0.476772 0.825526 0.478128 0.825335 0.480074 0.821568 0.484140 0.820995 0.479937 0.802374 0.467738 0.804095 0.466764 0.805979 0.465409 0.806170 0.464436 0.808054 0.463081 0.808245 0.462108 0.810128 0.460752 0.810320 0.459779 0.812204 0.458423 0.812395 0.457449 0.814280 0.452028 0.815044 0.451055 0.816928 0.437500 0.818840 0.435763 0.817339 0.427629 0.818486 0.425892 0.816984 0.423181 0.817366 0.421444 0.815864 0.418733 0.816246 0.416995 0.814745 0.415639 0.814937 0.413902 0.813436 0.411191 0.813818 0.409453 0.812316 0.406743 0.812698 0.405005 0.811196 0.403650 0.811387 0.400174 0.808384 0.398819 0.808575 0.395344 0.805573 0.394198 0.800494
0 0.293606 0.912496 0.295135 0.919267 0.293188 0.923035 0.293570 0.924729 0.292597 0.926612 0.292979 0.928304 0.291033 0.932072 0.286966 0.932646 0.295755 0.971580 0.299822 0.971006 0.303297 0.974009 0.304061 0.977395 0.305798 0.978896 0.306180 0.980589 0.307918 0.982092 0.308300 0.983784 0.310038 0.985286 0.310420 0.986978 0.313895 0.989981 0.314277 0.991675 0.317752 0.994677 0.318134 0.996370 0.328560 1.000000 0.329915 1.000000 0.333390 1.000000 0.334746 1.000000 0.338221 1.000000 0.339368 1.000000 0.378676 1.000000 0.377530 1.000000 0.379476 1.000000 0.380831 1.000000 0.384725 0.993964 0.386080 0.993773 0.387054 0.991889 0.386671 0.990196 0.387645 0.988311 0.393066 0.987547 0.380456 0.931686 0.376390 0.932259 0.372915 0.929256 0.372532 0.927563 0.370794 0.926062 0.370412 0.924370 0.366937 0.921366 0.366555 0.919673 0.361343 0.915169 0.359988 0.915360 0.353037 0.909354 0.351890 0.904275
0 0.397280 0.213181 0.398427 0.218259 0.395507 0.223911 0.394151 0.224102 0.393178 0.225987 0.393560 0.227679 0.390640 0.233331 0.386574 0.233905 0.397274 0.281302 0.401340 0.280729 0.411766 0.289737 0.413121 0.289546 0.418334 0.294051 0.419481 0.299130 0.457433 0.293776 0.456286 0.288698 0.458233 0.284930 0.459589 0.284738 0.462508 0.279086 0.462126 0.277394 0.464073 0.273626 0.463691 0.271934 0.466611 0.266281 0.470678 0.265708 0.462271 0.228467 0.456848 0.229232 0.455111 0.227731 0.454729 0.226037 0.452992 0.224536 0.452610 0.222843 0.443921 0.215335 0.442565 0.215526 0.439090 0.212523 0.437944 0.207445
0 0.336343 0.333563 0.337872 0.340334 0.330085 0.355405 0.330467 0.357098 0.327547 0.362750 0.327929 0.364443 0.326956 0.366327 0.321535 0.367091 0.331088 0.409410 0.388017 0.401380 0.386870 0.396302 0.387843 0.394418 0.389199 0.394226 0.390172 0.392343 0.391528 0.392152 0.392502 0.390268 0.393857 0.390077 0.395804 0.386309 0.397159 0.386118 0.402026 0.376698 0.401644 0.375006 0.403590 0.371238 0.403208 0.369544 0.405155 0.365776 0.409221 0.365203 0.400050 0.324577
0 0.744856 0.625273 0.746384 0.632044 0.745411 0.633929 0.744055 0.634120 0.736268 0.649190 0.736650 0.650884 0.734704 0.654652 0.735086 0.656344 0.733140 0.660112 0.729073 0.660685 0.743212 0.723318 0.747279 0.722744 0.752491 0.727249 0.752873 0.728942 0.756349 0.731945 0.756731 0.733637 0.760206 0.736641 0.760588 0.738334 0.764063 0.741337 0.765210 0.746416 0.793674 0.742401 0.792528 0.737322 0.794474 0.733554 0.795830 0.733363 0.800696 0.723944 0.802052 0.723752 0.803026 0.721868 0.802643 0.720175 0.808483 0.708871 0.808101 0.707178 0.809074 0.705295 0.808692 0.703602 0.810639 0.699834 0.814705 0.699260 0.802858 0.646784 0.798792 0.647358 0.795318 0.644356 0.794935 0.642662 0.791460 0.639659 0.791078 0.637967 0.780653 0.628958 0.779297 0.629149 0.775822 0.626145 0.774676 0.621067
0 0.501853 0.261310 0.503381 0.268081 0.496567 0.281269 0.492501 0.281842 0.499380 0.312312 0.503446 0.311738 0.512134 0.319247 0.512516 0.320940 0.529892 0.335956 0.531247 0.335765 0.532985 0.337265 0.534341 0.337074 0.536078 0.338575 0.537433 0.338384 0.539171 0.339886 0.540527 0.339695 0.542264 0.341196 0.543620 0.341005 0.545357 0.342507 0.548068 0.342125 0.551543 0.345128 0.552690 0.350207 0.577088 0.346765 0.575559 0.339993 0.576533 0.338110 0.581954 0.337345 0.573929 0.301796 0.569863 0.302370 0.566388 0.299367 0.566006 0.297674 0.564268 0.296174 0.563886 0.294480 0.562149 0.292979 0.561767 0.291286 0.558292 0.288283 0.557909 0.286589 0.552696 0.282085 0.552314 0.280393 0.547102 0.275888 0.546720 0.274194 0.536294 0.265186 0.534938 0.265377 0.533201 0.263875 0.531673 0.257104
0 0.160135 0.358418 0.161281 0.363495 0.154468 0.376683 0.154850 0.378376 0.152903 0.382144 0.153285 0.383837 0.151339 0.387605 0.147272 0.388178 0.159119 0.440655 0.164540 0.439890 0.166277 0.441391 0.166660 0.443084 0.170135 0.446086 0.171664 0.452858 0.200128 0.448843 0.198982 0.443764 0.200928 0.439997 0.202283 0.439805 0.207151 0.430386 0.211217 0.429813 0.194021 0.353638
0 0.606108 0.351405 0.607254 0.356483 0.605308 0.360251 0.603953 0.360442 0.602979 0.362326 0.601624 0.362517 0.600650 0.364401 0.599294 0.364592 0.598321 0.366476 0.596966 0.366667 0.595019 0.370435 0.593664 0.370626 0.591717 0.374394 0.586295 0.375159 0.596231 0.419171 0.600296 0.418597 0.603772 0.421600 0.604154 0.423293 0.607629 0.426297 0.608011 0.427989 0.614961 0.433996 0.615343 0.435688 0.627507 0.446199 0.628653 0.451277 0.657118 0.447262 0.655972 0.442184 0.657918 0.438416 0.659274 0.438225 0.660247 0.436342 0.661602 0.436150 0.665495 0.428614 0.666851 0.428422 0.668797 0.424655 0.668415 0.422962 0.673282 0.413542 0.677349 0.412968 0.667031 0.367264 0.662965 0.367838 0.657752 0.363333 0.656396 0.363524 0.647708 0.356017 0.646353 0.356208 0.641140 0.351704 0.639994 0.346625
0 0.443572 0.926277 0.444718 0.931355 0.441798 0.937007 0.440442 0.937198 0.432655 0.952270 0.433037 0.953962 0.432064 0.955846 0.432447 0.957540 0.430500 0.961306 0.430882 0.963000 0.429909 0.964884 0.430291 0.966576 0.429318 0.968461 0.429700 0.970153 0.427753 0.973921 0.428135 0.975614 0.427162 0.977498 0.427544 0.979190 0.425597 0.982958 0.421531 0.983531 0.429556 1.000000 0.433622 1.000000 0.440573 1.000000 0.441719 1.000000 0.479672 1.000000 0.478525 1.000000 0.481445 1.000000 0.482800 1.000000 0.484747 1.000000 0.486102 1.000000 0.493889 0.994286 0.493507 0.992593 0.495454 0.988825 0.495071 0.987132 0.497018 0.983365 0.496636 0.981671 0.498583 0.977904 0.502649 0.977330 0.491949 0.929933 0.486528 0.930697 0.484790 0.929195 0.483434 0.929387 0.479959 0.926384 0.478813 0.921306
0 0.212449 0.274185 0.213596 0.279263 0.205809 0.294336 0.206191 0.296028 0.203271 0.301679 0.203653 0.303373 0.200733 0.309025 0.196667 0.309599 0.207749 0.358688 0.211814 0.358115 0.215290 0.361118 0.215672 0.362811 0.217410 0.364312 0.217792 0.366005 0.226479 0.373513 0.227835 0.373321 0.231310 0.376325 0.232457 0.381402 0.244655 0.379682 0.243509 0.374604 0.247403 0.367068 0.247021 0.365375 0.249941 0.359723 0.249559 0.358031 0.252478 0.352379 0.252096 0.350686 0.256963 0.341266 0.256581 0.339574 0.258528 0.335806 0.258145 0.334113 0.260092 0.330345 0.259710 0.328652 0.261657 0.324885 0.265723 0.324311 0.256552 0.283684 0.252485 0.284257 0.242060 0.275248 0.240914 0.270170
0 0.649281 0.610808 0.650810 0.617579 0.647890 0.623231 0.648272 0.624923 0.645352 0.630576 0.645734 0.632268 0.643788 0.636036 0.644170 0.637728 0.643197 0.639612 0.643579 0.641306 0.642605 0.643189 0.642987 0.644881 0.641041 0.648650 0.636975 0.649224 0.646528 0.691542 0.650594 0.690969 0.661019 0.699978 0.662165 0.705056 0.677076 0.702953 0.675930 0.697875 0.676903 0.695992 0.678258 0.695801 0.679232 0.693916 0.680587 0.693725 0.682534 0.689957 0.683890 0.689766 0.688756 0.680346 0.690112 0.680154 0.695951 0.668852 0.701374 0.668087 0.693731 0.634232 0.689664 0.634805 0.667076 0.615284 0.665547 0.608513
0 0.076011 0.530977 0.077157 0.536055 0.073264 0.543590 0.073646 0.545283 0.070726 0.550935 0.071108 0.552628 0.069161 0.556396 0.069543 0.558089 0.068570 0.559973 0.069335 0.563358 0.066415 0.569009 0.066797 0.570703 0.063877 0.576355 0.064259 0.578047 0.061338 0.583699 0.057273 0.584272 0.069119 0.636749 0.073185 0.636175 0.083611 0.645184 0.084966 0.644993 0.088441 0.647996 0.089796 0.647805 0.091534 0.649307 0.092889 0.649116 0.096365 0.652118 0.097720 0.651927 0.106408 0.659435 0.107554 0.664514 0.127886 0.661646 0.126358 0.654874 0.127332 0.652991 0.126950 0.651298 0.127922 0.649414 0.127540 0.647721 0.129487 0.643954 0.129105 0.642261 0.130078 0.640376 0.129696 0.638684 0.130669 0.636799 0.130287 0.635107 0.131261 0.633224 0.130879 0.631530 0.131852 0.629646 0.131469 0.627954 0.133416 0.624186 0.137482 0.623612 0.124490 0.566058 0.120424 0.566632 0.115211 0.562127 0.114829 0.560434 0.113091 0.558932 0.112709 0.557240 0.110972 0.555739 0.110590 0.554046 0.107114 0.551043 0.106732 0.549350 0.101519 0.544845 0.101137 0.543152 0.097662 0.540149 0.097280 0.538456 0.092068 0.533952 0.090921 0.528873
0 0.537355 0.430969 0.544997 0.464824 0.549064 0.464251 0.556014 0.470257 0.556396 0.471950 0.559872 0.474952 0.560254 0.476645 0.561991 0.478147 0.562373 0.479840 0.583224 0.497859 0.584580 0.497667 0.586317 0.499170 0.587846 0.505940 0.600045 0.504219 0.598517 0.497449 0.603383 0.488029 0.603001 0.486336 0.604948 0.482568 0.609014 0.481995 0.600225 0.443061 0.596159 0.443634 0.592683 0.440631 0.592301 0.438938 0.590564 0.437437 0.590182 0.435744 0.583232 0.429738 0.582085 0.424660
0 0.478639 0.585971 0.479785 0.591048 0.477838 0.594818 0.476483 0.595009 0.475510 0.596892 0.474154 0.597083 0.472207 0.600851 0.470851 0.601043 0.469879 0.602927 0.468524 0.603118 0.464630 0.610654 0.463274 0.610845 0.459381 0.618380 0.458026 0.618571 0.455106 0.624223 0.453751 0.624415 0.452777 0.626298 0.447355 0.627063 0.453851 0.655840 0.457917 0.655267 0.459655 0.656769 0.461011 0.656578 0.462748 0.658079 0.464103 0.657888 0.465841 0.659389 0.467197 0.659197 0.472409 0.663703 0.473556 0.668780 0.518286 0.662471 0.517140 0.657393 0.519086 0.653625 0.520442 0.653434 0.521415 0.651550 0.522770 0.651359 0.524717 0.647592 0.526073 0.647400 0.528992 0.641748 0.533059 0.641174 0.519302 0.580235
0 0.699605 0.282323 0.700751 0.287401 0.695884 0.296821 0.694529 0.297012 0.693556 0.298897 0.690845 0.299279 0.689872 0.301163 0.687161 0.301545 0.686187 0.303429 0.684832 0.303620 0.683858 0.305504 0.682503 0.305695 0.681530 0.307579 0.680174 0.307770 0.680556 0.309463 0.677637 0.315116 0.673570 0.315689 0.681595 0.351237 0.687017 0.350472 0.688754 0.351973 0.689136 0.353666 0.692612 0.356669 0.692994 0.358362 0.696469 0.361366 0.696851 0.363058 0.700326 0.366061 0.700708 0.367755 0.704184 0.370757 0.704948 0.374142 0.706685 0.375644 0.707068 0.377338 0.708805 0.378839 0.709569 0.382224 0.711307 0.383725 0.711689 0.385418 0.713427 0.386919 0.714191 0.390305 0.715928 0.391807 0.717839 0.400271 0.719576 0.401773 0.722633 0.415315 0.721660 0.417198 0.723189 0.423969 0.722216 0.425853 0.726420 0.444474 0.754884 0.440459 0.753355 0.433687 0.755302 0.429920 0.754537 0.426535 0.756484 0.422767 0.756102 0.421074 0.757076 0.419189 0.756693 0.417497 0.757666 0.415613 0.756902 0.412227 0.758849 0.408460 0.758467 0.406767 0.759441 0.404883 0.759058 0.403190 0.760031 0.401306 0.759649 0.399613 0.761596 0.395846 0.761214 0.394153 0.763160 0.390385 0.767226 0.389812 0.753469 0.328871 0.749403 0.329445 0.747666 0.327944 0.747284 0.326252 0.745546 0.324750 0.744400 0.319672 0.742662 0.318170 0.741515 0.313091 0.739778 0.311590 0.737868 0.303127 0.736130 0.301624 0.734984 0.296546 0.733246 0.295045 0.732864 0.293352 0.731126 0.291850 0.730744 0.290158 0.723794 0.284151 0.722648 0.279073
0 0.699605 0.282323 0.701133 0.289094 0.700161 0.290979 0.698805 0.291170 0.695884 0.296821 0.694529 0.297012 0.693556 0.298897 0.690845 0.299279 0.689872 0.301163 0.687161 0.301545 0.686187 0.303429 0.684832 0.303620 0.683858 0.305504 0.682503 0.305695 0.681530 0.307579 0.680174 0.307770 0.680556 0.309463 0.677637 0.315116 0.673570 0.315689 0.681213 0.349545 0.685280 0.348971 0.688754 0.351973 0.689136 0.353666 0.692612 0.356669 0.692994 0.358362 0.696469 0.361366 0.696851 0.363058 0.700326 0.366061 0.700708 0.367755 0.704184 0.370757 0.704948 0.374142 0.706685 0.375644 0.707068 0.377338 0.708805 0.378839 0.709187 0.380532 0.710925 0.382033 0.711689 0.385418 0.713427 0.386919 0.714191 0.390305 0.715928 0.391807 0.717457 0.398578 0.719194 0.400080 0.722633 0.415315 0.721660 0.417198 0.723189 0.423969 0.722216 0.425853 0.724891 0.437702 0.726628 0.439204 0.727775 0.444283 0.754884 0.440459 0.753355 0.433687 0.754328 0.431804 0.753946 0.430112 0.754920 0.428227 0.754537 0.426535 0.755511 0.424650 0.755129 0.422958 0.757076 0.419189 0.756693 0.417497 0.757666 0.415613 0.756902 0.412227 0.757875 0.410344 0.757493 0.408651 0.759441 0.404883 0.759058 0.403190 0.760031 0.401306 0.759649 0.399613 0.760622 0.397729 0.760240 0.396037 0.763160 0.390385 0.767226 0.389812 0.753469 0.328871 0.749403 0.329445 0.747666 0.327944 0.747284 0.326252 0.745546 0.324750 0.744400 0.319672 0.742662 0.318170 0.741515 0.313091 0.739778 0.311590 0.738250 0.304819 0.736513 0.303318 0.734984 0.296546 0.733246 0.295045 0.732864 0.293352 0.731126 0.291850 0.730744 0.290158 0.723794 0.284151 0.722648 0.279073
