0 0.970093 0.198008 0.969806 0.202777 0.973053 0.206060 0.978213 0.206214 0.975918 0.244364 0.970759 0.244210 0.967129 0.247286 0.966938 0.250466 0.965123 0.252004 0.965027 0.253594 0.963211 0.255132 0.963020 0.258311 0.961205 0.259849 0.961014 0.263028 0.959198 0.264567 0.959103 0.266157 0.957288 0.267694 0.957192 0.269285 0.955378 0.270822 0.955282 0.272411 0.953466 0.273950 0.953371 0.275539 0.951555 0.277078 0.951364 0.280257 0.949549 0.281796 0.949454 0.283385 0.947639 0.284924 0.947352 0.289692 0.945536 0.291230 0.945154 0.297589 0.929678 0.297126 0.929965 0.292356 0.915348 0.277586 0.915443 0.275997 0.908947 0.269432 0.909043 0.267843 0.899299 0.257995 0.894139 0.257841 0.895956 0.227638 0.902834 0.227844 0.928247 0.206310 0.928343 0.204721 0.931973 0.201645 0.932260 0.196875
0 1.000000 0.326878 1.000000 0.371388 1.000000 0.371233 1.000000 0.374309 1.000000 0.380668 1.000000 0.382207 1.000000 0.386975 1.000000 0.388513 1.000000 0.391692 1.000000 0.393231 1.000000 0.394821 0.999509 0.396358 0.999413 0.397948 0.995783 0.401024 0.995687 0.402614 0.992058 0.405690 0.991962 0.407279 0.990147 0.408818 0.989860 0.413587 0.941710 0.412146 0.941997 0.407376 0.938749 0.404094 0.937029 0.404043 0.932157 0.399119 0.926998 0.398964 0.928814 0.368762 0.935694 0.368968 0.942955 0.362815 0.944674 0.362867 0.948304 0.359790 0.950024 0.359842 0.955470 0.355227 0.957189 0.355278 0.959004 0.353741 0.960725 0.353792 0.967985 0.347640 0.969705 0.347691 0.975150 0.343076 0.976870 0.343128 0.980500 0.340051 0.982219 0.340103 0.985850 0.337027 0.987570 0.337078 0.989385 0.335540 0.991105 0.335592 0.992920 0.334054 0.994640 0.334106 0.996455 0.332567 0.998174 0.332619 0.999989 0.331081 1.000000 0.326312
0 0.864629 0.003751 0.864342 0.008519 0.867591 0.011801 0.872749 0.011956 0.871220 0.037391 0.864341 0.037185 0.860711 0.040260 0.858991 0.040209 0.853546 0.044824 0.851827 0.044772 0.835489 0.058615 0.833769 0.058564 0.830139 0.061641 0.826700 0.061538 0.824884 0.063076 0.818006 0.062870 0.816382 0.061229 0.814662 0.061177 0.812848 0.062715 0.807688 0.062561 0.804058 0.065637 0.803771 0.070405 0.788294 0.069942 0.788676 0.063584 0.787053 0.061943 0.785332 0.061891 0.780461 0.056967 0.778742 0.056916 0.773869 0.051993 0.772149 0.051942 0.762406 0.042095 0.755526 0.041889 0.756960 0.018045 0.763840 0.018251 0.767469 0.015175 0.769189 0.015226 0.771004 0.013687 0.772724 0.013739 0.774539 0.012200 0.776259 0.012252 0.778075 0.010714 0.779794 0.010766 0.781610 0.009227 0.785049 0.009330 0.786864 0.007792 0.788583 0.007844 0.790398 0.006305 0.790685 0.001537
0 0.815498 0.677498 0.815212 0.682267 0.820083 0.687190 0.819988 0.688779 0.824860 0.693703 0.824765 0.695292 0.826389 0.696934 0.826293 0.698524 0.829541 0.701806 0.829445 0.703396 0.831070 0.705036 0.830974 0.706626 0.834222 0.709909 0.834126 0.711498 0.838998 0.716422 0.844157 0.716576 0.842437 0.745190 0.837277 0.745035 0.835463 0.746573 0.833743 0.746521 0.830112 0.749598 0.828393 0.749547 0.826577 0.751085 0.819699 0.750879 0.818075 0.749238 0.816355 0.749187 0.816451 0.747596 0.806707 0.737750 0.804987 0.737698 0.803364 0.736057 0.801644 0.736005 0.800019 0.734364 0.798300 0.734313 0.796675 0.732672 0.791517 0.732518 0.789893 0.730876 0.781295 0.730619 0.779670 0.728978 0.767633 0.728618 0.766009 0.726976 0.762570 0.726873 0.760946 0.725232 0.759226 0.725180 0.755979 0.721899 0.754259 0.721847 0.752635 0.720206 0.750915 0.720154 0.749291 0.718513 0.747571 0.718461 0.745947 0.716820 0.744228 0.716769 0.742604 0.715128 0.735726 0.714922 0.738116 0.675181
0 0.834602 0.760880 0.834315 0.765649 0.837563 0.768931 0.839284 0.768982 0.840907 0.770624 0.842627 0.770675 0.845874 0.773957 0.847594 0.774009 0.849219 0.775650 0.852657 0.775753 0.854282 0.777394 0.857721 0.777497 0.859345 0.779138 0.862784 0.779241 0.864408 0.780882 0.867848 0.780985 0.869471 0.782627 0.871191 0.782678 0.872816 0.784319 0.874535 0.784371 0.877783 0.787653 0.879502 0.787704 0.884375 0.792627 0.887814 0.792730 0.889439 0.794372 0.891158 0.794423 0.894406 0.797705 0.901284 0.797911 0.899755 0.823346 0.891156 0.823088 0.887527 0.826164 0.885806 0.826113 0.883991 0.827652 0.882272 0.827600 0.876825 0.832214 0.875106 0.832162 0.871476 0.835239 0.869757 0.835187 0.864311 0.839801 0.862591 0.839750 0.857145 0.844365 0.855425 0.844313 0.851796 0.847390 0.850076 0.847338 0.844630 0.851953 0.841190 0.851850 0.839375 0.853388 0.834217 0.853233 0.832401 0.854771 0.818644 0.854359 0.816829 0.855898 0.811670 0.855743 0.809854 0.857282 0.796098 0.856870 0.794474 0.855228 0.789314 0.855074 0.786066 0.851791 0.784347 0.851740 0.781099 0.848458 0.779380 0.848406 0.769636 0.838560 0.769732 0.836969 0.768107 0.835329 0.768298 0.832150 0.766675 0.830508 0.767057 0.824150 0.765433 0.822509 0.765624 0.819329 0.767439 0.817792 0.768587 0.798715 0.770401 0.797178 0.770784 0.790819 0.772599 0.789280 0.772886 0.784512 0.774701 0.782973 0.774892 0.779795 0.776707 0.778256 0.776802 0.776666 0.778618 0.775129 0.778714 0.773538 0.780528 0.772001 0.780624 0.770412 0.782440 0.768873 0.782535 0.767283 0.786166 0.764208 0.786453 0.759438
0 0.353327 0.000000 0.353040 0.000000 0.354665 0.000000 0.364982 0.000000 0.363453 0.001485 0.356574 0.001279 0.354759 0.002817 0.354663 0.004406 0.352848 0.005945 0.352753 0.007534 0.347308 0.012148 0.347212 0.013738 0.343580 0.016815 0.343485 0.018405 0.338040 0.023019 0.337944 0.024608 0.334314 0.027684 0.334218 0.029274 0.330588 0.032350 0.330492 0.033941 0.325046 0.038554 0.324950 0.040144 0.315875 0.047835 0.314154 0.047783 0.312340 0.049322 0.310621 0.049271 0.301544 0.056961 0.301257 0.061729 0.270304 0.060802 0.270591 0.056034 0.260847 0.046187 0.259127 0.046136 0.252631 0.039571 0.250911 0.039520 0.247663 0.036238 0.245943 0.036186 0.241071 0.031263 0.239351 0.031212 0.231232 0.023006 0.229511 0.022954 0.229607 0.021364 0.221487 0.013159 0.221583 0.011570 0.218335 0.008286 0.218526 0.005107 0.216902 0.003467 0.217093 0.000287 0.215469 0.000000 0.215756 0.000000 0.214132 0.000000 0.214705 0.000000 0.216521 0.000000 0.216616 0.000000 0.222063 0.000000 0.223782 0.000000 0.229228 0.000000 0.229515 0.000000
0 0.134537 0.370459 0.132912 0.397483 0.127753 0.397328 0.125938 0.398867 0.124217 0.398815 0.122403 0.400354 0.122020 0.406712 0.109984 0.406351 0.110270 0.401583 0.105398 0.396659 0.103678 0.396607 0.098806 0.391685 0.093648 0.391530 0.094986 0.369275
0 0.238466 0.704811 0.237415 0.722297 0.221937 0.721834 0.222224 0.717064 0.220601 0.715424 0.217161 0.715321 0.215537 0.713679 0.213818 0.713628 0.210570 0.710345 0.205410 0.710191 0.205793 0.703832
0 0.309541 0.783379 0.308776 0.796096 0.303617 0.795941 0.299988 0.799017 0.298267 0.798966 0.296452 0.800504 0.296069 0.806862 0.287472 0.806605 0.287758 0.801836 0.284510 0.798554 0.282791 0.798503 0.281167 0.796862 0.276008 0.796707 0.276869 0.782400
0 0.136822 0.561628 0.135866 0.577524 0.127268 0.577266 0.125644 0.575626 0.122205 0.575523 0.120389 0.577060 0.106633 0.576649 0.105009 0.575008 0.103289 0.574956 0.101665 0.573315 0.096507 0.573160 0.097271 0.560443
0 0.218591 0.806135 0.218017 0.815673 0.211139 0.815467 0.209323 0.817006 0.207604 0.816954 0.205789 0.818492 0.205503 0.823260 0.191744 0.822848 0.192031 0.818080 0.188784 0.814798 0.188880 0.813208 0.185632 0.809926 0.185919 0.805157
0 0.114275 0.592802 0.113223 0.610288 0.087430 0.609515 0.088481 0.592030
0 0.044343 0.609818 0.042526 0.640021 0.035648 0.639815 0.036030 0.633456 0.034407 0.631816 0.034502 0.630227 0.032878 0.628585 0.033451 0.619047 0.031827 0.617406 0.032305 0.609458
0 0.183078 0.136223 0.182600 0.144172 0.175721 0.143966 0.173905 0.145504 0.168747 0.145349 0.165499 0.142067 0.163779 0.142016 0.162155 0.140374 0.156997 0.140220 0.157284 0.135451
0 0.026388 0.450031 0.024763 0.477055 0.016164 0.476798 0.014541 0.475156 0.009383 0.475002 0.010912 0.449568
1 0.719397 0.504224 0.328579 0.509773 0.457388 0.587947 0.565900 0.621720
1 0.521167 0.386813 0.173975 0.430828 0.321653 0.505585
1 0.319901 0.510841 0.145710 0.518897 0.170790 0.436041 0.323007 0.506953
0 0.461909 0.233061 0.477042 0.237736 0.486509 0.241714 0.480113 0.253133 0.474095 0.258230 0.467036 0.252212 0.458489 0.242457
0 0.479543 0.224617 0.461876 0.224088 0.451016 0.224290 0.452789 0.232788 0.463459 0.235746 0.469253 0.234337 0.476536 0.227166
0 0.158457 0.467742 0.153289 0.471398 0.142866 0.466513 0.140719 0.461115 0.134363 0.470831 0.135048 0.473137 0.140625 0.476353 0.138523 0.483911 0.144970 0.486391 0.148262 0.486489 0.152147 0.476698
0 0.128009 0.453113 0.129061 0.449334 0.119506 0.443714 0.113014 0.441995 0.105792 0.438729 0.100258 0.448472 0.101859 0.449281 0.105881 0.450925 0.110041 0.450289 0.115849 0.449700 0.118042 0.454338 0.120328 0.457456
0 0.500000 0.820143 0.503293 0.820242 0.505304 0.814204 0.490720 0.809958 0.488022 0.813687 0.487747 0.818252 0.493326 0.821467
0 0.196175 0.430005 0.203719 0.427945 0.203856 0.425663 0.200656 0.424042 0.192426 0.423796 0.179945 0.425709 0.179533 0.432556 0.187672 0.434324
0 0.197546 0.448336 0.233662 0.464659 0.228130 0.488117
