0 0.386111 0.289892 0.385398 0.295168 0.388060 0.298610 0.389629 0.298572 0.390960 0.300292 0.392528 0.300254 0.393859 0.301974 0.395428 0.301936 0.396758 0.303657 0.398327 0.303619 0.399658 0.305340 0.401226 0.305302 0.403889 0.308743 0.405457 0.308705 0.406787 0.310426 0.408356 0.310389 0.411018 0.313830 0.417292 0.313678 0.413730 0.340056 0.409025 0.340170 0.403607 0.345560 0.402038 0.345598 0.393008 0.354581 0.391441 0.354619 0.378799 0.367194 0.378086 0.372469 0.343581 0.373303 0.344293 0.368027 0.328321 0.347379 0.326753 0.347417 0.325422 0.345696 0.325659 0.343938 0.321667 0.338775 0.321904 0.337017 0.320573 0.335297 0.315868 0.335411 0.318955 0.312549 0.323660 0.312435 0.325467 0.310638 0.327035 0.310600 0.334258 0.303414 0.335827 0.303376 0.339438 0.299784 0.341007 0.299747 0.342813 0.297949 0.343763 0.290915
0 0.729313 0.260565 0.728363 0.267599 0.733687 0.274482 0.733449 0.276241 0.736112 0.279682 0.735875 0.281441 0.737205 0.283161 0.736968 0.284920 0.738299 0.286641 0.738062 0.288399 0.740724 0.291841 0.745428 0.291727 0.739729 0.333933 0.731887 0.334122 0.730081 0.335918 0.728513 0.335956 0.726706 0.337753 0.725994 0.343029 0.711878 0.343371 0.712591 0.338094 0.711260 0.336373 0.709691 0.336411 0.708360 0.334691 0.706791 0.334729 0.704130 0.331287 0.704368 0.329528 0.703036 0.327808 0.703274 0.326050 0.701943 0.324329 0.702181 0.322571 0.699519 0.319128 0.699756 0.317370 0.695763 0.312209 0.696000 0.310450 0.690676 0.303567 0.690914 0.301808 0.685590 0.294925 0.685827 0.293167 0.680504 0.286284 0.678936 0.286322 0.673612 0.279439 0.672043 0.279477 0.668049 0.274316 0.661777 0.274467 0.663439 0.262157
0 0.429453 0.246776 0.428503 0.253811 0.429834 0.255531 0.431402 0.255493 0.432734 0.257214 0.434302 0.257176 0.435633 0.258898 0.437201 0.258860 0.438532 0.260580 0.443237 0.260466 0.438963 0.292121 0.432689 0.292272 0.421854 0.303051 0.421141 0.308326 0.400751 0.308819 0.401701 0.301785 0.400370 0.300064 0.398802 0.300102 0.397471 0.298382 0.395903 0.298420 0.394571 0.296699 0.391435 0.296775 0.390104 0.295055 0.388535 0.295092 0.387204 0.293371 0.385636 0.293409 0.382974 0.289968 0.379837 0.290043 0.378506 0.288322 0.376938 0.288360 0.375607 0.286640 0.374038 0.286678 0.371376 0.283237 0.369808 0.283274 0.368477 0.281554 0.366909 0.281592 0.365577 0.279871 0.360872 0.279985 0.362535 0.267674 0.367240 0.267560 0.374463 0.260376 0.376031 0.260338 0.381450 0.254948 0.382399 0.247913
0 0.779658 0.385553 0.778946 0.390830 0.781607 0.394271 0.783175 0.394233 0.785839 0.397673 0.787406 0.397636 0.788738 0.399357 0.790306 0.399319 0.791636 0.401039 0.793205 0.401001 0.794537 0.402722 0.796105 0.402684 0.798767 0.406126 0.801903 0.406050 0.804565 0.409491 0.810839 0.409340 0.808464 0.426926 0.800622 0.427115 0.795204 0.432504 0.793636 0.432542 0.788218 0.437932 0.786649 0.437970 0.783038 0.441563 0.781469 0.441601 0.779664 0.443398 0.778095 0.443435 0.776289 0.445231 0.770015 0.445383 0.768210 0.447179 0.760367 0.447368 0.758561 0.449165 0.755424 0.449241 0.753618 0.451038 0.752050 0.451076 0.750245 0.452872 0.748676 0.452910 0.746870 0.454707 0.745301 0.454745 0.743495 0.456541 0.741927 0.456579 0.740122 0.458375 0.738553 0.458413 0.736746 0.460210 0.722631 0.460551 0.721299 0.458829 0.719731 0.458867 0.718401 0.457147 0.716832 0.457185 0.717069 0.455427 0.709083 0.445103 0.709321 0.443344 0.703997 0.436461 0.704235 0.434702 0.702904 0.432982 0.703379 0.429465 0.702048 0.427745 0.697342 0.427858 0.698292 0.420823 0.702998 0.420709 0.704804 0.418913 0.705041 0.417155 0.706847 0.415358 0.707084 0.413600 0.708652 0.413562 0.714071 0.408172 0.715638 0.408134 0.717445 0.406337 0.720582 0.406262 0.724194 0.402669 0.725763 0.402631 0.729374 0.399038 0.730942 0.399000 0.732748 0.397204 0.734317 0.397166 0.739735 0.391777 0.740447 0.386501
0 0.694498 0.506804 0.693786 0.512080 0.695116 0.513801 0.702959 0.513611 0.700584 0.531197 0.691173 0.531425 0.689368 0.533222 0.681525 0.533411 0.679719 0.535207 0.678151 0.535245 0.676345 0.537041 0.674777 0.537079 0.672971 0.538876 0.668265 0.538989 0.666459 0.540785 0.664891 0.540823 0.663084 0.542620 0.662372 0.547896 0.657667 0.548009 0.658380 0.542734 0.657049 0.541013 0.655480 0.541051 0.654150 0.539331 0.652581 0.539368 0.651249 0.537647 0.649681 0.537685 0.648350 0.535965 0.646782 0.536003 0.645451 0.534283 0.634472 0.534548 0.633140 0.532827 0.630004 0.532903 0.627343 0.529461 0.624206 0.529537 0.622874 0.527817 0.621305 0.527855 0.619975 0.526133 0.616838 0.526209 0.615507 0.524489 0.613938 0.524527 0.612608 0.522806 0.611039 0.522844 0.609709 0.521123 0.603434 0.521274 0.605096 0.508965
0 0.311642 0.389851 0.310930 0.395126 0.313593 0.398567 0.318298 0.398453 0.314260 0.428350 0.307987 0.428501 0.304375 0.432094 0.303662 0.437371 0.283273 0.437863 0.283985 0.432587 0.282654 0.430866 0.274811 0.431055 0.273481 0.429335 0.271913 0.429373 0.270581 0.427653 0.269012 0.427691 0.261027 0.417366 0.254754 0.417517 0.258316 0.391139
0 0.911496 0.312254 0.906034 0.352702 0.885644 0.353195 0.886356 0.347918 0.879702 0.339315 0.879939 0.337556 0.878609 0.335836 0.872334 0.335988 0.874234 0.321919 0.878939 0.321805 0.882551 0.318213 0.883264 0.312936
0 0.391324 0.135516 0.387762 0.161894 0.372078 0.162273 0.370747 0.160553 0.358199 0.160856 0.356868 0.159136 0.355300 0.159174 0.351307 0.154011 0.346602 0.154125 0.348977 0.136539
0 0.577638 0.145037 0.574076 0.171416 0.545844 0.172098 0.546556 0.166822 0.543894 0.163380 0.542325 0.163418 0.539664 0.159977 0.538095 0.160015 0.536765 0.158294 0.537002 0.156536 0.535671 0.154815 0.535908 0.153056 0.534578 0.151336 0.535290 0.146060
0 0.162861 0.715969 0.160486 0.733554 0.152645 0.733744 0.151313 0.732024 0.141902 0.732251 0.140096 0.734047 0.135391 0.734161 0.134060 0.732441 0.132492 0.732479 0.131160 0.730757 0.124887 0.730909 0.126786 0.716840
0 0.151021 0.155345 0.147458 0.181724 0.134911 0.182027 0.135623 0.176751 0.132961 0.173310 0.112571 0.173802 0.114946 0.156217
0 0.690809 0.696201 0.688197 0.715545 0.667806 0.716037 0.668519 0.710762 0.664526 0.705599 0.659821 0.705713 0.661008 0.696921
0 0.920641 0.522374 0.918742 0.536443 0.914037 0.536557 0.912230 0.538354 0.910661 0.538392 0.907050 0.541983 0.905482 0.542021 0.901870 0.545615 0.895596 0.545767 0.894265 0.544046 0.892697 0.544084 0.890890 0.545881 0.883048 0.546070 0.881718 0.544349 0.880149 0.544387 0.877487 0.540945 0.875918 0.540983 0.874588 0.539263 0.869883 0.539377 0.872020 0.523549
0 0.709431 0.604603 0.705869 0.630982 0.688617 0.631399 0.689329 0.626123 0.682674 0.617519 0.677969 0.617632 0.679631 0.605323
0 0.316039 0.137335 0.312477 0.163713 0.287382 0.164319 0.288331 0.157286 0.284339 0.152124 0.278065 0.152275 0.279965 0.138206
0 0.850459 0.208558 0.847847 0.227902 0.838436 0.228129 0.836630 0.229927 0.835917 0.235203 0.836630 0.229927 0.833969 0.226485 0.832400 0.226523 0.829738 0.223082 0.825033 0.223195 0.826933 0.209127
0 0.058261 0.332870 0.055174 0.355733 0.047332 0.355922 0.045526 0.357718 0.043958 0.357756 0.042152 0.359553 0.035878 0.359704 0.034546 0.357983 0.031411 0.358059 0.027417 0.352896 0.027892 0.349379 0.026561 0.347659 0.026798 0.345900 0.028604 0.344104 0.030029 0.333553
0 0.575760 0.390480 0.572198 0.416859 0.554945 0.417276 0.555895 0.410241 0.553233 0.406799 0.553708 0.403282 0.552377 0.401562 0.553802 0.391011
0 0.231100 0.581104 0.228487 0.600448 0.200255 0.601130 0.200968 0.595855 0.198306 0.592413 0.193601 0.592527 0.195026 0.581975
0 0.505600 0.308039 0.502275 0.332659 0.494433 0.332848 0.490821 0.336441 0.490108 0.341717 0.474424 0.342096 0.475374 0.335061 0.472713 0.331621 0.472950 0.329862 0.471619 0.328142 0.466913 0.328255 0.471619 0.328142 0.473425 0.326345 0.473900 0.322828 0.475705 0.321031 0.475943 0.319273 0.477748 0.317477 0.477986 0.315717 0.479792 0.313921 0.480505 0.308645
0 0.386795 0.493205 0.384183 0.512549 0.368499 0.512928 0.369211 0.507653 0.363887 0.500770 0.364837 0.493736
0 0.460579 0.687741 0.457966 0.707086 0.453261 0.707200 0.453973 0.701923 0.451311 0.698482 0.449743 0.698520 0.448413 0.696800 0.446844 0.696837 0.445513 0.695116 0.443944 0.695154 0.444894 0.688120
0 0.797772 0.448218 0.796822 0.455252 0.798154 0.456972 0.804427 0.456821 0.802765 0.469132 0.796491 0.469283 0.794685 0.471080 0.791549 0.471156 0.789742 0.472952 0.788174 0.472990 0.782756 0.478380 0.781187 0.478418 0.779382 0.480214 0.779145 0.481972 0.777339 0.483769 0.775770 0.483807 0.772158 0.487399 0.771921 0.489159 0.770114 0.490955 0.769877 0.492713 0.764460 0.498103 0.764222 0.499861 0.762416 0.501658 0.762178 0.503416 0.758566 0.507010 0.756998 0.507048 0.755193 0.508844 0.748919 0.508995 0.747588 0.507275 0.746019 0.507313 0.742026 0.502150 0.742264 0.500391 0.739602 0.496951 0.740077 0.493433 0.737415 0.489992 0.732709 0.490106 0.735796 0.467244 0.740502 0.467130 0.747726 0.459944 0.749295 0.459906 0.751100 0.458109 0.752668 0.458072 0.754475 0.456276 0.755424 0.449241
0 0.032415 0.431654 0.030753 0.443965 0.022910 0.444154 0.021105 0.445950 0.020392 0.451226 0.010982 0.451453 0.011694 0.446178 0.006370 0.439295 0.001665 0.439409 0.002615 0.432374
0 0.562108 0.769424 0.559733 0.787010 0.550322 0.787237 0.548992 0.785516 0.545855 0.785592 0.544049 0.787389 0.542481 0.787427 0.541149 0.785706 0.539580 0.785743 0.535588 0.780582 0.530883 0.780696 0.532308 0.770144
0 0.017018 0.453060 0.014406 0.472405 0.000000 0.472974 0.000000 0.453629
0 0.271968 0.510003 0.269355 0.529346 0.239555 0.530066 0.242168 0.510723
0 0.600480 0.438962 0.597867 0.458307 0.574341 0.458876 0.576953 0.439531
0 0.654690 0.732130 0.653028 0.744441 0.648323 0.744555 0.646517 0.746350 0.645804 0.751626 0.628552 0.752043 0.631164 0.732699
0 0.576158 0.572766 0.572596 0.599145 0.547500 0.599752 0.548450 0.592716 0.547119 0.590996 0.545551 0.591034 0.545788 0.589276 0.544458 0.587555 0.538184 0.587706 0.540084 0.573638
0 0.410190 0.597811 0.407577 0.617154 0.401304 0.617306 0.402016 0.612031 0.396692 0.605148 0.391986 0.605262 0.392936 0.598227
0 0.998180 0.226023 0.995568 0.245368 0.986157 0.245595 0.986870 0.240319 0.985538 0.238598 0.983970 0.238636 0.979978 0.233474 0.980928 0.226440
0 0.091331 0.226901 0.088719 0.246245 0.066761 0.246775 0.067473 0.241500 0.064811 0.238059 0.060106 0.238172 0.061531 0.227621
0 0.218530 0.350032 0.214255 0.381687 0.207982 0.381838 0.204370 0.385431 0.203657 0.390707 0.161309 0.391731 0.162259 0.384695 0.160928 0.382975 0.161166 0.381216 0.158504 0.377775 0.153799 0.377888 0.154986 0.369096 0.159691 0.368982 0.163303 0.365389 0.163541 0.363630 0.167152 0.360038 0.167390 0.358279 0.169196 0.356483 0.169909 0.351207
0 0.600480 0.438962 0.597867 0.458307 0.582183 0.458686 0.582895 0.453410 0.580233 0.449969 0.575529 0.450082 0.576953 0.439531
0 0.546092 0.286026 0.542530 0.312406 0.519004 0.312974 0.519716 0.307698 0.518385 0.305976 0.513680 0.306090 0.516292 0.286746
0 0.872749 0.691805 0.869186 0.718183 0.862913 0.718334 0.863863 0.711300 0.854545 0.699256 0.848272 0.699407 0.849222 0.692373
0 0.813192 0.160379 0.809630 0.186757 0.776693 0.187553 0.777405 0.182278 0.774742 0.178837 0.768470 0.178988 0.770844 0.161402
0 0.799341 0.448180 0.795779 0.474558 0.789505 0.474710 0.785893 0.478304 0.784325 0.478342 0.769877 0.492713 0.769639 0.494472 0.764222 0.499861 0.763985 0.501620 0.762178 0.503416 0.761228 0.510450 0.742408 0.510905 0.743358 0.503870 0.740696 0.500429 0.740933 0.498671 0.739602 0.496951 0.740077 0.493433 0.738745 0.491713 0.739220 0.488195 0.737890 0.486475 0.738365 0.482957 0.737034 0.481237 0.737747 0.475961 0.736415 0.474240 0.737365 0.467206 0.739172 0.465409 0.739409 0.463651 0.741214 0.461855 0.742782 0.461817 0.746395 0.458223 0.747963 0.458185 0.751575 0.454593 0.752288 0.449317
0 0.284913 0.691985 0.278976 0.735951 0.274271 0.736064 0.272465 0.737860 0.270896 0.737898 0.269090 0.739694 0.267522 0.739732 0.263909 0.743326 0.262341 0.743364 0.260536 0.745160 0.258967 0.745198 0.255355 0.748791 0.254643 0.754067 0.226411 0.754749 0.227361 0.747715 0.226029 0.745994 0.224461 0.746031 0.223130 0.744311 0.221562 0.744349 0.220231 0.742628 0.217094 0.742704 0.215763 0.740982 0.214195 0.741020 0.212864 0.739300 0.211296 0.739338 0.209964 0.737618 0.208395 0.737656 0.207065 0.735935 0.205497 0.735973 0.204166 0.734251 0.202597 0.734289 0.199935 0.730849 0.193661 0.731001 0.197223 0.704621 0.203498 0.704470 0.208915 0.699080 0.209627 0.693805
0 0.628601 0.277021 0.626939 0.289332 0.603412 0.289900 0.605074 0.277590
0 0.400492 0.577011 0.398829 0.589320 0.387851 0.589586 0.389513 0.577276
0 0.481874 0.715272 0.480212 0.727581 0.462960 0.727998 0.464622 0.715689
0 0.117001 0.268349 0.115339 0.280658 0.098085 0.281075 0.099747 0.268766
0 0.625752 0.298124 0.624089 0.310435 0.606837 0.310852 0.608499 0.298541
0 0.465881 0.463249 0.464218 0.475558 0.454808 0.475786 0.456470 0.463476
0 0.821876 0.845037 0.820565 0.835202 0.810370 0.832487 0.805367 0.843462 0.807696 0.852288 0.817891 0.855002 0.823241 0.847964
0 0.495276 0.517842 0.503556 0.515301 0.500546 0.509752 0.489001 0.508626 0.483845 0.509688 0.477240 0.512189 0.475705 0.517378 0.482576 0.519086 0.490120 0.518903
0 0.485727 0.529782 0.490553 0.524982 0.484964 0.519966 0.472581 0.518859 0.467970 0.518971 0.461367 0.521472 0.462472 0.525661 0.475567 0.527685 0.480596 0.527564 0.484050 0.529823
0 0.712344 0.155976 0.704917 0.163366 0.696481 0.163569 0.694105 0.159190 0.697908 0.152998 0.707636 0.150544 0.713787 0.152614
0 0.647433 0.182499 0.650214 0.180216 0.648830 0.175812 0.640395 0.176016 0.634860 0.176704 0.629568 0.182931 0.635148 0.185569 0.643583 0.185366
0 0.476915 0.218231 0.489967 0.216805 0.497802 0.221053 0.497592 0.229932 0.492254 0.232833 0.482059 0.231416 0.477006 0.224883
0 0.505079 0.214778 0.515230 0.212869 0.518178 0.216678 0.517427 0.222242 0.511487 0.229596 0.501067 0.229848 0.498269 0.224924 0.499742 0.217680
