0 0.706504 0.013860 0.700771 0.041286 0.694802 0.040451 0.692952 0.041956 0.692594 0.043670 0.690743 0.045176 0.690385 0.046890 0.688534 0.048394 0.687817 0.051824 0.684116 0.054834 0.683758 0.056548 0.681908 0.058053 0.681550 0.059767 0.679700 0.061273 0.679342 0.062987 0.677491 0.064492 0.677132 0.066206 0.658627 0.081259 0.657136 0.081050 0.653435 0.084061 0.652360 0.089203 0.635945 0.086906 0.637020 0.081764 0.635885 0.079842 0.636244 0.078127 0.633976 0.074281 0.634334 0.072567 0.630933 0.066798 0.631291 0.065084 0.629023 0.061239 0.624546 0.060612 0.630637 0.031472 0.636607 0.032307 0.640307 0.029296 0.641799 0.029505 0.647350 0.024989 0.648843 0.025198 0.650694 0.023693 0.652186 0.023902 0.654036 0.022397 0.655528 0.022606 0.657379 0.021100 0.658871 0.021309 0.660721 0.019804 0.662214 0.020013 0.664064 0.018507 0.668541 0.019133 0.670392 0.017629 0.676360 0.018464 0.678211 0.016958 0.679702 0.017167 0.681554 0.015661 0.682628 0.010519
0 0.642150 0.872867 0.641075 0.878009 0.645610 0.885700 0.647103 0.885909 0.649370 0.889756 0.650862 0.889965 0.653131 0.893810 0.654623 0.894018 0.656890 0.897865 0.658383 0.898074 0.659517 0.899997 0.661008 0.900205 0.662143 0.902129 0.663634 0.902338 0.664769 0.904260 0.666262 0.904469 0.667395 0.906391 0.670380 0.906809 0.671513 0.908732 0.678974 0.909776 0.670734 0.949201 0.666257 0.948574 0.664407 0.950080 0.664049 0.951793 0.660348 0.954805 0.659990 0.956519 0.658140 0.958024 0.656707 0.964880 0.644769 0.963210 0.646202 0.956353 0.645067 0.954431 0.645426 0.952717 0.639756 0.943102 0.638264 0.942893 0.635996 0.939047 0.634503 0.938838 0.626566 0.925377 0.625074 0.925168 0.619404 0.915554 0.619762 0.913841 0.618629 0.911917 0.617136 0.911709 0.614868 0.907863 0.615227 0.906148 0.612959 0.902303 0.608483 0.901677 0.615290 0.869108
0 0.508630 0.056741 0.507197 0.063597 0.508331 0.065521 0.509823 0.065729 0.510957 0.067652 0.516926 0.068487 0.507611 0.113054 0.501642 0.112219 0.499791 0.113725 0.499433 0.115438 0.475377 0.135007 0.473944 0.141864 0.450069 0.138523 0.451144 0.133380 0.448876 0.129534 0.449234 0.127821 0.434493 0.102822 0.433000 0.102613 0.430733 0.098768 0.426256 0.098141 0.430556 0.077572 0.435032 0.078198 0.447985 0.067660 0.448343 0.065947 0.450194 0.064442 0.451687 0.064651 0.453537 0.063145 0.453895 0.061430 0.457596 0.058421 0.459089 0.058630 0.462789 0.055619 0.463864 0.050476
0 0.725342 0.305834 0.721043 0.326403 0.715074 0.325568 0.709523 0.330083 0.709165 0.331798 0.703613 0.336314 0.703254 0.338028 0.699553 0.341039 0.698061 0.340830 0.696211 0.342335 0.693226 0.341917 0.692093 0.339995 0.690600 0.339786 0.686064 0.332094 0.686422 0.330380 0.683021 0.324611 0.683380 0.322896 0.681112 0.319051 0.681470 0.317337 0.680335 0.315415 0.675858 0.314788 0.679083 0.299360
0 0.580406 0.440806 0.571807 0.481945 0.567330 0.481318 0.561779 0.485834 0.561421 0.487548 0.559571 0.489054 0.559212 0.490768 0.557362 0.492273 0.556645 0.495702 0.554795 0.497207 0.554078 0.500635 0.552227 0.502140 0.551153 0.507283 0.549303 0.508787 0.547869 0.515645 0.546019 0.517150 0.544227 0.525720 0.542376 0.527225 0.541301 0.532368 0.539451 0.533873 0.538735 0.537301 0.536884 0.538807 0.536526 0.540521 0.532825 0.543531 0.531333 0.543323 0.529483 0.544827 0.528050 0.551684 0.523573 0.551057 0.524647 0.545916 0.522380 0.542070 0.522738 0.540355 0.517068 0.530741 0.517426 0.529027 0.515159 0.525182 0.513666 0.524973 0.512532 0.523049 0.512890 0.521335 0.504953 0.507875 0.500476 0.507248 0.506208 0.479822 0.512177 0.480657 0.517729 0.476142 0.518087 0.474428 0.519938 0.472922 0.521430 0.473131 0.539935 0.458079 0.540293 0.456364 0.555097 0.444321 0.556530 0.437465
0 0.994560 0.061227 0.993127 0.068083 0.995395 0.071929 0.996887 0.072138 0.998021 0.074060 0.997663 0.075775 1.000000 0.087313 1.000000 0.087521 1.000000 0.091367 1.000000 0.091576 1.000000 0.093499 1.000000 0.094125 1.000000 0.124980 0.970083 0.119551 0.971516 0.112693 0.969248 0.108849 0.967756 0.108640 0.958684 0.093256 0.957192 0.093047 0.951523 0.083432 0.945553 0.082597 0.949136 0.065456 0.953613 0.066082 0.957314 0.063072 0.958747 0.056215
0 0.460437 0.353448 0.459004 0.360305 0.462407 0.366073 0.466883 0.366699 0.460076 0.399268 0.454107 0.398433 0.452256 0.399937 0.450764 0.399729 0.448914 0.401235 0.447421 0.401026 0.445570 0.402531 0.444078 0.402323 0.442229 0.403828 0.430290 0.402157 0.424621 0.392542 0.424979 0.390828 0.422711 0.386982 0.421219 0.386774 0.418951 0.382928 0.419309 0.381214 0.418175 0.379291 0.416684 0.379082 0.413281 0.373312 0.413640 0.371599 0.411372 0.367753 0.406895 0.367127 0.407253 0.365413 0.411730 0.366039 0.413580 0.364534 0.413938 0.362820 0.415789 0.361314 0.416148 0.359600 0.423550 0.353578 0.424624 0.348436
0 0.380537 0.067044 0.379462 0.072187 0.380596 0.074109 0.386564 0.074944 0.382624 0.093799 0.378147 0.093172 0.368894 0.100700 0.368536 0.102413 0.362985 0.106930 0.362627 0.108643 0.358925 0.111655 0.358567 0.113368 0.354867 0.116379 0.354508 0.118093 0.352657 0.119599 0.352299 0.121313 0.346748 0.125829 0.345673 0.130970 0.338212 0.129926 0.339287 0.124784 0.337019 0.120939 0.337377 0.119225 0.335109 0.115378 0.335467 0.113664 0.333200 0.109819 0.333558 0.108105 0.329022 0.100413 0.329380 0.098699 0.328247 0.096775 0.328605 0.095062 0.327471 0.093138 0.328904 0.086282 0.334455 0.081766 0.335947 0.081975 0.339648 0.078965 0.341141 0.079173 0.342991 0.077669 0.344483 0.077877 0.353736 0.070350 0.355169 0.063494
0 0.770463 0.354490 0.767239 0.369916 0.762763 0.369290 0.738706 0.388859 0.738347 0.390574 0.730946 0.396594 0.729812 0.394672 0.726827 0.394254 0.718890 0.380793 0.719248 0.379080 0.718114 0.377157 0.719547 0.370301 0.721397 0.368795 0.721756 0.367080 0.723606 0.365575 0.725098 0.365784 0.732500 0.359763 0.733993 0.359972 0.737694 0.356961 0.739127 0.350105
0 0.839001 0.173542 0.832910 0.202681 0.826941 0.201846 0.825090 0.203351 0.823599 0.203143 0.821748 0.204647 0.820256 0.204439 0.816555 0.207450 0.815063 0.207242 0.813212 0.208746 0.811720 0.208538 0.806169 0.213054 0.804676 0.212845 0.802826 0.214350 0.801334 0.214141 0.797633 0.217152 0.796558 0.222295 0.790588 0.221459 0.791663 0.216316 0.787128 0.208625 0.787844 0.205196 0.786711 0.203274 0.787069 0.201559 0.785936 0.199636 0.786294 0.197922 0.785159 0.195999 0.780682 0.195372 0.782474 0.186802 0.788443 0.187638 0.792143 0.184627 0.792502 0.182913 0.796203 0.179902 0.797696 0.180111 0.805097 0.174091 0.806172 0.168948
0 0.296308 0.154055 0.290934 0.179766 0.284965 0.178931 0.283114 0.180437 0.282039 0.185580 0.273087 0.184327 0.274162 0.179184 0.271893 0.175338 0.272251 0.173625 0.266582 0.164009 0.268015 0.157153 0.266881 0.155229 0.267955 0.150088
0 0.606438 0.345651 0.599631 0.378218 0.577248 0.375086 0.584055 0.342519
0 0.471089 0.023259 0.466073 0.047257 0.460104 0.046422 0.456403 0.049432 0.456045 0.051146 0.454195 0.052652 0.446733 0.051608 0.444465 0.047762 0.444823 0.046048 0.440288 0.038355 0.440646 0.036642 0.439512 0.034719 0.439871 0.033005 0.438737 0.031081 0.434260 0.030455 0.434618 0.028741 0.439095 0.029368 0.440945 0.027863 0.442737 0.019292
0 0.423087 0.164739 0.417355 0.192165 0.411386 0.191330 0.407685 0.194340 0.403208 0.193714 0.402074 0.191792 0.400582 0.191583 0.396047 0.183891 0.396405 0.182176 0.394136 0.178330 0.394495 0.176616 0.393361 0.174693 0.394078 0.171265 0.392943 0.169343 0.394735 0.160772
0 0.582104 0.109364 0.577088 0.133362 0.571119 0.132527 0.560016 0.141558 0.559658 0.143273 0.557808 0.144778 0.550346 0.143734 0.548078 0.139888 0.546586 0.139679 0.540916 0.130065 0.536440 0.129439 0.541814 0.103726
0 0.410676 0.106546 0.404944 0.133972 0.400467 0.133346 0.393065 0.139367 0.391990 0.144509 0.383037 0.143256 0.384112 0.138114 0.382978 0.136191 0.383336 0.134477 0.379934 0.128709 0.380292 0.126994 0.376891 0.121225 0.372414 0.120598 0.373489 0.115457 0.377966 0.116083 0.381667 0.113072 0.382025 0.111358 0.383875 0.109853 0.385308 0.102997
0 0.591899 0.033108 0.586525 0.058819 0.582049 0.058193 0.569095 0.068730 0.567602 0.068521 0.565752 0.070027 0.564260 0.069819 0.562409 0.071323 0.561335 0.076465 0.559842 0.076256 0.560917 0.071114 0.558650 0.067269 0.557157 0.067060 0.553755 0.061291 0.554113 0.059577 0.550712 0.053808 0.546235 0.053181 0.551609 0.027470
0 0.325814 0.652175 0.324739 0.657316 0.327008 0.661164 0.331484 0.661790 0.327901 0.678931 0.321932 0.678096 0.316380 0.682611 0.314889 0.682402 0.311188 0.685413 0.309695 0.685204 0.305995 0.688215 0.304502 0.688006 0.300801 0.691017 0.299309 0.690808 0.297458 0.692314 0.289998 0.691270 0.287729 0.687423 0.286237 0.687214 0.282836 0.681446 0.281343 0.681237 0.282418 0.676094 0.281284 0.674171 0.283135 0.672667 0.283493 0.670952 0.303849 0.654393 0.304924 0.649251
0 0.631761 0.165712 0.624237 0.201709 0.618268 0.200874 0.616418 0.202379 0.614925 0.202170 0.611224 0.205180 0.610150 0.210322 0.611224 0.205180 0.610090 0.203257 0.607106 0.202839 0.605972 0.200917 0.604479 0.200708 0.603346 0.198786 0.603704 0.197071 0.601436 0.193225 0.596959 0.192599 0.600183 0.177172 0.604661 0.177799 0.615764 0.168766 0.616838 0.163624
0 0.704583 0.140618 0.700642 0.159473 0.696165 0.158847 0.685063 0.167879 0.683570 0.167670 0.681721 0.169175 0.675751 0.168339 0.673483 0.164494 0.673841 0.162779 0.669306 0.155088 0.669665 0.153374 0.666262 0.147605 0.661786 0.146979 0.664294 0.134980
0 0.730160 0.525275 0.729085 0.530418 0.733621 0.538109 0.735112 0.538317 0.737380 0.542164 0.738872 0.542373 0.741141 0.546218 0.742633 0.546427 0.747168 0.554119 0.748660 0.554327 0.749794 0.556251 0.751286 0.556460 0.752420 0.558383 0.758389 0.559218 0.753374 0.583215 0.748897 0.582589 0.743345 0.587105 0.741853 0.586896 0.740003 0.588401 0.735527 0.587774 0.732124 0.582006 0.732483 0.580292 0.729080 0.574523 0.729439 0.572809 0.721501 0.559349 0.720009 0.559140 0.714340 0.549525 0.712848 0.549316 0.708311 0.541624 0.706819 0.541415 0.700016 0.529878 0.700374 0.528164 0.699240 0.526242 0.700315 0.521099
0 0.314688 0.213083 0.306089 0.254222 0.301613 0.253596 0.296061 0.258112 0.295703 0.259826 0.292002 0.262836 0.291643 0.264550 0.286092 0.269066 0.285734 0.270780 0.276481 0.278307 0.275407 0.283449 0.269438 0.282613 0.270512 0.277472 0.269379 0.275549 0.267886 0.275340 0.266753 0.273417 0.265260 0.273208 0.260724 0.265516 0.256248 0.264890 0.263055 0.232321 0.267532 0.232948 0.269382 0.231443 0.269741 0.229728 0.271591 0.228223 0.271949 0.226509 0.273799 0.225004 0.274157 0.223290 0.281560 0.217268 0.283052 0.217477 0.284902 0.215972 0.286335 0.209116
0 0.229454 0.179985 0.213332 0.257120 0.207363 0.256284 0.194410 0.266822 0.192917 0.266613 0.191066 0.268119 0.189574 0.267910 0.187724 0.269415 0.186590 0.267493 0.185098 0.267284 0.170357 0.242285 0.168865 0.242076 0.166596 0.238230 0.165104 0.238022 0.163970 0.236098 0.158001 0.235263 0.165883 0.197552 0.171852 0.198388 0.173703 0.196883 0.174061 0.195169 0.175911 0.193663 0.176269 0.191950 0.179971 0.188939 0.180330 0.187225 0.189582 0.179698 0.190656 0.174556
0 0.301804 0.098368 0.294997 0.130936 0.284552 0.129474 0.285627 0.124332 0.277688 0.110872 0.278047 0.109158 0.275779 0.105312 0.271303 0.104686 0.273452 0.094401
0 0.257586 0.692026 0.254003 0.709167 0.249526 0.708541 0.242124 0.714562 0.234664 0.713518 0.233529 0.711595 0.232038 0.711386 0.229770 0.707541 0.228277 0.707332 0.227144 0.705409 0.227502 0.703694 0.226368 0.701772 0.220399 0.700936 0.220757 0.699223 0.225234 0.699849 0.228935 0.696839 0.229293 0.695124 0.231143 0.693618 0.232218 0.688476
0 0.281135 0.300129 0.279702 0.306986 0.280835 0.308909 0.280119 0.312337 0.281253 0.314260 0.280537 0.317688 0.281671 0.319610 0.281313 0.321325 0.282447 0.323247 0.282088 0.324962 0.283222 0.326885 0.282863 0.328599 0.285132 0.332445 0.289608 0.333071 0.284234 0.358783 0.279758 0.358156 0.263103 0.371704 0.261969 0.369781 0.257493 0.369155 0.256359 0.367232 0.254867 0.367023 0.250331 0.359332 0.248839 0.359123 0.244303 0.351431 0.238334 0.350596 0.242276 0.331740 0.246752 0.332366 0.252303 0.327851 0.252661 0.326137 0.254512 0.324632 0.254870 0.322918 0.258571 0.319906 0.258929 0.318193 0.260780 0.316687 0.261497 0.313260 0.263347 0.311754 0.263705 0.310040 0.265555 0.308534 0.266272 0.305106 0.268123 0.303600 0.269197 0.298459
0 0.615036 0.304512 0.610737 0.325081 0.606261 0.324455 0.604410 0.325961 0.602918 0.325752 0.601067 0.327257 0.599575 0.327048 0.597725 0.328553 0.596232 0.328344 0.594382 0.329850 0.593307 0.334993 0.591815 0.334784 0.592890 0.329641 0.590622 0.325795 0.589130 0.325586 0.586862 0.321740 0.582385 0.321114 0.586684 0.300544
0 0.530957 0.765566 0.524866 0.794706 0.520390 0.794080 0.518539 0.795585 0.515555 0.795167 0.511854 0.798178 0.510779 0.803319 0.504810 0.802484 0.505885 0.797342 0.503617 0.793496 0.502124 0.793288 0.499856 0.789442 0.500215 0.787727 0.497948 0.783881 0.491979 0.783046 0.494845 0.769334 0.499321 0.769961 0.503022 0.766949 0.504097 0.761807
0 0.730160 0.525275 0.728726 0.532132 0.729860 0.534054 0.731353 0.534263 0.733621 0.538109 0.735112 0.538317 0.738514 0.544087 0.740006 0.544296 0.741141 0.546218 0.742633 0.546427 0.747168 0.554119 0.748660 0.554327 0.749794 0.556251 0.751286 0.556460 0.753555 0.560306 0.758031 0.560932 0.753015 0.584930 0.747046 0.584094 0.743345 0.587105 0.741853 0.586896 0.740003 0.588401 0.735527 0.587774 0.728722 0.576238 0.729080 0.574523 0.724545 0.566832 0.724904 0.565118 0.723769 0.563194 0.722278 0.562986 0.715473 0.551448 0.713981 0.551239 0.706043 0.537779 0.704551 0.537570 0.701150 0.531801 0.701508 0.530087 0.700374 0.528164 0.701807 0.521308
0 0.407087 0.211899 0.402071 0.235897 0.397595 0.235271 0.390193 0.241292 0.389834 0.243005 0.387983 0.244511 0.386909 0.249653 0.385058 0.251159 0.382908 0.261443 0.381058 0.262948 0.379625 0.269806 0.377775 0.271311 0.377416 0.273025 0.371865 0.277540 0.370372 0.277332 0.362970 0.283353 0.361478 0.283144 0.359628 0.284650 0.358135 0.284441 0.356286 0.285946 0.353300 0.285528 0.352167 0.283606 0.349182 0.283188 0.349541 0.281474 0.348406 0.279550 0.348764 0.277836 0.347631 0.275913 0.347989 0.274199 0.345721 0.270354 0.346079 0.268640 0.341544 0.260947 0.337067 0.260321 0.341724 0.238038 0.346201 0.238664 0.348052 0.237158 0.349544 0.237367 0.368049 0.222315 0.368407 0.220601 0.375809 0.214579 0.377242 0.207723
0 0.313269 0.043517 0.307894 0.069229 0.301926 0.068394 0.300075 0.069898 0.299000 0.075040 0.294524 0.074414 0.295599 0.069272 0.288795 0.057734 0.289153 0.056020 0.288019 0.054097 0.282051 0.053262 0.283126 0.048120 0.287602 0.048747 0.289452 0.047241 0.290885 0.040384
0 0.414460 0.558724 0.409086 0.584437 0.404610 0.583810 0.403475 0.581887 0.401983 0.581678 0.400849 0.579756 0.399357 0.579547 0.397090 0.575700 0.397448 0.573986 0.396313 0.572064 0.397030 0.568635 0.395896 0.566712 0.398045 0.556427
0 0.759708 0.494125 0.757558 0.504410 0.753082 0.503783 0.749381 0.506794 0.747888 0.506585 0.736785 0.515617 0.735294 0.515408 0.733443 0.516913 0.732010 0.523770 0.726041 0.522935 0.727116 0.517792 0.722580 0.510100 0.722938 0.508386 0.720670 0.504541 0.716193 0.503914 0.717984 0.495343 0.722462 0.495970 0.724312 0.494465 0.725387 0.489322
0 0.466051 0.311892 0.458528 0.347888 0.452559 0.347052 0.448858 0.350064 0.447365 0.349855 0.445515 0.351360 0.444023 0.351151 0.442172 0.352657 0.439188 0.352239 0.437338 0.353744 0.422416 0.351656 0.412210 0.334350 0.407734 0.333724 0.410600 0.320010 0.415076 0.320636 0.426179 0.311605 0.427254 0.306462
0 0.265754 0.065096 0.248557 0.147373 0.242588 0.146538 0.224083 0.161591 0.218115 0.160756 0.215847 0.156910 0.216205 0.155195 0.213937 0.151349 0.214295 0.149636 0.209760 0.141944 0.210118 0.140230 0.203314 0.128693 0.201821 0.128484 0.196152 0.118869 0.199377 0.103442 0.201227 0.101936 0.201943 0.098508 0.203794 0.097002 0.204869 0.091861 0.206720 0.090356 0.207437 0.086927 0.209287 0.085422 0.210003 0.081993 0.211853 0.080488 0.212212 0.078774 0.215913 0.075764 0.216272 0.074050 0.217763 0.074259 0.219614 0.072753 0.221106 0.072962 0.224807 0.069951 0.225165 0.068238 0.226658 0.068446 0.230358 0.065435 0.231433 0.060293
0 0.828009 0.284916 0.823352 0.307199 0.818875 0.306572 0.789267 0.330658 0.788909 0.332372 0.787058 0.333876 0.785625 0.340733 0.781148 0.340106 0.782223 0.334964 0.781090 0.333041 0.781448 0.331327 0.780313 0.329405 0.780672 0.327690 0.779538 0.325768 0.778046 0.325559 0.773511 0.317867 0.767541 0.317031 0.772198 0.294748 0.778168 0.295584 0.783719 0.291068 0.785212 0.291277 0.792613 0.285255 0.793688 0.280113
0 0.511054 0.346417 0.509621 0.353274 0.511889 0.357120 0.517858 0.357955 0.512484 0.383667 0.508008 0.383041 0.506157 0.384545 0.504664 0.384337 0.502814 0.385841 0.501381 0.392699 0.487951 0.390820 0.489026 0.385677 0.485624 0.379908 0.485982 0.378194 0.484849 0.376271 0.485565 0.372843 0.484431 0.370920 0.485864 0.364063 0.484730 0.362140 0.486521 0.353570 0.488372 0.352064 0.490163 0.343494
0 0.683782 0.504671 0.679841 0.523527 0.675365 0.522901 0.667963 0.528921 0.667605 0.530635 0.665754 0.532141 0.656801 0.530888 0.655667 0.528965 0.654174 0.528756 0.653041 0.526833 0.654116 0.521691 0.655966 0.520186 0.657041 0.515043 0.658891 0.513538 0.659608 0.510110 0.661458 0.508604 0.662891 0.501748
0 0.454364 0.162059 0.449707 0.184342 0.443738 0.183507 0.441888 0.185013 0.437411 0.184386 0.430607 0.172849 0.431324 0.169420 0.429056 0.165574 0.424579 0.164948 0.426012 0.158091
0 0.069700 0.503423 0.064326 0.529134 0.058357 0.528299 0.057222 0.526376 0.055731 0.526168 0.054597 0.524245 0.048628 0.523410 0.053286 0.501126
0 0.142537 0.301905 0.137521 0.325903 0.133045 0.325277 0.129343 0.328287 0.127851 0.328078 0.126001 0.329584 0.125643 0.331298 0.124150 0.331089 0.123016 0.329166 0.123374 0.327452 0.122240 0.325529 0.123315 0.320386 0.122182 0.318463 0.126123 0.299608
0 0.217843 0.573553 0.216768 0.578694 0.220170 0.584464 0.224646 0.585090 0.211390 0.648512 0.200944 0.647050 0.202019 0.641908 0.197483 0.634217 0.197841 0.632503 0.189904 0.619042 0.188413 0.618833 0.182743 0.609218 0.178266 0.608592 0.179340 0.603450 0.183817 0.604076 0.200472 0.590529 0.200830 0.588814 0.204531 0.585804 0.204890 0.584089 0.212292 0.578068 0.213366 0.572926
0 0.265504 0.213258 0.260129 0.238970 0.254161 0.238135 0.253027 0.236211 0.251535 0.236002 0.250400 0.234080 0.244432 0.233245 0.246940 0.221245 0.251416 0.221872 0.255117 0.218861 0.256550 0.212005
0 0.724486 0.559766 0.723053 0.566623 0.724187 0.568545 0.723471 0.571973 0.724604 0.573897 0.730573 0.574732 0.726990 0.591873 0.715053 0.590203 0.705981 0.574819 0.706698 0.571391 0.705564 0.569468 0.707414 0.567963 0.708131 0.564535 0.709981 0.563030 0.711056 0.557887
0 0.187421 0.322300 0.165925 0.425147 0.159956 0.424312 0.156255 0.427323 0.155897 0.429036 0.154046 0.430542 0.153688 0.432257 0.149988 0.435266 0.149629 0.436981 0.144077 0.441497 0.142944 0.439574 0.139959 0.439156 0.138825 0.437234 0.139183 0.435519 0.134648 0.427827 0.135006 0.426113 0.133871 0.424190 0.134230 0.422477 0.130828 0.416707 0.126351 0.416081 0.138891 0.356086 0.144861 0.356922 0.146711 0.355417 0.147069 0.353702 0.152621 0.349187 0.152979 0.347473 0.156679 0.344463 0.157037 0.342748 0.158888 0.341242 0.159605 0.337814 0.161456 0.336309 0.161814 0.334596 0.163664 0.333090 0.164022 0.331376 0.167723 0.328366 0.168082 0.326651 0.169932 0.325145 0.171007 0.320003
0 0.105763 0.360272 0.101464 0.380842 0.095495 0.380007 0.088093 0.386028 0.086601 0.385819 0.085467 0.383895 0.083976 0.383687 0.081707 0.379842 0.082065 0.378127 0.080932 0.376204 0.083081 0.365919 0.084931 0.364414 0.086364 0.357558
0 0.052975 0.642223 0.049035 0.661078 0.044557 0.660451 0.029754 0.672495 0.028321 0.679351 0.026829 0.679142 0.028262 0.672286 0.027127 0.670362 0.027844 0.666934 0.026711 0.665011 0.030293 0.647869 0.029160 0.645947 0.030593 0.639091
0 0.281135 0.300129 0.279344 0.308700 0.280477 0.310623 0.279761 0.314051 0.280895 0.315974 0.280179 0.319402 0.281313 0.321325 0.280955 0.323039 0.282088 0.324962 0.281730 0.326677 0.285132 0.332445 0.289608 0.333071 0.284234 0.358783 0.279758 0.358156 0.266804 0.368694 0.265730 0.373836 0.253792 0.372165 0.254867 0.367023 0.250331 0.359332 0.248839 0.359123 0.244303 0.351431 0.242811 0.351222 0.241676 0.349299 0.242035 0.347585 0.240901 0.345663 0.242334 0.338806 0.244184 0.337300 0.244543 0.335586 0.248244 0.332575 0.248603 0.330862 0.252303 0.327851 0.252661 0.326137 0.256363 0.323127 0.256721 0.321412 0.258571 0.319906 0.258929 0.318193 0.260780 0.316687 0.261497 0.313260 0.263347 0.311754 0.263705 0.310040 0.265555 0.308534 0.265913 0.306821 0.267764 0.305315 0.269197 0.298459
0 0.213439 0.403568 0.206632 0.436136 0.200663 0.435301 0.198812 0.436806 0.197321 0.436598 0.195470 0.438104 0.192485 0.437686 0.190635 0.439191 0.189143 0.438982 0.187293 0.440487 0.185859 0.447344 0.175413 0.445882 0.178280 0.432168 0.182757 0.432795 0.195710 0.422258 0.196068 0.420545 0.203470 0.414523 0.203828 0.412809 0.205679 0.411304 0.206037 0.409589 0.207888 0.408084 0.208963 0.402942
0 0.828009 0.284916 0.822993 0.308913 0.817024 0.308078 0.789267 0.330658 0.788909 0.332372 0.785208 0.335382 0.784134 0.340524 0.781148 0.340106 0.782581 0.333250 0.781448 0.331327 0.781806 0.329614 0.778405 0.323845 0.776912 0.323636 0.768974 0.310176 0.770407 0.303318 0.772258 0.301813 0.772616 0.300099 0.774466 0.298594 0.774825 0.296879 0.776317 0.297088 0.783719 0.291068 0.785212 0.291277 0.788912 0.288265 0.790405 0.288474 0.792255 0.286969 0.793688 0.280113
0 0.069936 0.531684 0.054530 0.605392 0.050053 0.604765 0.048203 0.606270 0.047128 0.611413 0.036683 0.609951 0.038116 0.603095 0.036982 0.601171 0.037340 0.599458 0.036206 0.597534 0.042296 0.568395 0.041163 0.566471 0.043671 0.554472 0.041403 0.550627 0.036926 0.550001 0.041584 0.527716
0 0.305337 0.698708 0.297097 0.738132 0.289635 0.737088 0.291068 0.730232 0.288801 0.726387 0.287309 0.726178 0.287667 0.724464 0.285399 0.720618 0.283907 0.720409 0.281638 0.716563 0.280147 0.716354 0.279012 0.714432 0.273043 0.713597 0.276984 0.694741
0 1.000000 0.499999 0.991010 0.499861 0.963664 0.510468 0.950623 0.516284 0.944217 0.522180 0.947893 0.532882 1.000000 0.620892 1.000000 0.552427 1.000000 0.524805 1.000000 0.500602
0 0.875379 0.009932 0.885343 0.022364 0.901830 0.042501 0.909125 0.057104 0.903580 0.080102 0.905215 0.104102 0.902026 0.108751 0.881919 0.105938 0.867328 0.097952 0.854517 0.088519 0.848659 0.074113 0.847654 0.061238 0.850212 0.045465 0.859722 0.024721 0.869317 0.014178
0 0.852192 0.089041 0.858337 0.094997 0.868964 0.100728 0.877237 0.103583 0.891628 0.108993 0.900474 0.116175 0.901939 0.119776 0.902714 0.126675 0.900329 0.141625 0.896249 0.146996 0.884760 0.145388 0.877005 0.140059 0.862326 0.143098 0.852473 0.144266 0.840152 0.128958 0.840612 0.119684 0.842853 0.108961 0.846014 0.100913
0 0.378199 0.617020 0.364580 0.660961 0.358002 0.667681 0.350247 0.662350 0.334707 0.648291 0.334451 0.638915 0.343700 0.630020 0.363982 0.610785 0.375269 0.609818 0.378917 0.617120
0 0.269483 0.567845 0.266869 0.555594 0.264513 0.552718 0.258568 0.549339 0.246562 0.550206 0.231539 0.554894 0.222433 0.559564 0.219617 0.565962 0.218955 0.572661 0.222575 0.576565 0.230675 0.580244 0.238401 0.582173 0.250954 0.582233 0.259169 0.578289 0.267730 0.572695
0 0.353317 0.343553 0.351593 0.351801 0.351161 0.364475 0.357334 0.395055 0.358568 0.413907 0.358252 0.418956 0.357046 0.424730 0.351731 0.432477 0.344032 0.433946 0.335616 0.435316 0.332198 0.433988 0.328522 0.423286 0.324818 0.409184 0.325622 0.398259 0.330794 0.373514 0.335335 0.358866 0.347085 0.348623
0 0.218392 0.440986 0.221551 0.454164 0.216493 0.471284 0.211638 0.490982 0.207011 0.516653 0.205259 0.521502 0.201408 0.532850 0.198421 0.540073 0.197185 0.542446 0.192762 0.528244 0.187650 0.517341 0.186474 0.505290 0.188543 0.495391 0.191246 0.475392 0.197049 0.461773 0.204460 0.447526 0.213882 0.437808
0 0.232791 0.340270 0.231440 0.350270 0.229515 0.355944 0.225836 0.366467 0.211790 0.380632 0.208229 0.383529 0.199467 0.386548 0.197313 0.386247 0.193723 0.385744 0.192430 0.381318
0 0.160685 0.125030 0.159958 0.135405 0.159901 0.142567 0.158258 0.155023 0.155478 0.156839 0.154154 0.151690 0.152345 0.144267 0.151095 0.134165 0.152588 0.131617 0.156170 0.128257
0 0.553186 0.190432 0.557159 0.192091 0.558167 0.201056 0.556729 0.210231 0.549429 0.270425 0.547636 0.278999 0.547542 0.295531 0.527164 0.324115 0.521418 0.319451 0.516194 0.307689 0.516605 0.301129 0.517725 0.295771 0.517874 0.285865 0.514984 0.274430 0.511384 0.261793 0.508735 0.251495 0.509482 0.229540 0.511761 0.223241 0.524711 0.211817 0.537230 0.204744
0 0.773576 0.890449 0.767879 0.870934 0.746477 0.864196 0.735417 0.865145 0.726888 0.885163 0.729124 0.900448 0.741618 0.913426 0.753776 0.917622 0.771675 0.915136 0.781259 0.895265
1 0.991257 0.659710 0.823740 0.715805 0.863755 0.886692 0.985493 0.692458
1 0.871106 0.447784 0.655998 0.462421 0.736595 0.527139 0.746348 0.532232
1 0.585015 0.605349 0.622587 0.798263 0.649380 0.675250
1 0.515013 0.520987 0.537982 0.913184 0.447942 0.629663 0.504924 0.507147
1 0.208362 0.668217 0.137848 0.710545 0.193472 0.739456
1 0.458045 0.488160 0.261687 0.547674 0.260047 0.539989 0.265347 0.514632 0.267576 0.498788 0.271739 0.494399 0.453636 0.431617 0.462502 0.487540
1 0.325441 0.403991 0.289116 0.428332 0.328384 0.357038 0.350819 0.339365
1 0.323114 0.361324 0.245486 0.412898 0.272241 0.422384 0.289553 0.426241
1 0.192528 0.134210 0.131749 0.206802 0.111300 0.244847 0.164567 0.306842
0 0.189191 0.568647 0.114333 0.589032 0.119818 0.610611 0.193632 0.592233
0 0.190656 0.471969 0.175820 0.474199 0.150374 0.476379 0.132480 0.475309 0.128084 0.475412 0.124611 0.495020 0.188712 0.493225
0 0.669968 0.484223 0.656751 0.474082 0.642448 0.464828 0.626215 0.460484 0.616188 0.465297 0.614505 0.473352 0.616993 0.483028 0.621724 0.499233 0.628840 0.512665 0.630628 0.517059 0.640128 0.527716 0.646929 0.529705 0.653873 0.522385 0.659449 0.508658
