0 0.466092 0.182372 0.462799 0.184969 0.462743 0.187752 0.461097 0.189051 0.461013 0.193225 0.459367 0.194523 0.459311 0.197306 0.456018 0.199904 0.455934 0.204078 0.447840 0.203616 0.447923 0.199442 0.446332 0.197959 0.444713 0.197866 0.443122 0.196383 0.441503 0.196290 0.433547 0.188873 0.431928 0.188780 0.428746 0.185813 0.427127 0.185721 0.425536 0.184237 0.423917 0.184145 0.420734 0.181178 0.414258 0.180808 0.414508 0.168287 0.419365 0.168564 0.422659 0.165966 0.422686 0.164575 0.424333 0.163276 0.424361 0.161885 0.429301 0.157988 0.429329 0.156597 0.430975 0.155298 0.431003 0.153907 0.432650 0.152608 0.432678 0.151217 0.435971 0.148619 0.435999 0.147228 0.437646 0.145929 0.437673 0.144538 0.439320 0.143239 0.439431 0.137674 0.471810 0.139520 0.470949 0.182649 0.466092 0.182372
0 0.272616 0.050162 0.274235 0.050255 0.275827 0.051738 0.279064 0.051923 0.280656 0.053406 0.282275 0.053499 0.283866 0.054982 0.285485 0.055075 0.288667 0.058042 0.290286 0.058134 0.293468 0.061101 0.298325 0.061378 0.297659 0.094768 0.291183 0.094399 0.287889 0.096997 0.286271 0.096904 0.284624 0.098203 0.281386 0.098018 0.279739 0.099317 0.276501 0.099133 0.274855 0.100432 0.268379 0.100062 0.266732 0.101361 0.248924 0.100346 0.247277 0.101645 0.229469 0.100629 0.227822 0.101928 0.213252 0.101097 0.211660 0.099613 0.210041 0.099521 0.203677 0.093587 0.203705 0.092196 0.202113 0.090712 0.195638 0.090343 0.196415 0.051388 0.201272 0.051665 0.206212 0.047768 0.207831 0.047861 0.209478 0.046562 0.209589 0.040997 0.271109 0.044505 0.271025 0.048679 0.272616 0.050162
0 0.509609 0.194603 0.506316 0.197201 0.506288 0.198592 0.504641 0.199891 0.503023 0.199799 0.501376 0.201098 0.499757 0.201005 0.498110 0.202304 0.498027 0.206478 0.476981 0.205278 0.477092 0.199713 0.473909 0.196746 0.473937 0.195354 0.472346 0.193871 0.472429 0.189697 0.470838 0.188214 0.465981 0.187937 0.466537 0.160112 0.471393 0.160389 0.473040 0.159090 0.473151 0.153525 0.474798 0.152226 0.474853 0.149443 0.476500 0.148145 0.476528 0.146753 0.479821 0.144156 0.479905 0.139982 0.517140 0.142105 0.516085 0.194972 0.509609 0.194603
0 0.189190 0.088582 0.185896 0.091180 0.185813 0.095354 0.184166 0.096653 0.184083 0.100826 0.182436 0.102125 0.182408 0.103517 0.180762 0.104815 0.180706 0.107598 0.179060 0.108897 0.179032 0.110288 0.177385 0.111587 0.177329 0.114369 0.175683 0.115668 0.175627 0.118451 0.173980 0.119750 0.173953 0.121141 0.172306 0.122440 0.172251 0.125222 0.170604 0.126521 0.170576 0.127913 0.168929 0.129212 0.168902 0.130603 0.160668 0.137097 0.159077 0.135614 0.155839 0.135429 0.154248 0.133946 0.154276 0.132554 0.152684 0.131071 0.151065 0.130978 0.146292 0.126528 0.146320 0.125136 0.131999 0.111784 0.132027 0.110393 0.122480 0.101492 0.117623 0.101215 0.117956 0.084520 0.122813 0.084797 0.124460 0.083498 0.124488 0.082107 0.126134 0.080808 0.126190 0.078025 0.129483 0.075427 0.129511 0.074036 0.131158 0.072737 0.131185 0.071346 0.132832 0.070047 0.132888 0.067265 0.134534 0.065966 0.134562 0.064575 0.137856 0.061977 0.137883 0.060585 0.139530 0.059287 0.139558 0.057895 0.142851 0.055297 0.142879 0.053906 0.146172 0.051308 0.146200 0.049917 0.149494 0.047319 0.149521 0.045928 0.152815 0.043330 0.152926 0.037765 0.195018 0.040166 0.194046 0.088859 0.189190 0.088582
0 0.518251 0.086456 0.516604 0.087755 0.514985 0.087662 0.513339 0.088961 0.510101 0.088776 0.508454 0.090075 0.506835 0.089983 0.501895 0.093880 0.500276 0.093788 0.498629 0.095086 0.495391 0.094902 0.493745 0.096201 0.493661 0.100374 0.479091 0.099543 0.479202 0.093979 0.466473 0.082110 0.461616 0.081833 0.462032 0.060964 0.466889 0.061241 0.468536 0.059942 0.470155 0.060035 0.473448 0.057437 0.475067 0.057529 0.478361 0.054931 0.478444 0.050758 0.525393 0.053435 0.524727 0.086825 0.518251 0.086456
0 0.447406 0.062916 0.449025 0.063008 0.455390 0.068943 0.457009 0.069035 0.458600 0.070518 0.458545 0.073301 0.460136 0.074784 0.460025 0.080349 0.461616 0.081833 0.466473 0.082110 0.466306 0.090457 0.461449 0.090180 0.458156 0.092778 0.458045 0.098343 0.436999 0.097143 0.437082 0.092969 0.435491 0.091486 0.433872 0.091393 0.432281 0.089910 0.430662 0.089818 0.429070 0.088334 0.422595 0.087965 0.421004 0.086481 0.416147 0.086204 0.414556 0.084721 0.412937 0.084628 0.411345 0.083145 0.409727 0.083052 0.408135 0.081569 0.406516 0.081476 0.403334 0.078509 0.403362 0.077118 0.401771 0.075634 0.396914 0.075358 0.397053 0.068401 0.401909 0.068678 0.403556 0.067379 0.403584 0.065988 0.405231 0.064689 0.405258 0.063298 0.410199 0.059401 0.410226 0.058010 0.411873 0.056711 0.411956 0.052537 0.442716 0.054292 0.442633 0.058465 0.447406 0.062916
0 0.762331 0.200658 0.760684 0.201957 0.760656 0.203349 0.759037 0.203256 0.757391 0.204555 0.757280 0.210120 0.742709 0.209289 0.742792 0.205115 0.741201 0.203632 0.739582 0.203540 0.737991 0.202056 0.736372 0.201964 0.731599 0.197513 0.729980 0.197421 0.728389 0.195937 0.726770 0.195845 0.725178 0.194361 0.718703 0.193992 0.719036 0.177297 0.723893 0.177574 0.725539 0.176275 0.725650 0.170710 0.769362 0.173203 0.768806 0.201028 0.762331 0.200658
0 0.509573 0.115210 0.509545 0.116601 0.511137 0.118085 0.511109 0.119476 0.512700 0.120960 0.517557 0.121237 0.517224 0.137932 0.505891 0.137285 0.504244 0.138584 0.460533 0.136091 0.458942 0.134608 0.455704 0.134423 0.454113 0.132940 0.452494 0.132847 0.450903 0.131364 0.449284 0.131271 0.449339 0.128489 0.447748 0.127005 0.447859 0.121440 0.449506 0.120141 0.449534 0.118750 0.451180 0.117451 0.451208 0.116060 0.454501 0.113462 0.454529 0.112071 0.459469 0.108174 0.461088 0.108267 0.466028 0.104370 0.466112 0.100196 0.501728 0.102227 0.501617 0.107792 0.509573 0.115210
0 0.119270 0.099916 0.119242 0.101307 0.120833 0.102791 0.120805 0.104182 0.122397 0.105665 0.122369 0.107057 0.125551 0.110024 0.125523 0.111415 0.127115 0.112899 0.127087 0.114290 0.130269 0.117257 0.135126 0.117534 0.134737 0.137011 0.128261 0.136642 0.126615 0.137941 0.121758 0.137664 0.120111 0.138963 0.112016 0.138501 0.110370 0.139800 0.102275 0.139339 0.100628 0.140637 0.094153 0.140268 0.092506 0.141567 0.086030 0.141198 0.084383 0.142497 0.071432 0.141758 0.069785 0.143057 0.029312 0.140749 0.027720 0.139265 0.026102 0.139173 0.024510 0.137689 0.024538 0.136298 0.021356 0.133331 0.021384 0.131940 0.018201 0.128973 0.018229 0.127581 0.015047 0.124614 0.015074 0.123223 0.011892 0.120256 0.007035 0.119979 0.007285 0.107458 0.012142 0.107735 0.018729 0.102539 0.020348 0.102631 0.023641 0.100034 0.025260 0.100126 0.026907 0.098827 0.028526 0.098919 0.030173 0.097620 0.031791 0.097713 0.035085 0.095115 0.036704 0.095207 0.038351 0.093908 0.041588 0.094093 0.043235 0.092794 0.044854 0.092886 0.046501 0.091587 0.046584 0.087414 0.116198 0.091384 0.116087 0.096949 0.119270 0.099916
0 0.560602 0.157119 0.562221 0.157212 0.565403 0.160179 0.565375 0.161570 0.570149 0.166021 0.575006 0.166298 0.574339 0.199687 0.533866 0.197379 0.533977 0.191814 0.530794 0.188847 0.530822 0.187456 0.527640 0.184489 0.527668 0.183098 0.526076 0.181614 0.526132 0.178831 0.524541 0.177348 0.524624 0.173174 0.523033 0.171691 0.518176 0.171414 0.518648 0.147763 0.557503 0.149978 0.557419 0.154152 0.560602 0.157119
0 0.427710 0.156505 0.422770 0.160401 0.422742 0.161793 0.421095 0.163092 0.421067 0.164483 0.419421 0.165782 0.419393 0.167173 0.417746 0.168472 0.417635 0.174037 0.373924 0.171544 0.374007 0.167370 0.369234 0.162920 0.362758 0.162550 0.363341 0.133334 0.368198 0.133611 0.369845 0.132312 0.369928 0.128139 0.433067 0.131739 0.432567 0.156782 0.427710 0.156505
0 0.799372 0.212521 0.799455 0.208347 0.797864 0.206863 0.791388 0.206494 0.789797 0.205010 0.788178 0.204918 0.786587 0.203435 0.784968 0.203342 0.781786 0.200375 0.780167 0.200283 0.778576 0.198799 0.778603 0.197408 0.777012 0.195924 0.777290 0.182012 0.778937 0.180713 0.778964 0.179322 0.780611 0.178023 0.780694 0.173849 0.814692 0.175788 0.813942 0.213352 0.799372 0.212521
0 0.588901 0.119734 0.595377 0.120103 0.594655 0.156276 0.588179 0.155906 0.586533 0.157205 0.586449 0.161379 0.575117 0.160733 0.575200 0.156559 0.573609 0.155075 0.571990 0.154983 0.570399 0.153499 0.563923 0.153130 0.562332 0.151647 0.560713 0.151554 0.557531 0.148587 0.549436 0.148125 0.547845 0.146642 0.541369 0.146273 0.539778 0.144789 0.534921 0.144512 0.533330 0.143029 0.528473 0.142752 0.526882 0.141268 0.525263 0.141176 0.523672 0.139692 0.518815 0.139415 0.519287 0.115764 0.525763 0.116133 0.529056 0.113535 0.529139 0.109362 0.587421 0.112685 0.587310 0.118250 0.588901 0.119734
1 0.876470 0.247560 0.878089 0.247652 0.887636 0.256553 0.889255 0.256646 0.901984 0.268514 0.903603 0.268606 0.905195 0.270090 0.905167 0.271481 0.924261 0.289284 0.924233 0.290675 0.930598 0.296609 0.935455 0.296886 0.933733 0.383143 0.927257 0.382774 0.925610 0.384073 0.925583 0.385464 0.915702 0.393258 0.914083 0.393165 0.909143 0.397062 0.907524 0.396970 0.904231 0.399568 0.902612 0.399475 0.899319 0.402073 0.897700 0.401981 0.896053 0.403280 0.894434 0.403187 0.892787 0.404486 0.891168 0.404394 0.889522 0.405693 0.887903 0.405601 0.886256 0.406900 0.884637 0.406807 0.881344 0.409405 0.879725 0.409313 0.878078 0.410612 0.873221 0.410335 0.869928 0.412933 0.869845 0.417106 0.853655 0.416183 0.853766 0.410618 0.850584 0.407651 0.850639 0.404868 0.849048 0.403385 0.849187 0.396429 0.847596 0.394945 0.848151 0.367120 0.846560 0.365637 0.848207 0.364338 0.848901 0.329557 0.847310 0.328073 0.847726 0.307205 0.846135 0.305721 0.846413 0.291809 0.848060 0.290510 0.848532 0.266859 0.850178 0.265560 0.850428 0.253038 0.852075 0.251740 0.852186 0.246175 0.853833 0.244876 0.853944 0.239311 0.874990 0.240511 0.874879 0.246076 0.876470 0.247560
0 0.448248 0.101963 0.453105 0.102240 0.452744 0.120326 0.447887 0.120049 0.444593 0.122647 0.444566 0.124038 0.442919 0.125337 0.441300 0.125245 0.436360 0.129142 0.434741 0.129049 0.433094 0.130348 0.416905 0.129425 0.415258 0.130724 0.415175 0.134898 0.408699 0.134528 0.408782 0.130355 0.407191 0.128871 0.395859 0.128225 0.394267 0.126741 0.389411 0.126464 0.389827 0.105596 0.394684 0.105872 0.396331 0.104574 0.396358 0.103182 0.398005 0.101883 0.398033 0.100492 0.402973 0.096595 0.403084 0.091030 0.443558 0.093339 0.443474 0.097512 0.448248 0.101963
0 0.562074 0.083383 0.562046 0.084775 0.565228 0.087742 0.570085 0.088019 0.569696 0.107496 0.563220 0.107127 0.561574 0.108426 0.558336 0.108241 0.556689 0.109540 0.555070 0.109448 0.553423 0.110747 0.553229 0.120485 0.532183 0.119285 0.532266 0.115111 0.530675 0.113628 0.529056 0.113535 0.527465 0.112052 0.506419 0.110852 0.506780 0.092766 0.513255 0.093135 0.518196 0.089238 0.519814 0.089330 0.521461 0.088032 0.523080 0.088124 0.528020 0.084227 0.529639 0.084319 0.534579 0.080423 0.534663 0.076249 0.560566 0.077726 0.560482 0.081900 0.562074 0.083383
0 0.284318 0.113507 0.285937 0.113599 0.301849 0.128435 0.301821 0.129826 0.305004 0.132793 0.309860 0.133070 0.309499 0.151156 0.303024 0.150787 0.301377 0.152086 0.301294 0.156260 0.246250 0.153121 0.246333 0.148947 0.244742 0.147463 0.236647 0.147002 0.235056 0.145518 0.209153 0.144041 0.207562 0.142557 0.199467 0.142096 0.197876 0.140612 0.193019 0.140335 0.191428 0.138852 0.186571 0.138575 0.184980 0.137091 0.175266 0.136537 0.175516 0.124016 0.180373 0.124293 0.183666 0.121695 0.183694 0.120304 0.185341 0.119005 0.185369 0.117614 0.190309 0.113717 0.190336 0.112326 0.193630 0.109728 0.195249 0.109820 0.196896 0.108521 0.200133 0.108706 0.201780 0.107407 0.205018 0.107592 0.206665 0.106293 0.206748 0.102119 0.281219 0.106366 0.281136 0.110540 0.284318 0.113507
0 0.876470 0.247560 0.878089 0.247652 0.887636 0.256553 0.889255 0.256646 0.901984 0.268514 0.903603 0.268606 0.905195 0.270090 0.905167 0.271481 0.924261 0.289284 0.924233 0.290675 0.930598 0.296609 0.935455 0.296886 0.933733 0.383143 0.927257 0.382774 0.925610 0.384073 0.925583 0.385464 0.915702 0.393258 0.914083 0.393165 0.909143 0.397062 0.907524 0.396970 0.904231 0.399568 0.902612 0.399475 0.899319 0.402073 0.897700 0.401981 0.896053 0.403280 0.894434 0.403187 0.892787 0.404486 0.891168 0.404394 0.889522 0.405693 0.887903 0.405601 0.886256 0.406900 0.884637 0.406807 0.881344 0.409405 0.879725 0.409313 0.878078 0.410612 0.873221 0.410335 0.869928 0.412933 0.869845 0.417106 0.853655 0.416183 0.853766 0.410618 0.850584 0.407651 0.850639 0.404868 0.849048 0.403385 0.849187 0.396429 0.847596 0.394945 0.848151 0.367120 0.846560 0.365637 0.848207 0.364338 0.848901 0.329557 0.847310 0.328073 0.847726 0.307205 0.846135 0.305721 0.846413 0.291809 0.848060 0.290510 0.848532 0.266859 0.850178 0.265560 0.850428 0.253038 0.852075 0.251740 0.852186 0.246175 0.853833 0.244876 0.853944 0.239311 0.874990 0.240511 0.874879 0.246076 0.876470 0.247560
0 0.511228 0.194695 0.504641 0.199891 0.503023 0.199799 0.501376 0.201098 0.499757 0.201005 0.498110 0.202304 0.498027 0.206478 0.476981 0.205278 0.477064 0.201104 0.475473 0.199620 0.475500 0.198229 0.473909 0.196746 0.473937 0.195354 0.472346 0.193871 0.472402 0.191088 0.470810 0.189605 0.465954 0.189328 0.466509 0.161503 0.471366 0.161780 0.473012 0.160481 0.473123 0.154916 0.474770 0.153617 0.474853 0.149443 0.479794 0.145547 0.479905 0.139982 0.517140 0.142105 0.516085 0.194972 0.511228 0.194695
0 0.808927 0.302206 0.734379 0.315365 0.672157 0.319941 0.653317 0.316546 0.654011 0.281765 0.672613 0.229434 0.699804 0.220538 0.751023 0.225781 0.831485 0.254744 0.833373 0.295476 0.808927 0.302206
0 0.828754 0.391549 0.793192 0.413895 0.735040 0.417543 0.666212 0.414779 0.632693 0.402422 0.622663 0.363547 0.627104 0.344068 0.670623 0.329140 0.709956 0.320937 0.745171 0.315981 0.784481 0.308936 0.818232 0.309701 0.838307 0.318970 0.840265 0.356224 0.828754 0.391549
0 0.601963 0.385579 0.586962 0.392850 0.523276 0.403146 0.489502 0.403540 0.480312 0.390250 0.521826 0.340386 0.549665 0.299027 0.592529 0.249241 0.611625 0.239884 0.643518 0.266077 0.634428 0.315469 0.601963 0.385579
0 0.519731 0.310088 0.489008 0.360567 0.462936 0.381133 0.434042 0.340022 0.433479 0.300527 0.469482 0.256152 0.514743 0.221592 0.574290 0.215702 0.593130 0.219098 0.559618 0.274060 0.519731 0.310088
0 0.334754 0.442304 0.280643 0.378863 0.207637 0.247023 0.193724 0.199803 0.386299 0.228195 0.417807 0.341418 0.334754 0.442304
0 0.224234 0.362878 0.234102 0.409868 0.093585 0.412300 0.000000 0.391156 0.000000 0.305364 0.007314 0.200779 0.112499 0.209099 0.178288 0.296420 0.224234 0.362878
0 0.916855 0.511481 0.928141 0.555071 0.922936 0.612808 0.873258 0.665687 0.836600 0.675205 0.760186 0.646473 0.719149 0.604668 0.706029 0.585349 0.746982 0.495991 0.817083 0.434990 0.873190 0.466046 0.916855 0.511481
0 0.687111 0.518111 0.690441 0.554282 0.694842 0.604443 0.694472 0.622993 0.670095 0.626245 0.645811 0.624860 0.627133 0.613349 0.589026 0.560106 0.562992 0.511033 0.543727 0.461185 0.532233 0.428031 0.592920 0.432652 0.626557 0.439213 0.653491 0.443071 0.671732 0.476610 0.687111 0.518111
0 0.538661 0.511967 0.555206 0.562820 0.562583 0.599221 0.547419 0.614607 0.521231 0.640970 0.480341 0.659530 0.453658 0.642920 0.401691 0.607456 0.363144 0.576241 0.338160 0.542318 0.361627 0.516960 0.401468 0.483251 0.450869 0.444283 0.489085 0.424409 0.511232 0.465136 0.538661 0.511967
0 0.313667 0.551367 0.288758 0.581285 0.264058 0.600769 0.222189 0.600702 0.137380 0.586580 0.070178 0.569980 0.016631 0.546034 0.000000 0.527962 0.000000 0.495268 0.000000 0.463657 0.000000 0.441773 0.071537 0.434257 0.135107 0.429758 0.205239 0.434918 0.272693 0.438765 0.308981 0.447798 0.336942 0.467963 0.329364 0.509316 0.313667 0.551367
0 0.923559 0.784626 0.911209 0.794367 0.870157 0.821043 0.823638 0.850889 0.769350 0.864043 0.685357 0.876663 0.605737 0.873283 0.549190 0.864256 0.518969 0.821908 0.486144 0.774769 0.478813 0.736048 0.486553 0.686581 0.529956 0.677448 0.582595 0.679290 0.643421 0.676955 0.721669 0.681417 0.783614 0.690754 0.832159 0.694682 0.872286 0.714381 0.901318 0.748537 0.923559 0.784626
0 0.463602 0.753751 0.470818 0.798269 0.481941 0.849974 0.474524 0.883211 0.423259 0.880287 0.320725 0.874440 0.239824 0.867505 0.175113 0.861493 0.094305 0.849921 0.004076 0.836651 0.000000 0.820123 0.000000 0.794693 0.000000 0.747698 0.003084 0.683384 0.074093 0.644487 0.139152 0.633109 0.212120 0.631466 0.286554 0.624104 0.401159 0.634122 0.438540 0.655986 0.452640 0.693931 0.463602 0.753751
0 0.086690 0.081111 0.043355 0.086766 0.027235 0.082364 0.022325 0.057710 0.025370 0.040473 0.055144 0.037528 0.102293 0.043699 0.111622 0.050034 0.126137 0.067112 0.116532 0.074689 0.086690 0.081111
0 0.866440 0.195220 0.823129 0.199715 0.815451 0.178384 0.854576 0.180616 0.854506 0.184094 0.866440 0.195220
0 0.849271 0.175671 0.830847 0.151406 0.854035 0.139962 0.871228 0.158352 0.849271 0.175671
0 0.823470 0.115004 0.835820 0.105262 0.849195 0.111829 0.860990 0.129912 0.839196 0.139115 0.823470 0.115004
0 0.812891 0.171274 0.787304 0.167495 0.790281 0.153736 0.821402 0.150867 0.830453 0.171116 0.812891 0.171274
0 0.761510 0.174148 0.742691 0.169593 0.738898 0.156608 0.752504 0.151582 0.778092 0.155361 0.777745 0.172752 0.761510 0.174148
0 0.706103 0.175630 0.692728 0.169065 0.705240 0.151207 0.728220 0.150197 0.722292 0.176554 0.706103 0.175630
0 0.712239 0.138839 0.704029 0.144174 0.692095 0.133047 0.684371 0.114036 0.710121 0.109700 0.715216 0.125081 0.712239 0.138839
0 0.751341 0.142229 0.743177 0.145246 0.723010 0.140614 0.720542 0.128867 0.727543 0.116498 0.750501 0.116647 0.754294 0.129630 0.751341 0.142229
0 0.776858 0.149489 0.762111 0.144004 0.763784 0.127851 0.781368 0.126532 0.789116 0.144384 0.776858 0.149489
0 0.821564 0.142752 0.797349 0.137889 0.790859 0.124751 0.809931 0.116554 0.829821 0.135099 0.821564 0.142752
0 0.824957 0.108125 0.801929 0.111454 0.791438 0.095767 0.814626 0.084322 0.829166 0.100241 0.824957 0.108125
0 0.785601 0.117487 0.765294 0.119811 0.754896 0.099487 0.760546 0.087042 0.789995 0.100327 0.791276 0.103882 0.785601 0.117487
0 0.743825 0.112784 0.715563 0.107690 0.717120 0.097333 0.734798 0.091377 0.749545 0.096860 0.752058 0.106290 0.743825 0.112784
