0 0.902134 0.669757 0.900772 0.676016 0.898809 0.677184 0.897188 0.676788 0.893262 0.679126 0.891641 0.678730 0.889678 0.679898 0.888056 0.679502 0.886094 0.680671 0.884472 0.680275 0.882509 0.681444 0.880888 0.681048 0.878925 0.682216 0.877303 0.681820 0.875340 0.682990 0.873719 0.682594 0.871756 0.683763 0.870133 0.683367 0.868172 0.684535 0.864928 0.683743 0.862965 0.684911 0.861343 0.684515 0.859380 0.685685 0.851271 0.683705 0.847865 0.699351 0.854352 0.700935 0.855633 0.702896 0.857255 0.703292 0.858536 0.705252 0.861781 0.706044 0.863062 0.708004 0.866306 0.708796 0.867587 0.710757 0.869209 0.711153 0.871771 0.715074 0.870749 0.719767 0.903187 0.727686 0.904209 0.722993 0.908134 0.720655 0.909756 0.721051 0.911718 0.719882 0.913340 0.720278 0.917266 0.717941 0.923752 0.719525 0.927840 0.700748 0.922975 0.699561 0.919131 0.693680 0.919471 0.692114 0.915628 0.686233 0.915969 0.684669 0.912124 0.678787 0.913487 0.672528
0 0.512046 0.429525 0.511024 0.434218 0.507098 0.436556 0.505476 0.436160 0.501551 0.438498 0.499930 0.438102 0.488155 0.445113 0.487814 0.446678 0.485851 0.447847 0.479363 0.446264 0.474594 0.468168 0.479459 0.469356 0.482023 0.473276 0.481682 0.474841 0.488088 0.484645 0.489710 0.485041 0.493554 0.490922 0.492532 0.495615 0.537944 0.506701 0.538966 0.502008 0.542891 0.499670 0.544514 0.500066 0.554326 0.494222 0.555007 0.491093 0.558932 0.488756 0.563797 0.489944 0.567544 0.472733 0.562679 0.471545 0.561398 0.469585 0.561739 0.468020 0.560457 0.466060 0.560798 0.464495 0.556955 0.458613 0.557296 0.457049 0.548327 0.443324 0.549348 0.438631
0 0.624087 0.377782 0.622725 0.384041 0.618800 0.386378 0.618459 0.387942 0.616496 0.389111 0.616155 0.390675 0.608305 0.395351 0.607965 0.396915 0.604041 0.399253 0.599174 0.398065 0.593383 0.424664 0.599871 0.426248 0.603715 0.432129 0.605336 0.432525 0.607899 0.436446 0.609520 0.436842 0.610802 0.438802 0.612424 0.439198 0.613705 0.441159 0.615326 0.441555 0.616608 0.443515 0.618231 0.443911 0.619511 0.445872 0.622755 0.446664 0.625317 0.450585 0.624296 0.455278 0.663221 0.464781 0.664243 0.460087 0.670130 0.456581 0.671752 0.456977 0.677640 0.453471 0.679261 0.453867 0.689074 0.448024 0.695562 0.449608 0.700331 0.427702 0.693843 0.426118 0.684875 0.412395 0.683252 0.411999 0.680690 0.408078 0.679068 0.407682 0.677788 0.405721 0.676165 0.405325 0.674884 0.403365 0.673262 0.402969 0.670700 0.399048 0.669078 0.398652 0.667797 0.396692 0.664553 0.395900 0.663272 0.393939 0.661650 0.393543 0.660368 0.391583 0.661390 0.386889
0 0.716401 0.479411 0.715380 0.484105 0.705567 0.489949 0.705227 0.491514 0.703265 0.492682 0.702924 0.494246 0.700961 0.495415 0.700620 0.496980 0.698657 0.498149 0.697976 0.501278 0.696014 0.502447 0.695673 0.504011 0.693710 0.505180 0.693029 0.508309 0.689105 0.510646 0.684239 0.509458 0.677766 0.539187 0.682633 0.540375 0.683913 0.542335 0.685535 0.542730 0.688097 0.546653 0.687756 0.548217 0.689038 0.550178 0.688698 0.551742 0.689979 0.553703 0.689639 0.555267 0.690919 0.557227 0.689557 0.563487 0.756053 0.579720 0.757416 0.573460 0.759379 0.572292 0.761001 0.572688 0.762963 0.571520 0.764585 0.571916 0.766548 0.570747 0.768170 0.571143 0.770132 0.569974 0.773376 0.570766 0.775338 0.569597 0.780204 0.570785 0.782166 0.569616 0.783788 0.570012 0.785750 0.568843 0.792238 0.570427 0.799392 0.537569 0.794527 0.536382 0.791964 0.532461 0.792305 0.530896 0.791023 0.528935 0.791364 0.527371 0.790083 0.525411 0.790424 0.523846 0.789143 0.521886 0.789483 0.520321 0.788202 0.518360 0.788542 0.516796 0.787261 0.514835 0.787601 0.513270 0.785040 0.509350 0.785380 0.507785 0.782818 0.503864 0.781196 0.503468 0.779914 0.501507 0.781277 0.495249
0 0.835770 0.574463 0.834749 0.579156 0.832785 0.580325 0.831163 0.579929 0.829201 0.581098 0.825957 0.580307 0.823994 0.581475 0.820751 0.580683 0.818788 0.581852 0.817166 0.581456 0.815204 0.582625 0.813582 0.582228 0.811620 0.583398 0.809998 0.583002 0.806072 0.585338 0.805732 0.586903 0.801807 0.589241 0.796941 0.588053 0.785018 0.642815 0.789885 0.644003 0.792446 0.647924 0.791083 0.654183 0.833252 0.664477 0.834274 0.659782 0.840162 0.656277 0.841784 0.656673 0.843747 0.655504 0.845369 0.655900 0.849293 0.653562 0.850916 0.653958 0.854841 0.651621 0.856463 0.652017 0.866275 0.646173 0.867897 0.646568 0.871822 0.644231 0.873444 0.644627 0.881294 0.639952 0.882917 0.640348 0.888804 0.636843 0.893670 0.638031 0.898439 0.616126 0.893573 0.614938 0.891010 0.611017 0.889389 0.610621 0.886825 0.606700 0.885204 0.606304 0.883923 0.604343 0.882301 0.603947 0.879738 0.600027 0.878116 0.599631 0.875555 0.595710 0.873932 0.595314 0.872651 0.593353 0.871029 0.592957 0.869748 0.590997 0.868126 0.590601 0.865564 0.586679 0.866586 0.581985
0 0.667607 0.711372 0.662157 0.736406 0.668645 0.737990 0.669925 0.739950 0.671548 0.740347 0.672829 0.742307 0.676072 0.743098 0.678635 0.747019 0.677612 0.751714 0.693832 0.755673 0.695195 0.749414 0.697157 0.748246 0.698779 0.748642 0.700741 0.747473 0.705607 0.748661 0.709014 0.733015 0.702526 0.731431 0.701245 0.729470 0.701586 0.727905 0.699023 0.723985 0.700045 0.719290
0 0.702125 0.607749 0.700763 0.614008 0.694875 0.617513 0.694534 0.619078 0.690609 0.621416 0.690268 0.622981 0.682418 0.627655 0.682078 0.629220 0.666377 0.638569 0.666037 0.640134 0.656223 0.645977 0.655883 0.647542 0.649996 0.651048 0.649655 0.652613 0.647693 0.653781 0.647353 0.655346 0.643426 0.657683 0.643086 0.659248 0.641124 0.660417 0.640783 0.661981 0.636858 0.664319 0.636517 0.665884 0.634554 0.667052 0.634214 0.668616 0.630289 0.670955 0.629949 0.672519 0.624061 0.676024 0.623720 0.677589 0.617833 0.681095 0.612967 0.679907 0.608198 0.701813 0.621173 0.704980 0.622536 0.698721 0.628423 0.695215 0.628763 0.693650 0.644464 0.684302 0.644805 0.682736 0.664430 0.671049 0.664771 0.669484 0.672621 0.664810 0.672962 0.663245 0.678849 0.659740 0.679190 0.658175 0.685078 0.654669 0.685418 0.653104 0.689342 0.650766 0.689683 0.649201 0.695571 0.645696 0.695912 0.644131 0.697874 0.642962 0.698214 0.641398 0.702140 0.639060 0.702480 0.637496 0.704443 0.636327 0.704784 0.634763 0.706747 0.633594 0.707088 0.632029 0.711012 0.629692 0.711352 0.628128 0.713315 0.626959 0.718180 0.628146 0.721587 0.612500
1 0.555068 0.616339 0.552083 0.622203 0.582847 0.700567 0.592498 0.711161 0.609952 0.623146
1 0.561332 0.509115 0.544559 0.594001 0.598502 0.597283 0.571322 0.518146
1 0.485968 0.337474 0.483370 0.435707 0.537654 0.437423 0.548927 0.448415 0.567448 0.449640 0.561805 0.428489
0 0.597164 0.830942 0.594439 0.843458 0.616206 0.845476 0.611762 0.834505
0 0.569399 0.778025 0.571881 0.790166 0.587841 0.787471 0.578190 0.776877
0 0.572887 0.754160 0.570844 0.763548 0.584500 0.763586 0.584582 0.755367
0 0.769475 0.800503 0.767090 0.811455 0.778785 0.812662 0.777925 0.800918
0 0.839246 0.880152 0.833358 0.883657 0.832677 0.886786 0.836862 0.891104 0.845312 0.891519 0.847274 0.890350 0.847016 0.883696
0 0.437264 0.757304 0.429333 0.770197 0.446574 0.769463 0.446055 0.756154
0 0.423629 0.623801 0.421926 0.631623 0.435242 0.633226 0.435324 0.625007
0 0.410396 0.613978 0.411255 0.625723 0.421326 0.626533 0.421748 0.616749
0 0.494540 0.588381 0.491555 0.594244 0.514602 0.598222 0.515624 0.593528
0 0.434774 0.549075 0.434011 0.560424 0.451252 0.559689 0.448089 0.550677
0 0.526946 0.533677 0.526865 0.541896 0.541462 0.545459 0.540263 0.535280
0 0.181996 0.266564 0.176367 0.276725 0.185076 0.283794 0.190709 0.270964
0 0.042901 0.324885 0.034791 0.322905 0.036332 0.331519 0.055453 0.337836
0 0.518894 0.296078 0.512326 0.302713 0.518132 0.307427 0.541859 0.308275 0.527684 0.294928
0 0.564759 0.360004 0.558450 0.373293 0.565796 0.386621 0.580992 0.395275 0.606343 0.396520 0.606425 0.388300 0.585503 0.366715
0 0.572949 0.353765 0.570906 0.363151 0.595493 0.375746 0.597634 0.389450 0.607025 0.393390 0.621102 0.383645 0.622806 0.375821 0.612557 0.360137 0.580801 0.349089
0 0.624585 0.524556 0.619038 0.526497 0.625445 0.536301 0.654297 0.544992 0.670938 0.539167 0.679552 0.523145 0.669901 0.512550
0 0.619282 0.501841 0.616135 0.524142 0.650016 0.517582 0.634901 0.500711
