0 0.514220 0.151928 0.514232 0.157130 0.519343 0.163079 0.521042 0.163328 0.522746 0.165311 0.529545 0.166306 0.529629 0.202723 0.522830 0.201727 0.521133 0.203212 0.521137 0.204947 0.509267 0.215343 0.507567 0.215094 0.504175 0.218064 0.502476 0.217815 0.499084 0.220786 0.497385 0.220537 0.495688 0.222022 0.493989 0.221773 0.492293 0.223259 0.490592 0.223010 0.488897 0.224494 0.485498 0.223997 0.483802 0.225482 0.482102 0.225233 0.480407 0.226718 0.477007 0.226220 0.475311 0.227705 0.471911 0.227207 0.470215 0.228692 0.466815 0.228195 0.465120 0.229679 0.461720 0.229181 0.460025 0.230667 0.453225 0.229671 0.451529 0.231156 0.448130 0.230658 0.446434 0.232144 0.446446 0.237347 0.402251 0.230875 0.402239 0.225672 0.400535 0.223688 0.398835 0.223439 0.397131 0.221457 0.393732 0.220959 0.392029 0.218975 0.390328 0.218726 0.386921 0.214760 0.385221 0.214511 0.380109 0.208563 0.375011 0.207816 0.374935 0.174868 0.380034 0.175615 0.388512 0.168189 0.388508 0.166454 0.390205 0.164969 0.391905 0.165218 0.402080 0.156307 0.403779 0.156556 0.407171 0.153586 0.408871 0.153835 0.412262 0.150864 0.413962 0.151113 0.415659 0.149628 0.417358 0.149877 0.419054 0.148392 0.420754 0.148641 0.422449 0.147156 0.424149 0.147405 0.427541 0.144434 0.427529 0.139232
0 0.530011 0.369197 0.530023 0.374399 0.533431 0.378365 0.535130 0.378614 0.536834 0.380598 0.538533 0.380847 0.543645 0.386796 0.545346 0.387045 0.552161 0.394978 0.553860 0.395226 0.558971 0.401175 0.564071 0.401922 0.564103 0.415795 0.559003 0.415048 0.553916 0.419503 0.552217 0.419254 0.545433 0.425196 0.543733 0.424947 0.540341 0.427917 0.538641 0.427668 0.535249 0.430637 0.533550 0.430388 0.530158 0.433359 0.528459 0.433110 0.523371 0.437566 0.523383 0.442768 0.470688 0.435051 0.470629 0.409040 0.477429 0.410035 0.482516 0.405579 0.482512 0.403846 0.496079 0.391964 0.496075 0.390230 0.499466 0.387261 0.499462 0.385526 0.501158 0.384041 0.501154 0.382307 0.504545 0.379336 0.504541 0.377601 0.507933 0.374631 0.507929 0.372898 0.509625 0.371412 0.509613 0.366210
0 0.308702 0.191171 0.308713 0.196374 0.312121 0.200340 0.313821 0.200589 0.315525 0.202571 0.317225 0.202820 0.320632 0.206786 0.322332 0.207035 0.324036 0.209018 0.325735 0.209267 0.329143 0.213233 0.330842 0.213482 0.332547 0.215465 0.334247 0.215714 0.337653 0.219680 0.339354 0.219929 0.344465 0.225879 0.346165 0.226128 0.358092 0.240009 0.358096 0.241743 0.359799 0.243726 0.366599 0.244721 0.366702 0.289808 0.359903 0.288813 0.353119 0.294753 0.351420 0.294504 0.349724 0.295990 0.348025 0.295741 0.344632 0.298710 0.342933 0.298461 0.336149 0.304403 0.334450 0.304154 0.329362 0.308609 0.329366 0.310343 0.322583 0.316283 0.320882 0.316034 0.317492 0.319006 0.314092 0.318508 0.312396 0.319993 0.308996 0.319495 0.307301 0.320981 0.303900 0.320483 0.302205 0.321967 0.300506 0.321718 0.298809 0.323204 0.295410 0.322706 0.293713 0.324191 0.290315 0.323693 0.286922 0.326663 0.286934 0.331866 0.241040 0.325145 0.241028 0.319942 0.237620 0.315976 0.235920 0.315727 0.234216 0.313745 0.232517 0.313496 0.225701 0.305563 0.224002 0.305315 0.222298 0.303331 0.222294 0.301596 0.218886 0.297630 0.212088 0.296635 0.211976 0.248080 0.217075 0.248826 0.218770 0.247342 0.218766 0.245607 0.220463 0.244122 0.220455 0.240654 0.222151 0.239170 0.222143 0.235701 0.223838 0.234216 0.223831 0.230747 0.225526 0.229262 0.225518 0.225793 0.227214 0.224309 0.227210 0.222575 0.228906 0.221090 0.228902 0.219356 0.230598 0.217870 0.230594 0.216136 0.233986 0.213165 0.233982 0.211432 0.252635 0.195094 0.254336 0.195343 0.256032 0.193859 0.257731 0.194108 0.262818 0.189653 0.262806 0.184450
0 0.461987 0.345367 0.461999 0.350569 0.463703 0.352553 0.465402 0.352801 0.467106 0.354784 0.468806 0.355033 0.470509 0.357016 0.472210 0.357265 0.473913 0.359249 0.475613 0.359498 0.477317 0.361480 0.479017 0.361729 0.480721 0.363713 0.482420 0.363962 0.484125 0.365944 0.485824 0.366193 0.487527 0.368176 0.496027 0.369420 0.496075 0.390230 0.490975 0.389483 0.487583 0.392453 0.487587 0.394188 0.480805 0.400129 0.480809 0.401862 0.475721 0.406318 0.475725 0.408052 0.467245 0.415478 0.465546 0.415229 0.463850 0.416715 0.462150 0.416466 0.460455 0.417951 0.458754 0.417702 0.457058 0.419186 0.455359 0.418937 0.453662 0.420423 0.453674 0.425626 0.429878 0.422141 0.429862 0.415204 0.428158 0.413221 0.426459 0.412972 0.417939 0.403057 0.417935 0.401323 0.414528 0.397357 0.414524 0.395622 0.411116 0.391656 0.411112 0.389922 0.409409 0.387940 0.402609 0.386944 0.402558 0.364400 0.409357 0.365396 0.414444 0.360940 0.416144 0.361189 0.421231 0.356734 0.422930 0.356983 0.426323 0.354012 0.428023 0.354261 0.436501 0.346835 0.436489 0.341633
0 0.653843 0.276387 0.653859 0.283323 0.657265 0.287289 0.657269 0.289023 0.660677 0.292989 0.665777 0.293736 0.665844 0.323216 0.659045 0.322220 0.657349 0.323705 0.655650 0.323456 0.653954 0.324942 0.653966 0.330144 0.636967 0.327654 0.636955 0.322452 0.633549 0.318486 0.631848 0.318237 0.628441 0.314271 0.626740 0.314022 0.625037 0.312040 0.619938 0.311293 0.618234 0.309309 0.609734 0.308065 0.608031 0.306081 0.606331 0.305832 0.604627 0.303850 0.599529 0.303103 0.599489 0.285762 0.606287 0.286758 0.607983 0.285272 0.609683 0.285521 0.611379 0.284036 0.616479 0.284783 0.618174 0.283297 0.621574 0.283795 0.623269 0.282310 0.624969 0.282559 0.626665 0.281075 0.628365 0.281324 0.630061 0.279838 0.630046 0.272902
0 0.365018 0.296496 0.365034 0.303432 0.368442 0.307398 0.368450 0.310867 0.370153 0.312850 0.370161 0.316317 0.371865 0.318301 0.371869 0.320034 0.373573 0.322018 0.373581 0.325486 0.375285 0.327470 0.375289 0.329203 0.376992 0.331187 0.377000 0.334655 0.378704 0.336638 0.378708 0.338371 0.380412 0.340355 0.380416 0.342088 0.382120 0.344072 0.382124 0.345807 0.383827 0.347789 0.383831 0.349524 0.385536 0.351506 0.385540 0.353240 0.387243 0.355223 0.387247 0.356957 0.390655 0.360923 0.390659 0.362658 0.392363 0.364641 0.392367 0.366375 0.397478 0.372324 0.397482 0.374058 0.400889 0.378024 0.400893 0.379758 0.404301 0.383725 0.404305 0.385458 0.406008 0.387442 0.406012 0.389175 0.411124 0.395124 0.411128 0.396859 0.417943 0.404791 0.417947 0.406526 0.423058 0.412474 0.428158 0.413221 0.428198 0.430562 0.421398 0.429566 0.419703 0.431051 0.418003 0.430802 0.416307 0.432288 0.414607 0.432039 0.412911 0.433523 0.411211 0.433274 0.409516 0.434760 0.409528 0.439963 0.356834 0.432246 0.356818 0.425309 0.355113 0.423326 0.355109 0.421591 0.353406 0.419609 0.353402 0.417874 0.351699 0.415892 0.351695 0.414158 0.349991 0.412175 0.349987 0.410441 0.348283 0.408458 0.348279 0.406723 0.346575 0.404740 0.346567 0.401272 0.344863 0.399290 0.344859 0.397555 0.343155 0.395572 0.343152 0.393838 0.341448 0.391855 0.341440 0.388386 0.339736 0.386404 0.339724 0.381201 0.338020 0.379218 0.338008 0.374016 0.336304 0.372033 0.336289 0.365096 0.334585 0.363114 0.334581 0.361379 0.332877 0.359397 0.327777 0.358650 0.327658 0.306627 0.332758 0.307374 0.334454 0.305888 0.336153 0.306137 0.337849 0.304652 0.337845 0.302917 0.339541 0.301432 0.339537 0.299698 0.341233 0.298213 0.341221 0.293011
0 0.587709 0.336043 0.587721 0.341245 0.589424 0.343228 0.589428 0.344963 0.591132 0.346945 0.597932 0.347941 0.597964 0.361814 0.592864 0.361067 0.589472 0.364037 0.589484 0.369239 0.587789 0.370725 0.587812 0.381129 0.586117 0.382614 0.586121 0.384349 0.584425 0.385833 0.584429 0.387568 0.582733 0.389053 0.582737 0.390787 0.579346 0.393758 0.577645 0.393509 0.575949 0.394994 0.564051 0.393252 0.562348 0.391268 0.560647 0.391019 0.558943 0.389037 0.557244 0.388788 0.555539 0.386804 0.553840 0.386555 0.550433 0.382589 0.548733 0.382340 0.547029 0.380357 0.545330 0.380108 0.541921 0.376142 0.540222 0.375893 0.529999 0.363995 0.524899 0.363248 0.524863 0.347641 0.529963 0.348388 0.535050 0.343932 0.535046 0.342198 0.538438 0.339228 0.538434 0.337495 0.541826 0.334524 0.541814 0.329321
0 0.559716 0.000000 0.559728 0.000000 0.561432 0.000000 0.563132 0.000000 0.564836 0.000000 0.568234 0.000000 0.569939 0.000000 0.571638 0.000000 0.573342 0.000000 0.575042 0.000000 0.580153 0.005567 0.581854 0.005816 0.588668 0.013748 0.588672 0.015481 0.592080 0.019448 0.592084 0.021182 0.593788 0.023166 0.593796 0.026633 0.595500 0.028616 0.595508 0.032084 0.597211 0.034067 0.597219 0.037535 0.598924 0.039519 0.598936 0.044722 0.600639 0.046704 0.600647 0.050172 0.602350 0.052155 0.602362 0.057358 0.605769 0.061324 0.610869 0.062071 0.610977 0.108891 0.605877 0.108144 0.594007 0.118541 0.594011 0.120275 0.592314 0.121760 0.592326 0.126962 0.546432 0.120241 0.546416 0.113305 0.544713 0.111322 0.543012 0.111073 0.539605 0.107107 0.537905 0.106858 0.524274 0.090993 0.522575 0.090745 0.520871 0.088761 0.520867 0.087027 0.508941 0.073146 0.508937 0.071412 0.502121 0.063480 0.502118 0.061746 0.498710 0.057779 0.498706 0.056046 0.495298 0.052079 0.495294 0.050345 0.493591 0.048362 0.493587 0.046629 0.488475 0.040679 0.483376 0.039932 0.483297 0.005250 0.488396 0.005997 0.491787 0.003027 0.491783 0.001292 0.501958 0.000000 0.503658 0.000000 0.508746 0.000000 0.512145 0.000000 0.513842 0.000000 0.515541 0.000000 0.518933 0.000000 0.518921 0.000000
0 0.354182 0.017545 0.354202 0.026216 0.355906 0.028199 0.355918 0.033400 0.357622 0.035384 0.357630 0.038852 0.359334 0.040836 0.359346 0.046038 0.361049 0.048020 0.361061 0.053223 0.362765 0.055207 0.362777 0.060408 0.364480 0.062392 0.364496 0.069328 0.366201 0.071311 0.366205 0.073044 0.367909 0.075028 0.373008 0.075775 0.373111 0.120862 0.356113 0.118372 0.354417 0.119858 0.345918 0.118613 0.344222 0.120098 0.344234 0.125300 0.296639 0.118329 0.296627 0.113128 0.293220 0.109162 0.293216 0.107427 0.291512 0.105444 0.291500 0.100242 0.289797 0.098259 0.289781 0.091323 0.288077 0.089339 0.288069 0.085872 0.286365 0.083888 0.286353 0.078687 0.284649 0.076703 0.284634 0.069767 0.282930 0.067784 0.282922 0.064315 0.281218 0.062332 0.281202 0.055396 0.279499 0.053412 0.279491 0.049945 0.277787 0.047962 0.272688 0.047215 0.272616 0.016001 0.282815 0.017495 0.284510 0.016010 0.291309 0.017006 0.293005 0.015520 0.296404 0.016018 0.298101 0.014533 0.298089 0.009330
0 0.354182 0.017545 0.354202 0.026216 0.355906 0.028199 0.355918 0.033400 0.357622 0.035384 0.357630 0.038852 0.359334 0.040836 0.359346 0.046038 0.361049 0.048020 0.361061 0.053223 0.362765 0.055207 0.362777 0.060408 0.364480 0.062392 0.364496 0.069328 0.366201 0.071311 0.366205 0.073044 0.367909 0.075028 0.373008 0.075775 0.373111 0.120862 0.357813 0.118621 0.356117 0.120107 0.347619 0.118862 0.345922 0.120347 0.345934 0.125549 0.296639 0.118329 0.296627 0.113128 0.293220 0.109162 0.293216 0.107427 0.291512 0.105444 0.291500 0.100242 0.289797 0.098259 0.289785 0.093057 0.288081 0.091074 0.288069 0.085872 0.286365 0.083888 0.286353 0.078687 0.284649 0.076703 0.284638 0.071500 0.282934 0.069518 0.282922 0.064315 0.281218 0.062332 0.281202 0.055396 0.279499 0.053412 0.279491 0.049945 0.277787 0.047962 0.272688 0.047215 0.272620 0.017734 0.277719 0.018481 0.279415 0.016997 0.284514 0.017743 0.286209 0.016259 0.291309 0.017006 0.293005 0.015520 0.296404 0.016018 0.298101 0.014533 0.298089 0.009330
0 0.618337 0.354396 0.618429 0.394280 0.586133 0.389550 0.586042 0.349667
1 0.716261 0.819453 0.721373 0.825402 0.682306 0.831816 0.386698 0.857866 0.362900 0.854380 0.364282 0.715901 0.369358 0.706243
1 0.809488 0.718694 0.807840 0.740987 0.729749 0.772890 0.656557 0.718832 0.787272 0.663434 0.795790 0.673350
1 0.303096 0.710407 0.303136 0.727748 0.223361 0.766338 0.178852 0.622871 0.192437 0.619660 0.279136 0.635824
1 0.821654 0.836622 0.826773 0.846039 0.825161 0.883940 0.821805 0.902517 0.809934 0.912914 0.497356 0.948612 0.483750 0.943154 0.439439 0.886392 0.442815 0.876485
