0 0.517548 0.390455 0.517923 0.394683 0.521686 0.397742 0.521811 0.399151 0.527455 0.403740 0.527580 0.405150 0.529462 0.406679 0.536490 0.407162 0.539486 0.440981 0.534215 0.440619 0.519527 0.452213 0.519902 0.456440 0.495306 0.454748 0.494932 0.450522 0.489287 0.445932 0.489163 0.444523 0.479754 0.436874 0.479629 0.435464 0.475866 0.432405 0.475741 0.430995 0.473859 0.429466 0.473609 0.426647 0.471728 0.425117 0.471478 0.422300 0.467715 0.419240 0.462445 0.418878 0.460947 0.401968 0.467974 0.402451 0.481029 0.392146 0.480655 0.387918
0 0.575782 0.377653 0.576156 0.381880 0.585564 0.389530 0.587321 0.389651 0.591085 0.392710 0.592842 0.392831 0.594723 0.394361 0.596479 0.394481 0.600243 0.397541 0.603756 0.397783 0.605639 0.399313 0.612666 0.399796 0.614913 0.425160 0.607885 0.424677 0.606253 0.425964 0.604497 0.425844 0.602864 0.427132 0.601108 0.427012 0.599475 0.428300 0.597719 0.428179 0.596088 0.429467 0.596462 0.433694 0.552541 0.430674 0.552167 0.426447 0.538996 0.415739 0.538871 0.414329 0.535107 0.411269 0.534982 0.409861 0.525574 0.402211 0.525449 0.400801 0.521686 0.397742 0.516415 0.397380 0.516165 0.394562 0.523194 0.395045 0.524825 0.393756 0.524700 0.392347 0.526332 0.391059 0.526207 0.389649 0.539264 0.379343 0.538889 0.375116
0 0.640601 0.774250 0.640975 0.778477 0.648502 0.784596 0.650258 0.784717 0.655903 0.789307 0.661174 0.789669 0.663795 0.819261 0.658524 0.818898 0.637309 0.835645 0.637683 0.839872 0.613088 0.838181 0.612714 0.833954 0.608950 0.830894 0.607193 0.830774 0.586496 0.813945 0.581226 0.813583 0.578729 0.785401 0.583999 0.785764 0.592159 0.779322 0.592035 0.777913 0.593791 0.778034 0.597055 0.775457 0.596680 0.771230
0 0.925999 0.704242 0.926498 0.709879 0.934024 0.715998 0.941052 0.716481 0.943673 0.746073 0.938403 0.745710 0.925347 0.756016 0.923590 0.755895 0.921959 0.757184 0.920201 0.757063 0.916937 0.759639 0.917312 0.763866 0.899744 0.762658 0.899369 0.758431 0.897488 0.756902 0.892217 0.756539 0.890336 0.755009 0.886823 0.754767 0.868006 0.739469 0.866249 0.739348 0.860604 0.734759 0.858847 0.734638 0.851320 0.728517 0.846049 0.728155 0.844926 0.715474 0.850197 0.715836 0.864885 0.704241 0.864511 0.700014
0 0.610179 0.352008 0.610553 0.356235 0.614316 0.359296 0.616073 0.359417 0.617954 0.360946 0.623225 0.361308 0.625097 0.382444 0.618070 0.381961 0.616438 0.383250 0.614681 0.383129 0.613050 0.384417 0.611293 0.384296 0.609661 0.385585 0.607904 0.385464 0.606272 0.386753 0.604515 0.386632 0.602882 0.387920 0.601126 0.387799 0.599494 0.389088 0.599993 0.394723 0.594723 0.394361 0.594349 0.390134 0.592468 0.388604 0.590710 0.388484 0.588829 0.386953 0.585314 0.386712 0.579670 0.382122 0.577914 0.382001 0.576032 0.380471 0.575907 0.379062 0.574026 0.377532 0.572268 0.377412 0.562860 0.369763 0.555833 0.369279 0.554960 0.359415 0.560229 0.359778 0.561861 0.358490 0.563618 0.358611 0.566882 0.356034 0.568640 0.356155 0.570271 0.354866 0.569772 0.349230
0 0.950150 0.582659 0.952022 0.603795 0.937968 0.602829 0.936336 0.604117 0.936711 0.608344 0.927926 0.607740 0.927552 0.603513 0.920025 0.597394 0.919900 0.595984 0.918019 0.594455 0.917270 0.586000 0.918901 0.584712 0.918527 0.580485
0 0.466342 0.403740 0.466841 0.409376 0.468724 0.410907 0.473993 0.411269 0.476116 0.435223 0.469088 0.434740 0.467456 0.436028 0.467581 0.437437 0.461053 0.442590 0.461427 0.446818 0.450886 0.446093 0.450387 0.440456 0.448506 0.438926 0.446750 0.438806 0.446625 0.437397 0.431571 0.425157 0.431446 0.423748 0.429565 0.422218 0.429190 0.417991 0.427309 0.416462 0.428940 0.415173 0.428566 0.410945 0.430197 0.409657 0.430073 0.408249 0.433338 0.405672 0.432963 0.401445
0 0.129850 0.783946 0.132222 0.810719 0.102356 0.808665 0.101982 0.804437 0.100100 0.802907 0.099975 0.801498 0.096211 0.798439 0.090942 0.798076 0.090193 0.789622 0.095463 0.789984 0.097094 0.788695 0.096470 0.781650
0 0.876382 0.538373 0.877630 0.552464 0.870603 0.551980 0.868972 0.553268 0.867214 0.553147 0.865582 0.554436 0.865956 0.558664 0.841361 0.556973 0.840862 0.551335 0.833336 0.545217 0.833211 0.543807 0.829447 0.540747 0.822420 0.540264 0.821920 0.534628
0 0.388914 0.672913 0.389288 0.677140 0.391170 0.678671 0.396441 0.679033 0.398323 0.680563 0.407106 0.681167 0.407980 0.691030 0.400953 0.690547 0.399321 0.691835 0.397564 0.691714 0.395933 0.693003 0.394175 0.692882 0.392543 0.694171 0.390786 0.694050 0.387523 0.696626 0.385765 0.696505 0.384134 0.697794 0.382377 0.697673 0.379112 0.700249 0.379487 0.704476 0.335567 0.701456 0.335193 0.697229 0.333310 0.695699 0.331554 0.695578 0.329673 0.694049 0.326159 0.693807 0.324277 0.692277 0.322520 0.692156 0.320639 0.690627 0.318883 0.690506 0.317000 0.688976 0.315243 0.688856 0.311481 0.685795 0.309723 0.685674 0.307841 0.684145 0.306085 0.684024 0.305586 0.678388 0.307342 0.678508 0.308975 0.677220 0.310732 0.677341 0.312363 0.676053 0.314120 0.676173 0.315752 0.674886 0.317509 0.675006 0.319141 0.673718 0.320897 0.673838 0.322530 0.672550 0.322155 0.668323
0 0.721247 0.600531 0.722620 0.616031 0.715592 0.615548 0.713961 0.616836 0.712204 0.616716 0.708940 0.619292 0.705426 0.619050 0.703795 0.620338 0.695010 0.619734 0.693128 0.618205 0.687858 0.617842 0.684095 0.614783 0.682338 0.614662 0.680456 0.613132 0.680331 0.611723 0.676568 0.608663 0.678201 0.607374 0.679957 0.607495 0.681590 0.606207 0.683346 0.606328 0.688241 0.602464 0.687867 0.598236
0 0.684686 0.424356 0.687058 0.451129 0.671246 0.450041 0.670871 0.445814 0.668990 0.444283 0.667234 0.444163 0.657825 0.436514 0.656068 0.436393 0.650423 0.431804 0.645154 0.431441 0.644280 0.421577
0 0.419538 0.663815 0.420911 0.679315 0.413884 0.678831 0.412251 0.680120 0.412626 0.684347 0.400329 0.683501 0.399954 0.679275 0.398073 0.677744 0.391045 0.677261 0.389164 0.675732 0.383893 0.675369 0.382012 0.673840 0.373227 0.673236 0.372104 0.660554
0 0.884444 0.471703 0.886067 0.490022 0.877283 0.489418 0.875651 0.490706 0.873895 0.490585 0.870630 0.493161 0.871004 0.497388 0.862221 0.496784 0.861846 0.492557 0.854320 0.486438 0.854195 0.485028 0.852313 0.483499 0.852188 0.482089 0.850307 0.480560 0.845037 0.480198 0.844787 0.477379 0.850057 0.477742 0.851689 0.476454 0.851564 0.475044 0.853196 0.473757 0.852822 0.469529
0 0.879488 0.336915 0.880986 0.353824 0.873959 0.353340 0.872326 0.354629 0.868814 0.354388 0.867181 0.355675 0.863667 0.355434 0.862036 0.356722 0.862535 0.362359 0.850237 0.361513 0.849863 0.357285 0.842336 0.351166 0.842086 0.348348 0.840204 0.346817 0.839705 0.341181 0.841337 0.339893 0.840838 0.334257
0 0.563115 0.628872 0.564239 0.641554 0.557212 0.641071 0.555579 0.642359 0.553823 0.642238 0.552190 0.643527 0.550434 0.643406 0.545539 0.647270 0.543781 0.647149 0.542150 0.648438 0.540393 0.648317 0.538760 0.649605 0.539134 0.653832 0.526837 0.652986 0.526463 0.648760 0.524582 0.647230 0.522824 0.647109 0.515298 0.640990 0.510027 0.640627 0.508654 0.625127
0 0.461349 0.347377 0.464095 0.378376 0.458825 0.378014 0.455560 0.380590 0.453804 0.380470 0.448908 0.384334 0.447151 0.384213 0.443887 0.386790 0.442131 0.386669 0.440498 0.387958 0.433471 0.387475 0.431590 0.385944 0.422805 0.385340 0.421173 0.386629 0.419417 0.386508 0.416153 0.389085 0.416527 0.393312 0.416153 0.389085 0.414272 0.387555 0.410757 0.387314 0.408876 0.385783 0.407119 0.385663 0.405237 0.384132 0.405112 0.382724 0.399467 0.378134 0.399342 0.376725 0.397461 0.375195 0.397211 0.372377 0.395330 0.370847 0.394706 0.363801 0.396338 0.362513 0.395963 0.358286 0.397595 0.356998 0.397470 0.355588 0.399102 0.354300 0.398977 0.352891 0.405505 0.347739 0.405131 0.343511
0 0.531438 0.744336 0.533310 0.765471 0.457768 0.760277 0.455895 0.739141
0 0.789022 0.577182 0.790645 0.595500 0.783618 0.595017 0.781987 0.596305 0.780229 0.596184 0.778597 0.597472 0.775083 0.597230 0.773452 0.598519 0.773826 0.602747 0.752744 0.601297 0.752370 0.597069 0.748607 0.594010 0.746850 0.593889 0.744968 0.592359 0.744843 0.590950 0.742961 0.589420 0.742836 0.588011 0.740955 0.586481 0.735685 0.586119 0.735186 0.580482 0.740456 0.580844 0.742087 0.579556 0.741588 0.573920
0 0.998046 0.669982 0.998420 0.674210 1.000000 0.677269 1.000000 0.677632 1.000000 0.707223 1.000000 0.706739 1.000000 0.708028 0.999660 0.707907 0.996396 0.710483 0.989369 0.710000 0.987486 0.708470 0.983973 0.708229 0.982092 0.706699 0.980335 0.706579 0.972808 0.700459 0.972683 0.699049 0.970802 0.697520 0.968929 0.676383 0.970561 0.675095 0.969937 0.668050
0 0.453213 0.570897 0.454836 0.589215 0.449566 0.588852 0.447933 0.590141 0.446176 0.590020 0.442913 0.592597 0.443287 0.596823 0.439773 0.596582 0.439398 0.592355 0.437517 0.590825 0.435760 0.590704 0.431998 0.587644 0.431873 0.586235 0.429991 0.584706 0.429741 0.581887 0.427859 0.580357 0.427609 0.577539 0.425728 0.576010 0.420458 0.575647 0.419834 0.568602
0 0.519065 0.368151 0.521436 0.394924 0.505625 0.393837 0.505250 0.389609 0.499606 0.385020 0.497848 0.384899 0.492204 0.380309 0.486933 0.379947 0.485685 0.365856
0 0.321656 0.662687 0.322654 0.673959 0.315627 0.673476 0.313995 0.674765 0.310482 0.674523 0.308850 0.675811 0.303579 0.675449 0.301947 0.676736 0.300191 0.676616 0.298558 0.677904 0.298933 0.682132 0.253256 0.678991 0.252881 0.674764 0.249118 0.671704 0.248993 0.670295 0.247112 0.668765 0.240085 0.668282 0.239711 0.664055 0.244980 0.664417 0.246613 0.663129 0.246114 0.657492
0 0.488276 0.730164 0.489025 0.738618 0.483754 0.738256 0.482122 0.739544 0.480366 0.739423 0.478733 0.740711 0.475220 0.740470 0.473588 0.741759 0.470075 0.741517 0.468442 0.742805 0.464929 0.742563 0.461665 0.745140 0.462039 0.749367 0.419876 0.746468 0.419501 0.742241 0.415738 0.739181 0.413981 0.739060 0.412100 0.737531 0.411975 0.736121 0.410094 0.734591 0.409844 0.731773 0.407962 0.730243 0.407462 0.724607
0 0.461275 0.504227 0.463148 0.525363 0.456121 0.524880 0.455746 0.520653 0.453865 0.519124 0.450351 0.518882 0.446587 0.515822 0.444831 0.515701 0.442950 0.514171 0.442825 0.512762 0.440943 0.511232 0.435673 0.510870 0.434924 0.502415
0 0.387008 0.454305 0.390379 0.492349 0.381595 0.491745 0.381096 0.486110 0.379214 0.484580 0.377458 0.484459 0.373693 0.481399 0.373568 0.479989 0.371687 0.478460 0.371562 0.477051 0.367799 0.473991 0.362529 0.473628 0.361531 0.462356 0.366800 0.462718 0.368433 0.461430 0.367684 0.452976
0 0.076664 0.735472 0.078412 0.755200 0.067871 0.754475 0.066239 0.755764 0.064482 0.755643 0.062601 0.754112 0.053817 0.753508 0.051936 0.751978 0.050178 0.751857 0.048296 0.750328 0.046540 0.750207 0.044659 0.748678 0.044534 0.747268 0.042652 0.745739 0.037382 0.745376 0.036258 0.732694
0 0.685611 0.592479 0.686859 0.606570 0.679832 0.606087 0.678201 0.607374 0.678700 0.613011 0.662888 0.611924 0.662514 0.607697 0.658750 0.604637 0.653479 0.604275 0.652231 0.590184
0 0.236830 0.651252 0.237953 0.663934 0.232682 0.663572 0.231051 0.664859 0.229294 0.664739 0.227662 0.666026 0.225905 0.665906 0.224273 0.667194 0.222517 0.667074 0.220884 0.668362 0.219128 0.668242 0.217496 0.669529 0.178846 0.666872 0.176965 0.665342 0.169937 0.664859 0.169188 0.656404 0.174458 0.656766 0.176091 0.655478 0.177847 0.655599 0.179478 0.654310 0.181236 0.654431 0.184500 0.651855 0.184125 0.647628
0 0.561581 0.690388 0.562704 0.703070 0.555677 0.702586 0.554044 0.703875 0.552288 0.703754 0.549024 0.706331 0.547268 0.706210 0.544003 0.708787 0.542247 0.708666 0.540615 0.709954 0.535344 0.709591 0.533712 0.710880 0.521415 0.710034 0.519532 0.708504 0.512506 0.708021 0.510624 0.706491 0.496570 0.705525 0.494938 0.706813 0.489667 0.706450 0.488036 0.707739 0.481007 0.707256 0.480258 0.698801 0.487287 0.699285 0.488918 0.697996 0.488669 0.695179 0.490300 0.693890 0.490175 0.692481 0.491808 0.691193 0.491308 0.685556
0 0.425603 0.574600 0.428974 0.612646 0.420189 0.612042 0.418558 0.613330 0.418932 0.617557 0.415418 0.617315 0.414919 0.611680 0.411156 0.608619 0.411031 0.607210 0.409150 0.605681 0.408900 0.602863 0.407018 0.601332 0.401747 0.600970 0.400124 0.582652 0.405395 0.583015 0.407028 0.581726 0.406279 0.573272
0 0.244320 0.735797 0.245568 0.749888 0.233270 0.749042 0.231638 0.750330 0.229882 0.750209 0.228249 0.751498 0.226493 0.751377 0.224861 0.752666 0.223103 0.752545 0.221472 0.753833 0.219716 0.753712 0.218083 0.755000 0.216326 0.754879 0.214694 0.756168 0.215069 0.760395 0.199257 0.759308 0.198882 0.755080 0.197001 0.753550 0.191731 0.753188 0.189849 0.751658 0.188092 0.751537 0.186211 0.750008 0.184455 0.749887 0.180690 0.746827 0.178934 0.746706 0.177053 0.745176 0.173538 0.744935 0.169775 0.741875 0.162748 0.741392 0.161749 0.730119
0 0.272575 0.424028 0.272950 0.428255 0.274831 0.429785 0.280102 0.430148 0.281849 0.449875 0.276578 0.449512 0.266787 0.457242 0.267161 0.461470 0.247837 0.460141 0.247462 0.455913 0.243699 0.452853 0.243574 0.451445 0.237930 0.446855 0.236172 0.446734 0.232409 0.443674 0.227139 0.443312 0.225257 0.441781 0.219987 0.441419 0.219488 0.435783 0.226515 0.436266 0.228146 0.434978 0.228022 0.433569 0.232918 0.429704 0.234674 0.429825 0.239570 0.425960 0.239195 0.421733
0 0.073778 0.466378 0.076150 0.493151 0.067367 0.492547 0.064103 0.495124 0.062345 0.495003 0.060713 0.496291 0.057200 0.496049 0.055568 0.497337 0.048541 0.496854 0.046658 0.495324 0.044902 0.495204 0.043020 0.493674 0.041264 0.493553 0.037500 0.490494 0.037376 0.489084 0.033612 0.486024 0.028342 0.485662 0.027469 0.475799 0.032739 0.476161 0.042530 0.468431 0.042156 0.464204
0 0.657465 0.668972 0.658839 0.684472 0.639514 0.683143 0.637632 0.681613 0.609523 0.679680 0.607641 0.678150 0.600615 0.677666 0.598733 0.676137 0.589948 0.675533 0.588949 0.664260
0 0.243358 0.646099 0.244731 0.661598 0.232432 0.660753 0.232058 0.656526 0.230177 0.654996 0.226663 0.654755 0.224781 0.653224 0.221269 0.652983 0.219386 0.651452 0.215873 0.651211 0.213991 0.649681 0.212234 0.649561 0.210353 0.648031 0.209979 0.643804
0 0.989244 0.708591 0.991116 0.729728 0.984089 0.729245 0.982458 0.730533 0.982832 0.734760 0.944181 0.732103 0.941809 0.705330
0 0.785564 0.459302 0.787436 0.480438 0.782165 0.480075 0.780534 0.481364 0.780908 0.485592 0.770368 0.484867 0.769868 0.479230 0.766105 0.476170 0.765980 0.474761 0.764098 0.473231 0.763973 0.471822 0.758329 0.467233 0.753059 0.466871 0.752185 0.457007
0 0.701553 0.851267 0.702926 0.866766 0.685358 0.865558 0.684983 0.861331 0.681220 0.858272 0.679463 0.858151 0.673818 0.853562 0.668549 0.853199 0.668174 0.848972
0 0.158032 0.629028 0.158406 0.633254 0.162170 0.636315 0.165683 0.636557 0.167566 0.638086 0.169322 0.638207 0.171203 0.639736 0.179988 0.640340 0.181485 0.657249 0.174458 0.656766 0.172826 0.658055 0.171070 0.657934 0.169438 0.659223 0.164167 0.658860 0.162535 0.660148 0.155507 0.659665 0.153876 0.660953 0.152120 0.660832 0.150487 0.662121 0.146974 0.661879 0.145341 0.663168 0.140071 0.662805 0.138439 0.664093 0.106817 0.661919 0.104935 0.660389 0.103178 0.660269 0.101296 0.658738 0.099540 0.658618 0.097658 0.657087 0.095901 0.656966 0.094020 0.655437 0.092262 0.655316 0.090381 0.653787 0.086867 0.653545 0.084985 0.652015 0.081473 0.651773 0.077709 0.648713 0.075952 0.648593 0.072189 0.645533 0.071689 0.639896 0.074953 0.637320 0.076711 0.637441 0.078342 0.636153 0.080100 0.636274 0.081731 0.634985 0.085245 0.635227 0.086877 0.633938 0.088633 0.634059 0.091897 0.631483 0.093654 0.631604 0.096919 0.629026 0.096544 0.624800
0 0.442727 0.452534 0.447720 0.508897 0.440693 0.508414 0.437429 0.510991 0.437554 0.512399 0.435922 0.513688 0.436047 0.515098 0.434415 0.516385 0.434540 0.517795 0.429643 0.521659 0.429768 0.523068 0.428136 0.524357 0.428511 0.528584 0.416214 0.527739 0.414841 0.512238 0.420111 0.512601 0.423375 0.510024 0.423250 0.508615 0.424882 0.507327 0.424508 0.503100 0.426139 0.501811 0.425640 0.496175 0.427271 0.494886 0.426397 0.485023 0.428030 0.483734 0.426532 0.466825 0.424650 0.465296 0.424151 0.459660 0.422269 0.458130 0.421645 0.451084
0 0.461349 0.347377 0.464095 0.378376 0.458825 0.378014 0.457193 0.379303 0.455435 0.379182 0.450540 0.383046 0.448784 0.382926 0.445519 0.385502 0.443762 0.385381 0.442131 0.386669 0.440373 0.386548 0.438742 0.387837 0.419417 0.386508 0.417784 0.387797 0.410757 0.387314 0.406995 0.384253 0.405237 0.384132 0.405112 0.382724 0.401349 0.379664 0.401224 0.378255 0.399342 0.376725 0.399217 0.375316 0.397336 0.373786 0.397211 0.372377 0.395330 0.370847 0.395081 0.368029 0.396712 0.366740 0.396088 0.359695 0.397719 0.358407 0.397595 0.356998 0.399227 0.355709 0.399102 0.354300 0.405630 0.349147 0.405131 0.343511
0 0.390670 0.673034 0.391045 0.677261 0.392927 0.678791 0.396441 0.679033 0.398323 0.680563 0.407106 0.681167 0.407980 0.691030 0.400953 0.690547 0.399321 0.691835 0.397564 0.691714 0.395933 0.693003 0.394175 0.692882 0.390911 0.695459 0.389155 0.695338 0.385890 0.697914 0.384134 0.697794 0.380870 0.700370 0.381244 0.704597 0.333810 0.701335 0.333435 0.697109 0.329673 0.694049 0.326159 0.693807 0.324277 0.692277 0.322520 0.692156 0.320639 0.690627 0.318883 0.690506 0.317000 0.688976 0.315243 0.688856 0.311481 0.685795 0.304453 0.685312 0.303703 0.676857 0.308975 0.677220 0.310607 0.675932 0.315877 0.676294 0.317509 0.675006 0.319266 0.675127 0.320897 0.673838 0.322654 0.673959 0.324287 0.672671 0.323913 0.668444
0 1.000000 0.787983 1.000000 0.809119 0.980539 0.807428 0.980164 0.803201 0.976401 0.800141 0.974644 0.800020 0.972762 0.798491 0.972638 0.797081 0.970756 0.795551 0.970507 0.792733 0.968625 0.791203 0.963355 0.790841 0.962855 0.785205
0 0.764445 0.536278 0.765319 0.546141 0.751265 0.545175 0.747501 0.542116 0.747377 0.540706 0.745496 0.539177 0.745121 0.534949
0 0.097357 0.496010 0.099479 0.519964 0.094209 0.519602 0.090944 0.522179 0.089188 0.522058 0.087556 0.523346 0.087931 0.527572 0.086173 0.527452 0.085799 0.523225 0.083917 0.521695 0.078647 0.521333 0.076766 0.519803 0.073251 0.519561 0.060080 0.508851 0.059955 0.507443 0.056192 0.504383 0.050922 0.504021 0.049923 0.492748
0 0.854302 0.525651 0.855425 0.538332 0.846640 0.537728 0.845009 0.539017 0.839738 0.538654 0.838107 0.539942 0.831079 0.539459 0.829197 0.537929 0.827441 0.537809 0.819914 0.531689 0.814644 0.531327 0.813895 0.522872
1 1.000000 0.358121 1.000000 0.566579 0.946708 0.576176 0.961597 0.549529
0 0.974431 0.492387 0.967224 0.493490 0.963211 0.500670 0.962873 0.511833 0.964446 0.514603 0.971131 0.507606
0 0.997203 0.571139 0.931427 0.579071 0.935087 0.582047 0.942481 0.583334 0.949804 0.583837 0.959429 0.582943 0.969962 0.581331 0.987434 0.581366 0.992457 0.577820
0 0.395474 0.390043 0.396488 0.385052 0.396737 0.376897 0.393847 0.366189 0.386493 0.359846 0.377495 0.356893 0.358002 0.355941 0.340076 0.356265 0.335645 0.361021 0.332853 0.367833 0.334873 0.374199 0.342609 0.384851 0.349337 0.389594 0.357776 0.391731 0.364646 0.392593 0.383825 0.395469
0 0.328248 0.370631 0.320925 0.370127 0.305441 0.370619 0.297767 0.371648 0.280923 0.373215 0.275064 0.372812 0.274090 0.367296 0.281730 0.365874 0.289890 0.364879 0.302932 0.364219 0.314023 0.363426 0.326262 0.364656 0.331284 0.366558 0.330724 0.371190
0 0.328950 0.362116 0.333065 0.359286 0.329962 0.357127 0.325045 0.356399 0.317304 0.356646 0.298821 0.356152 0.289580 0.355906 0.279116 0.358300 0.270922 0.358904 0.272211 0.362496 0.281556 0.363917 0.295994 0.362575 0.317371 0.362877 0.325635 0.363056
0 0.024651 0.492978 0.036088 0.496101 0.050279 0.502913 0.062691 0.511550 0.068753 0.519752 0.069134 0.529508 0.063203 0.533770 0.053713 0.541680 0.045203 0.544208 0.023790 0.543515 0.012916 0.530312 0.007065 0.513565 0.010068 0.503651
0 0.070039 0.528792 0.066689 0.534788 0.060268 0.544467 0.045062 0.548090 0.038572 0.551536 0.039854 0.571474 0.046057 0.581242 0.056833 0.582372 0.070190 0.579788 0.081177 0.577818 0.091051 0.568768 0.107762 0.554738 0.115191 0.550968 0.125795 0.544691 0.131762 0.535371 0.131346 0.530672 0.127059 0.526097 0.117017 0.522292 0.110533 0.520290 0.103766 0.520603 0.081517 0.521408
0 0.154120 0.530293 0.143482 0.530729 0.130718 0.534520 0.128796 0.540227 0.129316 0.546100 0.141457 0.540708 0.149408 0.537363 0.154225 0.531468
0 0.241967 0.453824 0.225199 0.439827 0.220421 0.440666 0.221080 0.448106 0.222719 0.450164 0.230284 0.453410 0.240291 0.456822
0 0.032517 0.674885 0.057926 0.704265 0.049558 0.702911 0.040039 0.699532 0.031984 0.696253 0.024245 0.691051 0.018912 0.685625 0.015567 0.680724 0.016299 0.678051 0.023904 0.676238 0.031541 0.674818
0 0.000000 0.651669 0.009401 0.665901 0.016198 0.671426 0.015848 0.672960 0.010548 0.673374 0.003120 0.671696 0.000000 0.668977 0.000000 0.666002
0 0.652426 0.683262 0.642800 0.684156 0.628154 0.683149 0.616367 0.681560 0.597292 0.679860 0.584284 0.680910 0.582466 0.687791 0.586685 0.691584 0.593693 0.694013 0.615419 0.698230 0.616881 0.698331 0.629542 0.698812 0.642830 0.695445 0.650294 0.692067
0 0.875060 0.753446 0.870284 0.748838 0.863311 0.746801 0.856407 0.745548 0.851036 0.745178 0.837994 0.745838 0.832309 0.747393 0.832062 0.750101 0.841163 0.754230 0.850088 0.756400 0.857448 0.757295 0.865747 0.757865 0.873386 0.756446
