1 0.545468 0.306486 0.544928 0.310741 0.541011 0.313455 0.540831 0.314872 0.538873 0.316229 0.538693 0.317647 0.536735 0.319004 0.536554 0.320422 0.534597 0.321778 0.534417 0.323197 0.532459 0.324554 0.532279 0.325972 0.530320 0.327329 0.530140 0.328747 0.528182 0.330104 0.528002 0.331522 0.526044 0.332878 0.525864 0.334297 0.521948 0.337010 0.521768 0.338429 0.519810 0.339785 0.519630 0.341204 0.515713 0.343916 0.515533 0.345335 0.513575 0.346691 0.513395 0.348110 0.509479 0.350823 0.509299 0.352242 0.507340 0.353598 0.507160 0.355016 0.503245 0.357730 0.503065 0.359148 0.501106 0.360504 0.500926 0.361922 0.495051 0.365993 0.494871 0.367411 0.492913 0.368768 0.492733 0.370186 0.488817 0.372899 0.488637 0.374317 0.486678 0.375674 0.486498 0.377091 0.484540 0.378449 0.484360 0.379867 0.482402 0.381223 0.482222 0.382642 0.480264 0.383998 0.480084 0.385417 0.478126 0.386773 0.477946 0.388191 0.475988 0.389548 0.475808 0.390966 0.473850 0.392323 0.473490 0.395159 0.469574 0.397873 0.469394 0.399291 0.467435 0.400648 0.467255 0.402065 0.465296 0.403422 0.465116 0.404840 0.463158 0.406197 0.462978 0.407616 0.459062 0.410329 0.458882 0.411747 0.456923 0.413104 0.456743 0.414522 0.454786 0.415878 0.454606 0.417297 0.450689 0.420010 0.450509 0.421429 0.448552 0.422785 0.448372 0.424204 0.446413 0.425560 0.446233 0.426978 0.444274 0.428335 0.444094 0.429753 0.442137 0.431110 0.435024 0.430864 0.431963 0.454973 0.437297 0.455157 0.438896 0.456637 0.440673 0.456699 0.442272 0.458178 0.444051 0.458239 0.447247 0.461199 0.449024 0.461260 0.450622 0.462740 0.452401 0.462802 0.453998 0.464282 0.455777 0.464344 0.457374 0.465823 0.457194 0.467241 0.458973 0.467303 0.460571 0.468782 0.462349 0.468844 0.475134 0.480681 0.476912 0.480743 0.480107 0.483702 0.492555 0.484133 0.496471 0.481419 0.496831 0.478583 0.498789 0.477226 0.499149 0.474389 0.501107 0.473033 0.501828 0.467360 0.503786 0.466004 0.504507 0.460330 0.506464 0.458974 0.506824 0.456138 0.508783 0.454782 0.509323 0.450527 0.511281 0.449169 0.513801 0.429315 0.515759 0.427959 0.516299 0.423704 0.518258 0.422347 0.518618 0.419511 0.520576 0.418154 0.520756 0.416736 0.522714 0.415380 0.522894 0.413961 0.524852 0.412605 0.525212 0.409769 0.527171 0.408411 0.527351 0.406993 0.529308 0.405637 0.529668 0.402800 0.531627 0.401443 0.532167 0.397189 0.534126 0.395833 0.534666 0.391578 0.536624 0.390220 0.536983 0.387385 0.538941 0.386028 0.539661 0.380355 0.541620 0.378998 0.542340 0.373325 0.544299 0.371969 0.545019 0.366296 0.546977 0.364939 0.547517 0.360685 0.549474 0.359329 0.549834 0.356492 0.551793 0.355135 0.552333 0.350880 0.554292 0.349524 0.555012 0.343851 0.556970 0.342495 0.557330 0.339659 0.559289 0.338302 0.559829 0.334047 0.561786 0.332690 0.562507 0.327017 0.564464 0.325661 0.565004 0.321406 0.566963 0.320049 0.568583 0.307286
1 0.603133 0.274295 0.602413 0.279968 0.600454 0.281325 0.598676 0.281263 0.594759 0.283977 0.594579 0.285394 0.592621 0.286752 0.592441 0.288169 0.590484 0.289525 0.590304 0.290944 0.588345 0.292300 0.587985 0.295137 0.586026 0.296494 0.585846 0.297912 0.583889 0.299269 0.583708 0.300687 0.581751 0.302044 0.581571 0.303462 0.579612 0.304818 0.579432 0.306236 0.577473 0.307593 0.577113 0.310430 0.575156 0.311787 0.574796 0.314623 0.572837 0.315979 0.572297 0.320234 0.570339 0.321591 0.569439 0.328682 0.567481 0.330038 0.566941 0.334293 0.564983 0.335650 0.564622 0.338486 0.562664 0.339843 0.562304 0.342680 0.560346 0.344036 0.559986 0.346872 0.558028 0.348228 0.557668 0.351065 0.555710 0.352422 0.555349 0.355258 0.553392 0.356615 0.553032 0.359452 0.549114 0.362164 0.543781 0.361980 0.538559 0.403108 0.545672 0.403354 0.547270 0.404833 0.549048 0.404894 0.550647 0.406375 0.552424 0.406436 0.554022 0.407915 0.557579 0.408038 0.559176 0.409518 0.560954 0.409580 0.562553 0.411060 0.564330 0.411122 0.575517 0.421479 0.575337 0.422897 0.576935 0.424377 0.578713 0.424438 0.581910 0.427398 0.583688 0.427459 0.586883 0.430419 0.588662 0.430480 0.590261 0.431959 0.592038 0.432021 0.595234 0.434980 0.597012 0.435042 0.600209 0.438001 0.601987 0.438063 0.605183 0.441023 0.606961 0.441084 0.608559 0.442564 0.613894 0.442748 0.619768 0.438678 0.618170 0.437198 0.618710 0.432943 0.617112 0.431464 0.621253 0.398846 0.623211 0.397489 0.623932 0.391816 0.625889 0.390460 0.626609 0.384787 0.628567 0.383430 0.629467 0.376339 0.631426 0.374983 0.631966 0.370728 0.633925 0.369371 0.634285 0.366535 0.636242 0.365178 0.636602 0.362342 0.638560 0.360985 0.638740 0.359567 0.642656 0.356854 0.649769 0.357100 0.652290 0.337244 0.646956 0.337060 0.645357 0.335581 0.645537 0.334163 0.643940 0.332683 0.644300 0.329847 0.642701 0.328367 0.642881 0.326949 0.641284 0.325468 0.643241 0.324112 0.643781 0.319857 0.642184 0.318378 0.645245 0.294268 0.643647 0.292789 0.645808 0.275771
1 0.391855 0.517684 0.390955 0.524776 0.388998 0.526132 0.388638 0.528968 0.386679 0.530325 0.386499 0.531743 0.384541 0.533100 0.384361 0.534518 0.378486 0.538588 0.378306 0.540006 0.368515 0.546790 0.368335 0.548208 0.364420 0.550921 0.364239 0.552340 0.362281 0.553696 0.362101 0.555115 0.360143 0.556471 0.359963 0.557889 0.356046 0.560603 0.355866 0.562021 0.353908 0.563377 0.353548 0.566214 0.351589 0.567571 0.351409 0.568989 0.349452 0.570346 0.349272 0.571763 0.347314 0.573120 0.346954 0.575957 0.344995 0.577313 0.344635 0.580150 0.342677 0.581507 0.342497 0.582925 0.340539 0.584281 0.340359 0.585699 0.338401 0.587056 0.338221 0.588475 0.336262 0.589831 0.336082 0.591249 0.332166 0.593962 0.331986 0.595381 0.330027 0.596738 0.329847 0.598156 0.325931 0.600869 0.325751 0.602288 0.317919 0.607715 0.312584 0.607530 0.309884 0.628802 0.316996 0.629048 0.320192 0.632008 0.321970 0.632069 0.328362 0.637988 0.330141 0.638050 0.331739 0.639530 0.333517 0.639591 0.336713 0.642550 0.338492 0.642611 0.343285 0.647051 0.342745 0.651305 0.356970 0.651797 0.357690 0.646125 0.359648 0.644768 0.359828 0.643349 0.361787 0.641993 0.362327 0.637739 0.364285 0.636382 0.365545 0.626455 0.367503 0.625098 0.368224 0.619425 0.370182 0.618069 0.370902 0.612396 0.372860 0.611039 0.373040 0.609621 0.374999 0.608264 0.375359 0.605428 0.377317 0.604071 0.377677 0.601234 0.379635 0.599878 0.379815 0.598460 0.381773 0.597103 0.381953 0.595684 0.383911 0.594328 0.384091 0.592909 0.386049 0.591553 0.386229 0.590135 0.388187 0.588778 0.388727 0.584524 0.390686 0.583167 0.391946 0.573239 0.393905 0.571883 0.394445 0.567628 0.396403 0.566272 0.396943 0.562018 0.398902 0.560661 0.399262 0.557824 0.401219 0.556468 0.401399 0.555049 0.403357 0.553693 0.403537 0.552274 0.405496 0.550917 0.405856 0.548082 0.407813 0.546725 0.408173 0.543888 0.410132 0.542532 0.410312 0.541113 0.412270 0.539756 0.412450 0.538339 0.414408 0.536981 0.414588 0.535564 0.416547 0.534207 0.416727 0.532789 0.422601 0.528719 0.427935 0.528904 0.429195 0.518976
0 0.418279 0.450226 0.414138 0.482844 0.419472 0.483029 0.421070 0.484509 0.420890 0.485927 0.422489 0.487407 0.422309 0.488825 0.423906 0.490305 0.423546 0.493141 0.425145 0.494621 0.424605 0.498875 0.426202 0.500355 0.425842 0.503191 0.427441 0.504671 0.427080 0.507507 0.428678 0.508987 0.428318 0.511823 0.429915 0.513303 0.429735 0.514722 0.431334 0.516201 0.431154 0.517619 0.432751 0.519099 0.432391 0.521935 0.433990 0.523415 0.433810 0.524833 0.435408 0.526313 0.435228 0.527731 0.436826 0.529211 0.436646 0.530629 0.438245 0.532108 0.438065 0.533527 0.439662 0.535007 0.439482 0.536425 0.441080 0.537904 0.440900 0.539323 0.444096 0.542282 0.443556 0.546536 0.452447 0.546844 0.452987 0.542589 0.456903 0.539876 0.457083 0.538457 0.459042 0.537101 0.459222 0.535683 0.461179 0.534326 0.461360 0.532908 0.465276 0.530195 0.465456 0.528777 0.469372 0.526063 0.469732 0.523227 0.471691 0.521871 0.471871 0.520452 0.473829 0.519095 0.479163 0.519279 0.482223 0.495171 0.476889 0.494986 0.473693 0.492027 0.473873 0.490608 0.472275 0.489129 0.472455 0.487710 0.469259 0.484751 0.469619 0.481915 0.463228 0.475996 0.463408 0.474578 0.461809 0.473098 0.460031 0.473036 0.452040 0.465638 0.450262 0.465577 0.443871 0.459658 0.442092 0.459597 0.438896 0.456637 0.439616 0.450964
0 0.904468 0.432857 0.903928 0.437112 0.901970 0.438468 0.901790 0.439886 0.897873 0.442599 0.897693 0.444018 0.891819 0.448087 0.891639 0.449506 0.870099 0.464430 0.868320 0.464368 0.862446 0.468438 0.860669 0.468376 0.854794 0.472446 0.853016 0.472385 0.849099 0.475098 0.847321 0.475036 0.843405 0.477751 0.841626 0.477689 0.839669 0.479045 0.837890 0.478984 0.833975 0.481697 0.832196 0.481636 0.830237 0.482993 0.828460 0.482931 0.826502 0.484288 0.821168 0.484103 0.819187 0.499703 0.828077 0.500010 0.829676 0.501490 0.856348 0.502413 0.858306 0.501056 0.863639 0.501240 0.865598 0.499884 0.869154 0.500007 0.871112 0.498650 0.872890 0.498711 0.874848 0.497355 0.876627 0.497417 0.878585 0.496060 0.880363 0.496122 0.882321 0.494765 0.884099 0.494826 0.886058 0.493470 0.887836 0.493532 0.889793 0.492174 0.891572 0.492236 0.893531 0.490879 0.895308 0.490940 0.897267 0.489584 0.899044 0.489646 0.902961 0.486932 0.904739 0.486994 0.906697 0.485637 0.908474 0.485699 0.912391 0.482986 0.914169 0.483047 0.937667 0.466767 0.943002 0.466951 0.944803 0.452769 0.939468 0.452585 0.936272 0.449625 0.936452 0.448207 0.933255 0.445248 0.933436 0.443829 0.930239 0.440870 0.928462 0.440809 0.926863 0.439329 0.927583 0.433656
0 0.000000 0.548921 0.000000 0.573030 0.000000 0.573276 0.000000 0.582154 0.000000 0.583573 0.000000 0.586532 0.000000 0.586594 0.000000 0.585238 0.000000 0.585299 0.005173 0.581229 0.005353 0.579810 0.013186 0.574383 0.013366 0.572965 0.015325 0.571609 0.015505 0.570191 0.017462 0.568834 0.022796 0.569019 0.025137 0.550582
0 0.978180 0.372732 0.977460 0.378405 0.973543 0.381118 0.971766 0.381056 0.965891 0.385127 0.964113 0.385065 0.960196 0.387778 0.958418 0.387716 0.956460 0.389074 0.954682 0.389012 0.952725 0.390368 0.949167 0.390245 0.947210 0.391602 0.945432 0.391541 0.943473 0.392897 0.941696 0.392836 0.939737 0.394193 0.937958 0.394131 0.936001 0.395488 0.934223 0.395427 0.932265 0.396783 0.930486 0.396722 0.928528 0.398079 0.926751 0.398017 0.924792 0.399374 0.921236 0.399251 0.919277 0.400608 0.917499 0.400546 0.915542 0.401902 0.913763 0.401841 0.911805 0.403197 0.910027 0.403136 0.908069 0.404493 0.904513 0.404370 0.902555 0.405726 0.900776 0.405664 0.898818 0.407022 0.895262 0.406899 0.893303 0.408256 0.891526 0.408194 0.889568 0.409551 0.886011 0.409427 0.884053 0.410785 0.880497 0.410662 0.878539 0.412018 0.873204 0.411833 0.871764 0.423179 0.878877 0.423425 0.880474 0.424905 0.884030 0.425028 0.885629 0.426507 0.887408 0.426569 0.889005 0.428049 0.892561 0.428172 0.894160 0.429651 0.897715 0.429774 0.899314 0.431253 0.917095 0.431868 0.918692 0.433349 0.918152 0.437604 0.953714 0.438834 0.954255 0.434579 0.971879 0.422368 0.972058 0.420950 0.979891 0.415523 0.980071 0.414106 0.982029 0.412749 0.982209 0.411331 0.986126 0.408617 0.986306 0.407199 0.988264 0.405842 0.988444 0.404424 0.990401 0.403068 0.990582 0.401649 0.994498 0.398936 0.994678 0.397518 0.996637 0.396161 0.996817 0.394742 0.998775 0.393386 0.998955 0.391967 1.000000 0.390611 1.000000 0.373593
0 0.713037 0.266701 0.712497 0.270956 0.708581 0.273668 0.706804 0.273607 0.702886 0.276321 0.697552 0.276137 0.695212 0.294573 0.704103 0.294880 0.705700 0.296359 0.707479 0.296421 0.709076 0.297901 0.717967 0.298208 0.719925 0.296851 0.723482 0.296974 0.731314 0.291549 0.731494 0.290130 0.739327 0.284703 0.744662 0.284888 0.746822 0.267869
0 0.981150 0.293067 0.980610 0.297322 0.974736 0.301392 0.972957 0.301330 0.967082 0.305400 0.965305 0.305338 0.963347 0.306696 0.959790 0.306573 0.957832 0.307929 0.950720 0.307683 0.948379 0.326120 0.953714 0.326304 0.955311 0.327784 0.957089 0.327846 0.958688 0.329325 0.964021 0.329510 0.965980 0.328153 0.967758 0.328215 0.969716 0.326858 0.971495 0.326919 0.973093 0.328399 0.976649 0.328522 0.978247 0.330002 0.980025 0.330063 0.983221 0.333022 0.982681 0.337277 0.998684 0.337830 0.999224 0.333576 1.000000 0.325436 1.000000 0.325497 1.000000 0.317357 1.000000 0.317419 1.000000 0.311992 1.000000 0.312238 1.000000 0.295220
0 0.829608 0.544221 0.828888 0.549893 0.826931 0.551250 0.819818 0.551004 0.817657 0.568023 0.824770 0.568269 0.826367 0.569748 0.831702 0.569933 0.833301 0.571413 0.842191 0.571720 0.843788 0.573199 0.843248 0.577454 0.862808 0.578131 0.863348 0.573876 0.865306 0.572520 0.868863 0.572643 0.872778 0.569929 0.879891 0.570175 0.881691 0.555992 0.874579 0.555746 0.872981 0.554267 0.871204 0.554206 0.869605 0.552726 0.867827 0.552664 0.864630 0.549706 0.865170 0.545451
0 0.999001 0.476010 0.998460 0.480264 0.992586 0.484334 0.990808 0.484273 0.984934 0.488343 0.983155 0.488282 0.977281 0.492352 0.970169 0.492106 0.967108 0.516215 0.972443 0.516400 0.974041 0.517879 0.975818 0.517940 0.980613 0.522379 0.980433 0.523798 0.982211 0.523859 0.985406 0.526819 0.984866 0.531073 0.999092 0.531565 0.999813 0.525893 1.000000 0.516396 1.000000 0.516457 1.000000 0.513744 1.000000 0.513805 1.000000 0.511092 1.000000 0.511153 1.000000 0.507083 1.000000 0.507267 1.000000 0.477486
0 0.000000 0.349637 0.000000 0.370909 0.000000 0.371094 0.000000 0.374053 0.000000 0.374115 0.000000 0.384473 0.000000 0.388727 0.024144 0.389588 0.024684 0.385334 0.028601 0.382621 0.030379 0.382682 0.034296 0.379969 0.036074 0.380030 0.041948 0.375960 0.047282 0.376144 0.049263 0.360545 0.043929 0.360360 0.039135 0.355921 0.039675 0.351666
0 0.000000 0.429671 0.000000 0.433925 0.000000 0.437995 0.000000 0.437811 0.000000 0.454829 0.000000 0.455013 0.000000 0.456493 0.000000 0.456554 0.000000 0.458034 0.000000 0.458096 0.000000 0.461055 0.000000 0.461117 0.000000 0.462597 0.000000 0.468269 0.003394 0.468638 0.004114 0.462966 0.009988 0.458895 0.010168 0.457477 0.018001 0.452051 0.018181 0.450632 0.027972 0.443848 0.028152 0.442431 0.030110 0.441073 0.028513 0.439594 0.028693 0.438176 0.027094 0.436696 0.027814 0.431024
0 0.537119 0.414453 0.532258 0.452745 0.551818 0.453421 0.552358 0.449166 0.554315 0.447809 0.554495 0.446391 0.556453 0.445035 0.556633 0.443616 0.560549 0.440903 0.560729 0.439485 0.564647 0.436771 0.564827 0.435353 0.568742 0.432640 0.568922 0.431221 0.570881 0.429865 0.576215 0.430050 0.578015 0.415868
0 0.922542 0.473365 0.919121 0.500310 0.926234 0.500556 0.927833 0.502037 0.927653 0.503454 0.932446 0.507894 0.931906 0.512149 0.949687 0.512764 0.950407 0.507090 0.962156 0.498951 0.967491 0.499135 0.969111 0.486371 0.963776 0.486187 0.960580 0.483227 0.958803 0.483166 0.955606 0.480207 0.956326 0.474534
0 0.799763 0.526095 0.799223 0.530349 0.793349 0.534420 0.791571 0.534358 0.787654 0.537072 0.785876 0.537010 0.783919 0.538367 0.778584 0.538183 0.776063 0.558037 0.799179 0.558836 0.799899 0.553163 0.801857 0.551807 0.803634 0.551869 0.805593 0.550512 0.807372 0.550573 0.809329 0.549217 0.811107 0.549278 0.813066 0.547922 0.814844 0.547984 0.816802 0.546626 0.818581 0.546688 0.820538 0.545331 0.822316 0.545392 0.824274 0.544036 0.826053 0.544098 0.829968 0.541384 0.833524 0.541507 0.835483 0.540151 0.837262 0.540212 0.841177 0.537498 0.848289 0.537744 0.849550 0.527817
0 0.551707 0.637167 0.549006 0.658439 0.556119 0.658685 0.557716 0.660165 0.557176 0.664419 0.578515 0.665157 0.579235 0.659485 0.585109 0.655415 0.590444 0.655599 0.592604 0.638581
0 0.358071 0.516516 0.357531 0.520770 0.353615 0.523484 0.353435 0.524902 0.349519 0.527615 0.349339 0.529033 0.345423 0.531747 0.345243 0.533165 0.341325 0.535879 0.341145 0.537296 0.339188 0.538653 0.339008 0.540072 0.333133 0.544142 0.332952 0.545560 0.330995 0.546917 0.330815 0.548334 0.328857 0.549691 0.328677 0.551110 0.326719 0.552466 0.326538 0.553885 0.324581 0.555241 0.324401 0.556659 0.322442 0.558016 0.322262 0.559435 0.320303 0.560791 0.320123 0.562209 0.318166 0.563566 0.317986 0.564984 0.316027 0.566341 0.315667 0.569177 0.313709 0.570533 0.313349 0.573371 0.311392 0.574727 0.311032 0.577563 0.307115 0.580277 0.301780 0.580092 0.297279 0.615547 0.311504 0.616039 0.312224 0.610366 0.314182 0.609009 0.314362 0.607592 0.316321 0.606235 0.316501 0.604816 0.320417 0.602103 0.320597 0.600685 0.324513 0.597971 0.324693 0.596554 0.328610 0.593839 0.328790 0.592422 0.332706 0.589708 0.332886 0.588291 0.334844 0.586933 0.335024 0.585515 0.336982 0.584158 0.337162 0.582741 0.339121 0.581384 0.339301 0.579966 0.341259 0.578609 0.341439 0.577190 0.343398 0.575834 0.343758 0.572998 0.345715 0.571640 0.345895 0.570223 0.347854 0.568866 0.348034 0.567448 0.349992 0.566091 0.350352 0.563254 0.352309 0.561898 0.352489 0.560480 0.356406 0.557766 0.356586 0.556348 0.358544 0.554992 0.358725 0.553573 0.360683 0.552217 0.360863 0.550799 0.362821 0.549441 0.363001 0.548024 0.364960 0.546667 0.365140 0.545249 0.367097 0.543892 0.367277 0.542474 0.369235 0.541118 0.369415 0.539699 0.375290 0.535628 0.375470 0.534211 0.379386 0.531497 0.384721 0.531682 0.386522 0.517500
0 0.857989 0.362877 0.855648 0.381314 0.862760 0.381560 0.864359 0.383039 0.887474 0.383839 0.889432 0.382482 0.891210 0.382544 0.893169 0.381187 0.894946 0.381248 0.896904 0.379892 0.897264 0.377055 0.899223 0.375698 0.904557 0.375883 0.899223 0.375698 0.894429 0.371260 0.895329 0.364169
0 0.597262 0.615952 0.594202 0.640061 0.599536 0.640246 0.601134 0.641725 0.602912 0.641786 0.604510 0.643266 0.606288 0.643327 0.607886 0.644807 0.609665 0.644869 0.611263 0.646349 0.613040 0.646410 0.614639 0.647890 0.646645 0.648997 0.648602 0.647640 0.652160 0.647763 0.654117 0.646406 0.655895 0.646468 0.657854 0.645111 0.663189 0.645295 0.664269 0.636787 0.657155 0.636541 0.653960 0.633581 0.652182 0.633519 0.650583 0.632040 0.648805 0.631978 0.647208 0.630498 0.645429 0.630437 0.635841 0.621560 0.636381 0.617305
0 0.676646 0.567418 0.676106 0.571673 0.674148 0.573030 0.667036 0.572784 0.664695 0.591220 0.675364 0.591589 0.676963 0.593069 0.680518 0.593192 0.682476 0.591835 0.702036 0.592512 0.703994 0.591155 0.707550 0.591278 0.709508 0.589921 0.713065 0.590044 0.715022 0.588687 0.716800 0.588749 0.720716 0.586036 0.722495 0.586097 0.724454 0.584740 0.724634 0.583322 0.728549 0.580609 0.728909 0.577772 0.727312 0.576292 0.728212 0.569202
1 0.131486 0.542865 0.130766 0.548538 0.128807 0.549894 0.128627 0.551312 0.126670 0.552670 0.126490 0.554087 0.118657 0.559514 0.118477 0.560933 0.116518 0.562289 0.116338 0.563707 0.112423 0.566421 0.112243 0.567839 0.110284 0.569195 0.110104 0.570614 0.102272 0.576040 0.102092 0.577458 0.098175 0.580172 0.097995 0.581590 0.096038 0.582946 0.095858 0.584365 0.091941 0.587078 0.091761 0.588497 0.087844 0.591210 0.087664 0.592628 0.083749 0.595342 0.083569 0.596759 0.079651 0.599474 0.079471 0.600891 0.077513 0.602248 0.077333 0.603666 0.073417 0.606380 0.073237 0.607798 0.071280 0.609154 0.071100 0.610572 0.069141 0.611929 0.068961 0.613347 0.067002 0.614704 0.066822 0.616123 0.064864 0.617479 0.064684 0.618897 0.062727 0.620254 0.062367 0.623090 0.060408 0.624447 0.060048 0.627284 0.058089 0.628640 0.057909 0.630059 0.055952 0.631415 0.055772 0.632833 0.053814 0.634190 0.053634 0.635608 0.051675 0.636965 0.051495 0.638382 0.049537 0.639740 0.049177 0.642576 0.047219 0.643933 0.046859 0.646769 0.044900 0.648126 0.044540 0.650962 0.042582 0.652318 0.042042 0.656573 0.040084 0.657930 0.039904 0.659348 0.037946 0.660704 0.037766 0.662123 0.035807 0.663480 0.035267 0.667734 0.033309 0.669091 0.032949 0.671928 0.030990 0.673284 0.030630 0.676120 0.028673 0.677478 0.028313 0.680313 0.026355 0.681670 0.025635 0.687343 0.023676 0.688699 0.023316 0.691536 0.021357 0.692893 0.021177 0.694310 0.019220 0.695668 0.019040 0.697085 0.017082 0.698442 0.016722 0.701279 0.014763 0.702635 0.014583 0.704054 0.012626 0.705411 0.007291 0.705226 0.004050 0.730753 0.034277 0.731798 0.035178 0.724708 0.037136 0.723351 0.037316 0.721933 0.039275 0.720577 0.039635 0.717739 0.041593 0.716383 0.042673 0.707874 0.044632 0.706518 0.044812 0.705099 0.046769 0.703742 0.046949 0.702324 0.050866 0.699611 0.051046 0.698192 0.054962 0.695479 0.055142 0.694061 0.059058 0.691348 0.059238 0.689929 0.061197 0.688573 0.061377 0.687155 0.063335 0.685798 0.063695 0.682962 0.065653 0.681605 0.066012 0.678769 0.067971 0.677412 0.068151 0.675993 0.070109 0.674637 0.070289 0.673219 0.074206 0.670505 0.074386 0.669087 0.076344 0.667730 0.076524 0.666312 0.078482 0.664956 0.078662 0.663538 0.080620 0.662180 0.080800 0.660763 0.084717 0.658049 0.084897 0.656632 0.086856 0.655274 0.087036 0.653856 0.090951 0.651143 0.091131 0.649725 0.095048 0.647011 0.095228 0.645594 0.097186 0.644236 0.097366 0.642818 0.101282 0.640104 0.101462 0.638687 0.103421 0.637330 0.103601 0.635912 0.105559 0.634555 0.105739 0.633137 0.107696 0.631781 0.107876 0.630362 0.109835 0.629006 0.110015 0.627587 0.111973 0.626230 0.112153 0.624812 0.114111 0.623456 0.114291 0.622037 0.116250 0.620680 0.116430 0.619263 0.120345 0.616549 0.120705 0.613713 0.122664 0.612356 0.122844 0.610938 0.124803 0.609582 0.124983 0.608163 0.126941 0.606806 0.127121 0.605388 0.129079 0.604032 0.129259 0.602613 0.131217 0.601257 0.131397 0.599838 0.133355 0.598481 0.133535 0.597064 0.135493 0.595707 0.135673 0.594289 0.137632 0.592932 0.137812 0.591514 0.141727 0.588800 0.141907 0.587382 0.147782 0.583312 0.147962 0.581894 0.155795 0.576468 0.156155 0.573631 0.158114 0.572274 0.158654 0.568020 0.157055 0.566540 0.157415 0.563704 0.155817 0.562224 0.155997 0.560806 0.151203 0.556366 0.151383 0.554948 0.149786 0.553469 0.149966 0.552051 0.146769 0.549091 0.147489 0.543418
0 0.548106 0.665530 0.545766 0.683966 0.556434 0.684335 0.558033 0.685815 0.586483 0.686799 0.588080 0.688279 0.596970 0.688586 0.598929 0.687230 0.606041 0.687476 0.607999 0.686119 0.615111 0.686365 0.617452 0.667929
0 0.145393 0.292649 0.142692 0.313922 0.164029 0.314660 0.164570 0.310405 0.172402 0.304978 0.177736 0.305163 0.179176 0.293817
0 0.026374 0.442369 0.025654 0.448042 0.021737 0.450755 0.021557 0.452174 0.011767 0.458957 0.011587 0.460375 0.009628 0.461732 0.002516 0.461486 0.000355 0.478504 0.007468 0.478750 0.009066 0.480230 0.008346 0.485902 0.036796 0.486886 0.037516 0.481214 0.039474 0.479857 0.039654 0.478439 0.041613 0.477082 0.041793 0.475663 0.045709 0.472950 0.045889 0.471532 0.047847 0.470175 0.050367 0.450321 0.048770 0.448841 0.049490 0.443169
1 0.650466 0.253141 0.638403 0.348160 0.643737 0.348344 0.646934 0.351303 0.646754 0.352722 0.648351 0.354201 0.650129 0.354263 0.651728 0.355743 0.653506 0.355804 0.659899 0.361723 0.661676 0.361785 0.664872 0.364744 0.668428 0.364867 0.670027 0.366346 0.673582 0.366469 0.675181 0.367949 0.678737 0.368072 0.680336 0.369552 0.687448 0.369798 0.689046 0.371278 0.692602 0.371401 0.694561 0.370044 0.696338 0.370105 0.698297 0.368749 0.705409 0.368995 0.712071 0.316522 0.706736 0.316338 0.703540 0.313378 0.703720 0.311960 0.702122 0.310480 0.702302 0.309062 0.699105 0.306103 0.699645 0.301849 0.698048 0.300368 0.698408 0.297532 0.696810 0.296052 0.696990 0.294634 0.695392 0.293154 0.695572 0.291736 0.693973 0.290257 0.695594 0.277493 0.697552 0.276137 0.700253 0.254863
0 0.082464 0.506983 0.079943 0.526838 0.090612 0.527207 0.092211 0.528686 0.093988 0.528748 0.095586 0.530228 0.095046 0.534482 0.112827 0.535097 0.115167 0.516661 0.109833 0.516476 0.106637 0.513517 0.107358 0.507844
0 0.838544 0.516041 0.836563 0.531641 0.845455 0.531948 0.847052 0.533429 0.846512 0.537683 0.869627 0.538482 0.870167 0.534228 0.874084 0.531515 0.875862 0.531576 0.879778 0.528863 0.885112 0.529047 0.886552 0.517702
0 0.840341 0.276802 0.836921 0.303747 0.874261 0.305038 0.874802 0.300784 0.880675 0.296715 0.886010 0.296899 0.887451 0.285554 0.882116 0.285369 0.878920 0.282410 0.879460 0.278155
0 0.725465 0.506433 0.723665 0.520614 0.730777 0.520860 0.732376 0.522340 0.734153 0.522401 0.735751 0.523881 0.735211 0.528135 0.763660 0.529119 0.766361 0.507847
0 0.712299 0.511675 0.711758 0.515930 0.705883 0.519999 0.705703 0.521417 0.695913 0.528201 0.695733 0.529620 0.691816 0.532332 0.686482 0.532148 0.682881 0.560511 0.697106 0.561003 0.701022 0.558291 0.702800 0.558352 0.706717 0.555638 0.706897 0.554220 0.716688 0.547437 0.716868 0.546019 0.720784 0.543305 0.720964 0.541887 0.722921 0.540531 0.723101 0.539113 0.725060 0.537756 0.725420 0.534919 0.727378 0.533562 0.728278 0.526472 0.726681 0.524992 0.727221 0.520737 0.725622 0.519257 0.726522 0.512167
0 0.000000 0.737106 0.000000 0.762634 0.000000 0.763064 0.000000 0.764543 0.005064 0.764974 0.007021 0.763618 0.010578 0.763741 0.012535 0.762384 0.019648 0.762630 0.022708 0.738521
0 0.730328 0.580670 0.726907 0.607615 0.742909 0.608169 0.743449 0.603915 0.747367 0.601201 0.749144 0.601263 0.756977 0.595836 0.762311 0.596021 0.764111 0.581839
0 0.641216 0.368199 0.639258 0.369556 0.639078 0.370974 0.637120 0.372331 0.636940 0.373749 0.633025 0.376462 0.627690 0.376277 0.619228 0.442933 0.628118 0.443240 0.631314 0.446199 0.630774 0.450454 0.634331 0.450577 0.634871 0.446322 0.640745 0.442253 0.641105 0.439416 0.643064 0.438059 0.643604 0.433804 0.645562 0.432448 0.647182 0.419685 0.649139 0.418328 0.650580 0.406982 0.652539 0.405625 0.652719 0.404207 0.654677 0.402851 0.655037 0.400015 0.656995 0.398658 0.657535 0.394403 0.659494 0.393046 0.660034 0.388792 0.658435 0.387312 0.658795 0.384476 0.657198 0.382996 0.657738 0.378741 0.656139 0.377261 0.656319 0.375844 0.654721 0.374364 0.654901 0.372946 0.651706 0.369986 0.648148 0.369863 0.646551 0.368383
0 0.593120 0.536041 0.591139 0.551641 0.605364 0.552133 0.606085 0.546460 0.613917 0.541034 0.619251 0.541219 0.619791 0.536964
0 0.663097 0.589740 0.662556 0.593995 0.656683 0.598065 0.649570 0.597819 0.647230 0.616255 0.663233 0.616809 0.663773 0.612554 0.665731 0.611197 0.667510 0.611259 0.669467 0.609902 0.673023 0.610026 0.674982 0.608669 0.682093 0.608915 0.684052 0.607558 0.689386 0.607743 0.691345 0.606385 0.693123 0.606447 0.695081 0.605091 0.698637 0.605214 0.704512 0.601144 0.704692 0.599725 0.706650 0.598368 0.707550 0.591278
0 0.637840 0.366658 0.637120 0.372331 0.633205 0.375044 0.627870 0.374860 0.619047 0.444351 0.640385 0.445089 0.641465 0.436579 0.643424 0.435223 0.644684 0.425295 0.646642 0.423939 0.648802 0.406921 0.650760 0.405563 0.651300 0.401309 0.653259 0.399953 0.658594 0.400138 0.662735 0.367519
0 0.577455 0.546895 0.576734 0.552567 0.574777 0.553924 0.574597 0.555342 0.570679 0.558056 0.570499 0.559474 0.566584 0.562188 0.566404 0.563605 0.558570 0.569032 0.553237 0.568848 0.548376 0.607138 0.553709 0.607323 0.554249 0.603069 0.558167 0.600355 0.561723 0.600478 0.565638 0.597765 0.567417 0.597826 0.575249 0.592400 0.577027 0.592461 0.578986 0.591105 0.579166 0.589686 0.588957 0.582903 0.589137 0.581485 0.593052 0.578771 0.593232 0.577353 0.597150 0.574639 0.599130 0.559040 0.597532 0.557559 0.597892 0.554724 0.596293 0.553244 0.597013 0.547571
0 0.512633 0.607327 0.509933 0.628599 0.517045 0.628845 0.518644 0.630325 0.520421 0.630387 0.523617 0.633346 0.527174 0.633469 0.528772 0.634948 0.532327 0.635071 0.533926 0.636552 0.533386 0.640806 0.536942 0.640929 0.537482 0.636675 0.539441 0.635317 0.541218 0.635379 0.543176 0.634023 0.544955 0.634084 0.552787 0.628657 0.558122 0.628842 0.560643 0.608987
0 0.717811 0.397912 0.717271 0.402167 0.715312 0.403523 0.715132 0.404942 0.707299 0.410368 0.701966 0.410183 0.698725 0.435711 0.711171 0.436141 0.711711 0.431887 0.713670 0.430531 0.713850 0.429112 0.717766 0.426399 0.717946 0.424980 0.719904 0.423624 0.720084 0.422206 0.724001 0.419493 0.724181 0.418074 0.730055 0.414004 0.731833 0.414065 0.739666 0.408639 0.740926 0.398712
0 0.803766 0.241351 0.803046 0.247023 0.801088 0.248380 0.800367 0.254053 0.798409 0.255410 0.798229 0.256827 0.796271 0.258184 0.795911 0.261021 0.793952 0.262377 0.793592 0.265214 0.791634 0.266571 0.791454 0.267988 0.789497 0.269345 0.784162 0.269161 0.778761 0.311707 0.784096 0.311891 0.787291 0.314850 0.786931 0.317687 0.788529 0.319167 0.788169 0.322003 0.789767 0.323483 0.788866 0.330573 0.804870 0.331127 0.805770 0.324036 0.807729 0.322680 0.807909 0.321261 0.809866 0.319905 0.810046 0.318486 0.813963 0.315773 0.814143 0.314354 0.816100 0.312998 0.816280 0.311580 0.818239 0.310223 0.818599 0.307387 0.820558 0.306031 0.820738 0.304612 0.822696 0.303255 0.828029 0.303439 0.832891 0.265149 0.827557 0.264964 0.825959 0.263484 0.826319 0.260649 0.824721 0.259168 0.825081 0.256332 0.823482 0.254853 0.823842 0.252016 0.822245 0.250536 0.822425 0.249118 0.820827 0.247638 0.821547 0.241966
0 0.935148 0.599150 0.933348 0.613332 0.951129 0.613947 0.953088 0.612590 0.956643 0.612713 0.958601 0.611356 0.962158 0.611479 0.964115 0.610123 0.974784 0.610492 0.976044 0.600564
0 0.151696 0.355541 0.148995 0.376813 0.157886 0.377121 0.158426 0.372867 0.164300 0.368797 0.169634 0.368982 0.171254 0.356218
1 0.389358 0.523296 0.388638 0.528968 0.386679 0.530325 0.386499 0.531743 0.382582 0.534457 0.382402 0.535874 0.380445 0.537232 0.380265 0.538649 0.370473 0.545433 0.370293 0.546852 0.366377 0.549564 0.366197 0.550983 0.362281 0.553696 0.362101 0.555115 0.360143 0.556471 0.359963 0.557889 0.358004 0.559246 0.357824 0.560665 0.355866 0.562021 0.355686 0.563439 0.353728 0.564796 0.353548 0.566214 0.351589 0.567571 0.351409 0.568989 0.349452 0.570346 0.349272 0.571763 0.347314 0.573120 0.346954 0.575957 0.344995 0.577313 0.344635 0.580150 0.342677 0.581507 0.342497 0.582925 0.340539 0.584281 0.340359 0.585699 0.338401 0.587056 0.338221 0.588475 0.336262 0.589831 0.336082 0.591249 0.332166 0.593962 0.331986 0.595381 0.330027 0.596738 0.329847 0.598156 0.325931 0.600869 0.325751 0.602288 0.317919 0.607715 0.312584 0.607530 0.309884 0.628802 0.316996 0.629048 0.320192 0.632008 0.321970 0.632069 0.326765 0.636509 0.328542 0.636570 0.331739 0.639530 0.333517 0.639591 0.335116 0.641071 0.336893 0.641132 0.343285 0.647051 0.342745 0.651305 0.356970 0.651797 0.357690 0.646125 0.359648 0.644768 0.359828 0.643349 0.361787 0.641993 0.361967 0.640575 0.363924 0.639218 0.364825 0.632128 0.366783 0.630770 0.367503 0.625098 0.369462 0.623741 0.370002 0.619487 0.371960 0.618130 0.372500 0.613875 0.374459 0.612519 0.374639 0.611100 0.376596 0.609744 0.376777 0.608325 0.378735 0.606968 0.379095 0.604133 0.381053 0.602776 0.381413 0.599939 0.383371 0.598583 0.383731 0.595746 0.385689 0.594390 0.385869 0.592971 0.387827 0.591615 0.388187 0.588778 0.390146 0.587421 0.391226 0.578912 0.393185 0.577556 0.394265 0.569047 0.396223 0.567690 0.396763 0.563435 0.398721 0.562079 0.399082 0.559242 0.401039 0.557886 0.401399 0.555049 0.403357 0.553693 0.403537 0.552274 0.405496 0.550917 0.405676 0.549500 0.407633 0.548143 0.407993 0.545306 0.409952 0.543950 0.410312 0.541113 0.414228 0.538400 0.414408 0.536981 0.416367 0.535625 0.416547 0.534207 0.422421 0.530137 0.427755 0.530321 0.428475 0.524649
0 0.711329 0.448967 0.707908 0.475913 0.718577 0.476282 0.719117 0.472027 0.721076 0.470670 0.722854 0.470731 0.726770 0.468018 0.728549 0.468080 0.730506 0.466723 0.730686 0.465305 0.734602 0.462592 0.734783 0.461173 0.736740 0.459817 0.743853 0.460063 0.745113 0.450135
0 0.072063 0.335694 0.071523 0.339949 0.067607 0.342662 0.060494 0.342416 0.058694 0.356597 0.076475 0.357212 0.077015 0.352958 0.088764 0.344818 0.094098 0.345002 0.095178 0.336493
0 0.717811 0.397912 0.717271 0.402167 0.715312 0.403523 0.715132 0.404942 0.707299 0.410368 0.701966 0.410183 0.698725 0.435711 0.712950 0.436203 0.713670 0.430531 0.715629 0.429174 0.715809 0.427755 0.719724 0.425042 0.719904 0.423624 0.721863 0.422268 0.722043 0.420849 0.735750 0.411352 0.742862 0.411598 0.744482 0.398835
1 0.139451 0.358204 0.097945 0.462412 0.105749 0.494731 0.120697 0.505931 0.146223 0.386927 0.154420 0.357534
0 0.212526 0.251526 0.241710 0.256096 0.278455 0.259742 0.310623 0.252544 0.327221 0.250746 0.310603 0.264415 0.295166 0.280498 0.268776 0.289082 0.248182 0.287183 0.225973 0.274544
0 0.778866 0.295417 0.766548 0.293447 0.760566 0.302493 0.761029 0.314074 0.768144 0.318947 0.780280 0.314740 0.782216 0.307097 0.777623 0.289975
