0 0.909991 0.781629 0.910549 0.785759 0.914025 0.788422 0.915576 0.788378 0.917315 0.789711 0.923521 0.789533 0.926501 0.811557 0.918742 0.811779 0.917377 0.813200 0.915826 0.813244 0.914460 0.814665 0.915018 0.818794 0.904156 0.819104 0.903598 0.814975 0.901860 0.813643 0.900309 0.813688 0.898571 0.812355 0.895467 0.812444 0.886777 0.805784 0.885226 0.805828 0.881750 0.803163 0.880198 0.803208 0.876724 0.800544 0.870516 0.800722 0.868095 0.782827
0 0.836997 0.518411 0.837742 0.523917 0.844693 0.529245 0.850900 0.529068 0.853693 0.549714 0.847486 0.549892 0.846120 0.551313 0.846679 0.555442 0.835818 0.555753 0.835259 0.551624 0.831783 0.548959 0.830231 0.549004 0.823281 0.543675 0.821729 0.543720 0.818253 0.541055 0.816702 0.541100 0.814963 0.539768 0.813411 0.539813 0.811674 0.538480 0.810122 0.538524 0.808384 0.537192 0.806833 0.537236 0.805095 0.535905 0.803543 0.535949 0.801805 0.534617 0.797150 0.534750 0.795846 0.525114 0.800502 0.524981 0.801866 0.523560 0.801308 0.519431
0 0.703866 0.743305 0.704425 0.747434 0.707902 0.750099 0.709453 0.750055 0.711191 0.751387 0.712742 0.751342 0.716218 0.754007 0.717769 0.753962 0.719508 0.755295 0.725714 0.755117 0.728135 0.773011 0.721929 0.773188 0.720563 0.774609 0.719011 0.774653 0.717646 0.776074 0.718205 0.780203 0.690274 0.781002 0.689715 0.776873 0.686241 0.774209 0.684689 0.774253 0.677737 0.768925 0.673082 0.769058 0.669730 0.744281
0 0.704173 0.411664 0.708456 0.443323 0.680526 0.444122 0.679967 0.439993 0.674753 0.435997 0.673202 0.436041 0.666250 0.430712 0.664699 0.430756 0.662961 0.429424 0.658305 0.429558 0.656070 0.413040
0 0.895337 0.350927 0.897385 0.366067 0.891179 0.366245 0.884352 0.373349 0.884911 0.377478 0.870945 0.377878 0.870387 0.373749 0.866911 0.371085 0.865359 0.371129 0.860145 0.367132 0.855491 0.367265 0.853442 0.352124
0 0.748364 0.415928 0.748923 0.420058 0.750660 0.421390 0.755316 0.421257 0.758854 0.447410 0.738682 0.447987 0.738123 0.443857 0.734648 0.441193 0.733096 0.441237 0.729620 0.438573 0.728069 0.438617 0.722855 0.434621 0.721303 0.434666 0.719565 0.433333 0.718013 0.433378 0.711063 0.428049 0.710690 0.425296 0.708952 0.423964 0.708021 0.417082
0 0.703176 0.174023 0.706156 0.196047 0.699949 0.196224 0.695853 0.200487 0.691198 0.200620 0.689459 0.199288 0.687908 0.199332 0.686542 0.200754 0.683440 0.200842 0.682074 0.202263 0.682633 0.206392 0.665565 0.206880 0.661282 0.175221
0 0.902292 0.632615 0.907320 0.669780 0.887149 0.670357 0.886590 0.666227 0.884852 0.664895 0.883300 0.664939 0.878087 0.660943 0.876535 0.660987 0.871321 0.656992 0.869770 0.657036 0.866293 0.654371 0.864742 0.654415 0.861266 0.651751 0.856612 0.651884 0.854191 0.633990
0 0.450073 0.490783 0.450632 0.494913 0.454107 0.497577 0.455659 0.497532 0.459134 0.500197 0.460686 0.500152 0.462425 0.501485 0.463976 0.501440 0.465714 0.502773 0.467266 0.502729 0.470741 0.505392 0.472293 0.505347 0.474031 0.506680 0.475582 0.506636 0.477320 0.507968 0.478872 0.507924 0.482348 0.510587 0.483899 0.510543 0.485637 0.511875 0.487189 0.511831 0.488927 0.513164 0.490479 0.513119 0.492216 0.514451 0.493768 0.514406 0.497244 0.517071 0.498796 0.517026 0.502271 0.519691 0.503823 0.519646 0.507299 0.522310 0.508851 0.522266 0.512326 0.524930 0.513878 0.524886 0.515615 0.526218 0.517167 0.526173 0.520643 0.528838 0.526850 0.528661 0.528712 0.542426 0.496127 0.543357 0.495568 0.539227 0.493830 0.537895 0.492279 0.537939 0.490541 0.536608 0.487438 0.536696 0.485700 0.535365 0.484148 0.535409 0.478934 0.531412 0.477383 0.531457 0.475645 0.530125 0.472541 0.530214 0.470804 0.528881 0.469252 0.528925 0.467514 0.527593 0.465963 0.527637 0.464224 0.526306 0.459570 0.526439 0.457832 0.525106 0.456279 0.525151 0.451066 0.521155 0.449514 0.521199 0.447777 0.519867 0.446225 0.519911 0.444487 0.518579 0.442936 0.518624 0.441198 0.517292 0.439646 0.517336 0.436171 0.514672 0.434619 0.514716 0.432881 0.513384 0.431329 0.513428 0.426116 0.509432 0.419909 0.509610 0.417488 0.491715
0 0.805462 0.193208 0.807511 0.208348 0.801304 0.208526 0.799938 0.209947 0.795284 0.210080 0.793919 0.211501 0.783057 0.211812 0.781691 0.213232 0.770829 0.213543 0.769091 0.212211 0.767540 0.212256 0.765802 0.210923 0.764250 0.210967 0.760775 0.208303 0.760588 0.206927 0.757113 0.204262 0.752457 0.204395 0.757113 0.204262 0.758478 0.202842 0.758291 0.201466 0.759657 0.200044 0.758912 0.194538
0 0.865544 0.268870 0.867592 0.284011 0.862937 0.284144 0.861572 0.285566 0.860021 0.285610 0.857290 0.288452 0.855738 0.288496 0.854372 0.289917 0.849717 0.290050 0.847979 0.288718 0.844876 0.288807 0.836187 0.282146 0.831531 0.282280 0.829855 0.269891
0 0.855803 0.484710 0.856548 0.490216 0.858285 0.491548 0.859836 0.491504 0.878954 0.506157 0.885160 0.505979 0.887953 0.526626 0.883298 0.526759 0.882739 0.522630 0.879263 0.519966 0.877712 0.520010 0.870761 0.514682 0.869210 0.514726 0.863996 0.510730 0.862443 0.510775 0.860706 0.509442 0.859155 0.509486 0.855678 0.506822 0.854127 0.506867 0.850651 0.504202 0.849100 0.504247 0.847362 0.502915 0.845809 0.502959 0.844072 0.501627 0.842521 0.501671 0.837307 0.497675 0.835756 0.497720 0.834017 0.496387 0.832466 0.496431 0.825514 0.491103 0.824770 0.485597
0 0.912098 0.543899 0.912842 0.549405 0.919794 0.554734 0.919980 0.556111 0.923456 0.558775 0.929663 0.558597 0.934318 0.593009 0.929664 0.593142 0.924201 0.598825 0.924759 0.602954 0.910795 0.603354 0.910050 0.597848 0.908312 0.596516 0.907939 0.593763 0.906202 0.592431 0.905271 0.585549 0.903533 0.584217 0.900739 0.563569 0.899002 0.562237 0.894347 0.562370 0.891926 0.544476
0 0.812168 0.380941 0.815706 0.407093 0.784673 0.407981 0.784114 0.403852 0.780639 0.401187 0.779086 0.401232 0.777349 0.399899 0.772694 0.400032 0.770274 0.382138
0 0.970566 0.630663 0.974848 0.662321 0.968642 0.662499 0.964545 0.666762 0.962994 0.666806 0.958898 0.671068 0.957346 0.671113 0.955981 0.672534 0.952878 0.672623 0.951512 0.674044 0.940650 0.674354 0.938912 0.673022 0.934257 0.673155 0.932519 0.671822 0.930967 0.671867 0.925754 0.667871 0.925568 0.666495 0.923830 0.665162 0.923644 0.663785 0.921906 0.662454 0.921347 0.658324 0.919610 0.656992 0.918865 0.651486 0.917126 0.650154 0.912471 0.650287 0.911540 0.643405 0.916195 0.643272 0.917561 0.641851 0.917375 0.640474 0.918740 0.639054 0.918554 0.637677 0.919920 0.636256 0.919361 0.632127
0 0.551117 0.454731 0.551675 0.458860 0.558627 0.464189 0.560179 0.464145 0.565392 0.468141 0.566944 0.468097 0.570419 0.470761 0.571971 0.470716 0.575447 0.473381 0.576999 0.473336 0.580475 0.476000 0.582026 0.475956 0.585502 0.478620 0.587053 0.478576 0.590529 0.481240 0.592081 0.481196 0.595557 0.483860 0.597109 0.483816 0.600584 0.486480 0.602136 0.486436 0.605612 0.489100 0.607163 0.489055 0.608901 0.490388 0.615108 0.490210 0.616970 0.503975 0.607660 0.504241 0.606294 0.505662 0.603191 0.505751 0.600461 0.508592 0.601020 0.512722 0.600461 0.508592 0.596985 0.505928 0.595433 0.505972 0.585006 0.497980 0.583455 0.498024 0.576502 0.492696 0.574951 0.492740 0.573213 0.491408 0.571661 0.491453 0.566448 0.487456 0.564896 0.487500 0.559682 0.483504 0.558131 0.483549 0.551179 0.478220 0.549628 0.478265 0.539200 0.470271 0.537648 0.470316 0.532435 0.466320 0.526228 0.466497 0.524738 0.455485
0 0.704418 0.229260 0.707212 0.249907 0.694798 0.250262 0.694240 0.246132 0.689027 0.242137 0.688840 0.240760 0.683626 0.236764 0.683440 0.235387 0.681702 0.234054 0.681143 0.229925
0 0.352127 0.112207 0.357527 0.152125 0.349768 0.152346 0.348403 0.153768 0.345300 0.153856 0.343561 0.152524 0.342010 0.152568 0.338535 0.149905 0.333879 0.150038 0.332762 0.141778 0.337417 0.141645 0.338783 0.140225 0.338224 0.136096 0.339589 0.134674 0.338286 0.125039 0.339651 0.123618 0.338161 0.112606
0 0.106346 0.367959 0.108395 0.383100 0.103740 0.383233 0.102374 0.384654 0.102933 0.388783 0.088967 0.389182 0.088222 0.383677 0.083009 0.379680 0.078354 0.379813 0.076864 0.368802
0 0.825889 0.701126 0.826447 0.705256 0.829924 0.707919 0.831475 0.707875 0.833214 0.709207 0.836316 0.709119 0.838054 0.710450 0.844261 0.710273 0.846868 0.729543 0.840661 0.729721 0.839295 0.731142 0.834641 0.731275 0.831910 0.734117 0.832469 0.738246 0.809193 0.738911 0.808635 0.734782 0.805160 0.732118 0.802056 0.732207 0.800318 0.730874 0.798766 0.730919 0.791815 0.725591 0.790263 0.725636 0.783312 0.720307 0.778656 0.720440 0.776235 0.702546
0 0.731975 0.156618 0.734023 0.171760 0.720059 0.172159 0.719314 0.166653 0.714100 0.162657 0.709445 0.162790 0.708700 0.157284
0 0.584259 0.354294 0.587052 0.374941 0.565329 0.375562 0.564770 0.371433 0.557819 0.366104 0.557074 0.360598 0.555336 0.359266 0.554777 0.355137
0 0.729247 0.366730 0.731668 0.384624 0.725461 0.384801 0.724096 0.386222 0.720993 0.386311 0.719627 0.387732 0.718075 0.387776 0.716337 0.386444 0.705476 0.386755 0.703738 0.385422 0.700634 0.385511 0.693683 0.380183 0.692132 0.380228 0.690393 0.378895 0.690207 0.377519 0.688470 0.376187 0.688283 0.374810 0.686545 0.373478 0.681890 0.373611 0.681145 0.368105
0 0.483710 0.301897 0.485759 0.317038 0.470242 0.317482 0.469684 0.313352 0.466208 0.310688 0.461553 0.310821 0.460436 0.302562
0 0.347412 0.261576 0.349460 0.276718 0.340150 0.276984 0.339591 0.272854 0.334377 0.268859 0.334191 0.267482 0.332454 0.266150 0.331895 0.262020
0 0.854251 0.484754 0.854809 0.488883 0.860022 0.492880 0.861575 0.492836 0.878954 0.506157 0.885160 0.505979 0.887953 0.526626 0.883298 0.526759 0.882739 0.522630 0.875789 0.517302 0.874237 0.517346 0.869023 0.513349 0.867471 0.513394 0.862257 0.509398 0.860706 0.509442 0.858969 0.508109 0.857416 0.508154 0.855678 0.506822 0.854127 0.506867 0.848914 0.502871 0.847362 0.502915 0.845623 0.501582 0.844072 0.501627 0.842335 0.500294 0.840782 0.500339 0.837307 0.497675 0.835756 0.497720 0.834017 0.496387 0.832466 0.496431 0.827252 0.492436 0.822596 0.492569 0.821665 0.485686
0 0.479986 0.274367 0.481848 0.288132 0.469435 0.288487 0.467698 0.287155 0.466145 0.287200 0.462670 0.284535 0.458015 0.284668 0.456712 0.275033
0 0.147806 0.305974 0.149482 0.318362 0.138620 0.318672 0.129931 0.312012 0.125276 0.312145 0.124531 0.306639
0 0.847421 0.319133 0.848911 0.330145 0.842704 0.330323 0.841339 0.331744 0.839787 0.331788 0.838421 0.333209 0.835319 0.333297 0.832587 0.336139 0.833146 0.340268 0.825388 0.340490 0.824829 0.336361 0.817878 0.331033 0.813223 0.331166 0.813037 0.329789 0.817691 0.329656 0.821787 0.325394 0.821042 0.319888
0 0.069849 0.236349 0.072642 0.256996 0.067987 0.257129 0.067428 0.253000 0.063953 0.250336 0.062401 0.250380 0.057188 0.246384 0.057002 0.245008 0.055264 0.243675 0.054332 0.236793
0 0.713355 0.157151 0.715404 0.172292 0.692129 0.172958 0.690080 0.157816
0 0.349646 0.278094 0.351322 0.290483 0.343564 0.290705 0.342198 0.292125 0.328234 0.292524 0.326372 0.278760
0 0.962374 0.708278 0.963491 0.716537 0.952629 0.716847 0.951264 0.718268 0.934196 0.718756 0.932458 0.717424 0.927803 0.717557 0.926686 0.709298
0 0.360570 0.266727 0.367087 0.314904 0.357777 0.315170 0.355356 0.297276 0.356722 0.295856 0.353742 0.273832 0.355108 0.272411 0.354363 0.266905
0 0.930002 0.807843 0.848166 0.823128 0.863901 0.831578 0.874767 0.837739 0.935489 0.821441 0.930438 0.811067 0.928076 0.807090
0 0.846202 0.646816 0.826906 0.645751 0.808882 0.640602 0.804303 0.647205 0.816440 0.649286 0.834245 0.652821 0.844458 0.654147
0 0.814040 0.651781 0.800669 0.647309 0.790347 0.645178 0.781263 0.645437 0.785660 0.650974 0.798815 0.653834
0 0.787077 0.641225 0.716979 0.608441 0.705459 0.617671 0.719849 0.622922 0.740235 0.632048 0.764946 0.639431
0 0.750665 0.634985 0.669519 0.608180 0.618716 0.596688 0.607851 0.610753 0.626530 0.620736 0.674026 0.634749 0.699427 0.640495 0.737183 0.649933
0 0.580378 0.569468 0.492800 0.535566 0.482335 0.539102 0.481390 0.545600 0.498397 0.549968 0.570931 0.573784
0 0.508282 0.609554 0.491493 0.606798 0.477864 0.607188 0.476703 0.612075 0.488949 0.614961 0.504720 0.616938 0.512097 0.617536
0 0.539097 0.621618 0.447195 0.609683 0.438618 0.620446 0.444614 0.624319 0.528814 0.633239 0.539933 0.634538
0 0.436803 0.620498 0.400754 0.610202 0.381820 0.605080 0.369973 0.611891 0.373462 0.617454 0.386509 0.619508 0.401479 0.622317 0.431897 0.624683
0 0.401697 0.623928 0.356310 0.618753 0.345772 0.615010 0.340757 0.618390 0.346172 0.624707 0.363069 0.628269 0.396538 0.632976 0.401081 0.632846
0 0.357436 0.600114 0.322550 0.605156 0.307215 0.606404 0.305036 0.610511 0.315465 0.613449 0.339631 0.616804 0.358017 0.617896
0 0.323496 0.618883 0.305364 0.612930 0.285158 0.611889 0.256451 0.608664 0.242604 0.607442 0.246421 0.615424 0.273747 0.621924 0.300966 0.627618 0.312886 0.628086 0.325603 0.627722 0.327348 0.620391
0 0.302165 0.596032 0.300494 0.590416 0.279489 0.590208 0.269386 0.589687 0.269351 0.596160 0.285921 0.597305
0 0.299766 0.598526 0.303110 0.609758 0.287084 0.612642 0.277672 0.610485 0.254306 0.606299 0.225708 0.603881 0.205393 0.602035 0.203720 0.596418 0.213606 0.595327 0.235626 0.596316 0.268878 0.599410 0.293189 0.597097
0 0.231884 0.595613 0.232066 0.583473 0.223344 0.579676 0.213679 0.582381 0.205829 0.585032 0.190021 0.589530 0.180137 0.590621 0.180900 0.596263 0.196453 0.596626 0.227451 0.596550
0 0.227270 0.608690 0.210371 0.605128 0.183699 0.603463 0.159314 0.598498 0.134676 0.598393 0.128209 0.597769 0.126899 0.608323 0.151065 0.611677 0.178539 0.612510 0.204194 0.613394 0.220765 0.614539 0.229051 0.615112
0 0.180610 0.587371 0.164039 0.586227 0.136566 0.585394 0.111819 0.584483 0.096376 0.584925 0.076279 0.584691 0.074316 0.590410 0.087472 0.593271 0.102225 0.594466 0.125264 0.596236 0.153863 0.598654 0.172252 0.599747 0.175558 0.597224 0.180137 0.590621
0 0.109894 0.583730 0.106550 0.572499 0.102479 0.569380 0.085219 0.569873 0.070683 0.570289 0.046373 0.572602 0.033289 0.577021 0.041320 0.582455 0.068793 0.583287 0.099791 0.583209
0 0.078750 0.569250 0.066467 0.552610 0.052041 0.553832 0.036705 0.555079 0.016936 0.557263 0.013376 0.564646 0.017192 0.572628 0.033180 0.576215 0.059528 0.575462 0.080675 0.570003
0 0.106149 0.542577 0.099971 0.530619 0.078387 0.532854 0.040412 0.542029 0.017409 0.554013 0.028057 0.558562 0.056911 0.556120 0.082384 0.548919
0 0.150374 0.512186 0.141107 0.504361 0.130751 0.508703 0.112654 0.516502 0.087507 0.526121 0.074316 0.529734 0.071337 0.534673 0.078605 0.534465 0.098954 0.529838 0.118759 0.521181 0.147068 0.514709
0 0.095501 0.517801 0.091578 0.509013 0.069628 0.515305 0.066212 0.517021 0.051531 0.523103 0.041175 0.527445 0.038630 0.535608 0.041684 0.537948 0.055456 0.531891 0.077188 0.523988 0.086054 0.522116
0 0.190274 0.483540 0.179191 0.475766 0.168035 0.480940 0.157896 0.486892 0.146631 0.491260 0.131950 0.497342 0.113635 0.503528 0.107493 0.505322 0.106985 0.515045 0.108910 0.515800 0.134277 0.507792 0.142923 0.504309 0.166473 0.496355
0 0.209280 0.455489 0.198814 0.459024 0.177992 0.466900 0.160585 0.473063 0.145104 0.479977 0.158695 0.486061 0.173958 0.477534 0.193871 0.469682 0.209352 0.462768
0 0.683400 0.562478 0.668901 0.556420 0.641137 0.546697 0.603490 0.538065 0.595312 0.538299 0.595277 0.544773 0.610795 0.551610 0.636051 0.563022 0.654293 0.569783 0.670390 0.574177 0.680529 0.568223
0 0.628382 0.533307 0.569475 0.488877 0.559009 0.492412 0.545238 0.498470 0.574928 0.508948 0.594368 0.524572 0.610866 0.538663 0.623766 0.546384 0.631508 0.542927
0 0.669700 0.596040 0.586047 0.570924 0.570422 0.583508 0.668502 0.607401 0.672137 0.607297 0.671627 0.596793
0 0.402241 0.365024 0.430803 0.414367 0.427024 0.420137 0.423244 0.425910 0.384071 0.365543
0 0.396245 0.361149 0.361685 0.307934 0.358014 0.314509 0.363828 0.330524 0.383052 0.364763
0 0.042685 0.195726 0.041368 0.191483 0.036812 0.187991 0.023782 0.187705 0.020911 0.188446 0.015571 0.192880 0.015054 0.194540 0.016622 0.195154 0.023277 0.194964 0.034001 0.194658 0.039917 0.194488
0 0.142422 0.469950 0.131000 0.467466 0.111732 0.469422 0.090358 0.471438 0.080808 0.474990 0.081944 0.483387 0.085753 0.484215 0.103758 0.484636 0.132705 0.480062 0.140151 0.476571
