0 0.352458 0.672147 0.353076 0.677854 0.366095 0.686815 0.367568 0.686508 0.372449 0.689868 0.373923 0.689561 0.377176 0.691802 0.380122 0.691188 0.383377 0.693427 0.384850 0.693120 0.386477 0.694241 0.387950 0.693934 0.389577 0.695054 0.393995 0.694134 0.395696 0.709830 0.389805 0.711057 0.383215 0.719727 0.381743 0.720034 0.379106 0.723501 0.377634 0.723807 0.376316 0.725542 0.376780 0.729822 0.325235 0.740564 0.324771 0.736283 0.321516 0.734043 0.315626 0.735271 0.311914 0.701024 0.316333 0.700103 0.322923 0.691434 0.324396 0.691127 0.332304 0.680724 0.331840 0.676443
0 0.089669 0.540136 0.090133 0.544416 0.096643 0.548896 0.096798 0.550324 0.100052 0.552564 0.100206 0.553991 0.101834 0.555111 0.107725 0.553883 0.109735 0.572433 0.103844 0.573661 0.102526 0.575395 0.101054 0.575702 0.098418 0.579170 0.098882 0.583451 0.062065 0.591123 0.057271 0.546887
0 0.696448 0.594625 0.698304 0.611748 0.693886 0.612669 0.692568 0.614402 0.691095 0.614709 0.689777 0.616443 0.688305 0.616750 0.685669 0.620218 0.686133 0.624498 0.669933 0.627874 0.669469 0.623594 0.666214 0.621354 0.664741 0.621661 0.663114 0.620540 0.661641 0.620847 0.660014 0.619727 0.659860 0.618301 0.656605 0.616061 0.652187 0.616981 0.650795 0.604138
0 0.139565 0.611451 0.140029 0.615733 0.143283 0.617972 0.144756 0.617665 0.154520 0.624385 0.154675 0.625813 0.156303 0.626933 0.156457 0.628360 0.159711 0.630600 0.164130 0.629679 0.165831 0.645375 0.161412 0.646296 0.160094 0.648030 0.160558 0.652311 0.088396 0.667349 0.087932 0.663068 0.081423 0.658588 0.079951 0.658895 0.076696 0.656655 0.072278 0.657576 0.071350 0.649014 0.075768 0.648093 0.077087 0.646359 0.080031 0.645745 0.081350 0.644012 0.084295 0.643398 0.085613 0.641665 0.088559 0.641051 0.089876 0.639316 0.091350 0.639009 0.092667 0.637275 0.094139 0.636968 0.096777 0.633501 0.098249 0.633195 0.103521 0.626258 0.106466 0.625645 0.109102 0.622178 0.108638 0.617896
0 0.750612 0.344032 0.751076 0.348313 0.755958 0.351674 0.760376 0.350753 0.763005 0.375010 0.723243 0.383297 0.720768 0.360465 0.725186 0.359545 0.730458 0.352609 0.729994 0.348329
0 0.993989 0.310824 1.000000 0.366476 0.977929 0.371079 0.977311 0.365371 0.974057 0.363130 0.968165 0.364358 0.966773 0.351516 0.971192 0.350595 0.972510 0.348861 0.972356 0.347434 0.973673 0.345701 0.973364 0.342847 0.974682 0.341113 0.974527 0.339687 0.975846 0.337952 0.975382 0.333671 0.976699 0.331938 0.976545 0.330510 0.979181 0.327043 0.979026 0.325616 0.981662 0.322148 0.983135 0.321841 0.987090 0.316639 0.986626 0.312359
0 0.169078 0.675342 0.170315 0.686757 0.165897 0.687678 0.163262 0.691146 0.161788 0.691453 0.159152 0.694920 0.159616 0.699201 0.131635 0.705033 0.129315 0.683628
0 0.718831 0.356492 0.721770 0.383604 0.693789 0.389435 0.691624 0.369458 0.696042 0.368538 0.698678 0.365069 0.698214 0.360789
0 0.515836 0.387122 0.516300 0.391403 0.521182 0.394763 0.522655 0.394456 0.524282 0.395575 0.530173 0.394348 0.532028 0.411471 0.505520 0.416995 0.504901 0.411288 0.503274 0.410168 0.501801 0.410475 0.500174 0.409355 0.498701 0.409662 0.497074 0.408542 0.491183 0.409769 0.489327 0.392646
1 0.997538 0.371370 1.000000 0.472684 1.000000 0.473604 1.000000 0.475338 1.000000 0.475645 0.999991 0.477378 0.998518 0.477685 0.997201 0.479419 0.995727 0.479726 0.993091 0.483194 0.991619 0.483501 0.990301 0.485234 0.988828 0.485541 0.986192 0.489010 0.984720 0.489317 0.982083 0.492784 0.980611 0.493091 0.979293 0.494825 0.977820 0.495131 0.975184 0.498599 0.973711 0.498906 0.971076 0.502374 0.969602 0.502681 0.968284 0.504414 0.966812 0.504721 0.964176 0.508189 0.962703 0.508496 0.960067 0.511964 0.958594 0.512271 0.957277 0.514004 0.955803 0.514311 0.954486 0.516045 0.953013 0.516352 0.951695 0.518086 0.950222 0.518393 0.947586 0.521861 0.946113 0.522168 0.943477 0.525635 0.942004 0.525942 0.939368 0.529410 0.939523 0.530837 0.938205 0.532570 0.936732 0.532877 0.935414 0.534611 0.933941 0.534918 0.931305 0.538386 0.929832 0.538693 0.927197 0.542160 0.925724 0.542467 0.924406 0.544201 0.922933 0.544508 0.920297 0.547976 0.918824 0.548283 0.916188 0.551750 0.914716 0.552057 0.912080 0.555525 0.910607 0.555832 0.907970 0.559300 0.906498 0.559606 0.903862 0.563074 0.902389 0.563381 0.901071 0.565115 0.899599 0.565422 0.896962 0.568890 0.895490 0.569197 0.892854 0.572664 0.891381 0.572970 0.887427 0.578173 0.885955 0.578479 0.883318 0.581947 0.881845 0.582254 0.880527 0.583988 0.879055 0.584294 0.876419 0.587763 0.874945 0.588070 0.872310 0.591537 0.870837 0.591844 0.869519 0.593578 0.868046 0.593885 0.865410 0.597352 0.863938 0.597659 0.861301 0.601127 0.859829 0.601434 0.857193 0.604902 0.855720 0.605209 0.853084 0.608676 0.851611 0.608983 0.848975 0.612451 0.847502 0.612758 0.846184 0.614492 0.844712 0.614799 0.842075 0.618266 0.840603 0.618573 0.837967 0.622040 0.836495 0.622347 0.835176 0.624081 0.833703 0.624388 0.832385 0.626123 0.830913 0.626429 0.828276 0.629896 0.826804 0.630203 0.824168 0.633672 0.822696 0.633979 0.818741 0.639180 0.817269 0.639487 0.814632 0.642955 0.813160 0.643261 0.810523 0.646729 0.809051 0.647036 0.807733 0.648769 0.806260 0.649076 0.803624 0.652545 0.802151 0.652852 0.800833 0.654585 0.799360 0.654892 0.798042 0.656626 0.796570 0.656932 0.793934 0.660400 0.792460 0.660707 0.788507 0.665909 0.787034 0.666216 0.784398 0.669683 0.782925 0.669990 0.780289 0.673458 0.778817 0.673765 0.776180 0.677233 0.774708 0.677540 0.772072 0.681007 0.770599 0.681314 0.769281 0.683048 0.769900 0.688756 0.750755 0.692746 0.750136 0.687038 0.746881 0.684798 0.745409 0.685105 0.742154 0.682864 0.740681 0.683171 0.735799 0.679811 0.734327 0.680118 0.727817 0.675638 0.727662 0.674211 0.683725 0.643970 0.679306 0.644890 0.678224 0.634902 0.682642 0.633981 0.683961 0.632247 0.685433 0.631940 0.686751 0.630206 0.688224 0.629899 0.689542 0.628166 0.691014 0.627859 0.692332 0.626125 0.693805 0.625818 0.696441 0.622350 0.697914 0.622043 0.699232 0.620310 0.700705 0.620003 0.702023 0.618268 0.703495 0.617962 0.706131 0.614495 0.707604 0.614188 0.708922 0.612454 0.710395 0.612147 0.711713 0.610412 0.713186 0.610105 0.715822 0.606639 0.717295 0.606332 0.718612 0.604597 0.720085 0.604291 0.722721 0.600823 0.724194 0.600516 0.725512 0.598781 0.726985 0.598475 0.728303 0.596741 0.729775 0.596434 0.732411 0.592967 0.733884 0.592660 0.736520 0.589192 0.737993 0.588885 0.739311 0.587152 0.740784 0.586845 0.743420 0.583376 0.744893 0.583069 0.746210 0.581336 0.747683 0.581029 0.750319 0.577562 0.751792 0.577255 0.753111 0.575521 0.754583 0.575214 0.755901 0.573480 0.757373 0.573173 0.761327 0.567972 0.764273 0.567358 0.765591 0.565624 0.767064 0.565317 0.769700 0.561849 0.771172 0.561542 0.772491 0.559808 0.773963 0.559501 0.776599 0.556034 0.778072 0.555728 0.780708 0.552259 0.782181 0.551952 0.783499 0.550218 0.784972 0.549912 0.788925 0.544710 0.790398 0.544403 0.791717 0.542669 0.793189 0.542362 0.794507 0.540628 0.795980 0.540321 0.798616 0.536855 0.800089 0.536547 0.801407 0.534813 0.802879 0.534507 0.806834 0.529305 0.808306 0.528999 0.809624 0.527264 0.811097 0.526957 0.815051 0.521755 0.817996 0.521141 0.820633 0.517675 0.822105 0.517368 0.824742 0.513899 0.826214 0.513592 0.827532 0.511859 0.829005 0.511552 0.831641 0.508084 0.833114 0.507777 0.835749 0.504310 0.837222 0.504003 0.838541 0.502268 0.840013 0.501962 0.842649 0.498495 0.844121 0.498188 0.848076 0.492986 0.849548 0.492679 0.852185 0.489211 0.853657 0.488904 0.854976 0.487171 0.856448 0.486864 0.859084 0.483395 0.864975 0.482168 0.866293 0.480434 0.867766 0.480128 0.870402 0.476660 0.871874 0.476353 0.873193 0.474619 0.874666 0.474312 0.875983 0.472578 0.877456 0.472272 0.880093 0.468804 0.881565 0.468497 0.882883 0.466763 0.884355 0.466456 0.885673 0.464722 0.887146 0.464415 0.889782 0.460948 0.891255 0.460641 0.892573 0.458907 0.894045 0.458601 0.895364 0.456866 0.896836 0.456559 0.899473 0.453092 0.900945 0.452785 0.902264 0.451051 0.903736 0.450744 0.905054 0.449010 0.906527 0.448703 0.910481 0.443501 0.913427 0.442887 0.914744 0.441154 0.916217 0.440847 0.920171 0.435645 0.921643 0.435338 0.925598 0.430137 0.927071 0.429830 0.928389 0.428096 0.929862 0.427789 0.931179 0.426056 0.932652 0.425749 0.936606 0.420548 0.938079 0.420241 0.940715 0.416772 0.942188 0.416465 0.944824 0.412998 0.946297 0.412691 0.947615 0.410957 0.949087 0.410651 0.951723 0.407183 0.953196 0.406876 0.955832 0.403408 0.957304 0.403101 0.959941 0.399633 0.961414 0.399327 0.962731 0.397592 0.964204 0.397286 0.965523 0.395552 0.966995 0.395245 0.968314 0.393511 0.969786 0.393204 0.971103 0.391471 0.972577 0.391164 0.973895 0.389429 0.976840 0.388815 0.980794 0.383614 0.982266 0.383308 0.984902 0.379840 0.986376 0.379533 0.991648 0.372598
0 0.777092 0.449412 0.778329 0.460827 0.772438 0.462055 0.769802 0.465522 0.768329 0.465829 0.763058 0.472765 0.761585 0.473072 0.760267 0.474805 0.760886 0.480514 0.749103 0.482969 0.748639 0.478688 0.747012 0.477567 0.746858 0.476141 0.745231 0.475021 0.739339 0.476249 0.738102 0.464832 0.743994 0.463604 0.745311 0.461871 0.744693 0.456163
1 1.000000 0.367902 1.000000 0.470643 1.000000 0.471256 1.000000 0.472991 1.000000 0.473604 1.000000 0.475338 1.000000 0.475645 0.999991 0.477378 0.998518 0.477685 0.995882 0.481154 0.994410 0.481461 0.993091 0.483194 0.991619 0.483501 0.990301 0.485234 0.988828 0.485541 0.986192 0.489010 0.984720 0.489317 0.982083 0.492784 0.980611 0.493091 0.977975 0.496558 0.976502 0.496865 0.975184 0.498599 0.973711 0.498906 0.971076 0.502374 0.969602 0.502681 0.966966 0.506148 0.965494 0.506455 0.962857 0.509923 0.961385 0.510230 0.958749 0.513698 0.955803 0.514311 0.953167 0.517779 0.953631 0.522059 0.931540 0.526663 0.931077 0.522383 0.924568 0.517902 0.923095 0.518209 0.921468 0.517089 0.919995 0.517396 0.916740 0.515156 0.915267 0.515463 0.908759 0.510982 0.907286 0.511289 0.907131 0.509863 0.903876 0.507623 0.902403 0.507930 0.902249 0.506503 0.895739 0.502023 0.895585 0.500595 0.890703 0.497236 0.889230 0.497543 0.887603 0.496422 0.887448 0.494995 0.885822 0.493875 0.884348 0.494182 0.876212 0.488581 0.874739 0.488888 0.874584 0.487462 0.872957 0.486342 0.867067 0.487570 0.865984 0.477581 0.873347 0.476046 0.874666 0.474312 0.876138 0.474005 0.880093 0.468804 0.881565 0.468497 0.882883 0.466763 0.884355 0.466456 0.885673 0.464722 0.887146 0.464415 0.891100 0.459214 0.892573 0.458907 0.893891 0.457173 0.895364 0.456866 0.898000 0.453399 0.899473 0.453092 0.900791 0.451358 0.902264 0.451051 0.904899 0.447584 0.906372 0.447277 0.907690 0.445543 0.909163 0.445236 0.910481 0.443501 0.911954 0.443194 0.914590 0.439728 0.916063 0.439421 0.918698 0.435952 0.920171 0.435645 0.922807 0.432178 0.924279 0.431872 0.926916 0.428403 0.928389 0.428096 0.929707 0.426363 0.931179 0.426056 0.935133 0.420855 0.936606 0.420548 0.937925 0.418813 0.939397 0.418507 0.943352 0.413304 0.946297 0.412691 0.947615 0.410957 0.949087 0.410651 0.951723 0.407183 0.953196 0.406876 0.954515 0.405142 0.955987 0.404836 0.959941 0.399633 0.962886 0.399020 0.964204 0.397286 0.965677 0.396979 0.968314 0.393511 0.969786 0.393204 0.971103 0.391471 0.972577 0.391164 0.973895 0.389429 0.975367 0.389122 0.976686 0.387389 0.978158 0.387082 0.982112 0.381881 0.983585 0.381574 0.984902 0.379840 0.986376 0.379533 0.990330 0.374331 0.989866 0.370051
0 0.387741 0.302919 0.390679 0.330031 0.356807 0.337090 0.354488 0.315685 0.360378 0.314458 0.361696 0.312723 0.361232 0.308443
0 0.474484 0.547493 0.476804 0.568898 0.448822 0.574729 0.446502 0.553325
0 0.560666 0.564554 0.562367 0.580251 0.534386 0.586082 0.532685 0.570385
0 0.362056 0.121497 0.363757 0.137193 0.357866 0.138420 0.355230 0.141889 0.353758 0.142196 0.352439 0.143929 0.350966 0.144236 0.349648 0.145971 0.350267 0.151677 0.334067 0.155053 0.333448 0.149347 0.331821 0.148226 0.330349 0.148533 0.328721 0.147413 0.324304 0.148334 0.323531 0.141199 0.329421 0.139971 0.330739 0.138237 0.332211 0.137930 0.333530 0.136197 0.336475 0.135583 0.337793 0.133848 0.340738 0.133235 0.343375 0.129768 0.342911 0.125486
0 0.735799 0.679811 0.736263 0.684092 0.739518 0.686333 0.740990 0.686026 0.742618 0.687145 0.744090 0.686838 0.745718 0.687959 0.747190 0.687652 0.748818 0.688772 0.754709 0.687544 0.756410 0.703240 0.750519 0.704468 0.746564 0.709670 0.746719 0.711096 0.740129 0.719766 0.740593 0.724047 0.728812 0.726502 0.728193 0.720794 0.723312 0.717434 0.723157 0.716006 0.721529 0.714887 0.721375 0.713460 0.719747 0.712340 0.719592 0.710913 0.701692 0.698592 0.697274 0.699513 0.696037 0.688097
0 0.203243 0.434754 0.206181 0.461866 0.184091 0.466469 0.181153 0.439357
0 0.785928 0.447570 0.786392 0.451851 0.788020 0.452971 0.789492 0.452664 0.791120 0.453784 0.795537 0.452863 0.797702 0.472841 0.765303 0.479593 0.764530 0.472458 0.765848 0.470724 0.765693 0.469297 0.770965 0.462362 0.770810 0.460934 0.767556 0.458694 0.766238 0.460428 0.761821 0.461349 0.759184 0.464817 0.760886 0.480514 0.746159 0.483583 0.743220 0.456470 0.771201 0.450639 0.771820 0.456347 0.773447 0.457466 0.774765 0.455733 0.779183 0.454813 0.780501 0.453079 0.780037 0.448798
0 0.041084 0.232492 0.080379 0.239541 0.079407 0.245077 0.037036 0.238669
0 0.039420 0.253410 0.075401 0.244389 0.063220 0.240830 0.037155 0.247026
0 0.927673 0.112497 0.937343 0.121909 0.929207 0.126653 0.917349 0.126076
0 0.958515 0.817255 0.967352 0.815413 0.960217 0.832951 0.920609 0.842664 0.904800 0.835745
0 0.454744 0.754433 0.456836 0.759833 0.448153 0.763102 0.434436 0.761582 0.438389 0.756381
0 0.527362 0.524274 0.534833 0.528178 0.530877 0.537196 0.522318 0.536249 0.519455 0.529335
0 0.488335 0.541283 0.490581 0.549008 0.481913 0.553546 0.474224 0.547636 0.479848 0.541003
0 0.471213 0.552361 0.452606 0.556239 0.446298 0.550043 0.457034 0.545074 0.466355 0.546546 0.470779 0.548354
0 0.376233 0.446856 0.374988 0.463167 0.360571 0.469090 0.348171 0.465837 0.355460 0.449726 0.371351 0.443497
0 0.926538 0.091413 0.928394 0.108536 0.913977 0.114459 0.904676 0.112019 0.916075 0.092135
