1 0.197847 0.439537 0.198353 0.444052 0.194283 0.448982 0.192758 0.449121 0.187334 0.455690 0.185809 0.455828 0.184453 0.457469 0.182930 0.457607 0.181576 0.459248 0.180052 0.459386 0.178699 0.461026 0.177176 0.461163 0.175821 0.462804 0.174300 0.462941 0.171593 0.466220 0.170072 0.466357 0.167367 0.469635 0.165847 0.469772 0.164495 0.471409 0.162975 0.471546 0.160272 0.474821 0.158753 0.474957 0.157402 0.476595 0.155883 0.476731 0.153183 0.480004 0.151665 0.480139 0.148966 0.483411 0.147449 0.483546 0.146100 0.485182 0.144584 0.485317 0.141886 0.488587 0.140371 0.488721 0.139023 0.490355 0.137508 0.490489 0.133466 0.495390 0.131952 0.495524 0.130607 0.497157 0.129092 0.497291 0.127746 0.498923 0.126233 0.499057 0.123543 0.502321 0.117494 0.502853 0.118499 0.511840 0.123036 0.511444 0.124715 0.512810 0.130769 0.512282 0.132451 0.513649 0.135479 0.513385 0.137162 0.514752 0.143224 0.514223 0.144908 0.515592 0.150976 0.515063 0.152662 0.516432 0.157217 0.516035 0.158903 0.517406 0.164981 0.516877 0.166669 0.518247 0.172752 0.517719 0.174443 0.519089 0.180531 0.518561 0.182222 0.519933 0.186793 0.519537 0.188486 0.520909 0.194585 0.520381 0.196279 0.521754 0.202383 0.521226 0.204078 0.522600 0.207133 0.522337 0.208830 0.523710 0.209336 0.528228 0.247619 0.524935 0.246602 0.515878 0.240465 0.516409 0.237060 0.513657 0.235528 0.513790 0.233825 0.512416 0.232294 0.512549 0.230593 0.511174 0.227530 0.511440 0.219032 0.504570 0.217679 0.492515 0.220400 0.489231 0.223461 0.488961 0.224823 0.487318 0.226353 0.487183 0.225677 0.481154 0.223977 0.479782 0.223639 0.476767 0.221939 0.475397 0.221600 0.472382 0.219901 0.471012 0.219562 0.467998 0.217864 0.466628 0.217526 0.463615 0.215827 0.462245 0.215489 0.459232 0.213791 0.457863 0.213622 0.456357 0.211925 0.454988 0.211587 0.451977 0.209889 0.450609 0.209720 0.449103 0.208024 0.447735 0.207686 0.444724 0.205988 0.443356 0.205482 0.438840
0 0.137304 0.584390 0.137807 0.588890 0.132422 0.595389 0.127881 0.595763 0.130563 0.619752 0.136618 0.619262 0.138301 0.620639 0.138469 0.622138 0.146886 0.629030 0.148402 0.628908 0.150087 0.630287 0.151604 0.630165 0.153289 0.631545 0.156324 0.631302 0.158010 0.632682 0.161048 0.632439 0.162735 0.633819 0.165774 0.633576 0.167462 0.634956 0.172023 0.634591 0.173711 0.635974 0.176755 0.635730 0.178445 0.637113 0.179966 0.636992 0.181658 0.638374 0.183181 0.638252 0.184872 0.639635 0.186394 0.639514 0.188087 0.640897 0.189610 0.640776 0.191303 0.642159 0.192828 0.642038 0.194521 0.643422 0.196045 0.643301 0.197740 0.644686 0.199266 0.644565 0.200959 0.645950 0.202486 0.645829 0.204181 0.647214 0.205707 0.647093 0.207403 0.648479 0.208931 0.648358 0.212324 0.651130 0.212830 0.655650 0.228124 0.654449 0.227617 0.649925 0.228978 0.648296 0.230509 0.648175 0.231871 0.646546 0.236466 0.646183 0.237829 0.644553 0.240895 0.644310 0.242259 0.642680 0.245327 0.642437 0.246691 0.640807 0.254364 0.640199 0.251821 0.617545 0.245682 0.618039 0.240574 0.613882 0.239041 0.614006 0.237339 0.612622 0.235806 0.612746 0.234105 0.611362 0.232573 0.611486 0.230872 0.610101 0.229342 0.610225 0.227641 0.608841 0.224580 0.609090 0.222881 0.607707 0.221351 0.607832 0.219652 0.606448 0.216593 0.606697 0.214896 0.605315 0.211840 0.605564 0.210143 0.604183 0.208615 0.604307 0.206920 0.602925 0.205392 0.603050 0.203697 0.601669 0.202170 0.601794 0.200475 0.600413 0.198949 0.600538 0.197256 0.599158 0.195730 0.599283 0.194037 0.597902 0.192511 0.598027 0.190818 0.596647 0.189294 0.596772 0.187602 0.595394 0.186078 0.595519 0.184386 0.594139 0.182863 0.594265 0.179481 0.591508 0.177960 0.591633 0.176269 0.590256 0.174747 0.590382 0.173058 0.589005 0.171537 0.589130 0.168159 0.586376 0.167654 0.581868
1 0.256711 0.702487 0.258238 0.716085 0.264384 0.715625 0.266091 0.717021 0.266261 0.718532 0.267967 0.719930 0.269506 0.719815 0.286599 0.733801 0.286769 0.735314 0.300468 0.746524 0.300638 0.748039 0.309210 0.755054 0.309380 0.756570 0.312812 0.759378 0.312982 0.760894 0.316415 0.763704 0.316586 0.765220 0.318303 0.766626 0.318473 0.768142 0.325344 0.773767 0.325514 0.775283 0.327233 0.776691 0.327745 0.781243 0.332391 0.780915 0.331878 0.776362 0.341531 0.764963 0.341360 0.763444 0.344120 0.760185 0.343949 0.758666 0.348091 0.753775 0.347920 0.752255 0.352064 0.747361 0.351893 0.745843 0.356038 0.740945 0.355867 0.739426 0.360015 0.734525 0.359843 0.733006 0.381999 0.706828 0.386675 0.706478 0.386331 0.703433 0.378540 0.704017 0.376812 0.702613 0.373698 0.702847 0.371969 0.701443 0.368857 0.701677 0.367129 0.700273 0.365574 0.700390 0.363848 0.698987 0.363335 0.694427
0 0.121962 0.706628 0.122632 0.712623 0.121287 0.714236 0.119776 0.714350 0.115746 0.719187 0.111216 0.719529 0.113391 0.739003 0.117922 0.738667 0.119600 0.740054 0.121112 0.739942 0.127829 0.745493 0.129341 0.745381 0.134384 0.749548 0.135897 0.749437 0.139261 0.752214 0.140775 0.752104 0.142458 0.753494 0.143974 0.753383 0.145657 0.754774 0.147172 0.754663 0.150541 0.757444 0.152057 0.757333 0.155427 0.760117 0.156944 0.760007 0.160317 0.762791 0.161835 0.762681 0.163521 0.764073 0.165040 0.763963 0.166728 0.765356 0.168247 0.765246 0.169935 0.766640 0.171455 0.766530 0.174833 0.769317 0.175337 0.773828 0.181423 0.773391 0.180918 0.768879 0.182272 0.767266 0.188362 0.766826 0.186340 0.748769 0.181773 0.749103 0.180083 0.747711 0.178561 0.747822 0.175182 0.745038 0.173662 0.745149 0.160160 0.734024 0.159992 0.732522 0.156621 0.729743 0.156453 0.728241 0.154767 0.726852 0.154599 0.725350 0.151229 0.722574 0.150893 0.719571 0.149209 0.718184 0.148873 0.715181 0.147189 0.713794 0.147021 0.712293 0.145338 0.710907 0.144666 0.704903
0 0.528473 0.712895 0.528995 0.717499 0.521943 0.725753 0.517194 0.726100 0.519801 0.749107 0.562649 0.746032 0.560032 0.722968 0.555262 0.723317 0.546445 0.716216 0.545922 0.711608
0 0.443065 0.632946 0.444619 0.646690 0.450900 0.646200 0.452645 0.647605 0.458931 0.647115 0.460677 0.648521 0.463823 0.648277 0.465569 0.649683 0.466088 0.654270 0.500778 0.651583 0.499042 0.636263 0.491148 0.636881 0.487645 0.634066 0.487125 0.629474
0 0.626801 0.786549 0.630487 0.818967 0.636902 0.818536 0.642243 0.822846 0.642771 0.827481 0.658838 0.826409 0.658310 0.821769 0.659742 0.820115 0.662959 0.819899 0.664392 0.818244 0.674053 0.817594 0.670175 0.783548
0 0.816830 0.792272 0.817366 0.796953 0.815906 0.798625 0.810997 0.798957 0.812961 0.816117 0.817871 0.815789 0.819688 0.817240 0.820224 0.821921 0.857977 0.819413 0.854571 0.789702
0 0.413108 0.647610 0.414657 0.661329 0.420916 0.660846 0.422655 0.662250 0.427353 0.661888 0.429092 0.663292 0.430659 0.663171 0.432399 0.664577 0.432917 0.669155 0.473770 0.666019 0.473251 0.661430 0.477457 0.656475 0.482185 0.656110 0.481492 0.649988 0.475188 0.650478 0.471693 0.647664 0.471174 0.643075
0 0.715482 0.824189 0.718314 0.849014 0.724792 0.848591 0.730185 0.852933 0.731807 0.852828 0.733607 0.854275 0.735228 0.854169 0.738828 0.857066 0.740450 0.856961 0.744053 0.859859 0.744585 0.864521 0.770604 0.862848 0.768648 0.845729 0.763764 0.846048 0.761959 0.844599 0.760332 0.844705 0.749512 0.836016 0.747887 0.836123 0.737081 0.827443 0.736549 0.822784
0 0.721461 0.704909 0.725535 0.740602 0.743381 0.739328 0.742849 0.734667 0.748637 0.727985 0.750263 0.727868 0.751711 0.726197 0.753337 0.726079 0.754786 0.724407 0.756411 0.724289 0.757860 0.722617 0.761115 0.722381 0.762565 0.720709 0.764192 0.720591 0.765643 0.718918 0.773787 0.718328 0.771830 0.701209
0 0.885707 0.699161 0.888944 0.727354 0.893899 0.727000 0.895730 0.728448 0.896450 0.734717 0.936198 0.731893 0.935657 0.727181 0.938616 0.723803 0.946921 0.723209 0.944571 0.702781 0.939588 0.703143 0.935906 0.700242 0.935364 0.695531
0 0.743439 0.897466 0.746632 0.925442 0.751506 0.925146 0.755110 0.928059 0.756736 0.927960 0.760344 0.930874 0.761971 0.930776 0.763775 0.932233 0.765402 0.932135 0.767207 0.933593 0.768836 0.933495 0.770641 0.934954 0.772269 0.934856 0.774076 0.936314 0.777335 0.936119 0.779143 0.937578 0.780773 0.937481 0.782580 0.938940 0.783114 0.943613 0.799436 0.942640 0.797475 0.925490 0.792577 0.925787 0.787146 0.921410 0.786968 0.919852 0.785159 0.918393 0.784981 0.916836 0.774133 0.908093 0.772504 0.908193 0.767085 0.903826 0.765458 0.903927 0.763653 0.902472 0.762942 0.896248
0 0.854276 0.758203 0.854814 0.762894 0.847490 0.771281 0.840919 0.771735 0.843247 0.792048 0.849819 0.791601 0.855288 0.795956 0.856934 0.795845 0.860583 0.798750 0.862229 0.798639 0.865879 0.801546 0.866417 0.806240 0.882899 0.805134 0.882359 0.800435 0.883830 0.798757 0.888780 0.798423 0.885365 0.768661 0.880416 0.769003 0.876758 0.766100 0.876579 0.764535 0.872923 0.761633 0.872384 0.756938
0 0.810279 0.446615 0.812423 0.465322 0.818977 0.464754 0.822614 0.467590 0.824254 0.467448 0.827892 0.470286 0.831175 0.470002 0.832995 0.471422 0.836279 0.471139 0.838100 0.472558 0.841387 0.472275 0.843209 0.473695 0.846497 0.473412 0.848321 0.474833 0.848859 0.479520 0.855440 0.478956 0.854902 0.474268 0.856368 0.472563 0.859661 0.472280 0.864064 0.467164 0.870655 0.466595 0.868859 0.450954 0.863916 0.451385 0.860262 0.448546 0.859544 0.442293
0 0.749170 0.546098 0.753256 0.581839 0.779319 0.579745 0.778606 0.573519 0.784421 0.566766 0.789319 0.566369 0.787893 0.553911 0.782996 0.554312 0.777566 0.550043 0.776854 0.543818
1 0.185364 0.671465 0.187048 0.686510 0.191619 0.686159 0.201781 0.694490 0.201949 0.695997 0.215518 0.707121 0.217046 0.707005 0.220441 0.709790 0.221117 0.715820 0.237956 0.714557 0.237279 0.708521 0.238642 0.706897 0.238472 0.705387 0.241199 0.702138 0.241030 0.700628 0.242393 0.699002 0.242223 0.697493 0.250411 0.687733 0.251945 0.687616 0.256042 0.682731 0.255872 0.681221 0.258605 0.677963 0.264752 0.677490 0.263394 0.665399
0 0.632175 0.549504 0.634811 0.572657 0.639627 0.572265 0.646756 0.577922 0.647459 0.584100 0.660324 0.583062 0.659796 0.578425 0.661230 0.576749 0.666059 0.576358 0.662711 0.546978
0 0.584737 0.416654 0.585262 0.421270 0.576739 0.431365 0.575145 0.431508 0.572305 0.434869 0.567526 0.435297 0.569098 0.449136 0.575473 0.448570 0.579012 0.451363 0.580607 0.451222 0.584149 0.454017 0.584674 0.458635 0.610248 0.456380 0.609722 0.451755 0.612572 0.448389 0.614174 0.448247 0.619880 0.441511 0.624690 0.441083 0.623285 0.428744 0.618476 0.429175 0.613144 0.424982 0.612969 0.423440 0.607639 0.419249 0.607113 0.414627
0 0.629578 0.612018 0.630105 0.616648 0.628678 0.618318 0.628853 0.619862 0.627425 0.621531 0.621014 0.622035 0.622067 0.631291 0.626875 0.630916 0.628654 0.632334 0.630258 0.632209 0.632037 0.633627 0.633641 0.633502 0.637203 0.636340 0.637730 0.640973 0.660229 0.639230 0.659700 0.634591 0.661134 0.632921 0.665963 0.632545 0.664553 0.620172 0.659725 0.620551 0.654370 0.616294 0.653666 0.610112
0 0.572179 0.759309 0.573751 0.773157 0.580124 0.772710 0.581894 0.774138 0.582068 0.775677 0.583837 0.777106 0.585432 0.776994 0.592514 0.782710 0.593038 0.787331 0.618616 0.785559 0.616512 0.767048 0.610112 0.767498 0.608337 0.766068 0.606738 0.766181 0.604965 0.764751 0.603367 0.764864 0.599820 0.762008 0.599294 0.757385
0 0.443692 0.694513 0.445590 0.711313 0.451872 0.710847 0.453616 0.712258 0.453788 0.713785 0.457277 0.716610 0.457450 0.718138 0.460940 0.720963 0.462512 0.720848 0.464257 0.722260 0.464949 0.728377 0.466523 0.728262 0.465831 0.722145 0.467231 0.720500 0.468805 0.720384 0.475812 0.712154 0.477388 0.712037 0.482999 0.705448 0.487730 0.705096 0.486170 0.691316
0 0.629563 0.512331 0.630266 0.518504 0.628837 0.520183 0.622424 0.520724 0.623653 0.531522 0.628462 0.531119 0.630242 0.532528 0.631847 0.532394 0.635408 0.535212 0.637012 0.535078 0.638793 0.536487 0.639321 0.541119 0.658612 0.539515 0.657907 0.533333 0.662207 0.528291 0.667039 0.527886 0.665981 0.518607 0.659539 0.519151 0.657754 0.517741 0.656874 0.510013
0 0.870948 0.744418 0.873641 0.767894 0.878586 0.767551 0.880416 0.769003 0.880955 0.773701 0.918972 0.771081 0.916448 0.749113 0.911482 0.749461 0.907812 0.746558 0.907271 0.741853
0 0.089822 0.527940 0.090490 0.533923 0.086471 0.538798 0.086638 0.540294 0.083961 0.543543 0.079446 0.543931 0.080948 0.557383 0.085463 0.557000 0.087136 0.558368 0.087637 0.562855 0.110257 0.560941 0.106409 0.526503
0 0.213945 0.486758 0.216311 0.507851 0.222430 0.507317 0.225829 0.510065 0.226337 0.514588 0.240126 0.513391 0.236908 0.484728
0 0.936560 0.429193 0.937102 0.433902 0.934141 0.437334 0.929161 0.437770 0.930967 0.453464 0.959232 0.451012 0.956515 0.427435
0 0.095821 0.636156 0.098327 0.658604 0.127019 0.656340 0.125678 0.644348 0.121143 0.644709 0.117785 0.641953 0.117618 0.640454 0.115940 0.639076 0.115438 0.634582
0 0.655778 0.628659 0.656483 0.634842 0.655051 0.636512 0.648620 0.637011 0.651612 0.663281 0.658044 0.662791 0.661614 0.665639 0.662143 0.670278 0.670193 0.669669 0.669664 0.665027 0.671099 0.663358 0.670923 0.661811 0.676664 0.655129 0.681502 0.654759 0.678326 0.626898
0 0.544802 0.631127 0.547416 0.654168 0.553772 0.653677 0.555536 0.655092 0.557126 0.654970 0.558892 0.656385 0.562073 0.656140 0.567372 0.660386 0.567895 0.665000 0.577454 0.664269 0.576929 0.659653 0.579768 0.656331 0.584553 0.655963 0.583678 0.648266 0.578894 0.648635 0.575356 0.645805 0.575182 0.644266 0.573414 0.642851 0.573065 0.639775 0.571296 0.638360 0.570947 0.635283 0.569179 0.633869 0.568655 0.629256
0 0.051070 0.561429 0.053566 0.583816 0.082112 0.581431 0.079609 0.559007
0 0.670570 0.658716 0.671099 0.663358 0.666796 0.668365 0.665186 0.668487 0.663752 0.670156 0.658924 0.670522 0.660862 0.687529 0.667300 0.687048 0.674449 0.692757 0.676061 0.692637 0.677849 0.694065 0.678555 0.700257 0.699540 0.698706 0.697595 0.681660 0.692750 0.682023 0.690959 0.680594 0.689546 0.668204 0.690983 0.666533 0.695828 0.666165 0.694768 0.656870
0 0.625216 0.886188 0.627146 0.903169 0.633556 0.902768 0.635336 0.904213 0.635863 0.908846 0.648700 0.908048 0.647997 0.901865 0.652289 0.896926 0.657110 0.896624 0.656582 0.891984 0.651761 0.892288 0.649979 0.890844 0.649276 0.884661
0 0.189047 0.416026 0.189722 0.422043 0.188365 0.423688 0.182270 0.424251 0.184629 0.445301 0.205988 0.443356 0.205482 0.438840 0.206841 0.437194 0.212953 0.436636 0.210418 0.414044
0 0.619602 0.836802 0.622233 0.859949 0.646287 0.858386 0.643650 0.835206
0 0.109291 0.429472 0.111801 0.451930 0.126922 0.450554 0.126420 0.446058 0.127765 0.444421 0.133821 0.443867 0.131976 0.427377
0 0.602425 0.912477 0.604351 0.929436 0.610745 0.929046 0.612520 0.930491 0.614119 0.930394 0.615894 0.931839 0.617494 0.931742 0.622822 0.936080 0.623348 0.940710 0.640979 0.939645 0.640276 0.933465 0.641705 0.931823 0.648127 0.931432 0.647248 0.923703 0.640826 0.924097 0.633708 0.918312 0.632106 0.918410 0.628550 0.915521 0.628023 0.910888
0 0.371010 0.442157 0.374270 0.471043 0.403917 0.468418 0.400649 0.439482
0 0.650178 0.878375 0.652113 0.895380 0.676247 0.893863 0.674308 0.876835
1 0.982471 0.711141 0.985011 0.733188 0.983523 0.734882 0.985699 0.753780 0.984212 0.755472 0.986207 0.772798 0.984720 0.774487 0.988711 0.809143 0.987224 0.810829 0.989764 0.832886 0.988276 0.834571 0.989001 0.840873 0.987513 0.842556 0.982508 0.842879 1.000000 1.000000 1.000000 1.000000 0.989147 0.710660
1 0.339701 0.498625 0.348704 0.648043 0.382783 0.616203 0.424044 0.506678 0.342658 0.469243
1 0.249011 0.482132 0.246959 0.491461 0.295615 0.592627 0.306412 0.605502 0.331327 0.618792 0.325796 0.444704 0.313413 0.445822
0 0.159668 0.702249 0.152919 0.710334 0.157802 0.726625 0.201076 0.743136 0.227720 0.760946 0.254970 0.755931 0.274960 0.740758 0.261989 0.721900 0.222639 0.729389 0.180108 0.693110
0 0.592943 0.503001 0.595942 0.515184 0.613361 0.512149 0.603957 0.500502
0 0.593097 0.518535 0.592376 0.526369 0.599292 0.530453 0.615115 0.527567 0.609085 0.517181
0 0.436602 0.491725 0.431018 0.498373 0.435017 0.505732 0.453861 0.504107 0.452997 0.496469
0 0.121148 0.631100 0.122320 0.641591 0.131564 0.642366 0.131903 0.631748
0 0.782326 0.706718 0.779953 0.714741 0.797377 0.708761 0.795029 0.702647
0 0.563038 0.721198 0.565677 0.730310 0.581782 0.730691 0.571891 0.714344
0 0.555938 0.743415 0.558401 0.750987 0.581565 0.757090 0.576455 0.740387 0.567619 0.733270
