0 0.597024 0.588629 0.597447 0.620166 0.591779 0.620058 0.584311 0.626920 0.582421 0.626885 0.574952 0.633749 0.573061 0.633714 0.558113 0.647451 0.558138 0.649203 0.552531 0.654356 0.552556 0.656107 0.548817 0.659544 0.548843 0.661296 0.546973 0.663013 0.546998 0.664765 0.543260 0.668202 0.543285 0.669953 0.532064 0.680267 0.530167 0.680235 0.528296 0.681956 0.515014 0.681732 0.513142 0.683453 0.509344 0.683390 0.505493 0.679819 0.503592 0.679787 0.501666 0.678002 0.501640 0.676249 0.497784 0.672677 0.497757 0.670922 0.495830 0.669134 0.495803 0.667380 0.493875 0.665593 0.493848 0.663838 0.491919 0.662049 0.491811 0.655028 0.489881 0.653239 0.489827 0.649727 0.487897 0.647937 0.487843 0.644424 0.483981 0.640842 0.478267 0.640738 0.478103 0.630192 0.483818 0.630298 0.485696 0.628576 0.485669 0.626818 0.489422 0.623375 0.489395 0.621617 0.493149 0.618174 0.495052 0.618210 0.498805 0.614768 0.500708 0.614804 0.502583 0.613084 0.504486 0.613121 0.506361 0.611400 0.508263 0.611437 0.510138 0.609716 0.513941 0.609790 0.515815 0.608070 0.517716 0.608107 0.519590 0.606388 0.521491 0.606425 0.523365 0.604705 0.525264 0.604742 0.527137 0.603024 0.530937 0.603098 0.534682 0.599659 0.536581 0.599697 0.538454 0.597979 0.540351 0.598017 0.545967 0.592862 0.545891 0.587594
0 0.756904 0.958841 0.756959 0.964000 0.760707 0.967462 0.764417 0.967486 0.766289 0.969217 0.768144 0.969229 0.770016 0.970959 0.771869 0.970971 0.773741 0.972701 0.777447 0.972724 0.779318 0.974454 0.783022 0.974477 0.784891 0.976205 0.786742 0.976217 0.788611 0.977944 0.790461 0.977956 0.792330 0.979684 0.796030 0.979706 0.797898 0.981434 0.801597 0.981456 0.803462 0.983182 0.807160 0.983204 0.809024 0.984929 0.810872 0.984940 0.812736 0.986666 0.818278 0.986698 0.818473 1.000000 0.812933 1.000000 0.809271 1.000000 0.809288 1.000000 0.807458 1.000000 0.807474 1.000000 0.803812 1.000000 0.803829 1.000000 0.800167 1.000000 0.798319 1.000000 0.796487 1.000000 0.792790 1.000000 0.790957 1.000000 0.791008 1.000000 0.776208 1.000000 0.776138 1.000000 0.774270 1.000000 0.772417 1.000000 0.768679 1.000000 0.766826 1.000000 0.751849 1.000000 0.751831 1.000000 0.746209 1.000000 0.746191 0.998310 0.742440 0.994852 0.742422 0.993134 0.740545 0.991405 0.740508 0.987967 0.738631 0.986237 0.738612 0.984517 0.736736 0.982787 0.731161 0.982754 0.730895 0.958664
0 0.310418 0.053793 0.310518 0.059207 0.314478 0.062969 0.320318 0.063197 0.320877 0.093846 0.315041 0.093624 0.305476 0.102269 0.305509 0.104071 0.303563 0.103998 0.299735 0.107457 0.297787 0.107384 0.293959 0.110843 0.294060 0.116250 0.282367 0.115816 0.282265 0.110407 0.278296 0.106655 0.276344 0.106582 0.274360 0.104705 0.272409 0.104632 0.264462 0.097120 0.264427 0.095314 0.258462 0.089674 0.252600 0.089451 0.252318 0.074995 0.258182 0.075221 0.262021 0.071758 0.261986 0.069951 0.275415 0.057833 0.275312 0.052412
0 0.101713 0.103679 0.101834 0.109124 0.105864 0.112899 0.107839 0.112972 0.111865 0.116747 0.113839 0.116819 0.117864 0.120590 0.119836 0.120662 0.135919 0.135734 0.137887 0.135805 0.139895 0.137686 0.141864 0.137757 0.143872 0.139638 0.145839 0.139709 0.147846 0.141591 0.149813 0.141661 0.151818 0.143542 0.153785 0.143613 0.155791 0.145492 0.157756 0.145563 0.159760 0.147441 0.161726 0.147512 0.163729 0.149391 0.173551 0.149742 0.174043 0.173233 0.166189 0.172959 0.164263 0.174697 0.162299 0.174628 0.160372 0.176366 0.158408 0.176298 0.156482 0.178037 0.154516 0.177969 0.152589 0.179709 0.150624 0.179641 0.148697 0.181380 0.146730 0.181312 0.142875 0.184791 0.138940 0.184656 0.137013 0.186395 0.135044 0.186328 0.133115 0.188068 0.131147 0.188001 0.127289 0.191482 0.127407 0.196906 0.091929 0.195702 0.091807 0.190270 0.079714 0.178997 0.079509 0.169937 0.077492 0.168055 0.077451 0.166241 0.079386 0.164498 0.079139 0.153619 0.077122 0.151736 0.077040 0.148107 0.075021 0.146223 0.074979 0.144408 0.072960 0.142524 0.072919 0.140710 0.070900 0.138823 0.070858 0.137007 0.068839 0.135121 0.068798 0.133307 0.066776 0.131419 0.066735 0.129602 0.062693 0.125828 0.056752 0.125611 0.056417 0.111072 0.062360 0.111292 0.064299 0.109548 0.064133 0.102278
0 0.510016 0.346750 0.511601 0.452973 0.503973 0.452782 0.488920 0.466542 0.489002 0.471845 0.475632 0.471519 0.475521 0.464444 0.467764 0.457179 0.467708 0.453640 0.465768 0.451822 0.465684 0.446511 0.463744 0.444692 0.463632 0.437609 0.461690 0.435790 0.461578 0.428703 0.459636 0.426882 0.459579 0.423337 0.457636 0.421516 0.457551 0.416197 0.455607 0.414373 0.455579 0.412601 0.453636 0.410776 0.453607 0.409003 0.451663 0.407178 0.451635 0.405405 0.449689 0.403580 0.449633 0.400032 0.447687 0.398205 0.447658 0.396430 0.445713 0.394604 0.445684 0.392828 0.441791 0.389174 0.436034 0.389016 0.435745 0.371251 0.441504 0.371413 0.445284 0.367968 0.445255 0.366191 0.450925 0.361023 0.452843 0.361078 0.454731 0.359356 0.456649 0.359411 0.458539 0.357689 0.460455 0.357743 0.462344 0.356023 0.464260 0.356077 0.466148 0.354357 0.471896 0.354521 0.475670 0.351080 0.475588 0.345752
0 0.399972 0.186479 0.400062 0.191851 0.403983 0.195565 0.405913 0.195631 0.407873 0.197488 0.409803 0.197554 0.415677 0.203119 0.423388 0.203382 0.424005 0.240913 0.418227 0.240724 0.408740 0.249341 0.406812 0.249279 0.404914 0.251004 0.402987 0.250941 0.401088 0.252666 0.397230 0.252542 0.395331 0.254266 0.391473 0.254142 0.387673 0.257592 0.387764 0.262952 0.351046 0.261782 0.350950 0.256414 0.348982 0.254562 0.347047 0.254500 0.345080 0.252647 0.343143 0.252585 0.341174 0.250732 0.339237 0.250670 0.337267 0.248816 0.335330 0.248753 0.333360 0.246899 0.331421 0.246836 0.327479 0.243128 0.325540 0.243064 0.325507 0.241272 0.319589 0.235703 0.319556 0.233911 0.315609 0.230196 0.309783 0.230004 0.309319 0.204878 0.315147 0.205075 0.328506 0.192972 0.330447 0.193039 0.334262 0.189583 0.334165 0.184198
0 0.794912 0.488048 0.794963 0.493287 0.798729 0.496870 0.806190 0.497047 0.806341 0.512752 0.798882 0.512579 0.797035 0.514281 0.795169 0.514238 0.793320 0.515940 0.789587 0.515854 0.787739 0.517557 0.785871 0.517514 0.784023 0.519216 0.778421 0.519087 0.776570 0.520790 0.769096 0.520619 0.767209 0.518830 0.765340 0.518787 0.757786 0.511626 0.757768 0.509877 0.755879 0.508086 0.748391 0.507912 0.748168 0.486921
0 0.231582 0.310010 0.232225 0.342280 0.226378 0.342111 0.224463 0.343848 0.222512 0.343791 0.218685 0.347264 0.216734 0.347208 0.212904 0.350680 0.212940 0.352473 0.211026 0.354209 0.211062 0.356002 0.209146 0.357740 0.209219 0.361324 0.207304 0.363061 0.207523 0.373811 0.205609 0.375548 0.205645 0.377339 0.203730 0.379077 0.203876 0.386240 0.143251 0.384588 0.143058 0.375614 0.141059 0.373765 0.140981 0.370172 0.142903 0.368432 0.142825 0.364840 0.144747 0.363098 0.144669 0.359507 0.146592 0.357766 0.146553 0.355970 0.148475 0.354229 0.148398 0.350636 0.150319 0.348894 0.150243 0.345302 0.152165 0.343561 0.152126 0.341765 0.159812 0.334803 0.159774 0.333007 0.161733 0.333064 0.171336 0.324367 0.173294 0.324425 0.180973 0.317469 0.182929 0.317527 0.186768 0.314050 0.186657 0.308661
0 0.848736 0.676956 0.848782 0.682151 0.863715 0.696241 0.865566 0.696271 0.869294 0.699791 0.874841 0.699882 0.875073 0.727524 0.858433 0.727268 0.839766 0.709688 0.837912 0.709659 0.834173 0.706139 0.830465 0.706080 0.824851 0.700795 0.822996 0.700765 0.808010 0.686658 0.802435 0.686564 0.802334 0.676158
0 0.939777 0.498486 0.939927 0.519322 0.934387 0.519194 0.932554 0.520888 0.930707 0.520846 0.928873 0.522539 0.927026 0.522497 0.923356 0.525885 0.919660 0.525800 0.917825 0.527494 0.915975 0.527452 0.910469 0.532537 0.910509 0.537747 0.892005 0.537333 0.891963 0.532120 0.880761 0.521435 0.875199 0.521308 0.875126 0.512607 0.880689 0.512737 0.884368 0.509344 0.886221 0.509387 0.888061 0.507691 0.889915 0.507735 0.891753 0.506039 0.893605 0.506083 0.897282 0.502691 0.897240 0.497472
0 0.563399 0.888164 0.563742 0.912463 0.554319 0.912383 0.550596 0.915823 0.550671 0.921029 0.543128 0.920968 0.543053 0.915760 0.537315 0.910504 0.535428 0.910488 0.533514 0.908734 0.527848 0.908686 0.527541 0.887829
0 0.590096 0.071939 0.590575 0.107638 0.584853 0.107421 0.581085 0.110846 0.581133 0.114414 0.579249 0.116127 0.579273 0.117910 0.577388 0.119622 0.577412 0.121407 0.575529 0.123120 0.575553 0.124903 0.573668 0.126615 0.573717 0.130182 0.569949 0.133610 0.569974 0.135392 0.568089 0.137105 0.564270 0.136965 0.562385 0.138679 0.560474 0.138609 0.558538 0.136755 0.556628 0.136685 0.554691 0.134831 0.552781 0.134761 0.552755 0.132977 0.550818 0.131121 0.550793 0.129335 0.548856 0.127480 0.548780 0.122125 0.546843 0.120267 0.546691 0.109551 0.548578 0.107837 0.548451 0.098903 0.550339 0.097189 0.550313 0.095401 0.552202 0.093688 0.552151 0.090112 0.563476 0.079832 0.565388 0.079906 0.569162 0.076480 0.569088 0.071118
0 0.935615 0.939546 0.935652 0.944674 0.937496 0.946398 0.942992 0.946438 0.943249 0.982302 0.935927 0.982258 0.934108 0.983954 0.932277 0.983943 0.928639 0.987336 0.928677 0.992458 0.912182 0.992366 0.912143 0.987241 0.908446 0.983802 0.906612 0.983792 0.904764 0.982072 0.902928 0.982061 0.901078 0.980340 0.899242 0.980329 0.889989 0.971721 0.889975 0.970011 0.888124 0.968288 0.888110 0.966577 0.886258 0.964854 0.886244 0.963142 0.884391 0.961418 0.878874 0.961381 0.878802 0.952820 0.884320 0.952859 0.891618 0.946063 0.891563 0.939213
0 0.939178 0.414985 0.939353 0.439365 0.919004 0.438836 0.917166 0.440529 0.906052 0.440241 0.904212 0.441936 0.904253 0.447164 0.893130 0.446878 0.893088 0.441648 0.891220 0.439856 0.881942 0.439615 0.881799 0.422166 0.887368 0.422314 0.891052 0.418923 0.891010 0.413688
0 0.094700 0.841384 0.095779 0.889102 0.070413 0.888871 0.070291 0.883567 0.064308 0.878208 0.062353 0.878190 0.060357 0.876402 0.058402 0.876383 0.056406 0.874595 0.054451 0.874576 0.052453 0.872788 0.050496 0.872769 0.046501 0.869191 0.046418 0.865651 0.044418 0.863861 0.044293 0.858548 0.046210 0.856797 0.046127 0.853256 0.053789 0.846253 0.053665 0.840939
0 0.631735 0.350277 0.632071 0.376752 0.626393 0.376593 0.624522 0.378305 0.624590 0.383597 0.609435 0.383177 0.609366 0.377881 0.603608 0.372425 0.601711 0.372371 0.599790 0.370551 0.599766 0.368785 0.597846 0.366963 0.597799 0.363429 0.595877 0.361607 0.597752 0.359895 0.597705 0.356360 0.599578 0.354647 0.599508 0.349343
0 0.731566 0.339097 0.731624 0.344377 0.735423 0.348006 0.742936 0.348225 0.744834 0.350039 0.752344 0.350258 0.752585 0.373105 0.715010 0.372043 0.714931 0.365004 0.709225 0.359563 0.701694 0.359347 0.701452 0.338209
0 0.873548 0.545611 0.873665 0.559513 0.866249 0.559354 0.862569 0.562750 0.860714 0.562710 0.857033 0.566107 0.855178 0.566067 0.853338 0.567767 0.851481 0.567727 0.849640 0.569426 0.847784 0.569386 0.844101 0.572785 0.844148 0.578000 0.816267 0.577419 0.816070 0.556532 0.823512 0.556693 0.825357 0.554993 0.827216 0.555033 0.832748 0.549933 0.832700 0.544710
0 0.437146 0.101840 0.437552 0.126944 0.412469 0.126019 0.410508 0.124153 0.406644 0.124010 0.404681 0.122145 0.402749 0.122073 0.398823 0.118340 0.393021 0.118124 0.392899 0.110941 0.400636 0.111230 0.402538 0.109507 0.402508 0.107711 0.404411 0.105988 0.404320 0.100600
0 1.000000 0.313491 1.000000 0.320458 1.000000 0.340210 1.000000 0.340429 1.000000 0.369968 1.000000 0.369758 1.000000 0.371443 1.000000 0.373179 1.000000 0.374863 1.000000 0.376601 1.000000 0.379971 1.000000 0.381708 1.000000 0.388448 1.000000 0.390185 1.000000 0.398615 1.000000 0.400351 1.000000 0.403724 1.000000 0.405461 1.000000 0.418956 1.000000 0.420692 1.000000 0.420643 1.000000 0.424018 1.000000 0.429227 0.990936 0.428545 0.990903 0.423331 0.985344 0.417967 0.983500 0.417918 0.981646 0.416128 0.977957 0.416029 0.968677 0.407077 0.968665 0.405337 0.963092 0.399961 0.955704 0.399758 0.955488 0.368382 0.962881 0.368594 0.970222 0.361832 0.972070 0.361885 0.977574 0.356815 0.979420 0.356869 0.981255 0.355179 0.983100 0.355233 0.984935 0.353544 0.986779 0.353598 0.988613 0.351908 0.990458 0.351962 0.992292 0.350274 0.992259 0.345045 0.994092 0.343356 0.994049 0.336382 0.995882 0.334694 0.995872 0.332950 0.999539 0.329573 1.000000 0.329629 1.000000 0.322878 1.000000 0.322934 1.000000 0.319559 1.000000 0.312585
0 0.337140 0.134026 0.337625 0.160988 0.329861 0.160712 0.327951 0.162440 0.328049 0.167831 0.304733 0.167009 0.304633 0.161613 0.300675 0.157877 0.298729 0.157808 0.294769 0.154070 0.294735 0.152270 0.290773 0.148531 0.284931 0.148321 0.284760 0.139316 0.290604 0.139528 0.292518 0.137797 0.292417 0.132394
0 0.531788 0.269322 0.532174 0.295969 0.526447 0.295793 0.524562 0.297509 0.524640 0.302836 0.490222 0.301783 0.490113 0.294672 0.488172 0.292834 0.486256 0.292774 0.484312 0.290936 0.484258 0.287377 0.482315 0.285539 0.482205 0.278420 0.484094 0.276701 0.483957 0.267800
0 0.277485 0.268400 0.277930 0.291707 0.272095 0.291528 0.270185 0.293260 0.268240 0.293200 0.264418 0.296667 0.264522 0.302043 0.237254 0.301216 0.237147 0.295834 0.229202 0.288415 0.229130 0.284824 0.227142 0.282968 0.226999 0.275784 0.228915 0.274049 0.228772 0.266863
0 0.354246 0.441913 0.354372 0.449023 0.356332 0.450849 0.358260 0.450898 0.360218 0.452722 0.366000 0.452866 0.366436 0.477723 0.356805 0.477491 0.354908 0.479219 0.341410 0.478895 0.339514 0.480625 0.316342 0.480070 0.314375 0.478245 0.312443 0.478198 0.310477 0.476374 0.310444 0.474595 0.306510 0.470946 0.306477 0.469166 0.304509 0.467340 0.298704 0.467199 0.298202 0.440491
0 0.937722 0.212143 0.937911 0.238456 0.932343 0.238270 0.930500 0.239962 0.928643 0.239900 0.926800 0.241593 0.923086 0.241469 0.921241 0.243161 0.897074 0.242357 0.895198 0.240540 0.893338 0.240478 0.891462 0.238659 0.891448 0.236902 0.889572 0.235084 0.889487 0.224542 0.893183 0.221153 0.893169 0.219396 0.896865 0.216009 0.896823 0.210736
0 0.538403 0.198402 0.538889 0.232227 0.496801 0.230830 0.496693 0.223701 0.494750 0.221855 0.492833 0.221791 0.492806 0.220009 0.490861 0.218161 0.490807 0.214594 0.488863 0.212746 0.488808 0.209179 0.490698 0.207460 0.490535 0.196755
0 0.937167 0.134813 0.937356 0.161199 0.929922 0.160930 0.928076 0.162621 0.928114 0.167897 0.892748 0.166622 0.892706 0.161340 0.890827 0.159511 0.890799 0.155989 0.888921 0.154159 0.888907 0.152397 0.890757 0.150703 0.890728 0.147179 0.898131 0.140406 0.898075 0.133357
0 0.709884 0.083730 0.709944 0.089062 0.711855 0.090912 0.719418 0.091204 0.719713 0.117841 0.704592 0.117272 0.704531 0.111944 0.700707 0.108247 0.698816 0.108176 0.696902 0.106326 0.695010 0.106254 0.693096 0.104406 0.691202 0.104334 0.689288 0.102485 0.687394 0.102412 0.685479 0.100561 0.681690 0.100417 0.679775 0.098566 0.675984 0.098421 0.674066 0.096569 0.672169 0.096497 0.670252 0.094644 0.668355 0.094571 0.662599 0.089013 0.662513 0.081890
0 0.727143 0.619160 0.727200 0.624387 0.729090 0.626166 0.730960 0.626201 0.732851 0.627979 0.734720 0.628015 0.740386 0.633344 0.747861 0.633484 0.748158 0.661321 0.740688 0.661189 0.731439 0.669723 0.731458 0.671462 0.727759 0.674876 0.725888 0.674844 0.724038 0.676552 0.710942 0.676328 0.709050 0.674554 0.707178 0.674522 0.705286 0.672749 0.705266 0.671008 0.699586 0.665686 0.699566 0.663944 0.697671 0.662170 0.697651 0.660427 0.695757 0.658651 0.695737 0.656909 0.690052 0.651580 0.690031 0.649837 0.688134 0.648059 0.688114 0.646315 0.686218 0.644538 0.686197 0.642794 0.682403 0.639236 0.682382 0.637491 0.680484 0.635712 0.680463 0.633967 0.678564 0.632187 0.678543 0.630441 0.676645 0.628661 0.676624 0.626916 0.672826 0.623352 0.667189 0.623244 0.667125 0.618005
0 0.681899 0.118195 0.682380 0.159042 0.674807 0.158769 0.669187 0.163891 0.667293 0.163823 0.663546 0.167239 0.663610 0.172565 0.644647 0.171891 0.644581 0.166561 0.640741 0.162872 0.636943 0.162736 0.631177 0.157197 0.631154 0.155420 0.629232 0.153573 0.623530 0.153367 0.623462 0.148030 0.629164 0.148237 0.631041 0.146528 0.631019 0.144749 0.632897 0.143040 0.632875 0.141260 0.636630 0.137842 0.636607 0.136063 0.644116 0.129227 0.646016 0.129297 0.653521 0.122464 0.653455 0.117128
0 0.613350 0.101372 0.613604 0.120974 0.605988 0.120690 0.604107 0.122401 0.604131 0.124184 0.600368 0.127605 0.600391 0.129387 0.592863 0.136234 0.589051 0.136093 0.587121 0.134242 0.585214 0.134172 0.583282 0.132318 0.577558 0.132107 0.577291 0.112487 0.584925 0.112774 0.586808 0.111061 0.586784 0.109278 0.588667 0.107566 0.588571 0.100429
0 0.156421 0.451206 0.156650 0.461941 0.158643 0.463779 0.158872 0.474508 0.160865 0.476343 0.160979 0.481706 0.162972 0.483540 0.163085 0.488901 0.165076 0.490733 0.165152 0.494306 0.167142 0.496137 0.167180 0.497924 0.169171 0.499756 0.169209 0.501541 0.171198 0.503372 0.171273 0.506941 0.173263 0.508772 0.173301 0.510556 0.175290 0.512385 0.175328 0.514169 0.179303 0.517827 0.179340 0.519610 0.183316 0.523265 0.189163 0.523395 0.189719 0.550127 0.183875 0.550002 0.181963 0.551743 0.182074 0.557087 0.141092 0.556222 0.140976 0.550870 0.134995 0.545392 0.129126 0.545266 0.127953 0.491650 0.133827 0.491787 0.137664 0.488303 0.137548 0.482937 0.139466 0.481195 0.139427 0.479405 0.141346 0.477663 0.141269 0.474085 0.143188 0.472343 0.143149 0.470553 0.145067 0.468812 0.145028 0.467023 0.146946 0.465281 0.146907 0.463492 0.148826 0.461750 0.148788 0.459960 0.150706 0.458219 0.150553 0.451060
0 0.618137 0.469722 0.618480 0.496098 0.609025 0.495875 0.608955 0.490599 0.607040 0.488795 0.603255 0.488704 0.597504 0.483291 0.597316 0.469210
0 0.896662 0.657033 0.896773 0.670868 0.891232 0.670771 0.889398 0.672469 0.887550 0.672437 0.882049 0.677529 0.882091 0.682717 0.874696 0.682591 0.874653 0.677401 0.870924 0.673877 0.869074 0.673845 0.859745 0.665029 0.854188 0.664931 0.854113 0.656269
0 0.229288 0.194966 0.229934 0.227370 0.218210 0.226983 0.216292 0.228720 0.212381 0.228591 0.210462 0.230326 0.210572 0.235727 0.204703 0.235535 0.204593 0.230133 0.202600 0.228269 0.200642 0.228204 0.198648 0.226338 0.194733 0.226209 0.192737 0.224342 0.190779 0.224277 0.186786 0.220543 0.186749 0.218741 0.182754 0.215005 0.176873 0.214809 0.176685 0.205790 0.182567 0.205988 0.186413 0.202515 0.186375 0.200711 0.188299 0.198974 0.188187 0.193562
0 0.454851 0.486925 0.454964 0.493998 0.468542 0.506682 0.474273 0.506814 0.474604 0.527998 0.426794 0.526928 0.426677 0.519856 0.422786 0.516232 0.415117 0.516057 0.414763 0.494820 0.420516 0.494956 0.424293 0.491506 0.424205 0.486195
0 0.626152 0.505060 0.626423 0.526129 0.620756 0.526002 0.618890 0.527715 0.615111 0.527630 0.613245 0.529343 0.603791 0.529131 0.601876 0.527332 0.598092 0.527247 0.596177 0.525447 0.590499 0.525319 0.590356 0.514772 0.597928 0.514946 0.601665 0.511518 0.601572 0.504487
0 0.374261 0.485004 0.375094 0.532852 0.326942 0.531787 0.326845 0.526466 0.320958 0.521013 0.319027 0.520970 0.317063 0.519151 0.315131 0.519107 0.313167 0.517288 0.313134 0.515513 0.307239 0.510052 0.299505 0.509875 0.299005 0.483210
0 0.986466 0.009914 0.986533 0.020500 0.988400 0.022341 0.988411 0.024105 0.990278 0.025945 0.995842 0.026175 0.995993 0.050846 0.984866 0.050396 0.984833 0.045110 0.982967 0.043271 0.979255 0.043120 0.977387 0.041282 0.971817 0.041055 0.969948 0.039216 0.964373 0.038988 0.962504 0.037147 0.960645 0.037071 0.958774 0.035230 0.958762 0.033465 0.955019 0.029782 0.954970 0.022719 0.962361 0.015965 0.962314 0.008901
0 0.803141 0.179285 0.803513 0.218103 0.788511 0.217592 0.786616 0.215763 0.784740 0.215699 0.782845 0.213871 0.780968 0.213807 0.780950 0.212043 0.779054 0.210213 0.779036 0.208447 0.777141 0.206617 0.777052 0.197787 0.775156 0.195956 0.774978 0.178286
0 0.763087 0.661586 0.763359 0.687644 0.744704 0.687331 0.744648 0.682118 0.738990 0.676808 0.737121 0.676776 0.735233 0.675005 0.727759 0.674876 0.727720 0.671397 0.733327 0.671494 0.737027 0.668081 0.736951 0.661123
0 0.702044 0.225264 0.702105 0.230570 0.704012 0.232403 0.709674 0.232592 0.711580 0.234423 0.728547 0.234989 0.730450 0.236817 0.736100 0.237005 0.736272 0.252898 0.728740 0.252652 0.723148 0.257765 0.723168 0.259530 0.721283 0.259469 0.710093 0.269702 0.708207 0.269641 0.702610 0.274758 0.700724 0.274698 0.698857 0.276404 0.696971 0.276344 0.693236 0.279757 0.691350 0.279697 0.689482 0.281405 0.689544 0.286704 0.670654 0.286112 0.670591 0.280809 0.668679 0.278980 0.664897 0.278861 0.662985 0.277033 0.653523 0.276733 0.651608 0.274903 0.645928 0.274723 0.644012 0.272894 0.640223 0.272773 0.638305 0.270942 0.632618 0.270760 0.632326 0.247731 0.638015 0.247917 0.641762 0.244498 0.641696 0.239181 0.643570 0.237472 0.643526 0.233928 0.645399 0.232219 0.645288 0.223355
0 0.140373 0.792401 0.141027 0.822458 0.131297 0.822346 0.129389 0.824092 0.127441 0.824069 0.125533 0.825814 0.121638 0.825770 0.119729 0.827517 0.115831 0.827472 0.113922 0.829219 0.111974 0.829197 0.110064 0.830943 0.108113 0.830922 0.106204 0.832668 0.104254 0.832646 0.102343 0.834394 0.100392 0.834372 0.098482 0.836120 0.094580 0.836077 0.092669 0.837824 0.086812 0.837760 0.084900 0.839508 0.082947 0.839487 0.081035 0.841236 0.081157 0.846545 0.073343 0.846462 0.073221 0.841151 0.065238 0.833982 0.063281 0.833960 0.063240 0.832189 0.057247 0.826808 0.049417 0.826719 0.049209 0.817855 0.057040 0.817946 0.064704 0.810947 0.066660 0.810971 0.068574 0.809221 0.070531 0.809244 0.072446 0.807496 0.074401 0.807520 0.078229 0.804021 0.080185 0.804045 0.082098 0.802297 0.086006 0.802345 0.087919 0.800598 0.089873 0.800622 0.093698 0.797125 0.093578 0.791810
0 0.988807 0.087523 0.988972 0.113906 0.963012 0.112916 0.962918 0.098834 0.964762 0.097146 0.964750 0.095386 0.966595 0.093697 0.966548 0.086653
1 0.594977 0.995773 0.597041 1.000000 0.462553 0.850606 0.438908 0.799665 0.417673 0.783638 0.474348 0.633636
1 0.744034 0.798284 0.730152 0.891443 0.720955 0.901713 0.634895 0.746473 0.665025 0.753864
1 1.000000 0.631507 1.000000 0.638369 0.876705 0.701640 0.749728 0.633519 0.811147 0.625986
1 1.000000 0.156210 1.000000 0.511911 1.000000 0.422330 0.985344 0.417967 0.964950 0.401753 0.953663 0.371816 0.922027 0.348210 0.951523 0.329873 0.955104 0.312514 0.975308 0.292175 1.000000 0.238795 1.000000 0.199831 1.000000 0.193493 1.000000 0.188452 1.000000 0.177845 1.000000 0.176758
1 0.766786 0.112524 0.784055 0.146796 0.548108 0.209413 0.552755 0.132977 0.573644 0.124832 0.577218 0.107133 0.576925 0.085709 0.559702 0.083258 0.570654 0.046159 0.595297 0.032850 0.686459 0.022290
1 0.383913 0.598439 0.390094 0.623259 0.378676 0.628337 0.002522 0.671332 0.000000 0.660481 0.000000 0.614102 0.358439 0.569651 0.375772 0.571778
1 0.140417 0.434695 0.150207 0.434944 0.150553 0.451060 0.128305 0.507746 0.112872 0.518119 0.042523 0.532663 0.042313 0.523703
1 0.099986 0.467720 0.042313 0.523703 0.024792 0.532276 0.000000 0.510359
0 0.843517 0.714937 0.849150 0.723670 0.839953 0.730442 0.819463 0.719749 0.826739 0.704288
0 0.532166 0.687272 0.530398 0.695995 0.507577 0.692120 0.507471 0.685110
0 0.244178 0.747861 0.248184 0.754975 0.216295 0.803939 0.206615 0.803821 0.171182 0.778652 0.178727 0.768147 0.220955 0.747529
0 0.299074 0.692225 0.299507 0.715166 0.280155 0.711336 0.279918 0.698976
0 0.308863 0.284834 0.324648 0.290982 0.320731 0.300293 0.303038 0.301642 0.307590 0.289829
0 0.302897 0.294088 0.293940 0.289408 0.293043 0.278046 0.298389 0.271916 0.309335 0.273520 0.310193 0.282988 0.305557 0.290394
