0 0.348438 0.434375 0.348438 0.440625 0.346875 0.442188 0.340625 0.442188 0.340625 0.471875 0.346875 0.471875 0.351562 0.476562 0.353125 0.476562 0.354687 0.478125 0.356250 0.478125 0.359375 0.481250 0.360938 0.481250 0.362500 0.482812 0.364063 0.482812 0.365625 0.484375 0.367188 0.484375 0.368750 0.485938 0.371875 0.485938 0.373437 0.487500 0.378125 0.487500 0.379688 0.489063 0.389062 0.489063 0.390625 0.487500 0.398438 0.487500 0.400000 0.485938 0.403125 0.485938 0.406250 0.482812 0.407813 0.482812 0.415625 0.475000 0.420312 0.475000 0.420312 0.451562 0.414062 0.451562 0.412500 0.450000 0.410938 0.450000 0.406250 0.445312 0.404687 0.445312 0.401562 0.442188 0.400000 0.442188 0.396875 0.439063 0.396875 0.434375
0 0.576562 0.365625 0.576562 0.370312 0.571875 0.375000 0.570312 0.375000 0.568750 0.376563 0.567187 0.376563 0.565625 0.378125 0.564063 0.378125 0.560937 0.381250 0.559375 0.381250 0.557813 0.382812 0.553125 0.382812 0.553125 0.406250 0.559375 0.406250 0.562500 0.409375 0.562500 0.414062 0.620313 0.414062 0.620313 0.407813 0.623437 0.404687 0.623437 0.401562 0.625000 0.400000 0.625000 0.393750 0.626563 0.392188 0.626563 0.389062 0.628125 0.387500 0.632812 0.387500 0.632812 0.373437 0.628125 0.373437 0.626563 0.371875 0.626563 0.365625
0 0.678125 0.290625 0.678125 0.295312 0.676562 0.296875 0.671875 0.296875 0.671875 0.325000 0.678125 0.325000 0.682813 0.329688 0.684375 0.329688 0.685937 0.331250 0.687500 0.331250 0.689063 0.332813 0.693750 0.332813 0.696875 0.335938 0.698438 0.335938 0.700000 0.337500 0.715625 0.337500 0.717187 0.335938 0.721875 0.335938 0.725000 0.332813 0.726562 0.332813 0.729688 0.329688 0.731250 0.329688 0.739062 0.321875 0.740625 0.321875 0.746875 0.315625 0.751563 0.315625 0.751563 0.304688 0.746875 0.304688 0.742188 0.300000 0.740625 0.300000 0.737500 0.296875 0.737500 0.290625
0 0.146875 0.359375 0.146875 0.373437 0.153125 0.373437 0.154688 0.375000 0.156250 0.375000 0.157812 0.376563 0.159375 0.376563 0.160938 0.378125 0.160938 0.382812 0.201563 0.382812 0.201563 0.371875 0.196875 0.371875 0.193750 0.368750 0.193750 0.367188 0.192188 0.365625 0.192188 0.359375
0 0.828125 0.759375 0.828125 0.779687 0.834375 0.779687 0.835938 0.781250 0.837500 0.781250 0.843750 0.787500 0.845313 0.787500 0.848437 0.790625 0.848437 0.795312 0.854688 0.795312 0.854688 0.790625 0.857812 0.787500 0.859375 0.787500 0.860938 0.785937 0.862500 0.785937 0.862500 0.784375 0.865625 0.781250 0.870313 0.781250 0.870313 0.771875 0.865625 0.771875 0.862500 0.768750 0.862500 0.767188 0.859375 0.764062 0.859375 0.759375
0 0.764062 0.328125 0.764062 0.332813 0.759375 0.337500 0.753125 0.337500 0.753125 0.364063 0.795312 0.364063 0.795312 0.335938 0.790625 0.335938 0.789062 0.334375 0.789062 0.328125
0 0.759375 0.559375 0.759375 0.575000 0.765625 0.575000 0.770312 0.579688 0.771875 0.579688 0.782813 0.590625 0.782813 0.595313 0.795312 0.595313 0.795312 0.559375
0 0.115625 0.328125 0.115625 0.345313 0.121875 0.345313 0.125000 0.348438 0.126562 0.348438 0.128125 0.350000 0.129688 0.350000 0.132812 0.353125 0.134375 0.353125 0.137500 0.356250 0.154688 0.356250 0.156250 0.354687 0.179688 0.354687 0.181250 0.356250 0.189062 0.356250 0.189062 0.345313 0.182812 0.345313 0.181250 0.343750 0.179688 0.343750 0.178125 0.342187 0.176563 0.342187 0.173437 0.339062 0.171875 0.339062 0.170313 0.337500 0.167187 0.337500 0.165625 0.335938 0.164062 0.335938 0.160938 0.332813 0.160938 0.328125
0 0.156250 0.546875 0.156250 0.551562 0.154688 0.553125 0.154688 0.554688 0.145313 0.564063 0.145313 0.565625 0.121875 0.589063 0.115625 0.589063 0.115625 0.610938 0.121875 0.610938 0.123438 0.612500 0.143750 0.612500 0.145313 0.610938 0.148438 0.610938 0.157812 0.601562 0.157812 0.600000 0.159375 0.598437 0.159375 0.596875 0.160938 0.595313 0.160938 0.593750 0.162500 0.592187 0.162500 0.590625 0.164062 0.589063 0.164062 0.587500 0.165625 0.585938 0.165625 0.584375 0.168750 0.581250 0.168750 0.579688 0.171875 0.576562 0.171875 0.575000 0.173437 0.573438 0.173437 0.570312 0.176563 0.567187 0.176563 0.565625 0.178125 0.564063 0.178125 0.562500 0.181250 0.559375 0.181250 0.557813 0.184375 0.554688 0.189062 0.554688 0.189062 0.546875
0 0.379688 0.559375 0.379688 0.564063 0.375000 0.568750 0.373437 0.568750 0.368750 0.573438 0.367188 0.573438 0.364063 0.576562 0.359375 0.576562 0.359375 0.596875 0.364063 0.596875 0.371875 0.604688 0.373437 0.604688 0.379688 0.610938 0.381250 0.610938 0.382812 0.612500 0.404687 0.612500 0.406250 0.610938 0.407813 0.610938 0.421875 0.596875 0.426563 0.596875 0.426563 0.573438 0.420312 0.573438 0.412500 0.565625 0.412500 0.559375
0 0.953125 0.659375 0.953125 0.682813 0.976562 0.682813 0.976562 0.659375
0 0.259375 0.240625 0.259375 0.276562 0.290625 0.276562 0.290625 0.271875 0.293750 0.268750 0.295312 0.268750 0.296875 0.267188 0.298438 0.267188 0.298438 0.265625 0.303125 0.260937 0.304688 0.260937 0.306250 0.259375 0.306250 0.257812 0.307812 0.256250 0.307812 0.254688 0.309375 0.253125 0.314063 0.253125 0.314063 0.240625
0 0.970313 0.534375 0.970313 0.540625 0.967187 0.543750 0.965625 0.543750 0.964063 0.545312 0.959375 0.545312 0.959375 0.573438 0.965625 0.573438 0.976562 0.584375 0.976562 0.589063 0.989062 0.589063 0.989062 0.579688 0.990625 0.578125 0.990625 0.567187 0.992188 0.565625 0.992188 0.559375 0.993750 0.557813 0.993750 0.554688 0.995313 0.553125 0.998437 0.553125 0.998437 0.534375
0 0.609375 0.615625 0.609375 0.639062 0.623437 0.639062 0.623437 0.634375 0.626563 0.631250 0.632812 0.631250 0.632812 0.615625
0 0.528125 0.521875 0.528125 0.550000 0.535937 0.550000 0.539062 0.553125 0.539062 0.557813 0.546875 0.557813 0.546875 0.553125 0.556250 0.543750 0.556250 0.542188 0.562500 0.535937 0.562500 0.534375 0.564063 0.532813 0.570312 0.532813 0.570312 0.521875
0 0.335938 0.596875 0.335938 0.603125 0.334375 0.604688 0.332813 0.604688 0.329688 0.607812 0.328125 0.607812 0.323437 0.612500 0.321875 0.612500 0.320312 0.614062 0.315625 0.614062 0.315625 0.646875 0.321875 0.646875 0.323437 0.648438 0.351562 0.648438 0.353125 0.650000 0.364063 0.650000 0.367188 0.646875 0.368750 0.646875 0.381250 0.634375 0.382812 0.634375 0.384375 0.632812 0.389062 0.632812 0.389062 0.617188 0.382812 0.617188 0.373437 0.607812 0.371875 0.607812 0.365625 0.601562 0.365625 0.596875
0 0.190625 0.271875 0.190625 0.295312 0.195312 0.295312 0.195312 0.290625 0.196875 0.289062 0.200000 0.289062 0.201563 0.287500 0.212500 0.287500 0.214062 0.285938 0.215625 0.285938 0.217188 0.284375 0.218750 0.284375 0.218750 0.282813 0.221875 0.279687 0.226562 0.279687 0.226562 0.271875
0 0.821875 0.378125 0.821875 0.382812 0.820312 0.384375 0.817187 0.384375 0.815625 0.385937 0.809375 0.385937 0.809375 0.393750 0.815625 0.393750 0.817187 0.395313 0.818750 0.395313 0.820312 0.396875 0.821875 0.396875 0.823438 0.398438 0.826562 0.398438 0.828125 0.400000 0.831250 0.400000 0.832812 0.401562 0.835938 0.401562 0.837500 0.403125 0.843750 0.403125 0.845313 0.404687 0.856250 0.404687 0.857812 0.403125 0.868750 0.403125 0.870313 0.401562 0.887500 0.401562 0.887500 0.400000 0.890625 0.396875 0.895312 0.396875 0.890625 0.396875 0.882812 0.389062 0.881250 0.389062 0.875000 0.382812 0.875000 0.378125
0 0.653125 0.396875 0.653125 0.412500 0.667188 0.412500 0.668750 0.410938 0.676562 0.410938 0.676562 0.396875
0 0.971875 0.578125 0.971875 0.582812 0.976562 0.582812 0.976562 0.578125 0.971875 0.578125 0.953125 0.564063 0.953125 0.562500 0.954688 0.560937 0.954688 0.557813 0.956250 0.556250 0.956250 0.553125 0.957812 0.551562 0.957812 0.548438 0.959375 0.546875 0.959375 0.545312 0.967187 0.537500 0.967187 0.535937 0.968750 0.534375 0.968750 0.532813 0.967187 0.531250 0.967187 0.521875 0.942187 0.521875 0.942187 0.528125 0.940625 0.529687 0.934375 0.529687 0.934375 0.554688 0.940625 0.554688 0.946875 0.560937 0.948438 0.560937 0.951562 0.564063 0.953125 0.564063
0 0.796875 0.715625 0.796875 0.726562 0.806250 0.726562 0.806250 0.715625
0 0.665625 0.359375 0.665625 0.376563 0.679688 0.376563 0.679688 0.371875 0.682813 0.368750 0.689063 0.368750 0.689063 0.359375
0 0.903125 0.359375 0.903125 0.376563 0.907813 0.376563 0.909375 0.378125 0.909375 0.382812 0.932813 0.382812 0.932813 0.367188 0.934375 0.365625 0.939063 0.365625 0.939063 0.359375
0 0.878125 0.490625 0.878125 0.510938 0.887500 0.510938 0.889062 0.512500 0.898438 0.512500 0.900000 0.514062 0.901563 0.514062 0.903125 0.512500 0.904687 0.512500 0.906250 0.510938 0.907813 0.510938 0.909375 0.509375 0.914062 0.509375 0.914062 0.490625
0 0.903125 0.353125 0.903125 0.370312 0.929688 0.370312 0.929688 0.364063 0.931250 0.362500 0.931250 0.360938 0.932813 0.359375 0.932813 0.353125
0 0.821875 0.378125 0.821875 0.382812 0.820312 0.384375 0.817187 0.384375 0.815625 0.385937 0.809375 0.385937 0.809375 0.393750 0.815625 0.393750 0.817187 0.395313 0.818750 0.395313 0.820312 0.396875 0.821875 0.396875 0.823438 0.398438 0.825000 0.398438 0.826562 0.400000 0.829688 0.400000 0.831250 0.401562 0.835938 0.401562 0.837500 0.403125 0.839063 0.403125 0.840625 0.404687 0.860938 0.404687 0.862500 0.403125 0.868750 0.403125 0.870313 0.401562 0.884375 0.401562 0.889062 0.396875 0.884375 0.392188 0.884375 0.390625 0.882812 0.389062 0.881250 0.389062 0.875000 0.382812 0.875000 0.378125
0 0.921875 0.596875 0.921875 0.607812 0.934375 0.607812 0.937500 0.604688 0.937500 0.596875
0 0.483128 0.392802 0.502144 0.391613 0.515813 0.383294 0.513436 0.367844 0.497391 0.357147 0.480752 0.355364 0.465895 0.373192 0.470648 0.384483 0.478969 0.390425
0 0.520566 0.370220 0.525320 0.356552 0.518784 0.340508 0.509275 0.331000 0.519972 0.319708 0.528292 0.317331 0.546119 0.319114 0.552656 0.325652 0.546119 0.333377 0.540770 0.338130 0.538987 0.344667 0.535423 0.355958 0.534828 0.363683 0.537800 0.372003 0.533641 0.373786 0.522944 0.372597
0 0.541959 0.336348 0.544336 0.341695 0.542553 0.353581 0.537800 0.360117 0.534828 0.358334 0.537800 0.346450
0 0.837303 0.415383 0.842652 0.408847 0.861073 0.406470 0.890192 0.400527 0.904455 0.404687 0.911586 0.414789 0.909208 0.421920 0.894352 0.424892 0.863452 0.421920 0.852159 0.420137
0 0.243050 0.525320 0.246616 0.522348 0.248992 0.522348 0.250181 0.525320 0.247803 0.527697
0 0.720830 0.508088 0.726178 0.505116 0.727367 0.505116 0.732716 0.507492 0.733309 0.512247 0.729744 0.513436
1 0.177088 0.576427 0.224034 0.452227 0.279300 0.451633 0.230570 0.585341
1 0.309606 0.374380 0.316738 0.333970 0.364872 0.323869 0.355364 0.385670
1 0.354770 0.391613 0.381511 0.243050 0.396367 0.238891 0.420137 0.241267 0.443314 0.249586 0.448067 0.252558 0.426675 0.398150 0.421920 0.401122 0.409441 0.399339 0.386266 0.397556
1 0.381511 0.400527 0.592470 0.411817 0.572267 0.439153 0.398744 0.433211
1 0.467678 0.437966 0.661405 0.449256 0.663781 0.454605 0.663188 0.464706 0.659622 0.477186 0.656056 0.485505 0.655462 0.487287 0.465895 0.477780 0.462923 0.472431 0.463519 0.460547 0.465300 0.448661
1 0.560381 0.485505 0.560975 0.490259 0.560975 0.500363 0.560975 0.509870 0.558005 0.518189 0.559787 0.518784 0.741034 0.528886 0.742223 0.521161 0.746383 0.512247 0.748166 0.502144 0.746383 0.496202 0.744006 0.495608 0.563353 0.483722
0 0.602573 0.586528 0.597819 0.593066 0.586528 0.600197 0.579992 0.607922 0.580586 0.614458 0.594253 0.617430 0.603762 0.617430 0.606139 0.612675 0.609111 0.600791
0 0.612675 0.577020 0.604950 0.575831 0.597225 0.582369 0.597819 0.591283 0.600791 0.591283 0.609111 0.588906 0.611487 0.585934
0 0.206800 0.324462 0.210366 0.329217 0.217497 0.331594 0.222252 0.329811 0.222845 0.323273 0.215714 0.319708 0.209772 0.322680
0 0.698133 0.593353 0.703352 0.590542 0.714592 0.589339 0.730652 0.589339 0.751125 0.591747 0.754739 0.595761 0.749519 0.602586 0.746709 0.602988 0.723425 0.603791 0.708169 0.601783 0.697731 0.596162
0 0.690906 0.606602 0.705761 0.605798 0.713389 0.606200 0.715797 0.609009 0.714994 0.616236 0.711783 0.618645 0.704958 0.619045 0.697731 0.614228
0 0.011250 0.514289 0.030536 0.495003 0.032144 0.482147 0.033750 0.470897 0.037769 0.458842 0.060269 0.454825 0.069911 0.456431 0.071519 0.464467 0.053839 0.482950 0.049019 0.494200 0.045000 0.514289 0.044197 0.519111 0.035358 0.522325 0.016072 0.520719
0 0.019286 0.446789 0.015267 0.442770 0.014464 0.437950 0.026519 0.433931 0.030536 0.433128 0.032947 0.437145 0.032947 0.445986 0.030536 0.448397
