0 0.627470 0.520910 0.625910 0.526688 0.623856 0.527686 0.617200 0.525901 0.609011 0.556236 0.615667 0.558020 0.620764 0.565583 0.620374 0.567027 0.625470 0.574589 0.625080 0.576034 0.627629 0.579816 0.627239 0.581260 0.629787 0.585041 0.629397 0.586486 0.631945 0.590267 0.631555 0.591711 0.632829 0.593602 0.632439 0.595046 0.636262 0.600719 0.635872 0.602163 0.637146 0.604053 0.638810 0.604500 0.641358 0.608281 0.643023 0.608727 0.645570 0.612508 0.644400 0.616842 0.682674 0.627104 0.683844 0.622770 0.687951 0.620773 0.689615 0.621219 0.691669 0.620222 0.693334 0.620668 0.695387 0.619669 0.697051 0.620115 0.699106 0.619117 0.700770 0.619563 0.702823 0.618565 0.704487 0.619011 0.706541 0.618013 0.711534 0.619352 0.714654 0.607795 0.709661 0.606456 0.708386 0.604566 0.706723 0.604120 0.690159 0.579541 0.690549 0.578097 0.680357 0.562972 0.678692 0.562526 0.671047 0.551182 0.669383 0.550736 0.666836 0.546955 0.665171 0.546509 0.663896 0.544618 0.662233 0.544172 0.658411 0.538500 0.656746 0.538054 0.655472 0.536163 0.653808 0.535717 0.651260 0.531936 0.652430 0.527602
0 0.169957 0.305302 0.163329 0.329859 0.169985 0.331643 0.177629 0.342987 0.179293 0.343433 0.185664 0.352886 0.187329 0.353332 0.191151 0.359004 0.192814 0.359450 0.197910 0.367013 0.199575 0.367459 0.202123 0.371241 0.203788 0.371687 0.208885 0.379249 0.210548 0.379695 0.211823 0.381586 0.213486 0.382032 0.214761 0.383923 0.221416 0.385707 0.223470 0.384709 0.246767 0.390955 0.248821 0.389956 0.252148 0.390848 0.254203 0.389851 0.255373 0.385518 0.257426 0.384519 0.257816 0.383075 0.256542 0.381184 0.257322 0.378295 0.254774 0.374514 0.255164 0.373069 0.250067 0.365507 0.250457 0.364062 0.237716 0.345156 0.236052 0.344709 0.233503 0.340928 0.231840 0.340482 0.228018 0.334810 0.226354 0.334364 0.225080 0.332474 0.223415 0.332027 0.220867 0.328246 0.219203 0.327800 0.217929 0.325910 0.216265 0.325464 0.213717 0.321682 0.214887 0.317348
0 0.430887 0.158398 0.429327 0.164176 0.425219 0.166173 0.424830 0.167617 0.416614 0.171611 0.416224 0.173055 0.408008 0.177049 0.407618 0.178493 0.393241 0.185481 0.388248 0.184143 0.382009 0.207254 0.388666 0.209039 0.396310 0.220383 0.397975 0.220829 0.403070 0.228391 0.404735 0.228838 0.407283 0.232619 0.408947 0.233065 0.411496 0.236847 0.413159 0.237293 0.415708 0.241074 0.417372 0.241520 0.419919 0.245301 0.423247 0.246193 0.424522 0.248084 0.427850 0.248976 0.429125 0.250867 0.427955 0.255201 0.439603 0.258324 0.440773 0.253990 0.444880 0.251994 0.448209 0.252886 0.450263 0.251888 0.451926 0.252334 0.484790 0.236361 0.485180 0.234916 0.489288 0.232920 0.489678 0.231475 0.491732 0.230477 0.492512 0.227588 0.494566 0.226589 0.494955 0.225145 0.499063 0.223148 0.504056 0.224487 0.507565 0.211487 0.502572 0.210148 0.497476 0.202586 0.497866 0.201141 0.496592 0.199251 0.494928 0.198805 0.488557 0.189351 0.486893 0.188905 0.484345 0.185124 0.482681 0.184678 0.481407 0.182786 0.479743 0.182340 0.477194 0.178560 0.475530 0.178114 0.472982 0.174331 0.474152 0.169999
0 0.612476 0.219478 0.610917 0.225256 0.608862 0.226253 0.608472 0.227698 0.604364 0.229695 0.603974 0.231140 0.599867 0.233136 0.599477 0.234581 0.593314 0.237575 0.592924 0.239020 0.586763 0.242015 0.586373 0.243459 0.582265 0.245456 0.581875 0.246901 0.575713 0.249895 0.570721 0.248557 0.564093 0.273113 0.569084 0.274451 0.570359 0.276342 0.572023 0.276789 0.586038 0.297586 0.587702 0.298032 0.591525 0.303704 0.594853 0.304596 0.596126 0.306486 0.604447 0.308717 0.606501 0.307719 0.608165 0.308165 0.610218 0.307167 0.611883 0.307613 0.615991 0.305617 0.617655 0.306063 0.632033 0.299074 0.632422 0.297630 0.652962 0.287647 0.657955 0.288986 0.664973 0.262984 0.659981 0.261645 0.653610 0.252193 0.653999 0.250749 0.646355 0.239405 0.646745 0.237960 0.642923 0.232289 0.644093 0.227955
0 0.719380 0.074650 0.717820 0.080428 0.715767 0.081426 0.714103 0.080980 0.709995 0.082977 0.708331 0.082531 0.706276 0.083529 0.704613 0.083083 0.700505 0.085079 0.698840 0.084633 0.694733 0.086630 0.693069 0.086184 0.686907 0.089178 0.685243 0.088732 0.683190 0.089731 0.678197 0.088392 0.668449 0.124505 0.673441 0.125843 0.675989 0.129624 0.677653 0.130071 0.680201 0.133852 0.679812 0.135296 0.691279 0.152312 0.692943 0.152758 0.695491 0.156539 0.697155 0.156985 0.698429 0.158876 0.700094 0.159322 0.701367 0.161212 0.704696 0.162105 0.705969 0.163995 0.704799 0.168329 0.718111 0.171899 0.719281 0.167565 0.725444 0.164569 0.727108 0.165016 0.729162 0.164018 0.729552 0.162574 0.737768 0.158580 0.738157 0.157135 0.754589 0.149149 0.759581 0.150487 0.761530 0.143264 0.754874 0.141480 0.752327 0.137700 0.752717 0.136255 0.748894 0.130582 0.749674 0.127693 0.748399 0.125803 0.749959 0.120025 0.748685 0.118135 0.750245 0.112356 0.748971 0.110466 0.749361 0.109022 0.748087 0.107131 0.748866 0.104242 0.745045 0.098570 0.745435 0.097126 0.741612 0.091454 0.742002 0.090009 0.740727 0.088118 0.742677 0.080896
0 0.778177 0.716219 0.777007 0.720553 0.772901 0.722549 0.769571 0.721657 0.767518 0.722656 0.765853 0.722209 0.763800 0.723207 0.762137 0.722761 0.760082 0.723760 0.758417 0.723314 0.756364 0.724313 0.753036 0.723420 0.750982 0.724418 0.749318 0.723972 0.747263 0.724970 0.742272 0.723632 0.736423 0.745299 0.741415 0.746637 0.747786 0.756090 0.747396 0.757535 0.748669 0.759426 0.748279 0.760870 0.750829 0.764652 0.750049 0.767541 0.751322 0.769432 0.750933 0.770876 0.752206 0.772766 0.751816 0.774211 0.753091 0.776102 0.752701 0.777546 0.755249 0.781327 0.754859 0.782771 0.756134 0.784662 0.755744 0.786107 0.757018 0.787997 0.756628 0.789441 0.759176 0.793224 0.758786 0.794668 0.762608 0.800340 0.762218 0.801784 0.764767 0.805565 0.766431 0.806011 0.767705 0.807902 0.781017 0.811471 0.783071 0.810473 0.784736 0.810919 0.786789 0.809921 0.788452 0.810367 0.790507 0.809369 0.793835 0.810261 0.795888 0.809263 0.797553 0.809709 0.799608 0.808711 0.802936 0.809603 0.804989 0.808604 0.808317 0.809496 0.810372 0.808499 0.812035 0.808945 0.814089 0.807947 0.817417 0.808839 0.819471 0.807840 0.821136 0.808287 0.825243 0.806290 0.826907 0.806736 0.828962 0.805738 0.830625 0.806184 0.832679 0.805185 0.834343 0.805632 0.836398 0.804633 0.838061 0.805079 0.842169 0.803082 0.847162 0.804421 0.851061 0.789976 0.846068 0.788638 0.843520 0.784857 0.843910 0.783412 0.842636 0.781521 0.843026 0.780077 0.840477 0.776296 0.841257 0.773407 0.839983 0.771516 0.840763 0.768628 0.839489 0.766737 0.839880 0.765292 0.838605 0.763402 0.839385 0.760513 0.838110 0.758622 0.838500 0.757177 0.830855 0.745834 0.831245 0.744390 0.826149 0.736826 0.824485 0.736380 0.821937 0.732600 0.823107 0.728266
0 0.626755 0.774758 0.625196 0.780536 0.623142 0.781535 0.622752 0.782979 0.618644 0.784976 0.618254 0.786421 0.616200 0.787418 0.615810 0.788862 0.595271 0.798846 0.593607 0.798400 0.589499 0.800396 0.587836 0.799950 0.583726 0.801948 0.578735 0.800609 0.573276 0.820832 0.578267 0.822170 0.583365 0.829732 0.582975 0.831177 0.586797 0.836848 0.586407 0.838293 0.597874 0.855309 0.597484 0.856753 0.602580 0.864316 0.604245 0.864762 0.606793 0.868543 0.605623 0.872877 0.615608 0.875554 0.616777 0.871220 0.618831 0.870222 0.620495 0.870668 0.624603 0.868671 0.626268 0.869118 0.634484 0.865124 0.635263 0.862236 0.637317 0.861237 0.640436 0.849681 0.639162 0.847791 0.641892 0.837679 0.643946 0.836681 0.644335 0.835237 0.656659 0.829247 0.661652 0.830585 0.667890 0.807474 0.662898 0.806135 0.660350 0.802354 0.660740 0.800909 0.659076 0.800463 0.656527 0.796682 0.656917 0.795237 0.651820 0.787675 0.653380 0.781897
0 0.602289 0.303492 0.601119 0.307825 0.588795 0.313815 0.582139 0.312031 0.578240 0.326476 0.583232 0.327814 0.584506 0.329704 0.586170 0.330150 0.588718 0.333931 0.590382 0.334378 0.598027 0.345722 0.597637 0.347166 0.601460 0.352838 0.601070 0.354283 0.603618 0.358063 0.602058 0.363842 0.628682 0.370980 0.629852 0.366647 0.633961 0.364650 0.637289 0.365542 0.641396 0.363546 0.643060 0.363992 0.649222 0.360997 0.650886 0.361443 0.661156 0.356451 0.662820 0.356898 0.679252 0.348911 0.680915 0.349357 0.682970 0.348358 0.683360 0.346914 0.687468 0.344918 0.692459 0.346256 0.692849 0.344812 0.686194 0.343028 0.681098 0.335464 0.679433 0.335018 0.678159 0.333128 0.676495 0.332682 0.675220 0.330790 0.671893 0.329898 0.669344 0.326117 0.670514 0.321784
0 0.509624 0.309627 0.508454 0.313960 0.485861 0.324942 0.479205 0.323158 0.474916 0.339046 0.481572 0.340831 0.485394 0.346503 0.487058 0.346949 0.492155 0.354512 0.493819 0.354958 0.504011 0.370083 0.505676 0.370529 0.508224 0.374311 0.509889 0.374757 0.512436 0.378538 0.511266 0.382871 0.541220 0.390902 0.542389 0.386569 0.546496 0.384572 0.548161 0.385018 0.548551 0.383574 0.573198 0.371595 0.574862 0.372041 0.578970 0.370043 0.580634 0.370489 0.586796 0.367495 0.593452 0.369279 0.595791 0.360612 0.589135 0.358828 0.585314 0.353155 0.583649 0.352709 0.581100 0.348929 0.579437 0.348483 0.576889 0.344702 0.575224 0.344255 0.573951 0.342364 0.572287 0.341918 0.571012 0.340028 0.569349 0.339582 0.568074 0.337691 0.566410 0.337244 0.565136 0.335354 0.561808 0.334461 0.560533 0.332571 0.558870 0.332125 0.555047 0.326452 0.556217 0.322119
0 0.584331 0.912090 0.580042 0.927979 0.585034 0.929317 0.586308 0.931208 0.587973 0.931655 0.590521 0.935436 0.592185 0.935882 0.596007 0.941554 0.597671 0.942000 0.598945 0.943890 0.600609 0.944337 0.601883 0.946228 0.603547 0.946674 0.604822 0.948564 0.603652 0.952898 0.628612 0.959590 0.629782 0.955256 0.631835 0.954258 0.633500 0.954705 0.635554 0.953706 0.642210 0.955490 0.645329 0.943935 0.638673 0.942150 0.636125 0.938369 0.634461 0.937923 0.633188 0.936032 0.629859 0.935139 0.628585 0.933249 0.625257 0.932357 0.623983 0.930466 0.620654 0.929573 0.618107 0.925793 0.619277 0.921459
0 0.580749 0.105638 0.578410 0.114304 0.579684 0.116195 0.575575 0.118192 0.573912 0.117746 0.569804 0.119743 0.563148 0.117958 0.554570 0.149736 0.561226 0.151520 0.562499 0.153411 0.562109 0.154856 0.564657 0.158637 0.564268 0.160082 0.569364 0.167644 0.572693 0.168537 0.573967 0.170427 0.578960 0.171765 0.581013 0.170767 0.584341 0.171660 0.588449 0.169663 0.590113 0.170109 0.592167 0.169110 0.592557 0.167666 0.611043 0.158681 0.611433 0.157237 0.613486 0.156238 0.614266 0.153350 0.616320 0.152351 0.618659 0.143684 0.617385 0.141794 0.618555 0.137460 0.617282 0.135569 0.618061 0.132681 0.615512 0.128900 0.615902 0.127455 0.614629 0.125564 0.615019 0.124120 0.612470 0.120339 0.614030 0.114561
0 0.765777 0.272972 0.764607 0.277305 0.750229 0.284294 0.748565 0.283848 0.746511 0.284846 0.744846 0.284399 0.742793 0.285398 0.741128 0.284952 0.739075 0.285950 0.732419 0.284165 0.723840 0.315944 0.730497 0.317728 0.733045 0.321511 0.734708 0.321957 0.738531 0.327628 0.738141 0.329073 0.740690 0.332853 0.740300 0.334298 0.745396 0.341861 0.745006 0.343306 0.746281 0.345196 0.745891 0.346640 0.748439 0.350421 0.748049 0.351866 0.749323 0.353756 0.748933 0.355201 0.751481 0.358983 0.751091 0.360428 0.754913 0.366099 0.754523 0.367543 0.755798 0.369434 0.755408 0.370878 0.756681 0.372769 0.756291 0.374214 0.758841 0.377996 0.758451 0.379440 0.766094 0.390783 0.769423 0.391676 0.770697 0.393567 0.782345 0.396690 0.784399 0.395691 0.787727 0.396583 0.789782 0.395585 0.793109 0.396477 0.795163 0.395479 0.796828 0.395925 0.798882 0.394926 0.800545 0.395372 0.802599 0.394375 0.805928 0.395267 0.807982 0.394268 0.811309 0.395160 0.813363 0.394163 0.815028 0.394609 0.817081 0.393611 0.818745 0.394057 0.820799 0.393058 0.824128 0.393951 0.828236 0.391954 0.829899 0.392400 0.831954 0.391401 0.833618 0.391848 0.837725 0.389851 0.839390 0.390297 0.843497 0.388301 0.843887 0.386856 0.847995 0.384860 0.852988 0.386198 0.854548 0.380420 0.849555 0.379082 0.848281 0.377191 0.848671 0.375747 0.846123 0.371966 0.846513 0.370522 0.842690 0.364849 0.843080 0.363404 0.835435 0.352061 0.835825 0.350616 0.828180 0.339272 0.828570 0.337828 0.824749 0.332156 0.825138 0.330712 0.822590 0.326931 0.822980 0.325486 0.820431 0.321704 0.820821 0.320260 0.818273 0.316479 0.819054 0.313590 0.816504 0.309809 0.816894 0.308364 0.814347 0.304583 0.814737 0.303138 0.810914 0.297467 0.811304 0.296022 0.808756 0.292241 0.810705 0.285018
0 0.969613 0.178918 0.968443 0.183251 0.964334 0.185247 0.959343 0.183909 0.951544 0.212799 0.956536 0.214137 0.957810 0.216028 0.959475 0.216474 0.963297 0.222147 0.964960 0.222593 0.967509 0.226374 0.969173 0.226820 0.970447 0.228710 0.969277 0.233043 0.984254 0.237059 0.985424 0.232726 0.989532 0.230729 0.991196 0.231175 1.000000 0.226183 1.000000 0.226630 1.000000 0.221638 1.000000 0.222977 1.000000 0.209977 1.000000 0.208192 1.000000 0.200629 1.000000 0.200183 1.000000 0.196401 1.000000 0.195955 1.000000 0.194065 1.000000 0.188287
0 0.328448 0.174305 0.326498 0.181527 0.322390 0.183525 0.322000 0.184969 0.317892 0.186966 0.317502 0.188410 0.313393 0.190407 0.308402 0.189069 0.299823 0.220847 0.306480 0.222632 0.309028 0.226413 0.310692 0.226859 0.313241 0.230640 0.312851 0.232085 0.321769 0.245319 0.323434 0.245766 0.324707 0.247656 0.326371 0.248102 0.327645 0.249993 0.332637 0.251331 0.333912 0.253222 0.337240 0.254114 0.339294 0.253116 0.350942 0.256239 0.352996 0.255240 0.356325 0.256133 0.358378 0.255135 0.360041 0.255581 0.364149 0.253584 0.365814 0.254030 0.369922 0.252033 0.374915 0.253371 0.381153 0.230261 0.376160 0.228922 0.372338 0.223250 0.372728 0.221805 0.370180 0.218023 0.370569 0.216579 0.369296 0.214688 0.369686 0.213244 0.368412 0.211354 0.368802 0.209909 0.367527 0.208019 0.367917 0.206574 0.366644 0.204684 0.367034 0.203239 0.365759 0.201348 0.366539 0.198460 0.362716 0.192787 0.363106 0.191342 0.360559 0.187562 0.361728 0.183229
0 0.809453 0.210330 0.802824 0.234886 0.809480 0.236671 0.812029 0.240451 0.813693 0.240897 0.820063 0.250351 0.818894 0.254685 0.835534 0.259146 0.836704 0.254812 0.840812 0.252816 0.842476 0.253262 0.852745 0.248271 0.854410 0.248717 0.864679 0.243725 0.866344 0.244171 0.872505 0.241177 0.877497 0.242515 0.881006 0.229514
0 0.000000 0.489594 0.000000 0.518484 0.000000 0.520715 0.000000 0.524496 0.000000 0.525941 0.000000 0.527831 0.000000 0.528277 0.000000 0.532058 0.000000 0.533503 0.000000 0.552410 0.000000 0.553854 0.000000 0.561417 0.000000 0.561863 0.000000 0.565644 0.000000 0.567088 0.000000 0.567534 0.000000 0.571316 0.000000 0.577093 0.000000 0.579324 0.000000 0.574991 0.003389 0.571995 0.003779 0.570551 0.005833 0.569554 0.006223 0.568109 0.008277 0.567111 0.008668 0.565666 0.010721 0.564667 0.012671 0.557445 0.011397 0.555555 0.012177 0.552665 0.009628 0.548884 0.010407 0.545996 0.009134 0.544105 0.009524 0.542660 0.006975 0.538879 0.007365 0.537435 0.004817 0.533653 0.005207 0.532208 0.002659 0.528428 0.000994 0.527982 0.000000 0.526091 0.000111 0.524646 0.000000 0.517083 0.000000 0.515639 0.000000 0.513748 0.000000 0.513302 0.000000 0.509522 0.000000 0.508077 0.000000 0.504295 0.000000 0.498518
0 0.859385 0.421992 0.853927 0.442215 0.868902 0.446230 0.870957 0.445231 0.872622 0.445678 0.878783 0.442683 0.880446 0.443129 0.882501 0.442131 0.887492 0.443470 0.891002 0.430469
0 0.501322 0.604813 0.499762 0.610591 0.497708 0.611589 0.497318 0.613034 0.493210 0.615031 0.492820 0.616475 0.472280 0.626458 0.470616 0.626012 0.466509 0.628009 0.464844 0.627563 0.462790 0.628561 0.454470 0.626330 0.450571 0.640775 0.468875 0.645683 0.470149 0.647574 0.475141 0.648912 0.476415 0.650802 0.481407 0.652141 0.482682 0.654031 0.486010 0.654923 0.487284 0.656815 0.486115 0.661148 0.516068 0.669178 0.517237 0.664845 0.519291 0.663847 0.520850 0.658069 0.522905 0.657071 0.523685 0.654182 0.525738 0.653184 0.526128 0.651739 0.528182 0.650740 0.528571 0.649296 0.530626 0.648298 0.531406 0.645409 0.533460 0.644411 0.535020 0.638633 0.532471 0.634851 0.532860 0.633407 0.530313 0.629625 0.528649 0.629179 0.526101 0.625398 0.524436 0.624952 0.521889 0.621171 0.520224 0.620725 0.516402 0.615053 0.517962 0.609275
0 0.489430 0.000000 0.487870 0.000186 0.492863 0.001525 0.495411 0.005306 0.497075 0.005752 0.503445 0.015205 0.505109 0.015652 0.506384 0.017542 0.508048 0.017988 0.509322 0.019879 0.510986 0.020325 0.512260 0.022216 0.533892 0.028016 0.535946 0.027018 0.539275 0.027910 0.541328 0.026911 0.542993 0.027358 0.549154 0.024363 0.550818 0.024809 0.563143 0.018818 0.564312 0.014485
0 0.464783 0.006388 0.457764 0.032389 0.462756 0.033727 0.465305 0.037509 0.466968 0.037955 0.470791 0.043627 0.469232 0.049404 0.495856 0.056543 0.497416 0.050766 0.499469 0.049767 0.501134 0.050213 0.503187 0.049215 0.504852 0.049661 0.508959 0.047663 0.515616 0.049448 0.520685 0.030671 0.515692 0.029332 0.514418 0.027441 0.512754 0.026995 0.510206 0.023213 0.511376 0.018880
0 0.702246 0.534763 0.701077 0.539096 0.694915 0.542091 0.693252 0.541645 0.691197 0.542644 0.684541 0.540859 0.679862 0.558192 0.686518 0.559977 0.687793 0.561868 0.689456 0.562314 0.690731 0.564205 0.692394 0.564651 0.693668 0.566541 0.705317 0.569665 0.707371 0.568667 0.709035 0.569113 0.711088 0.568114 0.712753 0.568560 0.713143 0.567115 0.717250 0.565120 0.718030 0.562230 0.720084 0.561232 0.720474 0.559788 0.722528 0.558789 0.727521 0.560128 0.728301 0.557239 0.723308 0.555900 0.722034 0.554009 0.722813 0.551121 0.721540 0.549230 0.721930 0.547785 0.720656 0.545895 0.722216 0.540117
0 0.490210 0.000000 0.487870 0.000186 0.494527 0.001971 0.503445 0.015205 0.505109 0.015652 0.507658 0.019433 0.509322 0.019879 0.510596 0.021769 0.530564 0.027123 0.532618 0.026125 0.537610 0.027464 0.539665 0.026465 0.541328 0.026911 0.543383 0.025914 0.545046 0.026360 0.559425 0.019371 0.566080 0.021155 0.568419 0.012488
0 0.647356 0.916596 0.641897 0.936818 0.648553 0.938603 0.649828 0.940493 0.651492 0.940939 0.652765 0.942830 0.656094 0.943723 0.657368 0.945614 0.660696 0.946506 0.661969 0.948396 0.686931 0.955089 0.688985 0.954091 0.692313 0.954983 0.694367 0.953984 0.696030 0.954430 0.700139 0.952434 0.701803 0.952880 0.703856 0.951881 0.705521 0.952327 0.707574 0.951329 0.714230 0.953114 0.716180 0.945892 0.709523 0.944107 0.708250 0.942216 0.706585 0.941770 0.702764 0.936098 0.703933 0.931765
0 0.057968 0.640845 0.054068 0.655290 0.062389 0.657521 0.064936 0.661302 0.063767 0.665635 0.082072 0.670543 0.083631 0.664765 0.087739 0.662768 0.089404 0.663214 0.089794 0.661770 0.091847 0.660772 0.092237 0.659327 0.090964 0.657437 0.092913 0.650215
0 0.869172 0.610499 0.868002 0.614833 0.861841 0.617827 0.860177 0.617381 0.856069 0.619378 0.854405 0.618932 0.850297 0.620928 0.841977 0.618698 0.838077 0.633142 0.849726 0.636266 0.851780 0.635267 0.865092 0.638836 0.866366 0.640727 0.868030 0.641173 0.869304 0.643064 0.870968 0.643510 0.872243 0.645401 0.873906 0.645847 0.876455 0.649628 0.875285 0.653962 0.881941 0.655747 0.883111 0.651413 0.885164 0.650415 0.886829 0.650861 0.888883 0.649862 0.905524 0.654324 0.907577 0.653326 0.909240 0.653772 0.911295 0.652773 0.916288 0.654112 0.918627 0.645445 0.913635 0.644106 0.909813 0.638434 0.908148 0.637988 0.905600 0.634207 0.903936 0.633760 0.900114 0.628089 0.898449 0.627643 0.894627 0.621971 0.895797 0.617637
0 0.820481 0.275247 0.813462 0.301248 0.818454 0.302586 0.821003 0.306368 0.822667 0.306814 0.825215 0.310595 0.826879 0.311041 0.829428 0.314823 0.831091 0.315269 0.832365 0.317159 0.835694 0.318051 0.836967 0.319942 0.845288 0.322173 0.847342 0.321174 0.850670 0.322066 0.854778 0.320071 0.856441 0.320517 0.862603 0.317521 0.864268 0.317968 0.876591 0.311978 0.876980 0.310533 0.879035 0.309535 0.879815 0.306646 0.881868 0.305648 0.883038 0.301314 0.881765 0.299423 0.883714 0.292201
0 0.177976 0.487139 0.174077 0.501583 0.180733 0.503368 0.182008 0.505258 0.185335 0.506150 0.186609 0.508042 0.188273 0.508488 0.189547 0.510379 0.191211 0.510825 0.192485 0.512715 0.194150 0.513161 0.196698 0.516943 0.195529 0.521276 0.198857 0.522168 0.200026 0.517835 0.202080 0.516836 0.203743 0.517282 0.205798 0.516284 0.207461 0.516730 0.211570 0.514734 0.213234 0.515180 0.213624 0.513735 0.219785 0.510740 0.226441 0.512525 0.229561 0.500969
0 0.914420 0.740356 0.913250 0.744689 0.911196 0.745688 0.909533 0.745242 0.907478 0.746241 0.905814 0.745794 0.903760 0.746792 0.900432 0.745900 0.898379 0.746899 0.896714 0.746453 0.894660 0.747450 0.892996 0.747004 0.890943 0.748002 0.887615 0.747110 0.885560 0.748109 0.882232 0.747216 0.880179 0.748215 0.871858 0.745984 0.867959 0.760429 0.872950 0.761768 0.874225 0.763658 0.875890 0.764104 0.878437 0.767885 0.880101 0.768331 0.887746 0.779675 0.889411 0.780122 0.893233 0.785793 0.894896 0.786239 0.896171 0.788130 0.899499 0.789022 0.900772 0.790912 0.904102 0.791805 0.905375 0.793696 0.904205 0.798029 0.927502 0.804275 0.931011 0.791275 0.933066 0.790277 0.934235 0.785944 0.936289 0.784946 0.937459 0.780612 0.939512 0.779614 0.939902 0.778169 0.941957 0.777170 0.946948 0.778509 0.954356 0.751064
0 0.025185 0.266486 0.024016 0.270820 0.017854 0.273815 0.016191 0.273369 0.012082 0.275365 0.010418 0.274919 0.006310 0.276916 0.004646 0.276470 0.002593 0.277468 0.000929 0.277022 0.000000 0.279019 0.000000 0.278573 0.000000 0.280569 0.000000 0.280123 0.000000 0.282120 0.000000 0.281674 0.000000 0.283670 0.000000 0.283224 0.000000 0.287218 0.000000 0.286771 0.000000 0.290764 0.000000 0.288979 0.000000 0.330869 0.000000 0.332654 0.000000 0.334545 0.000000 0.334991 0.000000 0.336882 0.000000 0.337774 0.000000 0.336776 0.000000 0.338115 0.000000 0.337116 0.000000 0.338900 0.000000 0.337903 0.000000 0.338349 0.000000 0.337350 0.000000 0.335906 0.000000 0.330914 0.000000 0.329469 0.000000 0.328471 0.000000 0.324138 0.000000 0.323139 0.000000 0.320250 0.000000 0.318254 0.000000 0.316810 0.011435 0.310819 0.013098 0.311265 0.015152 0.310267 0.016816 0.310713 0.018871 0.309714 0.020534 0.310160 0.022588 0.309163 0.024252 0.309609 0.026307 0.308610 0.027971 0.309056 0.032079 0.307061 0.033742 0.307507 0.035796 0.306508 0.037460 0.306954 0.039514 0.305956 0.047834 0.308187 0.049109 0.310077 0.050773 0.310523 0.052046 0.312414 0.055374 0.313306 0.057429 0.312308 0.065750 0.314539 0.069259 0.301539 0.062602 0.299754 0.061328 0.297863 0.061718 0.296419 0.060443 0.294528 0.060833 0.293083 0.054463 0.283630 0.054853 0.282186 0.052305 0.278405 0.053475 0.274071
0 0.070335 0.489259 0.064876 0.509481 0.071532 0.511266 0.074081 0.515047 0.072911 0.519380 0.087888 0.523396 0.095296 0.495951
0 0.536486 0.824909 0.529078 0.852353 0.547383 0.857261 0.548552 0.852928 0.556767 0.848935 0.558432 0.849381 0.558821 0.847937 0.564983 0.844941 0.565373 0.843497 0.564099 0.841606 0.566439 0.832940
0 0.014779 0.139774 0.007760 0.165775 0.019409 0.168898 0.021462 0.167900 0.023126 0.168346 0.025180 0.167348 0.026844 0.167794 0.028898 0.166796 0.030563 0.167242 0.032616 0.166243 0.034280 0.166689 0.044550 0.161697 0.049543 0.163036 0.053052 0.150036
0 0.749895 0.807774 0.748335 0.813552 0.746281 0.814551 0.744616 0.814104 0.742563 0.815102 0.740898 0.814656 0.738845 0.815654 0.732189 0.813869 0.728290 0.828314 0.734946 0.830099 0.736219 0.831990 0.752860 0.836451 0.754134 0.838342 0.759127 0.839681 0.761180 0.838682 0.766173 0.840021 0.772334 0.837026 0.772724 0.835581 0.778887 0.832586 0.779277 0.831142 0.781330 0.830144 0.781720 0.828699 0.783774 0.827700 0.790430 0.829485 0.793159 0.819374
0 0.995843 0.557716 0.994283 0.563494 0.992229 0.564493 0.991839 0.565937 0.989784 0.566934 0.989394 0.568379 0.983233 0.571374 0.982843 0.572819 0.978735 0.574816 0.978345 0.576260 0.974237 0.578257 0.973847 0.579701 0.971794 0.580699 0.971014 0.583588 0.968960 0.584587 0.968180 0.587476 0.966126 0.588475 0.965736 0.589919 0.963682 0.590916 0.957026 0.589132 0.950397 0.613688 0.957053 0.615473 0.958328 0.617363 0.959992 0.617809 0.981651 0.649950 0.983315 0.650397 0.985864 0.654178 0.984694 0.658511 0.989686 0.659849 1.000000 0.563070
0 0.841800 0.262375 0.840241 0.268153 0.838187 0.269152 0.837797 0.270596 0.835743 0.271594 0.835353 0.273038 0.833298 0.274037 0.832908 0.275481 0.826747 0.278476 0.813435 0.274907 0.807586 0.296574 0.814242 0.298359 0.816790 0.302140 0.818454 0.302586 0.822277 0.308258 0.823940 0.308704 0.827763 0.314376 0.829428 0.314823 0.830701 0.316713 0.832365 0.317159 0.833639 0.319050 0.846952 0.322619 0.849005 0.321620 0.850670 0.322066 0.852724 0.321069 0.854388 0.321515 0.860550 0.318519 0.862214 0.318965 0.866322 0.316969 0.867985 0.317415 0.874147 0.314420 0.875811 0.314866 0.884028 0.310873 0.885691 0.311319 0.886081 0.309875 0.890189 0.307879 0.895181 0.309217 0.896741 0.303438 0.891749 0.302100 0.890474 0.300210 0.890864 0.298766 0.889591 0.296875 0.890370 0.293986 0.889097 0.292095 0.890267 0.287762 0.888992 0.285871 0.889382 0.284427 0.888107 0.282536 0.890057 0.275313
0 0.374344 0.738063 0.370444 0.752508 0.378765 0.754739 0.380039 0.756629 0.381703 0.757075 0.382977 0.758966 0.381807 0.763300 0.416752 0.772669 0.418312 0.766890 0.424474 0.763896 0.429466 0.765234 0.429856 0.763790 0.423200 0.762005 0.419377 0.756333 0.420937 0.750555
0 0.000000 0.364265 0.000000 0.378710 0.003092 0.381387 0.005146 0.380389 0.008475 0.381281 0.010528 0.380282 0.012193 0.380729 0.012583 0.379284 0.011308 0.377393 0.013648 0.368726
0 0.951429 0.477651 0.945970 0.497874 0.952627 0.499658 0.955175 0.503440 0.954005 0.507774 0.963989 0.510451 0.965549 0.504672 0.969657 0.502675 0.971321 0.503121 0.975430 0.501125 0.975819 0.499681 0.977873 0.498683 0.979433 0.492904 0.978159 0.491014 0.979719 0.485236
0 0.336494 0.851837 0.332205 0.867726 0.363822 0.876203 0.368111 0.860314
0 0.283608 0.748072 0.297736 0.767351 0.321832 0.804792 0.306925 0.821448 0.289960 0.818189 0.266363 0.789920 0.266428 0.773155 0.267380 0.747594
0 0.375478 0.793358 0.391057 0.796244 0.400613 0.810424 0.392790 0.817362 0.374439 0.813732 0.365620 0.802332
0 0.394159 0.878399 0.409824 0.886472 0.398168 0.891092 0.380878 0.889037 0.375894 0.879956 0.383392 0.874220 0.390649 0.874876
0 0.843922 0.903465 0.828104 0.906968 0.821994 0.913076 0.818333 0.921130 0.828040 0.923732 0.836360 0.925963 0.845655 0.924583 0.849642 0.915326
0 0.873065 0.933224 0.820458 0.924281 0.816559 0.938727 0.823840 0.961332 0.840653 0.976167 0.853134 0.979514
0 0.744573 0.803249 0.715540 0.800628 0.701434 0.803301 0.698835 0.812931 0.704231 0.825996 0.719722 0.823694 0.734065 0.814631
0 0.043315 0.619103 0.050661 0.624944 0.048797 0.637353 0.036081 0.640399 0.022537 0.635477 0.024487 0.628255 0.033696 0.621687
0 0.079986 0.439180 0.091080 0.442154 0.090280 0.456139 0.081310 0.456316 0.061896 0.451110 0.062046 0.439533 0.074765 0.436489
0 0.131788 0.379490 0.140933 0.389687 0.142168 0.401635 0.136471 0.411726 0.123665 0.409583 0.122105 0.398839 0.124942 0.382817
0 0.311194 0.458572 0.328334 0.472203 0.335593 0.472859 0.341400 0.489907 0.338714 0.494349 0.328032 0.495358 0.309919 0.485338 0.296203 0.470043
0 0.279498 0.482345 0.318499 0.503129 0.325606 0.515361 0.321382 0.531010 0.300019 0.533027 0.294797 0.530337 0.277635 0.494755 0.278111 0.481973
0 0.740078 0.638106 0.748162 0.646727 0.763502 0.656005 0.744673 0.665155 0.731132 0.660233 0.725086 0.649577 0.730458 0.640690
0 0.509643 0.500162 0.524248 0.506660 0.526134 0.516201 0.522234 0.530646 0.517835 0.535921 0.509191 0.534894 0.500870 0.532663 0.494024 0.535991 0.479833 0.533477 0.476235 0.524767 0.475887 0.504020 0.491617 0.495328 0.503686 0.494692
0 0.360160 0.414903 0.393527 0.429013 0.397537 0.441706 0.408154 0.457461 0.416648 0.470066 0.427916 0.483412 0.434373 0.498053 0.432836 0.509259 0.415958 0.511186 0.394506 0.508017 0.367574 0.486597 0.351821 0.473338 0.337455 0.460450 0.333272 0.437384 0.345081 0.421187 0.348503 0.419523
0 0.412602 0.578702 0.395464 0.565072 0.402461 0.550166 0.427898 0.544078 0.455956 0.550310 0.459966 0.563003 0.451668 0.582722 0.432342 0.582705 0.416437 0.581021
0 0.387555 0.566824 0.407792 0.579995 0.436912 0.587803 0.443111 0.586882 0.426104 0.622338 0.426515 0.626322 0.392584 0.619806 0.362077 0.611627 0.342815 0.594845 0.348751 0.578364 0.364567 0.574859 0.374187 0.572276
0 0.023877 0.200818 0.046391 0.205564 0.044202 0.219177 0.033846 0.218981 0.015818 0.214147 0.012958 0.208217
0 0.365395 0.274314 0.354063 0.277728 0.341344 0.280773 0.342906 0.291519 0.353350 0.296900 0.360284 0.298760 0.363533 0.286722
0 0.048139 0.083401 0.063479 0.092678 0.071149 0.097316 0.077520 0.106769 0.072147 0.115655 0.062701 0.128613 0.050957 0.128047 0.041251 0.125444 0.035531 0.113583 0.038605 0.091172 0.038518 0.085986
0 0.840757 0.529560 0.852740 0.523737 0.875252 0.528482 0.906908 0.543424 0.931305 0.557710 0.930094 0.567711 0.928469 0.573731 0.923095 0.582617 0.905480 0.581766 0.887778 0.575728 0.854973 0.554025 0.844854 0.547440
0 0.947076 0.510304 0.967140 0.513103 1.000000 0.522397 1.000000 0.528346 1.000000 0.535865 1.000000 0.555125 1.000000 0.567326 0.987986 0.562580 0.969959 0.557747 0.957478 0.554400 0.947187 0.537441 0.946038 0.530680
0 0.753496 0.368043 0.764114 0.383797 0.781428 0.407802 0.795881 0.425878 0.809921 0.439969 0.826086 0.457211 0.842163 0.469267 0.823834 0.487588 0.797921 0.506457 0.781542 0.517556 0.774196 0.511714 0.749712 0.492240 0.727027 0.477122 0.691946 0.463844 0.680117 0.458090 0.670149 0.439927 0.678272 0.409835 0.700348 0.388646 0.722600 0.377831 0.738742 0.373122
0 0.952312 0.369715 0.925727 0.369040 0.914807 0.376440 0.913270 0.387645 0.925274 0.403772 0.941589 0.409438 0.960265 0.411863 0.976884 0.394374 0.968303 0.376583
0 0.163265 0.000000 0.177979 0.000000 0.196268 0.000000 0.217979 0.000000 0.244998 0.009680 0.260514 0.029330 0.289159 0.049918 0.325386 0.069958 0.357778 0.087679 0.370519 0.106586 0.370456 0.123349 0.359711 0.141122 0.343743 0.156204 0.321254 0.173410 0.298915 0.179038 0.266696 0.171691 0.231444 0.148038 0.209733 0.129310 0.182062 0.105109 0.154781 0.062942 0.132809 0.028651 0.126566 0.000000 0.118287 0.000000 0.130332 0.000000 0.150872 0.000000 0.158781 0.000000
1 0.429494 0.433492 0.628228 0.512593 0.490171 0.594337
