0 0.748948 0.620531 0.747228 0.620693 0.745665 0.622788 0.740506 0.623274 0.744814 0.675595 0.749984 0.675110 0.755640 0.680451 0.755801 0.682395 0.759573 0.685956 0.760217 0.693734 0.777474 0.692116 0.776824 0.684338 0.778387 0.682235 0.778224 0.680291 0.779787 0.678186 0.779624 0.676243 0.781184 0.674139 0.781021 0.672197 0.782585 0.670093 0.782422 0.668150 0.783982 0.666049 0.783818 0.664106 0.785381 0.662005 0.785218 0.660064 0.786779 0.657963 0.786616 0.656023 0.788176 0.653921 0.787197 0.642291 0.788757 0.640191 0.785986 0.607303 0.749868 0.610706 0.750508 0.618436 0.748948 0.620531
0 0.703150 0.423569 0.698033 0.424057 0.702215 0.475515 0.710760 0.474703 0.712313 0.472631 0.715731 0.472307 0.725045 0.459880 0.724888 0.457972 0.726439 0.455902 0.726282 0.453995 0.727833 0.451926 0.727519 0.448113 0.729069 0.446044 0.727029 0.421294 0.725166 0.419555 0.724696 0.413851 0.704235 0.415802 0.704700 0.421505 0.703150 0.423569
0 0.730047 0.047197 0.728367 0.047361 0.726841 0.049369 0.721800 0.049859 0.728292 0.127584 0.733349 0.127094 0.737033 0.130481 0.737188 0.132338 0.740873 0.135727 0.742560 0.135564 0.746246 0.138954 0.746716 0.144531 0.755152 0.143714 0.754523 0.136278 0.756053 0.134257 0.755739 0.130541 0.757268 0.128520 0.756796 0.122950 0.758324 0.120930 0.758167 0.119074 0.759695 0.117055 0.759380 0.113344 0.760908 0.111326 0.760593 0.107617 0.762121 0.105600 0.761963 0.103746 0.763490 0.101729 0.763333 0.099876 0.766386 0.095844 0.771440 0.095353 0.766073 0.032536 0.732478 0.035809 0.733097 0.043182 0.730047 0.047197
0 0.686842 0.036541 0.688369 0.034536 0.690047 0.034372 0.693101 0.030362 0.692949 0.028522 0.694475 0.026517 0.694323 0.024677 0.695849 0.022673 0.694787 0.009800 0.671316 0.012091 0.673417 0.037850 0.686842 0.036541
0 0.062767 0.107847 0.082569 0.112093 0.088988 0.077544 0.079100 0.050825 0.050527 0.038265 0.043816 0.068104 0.062767 0.107847
0 0.150259 0.192316 0.164036 0.187869 0.164136 0.166101 0.150301 0.145728 0.141639 0.165181 0.150259 0.192316
0 0.179322 0.255029 0.182046 0.300217 0.187578 0.321689 0.202512 0.358070 0.214868 0.397988 0.221962 0.421086 0.222302 0.449646 0.230050 0.460045 0.247136 0.437738 0.271454 0.417944 0.283444 0.383508 0.282726 0.328293 0.278905 0.290895 0.271692 0.244549 0.257299 0.217802 0.241412 0.211536 0.220381 0.190193 0.194873 0.209798 0.179322 0.255029
0 0.125672 0.447741 0.119294 0.484928 0.121293 0.519827 0.130930 0.563719 0.151307 0.595503 0.175442 0.617362 0.198277 0.616815 0.215546 0.571747 0.216575 0.565227 0.210921 0.519301 0.209821 0.477899 0.214756 0.442417 0.201256 0.407209 0.172974 0.384594 0.133807 0.416828 0.125672 0.447741
0 0.302173 0.475485 0.312949 0.444181 0.317947 0.411915 0.298751 0.378876 0.274073 0.436756 0.302173 0.475485
0 0.225766 0.929231 0.235946 0.929942 0.246460 0.912444 0.237759 0.888509 0.217336 0.885465 0.198652 0.887201 0.206067 0.914541 0.225766 0.929231
0 0.293187 0.804488 0.310043 0.842291 0.321920 0.824763 0.328735 0.796255 0.323543 0.760765 0.301875 0.782401 0.293187 0.804488
0 0.350735 0.714202 0.364931 0.711244 0.370460 0.686338 0.360165 0.661345 0.344145 0.657993 0.341350 0.680956 0.350735 0.714202
0 0.377288 0.809754 0.364007 0.827407 0.351143 0.851621 0.370036 0.874570 0.395295 0.862333 0.406695 0.838223 0.408449 0.800287 0.399716 0.756904 0.385806 0.786012 0.377288 0.809754
0 0.375942 0.963378 0.370467 0.990481 0.376235 1.000000 0.393279 1.000000 0.406752 0.988799 0.399290 0.964543 0.390512 0.942118 0.386069 0.940872 0.375942 0.963378
0 0.436584 0.768173 0.447768 0.783501 0.460529 0.759389 0.456579 0.723827 0.440626 0.743274 0.436584 0.768173
0 0.419844 0.693074 0.428231 0.710188 0.432608 0.690250 0.431458 0.653015 0.428126 0.625799 0.420809 0.665369 0.419844 0.693074
0 0.482248 0.780281 0.497909 0.796861 0.516726 0.796747 0.539146 0.786448 0.528131 0.754704 0.506142 0.730606 0.481337 0.706834 0.472295 0.741942 0.482248 0.780281
0 0.522193 0.871988 0.530253 0.862984 0.520169 0.844129 0.509702 0.859943 0.522193 0.871988
0 0.551666 0.877515 0.569363 0.880833 0.573668 0.860602 0.573272 0.835893 0.558957 0.819109 0.548285 0.851408 0.551666 0.877515
0 0.597355 0.751504 0.591069 0.725920 0.582996 0.695669 0.574605 0.680167 0.549261 0.673694 0.546913 0.715360 0.559740 0.751748 0.584085 0.767491 0.597355 0.751504
0 0.720037 0.943229 0.723459 0.931261 0.709081 0.915964 0.704997 0.937959 0.720037 0.943229
0 0.822592 0.704240 0.839185 0.745305 0.856529 0.727273 0.870121 0.699790 0.850762 0.660758 0.824969 0.681131 0.822592 0.704240
0 0.619492 0.813471 0.629604 0.850451 0.642686 0.869067 0.644091 0.830952 0.638713 0.780440 0.616299 0.753010 0.612850 0.802573 0.619492 0.813471
0 0.633017 0.989609 0.628137 0.945060 0.613828 0.968026 0.618497 0.990947 0.633017 0.989609
0 0.828202 0.106358 0.840500 0.133263 0.857391 0.131627 0.859574 0.092405 0.843062 0.065998 0.829249 0.086005 0.828202 0.106358
0 0.992251 0.449894 1.000000 0.450909 1.000000 0.406002 1.000000 0.350576 0.994611 0.352044 0.980821 0.404474 0.992251 0.449894
0 0.471506 0.589393 0.475831 0.569634 0.469562 0.562173 0.458913 0.553524 0.451729 0.573524 0.471506 0.589393
0 0.362609 0.253011 0.380558 0.226216 0.389848 0.197181 0.381880 0.183907 0.348796 0.194907 0.350431 0.240082 0.362609 0.253011
0 0.486122 0.473953 0.514148 0.485690 0.536409 0.457980 0.543618 0.420590 0.532752 0.408886 0.525318 0.404822 0.486777 0.443547 0.486122 0.473953
0 0.498081 0.247799 0.517082 0.236549 0.518518 0.198808 0.505584 0.157896 0.492866 0.215372 0.498081 0.247799
0 0.542993 0.260758 0.552025 0.248884 0.549782 0.219279 0.538531 0.201569 0.524939 0.227947 0.542993 0.260758
0 0.409332 0.132990 0.423469 0.173642 0.460853 0.163787 0.485928 0.120893 0.483821 0.073028 0.451177 0.029876 0.417780 0.073272 0.409332 0.132990
1 0.310621 0.739135 0.300216 0.869527 0.300280 0.938872 0.333715 1.000000 0.397066 1.000000 0.424149 1.000000 0.543292 1.000000 0.622242 1.000000 0.648258 0.903332 0.602975 0.654733 0.525366 0.540798 0.396303 0.538563 0.323331 0.647002 0.310621 0.739135
1 0.331224 0.121950 0.319401 0.261881 0.355734 0.424193 0.397725 0.517573 0.422333 0.542520 0.518012 0.538277 0.557961 0.478324 0.567074 0.372224 0.580516 0.232002 0.548678 0.111694 0.494976 0.014813 0.478529 0.001025 0.400067 0.001011 0.361188 0.046366 0.331224 0.121950
