0 0.483404 0.312882 0.483386 0.317846 0.478382 0.322788 0.478376 0.324442 0.476709 0.326089 0.470065 0.326058 0.469937 0.360790 0.476580 0.360825 0.478235 0.362487 0.479896 0.362496 0.483206 0.365821 0.484868 0.365830 0.491489 0.372482 0.493151 0.372491 0.503086 0.382472 0.508073 0.382500 0.509730 0.384163 0.519708 0.384220 0.521378 0.382575 0.534689 0.382651 0.536361 0.381005 0.538026 0.381015 0.539696 0.379368 0.541361 0.379377 0.556409 0.364558 0.556416 0.362901 0.564781 0.354662 0.566447 0.354671 0.574815 0.346429 0.581484 0.346463 0.581533 0.334862 0.576531 0.334838 0.573210 0.331508 0.571544 0.331500 0.569883 0.329835 0.568216 0.329827 0.566557 0.328162 0.564891 0.328155 0.563230 0.326489 0.559898 0.326474 0.558239 0.324809 0.556572 0.324801 0.554912 0.323137 0.553247 0.323130 0.551587 0.321465 0.549922 0.321457 0.546604 0.318129 0.546624 0.313160
0 0.669349 0.486235 0.669148 0.529321 0.674162 0.529363 0.684145 0.539389 0.684137 0.541046 0.689131 0.546061 0.689123 0.547717 0.694116 0.552733 0.694108 0.554391 0.699103 0.559406 0.699095 0.561063 0.702424 0.564407 0.702416 0.566064 0.704090 0.566079 0.707420 0.569424 0.709093 0.569439 0.712424 0.572784 0.712399 0.577757 0.747565 0.578079 0.747590 0.573103 0.750958 0.569817 0.752634 0.569832 0.756003 0.566544 0.757680 0.566560 0.759364 0.564915 0.761040 0.564930 0.762726 0.563286 0.764403 0.563301 0.766088 0.561658 0.767764 0.561672 0.769451 0.560028 0.771128 0.560042 0.772814 0.558397 0.781202 0.558471 0.781289 0.541873 0.776255 0.541830 0.774586 0.540156 0.772908 0.540142 0.771240 0.538469 0.769562 0.538454 0.767893 0.536780 0.766216 0.536766 0.764548 0.535093 0.762871 0.535079 0.759534 0.531730 0.757858 0.531716 0.754521 0.528371 0.752845 0.528357 0.741172 0.516646 0.739496 0.516632 0.736162 0.513287 0.734486 0.513274 0.731153 0.509929 0.729477 0.509916 0.727810 0.508243 0.726136 0.508230 0.721135 0.503214 0.719461 0.503201 0.717795 0.501530 0.716121 0.501517 0.714455 0.499844 0.712780 0.499831 0.709448 0.496488 0.707775 0.496476 0.706109 0.494805 0.702761 0.494779 0.699430 0.491436 0.699454 0.486461
0 0.179053 0.436539 0.178988 0.466119 0.185557 0.466166 0.188835 0.469477 0.190477 0.469489 0.195395 0.474455 0.197039 0.474468 0.200317 0.477779 0.201961 0.477791 0.205240 0.481102 0.206884 0.481114 0.210163 0.484426 0.211807 0.484439 0.213448 0.486095 0.215092 0.486108 0.218372 0.489421 0.220017 0.489433 0.223297 0.492746 0.224942 0.492759 0.226582 0.494416 0.228228 0.494429 0.231510 0.497743 0.233154 0.497756 0.236437 0.501069 0.238082 0.501082 0.241365 0.504396 0.243010 0.504409 0.244652 0.506067 0.246299 0.506080 0.247940 0.507738 0.252879 0.507778 0.254529 0.506146 0.257822 0.506172 0.259472 0.504539 0.264413 0.504579 0.266065 0.502947 0.280892 0.503064 0.287503 0.496532 0.287526 0.488302 0.285883 0.486644 0.285887 0.484998 0.277668 0.476707 0.277672 0.475062 0.276024 0.475049 0.274381 0.473391 0.274385 0.471744 0.272743 0.470087 0.271094 0.470075 0.262878 0.461788 0.261232 0.461776 0.257946 0.458461 0.256299 0.458450 0.249730 0.451820 0.248083 0.451809 0.241515 0.445183 0.238223 0.445161 0.234940 0.441848 0.234952 0.436912
0 0.273345 0.246000 0.273322 0.254246 0.271668 0.255891 0.271664 0.257540 0.270010 0.259184 0.270001 0.262482 0.268347 0.264126 0.268343 0.265775 0.265036 0.269061 0.258441 0.269037 0.258359 0.300358 0.264953 0.300386 0.266598 0.302041 0.268246 0.302048 0.269891 0.303703 0.271540 0.303710 0.284699 0.316956 0.286350 0.316964 0.291285 0.321933 0.292935 0.321941 0.294581 0.323597 0.301183 0.323627 0.302830 0.325284 0.302815 0.330232 0.302830 0.325284 0.304484 0.323642 0.312740 0.323680 0.314396 0.322039 0.322654 0.322076 0.324312 0.320433 0.325963 0.320441 0.327621 0.318799 0.329273 0.318806 0.330931 0.317163 0.332584 0.317171 0.335899 0.313886 0.337552 0.313893 0.339210 0.312250 0.340863 0.312257 0.344179 0.308970 0.349140 0.308992 0.349196 0.290831 0.344235 0.290811 0.339290 0.285839 0.337636 0.285832 0.334340 0.282518 0.334345 0.280868 0.332692 0.280861 0.329395 0.277547 0.329400 0.275896 0.324458 0.270925 0.324462 0.269275 0.322814 0.267619 0.322819 0.265968 0.319525 0.262655 0.319530 0.261005 0.317882 0.259348 0.317887 0.257696 0.312944 0.252728 0.312963 0.246126
0 0.545522 0.173898 0.545495 0.180534 0.543822 0.182190 0.543815 0.183848 0.542143 0.185503 0.542136 0.187162 0.538790 0.190472 0.538783 0.192131 0.537110 0.193785 0.537104 0.195443 0.533759 0.198753 0.533752 0.200410 0.532080 0.202065 0.532074 0.203723 0.528728 0.207030 0.523733 0.207018 0.523531 0.258394 0.530190 0.258417 0.535166 0.263406 0.536831 0.263412 0.541809 0.268402 0.543474 0.268408 0.545132 0.270071 0.546799 0.270077 0.550117 0.273404 0.551783 0.273410 0.555102 0.276737 0.560102 0.276756 0.561762 0.278420 0.563436 0.276768 0.568437 0.276787 0.570111 0.275134 0.571779 0.275141 0.578477 0.268533 0.580145 0.268539 0.585170 0.263580 0.585177 0.261922 0.588528 0.258615 0.588535 0.256957 0.591888 0.253650 0.591895 0.251990 0.593571 0.250337 0.593578 0.248679 0.601959 0.240407 0.608639 0.240428 0.608770 0.210548 0.602089 0.210531 0.600427 0.208867 0.600434 0.207207 0.598765 0.207203 0.577158 0.185575 0.577165 0.183916 0.572181 0.178926 0.572202 0.173948
0 0.886714 0.627560 0.886685 0.632544 0.883299 0.635834 0.881616 0.635817 0.879922 0.637461 0.878239 0.637444 0.876547 0.639088 0.874864 0.639071 0.871480 0.642358 0.869797 0.642340 0.868105 0.643985 0.866423 0.643967 0.864732 0.645611 0.863049 0.645594 0.861357 0.647236 0.859676 0.647219 0.857985 0.648861 0.856303 0.648844 0.854611 0.650487 0.849568 0.650434 0.849457 0.670356 0.854500 0.670410 0.861189 0.677124 0.861179 0.678785 0.866197 0.683820 0.866188 0.685480 0.869533 0.688839 0.869524 0.690498 0.872869 0.693857 0.872859 0.695517 0.874533 0.697196 0.874523 0.698856 0.876196 0.700536 0.876186 0.702196 0.881206 0.707234 0.881196 0.708894 0.887889 0.715613 0.887879 0.717274 0.899595 0.729036 0.901278 0.729056 0.902953 0.730736 0.911373 0.730836 0.913067 0.729196 0.916436 0.729236 0.919826 0.725952 0.921510 0.725972 0.924901 0.722691 0.926586 0.722710 0.929976 0.719426 0.931663 0.719446 0.933358 0.717804 0.935043 0.717824 0.936739 0.716181 0.938426 0.716201 0.940122 0.714559 0.941808 0.714579 0.945200 0.711294 0.946887 0.711313 0.948585 0.709670 0.950271 0.709689 0.953665 0.706404 0.955352 0.706423 0.958748 0.703137 0.960435 0.703156 0.962132 0.701512 0.963820 0.701531 0.965519 0.699887 0.967206 0.699906 0.970603 0.696619 0.975669 0.696676 0.975751 0.683368 0.970685 0.683312 0.965652 0.678267 0.965662 0.676603 0.962306 0.673241 0.962316 0.671577 0.960639 0.669896 0.960649 0.668232 0.958972 0.666550 0.958982 0.664887 0.955626 0.661525 0.955636 0.659861 0.952282 0.656500 0.952292 0.654836 0.950615 0.653154 0.950625 0.651492 0.932180 0.633005 0.932210 0.628017
0 0.359444 0.186778 0.359424 0.193391 0.357764 0.195039 0.357759 0.196693 0.356098 0.198342 0.356093 0.199995 0.351114 0.204940 0.351109 0.206594 0.347789 0.209890 0.347784 0.211542 0.342806 0.216486 0.342801 0.218138 0.339484 0.221433 0.339479 0.223086 0.329528 0.232967 0.324569 0.232953 0.324516 0.251115 0.329474 0.251131 0.331122 0.252788 0.332776 0.252794 0.339370 0.259421 0.341023 0.259427 0.345968 0.264399 0.347623 0.264405 0.350921 0.267719 0.352575 0.267725 0.355873 0.271039 0.357528 0.271045 0.360827 0.274361 0.362481 0.274367 0.365781 0.277684 0.367436 0.277690 0.370735 0.281007 0.372391 0.281013 0.374041 0.282671 0.375696 0.282677 0.377346 0.284335 0.379002 0.284341 0.380653 0.286000 0.380637 0.290956 0.402170 0.291042 0.402187 0.286085 0.405512 0.282792 0.407169 0.282798 0.408831 0.281152 0.410489 0.281158 0.420471 0.271274 0.420477 0.269621 0.425469 0.264678 0.425474 0.263024 0.443791 0.244888 0.448771 0.244904 0.448860 0.220077 0.443879 0.220064 0.424032 0.200154 0.422373 0.200150 0.419067 0.196833 0.417408 0.196829 0.415756 0.195170 0.414096 0.195166 0.412443 0.193508 0.410785 0.193505 0.409132 0.191847 0.409149 0.186883
0 0.576816 0.266868 0.576796 0.271843 0.573446 0.275147 0.571779 0.275141 0.568430 0.278445 0.566763 0.278439 0.565090 0.280090 0.563422 0.280084 0.561748 0.281735 0.560082 0.281729 0.555061 0.286682 0.550064 0.286662 0.550003 0.301577 0.555000 0.301598 0.556660 0.303261 0.558327 0.303268 0.559986 0.304932 0.561652 0.304939 0.563313 0.306604 0.564980 0.306611 0.568299 0.309940 0.569966 0.309947 0.579928 0.319937 0.579921 0.321594 0.584903 0.326590 0.584882 0.331563 0.609910 0.331681 0.609932 0.326706 0.613285 0.323404 0.614955 0.323412 0.621663 0.316807 0.623334 0.316814 0.646832 0.293681 0.648505 0.293687 0.656904 0.285419 0.661921 0.285438 0.661952 0.278796 0.656934 0.278778 0.650275 0.272110 0.650298 0.267129
0 0.709375 0.167546 0.709351 0.172538 0.704297 0.177520 0.702620 0.177517 0.697568 0.182498 0.695892 0.182495 0.687476 0.190793 0.685800 0.190789 0.682436 0.194107 0.677411 0.194096 0.677223 0.233990 0.683921 0.234010 0.690588 0.240679 0.692264 0.240684 0.700599 0.249023 0.700591 0.250684 0.707262 0.257356 0.707254 0.259018 0.715594 0.267360 0.715586 0.269023 0.725595 0.279035 0.725587 0.280697 0.737268 0.292382 0.738946 0.292388 0.742284 0.295728 0.743961 0.295735 0.745630 0.297405 0.748987 0.297418 0.750656 0.299089 0.762405 0.299137 0.764093 0.297480 0.767451 0.297494 0.769138 0.295837 0.770818 0.295844 0.772506 0.294187 0.774185 0.294193 0.775874 0.292536 0.777553 0.292543 0.780930 0.289228 0.782611 0.289234 0.785988 0.285919 0.787669 0.285925 0.791047 0.282610 0.792729 0.282617 0.796107 0.279300 0.797789 0.279307 0.802859 0.274330 0.804541 0.274336 0.811304 0.267699 0.812985 0.267705 0.814677 0.266046 0.814686 0.264380 0.818069 0.261060 0.823116 0.261078 0.823171 0.251082 0.816441 0.251060 0.814767 0.249389 0.814776 0.247723 0.813102 0.246052 0.811420 0.246047 0.799710 0.234351 0.798027 0.234346 0.787993 0.224324 0.788002 0.222658 0.776298 0.210970 0.774617 0.210966 0.761247 0.197612 0.761255 0.195947 0.754572 0.189272 0.754580 0.187607 0.747898 0.180934 0.747906 0.179268 0.746235 0.177601 0.746243 0.175936 0.744573 0.174268 0.744607 0.167608
0 0.583001 0.000000 0.582980 0.000000 0.572917 0.002848 0.571247 0.002850 0.566218 0.007843 0.564549 0.007844 0.557845 0.014500 0.551171 0.014507 0.551009 0.054381 0.557682 0.054379 0.584276 0.080960 0.584255 0.085945 0.621014 0.085954 0.621043 0.079303 0.624403 0.075979 0.624410 0.074315 0.644575 0.054351 0.649597 0.054350 0.649650 0.042700 0.642955 0.042704 0.641288 0.041041 0.639615 0.041042 0.637949 0.039380 0.636275 0.039381 0.632944 0.036055 0.631271 0.036056 0.627940 0.032730 0.627947 0.031066 0.626282 0.029404 0.626290 0.027740 0.624624 0.026077 0.624668 0.016094 0.623002 0.014432 0.623010 0.012769 0.621345 0.011106 0.621352 0.009442 0.611362 0.000000 0.611369 0.000000 0.608040 0.000000 0.608069 0.000000
0 0.768490 0.745701 0.768455 0.752325 0.766771 0.753961 0.766762 0.755617 0.765079 0.757252 0.765071 0.758908 0.763387 0.760544 0.763379 0.762199 0.760011 0.765469 0.760003 0.767125 0.758320 0.768759 0.758311 0.770415 0.754945 0.773682 0.754937 0.775338 0.751571 0.778606 0.751563 0.780261 0.741469 0.790060 0.734776 0.789973 0.734644 0.816442 0.739663 0.816510 0.761312 0.838315 0.762987 0.838338 0.772983 0.848406 0.772975 0.850060 0.774641 0.851739 0.774615 0.856703 0.798074 0.857036 0.798101 0.852070 0.803157 0.847174 0.803166 0.845519 0.804851 0.843887 0.804860 0.842231 0.806547 0.840598 0.806627 0.825695 0.804958 0.824015 0.804967 0.822360 0.803299 0.820682 0.803308 0.819025 0.801639 0.817346 0.801675 0.810722 0.803361 0.809088 0.803370 0.807431 0.805056 0.805798 0.805064 0.804142 0.806751 0.802507 0.806760 0.800851 0.808446 0.799216 0.808464 0.795903 0.810150 0.794269 0.810212 0.782670 0.808544 0.780992 0.808580 0.774364 0.806911 0.772686 0.806920 0.771030 0.805251 0.769351 0.805260 0.767694 0.803592 0.766016 0.803601 0.764358 0.801923 0.764337 0.795249 0.757626 0.795258 0.755970 0.790254 0.750937 0.790280 0.745966
0 0.112632 0.862011 0.112604 0.876722 0.119144 0.876818 0.133835 0.891749 0.135472 0.891773 0.138737 0.895092 0.138727 0.899997 0.158369 0.900295 0.158379 0.895389 0.160020 0.893778 0.161658 0.893803 0.163299 0.892191 0.169851 0.892290 0.169894 0.872658 0.163341 0.872562 0.158438 0.867582 0.158448 0.862674
0 0.079998 0.835396 0.079972 0.850102 0.084871 0.850172 0.086503 0.851829 0.088136 0.851852 0.089767 0.853509 0.091400 0.853532 0.094663 0.856849 0.096296 0.856872 0.097928 0.858529 0.099561 0.858553 0.101192 0.860211 0.102827 0.860235 0.104458 0.861892 0.112632 0.862011 0.114270 0.860400 0.115905 0.860424 0.117543 0.858812 0.120815 0.858859 0.122453 0.857248 0.125724 0.857295 0.127363 0.855683 0.128999 0.855707 0.130639 0.854095 0.137184 0.854188 0.137197 0.847646 0.132287 0.847576 0.127388 0.842601 0.127401 0.836059
0 0.718151 0.087645 0.717996 0.119286 0.724707 0.119291 0.726378 0.120959 0.728055 0.120960 0.734735 0.127628 0.734711 0.132625 0.754860 0.132647 0.754885 0.127648 0.759951 0.122654 0.759960 0.120989 0.765026 0.115994 0.766707 0.115996 0.768395 0.114330 0.768404 0.112663 0.770093 0.110998 0.771774 0.110999 0.778534 0.104335 0.780215 0.104336 0.780223 0.102670 0.785295 0.097670 0.790340 0.097672 0.790393 0.087666
0 0.067141 0.710975 0.067101 0.735509 0.072000 0.735568 0.073632 0.737223 0.073623 0.742129 0.075257 0.742149 0.080150 0.747116 0.080147 0.748752 0.081782 0.748772 0.083412 0.750428 0.085046 0.750448 0.088309 0.753761 0.089944 0.753781 0.093207 0.757093 0.093204 0.758730 0.112789 0.778611 0.114426 0.778632 0.119323 0.783603 0.119314 0.788511 0.129131 0.788640 0.129141 0.783731 0.137342 0.775654 0.137348 0.772380 0.138988 0.770765 0.138998 0.765854 0.140640 0.764238 0.140646 0.760964 0.139012 0.759306 0.139018 0.756031 0.129215 0.746087 0.129218 0.744450 0.116151 0.731194 0.116154 0.729558 0.112888 0.726245 0.111253 0.726225 0.109619 0.724569 0.106348 0.724529 0.101450 0.719561 0.099815 0.719542 0.098183 0.717886 0.098195 0.711339
0 0.839701 0.000843 0.839507 0.035921 0.846251 0.035917 0.852959 0.042593 0.854645 0.042592 0.859677 0.047602 0.859649 0.052613 0.881585 0.052605 0.881614 0.047592 0.885011 0.044248 0.886699 0.044247 0.893492 0.037557 0.895181 0.037556 0.900278 0.032537 0.901968 0.032536 0.905365 0.029190 0.912126 0.029185 0.912244 0.009113 0.905483 0.009121 0.903803 0.007451 0.903842 0.000760
0 0.738038 0.473473 0.738013 0.478453 0.734643 0.481747 0.729618 0.481710 0.729519 0.501621 0.734544 0.501660 0.736212 0.503332 0.737888 0.503345 0.739555 0.505017 0.739521 0.511655 0.757960 0.511802 0.757994 0.505162 0.766422 0.496927 0.766431 0.495267 0.768116 0.493619 0.768133 0.490298 0.769820 0.488650 0.774854 0.488688 0.774863 0.487028 0.769829 0.486990 0.768159 0.485316 0.768168 0.483656 0.766499 0.481984 0.766542 0.473680
0 0.764829 0.154316 0.764803 0.159314 0.759738 0.164303 0.751340 0.164289 0.751222 0.187600 0.757939 0.187614 0.762951 0.192621 0.762917 0.199282 0.794850 0.199356 0.794885 0.192691 0.803339 0.184377 0.805021 0.184380 0.808404 0.181053 0.810087 0.181057 0.816855 0.174402 0.823587 0.174414 0.823696 0.154404
0 0.479305 0.074309 0.479262 0.085917 0.470916 0.094206 0.464266 0.094204 0.464121 0.133983 0.470770 0.133990 0.475739 0.138968 0.475733 0.140626 0.477390 0.142286 0.479052 0.142288 0.480710 0.143947 0.484036 0.143952 0.485693 0.145611 0.490683 0.145618 0.492352 0.143962 0.495680 0.143967 0.520748 0.119116 0.520754 0.117457 0.524099 0.114141 0.529097 0.114145 0.529129 0.105848 0.524132 0.105845 0.520813 0.102524 0.520826 0.099205 0.517508 0.095884 0.517514 0.094225 0.509219 0.085925 0.509225 0.084266 0.505909 0.080947 0.505934 0.074310
0 0.774365 0.904675 0.774279 0.921212 0.779303 0.921289 0.780969 0.922968 0.782643 0.922994 0.784310 0.924674 0.785984 0.924700 0.787651 0.926380 0.789327 0.926406 0.792659 0.929765 0.794335 0.929791 0.797669 0.933152 0.799344 0.933178 0.801012 0.934858 0.802688 0.934884 0.804355 0.936565 0.806031 0.936591 0.807698 0.938271 0.807672 0.943235 0.824439 0.943499 0.824466 0.938534 0.826152 0.936906 0.827830 0.936932 0.829517 0.935303 0.837906 0.935434 0.839594 0.933806 0.846308 0.933910 0.846410 0.915698 0.827948 0.915416 0.826279 0.913735 0.822925 0.913684 0.821256 0.912004 0.819578 0.911978 0.817911 0.910298 0.817937 0.905332
0 0.324258 0.338581 0.324181 0.364970 0.330788 0.365006 0.332436 0.366665 0.344004 0.366727 0.345661 0.365085 0.347315 0.365094 0.348973 0.363454 0.355586 0.363489 0.355663 0.338734
0 0.345175 0.000000 0.345125 0.000000 0.350094 0.000000 0.366609 0.014699 0.366594 0.019667 0.398096 0.019637 0.398113 0.014666 0.401442 0.011348 0.403102 0.011347 0.409761 0.004709 0.411422 0.004707 0.416420 0.000000 0.418079 0.000000 0.424745 0.000000 0.429727 0.000000 0.429767 0.000000
0 0.186647 0.000000 0.186595 0.004982 0.193181 0.004973 0.196467 0.008272 0.198115 0.008270 0.199757 0.009919 0.201404 0.009917 0.206335 0.014866 0.207983 0.014864 0.211270 0.018164 0.212918 0.018162 0.214562 0.019811 0.216210 0.019810 0.217853 0.021460 0.219502 0.021459 0.221147 0.023109 0.222795 0.023108 0.224439 0.024758 0.227736 0.024755 0.229381 0.026405 0.232679 0.026402 0.234323 0.028053 0.235973 0.028052 0.237618 0.029703 0.239267 0.029702 0.240913 0.031352 0.247511 0.031347 0.249156 0.032998 0.252456 0.032996 0.254103 0.034647 0.254090 0.039605 0.287113 0.039586 0.287127 0.034625 0.292097 0.029661 0.293749 0.029660 0.295407 0.028004 0.297059 0.028003 0.298717 0.026347 0.303677 0.026343 0.303804 0.000000
0 0.945913 0.314912 0.945802 0.333266 0.952561 0.333298 0.954241 0.334974 0.954231 0.336643 0.959272 0.341673 0.959241 0.346680 0.960932 0.346688 0.960962 0.341681 0.962663 0.340020 0.964353 0.340029 0.967756 0.336708 0.969447 0.336716 0.976254 0.330071 0.977946 0.330079 0.979647 0.328417 0.984724 0.328440 0.984807 0.315082
0 0.345175 0.000000 0.345120 0.000000 0.351744 0.000000 0.363304 0.011390 0.363299 0.013047 0.364957 0.013045 0.366609 0.014699 0.369924 0.014696 0.371575 0.016350 0.374890 0.016346 0.376542 0.018002 0.389807 0.017989 0.391472 0.016330 0.393130 0.016328 0.394795 0.014670 0.398113 0.014666 0.399778 0.013008 0.401437 0.013006 0.406432 0.008028 0.408091 0.008026 0.413087 0.003048 0.414748 0.003046 0.419746 0.000000 0.421406 0.000000 0.424739 0.000000 0.429721 0.000000 0.429767 0.000000
0 0.171653 0.817035 0.171614 0.835042 0.178169 0.835133 0.179805 0.836793 0.179795 0.841703 0.191270 0.841865 0.191282 0.836954 0.194569 0.833724 0.196210 0.833747 0.199497 0.830518 0.201138 0.830540 0.201168 0.817437
0 0.038132 0.461824 0.038122 0.468380 0.034850 0.471634 0.033216 0.471622 0.023403 0.481379 0.021771 0.481367 0.016866 0.486243 0.015235 0.486231 0.003797 0.497606 0.002165 0.497594 0.000000 0.500842 0.000000 0.502479 0.000000 0.504104 0.000000 0.504091 0.000000 0.512209 0.000000 0.512195 0.000000 0.551464 0.000000 0.551493 0.000000 0.556445 0.000000 0.556459 0.000000 0.559761 0.000000 0.564670 0.018388 0.564847 0.018395 0.559936 0.021663 0.556692 0.023295 0.556706 0.024930 0.555084 0.028194 0.555113 0.036370 0.546998 0.038003 0.547012 0.039638 0.545388 0.039640 0.543751 0.042913 0.540504 0.042918 0.537228 0.038025 0.532274 0.038045 0.519170 0.052771 0.504544 0.054406 0.504557 0.057680 0.501305 0.059314 0.501318 0.072417 0.488306 0.078961 0.488356 0.078972 0.481797 0.074064 0.481760 0.065901 0.473501 0.065920 0.462023
0 0.210998 0.824124 0.210948 0.845419 0.220795 0.845559 0.222432 0.847219 0.232284 0.847359 0.233931 0.845744 0.237216 0.845791 0.238863 0.844175 0.240505 0.844198 0.242152 0.842582 0.248725 0.842675 0.248750 0.832840 0.243820 0.832771 0.240543 0.829449 0.240555 0.824531
0 0.932142 0.920323 0.932113 0.925297 0.928725 0.928562 0.921991 0.928458 0.921823 0.956637 0.926872 0.956718 0.933567 0.963456 0.935251 0.963483 0.951994 0.980335 0.951963 0.985308 0.968815 0.985586 0.968856 0.978953 0.977338 0.970797 0.977348 0.969139 0.982439 0.964243 0.987499 0.964324 0.987624 0.944411 0.982564 0.944332 0.980888 0.942645 0.980898 0.940986 0.979221 0.939301 0.979232 0.937641 0.977555 0.935956 0.977565 0.934296 0.975889 0.932610 0.975900 0.930951 0.974224 0.929266 0.974275 0.920968
0 0.580631 0.941302 0.580526 0.966011 0.590501 0.966173 0.590523 0.961230 0.593863 0.957989 0.595527 0.958016 0.598867 0.954774 0.600531 0.954801 0.605544 0.949937 0.612200 0.950043 0.612237 0.941802
0 0.158851 0.672718 0.158823 0.685830 0.165381 0.685904 0.170289 0.690876 0.170275 0.697434 0.186677 0.697622 0.186689 0.692702 0.188333 0.691081 0.188351 0.682883 0.186715 0.681225 0.186718 0.679585 0.185081 0.677926 0.185092 0.673007
0 0.474315 0.074308 0.474291 0.080942 0.472622 0.082599 0.472616 0.084258 0.469278 0.087574 0.467615 0.087573 0.465947 0.089231 0.464284 0.089231 0.462615 0.090887 0.457629 0.090886 0.457491 0.129004 0.464139 0.129011 0.474077 0.138966 0.474071 0.140624 0.477384 0.143943 0.479046 0.143945 0.482361 0.147264 0.482342 0.152236 0.493985 0.152253 0.494004 0.147280 0.507369 0.134032 0.507375 0.132374 0.509046 0.130717 0.510711 0.130719 0.517397 0.124090 0.522394 0.124095 0.522517 0.092568 0.517521 0.092566 0.505909 0.080947 0.505934 0.074310
0 0.534146 0.933983 0.534080 0.950443 0.540720 0.950549 0.542386 0.948930 0.558992 0.949195 0.559053 0.934374
0 0.000000 0.264786 0.000000 0.297594 0.000000 0.297615 0.000000 0.302555 0.000000 0.304196 0.000789 0.305843 0.000786 0.307484 0.005678 0.312427 0.015478 0.312470 0.017113 0.310836 0.020382 0.310851 0.022017 0.309217 0.023651 0.309225 0.026924 0.305955 0.028559 0.305962 0.030196 0.304329 0.031830 0.304336 0.036743 0.299433 0.036745 0.297791 0.040019 0.294521 0.040022 0.292880 0.041660 0.291244 0.041678 0.279751 0.040044 0.278102 0.040049 0.274818 0.038417 0.273170 0.038419 0.271528 0.036787 0.269880 0.036795 0.264954
0 0.848169 0.000000 0.848141 0.000000 0.844750 0.002507 0.839692 0.002514 0.839507 0.035921 0.846251 0.035917 0.852959 0.042593 0.854645 0.042592 0.859677 0.047602 0.859649 0.052613 0.883274 0.052605 0.883303 0.047592 0.886699 0.044247 0.888387 0.044247 0.895181 0.037556 0.896870 0.037555 0.901968 0.032536 0.903657 0.032535 0.908756 0.027515 0.910445 0.027513 0.913846 0.024166 0.918917 0.024161 0.918987 0.012452 0.912225 0.012460 0.905502 0.005776 0.903813 0.005778 0.900453 0.002438 0.898763 0.002440 0.895404 0.000000 0.895433 0.000000
0 0.586969 0.624550 0.586947 0.629508 0.585275 0.631144 0.585254 0.636103 0.583582 0.637737 0.583575 0.639389 0.580232 0.642661 0.580225 0.644312 0.576880 0.647582 0.576873 0.649234 0.566846 0.659040 0.563519 0.659005 0.561848 0.660638 0.555194 0.660567 0.555119 0.678728 0.563437 0.678820 0.565107 0.677187 0.571762 0.677261 0.573420 0.678930 0.585072 0.679058 0.586729 0.680729 0.616716 0.681061 0.618390 0.679426 0.620057 0.679444 0.621732 0.677810 0.621754 0.672851 0.623429 0.671216 0.623473 0.661297 0.625147 0.659662 0.625154 0.658008 0.628505 0.654737 0.633508 0.654790 0.633567 0.641559 0.628564 0.641508 0.623583 0.636495 0.621915 0.636478 0.620254 0.634807 0.618588 0.634790 0.616927 0.633120 0.615260 0.633103 0.613601 0.631432 0.613630 0.624818
0 0.439443 0.858276 0.452287 0.859373 0.466015 0.871429 0.483397 0.890843 0.493424 0.911977 0.484191 0.923694 0.459451 0.908724 0.441136 0.898417 0.432971 0.872772
0 0.849696 0.889874 0.861777 0.894645 0.867367 0.894728 0.869157 0.907618 0.847712 0.911884 0.834711 0.906178 0.837563 0.895202
0 0.547901 0.863485 0.570941 0.862903 0.572747 0.872068 0.563484 0.882900 0.549669 0.881783 0.547879 0.868966
0 0.530610 0.812074 0.557336 0.809691 0.572977 0.817217 0.565567 0.825345 0.536085 0.824941
0 0.917755 0.732586 0.889655 0.747899 0.873744 0.756905 0.886738 0.768110 0.925091 0.755700 0.936400 0.740178 0.925251 0.728991
0 0.469666 0.627612 0.490813 0.630569 0.524893 0.628170 0.534127 0.623685 0.528409 0.671222 0.498910 0.679131 0.456612 0.678663 0.441033 0.667530 0.445698 0.647476
0 0.528754 0.584258 0.497402 0.592203 0.481701 0.606693 0.481649 0.620414 0.500946 0.627928 0.526740 0.627272 0.536933 0.613640 0.538842 0.597174
0 0.000000 0.720612 0.035277 0.726589 0.041595 0.737542 0.019881 0.742713 0.000000 0.743238
0 0.001915 0.661859 0.007322 0.672794 0.017252 0.683782 0.012727 0.687355 0.000079 0.683589 0.000000 0.674516
0 0.012802 0.632963 0.029065 0.645830 0.027237 0.658505 0.015480 0.658379 0.007355 0.648320 0.006464 0.640152
0 0.015581 0.586734 0.029129 0.602288 0.041777 0.618744 0.042670 0.626013 0.023662 0.628540 0.012816 0.622990 0.011028 0.607553 0.014666 0.593075
0 0.059971 0.567175 0.067207 0.575414 0.067188 0.587222 0.054509 0.583470 0.051813 0.569824
0 0.157912 0.613545 0.165174 0.619074 0.162426 0.628140 0.151511 0.630756 0.143348 0.623399 0.147908 0.615264 0.151547 0.613482
0 0.277250 0.622930 0.293686 0.624918 0.304615 0.637793 0.288147 0.645824 0.270806 0.642910 0.258036 0.640044 0.268101 0.630127 0.277243 0.625665
0 0.175364 0.535455 0.189906 0.545595 0.192611 0.557454 0.180762 0.563722 0.171685 0.552718
0 0.347773 0.583482 0.388993 0.588436 0.399919 0.612291 0.383372 0.624912 0.374215 0.622994 0.343172 0.590742
0 0.390967 0.545510 0.400071 0.566609 0.391784 0.576584 0.367045 0.571791 0.346929 0.559739 0.357034 0.550696 0.371703 0.548085 0.379028 0.550888
0 0.401281 0.478849 0.491155 0.539966 0.466222 0.563546 0.422147 0.553094 0.380963 0.519836 0.375542 0.494199
0 0.814220 0.566661 0.827216 0.575067 0.838395 0.576089 0.828999 0.589817 0.817815 0.590633 0.809483 0.581349
0 0.901254 0.519471 0.906954 0.503829 0.929491 0.488308 0.940732 0.486545 0.963126 0.499649 0.969628 0.508939 0.963029 0.515353 0.952735 0.514348 0.946137 0.521681 0.933993 0.517889 0.922778 0.515955
0 0.874823 0.403914 0.910355 0.402279 0.948732 0.402508 0.961763 0.416456 0.957915 0.433074 0.930710 0.441211 0.894248 0.438197 0.874691 0.426992 0.865430 0.413089 0.874833 0.402067
0 0.955595 0.352606 0.969683 0.348050 0.995985 0.342627 1.000000 0.339998 1.000000 0.353952 1.000000 0.370666 1.000000 0.379883 1.000000 0.386254 0.997553 0.391694 0.981580 0.395303 0.976001 0.387870 0.967574 0.385972 0.963870 0.378551 0.961099 0.372060 0.953647 0.364620 0.951834 0.354436 0.955600 0.351681
0 0.011324 0.393277 0.031248 0.393395 0.030328 0.402483 0.016738 0.406036 0.010401 0.405997
0 0.000000 0.334984 0.009594 0.334171 0.012297 0.344188 0.003230 0.354144 0.000000 0.355877
0 0.722627 0.284154 0.775467 0.322182 0.837760 0.352933 0.804739 0.423777 0.748070 0.402231 0.697008 0.394564 0.684940 0.395413 0.672976 0.375101 0.673170 0.333686 0.693740 0.301547
0 0.849311 0.290186 0.871720 0.292123 0.859481 0.308706 0.849198 0.310510 0.841800 0.297546
0 0.873963 0.226486 0.889958 0.209878 0.915235 0.209014 0.926360 0.228484 0.912237 0.241402 0.890686 0.245960 0.872083 0.228331
0 0.030850 0.048194 0.055326 0.071000 0.095269 0.097481 0.141634 0.124912 0.184455 0.134097 0.230086 0.141468 0.276693 0.153430 0.288516 0.180915 0.281088 0.220254 0.251719 0.259490 0.227041 0.264888 0.159591 0.250048 0.082364 0.199655 0.043381 0.163109 0.005365 0.112933 0.000000 0.086496 0.011790 0.054587
0 0.069010 0.036307 0.071711 0.051828 0.074406 0.071000 0.064398 0.078302 0.050784 0.072826 0.053533 0.056399 0.061734 0.040876 0.068100 0.037222
0 0.330213 0.023292 0.353188 0.015010 0.374296 0.022335 0.381593 0.039778 0.363160 0.057230 0.334735 0.045310 0.328348 0.033388
0 0.555816 0.506593 0.580679 0.522384 0.575962 0.546190 0.542708 0.553235 0.533519 0.544908 0.540062 0.522969
0 0.512323 0.543810 0.508607 0.552020 0.527860 0.576921 0.542597 0.580722
1 0.459189 0.473786 0.665074 0.478968 0.574765 0.611265
