0 0.573760 0.566517 0.575730 0.599900 0.568627 0.601044 0.566945 0.602921 0.565171 0.603207 0.563489 0.605082 0.554622 0.606509 0.552756 0.605206 0.550983 0.605491 0.549117 0.604187 0.549024 0.602599 0.543432 0.598690 0.543246 0.595515 0.541383 0.594212 0.541198 0.591037 0.539334 0.589736 0.534026 0.590595 0.533009 0.573143
0 0.496283 0.216664 0.497553 0.238579 0.492292 0.239514 0.488969 0.243269 0.489240 0.247966 0.475225 0.250454 0.474955 0.245759 0.469436 0.241998 0.469346 0.240435 0.465668 0.237930 0.465578 0.236367 0.461902 0.233863 0.456659 0.234798 0.456033 0.223861
0 0.556601 0.275702 0.557900 0.297723 0.550841 0.298956 0.547499 0.302719 0.547776 0.307438 0.530151 0.310511 0.529875 0.305795 0.528023 0.304531 0.527931 0.302959 0.526078 0.301695 0.525987 0.300124 0.524135 0.298861 0.524044 0.297290 0.522192 0.296026 0.516915 0.296950 0.516092 0.282820
0 0.830899 0.272562 0.832325 0.294867 0.826897 0.295804 0.823481 0.299616 0.823786 0.304396 0.805713 0.307511 0.805410 0.302735 0.801596 0.300174 0.801495 0.298582 0.795780 0.294744 0.790370 0.295680 0.789365 0.279777
0 0.855367 0.197460 0.856802 0.219735 0.849557 0.221009 0.839309 0.232463 0.839615 0.237237 0.832379 0.238504 0.832073 0.233733 0.822529 0.227369 0.822427 0.225780 0.816705 0.221966 0.816502 0.218788 0.814595 0.217518 0.814393 0.214341 0.816097 0.212434 0.815591 0.204494
0 0.633622 0.306833 0.634003 0.313152 0.637751 0.315696 0.639529 0.315388 0.645155 0.319207 0.652278 0.317974 0.653526 0.338542 0.648182 0.339462 0.646305 0.338186 0.635625 0.340025 0.633942 0.341914 0.626829 0.343138 0.625146 0.345025 0.623368 0.345331 0.621687 0.347218 0.602157 0.350577 0.600478 0.352462 0.598705 0.352767 0.597025 0.354651 0.591708 0.355565 0.590204 0.330311 0.595519 0.329391 0.600553 0.323737 0.600459 0.322159 0.605496 0.316502 0.605213 0.311768
0 0.608938 0.554371 0.611501 0.597354 0.597254 0.599647 0.596971 0.594872 0.591351 0.590957 0.584238 0.592105 0.582262 0.558717
0 0.440599 0.479923 0.441849 0.501971 0.434844 0.503137 0.433183 0.505003 0.426181 0.506168 0.424521 0.508034 0.424788 0.512759 0.421290 0.513340 0.421023 0.508616 0.417349 0.506049 0.413854 0.506631 0.406513 0.501502 0.401275 0.502376 0.400395 0.486655
0 0.439612 0.214184 0.441302 0.243848 0.422123 0.247262 0.421858 0.242581 0.420028 0.241330 0.418288 0.241641 0.414629 0.239143 0.407669 0.240385 0.406966 0.227911 0.412184 0.226977 0.413837 0.225107 0.413484 0.218871
0 0.332590 0.434809 0.333791 0.456712 0.325128 0.458178 0.323482 0.460036 0.321750 0.460329 0.320104 0.462187 0.320360 0.466881 0.311706 0.468343 0.311451 0.463650 0.309636 0.462379 0.307907 0.462671 0.306093 0.461401 0.300907 0.462279 0.299720 0.440407
0 0.707004 0.622391 0.710543 0.680110 0.703344 0.681237 0.701643 0.683124 0.701741 0.684728 0.698339 0.688500 0.698633 0.693313 0.686049 0.695277 0.685756 0.690466 0.681968 0.687821 0.681871 0.686218 0.679977 0.684896 0.679879 0.683293 0.677987 0.681972 0.677890 0.680369 0.674106 0.677728 0.668725 0.678573 0.667658 0.660959 0.673037 0.660110 0.683220 0.648802 0.683122 0.647201 0.684820 0.645316 0.684723 0.643715 0.686420 0.641829 0.686225 0.638627 0.687923 0.636742 0.687728 0.633540 0.689426 0.631654 0.689035 0.625251
0 0.555479 0.377722 0.556501 0.395081 0.551199 0.395984 0.542831 0.405377 0.543108 0.410112 0.528990 0.412510 0.528622 0.406200 0.524912 0.403647 0.524820 0.402070 0.522966 0.400795 0.522874 0.399218 0.521020 0.397943 0.515736 0.398844 0.514911 0.384666
0 0.679604 0.529973 0.681063 0.553904 0.663155 0.556812 0.662865 0.552028 0.660980 0.550725 0.659191 0.551016 0.657306 0.549712 0.655518 0.550003 0.653633 0.548700 0.644699 0.550155 0.643010 0.552039 0.635867 0.553201 0.633987 0.551899 0.625069 0.553351 0.624211 0.539028
0 0.968475 0.125767 0.969962 0.148107 0.957169 0.150386 0.955236 0.149116 0.953409 0.149442 0.951689 0.151362 0.949864 0.151687 0.947933 0.150417 0.946108 0.150743 0.944178 0.149473 0.944072 0.147878 0.940214 0.145341 0.934743 0.146317 0.933798 0.131978
0 0.229391 0.326934 0.230215 0.342445 0.219937 0.344246 0.218307 0.346097 0.216596 0.346396 0.214803 0.345146 0.206249 0.346646 0.204458 0.345396 0.197622 0.346595 0.196890 0.332654
0 0.277799 0.324690 0.279393 0.354233 0.274229 0.355133 0.273978 0.350468 0.272173 0.349214 0.268732 0.349815 0.266929 0.348560 0.260052 0.349762 0.256449 0.347254 0.254731 0.347555 0.254648 0.346002 0.251047 0.343495 0.245898 0.344397 0.245732 0.341291 0.250881 0.340389 0.254149 0.336682 0.254066 0.335129 0.255701 0.333274 0.255451 0.328616
0 0.694868 0.424487 0.695843 0.440395 0.661854 0.446082 0.660165 0.447969 0.644103 0.450655 0.642224 0.449366 0.633313 0.450857 0.632358 0.434990
0 0.398299 0.480662 0.399618 0.504239 0.380439 0.507435 0.380177 0.502723 0.372861 0.497604 0.365901 0.498768 0.365206 0.486213
0 0.049584 0.296544 0.050657 0.318052 0.043921 0.319250 0.040708 0.322921 0.040937 0.327531 0.025799 0.330218 0.024358 0.301055
0 0.376689 0.471614 0.377649 0.488880 0.370686 0.490046 0.368859 0.488768 0.363641 0.489642 0.359990 0.487088 0.358252 0.487379 0.356427 0.486102 0.351216 0.486976 0.350611 0.476003
0 0.992639 0.939168 0.993073 0.945728 0.995035 0.947104 1.000000 0.946308 1.000000 0.959437 0.995902 0.960229 0.990663 0.965945 0.990988 0.970868 0.950260 0.976648 0.949832 0.970094 0.947877 0.968720 0.947771 0.967081 0.945817 0.965707 0.944537 0.946061
0 0.370420 0.232883 0.371374 0.250007 0.350587 0.253714 0.350329 0.249047 0.343065 0.244063 0.337880 0.244990 0.337537 0.238773
0 0.311250 0.299963 0.312184 0.317076 0.289768 0.321017 0.289346 0.313244 0.287540 0.311993 0.287455 0.310439 0.285649 0.309189 0.285397 0.304528
0 0.660631 0.694393 0.664022 0.750517 0.656845 0.751621 0.656555 0.746808 0.654666 0.745480 0.654569 0.743875 0.650791 0.741220 0.650694 0.739617 0.646916 0.736964 0.646820 0.735360 0.644933 0.734034 0.644836 0.732432 0.641062 0.729781 0.640966 0.728178 0.631539 0.721557 0.631443 0.719956 0.620144 0.712022 0.619953 0.708823 0.618071 0.707501 0.612715 0.708337 0.612334 0.701941
0 0.330876 0.403548 0.331819 0.420737 0.317971 0.423104 0.317715 0.418418 0.315900 0.417153 0.315815 0.415591 0.312188 0.413060 0.311847 0.406816
0 0.347064 0.698783 0.348016 0.716154 0.339308 0.717525 0.337480 0.716221 0.333999 0.716770 0.332172 0.715466 0.330433 0.715740 0.326782 0.713132 0.321567 0.713955 0.320967 0.702914
0 0.918394 0.601808 0.919553 0.619593 0.899405 0.622773 0.898254 0.605002
0 0.727983 0.373897 0.730152 0.408904 0.724765 0.409811 0.721372 0.413599 0.721568 0.416783 0.719871 0.418676 0.720068 0.421860 0.718371 0.423754 0.718469 0.425346 0.716773 0.427240 0.716969 0.430424 0.715273 0.432318 0.715469 0.435503 0.713773 0.437395 0.714264 0.445359 0.698123 0.448054 0.697439 0.436913 0.699134 0.435022 0.698841 0.430248 0.700535 0.428356 0.700437 0.426765 0.702132 0.424873 0.701936 0.421691 0.703631 0.419799 0.703533 0.418209 0.705227 0.416317 0.705129 0.414726 0.706825 0.412833 0.706629 0.409652 0.708323 0.407759 0.708225 0.406169 0.711615 0.402383 0.711419 0.399202 0.713113 0.397309 0.713015 0.395718 0.714711 0.393824 0.714515 0.390644 0.716209 0.388750 0.716111 0.387160 0.717807 0.385266 0.717709 0.383677 0.719405 0.381782 0.719012 0.375423
0 0.464329 0.399672 0.464959 0.410678 0.459701 0.411574 0.457858 0.410300 0.456106 0.410599 0.454265 0.409326 0.453817 0.401468
0 0.611409 0.355372 0.612072 0.366439 0.601421 0.368262 0.600761 0.357201
0 0.941271 0.953136 0.942124 0.966233 0.936587 0.967021 0.934847 0.968921 0.931157 0.969446 0.929420 0.971346 0.927575 0.971608 0.923675 0.968860 0.914462 0.970173 0.913616 0.957091
1 0.571915 0.714352 0.256683 0.647495 0.547952 0.753443 0.572607 0.760533
1 0.413473 0.661717 0.119564 0.555577 0.050981 0.589873 0.082848 0.592537 0.396673 0.663499
1 0.020029 0.389953 0.107078 0.423882 0.012002 0.440288
0 0.562651 0.740878 0.554360 0.743954 0.553085 0.747733 0.553058 0.755797 0.559037 0.755771 0.563848 0.752788 0.568478 0.746697
0 0.551683 0.740789 0.550981 0.737315 0.540000 0.736783 0.532115 0.738007 0.529418 0.742896 0.532969 0.744136 0.538000 0.745145 0.547604 0.747686 0.549578 0.747380 0.551968 0.745668 0.551864 0.743893
0 0.473372 0.716368 0.471964 0.709017 0.462411 0.706064 0.456980 0.706027 0.449333 0.710343 0.449533 0.713872 0.462599 0.718056 0.472568 0.719613
0 0.298834 0.634696 0.294148 0.628846 0.283791 0.625681 0.279418 0.625508 0.274321 0.629854 0.274919 0.631958 0.283919 0.637105 0.294091 0.636784
0 0.253549 0.630581 0.248392 0.633613 0.240544 0.631371 0.240475 0.630065 0.240745 0.626067 0.246810 0.622008 0.253039 0.620996 0.254663 0.624247 0.254872 0.628168 0.254416 0.628682
0 0.123634 0.589645 0.121520 0.585633 0.115625 0.582247 0.101273 0.581136 0.092326 0.583051 0.088897 0.590584 0.092288 0.591765 0.097206 0.594874 0.103948 0.596378 0.113875 0.594743 0.119552 0.593808
0 0.172666 0.603423 0.173501 0.610287 0.173228 0.614269 0.170961 0.616826 0.164306 0.617913 0.161274 0.614909 0.160033 0.609428 0.162773 0.606794 0.167910 0.604202 0.170243 0.602945
0 0.706432 0.574405 0.652645 0.580121 0.673646 0.660591
