0 0.799100 0.704505 0.804668 0.754442 0.815633 0.753771 0.814805 0.746368 0.817521 0.742478 0.817314 0.740627 0.826814 0.727026 0.828378 0.726932 0.832443 0.721108 0.837130 0.720827 0.835055 0.702372
0 0.823185 0.306509 0.826254 0.333609 0.830889 0.333398 0.836137 0.338609 0.836342 0.340416 0.838092 0.342154 0.838708 0.347579 0.851057 0.347009 0.850234 0.339779 0.854244 0.334148 0.854038 0.332343 0.855375 0.330466 0.856916 0.330396 0.862256 0.322896 0.866877 0.322687 0.864815 0.304654
0 0.698543 0.710471 0.702383 0.745734 0.707117 0.745447 0.708898 0.747210 0.709506 0.752783 0.731577 0.751438 0.730966 0.745870 0.736450 0.738067 0.736246 0.736212 0.738986 0.732315 0.743707 0.732031 0.742483 0.720913 0.737765 0.721195 0.732435 0.715918 0.731621 0.708509
0 0.877838 0.296832 0.884043 0.350933 0.890199 0.350648 0.893691 0.354116 0.894314 0.359533 0.898929 0.359318 0.898306 0.353902 0.904954 0.344523 0.904746 0.342719 0.907403 0.338971 0.908940 0.338900 0.908732 0.337097 0.912714 0.331479 0.917320 0.331269 0.914406 0.306060 0.909803 0.306266 0.908060 0.304534 0.907852 0.302735 0.906110 0.301004 0.905487 0.295607
0 0.639203 0.631892 0.644785 0.683766 0.651112 0.683398 0.652892 0.685160 0.660796 0.684699 0.662576 0.686462 0.673632 0.685817 0.675011 0.683871 0.678166 0.683687 0.685049 0.673968 0.684848 0.672116 0.687599 0.668233 0.692327 0.667960 0.689709 0.643919 0.684984 0.644187 0.683207 0.642429 0.681632 0.642518 0.678078 0.639000 0.676502 0.639089 0.674725 0.637330 0.673923 0.629937
0 0.851588 0.612550 0.852418 0.619889 0.851069 0.621813 0.851277 0.623648 0.849929 0.625571 0.850137 0.627407 0.848788 0.629332 0.848996 0.631168 0.840897 0.642723 0.836223 0.642990 0.839124 0.668745 0.843800 0.668474 0.854397 0.678973 0.855021 0.684496 0.864366 0.683948 0.863533 0.676587 0.867576 0.670795 0.867368 0.668957 0.872756 0.661240 0.872547 0.659403 0.875239 0.655549 0.879901 0.655280 0.876562 0.625912 0.871903 0.626176 0.868379 0.622683 0.867963 0.619014 0.866201 0.617267 0.865576 0.611767
0 0.814320 0.119192 0.817571 0.147808 0.822182 0.147630 0.823923 0.149359 0.825460 0.149300 0.830681 0.154490 0.832218 0.154430 0.833958 0.156161 0.835494 0.156101 0.837234 0.157830 0.838565 0.155981 0.841637 0.155861 0.842967 0.154012 0.842763 0.152224 0.849413 0.142986 0.849208 0.141199 0.853195 0.135662 0.857792 0.135487 0.855746 0.117635
0 0.712124 0.000000 0.712917 0.000942 0.708883 0.006443 0.709081 0.008225 0.707736 0.010060 0.707934 0.011843 0.705242 0.015513 0.705440 0.017298 0.702748 0.020969 0.702946 0.022755 0.701599 0.024591 0.701797 0.026377 0.697755 0.031891 0.693117 0.032050 0.697471 0.071388 0.702114 0.071223 0.712584 0.081629 0.714131 0.081573 0.715876 0.083308 0.720514 0.083140 0.721860 0.081295 0.723405 0.081239 0.723206 0.079450 0.727242 0.073919 0.727043 0.072130 0.728388 0.070286 0.728189 0.068499 0.733565 0.061132 0.733366 0.059344 0.736053 0.055665 0.735853 0.053878 0.738538 0.050199 0.738339 0.048414 0.741023 0.044738 0.740823 0.042953 0.743506 0.039279 0.748128 0.039119 0.745131 0.012386 0.740512 0.012541 0.737033 0.009082 0.736634 0.005520 0.734894 0.003789 0.734695 0.002008 0.732956 0.000279 0.732160 0.000000
0 0.707369 0.217177 0.709763 0.238836 0.715977 0.238575 0.721237 0.243796 0.721437 0.245602 0.724942 0.249083 0.726495 0.249017 0.728248 0.250757 0.729050 0.257983 0.736811 0.257653 0.736209 0.252235 0.738910 0.248493 0.740460 0.248427 0.743161 0.244687 0.742960 0.242882 0.747007 0.237276 0.748557 0.237211 0.749904 0.235343 0.749703 0.233540 0.751052 0.231674 0.757246 0.231416 0.755434 0.215203
0 0.336015 0.298689 0.341015 0.348328 0.347418 0.348038 0.349204 0.349806 0.349390 0.351647 0.354748 0.356950 0.355306 0.362473 0.368101 0.361886 0.367542 0.356366 0.370365 0.352541 0.370178 0.350703 0.374411 0.344968 0.374225 0.343130 0.377045 0.339310 0.376858 0.337473 0.378267 0.335564 0.383054 0.335349 0.381745 0.322495 0.376959 0.322708 0.375177 0.320944 0.374991 0.319107 0.373208 0.317343 0.372835 0.313672 0.371053 0.311906 0.370866 0.310071 0.367300 0.306541 0.367114 0.304707 0.365332 0.302941 0.364774 0.297438
0 0.588541 0.634744 0.591894 0.666284 0.596655 0.666011 0.609144 0.678366 0.609342 0.680224 0.618262 0.689048 0.619847 0.688956 0.622619 0.685057 0.622421 0.683201 0.627961 0.675408 0.627762 0.673554 0.630531 0.669661 0.635278 0.669387 0.632293 0.641593 0.627548 0.641862 0.625767 0.640099 0.624973 0.632693
0 0.790878 0.630759 0.794163 0.660224 0.798854 0.659954 0.807698 0.668716 0.809260 0.668626 0.811030 0.670377 0.817278 0.670014 0.818632 0.668082 0.820194 0.667991 0.822903 0.664126 0.822696 0.662285 0.825404 0.658423 0.830084 0.658153 0.828223 0.641597 0.823545 0.641864 0.818246 0.636612 0.817421 0.629258
0 0.500782 0.714685 0.503305 0.738980 0.509707 0.738596 0.520473 0.749237 0.520668 0.751108 0.522462 0.752882 0.522657 0.754752 0.526245 0.758298 0.526831 0.763911 0.534826 0.763424 0.534043 0.755943 0.535445 0.753977 0.541834 0.753590 0.537530 0.712515
0 0.879206 0.107803 0.880028 0.114931 0.886143 0.114702 0.885115 0.105794 0.880530 0.105964 0.879206 0.107803 0.871150 0.104524 0.870945 0.102741 0.872269 0.100902 0.872064 0.099121 0.873388 0.097283 0.873183 0.095502 0.874507 0.093665 0.873482 0.084764 0.871748 0.083040 0.870928 0.075920 0.869194 0.074197 0.868785 0.070639 0.867052 0.068915 0.866028 0.060023 0.838494 0.060999 0.841754 0.089497 0.847881 0.089274 0.849617 0.091000 0.849821 0.092782 0.853292 0.096234 0.853496 0.098016 0.860439 0.104921 0.860644 0.106704 0.863704 0.106590 0.865440 0.108316 0.868501 0.108202 0.871150 0.104524
0 0.887545 0.544300 0.891927 0.582666 0.898122 0.582325 0.901637 0.585810 0.902474 0.593126 0.928773 0.591669 0.925619 0.564280 0.920985 0.564531 0.910455 0.554085 0.910245 0.552261 0.908490 0.550519 0.907653 0.543223
0 0.854526 0.160747 0.855346 0.167904 0.850026 0.175307 0.845420 0.175490 0.849310 0.209544 0.858528 0.209166 0.857912 0.203788 0.863232 0.196369 0.863026 0.194577 0.870997 0.183461 0.875596 0.183277 0.872923 0.160026
0 0.788108 0.549624 0.792203 0.586302 0.798445 0.585959 0.803739 0.591207 0.805299 0.591121 0.807065 0.592870 0.808624 0.592784 0.810388 0.594534 0.811947 0.594448 0.813301 0.592526 0.816416 0.592354 0.817769 0.590433 0.819327 0.590347 0.823381 0.584589 0.828052 0.584333 0.826195 0.567843 0.821526 0.568096 0.809188 0.555864 0.808366 0.548539
0 0.695971 0.628696 0.703030 0.693419 0.709332 0.693049 0.708725 0.687495 0.711470 0.683609 0.714618 0.683425 0.714416 0.681574 0.718529 0.675750 0.720102 0.675659 0.721473 0.673719 0.721270 0.671869 0.724009 0.667990 0.725582 0.667899 0.731056 0.660146 0.732628 0.660055 0.735363 0.656182 0.741643 0.655821 0.739407 0.635527 0.733130 0.635882 0.731357 0.634126 0.729787 0.634215 0.728014 0.632459 0.727406 0.626927
0 0.756478 0.099795 0.761499 0.144571 0.767673 0.144334 0.771162 0.147802 0.771363 0.149594 0.781829 0.159994 0.783371 0.159933 0.786859 0.163399 0.787465 0.168780 0.793632 0.168537 0.793024 0.163158 0.799715 0.153896 0.799512 0.152104 0.800849 0.150253 0.800647 0.148462 0.801983 0.146612 0.801173 0.139450 0.799431 0.137719 0.799229 0.135930 0.795745 0.132466 0.795542 0.130677 0.788576 0.123753 0.788374 0.121964 0.784891 0.118501 0.784689 0.116712 0.781205 0.113250 0.781003 0.111462 0.779262 0.109730 0.779060 0.107942 0.777318 0.106210 0.776513 0.099058
0 0.727400 0.398412 0.731227 0.433038 0.751499 0.432042 0.750891 0.426576 0.765787 0.405719 0.770453 0.405494 0.769438 0.396402
0 0.344270 0.063968 0.345007 0.071217 0.342199 0.074955 0.342383 0.076767 0.340978 0.078638 0.341162 0.080451 0.339758 0.082322 0.333401 0.082548 0.337262 0.120690 0.349983 0.120219 0.349429 0.114769 0.360658 0.099780 0.360473 0.097965 0.361875 0.096094 0.361690 0.094280 0.364494 0.090539 0.364309 0.088726 0.365710 0.086856 0.370467 0.086686 0.368061 0.063137
0 0.718663 0.108384 0.719459 0.115554 0.716763 0.119256 0.716962 0.121049 0.708867 0.132168 0.704218 0.132344 0.707600 0.162893 0.713801 0.162651 0.717300 0.166125 0.717898 0.171520 0.731840 0.170971 0.731040 0.163781 0.735083 0.158211 0.734883 0.156415 0.740270 0.148994 0.740070 0.147198 0.744106 0.141637 0.743705 0.138050 0.745051 0.136197 0.743649 0.123648 0.741903 0.121914 0.740302 0.107582
0 0.856527 0.436015 0.860248 0.468735 0.864890 0.468499 0.866644 0.470239 0.868192 0.470161 0.869945 0.471902 0.870567 0.477360 0.881390 0.476808 0.880767 0.471352 0.882104 0.469455 0.883649 0.469376 0.887660 0.463690 0.887452 0.461873 0.892794 0.454298 0.892378 0.450666 0.895048 0.446881 0.899675 0.446650 0.898217 0.433953
0 0.394971 0.310853 0.397784 0.338376 0.402565 0.338160 0.409692 0.345216 0.410445 0.352563 0.421593 0.352055 0.421027 0.346547 0.425236 0.340825 0.425047 0.338991 0.429252 0.333275 0.430842 0.333203 0.432243 0.331298 0.432055 0.329466 0.434855 0.325657 0.439623 0.325444 0.437920 0.308962
0 0.493697 0.218648 0.496371 0.244114 0.502684 0.243851 0.504452 0.245604 0.504644 0.247425 0.511721 0.254440 0.512297 0.259902 0.517027 0.259701 0.516451 0.254241 0.519220 0.250469 0.520796 0.250403 0.523564 0.246633 0.523372 0.244813 0.526137 0.241046 0.527712 0.240981 0.530476 0.237214 0.530283 0.235397 0.531665 0.233514 0.537960 0.233253 0.536226 0.216912
0 0.756842 0.006633 0.757642 0.013753 0.756304 0.015586 0.756504 0.017366 0.752487 0.022865 0.747869 0.023022 0.752470 0.064049 0.758633 0.063830 0.762114 0.067292 0.762315 0.069077 0.772759 0.079460 0.780455 0.079182 0.781792 0.077342 0.783330 0.077287 0.784667 0.075447 0.784465 0.073662 0.788472 0.068144 0.788271 0.066361 0.789607 0.064522 0.789405 0.062739 0.790740 0.060901 0.790539 0.059119 0.794542 0.053611 0.794340 0.051828 0.797007 0.048158 0.796603 0.044596 0.797937 0.042762 0.797332 0.037420 0.795595 0.035694 0.795393 0.033913 0.793656 0.032186 0.793454 0.030406 0.791718 0.028679 0.791113 0.023341 0.789377 0.021614 0.787565 0.005609
0 0.369228 0.121331 0.372381 0.152230 0.378733 0.151987 0.382280 0.155502 0.383024 0.162779 0.395719 0.162289 0.395160 0.156834 0.400755 0.149322 0.400568 0.147504 0.403364 0.143752 0.408116 0.143572 0.405686 0.119980
0 0.512876 0.401292 0.515382 0.425163 0.521720 0.424856 0.525274 0.428375 0.525467 0.430212 0.530799 0.435493 0.532382 0.435416 0.534158 0.437175 0.534740 0.442687 0.537906 0.442532 0.537324 0.437020 0.540102 0.433192 0.541684 0.433115 0.543073 0.431201 0.542879 0.429366 0.558126 0.408348 0.562862 0.408121 0.561888 0.398961
0 0.865635 0.516094 0.868748 0.543468 0.874947 0.543137 0.876705 0.544880 0.877329 0.550359 0.881976 0.550109 0.881351 0.544631 0.892066 0.529376 0.896705 0.529130 0.895036 0.514551
0 0.506632 0.631874 0.507407 0.639311 0.504602 0.643211 0.499813 0.643481 0.503687 0.680726 0.516465 0.679987 0.517866 0.678033 0.517672 0.676170 0.524677 0.666401 0.524483 0.664540 0.527283 0.660636 0.532064 0.660363 0.529921 0.639913 0.525142 0.640182 0.523353 0.638413 0.522575 0.630981
0 0.642790 0.256197 0.646735 0.292471 0.652988 0.292197 0.660029 0.299183 0.660624 0.304630 0.660029 0.299183 0.661394 0.297299 0.664518 0.297161 0.665881 0.295279 0.667442 0.295210 0.671531 0.289563 0.676211 0.289358 0.674623 0.274858 0.669944 0.275060 0.664668 0.269826 0.664470 0.268015 0.659195 0.262779 0.658404 0.255534
0 0.848283 0.254709 0.851979 0.287110 0.856599 0.286907 0.860089 0.290375 0.860706 0.295780 0.869940 0.295372 0.869322 0.289968 0.878640 0.276899 0.878434 0.275100 0.879764 0.273235 0.879558 0.271436 0.880887 0.269572 0.885495 0.269372 0.885082 0.265776 0.880474 0.265975 0.878732 0.264244 0.878526 0.262448 0.876783 0.260716 0.875958 0.253528
0 0.885525 0.202661 0.886350 0.209826 0.881042 0.217248 0.881249 0.219040 0.879922 0.220897 0.878387 0.220960 0.874402 0.226533 0.869797 0.226725 0.872474 0.250065 0.878617 0.249804 0.882100 0.253266 0.882720 0.258656 0.890394 0.258326 0.889773 0.252938 0.903036 0.234345 0.902829 0.232553 0.906802 0.226983 0.911395 0.226791 0.908493 0.201724
0 0.765309 0.513992 0.769178 0.548793 0.784784 0.547958 0.784171 0.542463 0.792297 0.530982 0.796970 0.530735 0.794923 0.512446
0 0.744024 0.463602 0.744833 0.470908 0.743475 0.472814 0.743677 0.474642 0.740959 0.478456 0.741161 0.480285 0.733001 0.491737 0.731437 0.491817 0.730075 0.493728 0.725385 0.493969 0.727201 0.510451 0.731894 0.510207 0.737192 0.515459 0.738755 0.515377 0.740522 0.517128 0.742086 0.517046 0.743851 0.518796 0.751664 0.518387 0.759813 0.506916 0.759610 0.505086 0.760968 0.503176 0.760765 0.501347 0.762121 0.499437 0.768360 0.499115 0.764294 0.462583
0 0.623380 0.603008 0.626158 0.628902 0.638804 0.628192 0.648464 0.614632 0.648265 0.612784 0.649644 0.610848 0.654377 0.610585 0.653379 0.601353
0 0.867740 0.589522 0.871278 0.620674 0.883699 0.619974 0.889069 0.612295 0.890619 0.612208 0.891961 0.610289 0.891752 0.608457 0.893094 0.606540 0.892885 0.604708 0.894225 0.602791 0.898874 0.602532 0.897200 0.587896
0 0.519486 0.298039 0.520255 0.305337 0.517484 0.309127 0.517676 0.310953 0.513514 0.316640 0.513706 0.318466 0.510930 0.322261 0.504607 0.322543 0.506911 0.344489 0.513237 0.344201 0.515010 0.345958 0.516592 0.345886 0.518366 0.347644 0.524686 0.347355 0.526074 0.345454 0.525881 0.343626 0.534197 0.332231 0.534004 0.330405 0.535389 0.328508 0.535196 0.326682 0.536580 0.324786 0.541312 0.324574 0.538413 0.297211
0 0.809114 0.019160 0.813972 0.061869 0.820107 0.061651 0.825316 0.066830 0.826128 0.073958 0.835324 0.073628 0.834713 0.068284 0.836042 0.066448 0.835838 0.064668 0.839822 0.059165 0.839619 0.057386 0.840945 0.055552 0.840742 0.053773 0.842068 0.051941 0.841865 0.050162 0.843192 0.048331 0.847781 0.048170 0.845743 0.030398 0.841156 0.030555 0.839422 0.028832 0.838202 0.018175
0 0.753697 0.353323 0.756730 0.380561 0.764504 0.380193 0.766261 0.381937 0.766869 0.387389 0.769977 0.387241 0.769369 0.381790 0.770719 0.379900 0.772273 0.379827 0.773624 0.377938 0.775176 0.377865 0.777876 0.374088 0.777673 0.372274 0.780371 0.368499 0.785026 0.368281 0.783196 0.351961
0 0.597231 0.716482 0.600400 0.746289 0.605168 0.746001 0.606957 0.747770 0.610135 0.747577 0.611923 0.749344 0.616688 0.749056 0.618474 0.750823 0.626413 0.750341 0.627800 0.748383 0.632561 0.748094 0.635334 0.744178 0.636919 0.744082 0.638305 0.742124 0.643060 0.741837 0.640064 0.713941
0 0.666729 0.103097 0.667517 0.110279 0.666162 0.112133 0.666359 0.113928 0.662290 0.119491 0.662487 0.121289 0.654341 0.132428 0.648118 0.132664 0.651265 0.161473 0.655936 0.161292 0.659442 0.164774 0.659639 0.166575 0.661393 0.168316 0.661590 0.170119 0.665097 0.173600 0.666456 0.171737 0.669566 0.171615 0.670924 0.169753 0.670727 0.167951 0.672084 0.166088 0.671887 0.164288 0.675957 0.158705 0.675759 0.156904 0.677115 0.155044 0.676917 0.153245 0.679629 0.149527 0.679431 0.147727 0.682140 0.144011 0.681942 0.142214 0.683297 0.140357 0.683099 0.138559 0.684454 0.136701 0.684256 0.134905 0.688316 0.129339 0.687920 0.125746 0.689273 0.123892 0.688084 0.113120 0.686336 0.111384 0.685347 0.102412
0 0.458353 0.002138 0.463253 0.048953 0.467972 0.048791 0.475018 0.055783 0.475207 0.057585 0.482252 0.064578 0.482441 0.066381 0.484203 0.068128 0.484393 0.069932 0.489677 0.075176 0.489867 0.076980 0.491438 0.076924 0.493200 0.078671 0.497912 0.078503 0.499292 0.076645 0.500862 0.076589 0.510514 0.063586 0.510324 0.061784 0.511701 0.059929 0.511510 0.058128 0.514264 0.054418 0.514074 0.052618 0.516826 0.048909 0.516636 0.047111 0.519387 0.043405 0.524086 0.043243 0.523321 0.036051 0.518624 0.036212 0.515109 0.032723 0.514919 0.030924 0.513161 0.029180 0.512970 0.027382 0.505943 0.020405 0.505753 0.018608 0.498724 0.011629 0.498534 0.009832 0.495019 0.006342 0.494449 0.000954
0 0.763105 0.200427 0.763911 0.207623 0.762565 0.209486 0.756377 0.209739 0.761213 0.252986 0.765858 0.252789 0.771109 0.258003 0.771311 0.259806 0.773061 0.261545 0.773263 0.263349 0.776764 0.266825 0.776967 0.268629 0.780466 0.272105 0.781074 0.277520 0.790357 0.277117 0.789545 0.269899 0.793575 0.264289 0.793372 0.262487 0.802762 0.249412 0.808937 0.249150 0.804260 0.207782 0.799634 0.207971 0.796143 0.204502 0.795535 0.199113
0 0.638357 0.565058 0.640942 0.589038 0.645675 0.588779 0.651005 0.594056 0.652581 0.593969 0.654358 0.595729 0.657511 0.595555 0.659287 0.597313 0.660664 0.595382 0.662240 0.595295 0.669116 0.585642 0.668916 0.583798 0.671665 0.579940 0.676386 0.579683 0.674584 0.563108
0 0.835053 0.466349 0.840207 0.511920 0.846413 0.511596 0.853443 0.518569 0.858094 0.518325 0.860780 0.514514 0.860573 0.512690 0.861915 0.510786 0.861293 0.505316 0.862634 0.503412 0.862013 0.497945 0.863354 0.496044 0.867999 0.495804 0.864476 0.464862
0 0.590430 0.120369 0.593150 0.145610 0.597838 0.145431 0.611892 0.159382 0.616576 0.159200 0.617942 0.157335 0.619502 0.157275 0.631775 0.140515 0.631579 0.138714 0.632940 0.136854 0.632744 0.135054 0.635468 0.131336 0.640139 0.131159 0.638766 0.118565
0 0.439273 0.198931 0.439839 0.204390 0.437048 0.208158 0.437237 0.209978 0.434446 0.213748 0.429693 0.213941 0.434217 0.257707 0.440560 0.257439 0.444109 0.260956 0.444298 0.262781 0.447847 0.266298 0.448036 0.268124 0.451585 0.271641 0.451775 0.273466 0.457097 0.278741 0.457667 0.284220 0.465589 0.283879 0.465018 0.278401 0.467805 0.274615 0.467615 0.272789 0.470400 0.269005 0.470210 0.267180 0.474385 0.261507 0.474195 0.259684 0.478368 0.254015 0.478178 0.252193 0.479569 0.250305 0.479378 0.248483 0.482157 0.244708 0.481966 0.242887 0.483356 0.241000 0.488094 0.240803 0.485806 0.218969 0.481070 0.219163 0.477531 0.215654 0.477341 0.213836 0.472033 0.208572 0.471843 0.206755 0.470073 0.205000 0.469314 0.197729
0 0.825191 0.379151 0.829911 0.420885 0.836104 0.420583 0.848379 0.432764 0.853021 0.432535 0.854773 0.434274 0.856114 0.432383 0.857660 0.432306 0.860338 0.428523 0.861884 0.428447 0.863223 0.426556 0.863017 0.424741 0.867030 0.419072 0.871664 0.418846 0.869801 0.402531 0.865169 0.402754 0.863419 0.401017 0.863212 0.399204 0.861461 0.397466 0.861255 0.395654 0.857753 0.392179 0.857547 0.390366 0.852295 0.385153 0.851471 0.377909
0 0.420023 0.383515 0.420779 0.390873 0.419374 0.392789 0.419752 0.396469 0.418347 0.398385 0.418535 0.400226 0.417129 0.402143 0.417318 0.403985 0.415912 0.405902 0.416101 0.407745 0.414694 0.409662 0.414882 0.411504 0.413476 0.413423 0.413665 0.415265 0.412257 0.417186 0.405871 0.417492 0.408133 0.439628 0.417716 0.439161 0.419502 0.440929 0.421098 0.440851 0.422884 0.442617 0.426075 0.442461 0.427482 0.440539 0.429077 0.440461 0.430483 0.438538 0.432078 0.438460 0.441908 0.425018 0.441718 0.423175 0.444523 0.419339 0.449301 0.419109 0.448540 0.411747 0.443763 0.411975 0.441981 0.410210 0.441601 0.406530 0.439819 0.404765 0.439250 0.399245 0.437468 0.397481 0.437088 0.393803 0.435307 0.392039 0.434360 0.382845
0 0.799756 0.264024 0.802400 0.287472 0.807036 0.287269 0.814032 0.294217 0.818666 0.294012 0.820006 0.292139 0.821549 0.292071 0.825567 0.286456 0.825363 0.284654 0.829377 0.279045 0.829172 0.277242 0.830509 0.275374 0.830100 0.271770 0.831438 0.269902 0.836062 0.269702 0.835243 0.262500
0 0.470779 0.611431 0.473471 0.637476 0.486261 0.636758 0.496088 0.623115 0.495895 0.621256 0.497298 0.619309 0.502085 0.619043 0.501118 0.609756
0 0.539093 0.348535 0.541610 0.372313 0.546346 0.372093 0.551664 0.377363 0.551859 0.379193 0.557177 0.384462 0.558754 0.384388 0.560526 0.386145 0.562104 0.386070 0.564870 0.382262 0.564675 0.380432 0.567439 0.376625 0.572168 0.376404 0.569052 0.347167
0 0.566263 0.070651 0.569546 0.101247 0.575799 0.101018 0.577555 0.102761 0.579117 0.102704 0.580874 0.104447 0.581649 0.111651 0.584773 0.111535 0.583997 0.104332 0.585366 0.102475 0.586928 0.102417 0.588295 0.100561 0.588101 0.098760 0.590835 0.095048 0.590641 0.093249 0.592007 0.091393 0.593568 0.091337 0.593180 0.087740 0.594546 0.085885 0.593770 0.078695 0.595135 0.076841 0.594358 0.069655
0 0.454212 0.389302 0.459355 0.438982 0.465721 0.438671 0.467503 0.440435 0.467695 0.442278 0.476604 0.451098 0.478194 0.451019 0.479976 0.452783 0.484746 0.452547 0.491730 0.442950 0.491538 0.441110 0.497120 0.433439 0.496928 0.431600 0.501111 0.425854 0.500919 0.424015 0.502313 0.422101 0.502121 0.420263 0.504908 0.416435 0.504523 0.412761 0.505915 0.410848 0.505723 0.409012 0.503946 0.407251 0.503753 0.405415 0.501975 0.403656 0.501783 0.401819 0.494674 0.394777 0.493906 0.387436
0 0.670805 0.211422 0.671597 0.218646 0.668877 0.222387 0.664203 0.222580 0.667369 0.251517 0.679838 0.250990 0.687989 0.239747 0.687791 0.237940 0.689149 0.236068 0.695372 0.235808 0.692587 0.210533
0 0.568218 0.383943 0.572899 0.427906 0.577634 0.427675 0.579406 0.429432 0.580984 0.429355 0.591622 0.439894 0.592406 0.447231 0.593983 0.447153 0.593394 0.441651 0.596155 0.437829 0.595958 0.435996 0.597338 0.434085 0.596749 0.428587 0.598129 0.426679 0.602853 0.426449 0.602460 0.422786 0.597736 0.423015 0.595964 0.421260 0.593220 0.395633 0.594599 0.393729 0.599320 0.393505 0.598144 0.382536
0 0.513309 0.527140 0.516987 0.562279 0.532887 0.561429 0.532110 0.554031 0.533504 0.552098 0.535092 0.552013 0.540666 0.544283 0.545427 0.544032 0.543480 0.525566
0 0.499717 0.550170 0.500489 0.557575 0.499089 0.559512 0.499283 0.561364 0.496482 0.565239 0.496675 0.567093 0.493874 0.570970 0.494066 0.572824 0.491262 0.576703 0.486478 0.576962 0.489755 0.608514 0.504114 0.607723 0.503341 0.600298 0.504741 0.598356 0.506334 0.598268 0.507735 0.596326 0.507541 0.594471 0.513139 0.586706 0.512945 0.584852 0.514344 0.582912 0.514150 0.581058 0.515548 0.579119 0.512450 0.549495
0 0.536260 0.563110 0.540739 0.605704 0.545510 0.605441 0.554433 0.614271 0.555020 0.619835 0.554433 0.614271 0.555826 0.612330 0.557415 0.612242 0.558807 0.610300 0.560396 0.610212 0.563180 0.606331 0.562985 0.604478 0.568549 0.596722 0.568157 0.593020 0.570938 0.589145 0.575695 0.588885 0.573733 0.570395 0.568978 0.570651 0.567196 0.568888 0.566412 0.561495
0 0.418769 0.606810 0.421241 0.631031 0.426055 0.630762 0.431440 0.636086 0.432013 0.641679 0.444842 0.640958 0.444077 0.633504 0.445488 0.631552 0.451897 0.631193 0.449218 0.605138
0 0.446708 0.627737 0.452646 0.685555 0.457458 0.685276 0.459253 0.687052 0.459830 0.692656 0.474255 0.691817 0.473484 0.684349 0.477709 0.678474 0.479310 0.678382 0.479117 0.676516 0.483339 0.670646 0.488138 0.670371 0.486786 0.657326 0.481988 0.657600 0.476612 0.652284 0.476419 0.650421 0.460286 0.634470 0.459519 0.627023
0 0.404019 0.525383 0.407044 0.555081 0.413456 0.554742 0.415248 0.556514 0.416850 0.556429 0.418641 0.558201 0.420054 0.556259 0.421655 0.556174 0.423067 0.554232 0.424668 0.554147 0.431721 0.544446 0.436519 0.544193 0.434426 0.523805
0 0.874712 0.095446 0.875533 0.102571 0.874209 0.104410 0.868091 0.104637 0.876511 0.177849 0.884171 0.177543 0.887645 0.180998 0.888264 0.186365 0.889796 0.186304 0.889177 0.180937 0.891826 0.177238 0.893356 0.177177 0.902618 0.164244 0.902411 0.162458 0.907697 0.155078 0.907490 0.153293 0.910132 0.149606 0.914712 0.149428 0.909335 0.103106 0.904759 0.103276 0.901294 0.099829 0.900676 0.094491
0 0.587384 0.005092 0.588158 0.012255 0.586795 0.014099 0.586988 0.015890 0.584258 0.019578 0.579584 0.019735 0.584225 0.062799 0.590464 0.062580 0.595723 0.067802 0.595917 0.069599 0.599424 0.073081 0.599618 0.074877 0.601371 0.076619 0.601954 0.082010 0.611305 0.081674 0.610720 0.076285 0.616170 0.068881 0.615975 0.067086 0.620058 0.061539 0.619863 0.059745 0.622585 0.056049 0.622390 0.054255 0.626469 0.048716 0.631132 0.048554 0.628203 0.021693 0.623543 0.021850 0.620046 0.018375 0.619851 0.016586 0.618103 0.014848 0.617909 0.013060 0.616159 0.011322 0.615381 0.004166
0 0.765049 0.287293 0.770715 0.337961 0.776920 0.337678 0.778674 0.339419 0.778877 0.341230 0.782384 0.344712 0.782790 0.348336 0.786299 0.351817 0.786502 0.353630 0.788255 0.355370 0.788459 0.357183 0.790212 0.358924 0.790823 0.364362 0.800123 0.363928 0.799511 0.358492 0.804891 0.350958 0.804687 0.349148 0.807375 0.345383 0.808923 0.345312 0.811610 0.341550 0.811406 0.339741 0.814091 0.335981 0.818730 0.335769 0.816073 0.312272 0.811437 0.312480 0.800937 0.302054 0.800733 0.300247 0.793732 0.293296 0.792920 0.286074
0 0.775583 0.381497 0.776192 0.386946 0.774842 0.388836 0.770180 0.389058 0.775055 0.432717 0.781276 0.432411 0.784792 0.435900 0.784996 0.437720 0.788513 0.441210 0.788717 0.443031 0.792234 0.446519 0.793787 0.446442 0.795546 0.448186 0.796896 0.446287 0.800002 0.446133 0.802700 0.442337 0.804253 0.442260 0.806948 0.438467 0.806744 0.436646 0.814824 0.425278 0.814619 0.423459 0.820000 0.415888 0.819795 0.414071 0.822483 0.410290 0.827130 0.410065 0.825488 0.395545 0.820843 0.395767 0.813829 0.388807 0.812279 0.388880 0.810526 0.387139 0.809708 0.379883
0 0.326422 0.203444 0.330106 0.240021 0.334897 0.239823 0.349147 0.253936 0.349703 0.259429 0.360869 0.258959 0.360312 0.253469 0.365945 0.245885 0.365759 0.244056 0.367167 0.242161 0.366981 0.240332 0.368388 0.238439 0.373165 0.238241 0.368388 0.238439 0.359493 0.229627 0.359307 0.227800 0.348634 0.217226 0.347040 0.217291 0.345261 0.215527 0.345076 0.213701 0.343296 0.211939 0.343111 0.210112 0.341332 0.208350 0.340778 0.202870
0 0.732660 0.559982 0.736104 0.591234 0.740804 0.590975 0.746114 0.596234 0.746317 0.598075 0.751626 0.603334 0.751830 0.605173 0.753599 0.606927 0.756730 0.606753 0.759454 0.602899 0.761019 0.602813 0.767821 0.593186 0.767617 0.591349 0.771694 0.585579 0.777945 0.585236 0.774881 0.557710
0 0.422274 0.265549 0.425477 0.296637 0.431832 0.296360 0.433610 0.298120 0.438373 0.297913 0.441169 0.294116 0.442756 0.294047 0.446948 0.288356 0.446759 0.286528 0.448156 0.284631 0.446830 0.271843 0.445055 0.270085 0.444487 0.264607
0 0.440542 0.104149 0.441107 0.109579 0.439716 0.111448 0.439904 0.113258 0.438514 0.115127 0.438702 0.116938 0.435919 0.120679 0.436107 0.122490 0.434716 0.124362 0.434904 0.126173 0.433511 0.128044 0.427189 0.128281 0.430570 0.160945 0.436897 0.160700 0.438667 0.162455 0.439233 0.167903 0.443976 0.167719 0.443410 0.162271 0.450367 0.152893 0.450179 0.151079 0.457128 0.141714 0.456750 0.138089 0.458138 0.136217 0.456249 0.118107 0.454484 0.116354 0.453163 0.103688
0 0.488488 0.350845 0.491745 0.382007 0.498085 0.381710 0.499861 0.383469 0.504615 0.383247 0.515740 0.367995 0.520485 0.367775 0.518558 0.349472
0 0.389323 0.444259 0.392332 0.473840 0.397134 0.473600 0.398923 0.475369 0.400523 0.475289 0.405890 0.480599 0.406456 0.486149 0.417652 0.485584 0.417084 0.480036 0.419903 0.476178 0.419714 0.474328 0.421122 0.472401 0.420932 0.470552 0.423749 0.466698 0.428539 0.466460 0.427401 0.455379 0.422612 0.455615 0.419040 0.452080 0.418094 0.442851
0 0.549600 0.209081 0.553465 0.245380 0.559751 0.245117 0.568575 0.253870 0.570147 0.253803 0.571912 0.255553 0.578191 0.255287 0.579566 0.253406 0.581136 0.253339 0.586633 0.245815 0.586438 0.244000 0.587811 0.242119 0.586837 0.233051 0.585075 0.231302 0.584880 0.229490 0.570780 0.215503 0.570004 0.208254
0 0.684595 0.466589 0.689800 0.514240 0.696074 0.513914 0.697843 0.515666 0.698044 0.517501 0.701581 0.521007 0.706285 0.520761 0.707651 0.518845 0.713918 0.518518 0.708084 0.465408
0 0.877200 0.023976 0.879865 0.047048 0.885967 0.046834 0.888606 0.043176 0.888401 0.041402 0.891039 0.037747 0.895611 0.037589 0.893966 0.023404
0 0.714477 0.509269 0.718509 0.545961 0.724777 0.545627 0.726545 0.547379 0.729678 0.547212 0.731446 0.548965 0.732808 0.547045 0.734374 0.546961 0.735737 0.545043 0.737303 0.544960 0.742750 0.537290 0.747441 0.537041 0.746224 0.526043 0.741534 0.526289 0.738002 0.522788 0.737799 0.520956 0.736034 0.519205 0.735831 0.517373 0.734267 0.517455 0.732500 0.515704 0.731691 0.508376
0 0.818799 0.599608 0.821067 0.619805 0.828859 0.619367 0.830625 0.621116 0.831245 0.626626 0.842148 0.626010 0.841319 0.618666 0.844017 0.614822 0.850240 0.614473 0.848374 0.597967
0 0.795551 0.062522 0.800605 0.107142 0.805217 0.106971 0.806956 0.108700 0.808493 0.108643 0.811972 0.112102 0.812580 0.117462 0.814117 0.117404 0.813509 0.112044 0.814843 0.110201 0.816378 0.110144 0.817710 0.108300 0.819247 0.108243 0.821911 0.104558 0.821505 0.100988 0.824168 0.097305 0.828771 0.097136 0.827958 0.090001 0.821820 0.090225 0.816608 0.085042 0.816405 0.083258 0.812930 0.079803 0.812727 0.078019 0.810990 0.076291 0.810787 0.074509 0.809049 0.072781 0.808847 0.070998 0.807109 0.069270 0.806299 0.062141
0 0.391003 0.555932 0.391757 0.563368 0.390340 0.565312 0.390528 0.567173 0.389112 0.569118 0.382686 0.569462 0.386456 0.606709 0.402527 0.605828 0.401770 0.598377 0.406019 0.592530 0.405830 0.590669 0.407245 0.588720 0.407055 0.586859 0.409885 0.582964 0.414697 0.582704 0.411854 0.554827
0 0.899751 0.705945 0.902481 0.729890 0.907146 0.729607 0.908489 0.727670 0.910042 0.727577 0.914071 0.721771 0.918729 0.721490 0.916833 0.704927
0 0.667567 0.600570 0.670369 0.626419 0.676673 0.626065 0.678449 0.627823 0.680025 0.627735 0.681801 0.629494 0.688100 0.629139 0.693592 0.621401 0.699885 0.621048 0.697469 0.598919
0 0.354602 0.165704 0.358305 0.202169 0.363082 0.201978 0.364858 0.203738 0.366450 0.203674 0.371781 0.208957 0.372339 0.214432 0.371781 0.208957 0.373186 0.207069 0.374777 0.207005 0.376182 0.205117 0.377771 0.205053 0.380579 0.201278 0.380393 0.199455 0.381796 0.197568 0.381609 0.195745 0.383013 0.193859 0.387779 0.193670 0.387033 0.186383 0.382268 0.186571 0.378718 0.183052 0.378532 0.181231 0.369655 0.172434 0.368913 0.165151
0 0.842185 0.000000 0.845236 0.012592 0.849821 0.012438 0.855015 0.017606 0.855627 0.022931 0.864789 0.022619 0.864176 0.017296 0.866819 0.013646 0.866615 0.011873 0.869257 0.008225 0.869053 0.006452 0.870374 0.004629 0.870170 0.002856 0.871490 0.001034 0.870876 0.000000 0.872196 0.000000 0.870468 0.000000 0.869650 0.000000
0 0.424317 0.472241 0.430010 0.527760 0.438004 0.527344 0.439412 0.525408 0.442608 0.525242 0.444016 0.523307 0.443825 0.521455 0.450855 0.511788 0.450664 0.509937 0.452069 0.508006 0.451878 0.506155 0.453283 0.504225 0.458070 0.503979 0.456733 0.491040 0.451948 0.491283 0.450162 0.489516 0.449971 0.487668 0.448186 0.485901 0.447995 0.484053 0.446209 0.482286 0.446019 0.480439 0.442447 0.476905 0.441876 0.471363
0 0.675018 0.378923 0.681597 0.439150 0.687862 0.438842 0.689227 0.436938 0.693923 0.436707 0.695288 0.434803 0.695088 0.432977 0.701906 0.423466 0.701706 0.421641 0.704431 0.417840 0.709119 0.417613 0.706513 0.393917 0.701827 0.394140 0.698302 0.390644 0.698102 0.388822 0.694577 0.385326 0.693778 0.378041
0 0.600552 0.214288 0.604263 0.248718 0.610527 0.248454 0.612289 0.250202 0.613854 0.250136 0.615615 0.251884 0.617181 0.251818 0.618942 0.253565 0.622071 0.253432 0.623832 0.255179 0.625397 0.255112 0.627157 0.256860 0.627746 0.262300 0.630875 0.262167 0.630285 0.256727 0.633019 0.252969 0.634583 0.252903 0.635948 0.251026 0.637511 0.250960 0.637314 0.249148 0.641411 0.243517 0.646095 0.243321 0.643731 0.221606 0.637487 0.221863 0.635730 0.220119 0.634944 0.212885
0 0.663361 0.430856 0.663958 0.436342 0.661218 0.440154 0.656511 0.440386 0.660090 0.473348 0.675786 0.472556 0.675187 0.467062 0.679293 0.461333 0.679093 0.459504 0.680460 0.457595 0.680061 0.453936 0.681429 0.452029 0.681030 0.448370 0.682396 0.446465 0.687096 0.446232 0.685297 0.429784
0 0.605215 0.433700 0.609741 0.475889 0.627070 0.475014 0.626477 0.469510 0.633356 0.459946 0.638073 0.459711 0.636885 0.448718 0.632169 0.448952 0.628628 0.445442 0.628430 0.443611 0.623120 0.438347 0.622528 0.432853
0 0.583909 0.471650 0.589402 0.523170 0.594144 0.522923 0.595528 0.520998 0.597107 0.520915 0.599874 0.517068 0.601452 0.516986 0.602834 0.515064 0.602637 0.513223 0.606782 0.507458 0.611515 0.507213 0.608558 0.479642 0.603828 0.479881 0.600280 0.476367 0.599690 0.470857
0 0.858265 0.782824 0.860354 0.801345 0.865041 0.801049 0.866395 0.799099 0.867957 0.799000 0.869309 0.797049 0.868891 0.793346 0.871595 0.789447 0.876277 0.789154 0.875440 0.781753
0 0.364988 0.267979 0.367593 0.293632 0.373974 0.293355 0.377536 0.296883 0.378096 0.302383 0.387661 0.301965 0.386913 0.294636 0.388320 0.292734 0.389912 0.292664 0.392723 0.288863 0.397499 0.288657 0.395252 0.266695
0 0.406040 0.061811 0.406973 0.070851 0.405579 0.072716 0.405766 0.074524 0.404371 0.076390 0.404557 0.078199 0.403163 0.080065 0.396836 0.080291 0.400004 0.111088 0.414246 0.110565 0.413498 0.103319 0.417679 0.097713 0.417492 0.095902 0.420278 0.092167 0.420091 0.090358 0.421483 0.088492 0.420173 0.075830 0.418407 0.074077 0.417846 0.068654 0.416080 0.066902 0.415520 0.061480
0 0.797567 0.148581 0.798174 0.153956 0.796837 0.155807 0.797040 0.157600 0.795702 0.159452 0.795904 0.161244 0.793227 0.164951 0.788603 0.165133 0.792449 0.199238 0.797077 0.199050 0.802312 0.204251 0.802718 0.207845 0.804463 0.209578 0.804666 0.211375 0.809902 0.216577 0.812985 0.216450 0.814322 0.214589 0.815863 0.214525 0.830556 0.194089 0.830352 0.192296 0.833019 0.188586 0.832815 0.186793 0.834149 0.184938 0.838761 0.184753 0.838352 0.181170 0.833741 0.181354 0.830258 0.177891 0.830054 0.176100 0.826571 0.172638 0.826367 0.170847 0.821143 0.165654 0.820940 0.163863 0.819198 0.162132 0.818994 0.160340 0.815511 0.156880 0.815308 0.155088 0.813566 0.153358 0.812957 0.147986
0 0.481517 0.102653 0.482086 0.108074 0.480703 0.109940 0.475979 0.110114 0.479964 0.148122 0.484691 0.147941 0.489987 0.153194 0.490177 0.155005 0.493708 0.158508 0.493899 0.160320 0.499195 0.165573 0.499959 0.172822 0.512550 0.172330 0.511785 0.165084 0.522829 0.150116 0.529113 0.149875 0.527386 0.133605 0.522676 0.133782 0.508579 0.119795 0.508388 0.117989 0.499577 0.109246 0.498815 0.102021
0 0.765049 0.287293 0.770715 0.337961 0.776920 0.337678 0.778674 0.339419 0.778877 0.341230 0.782384 0.344712 0.782790 0.348336 0.786299 0.351817 0.786502 0.353630 0.788255 0.355370 0.788459 0.357183 0.790212 0.358924 0.790823 0.364362 0.801673 0.363856 0.800857 0.356607 0.814295 0.337791 0.818934 0.337579 0.816073 0.312272 0.809890 0.312549 0.806391 0.309073 0.806187 0.307267 0.797436 0.298579 0.797233 0.296772 0.793732 0.293296 0.792920 0.286074
0 0.756016 0.714512 0.759082 0.742296 0.765367 0.741915 0.764753 0.736357 0.766119 0.734409 0.767689 0.734314 0.769054 0.732368 0.775333 0.731989 0.773283 0.713483
0 0.481517 0.102653 0.487408 0.158751 0.492133 0.158569 0.499195 0.165573 0.499959 0.172822 0.512550 0.172330 0.511785 0.165084 0.522829 0.150116 0.529113 0.149875 0.527195 0.131798 0.520913 0.132035 0.513866 0.125040 0.513675 0.123234 0.506626 0.116240 0.506435 0.114433 0.504864 0.114491 0.501339 0.110994 0.501149 0.109188 0.499386 0.107439 0.498815 0.102021
0 0.666729 0.103097 0.667517 0.110279 0.666162 0.112133 0.666359 0.113928 0.660933 0.121347 0.661130 0.123144 0.657057 0.128714 0.655502 0.128772 0.652786 0.132487 0.648118 0.132664 0.651265 0.161473 0.655936 0.161292 0.659442 0.164774 0.659639 0.166575 0.661393 0.168316 0.661590 0.170119 0.663343 0.171860 0.663540 0.173661 0.665294 0.175403 0.665887 0.180810 0.665294 0.175403 0.666653 0.173539 0.668209 0.173477 0.670924 0.169753 0.670727 0.167951 0.673441 0.164227 0.673243 0.162427 0.675957 0.158705 0.675759 0.156904 0.677115 0.155044 0.676917 0.153245 0.679629 0.149527 0.679431 0.147727 0.682140 0.144011 0.681942 0.142214 0.683297 0.140357 0.683099 0.138559 0.685807 0.134846 0.685609 0.133049 0.688316 0.129339 0.688118 0.127542 0.690824 0.123833 0.695475 0.123659 0.694484 0.114685 0.689833 0.114858 0.688084 0.113120 0.687886 0.111326 0.686138 0.109589 0.685347 0.102412
0 0.301745 0.021800 0.304295 0.047163 0.317019 0.046727 0.321238 0.041130 0.321055 0.039319 0.322461 0.037453 0.327227 0.037292 0.325579 0.021006
0 0.898411 0.639438 0.900716 0.659622 0.910024 0.659084 0.909184 0.651744 0.911864 0.647898 0.916513 0.647631 0.915462 0.638464
0 0.404051 0.652641 0.406138 0.673196 0.414180 0.672735 0.413230 0.663392 0.414647 0.661432 0.413696 0.652095
0 0.302667 0.094584 0.309614 0.163780 0.314401 0.163596 0.321516 0.170645 0.321700 0.172470 0.325259 0.175995 0.326853 0.175932 0.328632 0.177694 0.330226 0.177632 0.332005 0.179393 0.333598 0.179331 0.335376 0.181093 0.335929 0.186566 0.340711 0.186378 0.340158 0.180906 0.342975 0.177134 0.344568 0.177072 0.348791 0.171417 0.348606 0.169594 0.351419 0.165827 0.351235 0.164006 0.354047 0.160240 0.358819 0.160056 0.356414 0.136403 0.351645 0.136582 0.349869 0.134822 0.349685 0.133004 0.347910 0.131245 0.347542 0.127609 0.345766 0.125850 0.345213 0.120396 0.343439 0.118637 0.343071 0.115003 0.339523 0.111485 0.339339 0.109669 0.337565 0.107910 0.337381 0.106094 0.335606 0.104334 0.335422 0.102518 0.333649 0.100759 0.332914 0.093495
0 0.587384 0.005092 0.588352 0.014047 0.584258 0.019578 0.579584 0.019735 0.584032 0.061004 0.588710 0.060839 0.597476 0.069544 0.597671 0.071340 0.601177 0.074822 0.601954 0.082010 0.611305 0.081674 0.610525 0.074488 0.613251 0.070786 0.614808 0.070731 0.614613 0.068936 0.617336 0.065237 0.617141 0.063442 0.621224 0.057896 0.621030 0.056104 0.623750 0.052408 0.623555 0.050616 0.624914 0.048770 0.624719 0.046977 0.627439 0.043285 0.627243 0.041494 0.628602 0.039649 0.627626 0.030696 0.624128 0.027220 0.623933 0.025430 0.622184 0.023692 0.621989 0.021903 0.620241 0.020166 0.620046 0.018375 0.616549 0.014900 0.616354 0.013112 0.614605 0.011374 0.613827 0.004218
0 0.722382 0.296438 0.727399 0.341764 0.733624 0.341479 0.738896 0.346709 0.739501 0.352155 0.750387 0.351653 0.749781 0.346209 0.755189 0.338670 0.754987 0.336858 0.757689 0.333091 0.762348 0.332879 0.761135 0.322010 0.756477 0.322219 0.754722 0.320479 0.754521 0.318668 0.747502 0.311701 0.747301 0.309891 0.742038 0.304667 0.741836 0.302856 0.740081 0.301115 0.739478 0.295685
0 0.661442 0.720149 0.663448 0.738735 0.669776 0.738354 0.673916 0.732492 0.673715 0.730635 0.675095 0.728681 0.679837 0.728397 0.678830 0.719113
0 0.526168 0.467149 0.530819 0.511380 0.535580 0.511134 0.546262 0.521710 0.547848 0.521628 0.549628 0.523390 0.551214 0.523307 0.552605 0.521380 0.555774 0.521215 0.559941 0.515436 0.561524 0.515354 0.562913 0.513429 0.567663 0.513183 0.566099 0.498446 0.559767 0.498770 0.557989 0.497010 0.557794 0.495168 0.556017 0.493407 0.554433 0.493488 0.549098 0.488205 0.548903 0.486363 0.545345 0.482841 0.545151 0.481000 0.539816 0.475718 0.539622 0.473876 0.537843 0.472116 0.537261 0.466594
0 0.446708 0.627737 0.452646 0.685555 0.457458 0.685276 0.459253 0.687052 0.459830 0.692656 0.474255 0.691817 0.473484 0.684349 0.477709 0.678474 0.479310 0.678382 0.479117 0.676516 0.483339 0.670646 0.488138 0.670371 0.486593 0.655464 0.481795 0.655737 0.476419 0.650421 0.476226 0.648558 0.461886 0.634380 0.461119 0.626934
0 0.754131 0.640257 0.757190 0.667929 0.761894 0.667657 0.761281 0.662121 0.766734 0.654381 0.772999 0.654021 0.771363 0.639277
0 0.559664 0.303602 0.563548 0.340079 0.568273 0.339865 0.571812 0.343372 0.572007 0.345198 0.573775 0.346952 0.573970 0.348778 0.575739 0.350531 0.577314 0.350459 0.579083 0.352212 0.582231 0.352068 0.589120 0.342585 0.588925 0.340761 0.593054 0.335076 0.592858 0.333252 0.595611 0.329465 0.595415 0.327643 0.596790 0.325751 0.596399 0.322108 0.597773 0.320215 0.597187 0.314751 0.595421 0.313001 0.594249 0.302079
0 0.888604 0.390703 0.892551 0.425115 0.901799 0.424661 0.900967 0.417415 0.904962 0.411756 0.904754 0.409945 0.906086 0.408061 0.905877 0.406251 0.907208 0.404366 0.913364 0.404068 0.911695 0.389599
0 0.642566 0.024799 0.645896 0.055234 0.652105 0.055016 0.659097 0.061963 0.660649 0.061908 0.662397 0.063645 0.665499 0.063536 0.668207 0.059844 0.669757 0.059790 0.669560 0.058000 0.679025 0.045095 0.678828 0.043306 0.681530 0.039624 0.686173 0.039464 0.684396 0.023383
0 0.712953 0.784392 0.716000 0.812325 0.733366 0.811229 0.730309 0.783315
0 0.522596 0.014440 0.526225 0.048584 0.530922 0.048422 0.532679 0.050166 0.534245 0.050112 0.537758 0.053600 0.537950 0.055398 0.539706 0.057143 0.541271 0.057088 0.546540 0.062320 0.548104 0.062266 0.549476 0.060412 0.552604 0.060302 0.566301 0.041792 0.565916 0.038201 0.568652 0.034505 0.573333 0.034345 0.572754 0.028962 0.568073 0.029121 0.566320 0.027381 0.565934 0.023793 0.564182 0.022053 0.563219 0.013086
0 0.581205 0.868046 0.583385 0.888715 0.591376 0.888190 0.590582 0.880675 0.594776 0.874727 0.599565 0.874415 0.598769 0.866906
0 0.408716 0.010999 0.414687 0.068765 0.421004 0.068543 0.422770 0.070294 0.422957 0.072102 0.424723 0.073854 0.425473 0.081086 0.438098 0.080636 0.437535 0.075214 0.440313 0.071489 0.440125 0.069682 0.447067 0.060378 0.446878 0.058573 0.449652 0.054855 0.449463 0.053050 0.456394 0.043761 0.461114 0.043599 0.457534 0.009385
0 0.901937 0.780100 0.904043 0.798589 0.911829 0.798098 0.913175 0.796152 0.914732 0.796054 0.916077 0.794106 0.920744 0.793813 0.919054 0.779032
0 0.522151 0.796241 0.524105 0.814996 0.528909 0.814694 0.530315 0.812717 0.533517 0.812516 0.534922 0.810541 0.541322 0.810140 0.539753 0.795148
0 0.808180 0.785948 0.810249 0.804505 0.816523 0.804109 0.817883 0.802155 0.819451 0.802056 0.822171 0.798147 0.826871 0.797852 0.825418 0.784873
0 0.622395 0.068661 0.625520 0.097394 0.630190 0.097223 0.631942 0.098964 0.633499 0.098907 0.637001 0.102386 0.637785 0.109575 0.645564 0.109287 0.644779 0.102100 0.651569 0.092838 0.651373 0.091044 0.655444 0.085491 0.660102 0.085323 0.658135 0.067393
0 0.850762 0.716293 0.853052 0.736598 0.860854 0.736125 0.860228 0.730587 0.864280 0.724769 0.868956 0.724488 0.867912 0.715266
0 0.669478 0.794600 0.671693 0.815123 0.679616 0.814622 0.678809 0.807159 0.680191 0.805195 0.679989 0.803329 0.681370 0.801366 0.680563 0.793908
0 0.587006 0.560392 0.590154 0.589956 0.594905 0.589697 0.598465 0.593221 0.600048 0.593135 0.601828 0.594896 0.603411 0.594809 0.605190 0.596572 0.605783 0.602119 0.610531 0.601857 0.609740 0.594462 0.613890 0.588659 0.615472 0.588573 0.615274 0.586725 0.618039 0.582859 0.617841 0.581013 0.620605 0.577149 0.625343 0.576892 0.623362 0.558446
0 0.795235 0.005354 0.796445 0.016019 0.805645 0.015709 0.806975 0.013880 0.813104 0.013674 0.812093 0.004792
0 0.857001 0.715920 0.859293 0.736219 0.863972 0.735935 0.863346 0.730399 0.867397 0.724582 0.866353 0.715360
0 0.439094 0.869664 0.441981 0.897998 0.446826 0.897680 0.446056 0.890123 0.448898 0.886133 0.448706 0.884245 0.450126 0.882252 0.449933 0.880363 0.452774 0.876378 0.457611 0.876064 0.456839 0.868518
0 0.888604 0.390703 0.892551 0.425115 0.900258 0.424737 0.899634 0.419301 0.903631 0.413641 0.903422 0.411831 0.904754 0.409945 0.904545 0.408135 0.908539 0.402483 0.913155 0.402260 0.911695 0.389599
0 0.464195 0.285774 0.464766 0.291255 0.463371 0.293150 0.463561 0.294978 0.460771 0.298771 0.460961 0.300600 0.455379 0.308194 0.455568 0.310024 0.454172 0.311923 0.454362 0.313753 0.448772 0.321356 0.448962 0.323188 0.447564 0.325089 0.441211 0.325373 0.443485 0.347371 0.449841 0.347082 0.453398 0.350605 0.453588 0.352438 0.457144 0.355961 0.458733 0.355888 0.464067 0.361171 0.468829 0.360952 0.471622 0.357140 0.471431 0.355307 0.474222 0.351496 0.474031 0.349664 0.475426 0.347759 0.475235 0.345928 0.476630 0.344024 0.476439 0.342192 0.480621 0.336484 0.480430 0.334653 0.488785 0.323249 0.488594 0.321421 0.489985 0.319522 0.496315 0.319240 0.494783 0.304623 0.488455 0.304901 0.486683 0.303144 0.486491 0.301317 0.479398 0.294289 0.478444 0.285158
0 0.425734 0.802228 0.426883 0.813521 0.434945 0.813017 0.436366 0.811033 0.437978 0.810933 0.439397 0.808951 0.444230 0.808650 0.443461 0.801127
0 0.477241 0.799030 0.479371 0.819696 0.487405 0.819191 0.486629 0.811677 0.488041 0.809697 0.487847 0.807819 0.489259 0.805841 0.488483 0.798331
0 0.831876 0.219280 0.834124 0.239046 0.838743 0.238852 0.844080 0.231405 0.843671 0.227814 0.845004 0.225953 0.849618 0.225761 0.848798 0.218580
0 0.899113 0.001892 0.901375 0.021372 0.910507 0.021061 0.909682 0.013977 0.912312 0.010335 0.916873 0.010181 0.915842 0.001334
0 0.484996 0.874288 0.486356 0.887488 0.492793 0.887067 0.495620 0.883085 0.497229 0.882980 0.498642 0.880991 0.503464 0.880677 0.502684 0.873140
0 0.619369 0.388882 0.624890 0.440102 0.629607 0.439870 0.638457 0.448640 0.640030 0.448562 0.641799 0.450316 0.644941 0.450160 0.647686 0.446342 0.649257 0.446264 0.653372 0.440540 0.653173 0.438711 0.658655 0.431087 0.658457 0.429259 0.661196 0.425448 0.665899 0.425219 0.663314 0.401476 0.657046 0.401776 0.655280 0.400025 0.655082 0.398200 0.651550 0.394698 0.650757 0.387398
0 0.752107 0.909651 0.753544 0.922753 0.764605 0.922008 0.763164 0.908912
0 0.703068 0.348354 0.707272 0.386556 0.711955 0.386334 0.718751 0.376867 0.718550 0.375049 0.728052 0.361812 0.734282 0.361523 0.732672 0.346995
0 0.381019 0.489295 0.382710 0.505976 0.393932 0.505402 0.392237 0.488729
0 0.643017 0.490814 0.645200 0.511016 0.649921 0.510772 0.649126 0.503425 0.651875 0.499590 0.651676 0.497754 0.653049 0.495837 0.652453 0.490332
0 0.418093 0.727109 0.419810 0.743985 0.424640 0.743696 0.426060 0.741724 0.427669 0.741628 0.427478 0.739753 0.428897 0.737782 0.428705 0.735906 0.430124 0.733937 0.429359 0.726441
0 0.890449 0.900405 0.892768 0.920887 0.909968 0.919724 0.907641 0.899256
0 0.688734 0.562346 0.691344 0.586281 0.696061 0.586023 0.697833 0.587778 0.699404 0.587692 0.704722 0.592959 0.706292 0.592873 0.708065 0.594628 0.711206 0.594455 0.712575 0.592528 0.714144 0.592441 0.716879 0.588586 0.716677 0.586746 0.718045 0.584820 0.717843 0.582979 0.719209 0.581053 0.719007 0.579214 0.720373 0.577288 0.720171 0.575449 0.721538 0.573526 0.726242 0.573270 0.724827 0.560404
0 0.764202 0.788691 0.766254 0.807280 0.770974 0.806982 0.772342 0.805024 0.773916 0.804925 0.778016 0.799052 0.782732 0.798756 0.781497 0.787613
0 0.793208 0.483142 0.795048 0.499575 0.801272 0.499253 0.803974 0.495441 0.803564 0.491789 0.804913 0.489884 0.804094 0.482585
0 0.859535 0.849987 0.862676 0.877876 0.878328 0.876844 0.877697 0.871267 0.880405 0.867344 0.885095 0.867037 0.884044 0.857748 0.879354 0.858054 0.875807 0.854544 0.875178 0.848972
0 0.366369 0.408258 0.368425 0.428567 0.376431 0.428180 0.375682 0.420794 0.377095 0.418872 0.376908 0.417026 0.378320 0.415104 0.377571 0.407725
0 0.753027 0.013908 0.759635 0.072759 0.765797 0.072539 0.769278 0.076000 0.770082 0.083143 0.785473 0.082586 0.784667 0.075447 0.786003 0.073607 0.785802 0.071823 0.787137 0.069983 0.786936 0.068199 0.788271 0.066361 0.788069 0.064577 0.789405 0.062739 0.789203 0.060956 0.794542 0.053611 0.799149 0.053449 0.796121 0.026743 0.791516 0.026900 0.789780 0.025173 0.789377 0.021614 0.787641 0.019887 0.786835 0.012772
0 0.613093 0.507132 0.618824 0.560544 0.631452 0.559867 0.634210 0.556011 0.634011 0.554168 0.635390 0.552241 0.641696 0.551905 0.636733 0.505911
0 0.846585 0.903337 0.848886 0.923853 0.856733 0.923323 0.855895 0.915862 0.859971 0.909953 0.864674 0.909637 0.863835 0.902184
0 0.484005 0.491512 0.486118 0.511830 0.494077 0.511420 0.493307 0.504030 0.494705 0.502103 0.494512 0.500257 0.497308 0.496403 0.502078 0.496159 0.501500 0.490623
0 0.814451 0.785557 0.816730 0.805965 0.823001 0.805569 0.822378 0.800003 0.823737 0.798049 0.823322 0.794339 0.824682 0.792387 0.823852 0.784971
0 0.573295 0.793065 0.575270 0.811783 0.580056 0.811483 0.581454 0.809510 0.583049 0.809410 0.584446 0.807438 0.583852 0.801824 0.585249 0.799854 0.584457 0.792372
0 0.613883 0.514490 0.618824 0.560544 0.631452 0.559867 0.634210 0.556011 0.634011 0.554168 0.636768 0.550315 0.641497 0.550064 0.637526 0.513263
0 0.386612 0.011730 0.394510 0.011469 0.393767 0.004256 0.385871 0.004515 0.386612 0.011730 0.383822 0.015443 0.382055 0.013691 0.381130 0.004671 0.357403 0.005449 0.358140 0.012671 0.356741 0.014529 0.351988 0.014687 0.356595 0.059903 0.362937 0.059682 0.364707 0.061437 0.365262 0.066869 0.367031 0.068625 0.367771 0.075869 0.377280 0.075532 0.376724 0.070101 0.382316 0.062639 0.382130 0.060829 0.383528 0.058966 0.383343 0.057157 0.388928 0.049706 0.388742 0.047898 0.390138 0.046035 0.389953 0.044229 0.391348 0.042367 0.391163 0.040561 0.392557 0.038702 0.397298 0.038540 0.396554 0.031316 0.391814 0.031477 0.390048 0.029725 0.389863 0.027920 0.388096 0.026167 0.387725 0.022557 0.385958 0.020805 0.385773 0.019000 0.384007 0.017248 0.383822 0.015443
0 0.536392 0.870953 0.538553 0.891658 0.544966 0.891237 0.544376 0.885590 0.547188 0.881616 0.546991 0.879734 0.549802 0.875764 0.554606 0.875451 0.554014 0.869810
0 0.656156 0.908500 0.658171 0.927282 0.664536 0.926854 0.665926 0.924869 0.667516 0.924762 0.670292 0.920791 0.675062 0.920472 0.673647 0.907336
0 0.721088 0.858970 0.722922 0.875788 0.732411 0.875167 0.733788 0.873195 0.740107 0.872781 0.738471 0.857842
0 0.910372 0.854162 0.911852 0.867151 0.919649 0.866640 0.920997 0.864682 0.922556 0.864580 0.923903 0.862622 0.928577 0.862316 0.927517 0.853045
0 0.801500 0.197066 0.803244 0.198800 0.803447 0.200597 0.805192 0.202330 0.809817 0.202142 0.808597 0.191370 0.800891 0.191680 0.801500 0.197066 0.794398 0.202769 0.792652 0.201035 0.792449 0.199238 0.790703 0.197503 0.790096 0.192115 0.766935 0.193047 0.767742 0.200239 0.765053 0.203962 0.765255 0.205760 0.761220 0.211349 0.756579 0.211539 0.761011 0.251183 0.765656 0.250986 0.769157 0.254461 0.769359 0.256266 0.772859 0.259740 0.773061 0.261545 0.776562 0.265020 0.776764 0.266825 0.783765 0.273776 0.788405 0.273575 0.788202 0.271770 0.792232 0.266160 0.792029 0.264356 0.794713 0.260618 0.794510 0.258814 0.806580 0.242014 0.806376 0.240214 0.807716 0.238350 0.807512 0.236551 0.808852 0.234686 0.813479 0.234493 0.812461 0.225501 0.806292 0.225758 0.804547 0.224023 0.804343 0.222224 0.802598 0.220490 0.802395 0.218693 0.797157 0.213489 0.796751 0.209894 0.795006 0.208160 0.794398 0.202769
0 0.587006 0.560392 0.590154 0.589956 0.594905 0.589697 0.596685 0.591460 0.598268 0.591373 0.600048 0.593135 0.601630 0.593048 0.603411 0.594809 0.606576 0.594636 0.608356 0.596398 0.608949 0.601944 0.608356 0.596398 0.618039 0.582859 0.617841 0.581013 0.619223 0.579081 0.619025 0.577235 0.620407 0.575303 0.625145 0.575046 0.623362 0.558446
0 0.599758 0.250730 0.600344 0.256173 0.598972 0.258055 0.599168 0.259870 0.597796 0.261752 0.597991 0.263568 0.596618 0.265450 0.596813 0.267266 0.594067 0.271034 0.587791 0.271303 0.590913 0.300397 0.601901 0.299914 0.601118 0.292639 0.606609 0.285096 0.606413 0.283278 0.610527 0.277624 0.609940 0.272177 0.611310 0.270294 0.610527 0.263034 0.608765 0.261285 0.607591 0.250400
0 0.469544 0.913307 0.471289 0.930324 0.482579 0.929569 0.480829 0.912559
0 0.801368 0.005149 0.802579 0.015812 0.813306 0.015450 0.812093 0.004792
0 0.618685 0.797768 0.620878 0.818331 0.627240 0.817929 0.626641 0.812321 0.630811 0.806414 0.637166 0.806015 0.636166 0.796678
0 0.752107 0.909651 0.754366 0.930244 0.771745 0.929069 0.769478 0.908490
0 0.392355 0.222782 0.394224 0.241039 0.400582 0.240775 0.404787 0.235102 0.404599 0.233276 0.406000 0.231385 0.410765 0.231189 0.409827 0.222069
0 0.764202 0.788691 0.766459 0.809139 0.777472 0.808444 0.775210 0.788005
0 0.796279 0.906699 0.798558 0.927256 0.808009 0.926617 0.807386 0.921011 0.810119 0.917062 0.814840 0.916745 0.813593 0.905542
0 0.566201 0.725826 0.568366 0.746346 0.576333 0.745865 0.575544 0.738403 0.578334 0.734482 0.578137 0.732618 0.579531 0.730659 0.584304 0.730374 0.583712 0.724782
0 0.890449 0.900405 0.891924 0.913436 0.902870 0.912699 0.901392 0.899674
0 0.636722 0.491136 0.637912 0.502155 0.655219 0.501264 0.654025 0.490252
0 0.521033 0.916220 0.526724 0.919749 0.528111 0.926693 0.524629 0.931618 0.518016 0.932061 0.514806 0.926801
0 0.568627 0.913836 0.573481 0.915854 0.575858 0.925839 0.573630 0.929893 0.569100 0.930978 0.564495 0.925039 0.564007 0.920388 0.565991 0.914012
0 0.614414 0.914683 0.620979 0.914245 0.623280 0.923442 0.620573 0.929079 0.614664 0.929476 0.610393 0.920407 0.611543 0.918771
0 0.635703 0.866617 0.640862 0.871718 0.643080 0.880114 0.639399 0.882689 0.632766 0.882345 0.630225 0.877073 0.631613 0.871543 0.632185 0.870729
0 0.712062 0.909725 0.717948 0.915542 0.717149 0.920256 0.710964 0.923781 0.705242 0.919501 0.705962 0.914015
0 0.468636 0.737429 0.467340 0.731308 0.472725 0.725565 0.477159 0.729949 0.478533 0.736837 0.475870 0.743195 0.470670 0.744281
0 0.557079 0.659692 0.555457 0.650557 0.563065 0.647820 0.568199 0.659056 0.568030 0.663678 0.561892 0.667877 0.554621 0.661371
0 0.433886 0.573505 0.453709 0.573210 0.462913 0.572715 0.465936 0.595591 0.464490 0.607204 0.458382 0.612156 0.448507 0.612701 0.442106 0.608436 0.434418 0.598083 0.432928 0.583549
0 0.841681 0.560680 0.864502 0.557934 0.870249 0.568974 0.869704 0.581119 0.865754 0.597252 0.858343 0.599939 0.852418 0.598752 0.844915 0.589304 0.840654 0.574374 0.839293 0.562324
0 0.895003 0.488410 0.895674 0.483106 0.900669 0.482099 0.905886 0.488601 0.906573 0.494587 0.902386 0.497062 0.898146 0.493516
0 0.590741 0.372888 0.609744 0.344097 0.626376 0.365946 0.610066 0.401451
0 0.633114 0.308430 0.619501 0.314298 0.618134 0.325643 0.619832 0.341377 0.624191 0.351725 0.635565 0.354968 0.645548 0.345474 0.644404 0.328973 0.640290 0.320887 0.634325 0.313638
0 0.656243 0.336711 0.684762 0.366998 0.668007 0.397176 0.643312 0.366667 0.656161 0.335962
0 0.667140 0.312177 0.699956 0.311466 0.699936 0.334726 0.689220 0.348740 0.676028 0.340321 0.669252 0.325599
0 0.580409 0.155641 0.596492 0.155020 0.602184 0.213788 0.585514 0.215216 0.578478 0.155715
0 0.632130 0.156624 0.649036 0.158202 0.652866 0.210973 0.637463 0.211601
0 0.547800 0.104701 0.580819 0.147422 0.562261 0.179497 0.538095 0.122942 0.544409 0.109295
0 0.674003 0.000000 0.675866 0.011316 0.684460 0.013975 0.696090 0.000000
0 0.512398 0.000000 0.507247 0.000000 0.513536 0.007485 0.525028 0.012290 0.530439 0.002483 0.524666 0.000000
