0 0.521463 0.863029 0.521362 0.868982 0.514630 0.876015 0.514605 0.877504 0.501158 0.891550 0.501133 0.893037 0.491063 0.903557 0.489411 0.903823 0.486058 0.907326 0.484407 0.907592 0.481055 0.911094 0.477756 0.911625 0.474407 0.915124 0.472758 0.915389 0.471085 0.917138 0.469438 0.917403 0.467765 0.919151 0.466118 0.919415 0.464446 0.921162 0.462799 0.921427 0.461128 0.923174 0.459482 0.923438 0.457811 0.925185 0.456167 0.925449 0.454496 0.927194 0.452852 0.927458 0.449514 0.930948 0.447870 0.931211 0.446201 0.932955 0.444559 0.933218 0.442891 0.934962 0.441249 0.935225 0.437916 0.938711 0.436275 0.938973 0.434609 0.940715 0.428050 0.941761 0.427822 0.955082 0.434381 0.954041 0.437612 0.956482 0.439253 0.956222 0.444104 0.959885 0.445746 0.959625 0.450601 0.963292 0.450525 0.967738 0.488424 0.961762 0.488500 0.957306 0.493532 0.952064 0.493558 0.950578 0.510355 0.933082 0.510381 0.931595 0.520476 0.921078 0.520501 0.919590 0.527238 0.912572 0.527263 0.911083 0.530634 0.907572 0.530659 0.906082 0.537405 0.899054 0.537430 0.897564 0.554318 0.879967 0.554343 0.878475 0.559417 0.873189 0.557775 0.871967 0.557851 0.867491 0.556211 0.866271 0.556237 0.864780 0.554596 0.863560 0.554698 0.857594
0 0.741275 0.448171 0.741199 0.452692 0.737742 0.456342 0.736040 0.456659 0.734313 0.458484 0.732611 0.458801 0.730886 0.460625 0.729184 0.460941 0.724009 0.466408 0.722309 0.466724 0.720584 0.468545 0.715490 0.469492 0.715211 0.486048 0.720305 0.485106 0.721979 0.486297 0.725378 0.485669 0.727052 0.486861 0.728753 0.486547 0.730429 0.487739 0.732129 0.487425 0.740514 0.493391 0.742216 0.493078 0.745573 0.495466 0.747277 0.495153 0.748956 0.496347 0.755779 0.495092 0.757511 0.493270 0.759217 0.492956 0.760949 0.491132 0.762657 0.490818 0.773062 0.479868 0.774773 0.479552 0.778244 0.475899 0.779955 0.475583 0.783429 0.471929 0.786854 0.471295 0.788592 0.469466 0.790306 0.469149 0.795523 0.463660 0.797238 0.463342 0.798979 0.461511 0.800694 0.461193 0.802436 0.459361 0.804152 0.459043 0.809379 0.453546 0.816251 0.452270 0.816378 0.444698 0.811223 0.445659 0.806147 0.442078 0.806249 0.436025
0 0.259487 0.777430 0.259411 0.781821 0.254526 0.787034 0.252923 0.787309 0.249668 0.790783 0.243263 0.791878 0.242784 0.819657 0.249189 0.818573 0.252343 0.820958 0.253946 0.820687 0.255524 0.821879 0.257126 0.821608 0.258705 0.822800 0.294070 0.816830 0.295657 0.818025 0.310173 0.815576 0.311812 0.813834 0.313428 0.813562 0.319992 0.806593 0.324843 0.805772 0.324994 0.796954 0.320143 0.797778 0.318551 0.796583 0.318577 0.795115 0.315396 0.792726 0.315421 0.791257 0.313806 0.791532 0.305861 0.785566 0.304248 0.785841 0.299485 0.782266 0.297873 0.782541 0.289945 0.776587 0.290021 0.772187
0 0.269419 0.758204 0.269242 0.768454 0.275669 0.767348 0.280415 0.770914 0.282024 0.770638 0.283607 0.771828 0.285217 0.771551 0.286800 0.772740 0.288410 0.772464 0.294751 0.777225 0.296363 0.776949 0.299535 0.779331 0.299510 0.780798 0.301098 0.781990 0.302710 0.781714 0.312241 0.788870 0.313857 0.788595 0.317037 0.790982 0.316961 0.795389 0.331516 0.792916 0.331592 0.788504 0.334880 0.785012 0.336500 0.784736 0.339791 0.781242 0.341412 0.780965 0.343058 0.779217 0.344678 0.778940 0.347972 0.775444 0.349595 0.775167 0.352891 0.771667 0.354515 0.771389 0.359462 0.766138 0.361087 0.765859 0.366038 0.760603 0.367663 0.760324 0.370968 0.756819 0.372594 0.756540 0.375899 0.753032 0.377527 0.752752 0.380834 0.749241 0.381011 0.738918
0 0.586250 0.370024 0.586149 0.375994 0.584454 0.377808 0.582784 0.378131 0.572621 0.389013 0.572596 0.390504 0.570902 0.392317 0.570877 0.393807 0.567494 0.397430 0.562496 0.398390 0.562040 0.425217 0.567038 0.424265 0.588401 0.439541 0.590073 0.439225 0.593364 0.441580 0.595037 0.441264 0.596685 0.442441 0.598357 0.442125 0.600005 0.443303 0.603351 0.442671 0.605001 0.443849 0.608350 0.443216 0.610000 0.444396 0.615028 0.443447 0.616731 0.441634 0.618407 0.441318 0.620109 0.439506 0.621788 0.439189 0.626898 0.433748 0.628578 0.433430 0.637105 0.424353 0.638787 0.424034 0.640494 0.422218 0.642175 0.421899 0.645591 0.418264 0.647274 0.417945 0.648983 0.416127 0.650667 0.415807 0.652376 0.413988 0.654060 0.413667 0.655770 0.411847 0.657456 0.411527 0.659166 0.409707 0.660851 0.409387 0.662564 0.407566 0.664251 0.407244 0.669388 0.401780 0.674453 0.400815 0.674707 0.385806 0.667954 0.387100 0.657988 0.380043 0.656302 0.380367 0.652984 0.378017 0.651300 0.378340 0.647983 0.375991 0.646301 0.376315 0.644643 0.375142 0.642961 0.375466 0.637992 0.371945 0.636311 0.372269 0.628038 0.366407 0.628114 0.361918
0 0.671719 0.263761 0.671643 0.268261 0.668218 0.271931 0.668192 0.273432 0.663056 0.278934 0.663031 0.280434 0.659610 0.284100 0.659585 0.285599 0.657874 0.287432 0.657848 0.288930 0.656138 0.290762 0.656112 0.292262 0.654403 0.294092 0.654352 0.297089 0.652643 0.298921 0.652593 0.301916 0.650883 0.303747 0.650858 0.305245 0.649149 0.307075 0.644101 0.308068 0.643493 0.344012 0.648540 0.343030 0.651858 0.345372 0.653542 0.345045 0.656860 0.347388 0.658546 0.347061 0.661865 0.349405 0.661789 0.353904 0.714226 0.343747 0.714302 0.339233 0.716024 0.337399 0.719421 0.336740 0.721144 0.334906 0.724541 0.334246 0.726266 0.332411 0.729665 0.331751 0.731391 0.329914 0.733093 0.329583 0.734819 0.327747 0.736521 0.327416 0.739974 0.323741 0.741677 0.323410 0.745134 0.319731 0.746837 0.319399 0.752027 0.313880 0.753732 0.313548 0.758925 0.308025 0.764045 0.307024 0.764325 0.290427 0.759205 0.291432 0.755843 0.289086 0.755869 0.287578 0.754164 0.287913 0.744091 0.280884 0.744116 0.279376 0.742438 0.278206 0.740735 0.278542 0.732355 0.272693 0.730654 0.273029 0.725632 0.269523 0.723932 0.269860 0.717241 0.265189 0.715545 0.265526 0.708861 0.260858 0.708937 0.256348
0 0.554045 0.798216 0.553969 0.802689 0.547211 0.809763 0.542223 0.810594 0.541666 0.843379 0.548318 0.842284 0.551596 0.844718 0.553260 0.844445 0.554900 0.845662 0.558231 0.845115 0.559873 0.846333 0.574882 0.843868 0.576577 0.842101 0.581588 0.841278 0.583284 0.839510 0.586626 0.838961 0.603615 0.821251 0.605291 0.820974 0.608694 0.817426 0.608719 0.815930 0.615528 0.808831 0.620563 0.807996 0.620918 0.787032
0 0.503506 0.173027 0.503431 0.177478 0.500076 0.181128 0.498425 0.181469 0.496748 0.183294 0.493447 0.183976 0.491771 0.185799 0.490121 0.186139 0.488446 0.187963 0.486798 0.188303 0.485123 0.190125 0.483475 0.190465 0.481802 0.192286 0.480154 0.192626 0.476809 0.196268 0.473516 0.196946 0.470174 0.200585 0.468529 0.200923 0.466858 0.202742 0.465214 0.203080 0.463544 0.204899 0.461900 0.205237 0.458562 0.208872 0.456919 0.209209 0.453584 0.212842 0.451941 0.213179 0.446942 0.218625 0.445302 0.218961 0.440306 0.224404 0.438666 0.224740 0.422040 0.242855 0.420405 0.243188 0.402159 0.263069 0.400527 0.263399 0.392248 0.272421 0.387361 0.273409 0.386957 0.296985 0.393474 0.295677 0.395080 0.296824 0.396710 0.296497 0.398316 0.297645 0.403210 0.296663 0.404816 0.297812 0.417885 0.295193 0.419546 0.293388 0.434278 0.290435 0.435942 0.288628 0.439220 0.287970 0.440884 0.286163 0.444165 0.285505 0.445831 0.283697 0.449113 0.283038 0.450779 0.281229 0.452422 0.280899 0.454089 0.279090 0.455732 0.278760 0.457400 0.276950 0.459043 0.276619 0.460713 0.274808 0.462356 0.274477 0.464026 0.272666 0.465670 0.272335 0.469011 0.268711 0.470656 0.268380 0.475672 0.262940 0.477319 0.262608 0.502445 0.235355 0.504097 0.235019 0.505775 0.233200 0.507428 0.232864 0.509107 0.231043 0.510762 0.230706 0.512441 0.228885 0.515750 0.228212 0.517430 0.226390 0.520742 0.225717 0.522424 0.223894 0.525737 0.223220 0.527421 0.221395 0.529078 0.221058 0.530762 0.219234 0.539056 0.217544 0.540741 0.215718 0.544063 0.215041 0.545749 0.213214 0.549073 0.212536 0.550759 0.210709 0.554086 0.210031 0.555774 0.208203 0.557437 0.207864 0.559127 0.206034 0.562455 0.205354 0.564145 0.203524 0.565811 0.203184 0.569193 0.199523 0.570860 0.199182 0.572551 0.197352 0.574218 0.197011 0.575911 0.195179 0.577579 0.194838 0.580965 0.191172 0.582634 0.190830 0.586024 0.187163 0.587694 0.186821 0.596174 0.177645 0.597845 0.177301 0.599543 0.175464 0.599569 0.173972 0.602965 0.170297 0.604639 0.169952 0.606337 0.168115 0.606362 0.166621 0.611462 0.161103 0.611639 0.150646
0 0.625494 0.714584 0.625392 0.720574 0.623687 0.722359 0.622008 0.722646 0.620304 0.724431 0.618626 0.724719 0.616923 0.726502 0.615244 0.726789 0.613542 0.728573 0.611866 0.728860 0.610164 0.730643 0.603461 0.731788 0.603207 0.746744 0.609910 0.745605 0.613213 0.748027 0.613162 0.751021 0.624733 0.759512 0.626412 0.759228 0.633033 0.764086 0.643127 0.762385 0.644837 0.760602 0.646520 0.760318 0.648229 0.758534 0.649914 0.758250 0.651625 0.756464 0.653310 0.756180 0.655020 0.754396 0.656707 0.754111 0.658419 0.752325 0.660105 0.752040 0.661818 0.750254 0.663505 0.749968 0.666932 0.746394 0.668621 0.746108 0.670335 0.744320 0.672023 0.744034 0.673739 0.742246 0.675428 0.741960 0.677144 0.740171 0.682217 0.739311 0.682800 0.704744
0 0.623567 0.828407 0.623466 0.834399 0.621761 0.836172 0.618403 0.836723 0.616700 0.838496 0.609990 0.839597 0.608288 0.841369 0.604936 0.841919 0.603285 0.840697 0.586550 0.843443 0.584854 0.845212 0.578171 0.846308 0.576476 0.848075 0.566464 0.849716 0.564771 0.851481 0.563103 0.851755 0.561412 0.853520 0.554748 0.854611 0.554394 0.875492 0.561057 0.874410 0.565983 0.878076 0.565957 0.879568 0.567625 0.879298 0.574198 0.884190 0.574122 0.888670 0.597527 0.884892 0.597603 0.880406 0.599303 0.878639 0.606003 0.877555 0.607705 0.875788 0.616092 0.874430 0.617795 0.872661 0.621152 0.872117 0.624562 0.868578 0.626242 0.868305 0.629653 0.864763 0.631335 0.864490 0.634748 0.860947 0.636430 0.860674 0.644973 0.851806 0.644999 0.850306 0.653550 0.841429 0.660297 0.840325 0.660601 0.822310
0 0.249063 0.825887 0.248685 0.847828 0.253492 0.847023 0.259806 0.851805 0.259781 0.853270 0.261384 0.853002 0.277194 0.864977 0.278801 0.864710 0.281968 0.867108 0.281892 0.871506 0.306062 0.867506 0.306137 0.863102 0.307777 0.861366 0.309391 0.861099 0.311030 0.859362 0.314260 0.858826 0.315901 0.857088 0.317517 0.856820 0.332302 0.841168 0.337162 0.840357 0.337338 0.830059 0.332479 0.830873 0.316557 0.818892 0.316633 0.814486
0 0.272415 0.956361 0.271835 0.990066 0.276657 0.989304 0.278241 0.990517 0.279849 0.990263 0.283016 0.992687 0.284627 0.992433 0.286212 0.993646 0.287821 0.993392 0.289407 0.994605 0.291018 0.994352 0.292604 0.995566 0.295826 0.995058 0.297414 0.996272 0.302253 0.995510 0.303841 0.996724 0.305455 0.996470 0.307044 0.997686 0.310273 0.997178 0.311862 0.998394 0.316710 0.997633 0.318302 0.998848 0.321536 0.998340 0.323128 0.999557 0.331220 0.998287 0.332814 0.999504 0.339296 0.998487 0.340891 0.999705 0.344134 0.999196 0.345732 1.000000 0.347354 1.000000 0.348952 1.000000 0.352198 1.000000 0.353797 1.000000 0.358670 1.000000 0.360270 1.000000 0.363521 1.000000 0.365122 1.000000 0.371630 1.000000 0.373232 1.000000 0.379747 1.000000 0.381402 1.000000 0.384662 1.000000 0.386319 0.998473 0.387949 0.998218 0.389606 0.996487 0.391237 0.996232 0.392893 0.994500 0.394526 0.994245 0.402819 0.985577 0.404453 0.985320 0.414417 0.974907 0.416054 0.974648 0.419379 0.971174 0.419404 0.969695 0.421066 0.967957 0.422705 0.967698 0.422730 0.966218 0.427721 0.961002 0.432640 0.960223 0.432818 0.949860 0.427898 0.950642 0.424671 0.948203 0.421395 0.948724 0.419783 0.947506 0.414872 0.948288 0.413260 0.947071 0.409989 0.947592 0.408379 0.946374 0.401842 0.947416 0.400234 0.946199 0.387178 0.948282 0.385572 0.947067 0.377424 0.948367 0.375771 0.950102 0.359504 0.952697 0.357854 0.954430 0.349735 0.955724 0.348137 0.954510 0.343271 0.955287 0.341674 0.954074 0.338433 0.954591 0.336837 0.953379 0.333597 0.953896 0.330409 0.951471 0.330485 0.947059
0 0.577344 0.502614 0.577268 0.507091 0.575573 0.508892 0.573906 0.509200 0.570520 0.512801 0.567185 0.513417 0.563802 0.517015 0.562137 0.517323 0.558755 0.520919 0.557090 0.521226 0.550333 0.528413 0.548671 0.528720 0.546982 0.530515 0.540335 0.531738 0.540006 0.551094 0.544990 0.550182 0.546628 0.551367 0.548291 0.551063 0.549928 0.552250 0.551591 0.551946 0.553230 0.553133 0.554895 0.552829 0.556533 0.554015 0.558198 0.553711 0.561479 0.556085 0.563144 0.555781 0.566426 0.558157 0.568092 0.557853 0.569735 0.559042 0.571403 0.558738 0.574687 0.561114 0.576356 0.560811 0.581289 0.564379 0.582958 0.564076 0.586249 0.566456 0.586173 0.570936 0.619659 0.564872 0.619761 0.558886 0.621465 0.557085 0.623142 0.556780 0.626551 0.553177 0.628231 0.552871 0.635052 0.545659 0.636734 0.545353 0.643564 0.538133 0.645246 0.537826 0.646955 0.536021 0.646981 0.534522 0.648690 0.532714 0.648893 0.520724 0.647234 0.519534 0.647285 0.516536 0.645626 0.515346 0.645677 0.512349 0.644020 0.511161 0.644121 0.505167 0.645829 0.503358 0.645905 0.498862 0.647614 0.497053 0.647741 0.489559
0 0.767859 0.485345 0.767782 0.489874 0.764315 0.493523 0.762606 0.493837 0.759141 0.497483 0.755728 0.498110 0.753996 0.499933 0.752291 0.500246 0.750560 0.502067 0.748855 0.502380 0.747124 0.504201 0.745421 0.504513 0.741962 0.508154 0.740260 0.508466 0.738531 0.510285 0.736828 0.510597 0.735101 0.512415 0.728296 0.513661 0.727916 0.536257 0.736422 0.534712 0.738100 0.535910 0.739803 0.535600 0.741480 0.536798 0.743183 0.536489 0.744862 0.537689 0.744786 0.542213 0.778940 0.536028 0.779016 0.531494 0.780752 0.529672 0.784177 0.529051 0.785915 0.527229 0.791055 0.526295 0.792794 0.524472 0.796223 0.523849 0.797964 0.522024 0.799679 0.521713 0.801420 0.519887 0.803136 0.519575 0.806620 0.515924 0.808338 0.515612 0.810080 0.513785 0.813517 0.513159 0.815260 0.511331 0.816980 0.511018 0.820470 0.507361 0.822189 0.507048 0.823936 0.505219 0.825657 0.504905 0.827403 0.503076 0.829125 0.502761 0.832621 0.499099 0.834343 0.498785 0.836092 0.496954 0.842988 0.495693 0.843216 0.482039 0.834597 0.483623 0.832900 0.482423 0.831177 0.482740 0.829480 0.481540 0.824317 0.482490 0.822621 0.481292 0.820902 0.481608 0.819208 0.480409 0.819284 0.475865
0 0.642226 0.418903 0.642150 0.423396 0.638736 0.427029 0.637054 0.427348 0.628527 0.436423 0.621813 0.437692 0.621281 0.469111 0.626316 0.468169 0.627970 0.469351 0.629650 0.469037 0.631304 0.470221 0.634664 0.469593 0.636319 0.470776 0.639683 0.470148 0.652945 0.479627 0.652919 0.481125 0.654579 0.482312 0.661322 0.481059 0.666459 0.475618 0.668146 0.475304 0.675001 0.468041 0.676690 0.467726 0.680120 0.464093 0.681811 0.463777 0.685243 0.460143 0.686934 0.459827 0.690370 0.456189 0.692062 0.455873 0.695499 0.452233 0.697193 0.451916 0.698912 0.450095 0.700607 0.449778 0.704046 0.446136 0.705742 0.445818 0.710905 0.440350 0.712603 0.440031 0.712628 0.438527 0.716074 0.434880 0.721168 0.433922 0.721218 0.430911 0.716124 0.431870 0.712780 0.429500 0.712806 0.427995 0.711134 0.426811 0.709438 0.427131 0.702757 0.422395 0.701063 0.422716 0.697725 0.420350 0.696031 0.420670 0.694363 0.419487 0.692671 0.419808 0.689337 0.417443 0.687644 0.417764 0.684313 0.415401 0.684389 0.410896
0 0.788823 0.252483 0.788721 0.258527 0.786983 0.260377 0.780138 0.261732 0.779808 0.281365 0.784941 0.280355 0.790002 0.283878 0.791714 0.283541 0.800158 0.289417 0.801874 0.289081 0.805255 0.291434 0.805178 0.295972 0.836126 0.289920 0.836202 0.285373 0.837950 0.283519 0.839674 0.283182 0.841422 0.281328 0.844870 0.280653 0.846621 0.278798 0.848345 0.278460 0.850095 0.276605 0.851822 0.276266 0.853573 0.274411 0.855300 0.274072 0.858804 0.270358 0.860531 0.270019 0.865793 0.264445 0.865818 0.262926 0.867572 0.261068 0.867648 0.256514 0.865945 0.255336 0.865971 0.253818 0.857459 0.247936 0.855731 0.248278 0.854030 0.247103 0.852304 0.247445 0.850604 0.246270 0.850705 0.240203
0 0.771226 0.792037 0.770616 0.828314 0.775749 0.827477 0.787561 0.836114 0.787535 0.837626 0.795984 0.843803 0.809721 0.841578 0.811466 0.839785 0.813186 0.839506 0.816675 0.835917 0.816701 0.834401 0.818447 0.832606 0.818473 0.831090 0.820219 0.829294 0.820245 0.827778 0.821991 0.825981 0.822118 0.818399 0.820423 0.817164 0.818701 0.817445 0.810229 0.811273 0.810255 0.809758 0.805177 0.806058 0.805202 0.804544 0.801819 0.802080 0.801844 0.800566 0.798462 0.798101 0.798487 0.796588 0.796797 0.795357 0.796822 0.793843 0.795131 0.792612 0.795208 0.788071
0 0.241297 0.535810 0.241222 0.540193 0.239597 0.541953 0.234801 0.542849 0.233995 0.589579 0.240390 0.588403 0.243539 0.590737 0.243514 0.592198 0.259279 0.603883 0.260882 0.603590 0.265620 0.607101 0.267225 0.606808 0.268804 0.607979 0.272016 0.607393 0.273597 0.608565 0.275203 0.608272 0.278366 0.610615 0.281581 0.610030 0.283164 0.611202 0.284773 0.610910 0.286356 0.612082 0.287965 0.611789 0.289549 0.612961 0.292770 0.612376 0.294355 0.613550 0.297576 0.612964 0.299163 0.614138 0.307224 0.612674 0.308813 0.613848 0.324965 0.610915 0.326556 0.612091 0.333027 0.610916 0.334620 0.612093 0.334544 0.616503 0.381630 0.607976 0.381706 0.603553 0.385014 0.600013 0.386643 0.599717 0.391610 0.594404 0.393241 0.594107 0.399867 0.587017 0.399892 0.585542 0.401550 0.583767 0.401626 0.579340 0.403283 0.577565 0.403637 0.556899 0.400422 0.554549 0.400448 0.553073 0.397236 0.550723 0.397261 0.549247 0.387628 0.542207 0.387653 0.540732 0.382842 0.537215 0.382868 0.535741 0.374856 0.529886 0.373229 0.530188 0.370027 0.527848 0.368401 0.528151 0.366801 0.526980 0.365177 0.527283 0.361978 0.524945 0.360354 0.525248 0.358756 0.524078 0.357132 0.524381 0.355534 0.523213 0.352289 0.523819 0.350692 0.522652 0.349070 0.522955 0.347475 0.521786 0.345854 0.522089 0.344258 0.520923 0.344334 0.516511
0 0.674519 0.496565 0.674037 0.525089 0.679106 0.524161 0.687435 0.530128 0.687359 0.534635 0.709384 0.530622 0.709460 0.526109 0.712904 0.522479 0.714602 0.522169 0.737031 0.498539 0.737107 0.494019 0.735431 0.492825 0.735558 0.485290
0 0.521893 0.643374 0.521817 0.647837 0.516770 0.653178 0.515114 0.653471 0.506710 0.662364 0.505056 0.662656 0.500018 0.667988 0.498365 0.668278 0.491656 0.675381 0.485052 0.676540 0.484547 0.706226 0.491150 0.705078 0.492776 0.706277 0.494428 0.705990 0.496054 0.707188 0.497708 0.706901 0.504221 0.711698 0.504195 0.713184 0.505850 0.712897 0.510739 0.716499 0.512394 0.716212 0.514025 0.717414 0.517339 0.716841 0.518971 0.718042 0.520628 0.717756 0.522261 0.718957 0.523919 0.718671 0.525552 0.719874 0.528869 0.719302 0.530504 0.720505 0.533824 0.719932 0.535460 0.721135 0.538781 0.720563 0.540418 0.721765 0.543742 0.721193 0.545431 0.719417 0.560409 0.716837 0.562051 0.718041 0.568719 0.716893 0.570411 0.715114 0.573748 0.714539 0.575442 0.712759 0.578781 0.712184 0.580476 0.710402 0.582146 0.710114 0.583842 0.708332 0.585514 0.708043 0.587210 0.706262 0.590554 0.705684 0.592252 0.703902 0.593924 0.703613 0.595623 0.701829 0.597296 0.701539 0.598994 0.699755 0.600669 0.699465 0.602369 0.697681 0.604044 0.697391 0.605744 0.695605 0.607420 0.695315 0.609120 0.693530 0.610797 0.693239 0.612500 0.691453 0.614176 0.691163 0.615878 0.689375 0.617556 0.689084 0.620963 0.685508 0.622641 0.685217 0.624346 0.683429 0.624371 0.681931 0.626077 0.680142 0.626102 0.678644 0.624447 0.677439 0.624473 0.675942 0.622819 0.674737 0.622844 0.673240 0.619488 0.673825 0.617835 0.672620 0.592708 0.677003 0.591060 0.675801 0.584374 0.676967 0.582728 0.675766 0.569377 0.678097 0.566092 0.675695 0.564426 0.675986 0.561144 0.673586 0.561270 0.666130 0.554711 0.661335 0.553047 0.661628 0.543218 0.654445 0.543244 0.652955 0.535064 0.646977 0.535166 0.641021
0 0.879200 0.907738 0.878717 0.936658 0.915207 0.930986 0.915283 0.926410 0.920585 0.921018 0.925814 0.920203 0.926145 0.900358
0 0.797725 0.842012 0.797242 0.870782 0.804109 0.869682 0.805801 0.870921 0.805776 0.872436 0.807469 0.873676 0.807444 0.875191 0.810831 0.877673 0.810805 0.879188 0.814193 0.881671 0.814168 0.883187 0.815862 0.884429 0.815837 0.885945 0.829408 0.895892 0.831130 0.895619 0.834527 0.898108 0.836252 0.897835 0.837951 0.899081 0.839675 0.898808 0.841376 0.900053 0.841274 0.906127 0.881062 0.899854 0.881138 0.895288 0.896989 0.879108 0.897014 0.877584 0.902304 0.872183 0.902329 0.870659 0.904094 0.868858 0.904119 0.867333 0.907649 0.863730 0.912869 0.862896 0.913302 0.836971 0.908081 0.837813 0.906368 0.836568 0.904628 0.836849 0.902915 0.835605 0.899439 0.836166 0.897676 0.837970 0.894201 0.838531 0.892439 0.840335 0.890703 0.840614 0.888943 0.842416 0.887207 0.842696 0.883686 0.846300 0.881952 0.846579 0.880192 0.848380 0.878458 0.848659 0.874941 0.852259 0.873209 0.852538 0.869695 0.856135 0.867963 0.856413 0.866207 0.858212 0.862746 0.858767 0.860991 0.860565 0.847165 0.862781 0.845464 0.861538 0.843737 0.861815 0.842037 0.860573 0.840311 0.860850 0.835213 0.857128 0.833489 0.857405 0.814829 0.843775 0.814905 0.839228
0 0.625753 0.798172 0.625677 0.802666 0.622268 0.806219 0.615554 0.807334 0.615300 0.822304 0.622014 0.821195 0.625322 0.823637 0.627003 0.823360 0.628657 0.824581 0.643797 0.822086 0.645506 0.820309 0.652245 0.819197 0.653955 0.817418 0.655642 0.817140 0.662491 0.810021 0.664178 0.809742 0.664204 0.808240 0.665917 0.806459 0.665943 0.804957 0.669371 0.801394 0.674439 0.800554 0.674617 0.790036
0 0.540654 0.610354 0.540578 0.614822 0.537207 0.618393 0.532225 0.619283 0.531744 0.647564 0.536726 0.646683 0.538361 0.647878 0.540021 0.647584 0.541658 0.648780 0.541633 0.650269 0.549819 0.656252 0.549794 0.657743 0.551433 0.658940 0.554761 0.658354 0.556400 0.659551 0.559732 0.658965 0.561422 0.657182 0.563089 0.656888 0.564780 0.655104 0.566446 0.654811 0.576607 0.644091 0.578276 0.643796 0.581667 0.640220 0.583336 0.639925 0.590122 0.632767 0.591795 0.632471 0.598588 0.625308 0.600261 0.625011 0.605361 0.619632 0.610387 0.618739 0.610590 0.606773 0.605564 0.607670 0.602265 0.605279 0.602367 0.599299
0 0.425171 0.536728 0.425095 0.541162 0.418448 0.548282 0.416812 0.548584 0.411831 0.553919 0.410197 0.554220 0.410172 0.555696 0.408512 0.557474 0.401980 0.558676 0.401399 0.592624 0.407931 0.591436 0.424034 0.603244 0.425672 0.602948 0.428897 0.605313 0.430535 0.605017 0.432148 0.606200 0.432073 0.610636 0.453408 0.606789 0.453484 0.602346 0.456821 0.598790 0.458466 0.598492 0.460135 0.596713 0.460161 0.595232 0.471859 0.582769 0.473506 0.582470 0.476852 0.578904 0.478500 0.578604 0.481848 0.575038 0.483498 0.574738 0.485172 0.572954 0.491775 0.571751 0.492155 0.549486 0.487202 0.550394 0.485577 0.549213 0.483928 0.549516 0.480680 0.547155 0.479031 0.547458 0.474163 0.543918 0.472517 0.544221 0.467652 0.540684 0.466006 0.540988 0.457908 0.535098 0.457984 0.530655
0 0.481337 0.508590 0.480933 0.532322 0.489182 0.530798 0.492433 0.533157 0.492408 0.534642 0.494033 0.535821 0.495685 0.535517 0.498938 0.537878 0.502244 0.537269 0.503873 0.538450 0.512144 0.536927 0.513826 0.535136 0.517138 0.534526 0.518819 0.532735 0.520476 0.532430 0.522159 0.530637 0.523816 0.530331 0.530551 0.523157 0.532210 0.522851 0.533895 0.521055 0.538877 0.520135 0.539256 0.497806
0 0.454897 0.135918 0.454316 0.169941 0.480634 0.164472 0.480710 0.160027 0.482383 0.158201 0.484031 0.157858 0.485704 0.156034 0.489002 0.155347 0.490677 0.153520 0.493977 0.152832 0.495654 0.151006 0.497304 0.150662 0.500657 0.147006 0.505613 0.145972 0.505740 0.138553 0.499133 0.139934 0.489381 0.133109 0.489457 0.128662
0 0.220012 0.661974 0.219710 0.679487 0.226094 0.678348 0.229238 0.680698 0.230836 0.680413 0.243426 0.689827 0.245027 0.689543 0.248178 0.691899 0.248103 0.696286 0.275373 0.691459 0.275449 0.687064 0.278714 0.683565 0.280321 0.683279 0.288490 0.674523 0.290100 0.674237 0.296643 0.667224 0.301478 0.666362 0.301806 0.647291
0 0.810061 0.719143 0.809985 0.723687 0.806498 0.727298 0.799630 0.728459 0.799351 0.745112 0.806219 0.743958 0.809604 0.746410 0.811322 0.746122 0.813016 0.747349 0.814736 0.747061 0.816430 0.748288 0.816354 0.752834 0.824957 0.751394 0.825033 0.746845 0.839023 0.732394 0.845924 0.731232 0.846229 0.713013
0 0.266543 0.367785 0.266468 0.372173 0.264838 0.373952 0.263235 0.374268 0.261607 0.376047 0.256799 0.376996 0.255171 0.378773 0.251969 0.379404 0.250343 0.381180 0.248742 0.381496 0.247116 0.383272 0.245517 0.383587 0.243892 0.385363 0.242292 0.385677 0.239045 0.389227 0.235848 0.389856 0.234225 0.391630 0.232627 0.391944 0.231005 0.393718 0.224620 0.394972 0.224369 0.409560 0.230753 0.408311 0.232325 0.409458 0.233923 0.409145 0.235496 0.410293 0.237093 0.409981 0.238667 0.411128 0.241864 0.410504 0.243438 0.411652 0.251440 0.410090 0.253016 0.411239 0.261028 0.409676 0.262605 0.410825 0.267418 0.409887 0.268996 0.411037 0.270602 0.410724 0.272181 0.411874 0.273786 0.411562 0.276949 0.413864 0.278555 0.413551 0.280137 0.414702 0.283352 0.414077 0.284934 0.415229 0.288151 0.414603 0.289784 0.412825 0.293003 0.412199 0.307730 0.396180 0.309343 0.395865 0.315899 0.388734 0.317513 0.388418 0.320793 0.384850 0.325640 0.383900 0.325817 0.373624 0.320970 0.374577 0.317790 0.372277 0.316176 0.372595 0.311410 0.369147 0.309797 0.369465 0.308209 0.368317 0.306596 0.368635 0.305010 0.367487 0.303399 0.367804 0.300227 0.365509 0.300302 0.361111
0 0.831325 0.576424 0.831249 0.580972 0.824260 0.588260 0.822539 0.588565 0.820792 0.590385 0.815633 0.591300 0.815278 0.612508 0.820436 0.611600 0.825523 0.615240 0.827244 0.614937 0.835731 0.621007 0.837454 0.620705 0.849353 0.629217 0.851081 0.628915 0.864704 0.638658 0.864678 0.640177 0.868088 0.642616 0.868062 0.644135 0.873179 0.647796 0.873153 0.649316 0.881688 0.655424 0.885157 0.654825 0.886866 0.656047 0.897279 0.654250 0.899043 0.652428 0.904255 0.651528 0.906018 0.649705 0.909497 0.649104 0.911262 0.647279 0.914742 0.646678 0.916508 0.644852 0.918249 0.644551 0.923550 0.639072 0.930522 0.637865 0.930675 0.628710 0.925446 0.629619 0.923728 0.628397 0.923779 0.625346 0.922063 0.624124 0.922114 0.621074 0.920398 0.619853 0.920449 0.616804 0.917016 0.614363 0.917042 0.612839 0.915327 0.611618 0.915352 0.610094 0.913637 0.608875 0.913663 0.607351 0.910235 0.604913 0.910260 0.603390 0.906832 0.600953 0.906858 0.599429 0.903433 0.596994 0.903458 0.595472 0.900034 0.593037 0.900060 0.591515 0.896636 0.589083 0.896661 0.587560 0.889820 0.582700 0.889846 0.581178 0.881303 0.575109 0.879570 0.575417 0.877863 0.574203 0.877965 0.568121
0 0.740249 0.106020 0.740173 0.110538 0.736719 0.114255 0.733317 0.114962 0.731592 0.116820 0.729893 0.117173 0.724719 0.122744 0.723021 0.123096 0.721297 0.124952 0.719599 0.125304 0.712712 0.132723 0.711016 0.133074 0.705855 0.138633 0.700772 0.139682 0.700519 0.154705 0.729360 0.148776 0.729436 0.144261 0.732886 0.140551 0.737989 0.139500 0.739716 0.137644 0.743119 0.136942 0.744848 0.135084 0.748254 0.134382 0.749983 0.132523 0.753391 0.131820 0.755122 0.129961 0.756827 0.129609 0.758558 0.127749 0.760263 0.127397 0.765459 0.121815 0.767166 0.121462 0.774101 0.114013 0.775810 0.113659 0.777544 0.111796 0.779255 0.111442 0.780991 0.109577 0.787834 0.108158 0.788037 0.096076
0 0.784107 0.126988 0.784030 0.131518 0.778823 0.137103 0.777113 0.137455 0.775379 0.139315 0.768545 0.140720 0.768215 0.160333 0.775049 0.158936 0.776732 0.160096 0.778443 0.159747 0.783498 0.163229 0.785209 0.162880 0.790269 0.166365 0.791982 0.166016 0.793669 0.167178 0.797097 0.166479 0.798785 0.167643 0.800499 0.167294 0.802189 0.168456 0.827954 0.163214 0.829701 0.161350 0.833143 0.160649 0.834890 0.158783 0.836613 0.158433 0.840109 0.154700 0.841832 0.154349 0.845330 0.150615 0.847055 0.150263 0.848805 0.148395 0.850530 0.148043 0.852280 0.146174 0.854006 0.145822 0.855757 0.143952 0.857484 0.143599 0.859237 0.141730 0.862691 0.141024 0.864445 0.139153 0.869630 0.138093 0.864445 0.139153 0.861040 0.136826 0.861065 0.135308 0.859364 0.134144 0.859389 0.132627 0.857687 0.131465 0.857713 0.129948 0.856011 0.128786 0.856036 0.127268 0.844139 0.119139 0.844216 0.114591
0 0.407941 0.781401 0.407865 0.785833 0.404546 0.789341 0.402913 0.789618 0.401254 0.791372 0.397988 0.791924 0.393017 0.797182 0.391385 0.797458 0.389730 0.799209 0.384838 0.800035 0.384561 0.816263 0.391082 0.815168 0.399115 0.821183 0.400748 0.820909 0.407182 0.825725 0.408817 0.825452 0.410427 0.826656 0.412061 0.826383 0.413672 0.827589 0.413597 0.832023 0.434891 0.828475 0.434967 0.824035 0.436632 0.822281 0.438273 0.822007 0.439939 0.820253 0.441580 0.819979 0.444914 0.816468 0.446557 0.816193 0.451563 0.810923 0.453206 0.810648 0.459885 0.803617 0.461530 0.803340 0.468218 0.796303 0.474807 0.795194 0.474959 0.786291 0.470016 0.787125 0.468395 0.785920 0.466747 0.786199 0.463505 0.783790 0.461859 0.784068 0.460239 0.782863 0.458595 0.783142 0.456975 0.781938 0.455331 0.782217 0.450475 0.778608 0.450551 0.774163
0 0.392825 0.713334 0.392623 0.725140 0.397518 0.724291 0.399125 0.725483 0.402391 0.724917 0.403999 0.726111 0.405632 0.725828 0.407242 0.727022 0.408875 0.726739 0.410484 0.727932 0.412120 0.727649 0.413729 0.728843 0.415366 0.728560 0.416976 0.729756 0.418613 0.729472 0.425060 0.734255 0.426699 0.733972 0.429924 0.736365 0.429849 0.740802 0.433127 0.740238 0.433228 0.734319 0.434894 0.732557 0.436534 0.732274 0.444865 0.723454 0.446507 0.723170 0.448175 0.721405 0.449817 0.721120 0.451486 0.719355 0.456418 0.718500 0.456545 0.711091 0.449969 0.712234 0.448352 0.711038 0.446709 0.711324 0.443476 0.708933 0.443552 0.704492
0 0.254135 0.253753 0.254035 0.259597 0.252408 0.261386 0.250807 0.261714 0.244306 0.268863 0.242708 0.269189 0.239460 0.272763 0.233070 0.274067 0.232214 0.323675 0.243400 0.321427 0.244975 0.322566 0.262590 0.319028 0.264218 0.317244 0.272240 0.315632 0.273869 0.313846 0.283508 0.311909 0.285141 0.310121 0.298013 0.307532 0.299649 0.305743 0.306094 0.304446 0.307731 0.302656 0.310956 0.302007 0.312595 0.300215 0.315822 0.299565 0.317462 0.297772 0.319076 0.297447 0.322357 0.293862 0.323972 0.293536 0.325613 0.291742 0.327229 0.291416 0.328871 0.289622 0.330488 0.289296 0.332130 0.287501 0.332155 0.286032 0.333798 0.284237 0.340271 0.282929 0.340371 0.277052 0.335517 0.278036 0.329148 0.273474 0.329173 0.272005 0.324400 0.268587 0.322785 0.268916 0.321195 0.267776 0.319580 0.268105 0.317992 0.266966 0.316377 0.267295 0.314789 0.266157 0.313175 0.266485 0.311586 0.265347 0.309974 0.265675 0.306800 0.263400 0.305188 0.263729 0.303602 0.262591 0.301991 0.262920 0.292481 0.256103 0.292531 0.253175 0.294166 0.251380 0.295775 0.251051 0.295876 0.245191
0 0.190483 0.533717 0.190181 0.551191 0.198130 0.549705 0.199696 0.550865 0.201288 0.550567 0.202853 0.551727 0.206037 0.551132 0.207604 0.552292 0.210791 0.551697 0.212359 0.552859 0.213952 0.552561 0.215521 0.553722 0.221901 0.552532 0.223471 0.553694 0.228260 0.552802 0.229882 0.551044 0.231480 0.550746 0.239597 0.541953 0.245996 0.540757 0.237998 0.542252 0.236425 0.541090 0.233229 0.541688 0.231656 0.540527 0.230058 0.540826 0.225344 0.537343 0.223748 0.537643 0.222178 0.536483 0.220582 0.536782 0.217444 0.534463 0.217544 0.528628
0 0.833850 0.733264 0.833393 0.760573 0.838565 0.759711 0.845364 0.764634 0.847091 0.764347 0.852195 0.768042 0.853923 0.767755 0.855627 0.768988 0.857355 0.768701 0.859057 0.769934 0.860787 0.769647 0.862492 0.770880 0.864221 0.770593 0.865926 0.771826 0.867657 0.771540 0.869362 0.772774 0.871094 0.772487 0.872800 0.773721 0.874532 0.773434 0.879654 0.777139 0.881388 0.776853 0.883097 0.778088 0.888301 0.777229 0.890062 0.775420 0.891797 0.775133 0.893558 0.773324 0.895295 0.773037 0.900584 0.767604 0.902322 0.767317 0.905850 0.763693 0.907589 0.763405 0.909354 0.761592 0.909379 0.760068 0.914676 0.754627 0.914701 0.753102 0.916468 0.751288 0.921693 0.750419 0.921846 0.741265 0.916621 0.742138 0.913190 0.739671 0.913215 0.738146 0.897796 0.727055 0.897872 0.722486
0 0.680771 0.824985 0.680695 0.829495 0.677263 0.833054 0.670501 0.834162 0.668787 0.835941 0.665410 0.836494 0.661984 0.840050 0.660297 0.840325 0.658584 0.842103 0.656898 0.842379 0.655185 0.844155 0.648443 0.845256 0.648164 0.861758 0.654906 0.860664 0.656568 0.861891 0.658254 0.861618 0.661578 0.864073 0.661502 0.868577 0.690242 0.863928 0.690318 0.859416 0.692037 0.857638 0.693731 0.857363 0.695451 0.855583 0.700537 0.854758 0.702258 0.852977 0.705651 0.852427 0.707372 0.850646 0.709070 0.850370 0.710794 0.848589 0.712491 0.848313 0.714215 0.846530 0.717614 0.845977 0.719338 0.844195 0.722738 0.843642 0.724465 0.841857 0.727867 0.841303 0.729593 0.839518 0.731295 0.839241 0.733023 0.837456 0.734726 0.837179 0.736454 0.835393 0.739861 0.834837 0.741590 0.833050 0.743295 0.832772 0.746756 0.829197 0.746782 0.827688 0.748512 0.825900 0.748537 0.824389 0.746858 0.823160 0.746883 0.821650 0.745204 0.820420 0.745305 0.814384
0 0.672186 0.634695 0.671907 0.651213 0.693896 0.647362 0.693972 0.642851 0.697411 0.639248 0.704191 0.638058 0.704343 0.629030
0 0.169827 0.630381 0.169626 0.642018 0.174382 0.641155 0.175944 0.642323 0.177531 0.642035 0.182216 0.645539 0.183805 0.645251 0.186930 0.647589 0.188520 0.647301 0.191648 0.649640 0.191572 0.654009 0.202708 0.652001 0.202809 0.646171 0.206043 0.642679 0.212416 0.641526 0.212567 0.632775 0.206194 0.633931 0.199928 0.629257 0.200004 0.624886
0 0.853746 0.778390 0.853262 0.807254 0.860177 0.806123 0.861881 0.807360 0.863611 0.807077 0.865316 0.808315 0.867046 0.808032 0.868751 0.809270 0.870483 0.808987 0.872190 0.810225 0.873922 0.809942 0.875628 0.811181 0.875552 0.815744 0.891161 0.813202 0.891238 0.808634 0.892999 0.806827 0.893024 0.805305 0.894787 0.803499 0.899999 0.802647 0.900126 0.795028 0.894914 0.795883 0.891492 0.793406 0.891517 0.791883 0.882970 0.785698 0.882995 0.784175 0.877870 0.780468 0.877972 0.774383
0 0.539476 0.290102 0.539401 0.294565 0.534346 0.300017 0.532688 0.300347 0.529320 0.303979 0.527662 0.304308 0.525979 0.306123 0.517696 0.307766 0.517316 0.330054 0.523942 0.328749 0.525574 0.329909 0.525549 0.331396 0.527181 0.332556 0.527156 0.334043 0.528789 0.335205 0.528738 0.338179 0.530371 0.339340 0.530270 0.345288 0.535170 0.348777 0.535145 0.350264 0.536780 0.351428 0.538439 0.351104 0.543346 0.354595 0.543270 0.359059 0.548255 0.358088 0.548331 0.353622 0.551708 0.349995 0.553370 0.349670 0.555059 0.347857 0.556723 0.347531 0.561792 0.342085 0.563457 0.341759 0.565149 0.339942 0.566814 0.339616 0.568506 0.337800 0.585188 0.334533 0.586883 0.332713 0.590224 0.332058 0.591921 0.330238 0.593592 0.329911 0.595289 0.328091 0.596961 0.327763 0.598660 0.325940 0.600332 0.325612 0.602031 0.323791 0.602056 0.322296 0.603755 0.320474 0.608778 0.319487 0.608955 0.309026 0.603932 0.310017 0.602284 0.308853 0.602310 0.307359 0.600661 0.306196 0.598989 0.306526 0.597341 0.305363 0.595668 0.305693 0.592377 0.303368 0.590705 0.303698 0.589059 0.302536 0.587389 0.302866 0.585745 0.301705 0.584075 0.302035 0.580787 0.299713 0.579118 0.300043 0.574190 0.296561 0.572522 0.296891 0.562677 0.289935 0.562753 0.285465
0 0.492284 0.252199 0.492208 0.256649 0.490532 0.258465 0.488883 0.258797 0.487208 0.260614 0.478966 0.262276 0.478714 0.277095 0.520009 0.268804 0.521640 0.269958 0.548187 0.264631 0.549874 0.262809 0.558190 0.261139 0.559880 0.259316 0.561545 0.258981 0.563234 0.257158 0.564900 0.256823 0.568282 0.253172 0.569949 0.252837 0.573332 0.249186 0.575000 0.248850 0.576693 0.247023 0.578361 0.246687 0.583442 0.241204 0.585112 0.240867 0.586808 0.239038 0.588478 0.238701 0.590173 0.236872 0.590249 0.232395
0 0.685101 0.668382 0.684518 0.702951 0.689595 0.702079 0.692932 0.704503 0.694625 0.704213 0.697963 0.706641 0.699657 0.706350 0.701328 0.707564 0.701252 0.712077 0.704643 0.711497 0.704719 0.706983 0.708163 0.703391 0.709860 0.703100 0.713307 0.699506 0.713332 0.698001 0.720228 0.690807 0.720253 0.689301 0.723703 0.685703 0.725403 0.685409 0.732309 0.678206 0.734011 0.677912 0.735739 0.676110 0.737443 0.675815 0.739171 0.674013 0.740874 0.673719 0.740899 0.672210 0.742629 0.670407 0.735917 0.665556 0.736019 0.659526
1 0.931744 0.564631 0.931667 0.569208 0.924593 0.576545 0.919369 0.577470 0.918554 0.626255 0.923779 0.625346 0.927215 0.627791 0.927189 0.629316 0.928907 0.630539 0.928881 0.632064 0.930599 0.633287 0.930573 0.634813 0.937451 0.639709 0.958420 0.636081 0.960196 0.634249 0.968952 0.632734 0.970729 0.630901 0.972482 0.630598 0.976038 0.626931 0.976064 0.625400 0.977843 0.623566 0.977894 0.620506 0.979674 0.618671 0.979725 0.615609 0.981505 0.613774 0.981530 0.612244 0.983310 0.610407 0.983335 0.608876 0.997592 0.594171 0.999350 0.593863 1.000000 0.586500 1.000000 0.584955 1.000000 0.574220 1.000000 0.575151 0.994585 0.564156 0.992829 0.564467 0.989366 0.562026 0.987610 0.562337 0.985880 0.561118 0.985982 0.554996
0 0.931744 0.564631 0.931667 0.569208 0.924593 0.576545 0.919369 0.577470 0.918554 0.626255 0.923779 0.625346 0.927215 0.627791 0.927189 0.629316 0.928907 0.630539 0.928881 0.632064 0.930599 0.633287 0.930573 0.634813 0.937451 0.639709 0.958420 0.636081 0.960196 0.634249 0.968952 0.632734 0.970729 0.630901 0.972482 0.630598 0.976038 0.626931 0.976064 0.625400 0.977843 0.623566 0.977894 0.620506 0.979674 0.618671 0.979725 0.615609 0.981505 0.613774 0.981530 0.612244 0.983310 0.610407 0.983335 0.608876 0.997592 0.594171 0.999350 0.593863 1.000000 0.586500 1.000000 0.584955 1.000000 0.574220 1.000000 0.575151 0.994585 0.564156 0.992829 0.564467 0.989366 0.562026 0.987610 0.562337 0.985880 0.561118 0.985982 0.554996
0 0.993206 0.401330 0.978157 0.429553 0.990872 0.453899 1.000000 0.449578 1.000000 0.413861 1.000000 0.319917
0 0.850650 0.106718 0.991403 0.158923 1.000000 0.116760 1.000000 0.088846 0.982527 0.079468 0.876736 0.091239
0 0.937930 0.315361 0.900010 0.335312 0.869427 0.356325 0.872141 0.365901 0.921065 0.371772 0.943195 0.347297 0.940815 0.316073
0 0.947030 0.378261 0.926509 0.392268 0.929266 0.400614 0.952514 0.397520 0.961490 0.381876 0.942687 0.377814
0 0.672075 0.109996 0.683881 0.075137 0.724990 0.056481 0.786119 0.041055 0.807368 0.046603 0.801271 0.070479 0.749744 0.096287 0.686043 0.113311
0 0.847586 0.033088 0.909203 0.044077 0.984941 0.021849 1.000000 0.000000 0.912819 0.000359 0.847564 0.034351
0 0.300104 0.870932 0.374193 0.868485 0.391657 0.876650 0.322288 0.907571 0.272309 0.931535 0.268670 0.910211 0.297208 0.883605
0 0.994246 0.602137 1.000000 0.612421 1.000000 0.634427 1.000000 0.659872 0.972858 0.660533 0.964415 0.642921 1.000000 0.607242
0 0.405215 0.480586 0.439266 0.476613 0.447722 0.460265 0.456146 0.446371 0.486373 0.438151 0.497127 0.450897 0.499438 0.476358 0.474606 0.485952 0.458149 0.489041 0.459181 0.508533 0.456252 0.520150 0.431550 0.529652 0.407158 0.525591 0.391218 0.506504 0.399730 0.484074
0 0.211429 0.341104 0.237805 0.334370 0.254355 0.346362 0.244527 0.360704 0.216470 0.371360 0.188576 0.378339 0.184035 0.366176 0.201731 0.351036
0 0.259455 0.328578 0.290960 0.312772 0.314346 0.308074 0.338765 0.294376 0.364055 0.281210 0.382643 0.284802 0.390530 0.298650 0.386239 0.312004 0.362549 0.321873 0.343881 0.325595 0.331768 0.325813 0.319637 0.328234 0.300818 0.346610 0.287725 0.360896 0.270827 0.364971 0.256607 0.354661 0.254519 0.336855 0.257839 0.329632
0 0.330146 0.232415 0.330449 0.214782 0.353289 0.201267 0.384071 0.201501 0.392083 0.207928 0.389498 0.216544 0.353558 0.232735 0.332498 0.236325
0 0.344810 0.177381 0.353895 0.165955 0.375936 0.155468 0.390597 0.152392 0.402785 0.152777 0.401803 0.162541 0.385404 0.171108 0.355316 0.177386 0.345581 0.179417
0 0.357465 0.240735 0.346689 0.256132 0.358786 0.258067 0.386446 0.252439 0.404472 0.244358 0.415288 0.231112 0.410584 0.220301 0.394304 0.220702 0.374762 0.223980 0.359190 0.234514
0 0.483980 0.359412 0.497415 0.370148 0.533537 0.364229 0.539936 0.354053 0.558481 0.363846 0.565526 0.390437 0.553904 0.412793 0.518859 0.422846 0.510476 0.404384 0.476957 0.408608 0.463134 0.422382 0.443367 0.425064 0.412760 0.418751 0.412969 0.406526 0.438031 0.377270 0.460468 0.361786 0.477851 0.356161
0 0.155647 0.429058 0.122456 0.431187 0.111736 0.436542 0.113763 0.455707 0.139558 0.468122 0.149052 0.467380 0.154171 0.445690 0.154304 0.438036
0 0.090124 0.391939 0.070231 0.387217 0.057215 0.394137 0.053404 0.411128 0.055472 0.426957 0.060080 0.431466 0.075554 0.418674 0.086432 0.401347
0 0.112844 0.440671 0.086723 0.452274 0.072404 0.464814 0.069783 0.480495 0.127137 0.502066 0.134371 0.494154 0.135976 0.469901 0.126650 0.461909 0.109198 0.446814 0.110533 0.437863
0 0.115319 0.502147 0.086845 0.513011 0.073664 0.527451 0.074501 0.546810 0.084964 0.553517 0.110800 0.558443 0.121407 0.559718 0.125571 0.524123 0.122278 0.509519
0 0.142951 0.545881 0.107211 0.561288 0.095195 0.574399 0.089232 0.578768 0.104200 0.598798 0.132308 0.613198 0.145419 0.608612 0.153015 0.581052 0.146555 0.543025
0 0.165874 0.592850 0.161144 0.591540 0.150349 0.597894 0.153789 0.604893 0.162109 0.604453
0 0.167561 0.632915 0.155431 0.647118 0.140697 0.675938 0.139205 0.693638 0.124726 0.709286 0.130452 0.720248 0.166007 0.722696 0.168432 0.720083 0.166765 0.678898 0.168678 0.637078
0 0.118965 0.700515 0.096243 0.717603 0.074746 0.735523 0.070965 0.750296 0.096574 0.766450 0.110435 0.783617 0.121988 0.799039 0.129051 0.801095 0.138936 0.777598 0.137145 0.744126 0.131546 0.725500
0 0.149151 0.804188 0.111110 0.812878 0.092961 0.838809 0.096167 0.857835 0.118460 0.866058 0.146766 0.873314 0.164490 0.879094 0.165722 0.876706 0.153801 0.809940
0 0.181988 0.831361 0.168771 0.837965 0.170950 0.849615 0.176923 0.848611 0.179520 0.836150
0 0.192035 0.871234 0.211978 0.893111 0.235776 0.903453 0.251178 0.916308 0.249593 0.938532 0.193424 0.929001 0.173205 0.925733 0.172371 0.905105 0.184702 0.881203
0 0.231256 0.817546 0.232232 0.830542 0.227231 0.842350 0.235368 0.857439 0.243667 0.863738 0.254370 0.870744 0.252992 0.880858 0.214627 0.878431 0.211064 0.876830 0.188786 0.852087 0.178477 0.827583 0.187113 0.810812 0.218146 0.813193
1 0.980441 0.229637 0.803335 0.353130 0.936778 0.446528 1.000000 0.318856 1.000000 0.276372
1 0.996648 0.239415 1.000000 0.266817 0.994222 0.295698
1 0.826526 0.099538 0.974453 0.232116 1.000000 0.172932 1.000000 0.095690 1.000000 0.000000 0.829498 0.096355
1 0.291982 0.184323 0.179037 0.371898 0.151705 0.399484 0.099831 0.386396 0.204863 0.202534
1 0.143619 0.402308 0.112413 0.429335 0.082355 0.397221 0.198098 0.203949 0.203466 0.205296 0.098583 0.381738 0.140952 0.401603
1 0.093656 0.435459 0.053835 0.435906 0.025801 0.452392 0.059719 0.630661 0.121044 0.624334 0.115984 0.608050 0.091070 0.584412 0.089969 0.571119 0.103416 0.563694 0.080931 0.555639 0.067867 0.543393 0.072288 0.518049 0.084368 0.510842 0.085873 0.500745 0.074155 0.487057 0.077247 0.461952 0.086749 0.450298
