0 0.611259 0.753231 0.612410 0.757788 0.616398 0.760075 0.618008 0.759699 0.623988 0.763128 0.628820 0.762000 0.635331 0.787808 0.628893 0.789309 0.620310 0.802550 0.620694 0.804067 0.617018 0.809739 0.615410 0.810113 0.610510 0.817673 0.611660 0.822218 0.593976 0.826334 0.592825 0.821791 0.588843 0.819510 0.587236 0.819884 0.585244 0.818743 0.583637 0.819117 0.579654 0.816837 0.578047 0.817211 0.576056 0.816070 0.574449 0.816445 0.570466 0.814163 0.568860 0.814538 0.562885 0.811116 0.561277 0.811491 0.557295 0.809208 0.555688 0.809583 0.555303 0.808068 0.553311 0.806928 0.546885 0.808426 0.543418 0.794785 0.549845 0.793285 0.551067 0.791395 0.552675 0.791020 0.553897 0.789128 0.555504 0.788753 0.557949 0.784969 0.559557 0.784594 0.560780 0.782701 0.563995 0.781951 0.565219 0.780059 0.566827 0.779684 0.570497 0.774005 0.572106 0.773630 0.573329 0.771737 0.574938 0.771361 0.577385 0.767575 0.575847 0.761502
0 0.597573 0.685539 0.598727 0.690109 0.600724 0.691254 0.601108 0.692777 0.605101 0.695067 0.611550 0.693557 0.618847 0.722478 0.612402 0.723985 0.611174 0.725883 0.609563 0.726260 0.608337 0.728158 0.606725 0.728534 0.605499 0.730432 0.603888 0.730809 0.602661 0.732706 0.603045 0.734226 0.601435 0.734602 0.598983 0.738396 0.597373 0.738773 0.594921 0.742564 0.593310 0.742941 0.590859 0.746733 0.589249 0.747110 0.588024 0.749005 0.581585 0.750509 0.579592 0.749366 0.577982 0.749743 0.575988 0.748599 0.572768 0.749351 0.570774 0.748208 0.569166 0.748584 0.567171 0.747441 0.565562 0.747817 0.559578 0.744388 0.557970 0.744764 0.546001 0.737905 0.545616 0.736385 0.543622 0.735242 0.543236 0.733722 0.539246 0.731435 0.534419 0.732565 0.532101 0.723444 0.536929 0.722314 0.550390 0.701434 0.549232 0.696867
0 1.000000 0.476601 1.000000 0.510468 1.000000 0.512001 1.000000 0.513922 1.000000 0.514305 1.000000 0.516227 1.000000 0.520840 1.000000 0.524670 0.998967 0.520057 0.996963 0.518903 0.993705 0.519669 0.991702 0.518514 0.988444 0.519280 0.986440 0.518127 0.984811 0.518510 0.978799 0.515046 0.977171 0.515429 0.963142 0.507347 0.958257 0.508496 0.954119 0.491574
0 0.647800 0.394425 0.649343 0.400593 0.651352 0.401750 0.652975 0.401365 0.656993 0.403678 0.661864 0.402522 0.669565 0.433340 0.663074 0.434877 0.656887 0.444496 0.658042 0.449113 0.619130 0.458327 0.617971 0.453713 0.613958 0.451404 0.612337 0.451788 0.604309 0.447170 0.602689 0.447554 0.590646 0.440627 0.584164 0.442163 0.580292 0.426772 0.586775 0.425235 0.588008 0.423311 0.587621 0.421770 0.589242 0.421386 0.591710 0.417536 0.593332 0.417151 0.594566 0.415227 0.596187 0.414842 0.597422 0.412916 0.595874 0.406753
0 0.922469 0.538044 0.929248 0.565671 0.922747 0.567197 0.920250 0.571028 0.921379 0.575629 0.903508 0.579823 0.902377 0.575224 0.900376 0.574071 0.898752 0.574453 0.896750 0.573302 0.895126 0.573683 0.889121 0.570227 0.887497 0.570608 0.883493 0.568306 0.881869 0.568687 0.877865 0.566382 0.877487 0.564849 0.875486 0.563697 0.868990 0.565223 0.865586 0.551418
0 0.854892 0.417198 0.856410 0.423368 0.858419 0.424526 0.860047 0.424141 0.862055 0.425297 0.866940 0.424142 0.873006 0.448807 0.866495 0.450345 0.863998 0.454196 0.865135 0.458816 0.842357 0.464195 0.841218 0.459576 0.837205 0.457265 0.835579 0.457649 0.827551 0.453026 0.825925 0.453410 0.819904 0.449943 0.813400 0.451480 0.807689 0.428368
0 0.791926 0.399447 0.800698 0.434917 0.773056 0.441456 0.771910 0.436834 0.769903 0.435677 0.766652 0.436447 0.764644 0.435291 0.761395 0.436060 0.759386 0.434904 0.757762 0.435289 0.751739 0.431821 0.746863 0.432975 0.743801 0.420647 0.748678 0.419492 0.752408 0.413711 0.751259 0.409084
0 0.986124 0.678601 0.987245 0.683182 0.991239 0.685480 0.991613 0.687006 0.993610 0.688155 1.000000 0.686640 1.000000 0.708009 0.998838 0.709522 0.997589 0.711425 0.995967 0.711803 0.993470 0.715609 0.994590 0.720185 0.971888 0.725473 0.970766 0.720899 0.966776 0.718605 0.963533 0.719361 0.955552 0.714773 0.955177 0.713248 0.953181 0.712101 0.952806 0.710576 0.950811 0.709429 0.945949 0.710563 0.944449 0.704462 0.949312 0.703327 0.950558 0.701423 0.949809 0.698373 0.951056 0.696468 0.948807 0.687311
0 0.982043 0.556521 0.987666 0.579536 0.982786 0.580680 0.980283 0.584511 0.978657 0.584892 0.974904 0.590634 0.976029 0.595232 0.953273 0.600565 0.952147 0.595968 0.948145 0.593666 0.946521 0.594047 0.940518 0.590592 0.938893 0.590973 0.934892 0.588671 0.933267 0.589052 0.931266 0.587900 0.930890 0.586367 0.926888 0.584064 0.922013 0.585207 0.918624 0.571410
0 0.481245 0.757877 0.483182 0.765465 0.489162 0.768890 0.490768 0.768514 0.494755 0.770798 0.501181 0.769296 0.506207 0.789012 0.501389 0.790137 0.487983 0.810926 0.486378 0.811300 0.485160 0.813189 0.483556 0.813563 0.482338 0.815451 0.483498 0.819993 0.473873 0.822237 0.472712 0.817696 0.468729 0.815416 0.463916 0.816539 0.461925 0.815398 0.458717 0.816147 0.456726 0.815007 0.455122 0.815381 0.453130 0.814242 0.451527 0.814616 0.449536 0.813476 0.447932 0.813850 0.443949 0.811570 0.442344 0.811945 0.440353 0.810804 0.438750 0.811178 0.434766 0.808900 0.433163 0.809274 0.429179 0.806993 0.424369 0.808116 0.420094 0.791456 0.424905 0.790332 0.430983 0.780879 0.432587 0.780504 0.436235 0.774831 0.434681 0.768765
0 0.692006 0.357761 0.697007 0.377838 0.692131 0.378996 0.688408 0.384783 0.689562 0.389412 0.661947 0.395967 0.660791 0.391340 0.656772 0.389026 0.655147 0.389412 0.653137 0.388256 0.651514 0.388641 0.645485 0.385170 0.638990 0.386712 0.635129 0.371281
0 0.614552 0.330348 0.615714 0.334985 0.617726 0.336144 0.624226 0.334596 0.630413 0.359316 0.625540 0.360476 0.620591 0.368196 0.621751 0.372826 0.600648 0.377842 0.599487 0.373214 0.597476 0.372056 0.595853 0.372442 0.591833 0.370129 0.590210 0.370515 0.588199 0.369357 0.587812 0.367814 0.583791 0.365499 0.578922 0.366657 0.575042 0.351219 0.579912 0.350059 0.582382 0.346197 0.581995 0.344653 0.583230 0.342721 0.582066 0.338087
0 0.703286 0.956131 0.704425 0.960652 0.710381 0.964061 0.711986 0.963690 0.715957 0.965962 0.717562 0.965591 0.719548 0.966727 0.721153 0.966357 0.723138 0.967492 0.727956 0.966380 0.734014 0.990480 0.729198 0.991591 0.727971 0.993466 0.724761 0.994206 0.723535 0.996082 0.721930 0.996452 0.714575 1.000000 0.714954 1.000000 0.712503 1.000000 0.710900 1.000000 0.707225 1.000000 0.708361 1.000000 0.695535 1.000000 0.694397 1.000000 0.692414 1.000000 0.690811 1.000000 0.688828 1.000000 0.687225 1.000000 0.671363 1.000000 0.669760 1.000000 0.663811 1.000000 0.662208 1.000000 0.656259 1.000000 0.654655 1.000000 0.652672 1.000000 0.652292 1.000000 0.648325 1.000000 0.643518 1.000000 0.641613 0.994281 0.646421 0.993171 0.648866 0.989421 0.648485 0.987916 0.649706 0.986040 0.651310 0.985670 0.653756 0.981920 0.655360 0.981550 0.659028 0.975922 0.660632 0.975551 0.664302 0.969921 0.663161 0.965403
0 0.817794 0.807972 0.824586 0.835276 0.819747 0.836399 0.817275 0.840179 0.818407 0.844726 0.807119 0.847344 0.805609 0.841283 0.799638 0.837860 0.799260 0.836345 0.795279 0.834061 0.793667 0.834435 0.785705 0.829870 0.785326 0.828353 0.783336 0.827211 0.782958 0.825695 0.780966 0.824554 0.776129 0.825678 0.774235 0.818095
0 0.057385 0.384793 0.058592 0.389404 0.062612 0.391711 0.069043 0.390174 0.079486 0.430107 0.053786 0.436237 0.052178 0.430101 0.050170 0.428949 0.048564 0.429332 0.046555 0.428182 0.046153 0.426647 0.042137 0.424344 0.040531 0.424727 0.032497 0.420121 0.030892 0.420504 0.026874 0.418202 0.025269 0.418585 0.023261 0.417434 0.022858 0.415898 0.020848 0.414746 0.016031 0.415897 0.013611 0.406685 0.020035 0.405150 0.023644 0.399391 0.022031 0.393246
0 0.679846 0.170086 0.690277 0.212082 0.656037 0.220277 0.654876 0.215617 0.650843 0.213290 0.647583 0.214070 0.643548 0.211743 0.640288 0.212524 0.638272 0.211361 0.636643 0.211751 0.630590 0.208260 0.628651 0.200489 0.634862 0.190763 0.636493 0.190372 0.640222 0.184533 0.639059 0.179867
0 0.672439 0.492934 0.673592 0.497543 0.679605 0.501002 0.681226 0.500619 0.687240 0.504077 0.693724 0.502546 0.700242 0.528642 0.695381 0.529788 0.692907 0.533620 0.691287 0.534002 0.688814 0.537833 0.683955 0.538979 0.669931 0.530917 0.669547 0.529383 0.667543 0.528232 0.667159 0.526697 0.663152 0.524393 0.661533 0.524775 0.653517 0.520167 0.653133 0.518633 0.651128 0.517481 0.649589 0.511342 0.650825 0.509424 0.650055 0.506355 0.651291 0.504436 0.649752 0.498294
0 0.068647 0.544911 0.069849 0.549492 0.071852 0.550639 0.076659 0.549499 0.087462 0.590698 0.068249 0.595246 0.067048 0.590674 0.041027 0.575780 0.039427 0.576159 0.039026 0.574635 0.035022 0.572343 0.030221 0.573481 0.025401 0.555172
0 0.638956 0.720998 0.642405 0.734688 0.635959 0.736195 0.626136 0.751365 0.624525 0.751741 0.623298 0.753637 0.621687 0.754013 0.620461 0.755908 0.610800 0.758164 0.608805 0.757022 0.607196 0.757397 0.605201 0.756254 0.601982 0.757006 0.599988 0.755863 0.596769 0.756615 0.594775 0.755473 0.593165 0.755849 0.587183 0.752419 0.588408 0.750524 0.588024 0.749005 0.589249 0.747110 0.592469 0.746357 0.593694 0.744461 0.595305 0.744085 0.596530 0.742188 0.598141 0.741812 0.599367 0.739916 0.600977 0.739540 0.602203 0.737644 0.603813 0.737267 0.605040 0.735370 0.603504 0.729288
0 0.705718 0.660196 0.711445 0.683075 0.690449 0.687990 0.689302 0.683417 0.685309 0.681124 0.678851 0.682637 0.675024 0.667389
0 0.665540 0.527079 0.667076 0.533214 0.671083 0.535518 0.671467 0.537051 0.675473 0.539354 0.677093 0.538972 0.683102 0.542427 0.689581 0.540900 0.694562 0.560826 0.689706 0.561970 0.685998 0.567708 0.687148 0.572303 0.664494 0.577635 0.662958 0.571511 0.646942 0.562307 0.642089 0.563451 0.634779 0.534336
0 1.000000 0.602584 1.000000 0.625562 1.000000 0.626703 1.000000 0.636259 1.000000 0.636639 1.000000 0.638550 1.000000 0.640449 1.000000 0.638148 1.000000 0.638528 1.000000 0.633927 1.000000 0.634307 0.998765 0.632006 0.997141 0.632386 0.995141 0.631237 0.993517 0.631617 0.989519 0.629316 0.989144 0.627785 0.987146 0.626635 0.980646 0.628156 0.977650 0.615908
0 0.666663 0.311377 0.673220 0.337674 0.666715 0.339222 0.664234 0.343086 0.665777 0.349269 0.649523 0.353135 0.648365 0.348499 0.642331 0.345025 0.640706 0.345411 0.634672 0.341935 0.633046 0.342322 0.629023 0.340005 0.628250 0.336914 0.626238 0.335754 0.625851 0.334209 0.627089 0.332276 0.626702 0.330730 0.629179 0.326863 0.627632 0.320677
0 0.887272 0.140173 0.892984 0.163570 0.886431 0.165138 0.885174 0.167090 0.886316 0.171765 0.873216 0.174900 0.871691 0.168666 0.861596 0.162833 0.861214 0.161274 0.859194 0.160107 0.852646 0.161675 0.849590 0.149201
0 0.664241 0.246280 0.672352 0.278847 0.665839 0.280401 0.662113 0.286214 0.663272 0.290861 0.648626 0.294354 0.647080 0.288160 0.639024 0.283516 0.634143 0.284681 0.626786 0.255233
0 0.933553 0.639175 0.937684 0.655992 0.924705 0.659026 0.922707 0.657878 0.919464 0.658636 0.917465 0.657488 0.915844 0.657867 0.909849 0.654420 0.904983 0.655558 0.902725 0.646388
0 0.491018 0.202197 0.492584 0.208408 0.494602 0.209570 0.496227 0.209180 0.498245 0.210343 0.503123 0.209173 0.511336 0.241758 0.506461 0.242925 0.503993 0.246804 0.502368 0.247193 0.498667 0.253009 0.499840 0.257658 0.468991 0.265041 0.467815 0.260395 0.463785 0.258074 0.462161 0.258462 0.450070 0.251498 0.449677 0.249950 0.447661 0.248788 0.446876 0.245689 0.444859 0.244528 0.444467 0.242978 0.438419 0.239495 0.438026 0.237945 0.433994 0.235623 0.429125 0.236790 0.428732 0.235239 0.433601 0.234072 0.436061 0.230194 0.435668 0.228642 0.438129 0.224762 0.439752 0.224372 0.442215 0.220491 0.440643 0.214285
0 0.549034 0.716258 0.554819 0.739062 0.548382 0.740567 0.544393 0.738281 0.544007 0.736761 0.540018 0.734475 0.533582 0.735980 0.532361 0.737877 0.530752 0.738253 0.528307 0.742043 0.528693 0.743563 0.527470 0.745458 0.531717 0.762161 0.533712 0.763304 0.534483 0.766339 0.533261 0.768232 0.533647 0.769751 0.532426 0.771643 0.532811 0.773160 0.531591 0.775053 0.531976 0.776569 0.530369 0.776945 0.528375 0.775804 0.525162 0.776554 0.523168 0.775412 0.521561 0.775787 0.519568 0.774646 0.516354 0.775396 0.514362 0.774255 0.512755 0.774630 0.510761 0.773488 0.509155 0.773864 0.507162 0.772721 0.505555 0.773097 0.483626 0.760537 0.483238 0.759019 0.477257 0.755592 0.472437 0.756720 0.471274 0.752166 0.476094 0.751039 0.478532 0.747249 0.478145 0.745731 0.480584 0.741942 0.482191 0.741566 0.485850 0.735880 0.484688 0.731323 0.526502 0.721533 0.527661 0.726093 0.531652 0.728381 0.533260 0.728005 0.534483 0.726108 0.532938 0.720026
0 0.732688 0.576181 0.733833 0.580775 0.749842 0.589978 0.756322 0.588456 0.760512 0.605290 0.755653 0.606431 0.751653 0.604132 0.750034 0.604512 0.746033 0.602213 0.726608 0.606775 0.725370 0.608684 0.722134 0.609445 0.720898 0.611354 0.719280 0.611734 0.718044 0.613644 0.714808 0.614403 0.713573 0.616312 0.711955 0.616692 0.710718 0.618600 0.708719 0.617451 0.707101 0.617831 0.705102 0.616683 0.703485 0.617062 0.695485 0.612467 0.689015 0.613987 0.685186 0.598695 0.691658 0.597173 0.695363 0.591442 0.693832 0.585320
0 0.796514 0.832171 0.798026 0.838234 0.803997 0.841657 0.812060 0.839786 0.818474 0.865540 0.805579 0.868529 0.804345 0.870415 0.801123 0.871162 0.799889 0.873050 0.795055 0.874170 0.793821 0.876056 0.792210 0.876430 0.790977 0.878316 0.792111 0.882855 0.771176 0.887704 0.770042 0.883167 0.768053 0.882028 0.766443 0.882401 0.764454 0.881262 0.761234 0.882008 0.759245 0.880868 0.757636 0.881241 0.755647 0.880102 0.749209 0.881594 0.745798 0.867978 0.753848 0.866111 0.755079 0.864224 0.769575 0.860862 0.770807 0.858975 0.772418 0.858601 0.773651 0.856712 0.775262 0.856339 0.780194 0.848785 0.779816 0.847269 0.783516 0.841602 0.782002 0.835540
0 0.878943 0.806608 0.883077 0.823304 0.865312 0.827427 0.864183 0.822877 0.856220 0.818307 0.854714 0.812236
0 0.191407 0.201754 0.193008 0.207954 0.195025 0.209115 0.196643 0.208726 0.200678 0.211047 0.207149 0.209490 0.215935 0.243563 0.211084 0.244728 0.209868 0.246664 0.208252 0.247053 0.200950 0.258664 0.199334 0.259052 0.198117 0.260987 0.196502 0.261375 0.195286 0.263309 0.188824 0.264860 0.180762 0.260226 0.179147 0.260614 0.177133 0.259456 0.173901 0.260232 0.159793 0.252122 0.159393 0.250576 0.157377 0.249416 0.150917 0.250969 0.143296 0.221565 0.149759 0.220009 0.150973 0.218071 0.149368 0.211876
0 0.809093 0.697588 0.813258 0.714353 0.789006 0.720015 0.784835 0.703256
0 0.752134 0.681623 0.756317 0.698393 0.746621 0.700660 0.745480 0.696088 0.741487 0.693796 0.736640 0.694929 0.734355 0.685783
0 0.912063 0.305452 0.913579 0.311652 0.917604 0.313975 0.920872 0.313199 0.922885 0.314360 0.929422 0.312807 0.932448 0.325204 0.912846 0.329858 0.911592 0.331795 0.901794 0.334121 0.899782 0.332960 0.896517 0.333735 0.894506 0.332575 0.892873 0.332963 0.886837 0.329481 0.884559 0.320188 0.885813 0.318250 0.884294 0.312053
0 0.998024 0.238999 1.000000 0.262317 1.000000 0.263097 0.999271 0.258436 0.995240 0.256107 0.993603 0.256497 0.991588 0.255333 0.989950 0.255723 0.985919 0.253394 0.979368 0.254953 0.976725 0.244073
0 0.742314 0.580403 0.743840 0.586527 0.749842 0.589978 0.753082 0.589217 0.755082 0.590367 0.763182 0.588464 0.772317 0.625181 0.765842 0.626700 0.764603 0.628609 0.762985 0.628989 0.761746 0.630896 0.762126 0.632424 0.760508 0.632804 0.753084 0.644248 0.753464 0.645775 0.750990 0.649587 0.752132 0.654169 0.734342 0.658337 0.733199 0.653757 0.727205 0.650314 0.725588 0.650692 0.713596 0.643805 0.710541 0.631586 0.711776 0.629678 0.710630 0.625094 0.711865 0.623186 0.713483 0.622806 0.715954 0.618989 0.720807 0.617850 0.722808 0.619000 0.726043 0.618240 0.727279 0.616331 0.730517 0.615571 0.731753 0.613661 0.738227 0.612141 0.741938 0.606413 0.741557 0.604883 0.742795 0.602973 0.741270 0.596853 0.739268 0.595703 0.738887 0.594173 0.736887 0.593023 0.735267 0.593404 0.733267 0.592253 0.730028 0.593014 0.728028 0.591863 0.724790 0.592625 0.722789 0.591475 0.714695 0.593378 0.712694 0.592228 0.709457 0.592989 0.708222 0.594899 0.706603 0.595280 0.705366 0.597190 0.703749 0.597570 0.700043 0.603300 0.693572 0.604821 0.690509 0.592583
0 0.979021 0.628536 0.982765 0.643836 0.974645 0.645735 0.973395 0.647643 0.970147 0.648402 0.968149 0.647253 0.966525 0.647633 0.964527 0.646484 0.958033 0.648002 0.954658 0.634236
0 0.191407 0.201754 0.193008 0.207954 0.197043 0.210275 0.198661 0.209886 0.208747 0.215688 0.215218 0.214131 0.221206 0.237365 0.216355 0.238531 0.213919 0.242404 0.212303 0.242792 0.202566 0.258276 0.203764 0.262915 0.184377 0.267569 0.183178 0.262931 0.179147 0.260614 0.177533 0.261002 0.175517 0.259844 0.173901 0.260232 0.155762 0.249804 0.150917 0.250969 0.143697 0.223113 0.148544 0.221947 0.150973 0.218071 0.149368 0.211876
0 0.985520 0.627015 0.988514 0.639257 0.980392 0.641157 0.979142 0.643067 0.975894 0.643826 0.974645 0.645735 0.971397 0.646494 0.969398 0.645345 0.967774 0.645725 0.965776 0.644574 0.957658 0.646473 0.954658 0.634236
0 0.916213 0.884672 0.920819 0.879330 0.928585 0.877533 0.936952 0.878165 0.939745 0.883935 0.933939 0.889980 0.924417 0.893892 0.916950 0.891344 0.914589 0.885477
0 0.395681 0.714066 0.396905 0.709003 0.411039 0.705089 0.413402 0.706924 0.414537 0.713821 0.409617 0.716765 0.403074 0.718299
0 0.807484 0.197057 0.803464 0.193747 0.793312 0.196786 0.781810 0.199538 0.771844 0.200701 0.754902 0.204754 0.749885 0.207784 0.758032 0.217423 0.767458 0.221879 0.782829 0.221863 0.789694 0.226318 0.802544 0.223859 0.811234 0.217514 0.811956 0.210023 0.809584 0.197775
0 0.766071 0.224039 0.779700 0.219562 0.787812 0.221282 0.793108 0.229770 0.789686 0.236681 0.784595 0.244598 0.778474 0.250931 0.768198 0.253384 0.756181 0.251381 0.751596 0.245776 0.755186 0.237001 0.765146 0.225479
0 0.746229 0.252539 0.751241 0.249517 0.764181 0.250080 0.770437 0.254676 0.768584 0.267901 0.765989 0.270345 0.752947 0.277105 0.743142 0.278834 0.738204 0.276971 0.734934 0.274102 0.735146 0.269792 0.742676 0.258867
0 0.353955 0.595839 0.363735 0.601929 0.368922 0.604904 0.371113 0.610982 0.372128 0.614937 0.372389 0.620869 0.365097 0.621989 0.352648 0.615335 0.352503 0.614770 0.345937 0.618715 0.340301 0.616448 0.343349 0.603740 0.350367 0.599086
0 0.369594 0.592750 0.380953 0.585269 0.406743 0.579782 0.410451 0.581909 0.416056 0.588989 0.417936 0.596344 0.413888 0.600298 0.403716 0.607492 0.383000 0.612976 0.376897 0.613813 0.367004 0.602357 0.366585 0.598259
0 0.355702 0.553402 0.360895 0.556380 0.363396 0.561195 0.365445 0.566718 0.366316 0.570116 0.363321 0.573226 0.356021 0.574348 0.353359 0.571375 0.350844 0.568967 0.351921 0.563307 0.354044 0.556799
0 0.324859 0.558892 0.332461 0.556493 0.340344 0.557633 0.344475 0.563865 0.345638 0.568395 0.342789 0.572070 0.334433 0.576446 0.325495 0.578557 0.318810 0.577136 0.313473 0.573595 0.312160 0.568500 0.319786 0.561291 0.322620 0.560022
0 0.220479 0.599768 0.240244 0.595698 0.242917 0.596266 0.255533 0.598684 0.264875 0.603073 0.270052 0.608447 0.270334 0.611975 0.267933 0.617336 0.259152 0.622404 0.248296 0.626763 0.236850 0.631259 0.222005 0.632366 0.215934 0.628407 0.214175 0.621636 0.218802 0.612753 0.221050 0.606829
0 0.292294 0.397833 0.298723 0.395695 0.301993 0.398546 0.304055 0.404102 0.302982 0.409800 0.300568 0.415212 0.295460 0.422470 0.290072 0.426170 0.282307 0.428019 0.279027 0.427591 0.276366 0.422182 0.277142 0.415349 0.280602 0.409085 0.286012 0.400540 0.291572 0.392560
1 0.306386 0.386003 0.126228 0.608255 0.330047 0.642822 0.492221 0.549994
