0 0.194407 0.487333 0.194767 0.491382 0.193338 0.492959 0.193578 0.495659 0.192149 0.497235 0.192270 0.498586 0.189411 0.501739 0.189532 0.503089 0.186673 0.506243 0.186793 0.507592 0.185363 0.509169 0.185484 0.510519 0.181196 0.515250 0.181317 0.516599 0.171312 0.527637 0.169762 0.527864 0.168334 0.529441 0.163684 0.530123 0.165008 0.544971 0.171206 0.544062 0.172876 0.545185 0.174425 0.544958 0.177765 0.547203 0.183963 0.546295 0.185634 0.547417 0.196480 0.545827 0.197909 0.544251 0.204108 0.543343 0.205537 0.541766 0.207086 0.541539 0.208516 0.539962 0.210066 0.539735 0.215783 0.533427 0.215662 0.532077 0.217091 0.530501 0.218640 0.530274 0.231504 0.516082 0.236152 0.515400 0.235310 0.505952 0.230662 0.506634 0.227323 0.504388 0.227202 0.503038 0.220523 0.498548 0.220403 0.497198 0.217063 0.494952 0.216942 0.493602 0.211933 0.490234 0.211452 0.484835
0 0.824288 0.597406 0.824649 0.601455 0.821790 0.604610 0.818691 0.605064 0.817262 0.606641 0.812613 0.607322 0.811184 0.608899 0.804986 0.609807 0.806429 0.626004 0.812627 0.625096 0.814297 0.626219 0.815847 0.625992 0.817517 0.627115 0.819066 0.626888 0.824075 0.630256 0.825625 0.630028 0.827296 0.631151 0.828845 0.630924 0.830514 0.632047 0.832064 0.631820 0.833734 0.632943 0.835284 0.632716 0.836953 0.633838 0.843152 0.632930 0.844821 0.634052 0.858768 0.632008 0.860437 0.633131 0.874384 0.631088 0.875813 0.629510 0.880462 0.628829 0.881891 0.627253 0.883440 0.627026 0.887728 0.622296 0.889278 0.622068 0.892136 0.618914 0.898334 0.618006 0.897131 0.604508 0.892483 0.605189 0.890812 0.604067 0.889263 0.604294 0.885924 0.602048 0.884374 0.602276 0.879365 0.598908 0.877816 0.599135 0.876145 0.598012 0.873046 0.598466 0.871377 0.597343 0.868278 0.597798 0.864937 0.595552 0.864576 0.591503
0 0.791380 0.738970 0.793665 0.764615 0.798314 0.763934 0.799984 0.765057 0.801533 0.764830 0.804873 0.767076 0.807973 0.766621 0.809402 0.765045 0.812501 0.764591 0.815359 0.761436 0.816908 0.761209 0.818338 0.759633 0.821437 0.759179 0.822867 0.757602 0.824416 0.757375 0.828704 0.752644 0.834902 0.751736 0.833217 0.732839
0 0.084494 0.487031 0.087381 0.519426 0.093579 0.518517 0.095248 0.519641 0.096798 0.519413 0.100138 0.521658 0.103237 0.521204 0.104907 0.522327 0.106456 0.522100 0.108127 0.523222 0.112775 0.522541 0.114445 0.523664 0.119094 0.522983 0.120764 0.524106 0.123862 0.523652 0.125532 0.524774 0.128632 0.524320 0.130302 0.525443 0.134950 0.524762 0.136620 0.525884 0.144368 0.524749 0.145798 0.523172 0.147347 0.522945 0.148775 0.521368 0.154974 0.520460 0.153650 0.505613 0.149002 0.506294 0.147332 0.505171 0.146730 0.498421 0.145061 0.497299 0.144700 0.493250 0.143151 0.493477 0.136472 0.488985 0.134922 0.489213 0.128242 0.484723 0.127881 0.480673
0 0.884876 0.484605 0.885357 0.490004 0.882498 0.493158 0.876300 0.494066 0.879548 0.530510 0.885746 0.529602 0.902445 0.540829 0.902565 0.542178 0.909245 0.546669 0.909606 0.550718 0.920453 0.549129 0.920092 0.545080 0.921521 0.543503 0.926170 0.542822 0.927840 0.543944 0.928200 0.547993 0.931299 0.547539 0.930939 0.543490 0.935227 0.538759 0.935107 0.537410 0.936535 0.535834 0.936415 0.534483 0.942132 0.528176 0.942012 0.526826 0.949159 0.518942 0.950708 0.518715 0.952137 0.517138 0.952016 0.515788 0.953446 0.514211 0.958095 0.513530 0.957013 0.501382 0.952363 0.502063 0.937334 0.491958 0.935785 0.492185 0.932445 0.489940 0.930896 0.490167 0.925886 0.486799 0.924337 0.487026 0.919327 0.483658 0.918966 0.479609
0 0.784423 0.537613 0.784784 0.541662 0.780496 0.546393 0.780617 0.547742 0.779188 0.549319 0.777638 0.549546 0.774779 0.552700 0.773230 0.552927 0.771800 0.554503 0.770251 0.554730 0.768822 0.556308 0.765722 0.556762 0.764294 0.558339 0.761194 0.558793 0.759765 0.560370 0.758216 0.560597 0.756786 0.562174 0.750588 0.563082 0.751791 0.576580 0.764187 0.574764 0.765858 0.575886 0.772056 0.574978 0.773725 0.576100 0.779923 0.575192 0.781594 0.576315 0.789341 0.575179 0.791011 0.576302 0.822003 0.571761 0.823672 0.572883 0.831419 0.571748 0.832849 0.570172 0.834399 0.569944 0.837258 0.566790 0.838807 0.566563 0.843095 0.561833 0.849292 0.560924 0.848330 0.550126 0.842133 0.551034 0.840462 0.549912 0.838912 0.550139 0.837243 0.549016 0.832595 0.549697 0.830925 0.548575 0.827825 0.549029 0.826156 0.547906 0.824606 0.548133 0.822936 0.547010 0.819837 0.547464 0.813157 0.542973 0.811608 0.543200 0.806598 0.539833 0.806117 0.534434
0 0.812095 0.407756 0.815945 0.450949 0.820593 0.450268 0.827273 0.454758 0.827394 0.456108 0.830492 0.455654 0.832162 0.456777 0.835261 0.456323 0.838120 0.453169 0.839669 0.452942 0.855391 0.435597 0.855271 0.434247 0.856701 0.432670 0.856460 0.429971 0.857889 0.428393 0.862538 0.427712 0.862057 0.422313 0.857408 0.422994 0.854068 0.420749 0.853948 0.419399 0.837249 0.408172 0.836889 0.404123
0 0.627167 0.516900 0.629934 0.547944 0.646979 0.545447 0.646619 0.541398 0.656623 0.530359 0.656503 0.529010 0.659361 0.525856 0.664009 0.525175 0.662807 0.511677
0 0.156638 0.662427 0.158683 0.685372 0.164881 0.684464 0.168221 0.686710 0.168702 0.692109 0.181098 0.690292 0.180737 0.686243 0.189313 0.676782 0.193961 0.676101 0.192277 0.657204
0 0.916731 0.665904 0.918175 0.682102 0.924373 0.681193 0.927713 0.683439 0.927833 0.684788 0.931173 0.687034 0.931293 0.688384 0.934633 0.690629 0.934994 0.694678 0.947390 0.692862 0.947029 0.688813 0.952746 0.682505 0.952626 0.681155 0.961202 0.671694 0.965850 0.671013 0.964767 0.658865
0 0.723616 0.524645 0.723977 0.528694 0.721117 0.531848 0.716469 0.532530 0.718033 0.550076 0.724231 0.549168 0.730910 0.553659 0.732460 0.553432 0.737469 0.556800 0.740569 0.556346 0.742239 0.557468 0.748437 0.556560 0.750107 0.557683 0.757855 0.556547 0.759284 0.554971 0.762383 0.554517 0.763813 0.552940 0.765362 0.552713 0.766790 0.551136 0.769890 0.550681 0.771319 0.549104 0.772869 0.548877 0.774298 0.547301 0.775847 0.547074 0.777277 0.545497 0.778827 0.545270 0.783114 0.540539 0.784663 0.540312 0.786093 0.538735 0.787643 0.538508 0.789072 0.536931 0.796819 0.535796 0.796218 0.529047 0.790020 0.529956 0.783340 0.525464 0.781791 0.525691 0.778451 0.523447 0.776902 0.523674 0.773562 0.521427 0.773201 0.517379
0 0.708593 0.373696 0.709555 0.384495 0.715753 0.383586 0.717424 0.384709 0.718973 0.384482 0.742351 0.400199 0.742832 0.405599 0.759878 0.403102 0.756630 0.366657
0 0.053445 0.420475 0.054889 0.436673 0.059538 0.435991 0.067887 0.441606 0.068007 0.442955 0.071347 0.445200 0.071708 0.449250 0.084104 0.447433 0.083623 0.442033 0.087910 0.437303 0.087670 0.434604 0.089100 0.433027 0.088618 0.427627 0.090048 0.426051 0.089086 0.415253
0 0.148988 0.488519 0.149590 0.495268 0.148160 0.496845 0.148401 0.499544 0.150071 0.500667 0.151154 0.512815 0.152823 0.513937 0.153184 0.517987 0.154853 0.519110 0.154974 0.520460 0.161654 0.524951 0.163203 0.524724 0.164872 0.525846 0.171072 0.524937 0.172501 0.523361 0.174050 0.523134 0.175479 0.521557 0.175359 0.520207 0.181076 0.513900 0.180956 0.512550 0.182386 0.510973 0.182265 0.509623 0.185123 0.506470 0.185003 0.505120 0.187861 0.501966 0.187741 0.500617 0.190600 0.497462 0.190480 0.496113 0.191909 0.494536 0.191789 0.493186 0.193217 0.491609 0.192977 0.488910 0.194407 0.487333 0.193925 0.481934
0 0.365593 0.188765 0.366435 0.198214 0.372633 0.197306 0.374304 0.198428 0.375853 0.198201 0.377522 0.199323 0.385270 0.198188 0.386700 0.196611 0.388249 0.196384 0.391108 0.193231 0.395756 0.192550 0.395034 0.184451
0 0.000000 0.431375 0.000000 0.462420 0.000000 0.461512 0.000000 0.462634 0.000000 0.463985 0.000000 0.467352 0.000000 0.471401 0.029282 0.466406 0.028921 0.462357 0.036067 0.454473 0.037617 0.454246 0.043334 0.447937 0.047982 0.447256 0.047261 0.439158 0.042613 0.439840 0.039273 0.437593 0.037724 0.437820 0.029374 0.432207 0.027825 0.432434 0.022815 0.429067 0.022454 0.425017
0 0.785802 0.324095 0.787967 0.348391 0.795715 0.347255 0.797385 0.348378 0.800484 0.347923 0.802154 0.349046 0.802515 0.353095 0.808713 0.352187 0.808353 0.348138 0.809781 0.346561 0.811330 0.346334 0.815619 0.341604 0.815499 0.340254 0.821216 0.333946 0.821095 0.332597 0.822525 0.331020 0.828722 0.330112 0.827640 0.317964
0 0.447050 0.680035 0.448855 0.700282 0.478297 0.695967 0.476493 0.675721
0 0.469070 0.786201 0.470273 0.799699 0.481120 0.798110 0.482549 0.796532 0.490297 0.795397 0.493155 0.792244 0.499354 0.791336 0.498512 0.781887
0 0.146166 0.685840 0.147489 0.700687 0.170732 0.697281 0.169409 0.682434
0 0.063860 0.325965 0.065544 0.344862 0.070192 0.344181 0.071863 0.345303 0.073413 0.345076 0.075082 0.346199 0.075443 0.350249 0.080091 0.349568 0.079730 0.345518 0.082590 0.342364 0.084139 0.342137 0.086998 0.338984 0.086877 0.337633 0.085207 0.336511 0.084966 0.333812 0.081628 0.331566 0.081507 0.330217 0.079837 0.329094 0.079356 0.323695
0 0.066127 0.774144 0.067450 0.788991 0.084495 0.786493 0.083171 0.771646
0 0.049539 0.306185 0.051223 0.325082 0.057421 0.324174 0.060761 0.326419 0.061122 0.330469 0.070419 0.329107 0.070058 0.325057 0.072917 0.321903 0.072797 0.320553 0.075655 0.317399 0.080304 0.316718 0.078981 0.301871
0 0.907899 0.355429 0.909102 0.368927 0.916850 0.367792 0.918520 0.368915 0.932466 0.366871 0.931142 0.352023
0 0.569409 0.591000 0.569890 0.596399 0.555598 0.612167 0.554048 0.612394 0.552618 0.613971 0.551069 0.614198 0.549640 0.615775 0.548090 0.616002 0.545232 0.619156 0.543683 0.619383 0.542253 0.620960 0.536055 0.621869 0.537498 0.638065 0.557643 0.635113 0.557162 0.629714 0.558591 0.628137 0.558470 0.626787 0.561329 0.623634 0.561208 0.622284 0.568354 0.614400 0.568234 0.613050 0.581098 0.598858 0.580978 0.597509 0.582406 0.595931 0.588606 0.595023 0.588004 0.588274
0 0.723616 0.524645 0.723977 0.528694 0.721117 0.531848 0.719568 0.532075 0.718138 0.533652 0.710391 0.534787 0.711594 0.548285 0.717792 0.547377 0.719461 0.548499 0.721011 0.548272 0.726021 0.551641 0.727571 0.551413 0.732581 0.554781 0.734130 0.554554 0.737469 0.556800 0.742119 0.556119 0.743788 0.557241 0.759284 0.554971 0.760713 0.553394 0.765362 0.552713 0.766790 0.551136 0.769890 0.550681 0.771319 0.549104 0.772869 0.548877 0.774298 0.547301 0.775847 0.547074 0.778707 0.543920 0.780256 0.543693 0.783114 0.540539 0.786213 0.540085 0.787643 0.538508 0.790741 0.538054 0.792171 0.536477 0.793721 0.536250 0.793481 0.533551 0.791810 0.532427 0.791570 0.529729 0.786561 0.526360 0.785011 0.526587 0.781671 0.524342 0.780121 0.524569 0.778451 0.523447 0.776902 0.523674 0.773562 0.521427 0.773201 0.517379
0 0.745953 0.581537 0.746916 0.592336 0.751565 0.591654 0.756574 0.595023 0.756694 0.596372 0.761704 0.599740 0.761825 0.601090 0.771843 0.607827 0.773393 0.607600 0.776732 0.609845 0.777093 0.613895 0.804986 0.609807 0.804504 0.604407 0.810221 0.598100 0.813321 0.597646 0.814750 0.596069 0.817848 0.595615 0.819278 0.594039 0.820827 0.593812 0.829404 0.584350 0.829284 0.583000 0.833571 0.578270 0.838220 0.577589 0.837378 0.568140
0 0.453249 0.679127 0.455053 0.699373 0.478297 0.695967 0.476493 0.675721
0 0.786226 0.258397 0.788031 0.278644 0.801977 0.276600 0.801496 0.271201 0.807213 0.264893 0.807093 0.263543 0.811380 0.258812 0.816029 0.258131 0.815668 0.254082
0 0.214618 0.617238 0.213839 0.637864 0.203921 0.658688 0.186546 0.669212 0.193579 0.645390
0 0.382946 0.421645 0.383660 0.444330 0.388548 0.469823 0.378017 0.469086 0.375812 0.444341
0 0.434645 0.473323 0.430583 0.486453 0.431686 0.498826 0.439534 0.498816 0.437630 0.477444
0 0.810992 0.145830 0.809511 0.158582 0.818162 0.167570 0.833257 0.160801 0.836428 0.152358 0.841983 0.141288 0.834035 0.140175 0.817447 0.144884
0 0.560213 0.223601 0.568951 0.218903 0.579182 0.216264 0.587331 0.219628 0.588033 0.227502 0.578805 0.241389 0.573840 0.244395 0.558933 0.238603 0.555550 0.229983
1 0.223879 0.578259 0.182506 0.684173 0.419245 0.688597 0.410041 0.625094 0.337164 0.616216 0.384292 0.521813
1 0.394881 0.521291 0.426532 0.597973 0.420901 0.627620 0.333392 0.613681
1 0.391823 0.513504 0.653863 0.510104 0.556790 0.654029 0.417131 0.625085 0.426622 0.598989
1 0.371104 0.413603 0.397565 0.511634 0.564928 0.506666
1 0.383753 0.409691 0.636643 0.409690 0.505313 0.474226 0.373526 0.414279
1 0.419930 0.311746 0.577087 0.338126 0.563579 0.279373
1 0.574983 0.287996 0.742261 0.401418 0.597425 0.407201 0.569151 0.288851
