1 0.259342 0.485928 0.449804 0.648711 0.402566 0.674875 0.245421 0.536421
1 0.514310 0.829193 0.604712 0.570420 0.634537 0.612436 0.558324 0.816352
1 0.500957 0.500683 0.595320 0.566969 0.580460 0.613211 0.565071 0.629132 0.465658 0.547413 0.463022 0.531751
1 0.740763 0.408576 0.769870 0.676295 0.723399 0.670566 0.701081 0.448489
1 0.744655 0.403870 0.782762 0.408943 0.797360 0.542075 0.763048 0.572801
1 0.617155 0.310342 0.734144 0.399077 0.699563 0.434168 0.595898 0.362975
1 0.386277 0.277217 0.440052 0.437017 0.409770 0.441327 0.356706 0.308939
1 0.383241 0.248575 0.383014 0.271738 0.466385 0.496720 0.482484 0.508215 0.508971 0.468103 0.434233 0.239414
1 0.458820 0.307960 0.571289 0.197523 0.610464 0.224192 0.482157 0.357823
1 0.360793 0.009154 0.608912 0.152022 0.635098 0.058423 0.533042 0.000095
