0 0.677022 0.274456 0.677225 0.279307 0.673951 0.282001 0.670540 0.281460 0.668902 0.282807 0.667198 0.282537 0.665560 0.283884 0.663855 0.283614 0.662219 0.284960 0.660513 0.284690 0.658875 0.286037 0.657170 0.285767 0.655534 0.287113 0.653828 0.286843 0.652191 0.288189 0.650485 0.287919 0.645574 0.291960 0.643868 0.291689 0.634044 0.299770 0.632338 0.299499 0.624152 0.306233 0.617332 0.305151 0.618891 0.342347 0.624007 0.343158 0.638189 0.358258 0.638257 0.359876 0.643576 0.365538 0.643780 0.370389 0.662536 0.373363 0.662332 0.368512 0.665608 0.365818 0.665540 0.364202 0.667177 0.362854 0.667109 0.361237 0.668746 0.359890 0.668678 0.358273 0.670316 0.356926 0.670248 0.355309 0.671885 0.353962 0.671817 0.352346 0.673455 0.350998 0.673387 0.349382 0.676662 0.346687 0.676594 0.345071 0.688056 0.335644 0.689761 0.335914 0.693036 0.333219 0.694740 0.333490 0.696378 0.332143 0.698084 0.332414 0.702995 0.328373 0.704700 0.328643 0.707976 0.325951 0.709680 0.326221 0.714593 0.322180 0.716297 0.322451 0.722847 0.317063 0.724552 0.317334 0.727826 0.314640 0.729532 0.314911 0.731170 0.313564 0.732874 0.313835 0.734511 0.312487 0.736217 0.312758 0.737854 0.311411 0.741265 0.311952 0.742902 0.310605 0.744606 0.310875 0.746244 0.309528 0.747950 0.309799 0.749587 0.308452 0.752997 0.308993 0.754635 0.307646 0.756339 0.307916 0.757977 0.306570 0.761387 0.307110 0.763024 0.305763 0.764730 0.306034 0.766367 0.304687 0.769777 0.305228 0.771414 0.303882 0.773120 0.304152 0.774757 0.302805 0.778167 0.303345 0.779805 0.301999 0.779737 0.300382 0.781375 0.299034 0.781036 0.290949
0 0.732942 0.315451 0.733145 0.320302 0.729871 0.322996 0.728165 0.322725 0.726528 0.324073 0.724824 0.323803 0.723186 0.325150 0.721481 0.324880 0.718205 0.327573 0.716501 0.327303 0.703402 0.338077 0.701696 0.337806 0.698423 0.340500 0.693307 0.339689 0.694527 0.368798 0.699643 0.369609 0.710280 0.380933 0.711985 0.381203 0.715531 0.384979 0.717236 0.385249 0.719009 0.387137 0.720713 0.387407 0.722487 0.389295 0.724193 0.389566 0.725965 0.391453 0.727671 0.391723 0.729443 0.393611 0.731148 0.393881 0.732921 0.395769 0.738036 0.396580 0.739809 0.398467 0.741514 0.398737 0.743288 0.400625 0.743491 0.405476 0.758838 0.407909 0.758634 0.403059 0.760271 0.401711 0.761977 0.401982 0.763614 0.400635 0.767024 0.401176 0.768662 0.399830 0.770366 0.400100 0.772003 0.398753 0.773709 0.399023 0.775346 0.397677 0.778757 0.398218 0.780394 0.396870 0.782098 0.397141 0.783736 0.395793 0.787147 0.396334 0.788783 0.394988 0.793899 0.395799 0.795537 0.394452 0.802358 0.395533 0.803994 0.394187 0.807405 0.394728 0.809042 0.393381 0.814157 0.394192 0.815794 0.392845 0.819206 0.393386 0.820843 0.392040 0.822547 0.392310 0.824185 0.390963 0.825891 0.391233 0.827528 0.389887 0.829233 0.390157 0.830870 0.388810 0.835986 0.389621 0.835240 0.371832 0.828420 0.370750 0.817782 0.359426 0.816077 0.359156 0.805439 0.347830 0.803733 0.347559 0.796642 0.340010 0.794937 0.339740 0.789619 0.334077 0.787913 0.333806 0.784367 0.330031 0.782663 0.329761 0.780889 0.327873 0.780686 0.323022
0 0.783669 0.394177 0.783872 0.399029 0.780597 0.401722 0.777187 0.401182 0.773912 0.403874 0.772207 0.403604 0.770570 0.404951 0.767159 0.404410 0.765522 0.405756 0.763817 0.405486 0.762180 0.406834 0.760475 0.406563 0.757200 0.409257 0.750379 0.408175 0.751396 0.432432 0.756511 0.433243 0.758284 0.435131 0.759990 0.435402 0.775946 0.452390 0.777650 0.452660 0.781197 0.456434 0.782902 0.456705 0.786448 0.460480 0.788153 0.460750 0.789926 0.462638 0.791630 0.462908 0.793404 0.464797 0.795110 0.465067 0.796882 0.466954 0.798588 0.467224 0.800360 0.469112 0.803770 0.469653 0.805544 0.471540 0.807248 0.471810 0.809021 0.473697 0.812431 0.474238 0.814204 0.476126 0.814408 0.480977 0.822934 0.482329 0.822731 0.477478 0.824367 0.476131 0.827778 0.476672 0.829416 0.475325 0.834531 0.476136 0.836167 0.474790 0.839579 0.475331 0.841215 0.473984 0.842920 0.474254 0.844558 0.472908 0.846263 0.473178 0.849538 0.470483 0.851243 0.470754 0.856155 0.466714 0.857860 0.466984 0.861135 0.464291 0.862840 0.464561 0.866115 0.461868 0.867820 0.462138 0.869457 0.460791 0.871162 0.461062 0.872800 0.459715 0.874505 0.459985 0.877779 0.457292 0.879484 0.457562 0.882760 0.454868 0.884464 0.455139 0.886101 0.453791 0.887807 0.454062 0.894356 0.448676 0.899472 0.449487 0.898998 0.438166 0.892176 0.437085 0.885084 0.429534 0.883380 0.429264 0.881607 0.427376 0.879902 0.427106 0.878128 0.425219 0.876424 0.424948 0.872878 0.421173 0.871173 0.420903 0.869400 0.419015 0.867694 0.418744 0.864149 0.414971 0.862444 0.414700 0.858898 0.410925 0.858694 0.406073
0 0.370953 0.084561 0.371224 0.091030 0.369587 0.092376 0.367881 0.092106 0.359694 0.098840 0.357989 0.098570 0.356352 0.099916 0.351237 0.099105 0.352050 0.118512 0.367397 0.120945 0.369169 0.122832 0.369373 0.127684 0.401771 0.132821 0.401567 0.127969 0.404842 0.125276 0.406547 0.125546 0.413096 0.120159 0.418212 0.120970 0.417873 0.112885 0.412757 0.112074 0.409211 0.108298 0.407507 0.108027 0.398642 0.098590 0.398574 0.096972 0.395028 0.093198 0.394825 0.088346
1 0.630087 0.569019 0.630290 0.573870 0.632062 0.575758 0.635473 0.576299 0.637245 0.578187 0.638951 0.578457 0.640724 0.580344 0.642429 0.580615 0.645975 0.584390 0.647679 0.584660 0.649453 0.586548 0.651158 0.586818 0.652931 0.588705 0.654635 0.588976 0.658182 0.592751 0.659887 0.593021 0.661659 0.594909 0.663365 0.595180 0.665138 0.597067 0.666843 0.597337 0.670389 0.601112 0.672094 0.601382 0.673867 0.603269 0.675573 0.603540 0.677345 0.605428 0.679050 0.605698 0.682595 0.609473 0.686007 0.610014 0.689552 0.613789 0.691257 0.614059 0.694803 0.617835 0.696508 0.618105 0.698281 0.619993 0.699987 0.620263 0.701759 0.622150 0.703465 0.622421 0.707010 0.626196 0.710421 0.626737 0.712194 0.628625 0.713898 0.628895 0.717444 0.632669 0.719150 0.632939 0.720923 0.634827 0.722628 0.635098 0.724400 0.636986 0.726106 0.637256 0.729652 0.641031 0.731356 0.641301 0.733130 0.643189 0.734835 0.643459 0.736608 0.645346 0.738313 0.645616 0.740086 0.647504 0.741790 0.647775 0.743564 0.649663 0.745269 0.649933 0.747042 0.651820 0.748746 0.652091 0.752292 0.655866 0.753998 0.656136 0.757544 0.659911 0.759248 0.660181 0.761022 0.662069 0.762728 0.662340 0.764500 0.664227 0.766205 0.664497 0.767978 0.666384 0.769684 0.666655 0.773230 0.670431 0.774934 0.670701 0.776706 0.672588 0.778412 0.672858 0.781958 0.676633 0.783663 0.676904 0.785436 0.678792 0.787141 0.679062 0.788914 0.680949 0.794029 0.681760 0.795803 0.683648 0.802623 0.684730 0.804261 0.683383 0.809376 0.684194 0.811013 0.682847 0.816128 0.683659 0.817765 0.682311 0.822881 0.683122 0.824519 0.681775 0.827928 0.682316 0.829566 0.680970 0.841503 0.682862 0.843140 0.681516 0.848255 0.682327 0.849892 0.680980 0.853303 0.681520 0.854939 0.680173 0.856645 0.680444 0.858283 0.679097 0.865103 0.680179 0.866740 0.678832 0.871856 0.679644 0.873493 0.678296 0.876903 0.678837 0.878540 0.677490 0.880246 0.677760 0.881884 0.676414 0.883588 0.676684 0.885225 0.675337 0.888635 0.675878 0.890273 0.674531 0.895388 0.675342 0.897026 0.673996 0.898732 0.674267 0.900368 0.672919 0.903779 0.673460 0.905417 0.672113 0.907121 0.672383 0.908759 0.671037 0.913874 0.671848 0.915512 0.670502 0.918921 0.671042 0.920559 0.669695 0.923969 0.670236 0.925607 0.668890 0.927312 0.669160 0.928948 0.667813 0.934064 0.668624 0.935701 0.667276 0.937407 0.667547 0.939045 0.666201 0.940749 0.666471 0.942387 0.665125 0.945797 0.665665 0.947434 0.664318 0.955960 0.665670 0.957597 0.664323 0.962712 0.665134 0.967625 0.661094 0.967557 0.659476 0.969194 0.658130 0.968245 0.635490 0.961424 0.634408 0.959652 0.632520 0.957947 0.632250 0.956174 0.630363 0.952764 0.629822 0.950990 0.627935 0.932234 0.624961 0.930462 0.623073 0.884423 0.615773 0.882785 0.617120 0.869145 0.614957 0.867371 0.613069 0.858845 0.611717 0.857073 0.609829 0.856869 0.604978
0 0.020268 0.446622 0.021081 0.466028 0.026196 0.466839 0.027970 0.468726 0.029675 0.468996 0.031448 0.470884 0.033152 0.471155 0.036698 0.474930 0.038404 0.475200 0.045496 0.482750 0.047201 0.483021 0.048974 0.484909 0.052384 0.485449 0.054156 0.487336 0.057568 0.487877 0.059340 0.489764 0.061045 0.490034 0.062818 0.491923 0.066228 0.492463 0.068001 0.494351 0.071411 0.494892 0.073185 0.496779 0.078299 0.497590 0.080073 0.499477 0.086893 0.500559 0.088666 0.502447 0.114243 0.506502 0.116017 0.508391 0.117721 0.508661 0.119359 0.507314 0.143231 0.511099 0.144868 0.509751 0.149984 0.510563 0.151621 0.509216 0.155031 0.509757 0.156668 0.508411 0.158374 0.508681 0.160011 0.507334 0.161716 0.507604 0.163354 0.506257 0.165059 0.506527 0.166696 0.505181 0.168401 0.505451 0.170038 0.504105 0.171744 0.504375 0.173380 0.503028 0.175086 0.503298 0.178361 0.500605 0.180066 0.500875 0.181703 0.499528 0.183409 0.499798 0.185046 0.498452 0.184707 0.490367 0.182934 0.488479 0.182867 0.486862 0.179321 0.483086 0.175909 0.482545 0.174137 0.480658 0.167316 0.479577 0.165680 0.480923 0.155448 0.479301 0.153811 0.480648 0.131645 0.477133 0.129871 0.475245 0.117936 0.473353 0.116162 0.471466 0.090586 0.467410 0.088812 0.465523 0.071761 0.462819 0.069988 0.460931 0.066577 0.460390 0.064805 0.458503 0.064602 0.453652
0 0.531579 0.360630 0.532257 0.376802 0.539078 0.377883 0.542624 0.381659 0.544328 0.381929 0.547875 0.385704 0.549580 0.385974 0.551352 0.387861 0.553058 0.388132 0.554831 0.390020 0.556536 0.390290 0.558309 0.392177 0.561719 0.392718 0.563492 0.394606 0.568607 0.395417 0.570380 0.397305 0.575496 0.398116 0.577133 0.396769 0.585658 0.398121 0.584845 0.378715 0.579730 0.377904 0.574412 0.372241 0.574208 0.367390
0 0.488993 0.193237 0.489197 0.198088 0.479373 0.206170 0.477667 0.205899 0.476029 0.207245 0.470914 0.206434 0.471795 0.227457 0.482026 0.229079 0.483800 0.230967 0.484003 0.235818 0.519810 0.241496 0.519539 0.235027 0.521176 0.233681 0.522882 0.233951 0.532706 0.225871 0.537821 0.226682 0.537685 0.223447 0.532570 0.222636 0.529024 0.218861 0.528957 0.217245 0.527251 0.216974 0.520159 0.209423 0.518455 0.209153 0.513136 0.203491 0.512865 0.197022
0 0.107386 0.383328 0.107589 0.388180 0.102678 0.392220 0.100972 0.391949 0.101040 0.393566 0.099403 0.394913 0.092582 0.393832 0.094345 0.435878 0.101166 0.436960 0.106485 0.442623 0.108189 0.442893 0.117055 0.452330 0.118759 0.452600 0.122305 0.456376 0.124011 0.456646 0.127555 0.460421 0.129261 0.460691 0.131035 0.462578 0.132739 0.462849 0.136285 0.466625 0.139695 0.467166 0.141469 0.469053 0.146584 0.469864 0.148357 0.471751 0.153472 0.472562 0.155244 0.474450 0.155448 0.479301 0.187846 0.484438 0.187642 0.479587 0.189279 0.478240 0.197805 0.479592 0.199443 0.478245 0.201148 0.478516 0.202785 0.477169 0.204491 0.477440 0.206127 0.476092 0.209538 0.476633 0.216088 0.471246 0.222907 0.472327 0.222704 0.467475 0.217589 0.466664 0.215817 0.464777 0.214111 0.464507 0.212339 0.462620 0.208927 0.462079 0.207155 0.460191 0.205449 0.459921 0.203677 0.458034 0.200267 0.457493 0.198494 0.455605 0.195084 0.455064 0.193311 0.453176 0.189900 0.452635 0.188127 0.450748 0.184718 0.450208 0.181172 0.446433 0.177762 0.445892 0.175988 0.444004 0.174282 0.443734 0.172510 0.441846 0.170804 0.441576 0.169032 0.439689 0.167326 0.439419 0.162008 0.433756 0.160304 0.433485 0.156758 0.429710 0.156690 0.428094 0.151371 0.422430 0.151303 0.420814 0.147757 0.417039 0.147689 0.415421 0.145917 0.413533 0.145849 0.411917 0.144076 0.410029 0.144008 0.408412 0.142234 0.406524 0.142166 0.404907 0.140394 0.403020 0.140258 0.399785 0.138486 0.397898 0.138079 0.388195
0 0.184847 0.736169 0.185051 0.741020 0.181776 0.743715 0.174956 0.742633 0.175769 0.762039 0.182590 0.763121 0.189681 0.770671 0.191387 0.770941 0.194933 0.774715 0.196637 0.774986 0.200183 0.778762 0.201888 0.779032 0.203661 0.780919 0.222417 0.783893 0.224055 0.782547 0.225761 0.782817 0.227398 0.781470 0.229103 0.781740 0.232378 0.779047 0.234083 0.779317 0.242270 0.772584 0.243974 0.772854 0.247249 0.770159 0.247181 0.768543 0.250456 0.765849 0.255571 0.766660 0.255232 0.758575 0.250117 0.757764 0.243025 0.750213 0.242822 0.745362
0 0.354433 0.660249 0.355721 0.690975 0.394940 0.697193 0.393652 0.666468
0 0.048864 0.643925 0.049542 0.660097 0.054658 0.660908 0.058204 0.664683 0.058407 0.669535 0.075457 0.672239 0.075186 0.665770 0.078461 0.663076 0.078393 0.661459 0.083306 0.657419 0.088422 0.658230 0.088083 0.650144
0 0.502045 0.625824 0.503332 0.656549 0.549371 0.663849 0.548083 0.633124
0 0.153884 0.724834 0.154494 0.739389 0.159610 0.740200 0.161382 0.742087 0.163088 0.742357 0.166633 0.746132 0.166836 0.750984 0.171952 0.751795 0.171749 0.746943 0.173387 0.745597 0.175091 0.745868 0.176729 0.744520 0.178434 0.744791 0.181708 0.742097 0.183413 0.742367 0.188325 0.738328 0.193441 0.739139 0.193102 0.731052
0 0.517396 0.345530 0.517871 0.356851 0.526396 0.358203 0.528169 0.360090 0.529875 0.360360 0.531647 0.362248 0.538468 0.363330 0.540106 0.361982 0.548631 0.363334 0.550403 0.365222 0.552109 0.365493 0.553747 0.364145 0.562272 0.365497 0.563910 0.364151 0.570729 0.365232 0.570255 0.353912
0 0.451047 0.540630 0.451725 0.556802 0.460251 0.558154 0.463797 0.561929 0.464000 0.566781 0.472525 0.568132 0.472254 0.561663 0.475529 0.558970 0.475461 0.557352 0.482011 0.551965 0.481739 0.545497
0 0.308201 0.607939 0.308472 0.614408 0.305198 0.617101 0.303493 0.616831 0.300217 0.619524 0.298513 0.619254 0.296875 0.620601 0.291760 0.619790 0.292845 0.645664 0.299665 0.646745 0.306757 0.654296 0.308463 0.654567 0.312007 0.658341 0.313713 0.658611 0.315485 0.660499 0.317191 0.660769 0.318963 0.662657 0.320669 0.662928 0.322443 0.664815 0.330968 0.666167 0.332605 0.664820 0.334310 0.665091 0.335947 0.663743 0.337653 0.664014 0.345839 0.657279 0.347545 0.657550 0.350819 0.654856 0.352524 0.655127 0.354162 0.653780 0.355867 0.654051 0.360779 0.650010 0.365894 0.650821 0.365216 0.634649 0.360101 0.633838 0.354783 0.628176 0.353077 0.627906 0.345985 0.620356 0.345714 0.613887
0 0.942710 0.470800 0.943727 0.495057 0.972714 0.499653 0.971697 0.475396
0 0.066343 0.576015 0.066818 0.587334 0.071932 0.588145 0.073570 0.586799 0.082096 0.588151 0.085371 0.585458 0.092191 0.586539 0.091920 0.580070
0 0.191324 0.486596 0.192070 0.504385 0.207415 0.506818 0.207212 0.501967 0.210487 0.499273 0.212192 0.499544 0.215467 0.496850 0.215196 0.490382
0 0.732942 0.315451 0.733145 0.320302 0.731508 0.321650 0.729803 0.321379 0.728165 0.322725 0.726460 0.322455 0.724824 0.323803 0.723118 0.323532 0.719843 0.326226 0.718138 0.325955 0.714864 0.328649 0.713158 0.328379 0.701696 0.337806 0.699992 0.337536 0.698355 0.338883 0.693239 0.338071 0.694595 0.370414 0.701415 0.371496 0.703188 0.373384 0.703255 0.375001 0.704961 0.375271 0.712053 0.382821 0.713757 0.383091 0.717304 0.386867 0.719009 0.387137 0.720781 0.389025 0.722487 0.389295 0.724260 0.391182 0.725965 0.391453 0.727739 0.393341 0.729443 0.393611 0.731215 0.395498 0.734627 0.396039 0.736399 0.397926 0.738104 0.398196 0.739877 0.400084 0.740081 0.404935 0.760542 0.408180 0.760339 0.403329 0.763614 0.400635 0.767024 0.401176 0.768662 0.399830 0.770366 0.400100 0.772003 0.398753 0.775413 0.399293 0.777051 0.397947 0.778757 0.398218 0.780394 0.396870 0.782098 0.397141 0.783736 0.395793 0.788851 0.396604 0.790489 0.395258 0.795605 0.396069 0.797242 0.394722 0.802358 0.395533 0.803994 0.394187 0.807405 0.394728 0.809042 0.393381 0.814157 0.394192 0.815794 0.392845 0.819206 0.393386 0.820843 0.392040 0.822547 0.392310 0.824185 0.390963 0.825891 0.391233 0.827528 0.389887 0.829233 0.390157 0.830870 0.388810 0.832575 0.389080 0.834212 0.387733 0.834145 0.386116 0.837419 0.383423 0.842534 0.384234 0.842399 0.380999 0.837284 0.380188 0.835511 0.378302 0.835444 0.376684 0.828352 0.369134 0.826646 0.368863 0.816009 0.357538 0.814303 0.357268 0.803666 0.345942 0.801961 0.345672 0.794869 0.338122 0.793165 0.337852 0.784299 0.328414 0.784096 0.323563
1 0.115789 0.287473 0.292699 0.197721 0.256154 0.403436
1 0.275774 0.366387 0.246660 0.412640 0.242379 0.478896 0.511256 0.394355
0 0.238830 0.360529 0.255881 0.363233 0.264633 0.369976 0.262073 0.376262 0.249511 0.379627 0.238142 0.377824
0 0.000000 0.024391 0.000000 0.019009 0.011443 0.020596 0.045772 0.031393 0.087545 0.051403 0.121018 0.075452 0.124649 0.094770 0.111457 0.116775 0.081045 0.132033 0.057283 0.137635 0.000000 0.133787 0.000000 0.118729 0.000000 0.107733 0.024723 0.101683 0.039505 0.083946 0.014673 0.063944 0.000000 0.048662
0 0.943752 0.041510 0.933280 0.036773 0.910988 0.033750 0.903456 0.034607 0.900429 0.039767 0.908156 0.043557 0.923961 0.046576 0.933061 0.044430
0 0.924199 0.052253 0.940024 0.055787 0.951433 0.057084 0.948408 0.049427 0.932560 0.045375 0.926095 0.045889 0.924615 0.049242
0 0.879145 0.847518 0.890924 0.844773 0.908776 0.845040 0.939408 0.840667 0.955496 0.837578 0.958957 0.842741 0.957670 0.850740 0.945476 0.856499 0.932087 0.859503 0.905987 0.855878 0.880451 0.852853
0 0.855090 0.931381 0.851326 0.918991 0.857599 0.913833 0.874123 0.908249 0.899943 0.905166 0.930791 0.905954 0.944898 0.907167 0.925258 0.915845 0.904773 0.917210 0.886158 0.924514 0.873987 0.930788 0.857309 0.932758
