0 0.345484 0.480704 0.344714 0.486569 0.350203 0.493398 0.350011 0.494865 0.359614 0.506815 0.365871 0.507779 0.361638 0.540038 0.356946 0.539315 0.353431 0.541766 0.353239 0.543233 0.351483 0.544458 0.351290 0.545923 0.347777 0.548375 0.347584 0.549841 0.344071 0.552292 0.343879 0.553759 0.342122 0.554984 0.341930 0.556450 0.338416 0.558900 0.338223 0.560367 0.332954 0.564043 0.295410 0.558261 0.294039 0.556554 0.289346 0.555831 0.287973 0.554124 0.286409 0.553883 0.282293 0.548761 0.282485 0.547295 0.281114 0.545588 0.281306 0.544122 0.279935 0.542414 0.280127 0.540947 0.278755 0.539241 0.278947 0.537775 0.277575 0.536067 0.277767 0.534600 0.273652 0.529479 0.268959 0.528756 0.273961 0.490632 0.281783 0.491836 0.285296 0.489386 0.286861 0.489627 0.288617 0.488402 0.290181 0.488642 0.291938 0.487417 0.293503 0.487658 0.298773 0.483981 0.300338 0.484222 0.303851 0.481772 0.305415 0.482013 0.308928 0.479561 0.309505 0.475163
0 0.546133 0.338075 0.545555 0.342474 0.548299 0.345889 0.551429 0.346371 0.552800 0.348077 0.555929 0.348559 0.557300 0.350266 0.558865 0.350507 0.561609 0.353921 0.563173 0.354162 0.565917 0.357578 0.565725 0.359044 0.567096 0.360751 0.566904 0.362217 0.568277 0.363924 0.567892 0.366857 0.570636 0.370271 0.575328 0.370994 0.569171 0.417917 0.564479 0.417194 0.559208 0.420870 0.559016 0.422336 0.555503 0.424787 0.555310 0.426254 0.551797 0.428704 0.551604 0.430171 0.549847 0.431396 0.549655 0.432863 0.546141 0.435314 0.544578 0.435073 0.542821 0.436298 0.538128 0.435575 0.536371 0.436800 0.528550 0.435595 0.527178 0.433889 0.513099 0.431720 0.511728 0.430013 0.507034 0.429291 0.505662 0.427583 0.500969 0.426860 0.499598 0.425153 0.498033 0.424912 0.496662 0.423205 0.495097 0.422964 0.490981 0.417842 0.491173 0.416376 0.485685 0.409547 0.485878 0.408081 0.480391 0.401251 0.480584 0.399785 0.475096 0.392956 0.475288 0.391490 0.473916 0.389783 0.474108 0.388317 0.472737 0.386609 0.473506 0.380744 0.475263 0.379518 0.475647 0.376586 0.477405 0.375360 0.477597 0.373895 0.482867 0.370218 0.483059 0.368751 0.486572 0.366301 0.486765 0.364834 0.490278 0.362384 0.490471 0.360918 0.493984 0.358466 0.494176 0.357000 0.495933 0.355774 0.496125 0.354308 0.501396 0.350633 0.501588 0.349166 0.503345 0.347941 0.503538 0.346474 0.507051 0.344023 0.507243 0.342557 0.509000 0.341331 0.509192 0.339866 0.510949 0.338640 0.511719 0.332775
0 0.256510 0.185761 0.255740 0.191626 0.257112 0.193334 0.256920 0.194800 0.258291 0.196506 0.258099 0.197973 0.260844 0.201388 0.265536 0.202111 0.261496 0.232903 0.255239 0.231939 0.253482 0.233165 0.253289 0.234632 0.249776 0.237083 0.249583 0.238549 0.246071 0.240999 0.245879 0.242465 0.242364 0.244916 0.242172 0.246383 0.235146 0.251285 0.234954 0.252750 0.231439 0.255201 0.229875 0.254960 0.224605 0.258637 0.223041 0.258396 0.219528 0.260847 0.217963 0.260606 0.216207 0.261832 0.214642 0.261591 0.211129 0.264042 0.209564 0.263801 0.207807 0.265026 0.206244 0.264785 0.200974 0.268461 0.199409 0.268220 0.197652 0.269445 0.196088 0.269205 0.192575 0.271655 0.191998 0.276054 0.176355 0.273645 0.177124 0.267780 0.175752 0.266073 0.175944 0.264606 0.173201 0.261191 0.173394 0.259726 0.172021 0.258019 0.172406 0.255086 0.171035 0.253378 0.171227 0.251913 0.169855 0.250205 0.170239 0.247272 0.168867 0.245564 0.169059 0.244098 0.167688 0.242391 0.167880 0.240925 0.166509 0.239218 0.166701 0.237751 0.165329 0.236045 0.165521 0.234578 0.164149 0.232870 0.164341 0.231404 0.162970 0.229697 0.163547 0.225298 0.162176 0.223591 0.164484 0.205995 0.166241 0.204769 0.166818 0.200370 0.168574 0.199145 0.168766 0.197679 0.172281 0.195229 0.172473 0.193762 0.175986 0.191311 0.176178 0.189845 0.177935 0.188619 0.178128 0.187152 0.181641 0.184701 0.183206 0.184942 0.186718 0.182492 0.189848 0.182974 0.193360 0.180523 0.193937 0.176124
0 0.408550 0.352788 0.407972 0.357187 0.410716 0.360601 0.412281 0.360842 0.413652 0.362550 0.415217 0.362791 0.416589 0.364499 0.418152 0.364739 0.419525 0.366446 0.421090 0.366687 0.422461 0.368395 0.424025 0.368636 0.425397 0.370343 0.426961 0.370583 0.428334 0.372290 0.431462 0.372772 0.432834 0.374480 0.434398 0.374721 0.435771 0.376428 0.437335 0.376668 0.438706 0.378376 0.440271 0.378617 0.441643 0.380324 0.443207 0.380565 0.445951 0.383980 0.452208 0.384944 0.449322 0.406938 0.444629 0.406215 0.442873 0.407441 0.441309 0.407200 0.421985 0.420680 0.420420 0.420439 0.416906 0.422889 0.416714 0.424356 0.414958 0.425581 0.413394 0.425340 0.401097 0.433918 0.400904 0.435384 0.399339 0.435143 0.395827 0.437594 0.394262 0.437353 0.392505 0.438579 0.390941 0.438338 0.389185 0.439563 0.388608 0.443962 0.374529 0.441794 0.375106 0.437395 0.372362 0.433980 0.369233 0.433499 0.367861 0.431792 0.366297 0.431551 0.362181 0.426429 0.362373 0.424962 0.359630 0.421548 0.359823 0.420082 0.357078 0.416667 0.357270 0.415201 0.351784 0.408371 0.351976 0.406906 0.349231 0.403491 0.349424 0.402025 0.348052 0.400317 0.348245 0.398852 0.346873 0.397144 0.347258 0.394211 0.345886 0.392504 0.346463 0.388105 0.345091 0.386398 0.345476 0.383466 0.344104 0.381758 0.344296 0.380291 0.342924 0.378584 0.343308 0.375652 0.341937 0.373945 0.342899 0.366613 0.344655 0.365387 0.344848 0.363921 0.346605 0.362695 0.346797 0.361229 0.353824 0.356328 0.354016 0.354862 0.355773 0.353636 0.357337 0.353877 0.360851 0.351426 0.361620 0.345561
0 0.866840 0.399435 0.866263 0.403834 0.867636 0.405541 0.867443 0.407008 0.868815 0.408714 0.868622 0.410180 0.869995 0.411888 0.869802 0.413354 0.872546 0.416768 0.872354 0.418235 0.873726 0.419943 0.873534 0.421409 0.876276 0.424823 0.876084 0.426290 0.878828 0.429704 0.878636 0.431170 0.880008 0.432877 0.879816 0.434344 0.883932 0.439466 0.883739 0.440932 0.886483 0.444347 0.891176 0.445069 0.887520 0.472929 0.882828 0.472206 0.879314 0.474657 0.879122 0.476124 0.877365 0.477349 0.877172 0.478816 0.873659 0.481266 0.873466 0.482733 0.868196 0.486409 0.866632 0.486168 0.861363 0.489844 0.861170 0.491311 0.859413 0.492536 0.859221 0.494002 0.853950 0.497678 0.853181 0.503543 0.831281 0.500171 0.831858 0.495772 0.830486 0.494064 0.821100 0.492619 0.819728 0.490912 0.813470 0.489948 0.812099 0.488241 0.810535 0.488001 0.803675 0.479464 0.803868 0.477997 0.802496 0.476290 0.802688 0.474825 0.801316 0.473117 0.801508 0.471651 0.800136 0.469943 0.800328 0.468477 0.797585 0.465062 0.797777 0.463596 0.796406 0.461888 0.796598 0.460422 0.792482 0.455301 0.792674 0.453834 0.791303 0.452128 0.791495 0.450661 0.790124 0.448953 0.783867 0.447990 0.787137 0.423062 0.791830 0.423785 0.793587 0.422560 0.793779 0.421093 0.795536 0.419868 0.795728 0.418402 0.797484 0.417176 0.797676 0.415710 0.801191 0.413259 0.801383 0.411793 0.803139 0.410567 0.803332 0.409102 0.805088 0.407876 0.805280 0.406409 0.808794 0.403958 0.808986 0.402492 0.817770 0.396366 0.818347 0.391966
0 0.539649 0.229367 0.539072 0.233766 0.540444 0.235473 0.542008 0.235714 0.543380 0.237422 0.554330 0.239109 0.547404 0.291895 0.541147 0.290932 0.523580 0.303186 0.523388 0.304653 0.521630 0.305878 0.520067 0.305637 0.514797 0.309313 0.514605 0.310780 0.513040 0.310539 0.511284 0.311764 0.508155 0.311282 0.506398 0.312507 0.504833 0.312266 0.503462 0.310559 0.500333 0.310078 0.498576 0.311302 0.490755 0.310098 0.488998 0.311324 0.488420 0.315723 0.468085 0.312591 0.468662 0.308192 0.467290 0.306484 0.464161 0.306002 0.462790 0.304296 0.461226 0.304055 0.459853 0.302348 0.460046 0.300881 0.458673 0.299174 0.459251 0.294775 0.457879 0.293067 0.458649 0.287202 0.457277 0.285495 0.458432 0.276697 0.457059 0.274989 0.458983 0.260326 0.457612 0.258619 0.458381 0.252754 0.460138 0.251529 0.460522 0.248596 0.462280 0.247371 0.462472 0.245904 0.465984 0.243454 0.466177 0.241987 0.473204 0.237085 0.473396 0.235620 0.478667 0.231943 0.478859 0.230476 0.480616 0.229251 0.480809 0.227785 0.484321 0.225334 0.484898 0.220935
0 0.665549 0.607787 0.664779 0.613652 0.666151 0.615359 0.667715 0.615600 0.670459 0.619014 0.672023 0.619255 0.674768 0.622670 0.676331 0.622911 0.677704 0.624618 0.679268 0.624859 0.683383 0.629981 0.684948 0.630222 0.686319 0.631929 0.687884 0.632170 0.692000 0.637292 0.693564 0.637533 0.694936 0.639240 0.696500 0.639481 0.697872 0.641188 0.699436 0.641429 0.700808 0.643136 0.705501 0.643859 0.700691 0.680516 0.694434 0.679553 0.683894 0.686905 0.683702 0.688372 0.681945 0.689598 0.681753 0.691064 0.676482 0.694740 0.676290 0.696206 0.667507 0.702334 0.667315 0.703800 0.662044 0.707475 0.661274 0.713341 0.651889 0.711895 0.652466 0.707497 0.649722 0.704082 0.648158 0.703841 0.645413 0.700427 0.643849 0.700186 0.642477 0.698479 0.640913 0.698238 0.639541 0.696530 0.633285 0.695567 0.631912 0.693859 0.630348 0.693618 0.627604 0.690205 0.626040 0.689964 0.624668 0.688256 0.623104 0.688015 0.621732 0.686308 0.620167 0.686067 0.618796 0.684360 0.617231 0.684119 0.615859 0.682411 0.614295 0.682170 0.612923 0.680463 0.606666 0.679500 0.608783 0.663371 0.613475 0.664093 0.615231 0.662867 0.615424 0.661401 0.617181 0.660176 0.617566 0.657243 0.619322 0.656018 0.619707 0.653084 0.621464 0.651860 0.621656 0.650394 0.623413 0.649168 0.623606 0.647701 0.625362 0.646476 0.625747 0.643543 0.627504 0.642318 0.628081 0.637919 0.629837 0.636694 0.630030 0.635227 0.631787 0.634002 0.631979 0.632536 0.633736 0.631311 0.634120 0.628378 0.635877 0.627152 0.636261 0.624219 0.638018 0.622995 0.638403 0.620061 0.640160 0.618836 0.640352 0.617370 0.642109 0.616144 0.642686 0.611745 0.644443 0.610520 0.645213 0.604655
0 0.306236 0.779834 0.305659 0.784232 0.307031 0.785940 0.310159 0.786422 0.311532 0.788130 0.314659 0.788612 0.316032 0.790318 0.322289 0.791282 0.317287 0.829407 0.312594 0.828684 0.309080 0.831135 0.307516 0.830894 0.286436 0.845599 0.286243 0.847065 0.272190 0.856868 0.271997 0.858334 0.264971 0.863236 0.264394 0.867635 0.242493 0.864262 0.243263 0.858396 0.241890 0.856690 0.242083 0.855224 0.240711 0.853516 0.240904 0.852049 0.239532 0.850343 0.239725 0.848876 0.238352 0.847169 0.238545 0.845703 0.233057 0.838874 0.233249 0.837407 0.227762 0.830578 0.227954 0.829112 0.226583 0.827405 0.227160 0.823006 0.225788 0.821299 0.229635 0.791972 0.231393 0.790746 0.231585 0.789280 0.233341 0.788054 0.233534 0.786589 0.237047 0.784138 0.237239 0.782671 0.238997 0.781446 0.239189 0.779980 0.242701 0.777529 0.242894 0.776062 0.244651 0.774837 0.245228 0.770438
0 0.851676 0.624484 0.851099 0.628883 0.853842 0.632298 0.855407 0.632539 0.860895 0.639367 0.865587 0.640090 0.857122 0.704608 0.852430 0.703886 0.848916 0.706336 0.848724 0.707803 0.846966 0.709029 0.846582 0.711961 0.841311 0.715637 0.841119 0.717103 0.830580 0.724456 0.829015 0.724215 0.827258 0.725441 0.821000 0.724477 0.819629 0.722769 0.814936 0.722047 0.813564 0.720340 0.810435 0.719858 0.809064 0.718151 0.805934 0.717669 0.804563 0.715962 0.801434 0.715480 0.800062 0.713773 0.796933 0.713291 0.795562 0.711584 0.793998 0.711343 0.792626 0.709635 0.789497 0.709153 0.788126 0.707446 0.786561 0.707205 0.783817 0.703791 0.784010 0.702324 0.779894 0.697203 0.780087 0.695736 0.778714 0.694029 0.778907 0.692562 0.776163 0.689149 0.776355 0.687682 0.774984 0.685975 0.775176 0.684509 0.773804 0.682802 0.773996 0.681335 0.771252 0.677920 0.766560 0.677198 0.769638 0.653737 0.774331 0.654459 0.777844 0.652008 0.778229 0.649076 0.779986 0.647850 0.780178 0.646384 0.783691 0.643933 0.783883 0.642466 0.790911 0.637565 0.792475 0.637806 0.794231 0.636581 0.795796 0.636822 0.797553 0.635596 0.799117 0.635837 0.800873 0.634612 0.802438 0.634853 0.804195 0.633628 0.805759 0.633869 0.807515 0.632643 0.809080 0.632884 0.810836 0.631658 0.812401 0.631899 0.815914 0.629449 0.817478 0.629690 0.820992 0.627239 0.824121 0.627721 0.827634 0.625269 0.828211 0.620871
0 0.116869 0.337786 0.116100 0.343651 0.117471 0.345358 0.119036 0.345599 0.121780 0.349014 0.121587 0.350480 0.122959 0.352188 0.122767 0.353653 0.125511 0.357068 0.125127 0.360001 0.126498 0.361707 0.126306 0.363174 0.127678 0.364882 0.127486 0.366348 0.130228 0.369762 0.134922 0.370485 0.129150 0.414475 0.124457 0.413752 0.119187 0.417428 0.118995 0.418895 0.117238 0.420120 0.117046 0.421586 0.115289 0.422812 0.115096 0.424278 0.113339 0.425504 0.113147 0.426970 0.111391 0.428196 0.111198 0.429662 0.109442 0.430887 0.109250 0.432353 0.105735 0.434804 0.104171 0.434563 0.100658 0.437014 0.100081 0.441412 0.057844 0.434908 0.058614 0.429043 0.057242 0.427336 0.057819 0.422936 0.056448 0.421229 0.057025 0.416831 0.055653 0.415123 0.056038 0.412190 0.054666 0.410483 0.054859 0.409017 0.052114 0.405602 0.052306 0.404136 0.048191 0.399014 0.043498 0.398292 0.048885 0.357235 0.053578 0.357957 0.057091 0.355506 0.057284 0.354041 0.059040 0.352815 0.059232 0.351348 0.062747 0.348897 0.062939 0.347431 0.064695 0.346205 0.064888 0.344740 0.068401 0.342289 0.068593 0.340823 0.072107 0.338371 0.073672 0.338612 0.075428 0.337387 0.076197 0.331522
0 0.552073 0.560391 0.551303 0.566256 0.566395 0.585036 0.566203 0.586502 0.578549 0.601867 0.583243 0.602590 0.580164 0.626051 0.575471 0.625328 0.563175 0.633907 0.562982 0.635373 0.554198 0.641500 0.554006 0.642966 0.552250 0.644192 0.550685 0.643951 0.543659 0.648853 0.542094 0.648612 0.540337 0.649836 0.538773 0.649596 0.537016 0.650821 0.532324 0.650099 0.530567 0.651325 0.524309 0.650361 0.522553 0.651586 0.521976 0.655984 0.515719 0.655021 0.516296 0.650622 0.514924 0.648915 0.513359 0.648674 0.511988 0.646967 0.510423 0.646726 0.506307 0.641604 0.506499 0.640138 0.505128 0.638431 0.505320 0.636964 0.503949 0.635256 0.504141 0.633791 0.502769 0.632084 0.503154 0.629150 0.501782 0.627444 0.502167 0.624511 0.500795 0.622803 0.501180 0.619870 0.499808 0.618164 0.500193 0.615231 0.498820 0.613523 0.499205 0.610592 0.497833 0.608884 0.498218 0.605951 0.496846 0.604243 0.497039 0.602778 0.495666 0.601071 0.495859 0.599604 0.494487 0.597896 0.494680 0.596430 0.493307 0.594724 0.493500 0.593257 0.492128 0.591549 0.492321 0.590083 0.490949 0.588376 0.491142 0.586910 0.489769 0.585203 0.489961 0.583736 0.488590 0.582029 0.488975 0.579097 0.490731 0.577871 0.490923 0.576405 0.494437 0.573953 0.496001 0.574194 0.499514 0.571744 0.501079 0.571985 0.502835 0.570759 0.504400 0.571000 0.507913 0.568550 0.509478 0.568791 0.511234 0.567565 0.512799 0.567806 0.514555 0.566580 0.516119 0.566821 0.517876 0.565596 0.519440 0.565836 0.521197 0.564612 0.524326 0.565093 0.526083 0.563868 0.527647 0.564108 0.531160 0.561658 0.531738 0.557259
0 0.464548 0.582814 0.461085 0.609208 0.456392 0.608485 0.451122 0.612161 0.450929 0.613628 0.449172 0.614853 0.448980 0.616319 0.447223 0.617545 0.447031 0.619011 0.445275 0.620236 0.445083 0.621703 0.443325 0.622929 0.443133 0.624395 0.441377 0.625620 0.441184 0.627087 0.439427 0.628312 0.439235 0.629778 0.433965 0.633454 0.433773 0.634921 0.424989 0.641047 0.423424 0.640806 0.419911 0.643258 0.419718 0.644724 0.412691 0.649625 0.412499 0.651091 0.410743 0.652317 0.409179 0.652076 0.403908 0.655753 0.402344 0.655512 0.400587 0.656737 0.400010 0.661137 0.392189 0.659932 0.392766 0.655533 0.390021 0.652118 0.388458 0.651877 0.385714 0.648463 0.384150 0.648222 0.381405 0.644807 0.379841 0.644566 0.378470 0.642860 0.376905 0.642619 0.375534 0.640911 0.373969 0.640670 0.371225 0.637255 0.369661 0.637015 0.366917 0.633600 0.365353 0.633359 0.361237 0.628237 0.361429 0.626771 0.360057 0.625064 0.360250 0.623598 0.358878 0.621890 0.359070 0.620424 0.357698 0.618717 0.353005 0.617994 0.356276 0.593066 0.360969 0.593789 0.362725 0.592563 0.362918 0.591097 0.364675 0.589872 0.365637 0.582540 0.367393 0.581315 0.369125 0.568118
0 0.709957 0.159855 0.709380 0.164255 0.712124 0.167669 0.711931 0.169135 0.720164 0.179379 0.719971 0.180845 0.732318 0.196210 0.732126 0.197676 0.747217 0.216456 0.747025 0.217923 0.748396 0.219630 0.754653 0.220593 0.750998 0.248454 0.744741 0.247490 0.742984 0.248715 0.742792 0.250181 0.737522 0.253858 0.737329 0.255325 0.733816 0.257775 0.733623 0.259241 0.728353 0.262917 0.728160 0.264384 0.724648 0.266835 0.724456 0.268301 0.717428 0.273203 0.709607 0.271998 0.708235 0.270291 0.705107 0.269809 0.703734 0.268101 0.702170 0.267860 0.700798 0.266154 0.699233 0.265913 0.697862 0.264205 0.694733 0.263723 0.693362 0.262016 0.688668 0.261294 0.687296 0.259587 0.684167 0.259105 0.682796 0.257397 0.681232 0.257156 0.679860 0.255449 0.678296 0.255208 0.676924 0.253501 0.673795 0.253019 0.672423 0.251312 0.669294 0.250830 0.667922 0.249123 0.666358 0.248882 0.664986 0.247174 0.663423 0.246933 0.662050 0.245226 0.660486 0.244986 0.659114 0.243279 0.657549 0.243038 0.643830 0.225964 0.644022 0.224498 0.634419 0.212547 0.629726 0.211824 0.631458 0.198628 0.636151 0.199351 0.639664 0.196900 0.639857 0.195433 0.645126 0.191757 0.645319 0.190291 0.647076 0.189066 0.647268 0.187600 0.650782 0.185148 0.650974 0.183682 0.652731 0.182457 0.652924 0.180991 0.654680 0.179766 0.654872 0.178299 0.656630 0.177073 0.656822 0.175607 0.660335 0.173156 0.660528 0.171690 0.662284 0.170465 0.662476 0.168998 0.664233 0.167773 0.664425 0.166307 0.666182 0.165081 0.666567 0.162148 0.670080 0.159698 0.670850 0.153832
0 0.656655 0.468789 0.655886 0.474654 0.657258 0.476362 0.663515 0.477326 0.650817 0.574103 0.641431 0.572658 0.642008 0.568258 0.640637 0.566551 0.635944 0.565828 0.634572 0.564121 0.626750 0.562916 0.625378 0.561209 0.617557 0.560005 0.616184 0.558297 0.609928 0.557334 0.608556 0.555626 0.603863 0.554903 0.602491 0.553196 0.594669 0.551992 0.593297 0.550285 0.590169 0.549803 0.588797 0.548096 0.585668 0.547614 0.584296 0.545906 0.582732 0.545665 0.578616 0.540544 0.578809 0.539078 0.577437 0.537370 0.579554 0.521240 0.578181 0.519533 0.579528 0.509269 0.578157 0.507562 0.578349 0.506095 0.576977 0.504388 0.572283 0.503665 0.578440 0.456743
0 0.493263 0.108531 0.491916 0.118795 0.493289 0.120502 0.492904 0.123435 0.494276 0.125142 0.498969 0.125864 0.490696 0.188917 0.464102 0.184821 0.462346 0.186046 0.452960 0.184601 0.451203 0.185826 0.450626 0.190225 0.411518 0.184202 0.412480 0.176871 0.411108 0.175164 0.411685 0.170765 0.413442 0.169539 0.414597 0.160741 0.416354 0.159516 0.417123 0.153651 0.418880 0.152426 0.419457 0.148026 0.421213 0.146801 0.421983 0.140935 0.423740 0.139710 0.424702 0.132378 0.426458 0.131153 0.427420 0.123822 0.429177 0.122596 0.429947 0.116731 0.431704 0.115505 0.432089 0.112572 0.433845 0.111347 0.434422 0.106949 0.436178 0.105723 0.436948 0.099858
1 0.240033 0.530285 0.239263 0.536150 0.250237 0.549808 0.250045 0.551274 0.262393 0.566640 0.262200 0.568106 0.263572 0.569813 0.265137 0.570054 0.269252 0.575176 0.273945 0.575899 0.271252 0.596428 0.264994 0.595464 0.263238 0.596689 0.258545 0.595966 0.256789 0.597191 0.255224 0.596950 0.253468 0.598176 0.251903 0.597935 0.250146 0.599161 0.248582 0.598920 0.246826 0.600145 0.243696 0.599663 0.241940 0.600889 0.240376 0.600648 0.238619 0.601873 0.237054 0.601632 0.235298 0.602857 0.232169 0.602375 0.230413 0.603601 0.228848 0.603360 0.227091 0.604586 0.223963 0.604104 0.222206 0.605329 0.219078 0.604847 0.217320 0.606072 0.215757 0.605831 0.214000 0.607057 0.212436 0.606816 0.210678 0.608041 0.209115 0.607800 0.207358 0.609026 0.205794 0.608785 0.204036 0.610011 0.202472 0.609770 0.200715 0.610995 0.199152 0.610754 0.197395 0.611979 0.195831 0.611738 0.192317 0.614190 0.190753 0.613949 0.188996 0.615174 0.184303 0.614451 0.182547 0.615676 0.179418 0.615195 0.178045 0.613488 0.176482 0.613247 0.175110 0.611540 0.175495 0.608607 0.174123 0.606900 0.175854 0.593702 0.174482 0.591995 0.175251 0.586130 0.173880 0.584422 0.174457 0.580024 0.173085 0.578316 0.173662 0.573918 0.172291 0.572210 0.172675 0.569277 0.171304 0.567571 0.172073 0.561705 0.170701 0.559998 0.172240 0.548267 0.170868 0.546560 0.171060 0.545094 0.169689 0.543387 0.164996 0.542664 0.165189 0.541197 0.169881 0.541920 0.173395 0.539469 0.173587 0.538003 0.177100 0.535552 0.178664 0.535793 0.180421 0.534567 0.181985 0.534808 0.183742 0.533583 0.185307 0.533824 0.187063 0.532599 0.188627 0.532840 0.190384 0.531614 0.191949 0.531855 0.193705 0.530630 0.195269 0.530871 0.198784 0.528420 0.199361 0.524021
0 0.774698 0.457050 0.763924 0.539164 0.757666 0.538200 0.755909 0.539425 0.754346 0.539184 0.752589 0.540410 0.751024 0.540169 0.749267 0.541394 0.748498 0.547259 0.720341 0.542923 0.720918 0.538524 0.718174 0.535110 0.715045 0.534628 0.713674 0.532920 0.712109 0.532679 0.710737 0.530973 0.709173 0.530732 0.706430 0.527317 0.704865 0.527076 0.699377 0.520247 0.699570 0.518781 0.698197 0.517074 0.698390 0.515608 0.697018 0.513900 0.697211 0.512434 0.695838 0.510726 0.696608 0.504861 0.695236 0.503154 0.696006 0.497289 0.694634 0.495582 0.695212 0.491182 0.693839 0.489475 0.694609 0.483610 0.693237 0.481903 0.694199 0.474571 0.692827 0.472863 0.693597 0.466999 0.692224 0.465291 0.692417 0.463824 0.691045 0.462118 0.691430 0.459185 0.690057 0.457478 0.691789 0.444281
0 0.336451 0.646859 0.335874 0.651259 0.338617 0.654672 0.340182 0.654913 0.342926 0.658328 0.344490 0.658569 0.345862 0.660276 0.347426 0.660517 0.350170 0.663932 0.351734 0.664173 0.353106 0.665880 0.354671 0.666121 0.357414 0.669536 0.363671 0.670500 0.357900 0.714489 0.351642 0.713526 0.339345 0.722103 0.339153 0.723569 0.337396 0.724795 0.335833 0.724554 0.332319 0.727005 0.332127 0.728471 0.328612 0.730922 0.327049 0.730681 0.323535 0.733132 0.321970 0.732891 0.320214 0.734116 0.319637 0.738516 0.294608 0.734661 0.295378 0.728796 0.294006 0.727088 0.292442 0.726847 0.285581 0.718311 0.284018 0.718070 0.282645 0.716362 0.281081 0.716122 0.279710 0.714414 0.278145 0.714173 0.268541 0.702223 0.268734 0.700757 0.259131 0.688806 0.259323 0.687339 0.240117 0.663438 0.238553 0.663197 0.237180 0.661490 0.235615 0.661249 0.234244 0.659542 0.234629 0.656609 0.233257 0.654902 0.235014 0.653676 0.236578 0.653917 0.238335 0.652692 0.239899 0.652933 0.241656 0.651708 0.244784 0.652190 0.246541 0.650964 0.249670 0.651446 0.251426 0.650220 0.254555 0.650702 0.256312 0.649477 0.259440 0.649958 0.261197 0.648734 0.264325 0.649215 0.266083 0.647990 0.267647 0.648230 0.269403 0.647005 0.272532 0.647487 0.274289 0.646262 0.275852 0.646502 0.277610 0.645277 0.280738 0.645758 0.284251 0.643308 0.284829 0.638909
0 0.132221 0.573519 0.131452 0.579384 0.134195 0.582799 0.134002 0.584266 0.135375 0.585972 0.135182 0.587438 0.137926 0.590854 0.137734 0.592320 0.139105 0.594026 0.138913 0.595493 0.141657 0.598908 0.141464 0.600374 0.142837 0.602081 0.142644 0.603547 0.144017 0.605255 0.143824 0.606722 0.147939 0.611843 0.147747 0.613310 0.151862 0.618431 0.151670 0.619897 0.153042 0.621605 0.152850 0.623071 0.155594 0.626485 0.155401 0.627952 0.158145 0.631366 0.157953 0.632833 0.160697 0.636246 0.160504 0.637713 0.164619 0.642834 0.169313 0.643557 0.166427 0.665553 0.160170 0.664589 0.158413 0.665814 0.156849 0.665573 0.155091 0.666799 0.153528 0.666558 0.151771 0.667784 0.148643 0.667302 0.146886 0.668527 0.145321 0.668286 0.143565 0.669511 0.142001 0.669270 0.140244 0.670496 0.138679 0.670255 0.136923 0.671481 0.133794 0.670999 0.132037 0.672224 0.128908 0.671742 0.127152 0.672968 0.125588 0.672727 0.123831 0.673952 0.122266 0.673711 0.120510 0.674936 0.117381 0.674454 0.115625 0.675680 0.114060 0.675439 0.110547 0.677890 0.109970 0.682288 0.094327 0.679879 0.094904 0.675481 0.092160 0.672066 0.090595 0.671825 0.086480 0.666704 0.084916 0.666463 0.082171 0.663049 0.080608 0.662808 0.079236 0.661100 0.077671 0.660859 0.066696 0.647201 0.067081 0.644269 0.065710 0.642561 0.069557 0.613234 0.068185 0.611527 0.068377 0.610062 0.070135 0.608836 0.070712 0.604437 0.072468 0.603211 0.072660 0.601746 0.099011 0.583364 0.100575 0.583605 0.112872 0.575027 0.113449 0.570628
0 0.240033 0.530285 0.239263 0.536150 0.250237 0.549808 0.250045 0.551274 0.262393 0.566640 0.262200 0.568106 0.263572 0.569813 0.265137 0.570054 0.269252 0.575176 0.273945 0.575899 0.271252 0.596428 0.264994 0.595464 0.263238 0.596689 0.258545 0.595966 0.256789 0.597191 0.255224 0.596950 0.253468 0.598176 0.251903 0.597935 0.250146 0.599161 0.248582 0.598920 0.246826 0.600145 0.243696 0.599663 0.241940 0.600889 0.240376 0.600648 0.238619 0.601873 0.237054 0.601632 0.235298 0.602857 0.232169 0.602375 0.230413 0.603601 0.228848 0.603360 0.227091 0.604586 0.223963 0.604104 0.222206 0.605329 0.219078 0.604847 0.217320 0.606072 0.215757 0.605831 0.214000 0.607057 0.212436 0.606816 0.210678 0.608041 0.209115 0.607800 0.207358 0.609026 0.205794 0.608785 0.204036 0.610011 0.202472 0.609770 0.200715 0.610995 0.199152 0.610754 0.197395 0.611979 0.195831 0.611738 0.192317 0.614190 0.190753 0.613949 0.188996 0.615174 0.184303 0.614451 0.182547 0.615676 0.179418 0.615195 0.178045 0.613488 0.176482 0.613247 0.175110 0.611540 0.175495 0.608607 0.174123 0.606900 0.175854 0.593702 0.174482 0.591995 0.175251 0.586130 0.173880 0.584422 0.174457 0.580024 0.173085 0.578316 0.173662 0.573918 0.172291 0.572210 0.172675 0.569277 0.171304 0.567571 0.172073 0.561705 0.170701 0.559998 0.172240 0.548267 0.170868 0.546560 0.171060 0.545094 0.169689 0.543387 0.164996 0.542664 0.165189 0.541197 0.169881 0.541920 0.173395 0.539469 0.173587 0.538003 0.177100 0.535552 0.178664 0.535793 0.180421 0.534567 0.181985 0.534808 0.183742 0.533583 0.185307 0.533824 0.187063 0.532599 0.188627 0.532840 0.190384 0.531614 0.191949 0.531855 0.193705 0.530630 0.195269 0.530871 0.198784 0.528420 0.199361 0.524021
0 0.634831 0.501331 0.630406 0.535056 0.606942 0.531442 0.607711 0.525577 0.606339 0.523870 0.604774 0.523629 0.603403 0.521922 0.603595 0.520455 0.602223 0.518748 0.595966 0.517784 0.598852 0.495790
0 0.707796 0.774360 0.630102 0.778600 0.662999 0.852233 0.726193 0.847006
0 0.526081 0.811198 0.432585 0.814253 0.465002 0.891549 0.535213 0.893636
0 0.528918 0.688219 0.426778 0.686202 0.432961 0.760706 0.532152 0.754789
0 0.701178 0.338268 0.648992 0.310284 0.595971 0.349490 0.647556 0.402313 0.685500 0.396938
0 0.382643 0.302922 0.316927 0.347653 0.258300 0.277539 0.360857 0.245962
0 0.282615 0.376028 0.188917 0.360352 0.197408 0.447676 0.251859 0.468528
