0 0.068025 0.173092 0.073793 0.208857 0.080031 0.207649 0.096539 0.220259 0.096814 0.221961 0.104150 0.227566 0.105710 0.227263 0.107544 0.228665 0.107819 0.230368 0.110937 0.229764 0.113508 0.225753 0.121305 0.224243 0.123139 0.225644 0.126258 0.225040 0.128828 0.221030 0.130387 0.220728 0.136811 0.210703 0.138371 0.210401 0.139656 0.208395 0.141215 0.208093 0.143784 0.204083 0.145344 0.203781 0.146629 0.201776 0.148188 0.201474 0.149473 0.199468 0.151032 0.199166 0.154887 0.193150 0.159565 0.192244 0.157368 0.178620 0.152690 0.179526 0.143518 0.172521 0.141959 0.172822 0.138291 0.170020 0.136732 0.170322 0.134897 0.168922 0.133338 0.169224 0.129669 0.166422 0.128845 0.161312
0 0.238222 0.350885 0.239320 0.357698 0.238035 0.359704 0.238310 0.361406 0.237025 0.363411 0.237300 0.365114 0.236016 0.367119 0.236291 0.368823 0.235005 0.370828 0.235829 0.375937 0.234545 0.377942 0.234820 0.379645 0.233534 0.381650 0.234084 0.385056 0.232799 0.387062 0.233074 0.388766 0.231789 0.390770 0.232338 0.394177 0.231053 0.396182 0.231327 0.397885 0.228758 0.401895 0.229032 0.403598 0.226463 0.407609 0.221785 0.408515 0.228102 0.447686 0.234340 0.446478 0.236174 0.447879 0.236449 0.449583 0.240117 0.452385 0.240392 0.454087 0.244061 0.456890 0.244336 0.458593 0.248004 0.461395 0.248553 0.464801 0.254055 0.469004 0.254330 0.470708 0.256164 0.472109 0.256438 0.473812 0.272947 0.486422 0.274506 0.486120 0.280009 0.490323 0.281568 0.490020 0.283402 0.491422 0.284962 0.491120 0.288630 0.493921 0.290189 0.493619 0.293858 0.496421 0.295417 0.496119 0.297252 0.497521 0.298811 0.497219 0.300645 0.498620 0.302205 0.498318 0.304039 0.499719 0.307158 0.499115 0.308991 0.500515 0.321468 0.498099 0.324037 0.494090 0.323488 0.490682 0.324773 0.488678 0.323125 0.478459 0.324409 0.476454 0.324135 0.474751 0.325420 0.472745 0.324870 0.469339 0.326156 0.467334 0.332393 0.466126 0.327998 0.438876 0.321761 0.440084 0.317906 0.446100 0.313228 0.447006 0.305891 0.441401 0.305617 0.439698 0.301947 0.436896 0.301673 0.435193 0.299839 0.433792 0.299564 0.432090 0.297730 0.430688 0.297180 0.427282 0.295347 0.425880 0.295072 0.424178 0.293237 0.422776 0.292963 0.421074 0.291129 0.419673 0.290580 0.416267 0.288746 0.414865 0.288197 0.411459 0.286362 0.410057 0.285813 0.406651 0.283979 0.405250 0.283704 0.403547 0.281870 0.402146 0.281320 0.398740 0.277652 0.395938 0.277377 0.394234 0.275543 0.392834 0.274993 0.389428 0.271326 0.386625 0.271051 0.384923 0.269216 0.383521 0.268942 0.381819 0.267108 0.380417 0.266559 0.377011 0.262890 0.374209 0.262616 0.372505 0.260781 0.371104 0.260507 0.369402 0.258672 0.368000 0.258122 0.364594 0.256289 0.363192 0.256014 0.361490 0.252346 0.358688 0.251796 0.355281 0.249962 0.353881 0.249138 0.348771
0 0.749771 0.132377 0.753891 0.157923 0.758570 0.157017 0.760404 0.158418 0.761228 0.163528 0.784621 0.158997 0.783797 0.153887 0.786365 0.149877 0.787925 0.149575 0.790495 0.145565 0.795173 0.144659 0.794074 0.137846 0.789396 0.138752 0.787562 0.137351 0.786002 0.137653 0.778666 0.132048 0.777842 0.126940
0 0.786809 0.202481 0.792027 0.234840 0.802944 0.232725 0.804229 0.230721 0.805788 0.230419 0.810928 0.222398 0.812487 0.222096 0.813771 0.220090 0.815331 0.219788 0.816617 0.217783 0.818176 0.217481 0.819460 0.215476 0.821020 0.215174 0.822305 0.213169 0.823864 0.212867 0.825150 0.210862 0.826709 0.210560 0.827993 0.208555 0.829553 0.208253 0.829278 0.206550 0.831848 0.202540 0.836526 0.201634 0.835152 0.193117
0 0.239249 0.596571 0.245566 0.635742 0.276756 0.629701 0.275932 0.624592 0.278502 0.620582 0.280061 0.620280 0.281346 0.618275 0.281071 0.616572 0.283641 0.612561 0.283366 0.610858 0.285936 0.606848 0.290614 0.605942 0.287592 0.587207
0 0.104919 0.720942 0.111237 0.760113 0.134630 0.755582 0.133806 0.750474 0.135090 0.748468 0.136650 0.748166 0.140504 0.742151 0.145182 0.741245 0.140787 0.713995
0 0.162940 0.562174 0.165412 0.577502 0.171650 0.576294 0.180822 0.583299 0.182380 0.582997 0.184215 0.584398 0.185314 0.591211 0.189992 0.590305 0.189168 0.585195 0.190452 0.583190 0.192012 0.582888 0.197151 0.574867 0.201830 0.573960 0.198809 0.555227
0 0.772916 0.036565 0.778134 0.068925 0.810883 0.062582 0.809785 0.055769 0.811070 0.053764 0.812629 0.053462 0.813914 0.051457 0.818592 0.050551 0.816944 0.040331 0.810706 0.041540 0.807038 0.038739 0.803920 0.039342 0.802085 0.037941 0.800986 0.031128
0 0.130795 0.083656 0.131619 0.088766 0.130334 0.090771 0.125656 0.091677 0.130875 0.124037 0.137113 0.122829 0.140781 0.125630 0.142341 0.125327 0.147843 0.129531 0.149402 0.129229 0.153070 0.132031 0.154630 0.131729 0.158299 0.134531 0.159859 0.134229 0.163527 0.137031 0.165086 0.136729 0.166921 0.138130 0.168480 0.137828 0.173982 0.142032 0.175542 0.141730 0.177376 0.143130 0.178935 0.142828 0.180221 0.140823 0.181780 0.140521 0.183064 0.138517 0.193981 0.136402 0.195816 0.137803 0.198934 0.137199 0.202788 0.131183 0.207467 0.130277 0.201974 0.096214 0.197295 0.097121 0.195460 0.095720 0.195186 0.094018 0.193352 0.092616 0.193077 0.090913 0.189409 0.088111 0.189134 0.086407 0.181798 0.080803 0.180699 0.073991
0 0.791168 0.349167 0.795013 0.373011 0.815287 0.369084 0.816571 0.367080 0.819690 0.366476 0.823545 0.360459 0.829782 0.359251 0.827035 0.342220
0 0.089111 0.822358 0.094330 0.854717 0.120842 0.849582 0.119744 0.842770 0.123597 0.836754 0.128275 0.835848 0.124979 0.815411
0 0.901962 0.397961 0.902786 0.403070 0.901501 0.405075 0.896823 0.405981 0.901767 0.436637 0.906445 0.435731 0.908280 0.437132 0.909840 0.436830 0.913507 0.439633 0.915067 0.439331 0.916902 0.440731 0.918461 0.440429 0.922129 0.443232 0.922953 0.448341 0.930750 0.446831 0.922235 0.394034
0 0.019468 0.280850 0.020292 0.285959 0.016438 0.291975 0.010200 0.293183 0.013770 0.315323 0.038722 0.310491 0.037624 0.303679 0.038909 0.301673 0.040468 0.301371 0.044323 0.295355 0.045882 0.295053 0.045607 0.293351 0.046892 0.291346 0.053131 0.290138 0.050658 0.274809
0 0.079187 0.880482 0.084406 0.912841 0.093763 0.911028 0.095047 0.909024 0.098167 0.908420 0.099452 0.906415 0.101012 0.906113 0.102296 0.904107 0.103856 0.903805 0.107710 0.897790 0.112388 0.896884 0.108817 0.874743
0 0.794109 0.327522 0.797131 0.346255 0.820524 0.341725 0.819700 0.336616 0.826123 0.326591 0.830801 0.325684 0.829977 0.320575
0 0.816191 0.105461 0.821410 0.137821 0.830767 0.136009 0.829943 0.130899 0.832513 0.126889 0.834073 0.126587 0.835357 0.124581 0.836916 0.124279 0.843340 0.114254 0.848020 0.113347 0.845822 0.099722
0 0.649749 0.559215 0.650848 0.566027 0.649563 0.568032 0.648004 0.568334 0.645434 0.572345 0.640756 0.573251 0.646249 0.607314 0.652487 0.606106 0.657989 0.610308 0.661109 0.609704 0.664777 0.612506 0.665601 0.617615 0.678076 0.615199 0.677252 0.610090 0.678538 0.608084 0.681657 0.607480 0.682941 0.605476 0.686061 0.604871 0.687345 0.602866 0.690464 0.602262 0.693034 0.598252 0.694594 0.597950 0.695878 0.595945 0.697437 0.595643 0.702576 0.587622 0.704136 0.587320 0.706706 0.583309 0.708266 0.583007 0.714690 0.572981 0.713866 0.567872 0.704695 0.560867 0.703135 0.561169 0.701301 0.559768 0.699742 0.560070 0.697907 0.558668 0.696348 0.558970 0.692680 0.556169 0.691856 0.551059
0 0.136536 0.208999 0.137360 0.214108 0.134790 0.218119 0.135065 0.219822 0.127357 0.231853 0.122678 0.232759 0.124601 0.244680 0.129280 0.243774 0.131113 0.245176 0.132673 0.244874 0.136341 0.247676 0.137901 0.247374 0.139735 0.248776 0.140009 0.250478 0.143677 0.253280 0.145237 0.252978 0.147072 0.254379 0.147347 0.256082 0.154684 0.261686 0.155508 0.266796 0.171102 0.263776 0.170277 0.258666 0.171563 0.256660 0.179361 0.255150 0.181930 0.251140 0.183489 0.250838 0.184775 0.248833 0.194132 0.247021 0.191659 0.231692 0.186980 0.232598 0.183312 0.229797 0.182763 0.226391 0.180929 0.224989 0.180105 0.219881 0.178270 0.218479 0.177446 0.213369 0.175613 0.211969 0.173965 0.201750
0 0.754874 0.243792 0.760093 0.276151 0.781926 0.271922 0.781102 0.266814 0.783672 0.262803 0.785232 0.262501 0.790371 0.254480 0.791930 0.254179 0.793214 0.252174 0.799453 0.250966 0.796981 0.235637
0 0.205579 0.308031 0.208875 0.328468 0.213553 0.327562 0.215388 0.328964 0.216947 0.328662 0.220615 0.331463 0.221714 0.338276 0.238869 0.334954 0.237221 0.324735 0.238506 0.322729 0.237682 0.317621 0.235847 0.316219 0.233650 0.302594
0 0.649749 0.559215 0.650573 0.564325 0.646719 0.570340 0.640481 0.571548 0.646249 0.607314 0.650927 0.606408 0.652762 0.607808 0.654322 0.607506 0.657989 0.610308 0.659549 0.610006 0.661384 0.611407 0.662943 0.611105 0.664777 0.612506 0.665601 0.617615 0.679636 0.614897 0.678812 0.609788 0.680098 0.607782 0.681657 0.607480 0.682941 0.605476 0.687620 0.604569 0.688904 0.602564 0.690464 0.602262 0.691750 0.600257 0.693309 0.599955 0.695878 0.595945 0.697437 0.595643 0.702576 0.587622 0.704136 0.587320 0.706706 0.583309 0.708266 0.583007 0.710835 0.578997 0.717073 0.577789 0.714601 0.562460 0.708363 0.563669 0.704695 0.560867 0.703135 0.561169 0.701301 0.559768 0.699742 0.560070 0.697907 0.558668 0.696348 0.558970 0.692680 0.556169 0.691856 0.551059
0 0.611119 0.000000 0.614689 0.012766 0.627165 0.010350 0.628451 0.008344 0.628176 0.006641 0.634599 0.000000 0.634325 0.000000 0.636895 0.000000 0.641573 0.000000 0.640748 0.000000
0 0.505782 0.095330 0.509902 0.120878 0.516140 0.119669 0.517425 0.117664 0.518984 0.117362 0.524123 0.109341 0.525683 0.109039 0.529537 0.103023 0.528988 0.099618 0.530272 0.097612 0.529174 0.090800
0 0.674561 0.104792 0.677583 0.123527 0.704094 0.118392 0.703270 0.113282 0.704555 0.111276 0.709234 0.110370 0.710518 0.108366 0.715196 0.107460 0.716481 0.105455 0.718041 0.105153 0.719326 0.103147 0.724004 0.102241 0.722905 0.095429
0 0.837313 0.635291 0.839236 0.647212 0.856390 0.643890 0.854467 0.631968
0 0.278946 0.364074 0.281967 0.382808 0.291324 0.380996 0.290500 0.375886 0.291784 0.373881 0.298023 0.372672 0.296101 0.360751
0 0.694338 0.227416 0.697085 0.244447 0.706442 0.242635 0.708276 0.244037 0.711394 0.243433 0.713229 0.244833 0.714053 0.249942 0.734327 0.246015 0.730207 0.220469
0 0.387969 0.202452 0.390990 0.221187 0.398788 0.219677 0.397689 0.212863 0.398974 0.210859 0.398699 0.209155 0.399984 0.207150 0.398885 0.200338
0 0.428939 0.616033 0.430862 0.627954 0.437100 0.626746 0.438385 0.624741 0.441503 0.624137 0.444073 0.620127 0.445633 0.619825 0.444534 0.613012
0 0.843551 0.634083 0.845474 0.646004 0.851712 0.644796 0.852997 0.642791 0.854556 0.642489 0.852908 0.632270
0 0.113750 0.662749 0.101121 0.669821 0.091999 0.665804 0.098588 0.654118 0.106625 0.651406
0 0.723127 0.481103 0.740825 0.485772 0.771638 0.479804 0.801301 0.479842 0.806312 0.484654 0.780088 0.505929 0.760573 0.509708 0.741363 0.508801 0.721732 0.498724 0.718352 0.484342
0 0.070174 0.374029 0.061316 0.377457 0.055496 0.390004 0.057402 0.395344 0.065276 0.395533 0.072764 0.390086 0.075657 0.382103
0 0.079653 0.384183 0.065218 0.388691 0.060235 0.399934 0.063988 0.413483 0.070815 0.420153 0.084087 0.418154 0.085042 0.411118
0 0.012884 0.777388 0.032715 0.780400 0.029103 0.793661 0.026476 0.803306 0.005185 0.797723 0.012045 0.788399
1 0.305425 0.044732 0.355907 0.052510 0.407881 0.063291 0.396195 0.046902 0.362218 0.029344 0.321588 0.032824
1 0.286798 0.053825 0.244252 0.331976 0.354102 0.340322 0.402378 0.066550 0.376649 0.062755
1 0.237432 0.333296 0.284345 0.399915 0.343900 0.345589
1 0.369187 0.296806 0.347553 0.393160 0.647601 0.391002 0.650533 0.353129 0.645160 0.313575 0.640061 0.306882
1 0.645391 0.302556 0.655865 0.348805 0.646974 0.374664 0.653335 0.376724 0.669505 0.346164 0.662750 0.316751 0.649460 0.302867
1 0.507146 0.398456 0.494629 0.476586 0.757653 0.481598 0.774400 0.442148 0.760833 0.395402 0.757737 0.394905
1 0.059724 0.358937 0.144476 0.361176 0.100159 0.429007
1 0.001568 0.521615 0.000000 0.591316 0.007907 0.598287
1 0.006600 0.559040 0.010541 0.602166 0.026174 0.643025 0.088308 0.586006
1 0.029406 0.563402 0.011001 0.598786 0.068425 0.581079
1 0.037162 0.692466 0.113654 0.718245 0.054271 0.773634 0.033076 0.748115
1 0.030784 0.746366 0.012378 0.781748 0.029284 0.780669 0.026301 0.793317 0.036612 0.801193 0.053229 0.804557 0.063093 0.778510 0.035367 0.749867
0 0.216696 0.497502 0.220882 0.492302 0.230625 0.490415 0.233430 0.495359 0.233314 0.500866 0.228615 0.502874
