1 0.396726 0.688167 0.398258 0.688317 0.402290 0.693996 0.403823 0.694147 0.406510 0.697933 0.408043 0.698084 0.412075 0.703763 0.413607 0.703914 0.417639 0.709593 0.419171 0.709743 0.423203 0.715423 0.424736 0.715573 0.427423 0.719359 0.428956 0.719510 0.432988 0.725189 0.434520 0.725340 0.437208 0.729126 0.438741 0.729276 0.440085 0.731169 0.441617 0.731320 0.445649 0.736999 0.447181 0.737150 0.451213 0.742829 0.452746 0.742979 0.455433 0.746766 0.456966 0.746916 0.460998 0.752595 0.462530 0.752746 0.467906 0.760318 0.469438 0.760469 0.472126 0.764255 0.473659 0.764405 0.476346 0.768192 0.477879 0.768342 0.480567 0.772128 0.482099 0.772279 0.484787 0.776065 0.486320 0.776216 0.487664 0.778109 0.489196 0.778259 0.493228 0.783938 0.494760 0.784089 0.497448 0.787875 0.498981 0.788026 0.501669 0.791812 0.507799 0.792414 0.503080 0.835978 0.498482 0.835526 0.495039 0.838710 0.494662 0.842196 0.492941 0.843788 0.492563 0.847273 0.490842 0.848865 0.490464 0.852350 0.488743 0.853942 0.488365 0.857427 0.486644 0.859019 0.486266 0.862504 0.484545 0.864096 0.484356 0.865839 0.482635 0.867431 0.482446 0.869173 0.480725 0.870765 0.480536 0.872508 0.475372 0.877284 0.472307 0.876983 0.470585 0.878575 0.461389 0.877672 0.460045 0.875779 0.452382 0.875026 0.451039 0.873133 0.447973 0.872832 0.446629 0.870939 0.443564 0.870638 0.442220 0.868745 0.439155 0.868444 0.437811 0.866551 0.433213 0.866099 0.431869 0.864206 0.425739 0.863604 0.424395 0.861711 0.419797 0.861259 0.418453 0.859366 0.415388 0.859065 0.414044 0.857172 0.407914 0.856570 0.406570 0.854677 0.400439 0.854075 0.399095 0.852182 0.391432 0.851429 0.387401 0.845750 0.387589 0.844007 0.386246 0.842114 0.386434 0.840372 0.385090 0.838479 0.385279 0.836736 0.383935 0.834843 0.384313 0.831358 0.382969 0.829465 0.383346 0.825980 0.382003 0.824086 0.382569 0.818859 0.381225 0.816966 0.382169 0.808253 0.380825 0.806360 0.381580 0.799390 0.380236 0.797496 0.380991 0.790526 0.379647 0.788633 0.380402 0.781663 0.379058 0.779770 0.379814 0.772800 0.378470 0.770906 0.379225 0.763936 0.377881 0.762043 0.378636 0.755073 0.377292 0.753180 0.377858 0.747952 0.376514 0.746059 0.377081 0.740831 0.375737 0.738938 0.376492 0.731968 0.375148 0.730075 0.375714 0.724847 0.374370 0.722954 0.374937 0.717726 0.373593 0.715833 0.374725 0.705378 0.373381 0.703485 0.374325 0.694772 0.372981 0.692879 0.373925 0.684166 0.372581 0.682273 0.373336 0.675303 0.393260 0.677260 0.392694 0.682487 0.396726 0.688167
1 0.247669 0.548489 0.249202 0.548640 0.258609 0.561891 0.260142 0.562042 0.264173 0.567721 0.265706 0.567872 0.271081 0.575444 0.272614 0.575595 0.277989 0.583167 0.279522 0.583317 0.284897 0.590890 0.286430 0.591040 0.290462 0.596720 0.291994 0.596870 0.297370 0.604442 0.298902 0.604593 0.310997 0.621631 0.312530 0.621781 0.319249 0.631247 0.320782 0.631397 0.326157 0.638970 0.327690 0.639120 0.335753 0.650479 0.337286 0.650629 0.342661 0.658201 0.348792 0.658804 0.346338 0.681457 0.341740 0.681005 0.334855 0.687373 0.334666 0.689116 0.331223 0.692300 0.331034 0.694043 0.327591 0.697227 0.327403 0.698969 0.325681 0.700561 0.325493 0.702304 0.323771 0.703896 0.323582 0.705638 0.321861 0.707230 0.321672 0.708973 0.319951 0.710565 0.319762 0.712308 0.318041 0.713900 0.317852 0.715642 0.316131 0.717234 0.315942 0.718977 0.314220 0.720569 0.314032 0.722311 0.312310 0.723903 0.312122 0.725646 0.310400 0.727238 0.310211 0.728981 0.305047 0.733757 0.285123 0.731800 0.283779 0.729907 0.279181 0.729455 0.277837 0.727562 0.273240 0.727111 0.271896 0.725217 0.267298 0.724766 0.265954 0.722873 0.262889 0.722572 0.261545 0.720679 0.256947 0.720227 0.255603 0.718334 0.251005 0.717882 0.249661 0.715989 0.246596 0.715688 0.245252 0.713795 0.242187 0.713494 0.240843 0.711601 0.236245 0.711149 0.234901 0.709256 0.233369 0.709106 0.232025 0.707213 0.230492 0.707062 0.229148 0.705169 0.226083 0.704868 0.224739 0.702975 0.220141 0.702523 0.217454 0.698737 0.217642 0.696995 0.216298 0.695102 0.216676 0.691616 0.215332 0.689723 0.217786 0.667070 0.216442 0.665177 0.217952 0.651237 0.216608 0.649343 0.219440 0.623205 0.218096 0.621312 0.220361 0.600401 0.219017 0.598508 0.224114 0.551459 0.222770 0.549566 0.224469 0.533883 0.244393 0.535840 0.243638 0.542810 0.247669 0.548489
0 0.740707 0.544079 0.742240 0.544230 0.744928 0.548016 0.746460 0.548167 0.747804 0.550060 0.749337 0.550210 0.750681 0.552103 0.756811 0.552705 0.754546 0.573616 0.748415 0.573014 0.746694 0.574606 0.745161 0.574455 0.743440 0.576048 0.740375 0.575746 0.738653 0.577339 0.737121 0.577188 0.735399 0.578780 0.733867 0.578630 0.732145 0.580222 0.730613 0.580071 0.728891 0.581663 0.725826 0.581362 0.724105 0.582954 0.722572 0.582804 0.720851 0.584396 0.719318 0.584245 0.717597 0.585837 0.716064 0.585687 0.714343 0.587279 0.712810 0.587128 0.711089 0.588720 0.709556 0.588570 0.707835 0.590162 0.706302 0.590011 0.704581 0.591603 0.701515 0.591302 0.699794 0.592894 0.698261 0.592744 0.696540 0.594336 0.695974 0.599563 0.663789 0.596402 0.664355 0.591175 0.663011 0.589282 0.661478 0.589131 0.657447 0.583452 0.655914 0.583301 0.654570 0.581408 0.653038 0.581258 0.649006 0.575578 0.644408 0.575127 0.645352 0.566414 0.649950 0.566865 0.653393 0.563681 0.654925 0.563832 0.656647 0.562240 0.658179 0.562390 0.659901 0.560798 0.661433 0.560949 0.663155 0.559357 0.664687 0.559507 0.668130 0.556323 0.669663 0.556474 0.673105 0.553290 0.674638 0.553440 0.678081 0.550256 0.679613 0.550407 0.691663 0.539263 0.693196 0.539413 0.694917 0.537821 0.695672 0.530851 0.740118 0.535216 0.739363 0.542186 0.740707 0.544079
0 0.360460 0.050609 0.361993 0.050760 0.371400 0.064011 0.372933 0.064162 0.375620 0.067948 0.381751 0.068550 0.377409 0.108629 0.371279 0.108027 0.362672 0.115987 0.361139 0.115836 0.354254 0.122205 0.352721 0.122054 0.351000 0.123646 0.347934 0.123345 0.346213 0.124937 0.337017 0.124034 0.335296 0.125626 0.332231 0.125325 0.330509 0.126917 0.329754 0.133887 0.294504 0.130425 0.295070 0.125197 0.287007 0.113839 0.285474 0.113688 0.281443 0.108009 0.279910 0.107859 0.277222 0.104072 0.275690 0.103922 0.273002 0.100136 0.271469 0.099985 0.267438 0.094306 0.262840 0.093854 0.266804 0.057261 0.272934 0.057863 0.281541 0.049902 0.283074 0.050053 0.291681 0.042093 0.293213 0.042243 0.294935 0.040651 0.295690 0.033681 0.356995 0.039702 0.356429 0.044930 0.360460 0.050609
0 1.000000 0.422541 1.000000 0.424283 1.000000 0.429963 1.000000 0.430113 1.000000 0.506786 1.000000 0.506635 0.999820 0.511411 0.999253 0.516639 0.974731 0.514231 0.975486 0.507260 0.972799 0.503474 0.972987 0.501732 0.970300 0.497946 0.970488 0.496203 0.969145 0.494310 0.969522 0.490825 0.968178 0.488932 0.968367 0.487189 0.967023 0.485296 0.967401 0.481811 0.966057 0.479918 0.966623 0.474690 0.965279 0.472797 0.965468 0.471055 0.961436 0.465375 0.961625 0.463633 0.958937 0.459847 0.954339 0.459395 0.959813 0.408861 1.000000 0.413677 1.000000 0.420648 1.000000 0.422541
0 0.400723 0.193690 0.405321 0.194142 0.400602 0.237706 0.396004 0.237254 0.394282 0.238846 0.394094 0.240589 0.395438 0.242482 0.400035 0.242934 0.396827 0.272557 0.392229 0.272105 0.387065 0.276882 0.385532 0.276731 0.380368 0.281507 0.380179 0.283250 0.371572 0.291210 0.368507 0.290909 0.366785 0.292501 0.351459 0.290996 0.350115 0.289103 0.347050 0.288801 0.345706 0.286908 0.344174 0.286758 0.341486 0.282972 0.335355 0.282370 0.341584 0.224865 0.346182 0.225317 0.347904 0.223725 0.348281 0.220240 0.350002 0.218647 0.350380 0.215162 0.352101 0.213570 0.352479 0.210085 0.354200 0.208493 0.354578 0.205008 0.356299 0.203416 0.356677 0.199931 0.358398 0.198339 0.358964 0.193111 0.362407 0.189927 0.362596 0.188185 0.364317 0.186593 0.364695 0.183107 0.366416 0.181515 0.367171 0.174545 0.394759 0.177255 0.394003 0.184225 0.400723 0.193690
0 0.921709 0.417446 0.914823 0.423814 0.913291 0.423664 0.911569 0.425256 0.911003 0.430483 0.903340 0.429731 0.903906 0.424503 0.902562 0.422610 0.900841 0.424202 0.900275 0.429430 0.892612 0.428677 0.893178 0.423449 0.891834 0.421556 0.890301 0.421406 0.888958 0.419513 0.887425 0.419362 0.884737 0.415576 0.878607 0.414974 0.882382 0.380123 0.929893 0.384789 0.926307 0.417898 0.921709 0.417446
0 0.680799 0.453663 0.682332 0.453813 0.683676 0.455706 0.685209 0.455857 0.686552 0.457750 0.688085 0.457901 0.689429 0.459794 0.690961 0.459944 0.692305 0.461837 0.698436 0.462439 0.695982 0.485093 0.689852 0.484491 0.688130 0.486083 0.686597 0.485932 0.684876 0.487524 0.683343 0.487373 0.679901 0.490558 0.676835 0.490257 0.675114 0.491849 0.673581 0.491698 0.671860 0.493290 0.668795 0.492989 0.667073 0.494581 0.665541 0.494431 0.663819 0.496023 0.660754 0.495722 0.659033 0.497314 0.657500 0.497163 0.654057 0.500347 0.652525 0.500197 0.650803 0.501789 0.649271 0.501638 0.645828 0.504822 0.645262 0.510050 0.602348 0.505835 0.602914 0.500607 0.600227 0.496821 0.598694 0.496671 0.596006 0.492885 0.591408 0.492433 0.592919 0.478493 0.599049 0.479095 0.600770 0.477503 0.602303 0.477653 0.604024 0.476061 0.605557 0.476212 0.607278 0.474620 0.608811 0.474770 0.610532 0.473178 0.612065 0.473329 0.615508 0.470145 0.617040 0.470295 0.620483 0.467111 0.622016 0.467262 0.623737 0.465669 0.625270 0.465820 0.630434 0.461044 0.631967 0.461194 0.638852 0.454826 0.639041 0.453084 0.642484 0.449900 0.642673 0.448157 0.644394 0.446565 0.644960 0.441337 0.678678 0.444649 0.678112 0.449877 0.680799 0.453663
0 0.872716 0.683844 0.878847 0.684446 0.875449 0.715812 0.838666 0.712199 0.839232 0.706972 0.836545 0.703185 0.836733 0.701443 0.835389 0.699550 0.837088 0.683867 0.843974 0.677498 0.844540 0.672271 0.872127 0.674980 0.871372 0.681950 0.872716 0.683844
0 0.865689 0.362633 0.862246 0.365817 0.860714 0.365667 0.858992 0.367259 0.857460 0.367108 0.854017 0.370292 0.853451 0.375520 0.833527 0.373563 0.834093 0.368336 0.832749 0.366443 0.828151 0.365991 0.831738 0.332882 0.873118 0.336946 0.870287 0.363085 0.865689 0.362633
0 0.802412 0.560706 0.802979 0.555478 0.801635 0.553585 0.801824 0.551843 0.795104 0.542377 0.790506 0.541926 0.792960 0.519273 0.828210 0.522735 0.823869 0.562814 0.802412 0.560706
0 0.830859 0.741371 0.835457 0.741823 0.832626 0.767961 0.785114 0.763295 0.788701 0.730186 0.830082 0.734250 0.829515 0.739478 0.830859 0.741371
0 0.864255 0.304376 0.860812 0.307560 0.859280 0.307410 0.852394 0.313778 0.851828 0.319006 0.844165 0.318253 0.844731 0.313025 0.843387 0.311132 0.841855 0.310982 0.840511 0.309089 0.837445 0.308787 0.836102 0.306894 0.834569 0.306744 0.830537 0.301065 0.830726 0.299322 0.829382 0.297429 0.830326 0.288716 0.837212 0.282348 0.837778 0.277120 0.873028 0.280582 0.870386 0.304978 0.864255 0.304376
0 0.919126 0.598586 0.917404 0.600178 0.916649 0.607148 0.882932 0.603836 0.886518 0.570728 0.927899 0.574792 0.925256 0.599188 0.919126 0.598586
0 0.735608 0.948631 0.736175 0.943404 0.734831 0.941511 0.728700 0.940909 0.732287 0.907800 0.779798 0.912466 0.775457 0.952545 0.735608 0.948631
0 0.408741 0.176867 0.411006 0.155956 0.415604 0.156408 0.419047 0.153223 0.419235 0.151481 0.420957 0.149889 0.421523 0.144661 0.453708 0.147822 0.450122 0.180931 0.408741 0.176867
0 0.690801 0.718810 0.694388 0.685701 0.735769 0.689766 0.732182 0.722874 0.690801 0.718810
0 0.818990 0.865243 0.819556 0.860016 0.812837 0.850550 0.813026 0.848808 0.811682 0.846915 0.807084 0.846463 0.807839 0.839493 0.812437 0.839944 0.814158 0.838353 0.814725 0.833125 0.816446 0.831533 0.817201 0.824562 0.857049 0.828476 0.852708 0.868555 0.818990 0.865243
0 0.808734 0.202063 0.812320 0.168954 0.853701 0.173018 0.850115 0.206127 0.808734 0.202063
0 0.924639 0.333201 0.928980 0.293122 0.958100 0.295982 0.953759 0.336061 0.924639 0.333201
0 0.614392 0.251659 0.612670 0.253251 0.592746 0.251294 0.591402 0.249401 0.589870 0.249250 0.590059 0.247508 0.588715 0.245615 0.589281 0.240387 0.587937 0.238494 0.588881 0.229781 0.590602 0.228189 0.591735 0.217734 0.625453 0.221045 0.622055 0.252411 0.614392 0.251659
0 0.956701 0.737881 0.957267 0.732653 0.954579 0.728867 0.953047 0.728716 0.951703 0.726823 0.950170 0.726673 0.948826 0.724780 0.944228 0.724328 0.947249 0.696447 0.976368 0.699307 0.972027 0.739386 0.956701 0.737881
0 0.876339 0.793388 0.874995 0.791495 0.868865 0.790892 0.869998 0.780437 0.886856 0.782093 0.885535 0.794291 0.876339 0.793388
0 0.781327 0.312081 0.779983 0.310188 0.773853 0.309586 0.771165 0.305800 0.766567 0.305348 0.768077 0.291408 0.791067 0.293666 0.788990 0.312834 0.781327 0.312081
0 0.691587 0.611460 0.688899 0.607674 0.684302 0.607222 0.685057 0.600252 0.708046 0.602510 0.706913 0.612965 0.691587 0.611460
0 0.842576 0.761894 0.843332 0.754924 0.841988 0.753031 0.842176 0.751288 0.840833 0.749395 0.836235 0.748943 0.836990 0.741973 0.859979 0.744231 0.857903 0.763399 0.842576 0.761894
0 0.557338 0.149195 0.555994 0.147302 0.546798 0.146398 0.544111 0.142612 0.544866 0.135642 0.566322 0.137749 0.565001 0.149947 0.557338 0.149195
0 0.926791 0.241835 0.919906 0.248203 0.918373 0.248053 0.916652 0.249645 0.916085 0.254873 0.891563 0.252464 0.893640 0.233296 0.902247 0.225336 0.903779 0.225486 0.910665 0.219118 0.911231 0.213890 0.935753 0.216299 0.932922 0.242437 0.926791 0.241835
0 0.712675 0.502582 0.713241 0.497354 0.711897 0.495461 0.712086 0.493719 0.710742 0.491826 0.711686 0.483113 0.720882 0.484016 0.718805 0.503184 0.712675 0.502582
0 0.926791 0.241835 0.921627 0.246611 0.920094 0.246461 0.916652 0.249645 0.916085 0.254873 0.891563 0.252464 0.893640 0.233296 0.900525 0.226928 0.902058 0.227078 0.910665 0.219118 0.911231 0.213890 0.935753 0.216299 0.932922 0.242437 0.926791 0.241835
0 0.877632 0.524066 0.874944 0.520280 0.875699 0.513310 0.891026 0.514815 0.889893 0.525271 0.877632 0.524066
0 0.779311 0.149568 0.762217 0.140553 0.778173 0.136248 0.792241 0.149371 0.779311 0.149568
0 0.709927 0.182378 0.691241 0.176140 0.684836 0.163772 0.702070 0.159593 0.711028 0.172214 0.709927 0.182378
0 0.707543 0.287810 0.700703 0.303282 0.679306 0.298245 0.677048 0.283348 0.694909 0.273361 0.697621 0.272161 0.707543 0.287810
