1 0.403524 0.501800 0.403211 0.506307 0.399892 0.508925 0.395225 0.508342 0.393565 0.509649 0.388899 0.509066 0.387240 0.510374 0.382573 0.509791 0.380913 0.511100 0.379357 0.510905 0.377697 0.512214 0.371475 0.511437 0.369816 0.512745 0.365150 0.512162 0.363489 0.513469 0.361933 0.513275 0.360274 0.514584 0.355608 0.514001 0.353948 0.515309 0.347726 0.514532 0.346065 0.515840 0.342954 0.515451 0.341295 0.516760 0.338184 0.516371 0.336525 0.517679 0.331858 0.517096 0.330197 0.518404 0.325531 0.517821 0.323872 0.519129 0.320761 0.518741 0.319101 0.520049 0.315990 0.519661 0.314329 0.520968 0.309663 0.520386 0.308003 0.521693 0.300226 0.520722 0.298567 0.522030 0.292345 0.521253 0.290684 0.522561 0.287573 0.522172 0.285913 0.523481 0.281247 0.522898 0.279587 0.524206 0.274921 0.523624 0.273261 0.524931 0.270149 0.524543 0.268490 0.525850 0.265379 0.525462 0.263719 0.526770 0.260609 0.526382 0.258948 0.527690 0.257393 0.527496 0.255733 0.528804 0.252622 0.528415 0.250963 0.529723 0.249407 0.529529 0.247746 0.530837 0.249198 0.532534 0.249094 0.534036 0.292649 0.539477 0.294099 0.541174 0.306543 0.542729 0.308204 0.541420 0.309759 0.541614 0.311210 0.543312 0.312765 0.543506 0.314426 0.542197 0.323759 0.543363 0.325210 0.545060 0.374986 0.551278 0.376647 0.549970 0.418645 0.555216 0.420305 0.553908 0.421860 0.554103 0.425181 0.551485 0.425285 0.549983 0.426944 0.548676 0.427049 0.547173 0.428709 0.545864 0.428813 0.544362 0.430472 0.543054 0.430681 0.540049 0.432340 0.538741 0.432445 0.537238 0.434105 0.535930 0.434626 0.528418 0.436285 0.527110 0.436494 0.524105 0.438154 0.522796 0.438363 0.519792 0.440022 0.518483 0.440126 0.516981 0.441787 0.515673 0.441891 0.514171 0.443551 0.512862 0.443968 0.506852
0 0.880459 0.525005 0.878791 0.549045 0.883457 0.549627 0.889263 0.556415 0.888951 0.560923 0.909172 0.563449 0.909485 0.558941 0.912804 0.556324 0.915915 0.556713 0.917575 0.555405 0.919131 0.555600 0.929089 0.547750 0.933755 0.548333 0.934902 0.531806
0 0.783893 0.288649 0.781912 0.317196 0.788134 0.317973 0.789584 0.319670 0.789272 0.324178 0.820382 0.328064 0.820695 0.323556 0.822355 0.322248 0.822459 0.320746 0.829099 0.315513 0.829203 0.314011 0.830862 0.312702 0.832418 0.312897 0.834078 0.311589 0.835633 0.311783 0.834183 0.310086 0.834600 0.304076 0.831696 0.300683 0.832113 0.294673
1 0.631689 0.469682 0.631376 0.474189 0.629717 0.475497 0.626606 0.475109 0.624945 0.476416 0.621834 0.476028 0.620175 0.477337 0.615508 0.476754 0.613849 0.478061 0.610738 0.477673 0.609078 0.478981 0.607522 0.478787 0.605862 0.480096 0.599640 0.479318 0.597981 0.480626 0.593314 0.480043 0.591654 0.481352 0.590098 0.481157 0.588439 0.482465 0.586884 0.482271 0.585224 0.483580 0.580558 0.482997 0.578897 0.484304 0.569564 0.483138 0.567904 0.484446 0.563238 0.483863 0.561578 0.485172 0.558467 0.484783 0.556807 0.486091 0.552140 0.485508 0.550481 0.486817 0.544259 0.486039 0.542600 0.487348 0.539489 0.486959 0.537828 0.488267 0.536272 0.488073 0.539176 0.491466 0.546953 0.492438 0.548612 0.491130 0.550168 0.491325 0.551619 0.493021 0.559397 0.493992 0.561056 0.492685 0.573501 0.494239 0.575161 0.492931 0.581383 0.493708 0.582834 0.495405 0.585946 0.495794 0.588847 0.499186 0.591958 0.499575 0.593410 0.501272 0.604298 0.502632 0.605750 0.504329 0.638416 0.508409 0.639867 0.510106 0.646089 0.510883 0.647749 0.509575 0.650859 0.509963 0.654179 0.507347 0.655735 0.507542 0.662374 0.502310 0.662478 0.500807 0.664139 0.499498 0.664243 0.497996 0.665902 0.496688 0.666006 0.495186 0.667666 0.493878 0.667770 0.492375 0.669430 0.491067 0.674097 0.491650 0.675244 0.475123
0 0.058312 0.434430 0.056018 0.467484 0.062240 0.468262 0.063691 0.469958 0.071469 0.470929 0.073129 0.469622 0.077795 0.470205 0.079454 0.468897 0.081010 0.469091 0.084330 0.466474 0.085886 0.466668 0.094184 0.460128 0.098850 0.460711 0.100310 0.439676
0 0.047052 0.596697 0.045071 0.625243 0.074626 0.628935 0.074939 0.624428 0.078257 0.621812 0.078362 0.620310 0.083341 0.616385 0.088007 0.616968 0.089050 0.601943
0 0.130474 0.479816 0.128493 0.508363 0.134715 0.509140 0.139070 0.514231 0.142181 0.514619 0.143632 0.516316 0.151409 0.517287 0.153069 0.515979 0.156180 0.516368 0.157840 0.515060 0.159395 0.515255 0.164374 0.511330 0.165930 0.511524 0.172569 0.506291 0.177235 0.506874 0.178695 0.485840
0 0.962564 0.608005 0.961313 0.626035 0.965979 0.626617 0.968883 0.630011 0.968778 0.631514 0.970229 0.633210 0.969916 0.637717 0.996360 0.641020 0.996672 0.636513 0.998333 0.635206 1.000000 0.635789 1.000000 0.613251
0 0.975526 0.330773 0.972294 0.377350 0.986294 0.379099 0.986607 0.374591 0.994905 0.368050 0.995009 0.366548 0.998329 0.363931 1.000000 0.364514 1.000000 0.341977 0.999893 0.341394 0.998442 0.339698 0.998859 0.333688
0 0.153344 0.331123 0.151780 0.353660 0.161114 0.354826 0.162564 0.356523 0.162252 0.361030 0.162564 0.356523 0.164225 0.355215 0.168892 0.355798 0.170551 0.354490 0.172106 0.354684 0.175426 0.352068 0.181649 0.352845 0.182900 0.334815
0 0.493406 0.585772 0.492468 0.599293 0.498690 0.600071 0.500142 0.601768 0.501697 0.601962 0.503149 0.603660 0.504704 0.603854 0.507606 0.607246 0.510717 0.607635 0.512168 0.609332 0.515280 0.609721 0.516731 0.611417 0.518287 0.611612 0.521188 0.615006 0.524299 0.615395 0.525751 0.617091 0.528862 0.617480 0.530314 0.619176 0.529897 0.625186 0.557895 0.628683 0.559250 0.609152 0.553028 0.608374 0.551578 0.606677 0.550022 0.606483 0.548571 0.604787 0.547016 0.604592 0.545564 0.602896 0.544008 0.602702 0.542557 0.601004 0.541001 0.600810 0.539550 0.599114 0.537995 0.598919 0.536544 0.597222 0.536961 0.591212
0 0.651978 0.290357 0.647912 0.348954 0.660356 0.350508 0.660669 0.346000 0.667308 0.340768 0.667412 0.339266 0.670732 0.336649 0.671149 0.330639 0.672808 0.329331 0.674163 0.309799 0.672713 0.308102 0.673234 0.300589 0.671783 0.298893 0.672200 0.292883
0 0.655134 0.448363 0.654821 0.452870 0.653162 0.454178 0.651607 0.453984 0.649947 0.455293 0.645281 0.454710 0.643620 0.456017 0.634287 0.454851 0.633140 0.471379 0.639362 0.472156 0.640814 0.473853 0.650147 0.475019 0.651807 0.473711 0.656473 0.474294 0.658133 0.472985 0.670577 0.474540 0.672237 0.473232 0.675348 0.473621 0.677008 0.472312 0.680119 0.472701 0.681779 0.471392 0.684889 0.471780 0.686549 0.470473 0.689660 0.470861 0.691321 0.469553 0.694431 0.469941 0.696091 0.468634 0.699202 0.469022 0.700861 0.467715 0.702417 0.467909 0.707397 0.463984 0.713619 0.464761 0.714245 0.455746
0 0.631226 0.318075 0.627369 0.373666 0.633591 0.374443 0.635043 0.376140 0.641265 0.376917 0.642924 0.375609 0.644479 0.375803 0.646139 0.374495 0.650806 0.375078 0.653413 0.337517 0.648746 0.336934 0.647294 0.335237 0.647503 0.332232 0.646052 0.330535 0.646365 0.326028 0.644914 0.324330 0.645227 0.319824
0 0.178650 0.328223 0.177190 0.349257 0.195856 0.351589 0.197516 0.350280 0.199072 0.350475 0.200732 0.349167 0.206954 0.349944 0.208205 0.331914
0 0.734950 0.270412 0.733073 0.297456 0.740851 0.298428 0.745830 0.294503 0.750497 0.295086 0.752061 0.272549
0 0.481367 0.329665 0.481054 0.334172 0.477734 0.336788 0.473068 0.336205 0.471400 0.360246 0.476066 0.360828 0.478969 0.364221 0.478864 0.365724 0.480316 0.367420 0.480212 0.368923 0.488919 0.379104 0.490475 0.379298 0.493377 0.382692 0.499600 0.383469 0.501259 0.382161 0.502815 0.382356 0.504475 0.381047 0.506030 0.381241 0.509349 0.378625 0.509453 0.377123 0.511114 0.375814 0.511218 0.374311 0.509766 0.372615 0.509975 0.369610 0.508524 0.367913 0.508732 0.364909 0.507281 0.363212 0.507489 0.360207 0.509150 0.358898 0.509358 0.355893 0.511017 0.354585 0.511122 0.353083 0.512782 0.351775 0.512990 0.348770 0.516310 0.346154 0.520977 0.346737 0.521811 0.334717
0 0.955608 0.346471 0.954462 0.362998 0.973128 0.365329 0.974275 0.348803
0 0.502097 0.641415 0.500742 0.660947 0.506964 0.661724 0.511318 0.666815 0.512873 0.667009 0.514325 0.668705 0.515880 0.668900 0.518782 0.672293 0.520337 0.672487 0.523240 0.675882 0.524796 0.676076 0.526248 0.677773 0.527803 0.677967 0.530705 0.681361 0.532261 0.681555 0.533712 0.683252 0.535267 0.683446 0.541073 0.690234 0.542628 0.690428 0.546981 0.695518 0.548537 0.695712 0.549989 0.697408 0.553099 0.697797 0.554551 0.699494 0.556211 0.698186 0.559321 0.698574 0.567621 0.692034 0.572288 0.692617 0.573226 0.679094 0.567004 0.678317 0.565552 0.676620 0.562441 0.676232 0.560989 0.674535 0.559434 0.674340 0.556532 0.670948 0.553421 0.670559 0.551970 0.668862 0.550414 0.668668 0.548962 0.666970 0.547407 0.666776 0.544505 0.663383 0.542950 0.663189 0.541498 0.661492 0.539942 0.661297 0.537039 0.657904 0.535484 0.657710 0.534034 0.656012 0.532478 0.655818 0.531027 0.654122 0.529471 0.653927 0.528020 0.652231 0.524908 0.651842 0.522006 0.648448 0.522318 0.643941
0 0.400876 0.653019 0.399729 0.669546 0.416840 0.671683 0.417153 0.667176 0.418812 0.665867 0.423478 0.666450 0.424208 0.655933
0 0.496776 0.446767 0.495212 0.469305 0.499878 0.469888 0.500191 0.465380 0.501851 0.464071 0.503406 0.464265 0.506726 0.461649 0.512949 0.462426 0.513887 0.448905
0 0.214698 0.441841 0.214072 0.450856 0.220294 0.451633 0.221745 0.453329 0.223301 0.453524 0.224753 0.455221 0.224440 0.459728 0.224753 0.455221 0.226412 0.453912 0.227967 0.454107 0.229627 0.452799 0.229731 0.451297 0.233051 0.448681 0.237717 0.449263 0.238030 0.444756
0 0.119281 0.460232 0.118343 0.473755 0.147897 0.477446 0.149558 0.476138 0.152669 0.476526 0.154328 0.475218 0.155884 0.475412 0.159203 0.472796 0.159308 0.471294 0.160968 0.469986 0.161281 0.465478
0 0.703840 0.266525 0.702901 0.280047 0.709123 0.280824 0.710575 0.282522 0.715241 0.283105 0.716902 0.281796 0.718457 0.281990 0.720117 0.280683 0.721672 0.280877 0.721776 0.279375 0.725096 0.276758 0.725200 0.275256 0.726860 0.273947 0.727173 0.269440
0 0.528337 0.353718 0.527086 0.371748 0.531753 0.372331 0.534655 0.375724 0.536210 0.375918 0.539113 0.379312 0.538800 0.383820 0.539113 0.379312 0.542433 0.376696 0.543988 0.376890 0.548967 0.372965 0.549072 0.371463 0.552391 0.368847 0.557057 0.369430 0.557266 0.366425 0.552600 0.365842 0.551149 0.364145 0.551670 0.356633
0 0.069797 0.223696 0.068233 0.246233 0.077566 0.247399 0.079225 0.246090 0.080781 0.246285 0.082442 0.244976 0.088664 0.245753 0.090019 0.226222
0 0.601334 0.387084 0.600291 0.402109 0.608069 0.403081 0.609729 0.401772 0.612840 0.402161 0.619479 0.396929 0.624146 0.397512 0.624667 0.389999
0 0.454406 0.605148 0.453259 0.621675 0.467259 0.623424 0.467572 0.618916 0.469231 0.617608 0.470787 0.617802 0.472446 0.616494 0.477112 0.617077 0.477738 0.608062
0 0.895890 0.302639 0.894430 0.323674 0.902208 0.324646 0.903659 0.326342 0.905215 0.326536 0.906666 0.328233 0.906353 0.332740 0.906666 0.328233 0.908325 0.326925 0.909881 0.327119 0.911541 0.325811 0.913097 0.326006 0.918075 0.322082 0.924297 0.322859 0.925444 0.306331
0 0.500079 0.489614 0.498932 0.506140 0.516042 0.508278 0.516355 0.503771 0.518015 0.502463 0.522682 0.503046 0.523412 0.492528
0 0.418358 0.491529 0.417315 0.506554 0.429759 0.508108 0.431420 0.506800 0.436086 0.507383 0.437745 0.506075 0.443968 0.506852 0.445627 0.505545 0.445732 0.504042 0.449051 0.501425 0.453717 0.502008 0.454134 0.495998
0 0.453155 0.623177 0.452008 0.639704 0.475340 0.642619 0.476487 0.626092
1 0.320607 0.091352 0.319668 0.104875 0.325890 0.105652 0.341854 0.124316 0.341541 0.128823 0.366429 0.131932 0.367576 0.115405 0.362910 0.114822 0.361459 0.113126 0.359903 0.112932 0.351196 0.102750 0.349641 0.102556 0.348189 0.100860 0.348606 0.094850
0 0.074576 0.200045 0.073638 0.213567 0.079860 0.214345 0.081311 0.216041 0.082867 0.216235 0.084318 0.217932 0.083901 0.223941 0.085456 0.224136 0.085769 0.219629 0.087429 0.218321 0.090540 0.218710 0.093860 0.216093 0.093964 0.214590 0.095624 0.213282 0.096353 0.202765
0 0.107942 0.555807 0.107525 0.561817 0.105865 0.563126 0.104310 0.562931 0.102650 0.564239 0.101095 0.564045 0.099435 0.565352 0.093213 0.564575 0.091649 0.587113 0.097871 0.587890 0.102225 0.592981 0.103780 0.593175 0.111036 0.601658 0.114147 0.602047 0.115599 0.603743 0.117155 0.603938 0.118605 0.605635 0.118293 0.610143 0.130737 0.611697 0.131050 0.607189 0.132710 0.605881 0.134265 0.606075 0.135925 0.604767 0.137480 0.604962 0.155737 0.590572 0.155842 0.589069 0.157502 0.587761 0.158127 0.578746 0.156676 0.577050 0.156780 0.575548 0.153878 0.572153 0.153983 0.570651 0.152427 0.570457 0.149524 0.567063 0.149941 0.561053
0 0.708744 0.467183 0.708014 0.477701 0.718902 0.479061 0.719632 0.468543
0 0.601334 0.387084 0.600187 0.403612 0.614187 0.405361 0.614604 0.399350 0.619583 0.395426 0.624250 0.396009 0.624667 0.389999
0 0.747394 0.271966 0.746247 0.288494 0.754024 0.289465 0.754337 0.284957 0.755997 0.283650 0.756102 0.282147 0.757762 0.280838 0.758283 0.273326
0 0.522949 0.340921 0.522219 0.351439 0.539329 0.353576 0.540059 0.343058
0 0.434634 0.505686 0.434321 0.510193 0.429342 0.514118 0.427787 0.513924 0.427683 0.515426 0.424362 0.518043 0.422807 0.517849 0.421147 0.519157 0.416481 0.518574 0.415543 0.532096 0.427987 0.533651 0.428300 0.529143 0.431619 0.526527 0.433174 0.526721 0.434835 0.525413 0.436390 0.525608 0.441369 0.521683 0.441474 0.520181 0.446454 0.516256 0.452675 0.517033 0.453300 0.508018
0 0.673146 0.256629 0.672521 0.265644 0.678743 0.266421 0.684548 0.273209 0.686104 0.273403 0.687555 0.275100 0.687138 0.281110 0.707359 0.283636 0.707880 0.276123 0.703214 0.275540 0.701762 0.273843 0.701971 0.270838 0.700520 0.269142 0.700729 0.266137 0.699277 0.264440 0.699590 0.259933
0 0.151609 0.537014 0.150567 0.552039 0.158344 0.553010 0.160004 0.551702 0.180225 0.554228 0.181164 0.540706
0 0.479686 0.538849 0.468089 0.533852 0.468995 0.547274 0.474460 0.547957
1 0.158913 0.528060 0.246222 0.540741 0.242813 0.563386 0.228531 0.597093 0.213344 0.617380 0.186200 0.624637 0.167990 0.609052 0.155138 0.555983 0.153510 0.526499
1 0.493362 0.500629 0.460611 0.562198 0.478520 0.568873 0.518410 0.576516 0.555873 0.579422 0.589330 0.573841 0.593889 0.561100 0.584847 0.545775 0.540777 0.518974 0.506051 0.503102
