1 0.881798 0.787240 0.879202 0.783369 0.877688 0.783089 0.875092 0.779218 0.873579 0.778939 0.870983 0.775067 0.869470 0.774788 0.866873 0.770916 0.865360 0.770637 0.861465 0.764828 0.859952 0.764549 0.857356 0.760677 0.855843 0.760398 0.854544 0.758462 0.853031 0.758183 0.850434 0.754310 0.847409 0.753753 0.846110 0.751817 0.844597 0.751538 0.843299 0.749602 0.841786 0.749323 0.840488 0.747387 0.838975 0.747108 0.837676 0.745171 0.836164 0.744893 0.834865 0.742957 0.833353 0.742678 0.829456 0.736868 0.827944 0.736590 0.824047 0.730780 0.822535 0.730502 0.818638 0.724691 0.818852 0.723033 0.817552 0.721096 0.818192 0.716120 0.816893 0.714182 0.817533 0.709205 0.816234 0.707267 0.816874 0.702289 0.815575 0.700351 0.816001 0.697032 0.814702 0.695094 0.814915 0.693434 0.813615 0.691496 0.814042 0.688175 0.812742 0.686237 0.812955 0.684577 0.811656 0.682638 0.811869 0.680977 0.810569 0.679039 0.810782 0.677378 0.809482 0.675439 0.809909 0.672117 0.808609 0.670179 0.810742 0.653562 0.812469 0.652178 0.812896 0.648853 0.814623 0.647468 0.814836 0.645805 0.816564 0.644420 0.816778 0.642757 0.818505 0.641372 0.818932 0.638046 0.820661 0.636660 0.820874 0.634997 0.822603 0.633611 0.822816 0.631947 0.824545 0.630561 0.824973 0.627234 0.826701 0.625847 0.826915 0.624183 0.828644 0.622796 0.828858 0.621132 0.830587 0.619745 0.830801 0.618081 0.832531 0.616693 0.832745 0.615029 0.844855 0.605313 0.846371 0.605591 0.849833 0.602814 0.851349 0.603091 0.858274 0.597536 0.859791 0.597813 0.861523 0.596423 0.863040 0.596700 0.866504 0.593922 0.868021 0.594199 0.871486 0.591420 0.873003 0.591697 0.876469 0.588917 0.877986 0.589194 0.881453 0.586414 0.882971 0.586691 0.886438 0.583910 0.887956 0.584187 0.891424 0.581406 0.892943 0.581683 0.894677 0.580293 0.896195 0.580570 0.901400 0.576397 0.902049 0.571392 0.923316 0.575269 0.895418 0.789754 0.881798 0.787240
1 0.667385 0.354354 0.665659 0.355755 0.665030 0.360779 0.663305 0.362180 0.661837 0.373899 0.660112 0.375299 0.656970 0.400394 0.655246 0.401792 0.651479 0.431876 0.649757 0.433272 0.648294 0.444962 0.646572 0.446358 0.644274 0.464718 0.642553 0.466111 0.634420 0.531111 0.632701 0.532500 0.631660 0.540823 0.622600 0.539169 0.623224 0.534176 0.619318 0.528356 0.617808 0.528081 0.611297 0.518380 0.609787 0.518105 0.604578 0.510343 0.603068 0.510068 0.599161 0.504246 0.597651 0.503971 0.589836 0.492327 0.588326 0.492052 0.579207 0.478465 0.577697 0.478190 0.568576 0.464600 0.567066 0.464326 0.559247 0.452676 0.559453 0.451009 0.556846 0.447125 0.557052 0.445457 0.555749 0.443515 0.556780 0.435175 0.555476 0.433232 0.556095 0.428227 0.554791 0.426284 0.555410 0.421278 0.554106 0.419334 0.554518 0.415996 0.553214 0.414053 0.553421 0.412384 0.552116 0.410440 0.552529 0.407101 0.551225 0.405157 0.551637 0.401818 0.550333 0.399874 0.550539 0.398204 0.549234 0.396260 0.544703 0.395439 0.547794 0.370376 0.552328 0.371196 0.555763 0.368400 0.556176 0.365056 0.557894 0.363657 0.558100 0.361985 0.559819 0.360586 0.560025 0.358914 0.561744 0.357515 0.562157 0.354170 0.563876 0.352770 0.564289 0.349424 0.566008 0.348024 0.566422 0.344678 0.568141 0.343278 0.568555 0.339931 0.570274 0.338530 0.570481 0.336857 0.572201 0.335456 0.572408 0.333782 0.574128 0.332381 0.574335 0.330707 0.576055 0.329305 0.576469 0.325957 0.581631 0.321751 0.581838 0.320077 0.592166 0.311663 0.593680 0.311935 0.598846 0.307727 0.600360 0.308000 0.608973 0.300983 0.610488 0.301256 0.613935 0.298448 0.615450 0.298721 0.624069 0.291699 0.625585 0.291972 0.635934 0.283543 0.637450 0.283815 0.644353 0.278193 0.645869 0.278466 0.652775 0.272842 0.654292 0.273114 0.669839 0.260453 0.670469 0.255412 0.684133 0.257866 0.671932 0.355175 0.667385 0.354354
1 0.828050 0.361054 0.829571 0.361328 0.830878 0.363281 0.833920 0.363829 0.835226 0.365782 0.836747 0.366056 0.838053 0.368008 0.841096 0.368557 0.842402 0.370510 0.843923 0.370784 0.845229 0.372737 0.846751 0.373011 0.848057 0.374963 0.849578 0.375238 0.850884 0.377190 0.852406 0.377465 0.853712 0.379417 0.855233 0.379692 0.861763 0.389452 0.861547 0.391129 0.862853 0.393081 0.862637 0.394759 0.863942 0.396710 0.863727 0.398387 0.865032 0.400339 0.864816 0.402016 0.866122 0.403967 0.870686 0.404792 0.863566 0.460070 0.859006 0.459243 0.855535 0.462039 0.855320 0.463712 0.851850 0.466507 0.851635 0.468180 0.849901 0.469577 0.849685 0.471250 0.844483 0.475441 0.844268 0.477113 0.842534 0.478509 0.842319 0.480181 0.838852 0.482974 0.838638 0.484646 0.831706 0.490228 0.830187 0.489953 0.828455 0.491348 0.826937 0.491072 0.825205 0.492468 0.823687 0.492192 0.821955 0.493587 0.817402 0.492760 0.815670 0.494155 0.811118 0.493328 0.809386 0.494722 0.806352 0.494171 0.804621 0.495566 0.801587 0.495014 0.799856 0.496409 0.796823 0.495857 0.795092 0.497252 0.792059 0.496700 0.790329 0.498095 0.785779 0.497268 0.784050 0.498662 0.781017 0.498111 0.779288 0.499505 0.777772 0.499229 0.776043 0.500623 0.775405 0.505631 0.769342 0.504528 0.770192 0.497851 0.768889 0.495905 0.769314 0.492566 0.768011 0.490621 0.769073 0.482270 0.770802 0.480875 0.782730 0.387184 0.784462 0.385782 0.785530 0.377402 0.787262 0.376000 0.788330 0.367617 0.790063 0.366214 0.791559 0.354473 0.793292 0.353069 0.794147 0.346358 0.826082 0.352114 0.825438 0.357149 0.828050 0.361054
0 0.544973 0.592962 0.543262 0.594346 0.541756 0.594070 0.538334 0.596837 0.536829 0.596561 0.533408 0.599327 0.531902 0.599052 0.528482 0.601818 0.526977 0.601542 0.523557 0.604307 0.522943 0.609282 0.482332 0.601834 0.484570 0.583592 0.490587 0.584695 0.492295 0.583311 0.495304 0.583862 0.497012 0.582479 0.498516 0.582754 0.500225 0.581371 0.503234 0.581922 0.504943 0.580538 0.507953 0.581089 0.509662 0.579706 0.511167 0.579981 0.512877 0.578597 0.514382 0.578873 0.516091 0.577489 0.517597 0.577764 0.519307 0.576380 0.520812 0.576656 0.525943 0.572502 0.527449 0.572777 0.530870 0.570008 0.531486 0.565026 0.552575 0.568884 0.549491 0.593790 0.544973 0.592962
0 0.793366 0.168929 0.794890 0.169201 0.796200 0.171160 0.800773 0.171977 0.797555 0.197280 0.792984 0.196463 0.791247 0.197876 0.788200 0.197332 0.784725 0.200159 0.783202 0.199886 0.781465 0.201300 0.779942 0.201027 0.778205 0.202441 0.776682 0.202168 0.774945 0.203581 0.773423 0.203309 0.771686 0.204722 0.768641 0.204177 0.766905 0.205590 0.762338 0.204773 0.760602 0.206186 0.746904 0.203735 0.744286 0.199821 0.742764 0.199549 0.741455 0.197592 0.739933 0.197319 0.737315 0.193405 0.735793 0.193133 0.731866 0.187261 0.725779 0.186173 0.730451 0.149076 0.791389 0.159946 0.790746 0.165009 0.793366 0.168929
0 0.054310 0.548638 0.055800 0.548912 0.058398 0.552762 0.064359 0.553857 0.060161 0.590166 0.054205 0.589070 0.052525 0.590445 0.051036 0.590171 0.045999 0.594296 0.044511 0.594022 0.042832 0.595396 0.039855 0.594848 0.031465 0.601720 0.030895 0.606664 0.000000 0.600359 0.004813 0.529432 0.050983 0.537907 0.050412 0.542863 0.054310 0.548638
0 0.359406 0.653697 0.356011 0.656450 0.354513 0.656174 0.352816 0.657550 0.351318 0.657275 0.349621 0.658651 0.346626 0.658099 0.341536 0.662227 0.340039 0.661951 0.338343 0.663326 0.336846 0.663050 0.335150 0.664426 0.334554 0.669379 0.297146 0.662483 0.297739 0.657530 0.295143 0.653677 0.293647 0.653401 0.289752 0.647621 0.288256 0.647346 0.286958 0.645419 0.280975 0.644316 0.283737 0.621190 0.366097 0.636342 0.363900 0.654525 0.359406 0.653697
0 0.288112 0.610170 0.286418 0.611548 0.283425 0.610998 0.278344 0.615131 0.276848 0.614856 0.275155 0.616233 0.273659 0.615958 0.270273 0.618713 0.269682 0.623670 0.229316 0.616241 0.229903 0.611286 0.223409 0.601651 0.221914 0.601376 0.219316 0.597522 0.213338 0.596422 0.215878 0.574934 0.298167 0.590045 0.295596 0.611546 0.288112 0.610170
0 0.341875 0.237481 0.346396 0.238294 0.342990 0.266743 0.338471 0.265928 0.335059 0.268730 0.334859 0.270403 0.333153 0.271803 0.332953 0.273476 0.331248 0.274876 0.330848 0.278220 0.327437 0.281020 0.325932 0.280748 0.324227 0.282148 0.321615 0.278262 0.320110 0.277990 0.314886 0.270217 0.315086 0.268545 0.311168 0.262715 0.309662 0.262443 0.309862 0.260771 0.307249 0.256883 0.302733 0.256070 0.304923 0.237668 0.309441 0.238481 0.317968 0.231468 0.318567 0.226446 0.341169 0.230512 0.340568 0.235535 0.341875 0.237481
0 0.116832 0.691487 0.110110 0.696966 0.109534 0.701900 0.082751 0.696942 0.083515 0.690364 0.082219 0.688444 0.084321 0.670347 0.086000 0.668976 0.086192 0.667331 0.089551 0.664589 0.090125 0.659650 0.124376 0.665977 0.121299 0.692314 0.116832 0.691487
1 0.765346 0.462790 0.763617 0.464186 0.762555 0.472541 0.763859 0.474487 0.768407 0.475313 0.767132 0.485335 0.762584 0.484509 0.760856 0.485903 0.759370 0.497591 0.757642 0.498984 0.755733 0.514003 0.754006 0.515396 0.752946 0.523736 0.751219 0.525128 0.750795 0.528463 0.749069 0.529854 0.748433 0.534856 0.737835 0.532925 0.738469 0.527923 0.735864 0.524037 0.732836 0.523485 0.731533 0.521542 0.728505 0.520991 0.727203 0.519048 0.725689 0.518772 0.724386 0.516829 0.721358 0.516277 0.720056 0.514334 0.717028 0.513783 0.715726 0.511840 0.712698 0.511289 0.711395 0.509345 0.706855 0.508519 0.705552 0.506576 0.701012 0.505749 0.699709 0.503806 0.696683 0.503255 0.694077 0.499369 0.692563 0.499094 0.686048 0.489377 0.686258 0.487709 0.684955 0.485765 0.685165 0.484097 0.683862 0.482153 0.684072 0.480485 0.682769 0.478541 0.682979 0.476872 0.681675 0.474929 0.681885 0.473260 0.680582 0.471316 0.680792 0.469647 0.679488 0.467702 0.679698 0.466033 0.678395 0.464089 0.678604 0.462420 0.675997 0.458531 0.676207 0.456861 0.674903 0.454917 0.675113 0.453247 0.673809 0.451302 0.674019 0.449632 0.672715 0.447687 0.668174 0.446863 0.670271 0.430158 0.674813 0.430981 0.676537 0.429585 0.676747 0.427914 0.680196 0.425120 0.680406 0.423448 0.682131 0.422051 0.682341 0.420380 0.687516 0.416187 0.687726 0.414515 0.689451 0.413117 0.689662 0.411445 0.694839 0.407250 0.695049 0.405577 0.696775 0.404179 0.696986 0.402506 0.709073 0.392712 0.710589 0.392986 0.712316 0.391586 0.716866 0.392409 0.718593 0.391009 0.720110 0.391284 0.721838 0.389884 0.724872 0.390432 0.726600 0.389032 0.729634 0.389581 0.731362 0.388181 0.732879 0.388455 0.734608 0.387054 0.736126 0.387329 0.737855 0.385928 0.742407 0.386751 0.745866 0.383950 0.746503 0.378924 0.779906 0.384959 0.769896 0.463616 0.765346 0.462790
0 0.180869 0.129866 0.179561 0.127920 0.176554 0.127381 0.173937 0.123489 0.172433 0.123220 0.171125 0.121274 0.169621 0.121005 0.164388 0.113220 0.162884 0.112951 0.158959 0.107112 0.154448 0.106305 0.155813 0.094562 0.196433 0.101828 0.192902 0.132022 0.180869 0.129866
0 0.315824 0.184883 0.308997 0.190505 0.308399 0.195533 0.290321 0.192286 0.290918 0.187259 0.285687 0.179474 0.284181 0.179203 0.280258 0.173364 0.278752 0.173093 0.276136 0.169200 0.270112 0.168119 0.272294 0.149674 0.325052 0.159129 0.321853 0.185965 0.315824 0.184883
0 0.359563 0.269731 0.359362 0.271403 0.360668 0.273348 0.366696 0.274435 0.362679 0.307871 0.331062 0.302159 0.331861 0.295477 0.330555 0.293534 0.330755 0.291863 0.328144 0.287977 0.323628 0.287162 0.324426 0.280477 0.328943 0.281291 0.330648 0.279891 0.330848 0.278220 0.332553 0.276819 0.332753 0.275148 0.334459 0.273747 0.334859 0.270403 0.338271 0.267601 0.338671 0.264256 0.340378 0.262855 0.340978 0.257836 0.357552 0.260822 0.356950 0.265842 0.359563 0.269731
0 0.473893 0.633305 0.474705 0.626679 0.479212 0.627506 0.480919 0.626128 0.482140 0.616187 0.485553 0.613425 0.487055 0.613700 0.488762 0.612319 0.490265 0.612595 0.493680 0.609830 0.494292 0.604858 0.524378 0.610376 0.520491 0.641867 0.473893 0.633305
0 0.492033 0.245659 0.490316 0.247064 0.487292 0.246520 0.485985 0.244572 0.484473 0.244300 0.480552 0.238454 0.479040 0.238182 0.472503 0.228437 0.470992 0.228166 0.469684 0.226216 0.468172 0.225945 0.466865 0.223996 0.467273 0.220640 0.465966 0.218691 0.461431 0.217877 0.462451 0.209486 0.466987 0.210300 0.468703 0.208893 0.469111 0.205536 0.472544 0.202721 0.474057 0.202993 0.477491 0.200177 0.477695 0.198498 0.481130 0.195682 0.482642 0.195953 0.484360 0.194545 0.485179 0.187826 0.506367 0.191623 0.499593 0.247018 0.492033 0.245659
0 0.403634 0.185216 0.404444 0.178502 0.403135 0.176553 0.398604 0.175740 0.400020 0.163987 0.404552 0.164799 0.409692 0.160572 0.411204 0.160843 0.412917 0.159433 0.413526 0.154393 0.436201 0.158452 0.432339 0.190364 0.403634 0.185216
0 0.885584 0.228545 0.883841 0.229958 0.882315 0.229685 0.877087 0.233924 0.875561 0.233651 0.873819 0.235064 0.870768 0.234518 0.869026 0.235931 0.868377 0.240987 0.863801 0.240168 0.864450 0.235112 0.863141 0.233153 0.855516 0.231788 0.854207 0.229830 0.851157 0.229284 0.848539 0.225367 0.847014 0.225094 0.840469 0.215300 0.841979 0.203495 0.895388 0.213041 0.893215 0.229910 0.885584 0.228545
0 0.087465 0.195104 0.085773 0.196505 0.070785 0.193807 0.068172 0.189926 0.066673 0.189656 0.064060 0.185775 0.059565 0.184966 0.061100 0.171595 0.065596 0.172404 0.070670 0.168197 0.072169 0.168466 0.073861 0.167064 0.074438 0.162047 0.096935 0.166089 0.093462 0.196183 0.087465 0.195104
0 0.427663 0.343518 0.422533 0.347711 0.421926 0.352720 0.391793 0.347266 0.392397 0.342258 0.388483 0.336431 0.386976 0.336158 0.384367 0.332273 0.379848 0.331456 0.381256 0.319764 0.434011 0.329298 0.432186 0.344336 0.427663 0.343518
0 0.449935 0.778399 0.450541 0.773455 0.447948 0.769604 0.446450 0.769327 0.445153 0.767401 0.446162 0.759159 0.473146 0.764152 0.470917 0.782286 0.449935 0.778399
0 0.686150 0.154966 0.690713 0.155780 0.686701 0.187799 0.660867 0.183178 0.661497 0.178126 0.660188 0.176170 0.660398 0.174486 0.657780 0.170573 0.653222 0.169759 0.654692 0.157965 0.659251 0.158779 0.660982 0.157365 0.661192 0.155680 0.668114 0.150023 0.668746 0.144964 0.685474 0.147950 0.684840 0.153008 0.686150 0.154966
0 0.352880 0.491639 0.351179 0.493025 0.349677 0.492751 0.347976 0.494138 0.344974 0.493590 0.343273 0.494976 0.310259 0.488948 0.308957 0.487014 0.304457 0.486193 0.303155 0.484259 0.300155 0.483711 0.298854 0.481777 0.297354 0.481503 0.296052 0.479569 0.294552 0.479295 0.293251 0.477361 0.288751 0.476540 0.290731 0.459932 0.361288 0.472797 0.358887 0.492735 0.352880 0.491639
0 0.462117 0.161374 0.462730 0.156331 0.457494 0.148523 0.458107 0.143478 0.456798 0.141526 0.452258 0.140714 0.453278 0.132305 0.457818 0.133116 0.459536 0.131704 0.459740 0.130022 0.461458 0.128609 0.462275 0.121878 0.483473 0.125664 0.478762 0.164353 0.462117 0.161374
0 0.128504 0.408317 0.129278 0.401674 0.127975 0.399741 0.126479 0.399469 0.123874 0.395602 0.122378 0.395330 0.119773 0.391463 0.118277 0.391191 0.116974 0.389258 0.115479 0.388986 0.114176 0.387052 0.111185 0.386508 0.109882 0.384575 0.103900 0.383487 0.105248 0.371855 0.145649 0.379199 0.141968 0.410769 0.128504 0.408317
0 0.148618 0.432326 0.149200 0.427347 0.146596 0.423482 0.145100 0.423209 0.141193 0.417411 0.136705 0.416593 0.137673 0.408291 0.142161 0.409108 0.143851 0.407720 0.144820 0.399414 0.167272 0.403500 0.163579 0.435054 0.148618 0.432326
0 0.728893 0.358604 0.721977 0.364212 0.714391 0.362842 0.713085 0.360892 0.711568 0.360618 0.711779 0.358943 0.710473 0.356993 0.714488 0.325137 0.737262 0.329240 0.733446 0.359426 0.728893 0.358604
0 0.048996 0.290320 0.047309 0.291714 0.044318 0.291172 0.042631 0.292567 0.042058 0.297561 0.031593 0.295665 0.035981 0.257359 0.061419 0.261956 0.057970 0.291945 0.048996 0.290320
0 0.592694 0.157220 0.593318 0.152167 0.592009 0.150212 0.587456 0.149399 0.588913 0.137607 0.611686 0.141672 0.609389 0.160203 0.592694 0.157220
0 0.679965 0.303477 0.687338 0.244691 0.704048 0.247689 0.696657 0.306482 0.679965 0.303477
0 0.921790 0.347013 0.922443 0.341970 0.919829 0.338059 0.912206 0.336687 0.914382 0.319871 0.931159 0.322887 0.927889 0.348111 0.921790 0.347013
0 0.269949 0.736644 0.268653 0.734721 0.264174 0.733892 0.265156 0.725660 0.287559 0.729806 0.286376 0.739686 0.269949 0.736644
0 0.199832 0.256289 0.198527 0.254348 0.192521 0.253264 0.193499 0.244912 0.210020 0.247891 0.208843 0.257914 0.199832 0.256289
0 0.278083 0.347126 0.276779 0.345186 0.275276 0.344914 0.272668 0.341036 0.268161 0.340219 0.268952 0.333550 0.291491 0.337631 0.290102 0.349304 0.278083 0.347126
0 0.524340 0.234319 0.524134 0.235997 0.525442 0.237947 0.531495 0.239035 0.526964 0.275933 0.522427 0.275116 0.520709 0.276519 0.519197 0.276247 0.514044 0.280458 0.512532 0.280185 0.510815 0.281589 0.510609 0.283264 0.508892 0.284667 0.507381 0.284395 0.503947 0.287200 0.503742 0.288875 0.500310 0.291680 0.488221 0.289501 0.484302 0.283661 0.478259 0.282572 0.478668 0.279222 0.483200 0.280039 0.484916 0.278636 0.485939 0.270259 0.489371 0.267452 0.489575 0.265776 0.493008 0.262968 0.493213 0.261292 0.494929 0.259888 0.495544 0.254859 0.497261 0.253454 0.500132 0.229971 0.501850 0.228565 0.503081 0.218494 0.519727 0.221482 0.519110 0.226518 0.524340 0.234319
0 0.189000 0.283311 0.190369 0.271630 0.206882 0.274612 0.205510 0.286295 0.189000 0.283311
0 0.197812 0.520903 0.198982 0.510966 0.209454 0.512882 0.208282 0.522821 0.197812 0.520903
0 0.338487 0.534802 0.339085 0.529827 0.337784 0.527894 0.338183 0.524576 0.336882 0.522643 0.332381 0.521820 0.333178 0.515184 0.355688 0.519299 0.353490 0.537548 0.338487 0.534802
0 0.270412 0.372968 0.271796 0.361308 0.288318 0.364304 0.286930 0.375966 0.270412 0.372968
0 0.391046 0.468026 0.389743 0.466089 0.388240 0.465815 0.386937 0.463878 0.382428 0.463056 0.383231 0.456404 0.399771 0.459416 0.398563 0.469396 0.391046 0.468026
0 0.879441 0.817322 0.878143 0.815388 0.876631 0.815108 0.874036 0.811239 0.869499 0.810401 0.870358 0.803780 0.886996 0.806854 0.885490 0.818440 0.879441 0.817322
0 0.811624 0.791236 0.813115 0.779650 0.822181 0.781324 0.820689 0.792911 0.811624 0.791236
0 0.344488 0.535900 0.345086 0.530925 0.343785 0.528992 0.340784 0.528443 0.338183 0.524576 0.339179 0.516281 0.355688 0.519299 0.353490 0.537548 0.344488 0.535900
0 0.923750 0.512082 0.924620 0.505393 0.923316 0.503444 0.924620 0.493408 0.933749 0.495065 0.931356 0.513464 0.923750 0.512082
0 0.700708 0.286611 0.702186 0.274853 0.712818 0.276764 0.711337 0.288522 0.700708 0.286611
0 0.494587 0.539595 0.492878 0.540981 0.491372 0.540706 0.489663 0.542092 0.488158 0.541817 0.486857 0.539881 0.485352 0.539606 0.484051 0.537669 0.484254 0.536008 0.482953 0.534072 0.478438 0.533247 0.488425 0.451727 0.492947 0.452550 0.494658 0.451158 0.496293 0.437826 0.498005 0.436433 0.499641 0.423094 0.514726 0.425833 0.500609 0.540696 0.494587 0.539595
0 0.270412 0.372968 0.271796 0.361308 0.288318 0.364304 0.286930 0.375966 0.270412 0.372968
0 0.742435 0.562484 0.759475 0.496828 0.767872 0.499227 0.754466 0.567290 0.742435 0.562484
0 0.625506 0.582797 0.643145 0.517425 0.650640 0.520531 0.634984 0.588868 0.625506 0.582797
0 0.610678 0.606956 0.621702 0.543921 0.630281 0.544619 0.617709 0.607378 0.610678 0.606956
