1 0.788613 0.570374 0.787813 0.575681 0.789275 0.577772 0.789008 0.579542 0.791935 0.583722 0.798856 0.585001 0.791919 0.631111 0.786719 0.630152 0.780715 0.634524 0.780447 0.636301 0.778445 0.637760 0.778177 0.639537 0.774170 0.642455 0.773902 0.644233 0.771899 0.645691 0.771630 0.647471 0.769625 0.648931 0.769356 0.650710 0.767353 0.652169 0.767083 0.653950 0.761068 0.658333 0.760798 0.660113 0.754778 0.664499 0.754508 0.666280 0.742460 0.675058 0.737246 0.674100 0.735236 0.675563 0.731759 0.674924 0.729748 0.676389 0.728932 0.681741 0.729748 0.676389 0.723883 0.667977 0.718667 0.667017 0.717201 0.664914 0.715462 0.664595 0.712531 0.660390 0.710791 0.660070 0.709326 0.657968 0.705849 0.657329 0.704384 0.655227 0.702645 0.654908 0.698250 0.648602 0.693034 0.647642 0.691570 0.645542 0.689831 0.645222 0.688367 0.643120 0.686628 0.642800 0.685164 0.640699 0.683425 0.640379 0.681961 0.638278 0.680222 0.637958 0.678758 0.635857 0.677020 0.635537 0.675556 0.633437 0.673817 0.633116 0.672354 0.631017 0.668877 0.630376 0.665950 0.626175 0.664212 0.625855 0.661286 0.621657 0.659548 0.621336 0.658085 0.619236 0.656346 0.618916 0.654884 0.616816 0.653145 0.616496 0.651683 0.614397 0.649943 0.614077 0.648482 0.611977 0.646743 0.611657 0.645281 0.609559 0.641804 0.608918 0.640343 0.606820 0.638603 0.606499 0.635681 0.602301 0.633942 0.601981 0.632481 0.599883 0.632759 0.598107 0.636236 0.598748 0.638253 0.597291 0.639991 0.597612 0.642007 0.596157 0.643744 0.596477 0.645759 0.595021 0.647497 0.595341 0.649511 0.593885 0.652987 0.594527 0.655001 0.593072 0.658475 0.593713 0.660489 0.592259 0.662226 0.592579 0.664239 0.591124 0.667711 0.591765 0.669724 0.590310 0.671460 0.590630 0.673472 0.589177 0.675208 0.589497 0.677219 0.588044 0.680691 0.588685 0.682700 0.587230 0.686172 0.587871 0.688182 0.586417 0.691653 0.587058 0.693662 0.585605 0.695397 0.585925 0.697406 0.584472 0.700875 0.585113 0.702882 0.583660 0.706351 0.584301 0.708358 0.582849 0.711827 0.583490 0.713833 0.582037 0.715567 0.582357 0.717573 0.580904 0.721040 0.581545 0.723044 0.580094 0.728245 0.581055 0.730250 0.579604 0.733716 0.580244 0.735719 0.578792 0.737452 0.579112 0.739454 0.577662 0.742919 0.578302 0.744921 0.576851 0.746654 0.577171 0.748656 0.575720 0.752120 0.576360 0.754121 0.574910 0.757584 0.575550 0.759584 0.574101 0.763046 0.574741 0.765047 0.573290 0.766778 0.573611 0.768777 0.572160 0.769582 0.566852
0 0.778222 0.416470 0.777423 0.421722 0.781789 0.427940 0.783511 0.428261 0.787879 0.434481 0.793044 0.435444 0.786931 0.475804 0.781758 0.474842 0.759836 0.490659 0.758109 0.490338 0.752123 0.494657 0.750397 0.494336 0.746404 0.497217 0.745596 0.502502 0.726586 0.498973 0.727397 0.493687 0.725940 0.491604 0.722483 0.490962 0.721026 0.488881 0.719297 0.488560 0.717840 0.486478 0.716113 0.486157 0.714655 0.484075 0.712927 0.483754 0.711470 0.481672 0.709742 0.481351 0.705372 0.475108 0.703643 0.474787 0.702187 0.472706 0.702459 0.470947 0.699547 0.466786 0.697820 0.466465 0.691997 0.458145 0.692269 0.456388 0.687905 0.450151 0.688178 0.448393 0.685269 0.444237 0.680087 0.443272 0.682817 0.425718 0.687995 0.426683 0.691992 0.423819 0.692264 0.422065 0.694261 0.420634 0.695987 0.420955 0.705970 0.413799 0.707694 0.414121 0.713679 0.409830 0.714490 0.404577
1 0.690654 0.639878 0.689557 0.647002 0.691022 0.649103 0.692760 0.649423 0.695690 0.653628 0.697428 0.653948 0.698894 0.656049 0.702371 0.656689 0.706767 0.662996 0.708507 0.663315 0.709972 0.665419 0.713450 0.666058 0.714916 0.668162 0.716656 0.668482 0.718121 0.670584 0.719861 0.670904 0.721327 0.673006 0.724804 0.673646 0.726270 0.675749 0.729748 0.676389 0.731215 0.678493 0.732954 0.678812 0.734421 0.680915 0.736160 0.681235 0.737627 0.683338 0.741104 0.683977 0.742571 0.686082 0.746049 0.686721 0.747517 0.688825 0.749256 0.689145 0.750723 0.691249 0.754200 0.691887 0.755669 0.693992 0.757407 0.694312 0.758875 0.696416 0.762352 0.697054 0.763821 0.699159 0.767297 0.699797 0.770235 0.704008 0.773712 0.704646 0.775180 0.706751 0.776919 0.707070 0.778389 0.709175 0.780127 0.709494 0.781596 0.711600 0.786811 0.712558 0.784932 0.725070 0.777976 0.723794 0.775968 0.725264 0.774228 0.724944 0.772219 0.726413 0.770480 0.726095 0.768470 0.727565 0.766730 0.727246 0.764721 0.728717 0.762980 0.728398 0.756947 0.732809 0.753466 0.732171 0.751454 0.733642 0.749714 0.733323 0.743675 0.737738 0.741934 0.737419 0.739920 0.738891 0.736436 0.738253 0.734422 0.739726 0.732680 0.739407 0.728650 0.742352 0.725165 0.741714 0.723150 0.743188 0.721406 0.742868 0.719389 0.744341 0.717647 0.744022 0.713613 0.746970 0.711870 0.746651 0.709852 0.748125 0.706364 0.747487 0.704346 0.748961 0.702602 0.748641 0.700582 0.750115 0.698838 0.749796 0.696819 0.751272 0.693329 0.750633 0.691309 0.752109 0.689565 0.751790 0.687544 0.753264 0.685799 0.752945 0.681756 0.755896 0.678265 0.755258 0.676243 0.756734 0.672751 0.756095 0.668705 0.759049 0.666959 0.758730 0.664935 0.760206 0.659694 0.759248 0.657671 0.760724 0.655923 0.760405 0.651874 0.763360 0.650126 0.763040 0.648100 0.764519 0.644604 0.763880 0.642578 0.765359 0.639081 0.764720 0.635027 0.767676 0.633279 0.767356 0.631250 0.768835 0.627752 0.768197 0.625723 0.769676 0.620476 0.768718 0.619007 0.766599 0.620688 0.755813 0.622717 0.754336 0.623837 0.747151 0.625864 0.745675 0.626983 0.738495 0.629010 0.737019 0.629569 0.733432 0.631594 0.731957 0.632711 0.724785 0.634736 0.723311 0.636130 0.714352 0.638155 0.712880 0.638712 0.709300 0.640734 0.707828 0.641569 0.702458 0.643592 0.700989 0.644426 0.695621 0.646447 0.694152 0.647836 0.685212 0.649857 0.683745 0.651244 0.674813 0.653263 0.673346 0.654372 0.666205 0.656390 0.664741 0.657773 0.655821 0.659791 0.654357 0.660897 0.647227 0.662913 0.645764 0.664570 0.635076
0 0.846196 0.494053 0.845147 0.501086 0.846607 0.503166 0.848329 0.503486 0.852713 0.509724 0.859606 0.511005 0.853319 0.553300 0.848142 0.552340 0.840183 0.558123 0.838457 0.557803 0.834476 0.560695 0.832749 0.560375 0.830758 0.561822 0.827304 0.561182 0.823320 0.564076 0.821591 0.563756 0.819599 0.565204 0.816143 0.564564 0.814149 0.566012 0.812421 0.565692 0.810428 0.567140 0.808699 0.566820 0.806705 0.568267 0.804976 0.567947 0.802981 0.569396 0.801252 0.569076 0.799257 0.570525 0.797527 0.570204 0.795531 0.571654 0.794731 0.576961 0.784351 0.575041 0.785153 0.569733 0.783691 0.567644 0.781960 0.567324 0.780498 0.565236 0.778768 0.564915 0.777306 0.562826 0.775577 0.562506 0.772653 0.558330 0.770922 0.558010 0.756310 0.537137 0.756579 0.535371 0.747819 0.522858 0.748088 0.521094 0.746629 0.519009 0.739714 0.517726 0.742410 0.500098 0.747593 0.501060 0.749590 0.499620 0.749859 0.497858 0.753850 0.494978 0.755577 0.495299 0.765551 0.488103 0.767277 0.488423 0.769270 0.486984 0.770339 0.479949
0 0.194395 0.475073 0.193166 0.482174 0.196058 0.486374 0.197811 0.486698 0.199257 0.488798 0.204515 0.489769 0.195612 0.541377 0.188588 0.540083 0.167927 0.554690 0.166170 0.554366 0.164101 0.555829 0.162861 0.562972 0.136471 0.558119 0.137406 0.552760 0.134512 0.548542 0.132752 0.548218 0.131305 0.546108 0.129545 0.545784 0.123757 0.537350 0.121998 0.537026 0.120552 0.534917 0.120865 0.533133 0.117972 0.528918 0.112694 0.527946 0.116137 0.508339 0.121411 0.509311 0.129688 0.503485 0.130000 0.501706 0.132069 0.500250 0.133315 0.493133 0.135382 0.491677 0.136316 0.486343 0.138382 0.484889 0.138693 0.483112 0.140759 0.481659 0.141070 0.479882 0.149330 0.474073 0.150570 0.466971
0 0.138733 0.420866 0.137492 0.427947 0.138933 0.430043 0.140685 0.430367 0.143570 0.434557 0.145322 0.434882 0.149649 0.441170 0.154905 0.442143 0.149330 0.474073 0.144068 0.473101 0.135805 0.478910 0.135494 0.480686 0.133738 0.480362 0.127537 0.484723 0.125781 0.484398 0.123712 0.485852 0.118444 0.484880 0.116376 0.486333 0.114618 0.486009 0.106339 0.491828 0.095793 0.489882 0.094349 0.487778 0.090835 0.487130 0.085061 0.478716 0.083304 0.478392 0.074649 0.465778 0.075594 0.460447 0.074153 0.458347 0.075098 0.453019 0.073656 0.450918 0.068387 0.449944 0.070594 0.437522 0.075861 0.438497 0.082072 0.434151 0.082386 0.432379 0.100995 0.419358 0.101934 0.414046
0 0.477143 0.762932 0.472204 0.793601 0.466931 0.792641 0.444370 0.809003 0.443491 0.814430 0.438210 0.813470 0.439089 0.808043 0.436157 0.803785 0.434397 0.803465 0.421204 0.784315 0.421499 0.782509 0.418569 0.778256 0.418863 0.776451 0.417398 0.774325 0.412120 0.773363 0.413594 0.764339 0.418870 0.765301 0.422974 0.762335 0.424444 0.753319
0 0.575175 0.487208 0.574052 0.494270 0.575506 0.496357 0.577242 0.496679 0.578696 0.498767 0.583903 0.499732 0.579694 0.526252 0.574482 0.525287 0.572464 0.526736 0.570726 0.526415 0.568708 0.527863 0.566971 0.527541 0.564950 0.528991 0.563213 0.528669 0.561192 0.530119 0.559455 0.529797 0.557434 0.531246 0.550480 0.529959 0.548457 0.531408 0.541503 0.530122 0.540047 0.528029 0.534829 0.527064 0.533374 0.524972 0.531636 0.524651 0.528726 0.520464 0.526986 0.520143 0.524077 0.515958 0.522338 0.515636 0.517975 0.509362 0.516236 0.509040 0.514783 0.506948 0.513044 0.506626 0.511590 0.504535 0.506372 0.503569 0.507800 0.494727 0.514755 0.496016 0.520823 0.491679 0.522560 0.492001 0.528626 0.487666 0.530363 0.487988 0.532384 0.486544 0.533518 0.479481
0 0.330640 0.728778 0.324631 0.764869 0.319341 0.763906 0.317277 0.765391 0.315515 0.765070 0.311384 0.768044 0.309620 0.767723 0.305487 0.770695 0.303724 0.770374 0.297522 0.774837 0.295757 0.774516 0.293688 0.776005 0.291923 0.775683 0.287786 0.778659 0.286020 0.778338 0.275670 0.785784 0.274757 0.791219 0.250013 0.786722 0.251237 0.779475 0.243934 0.768818 0.238633 0.767853 0.241700 0.749767 0.248762 0.751053 0.252906 0.748082 0.254671 0.748403 0.256741 0.746919 0.258507 0.747240 0.264717 0.742786 0.266481 0.743107 0.270618 0.740139 0.270923 0.738333 0.272687 0.738654 0.276822 0.735689 0.277126 0.733884 0.287458 0.726473 0.288367 0.721064
0 0.227055 0.569252 0.219707 0.612169 0.212671 0.610878 0.210603 0.612346 0.208844 0.612024 0.204710 0.614960 0.203479 0.622129 0.168259 0.615671 0.169189 0.610294 0.166287 0.606063 0.161004 0.605094 0.159552 0.602980 0.154267 0.602010 0.152818 0.599895 0.144010 0.598279 0.148059 0.575008 0.153339 0.575979 0.157480 0.573050 0.157791 0.571262 0.168138 0.563943 0.169067 0.558585
0 0.881030 0.799708 0.873926 0.848248 0.851275 0.844120 0.852070 0.838718 0.847639 0.832364 0.845897 0.832046 0.842944 0.827813 0.841201 0.827495 0.839725 0.825377 0.837982 0.825059 0.836506 0.822942 0.834764 0.822624 0.833288 0.820508 0.829803 0.819872 0.828327 0.817756 0.824842 0.817120 0.823367 0.815003 0.821624 0.814685 0.820148 0.812569 0.820415 0.810771 0.818940 0.808654 0.819741 0.803263 0.823758 0.800306 0.825500 0.800624 0.827507 0.799146 0.829248 0.799464 0.831256 0.797986 0.832319 0.790804
0 1.000000 0.749726 1.000000 0.776522 0.976031 0.771125 0.976798 0.765760 0.973845 0.761550 0.972114 0.761233 0.967686 0.754919 0.967943 0.753133 0.966466 0.751029 0.961271 0.750076 0.962554 0.741148
0 0.925536 0.837343 0.921634 0.864338 0.900742 0.860532 0.901527 0.855129 0.897090 0.848775 0.890125 0.847505 0.892486 0.831311
0 0.399053 0.447260 0.393488 0.480841 0.365589 0.475674 0.366475 0.470367 0.365026 0.468275 0.365321 0.466506 0.362425 0.462323 0.363310 0.457019 0.367386 0.454130 0.369128 0.454453 0.377275 0.448681 0.378157 0.443383
0 0.269309 0.554951 0.268401 0.560298 0.272755 0.566618 0.278016 0.567586 0.274085 0.590794 0.240724 0.584661 0.241638 0.579302 0.240188 0.577192 0.234920 0.576224 0.239493 0.549459
0 0.364865 0.653568 0.361001 0.676881 0.353976 0.675595 0.349867 0.678541 0.348111 0.678220 0.341943 0.682643 0.340185 0.682321 0.338130 0.683795 0.332856 0.682830 0.331398 0.680713 0.327882 0.680070 0.326425 0.677953 0.324666 0.677631 0.323208 0.675512 0.321451 0.675191 0.318536 0.670956 0.318836 0.669161 0.315922 0.664927 0.316222 0.663133 0.313308 0.658900 0.308035 0.657935 0.308336 0.656141 0.313608 0.657107 0.315667 0.655635 0.315967 0.653841 0.318024 0.652370 0.319224 0.645200
0 0.081941 0.322841 0.076611 0.352781 0.071359 0.351804 0.069294 0.353243 0.067543 0.352917 0.063410 0.355793 0.062466 0.361085 0.050202 0.358807 0.051150 0.353514 0.048277 0.349336 0.046525 0.349010 0.045090 0.346920 0.041586 0.346269 0.040150 0.344181 0.036646 0.343529 0.035212 0.341440 0.029955 0.340462 0.032173 0.328128 0.037427 0.329106 0.047761 0.321931 0.048707 0.316652
0 0.575175 0.487208 0.574052 0.494270 0.575506 0.496357 0.577242 0.496679 0.578696 0.498767 0.583903 0.499732 0.579694 0.526252 0.574482 0.525287 0.572464 0.526736 0.570726 0.526415 0.566689 0.529312 0.565843 0.534624 0.529327 0.527870 0.530180 0.522557 0.525817 0.516280 0.524077 0.515958 0.522622 0.513867 0.520884 0.513545 0.519429 0.511454 0.517690 0.511132 0.514783 0.506948 0.513044 0.506626 0.511590 0.504535 0.506372 0.503569 0.507800 0.494727 0.514755 0.496016 0.520823 0.491679 0.522560 0.492001 0.528626 0.487666 0.530363 0.487988 0.532384 0.486544 0.533518 0.479481
0 0.234062 0.402071 0.228289 0.435638 0.212551 0.432721 0.213467 0.427415 0.210581 0.423231 0.203586 0.421934 0.207863 0.397205
0 1.000000 0.788003 1.000000 0.814866 1.000000 0.813915 1.000000 0.815390 1.000000 0.820770 0.978557 0.815696 0.979325 0.810316 0.973411 0.801876 0.968207 0.800924 0.970259 0.786593 0.975461 0.787546 0.977451 0.786072 0.978218 0.780704
0 0.397012 0.244470 0.393230 0.267113 0.386307 0.265816 0.384283 0.267235 0.382553 0.266911 0.380530 0.268331 0.378798 0.268006 0.376774 0.269425 0.375897 0.274658 0.349911 0.269791 0.350794 0.264557 0.345041 0.256284 0.339843 0.255309 0.341022 0.248337 0.346218 0.249312 0.356345 0.242225 0.357225 0.237003
0 0.344000 0.220160 0.338995 0.249756 0.330334 0.248132 0.326278 0.250967 0.322811 0.250317 0.320782 0.251737 0.319894 0.256969 0.309492 0.255019 0.310382 0.249787 0.307509 0.245650 0.305775 0.245325 0.304339 0.243258 0.304636 0.241515 0.301763 0.237379 0.302060 0.235638 0.300624 0.233570 0.300921 0.231827 0.302952 0.230412 0.303545 0.226929 0.313688 0.219853 0.314576 0.214634
0 0.054653 0.354166 0.050865 0.375349 0.045606 0.374373 0.043535 0.375814 0.041781 0.375489 0.035570 0.379814 0.034619 0.385118 0.018826 0.382189 0.019781 0.376884 0.016908 0.372698 0.015153 0.372372 0.010845 0.366094 0.011164 0.364327 0.009727 0.362236 0.004464 0.361258 0.005421 0.355960 0.010683 0.356938 0.014827 0.354059 0.016100 0.347000
0 0.224368 0.291403 0.219819 0.317696 0.209367 0.315746 0.210279 0.310484 0.208842 0.308406 0.207100 0.308080 0.205662 0.306001 0.195211 0.304050 0.198261 0.286525
0 0.237701 0.380912 0.234062 0.402071 0.216598 0.398828 0.215157 0.396738 0.208169 0.395440 0.211524 0.376045
0 0.045560 0.691660 0.043641 0.702501 0.036550 0.701209 0.034457 0.702693 0.023817 0.700754 0.018009 0.692232 0.018974 0.686813
0 0.526101 0.514511 0.525248 0.519821 0.528157 0.524007 0.536852 0.525616 0.532876 0.550431 0.527654 0.549466 0.523603 0.552370 0.521861 0.552049 0.509697 0.560771 0.507954 0.560449 0.505926 0.561904 0.505067 0.567234 0.480660 0.562730 0.481524 0.557401 0.478613 0.553204 0.476870 0.552883 0.469595 0.542395 0.467852 0.542073 0.462035 0.533687 0.462324 0.531914 0.460870 0.529818 0.462315 0.520952 0.470437 0.515153 0.472179 0.515475 0.474207 0.514026 0.475948 0.514348 0.480006 0.511449 0.480868 0.506138
0 0.388642 0.423507 0.384243 0.449973 0.377275 0.448681 0.375239 0.450123 0.373497 0.449800 0.369423 0.452687 0.367681 0.452364 0.363605 0.455252 0.362720 0.460554 0.360976 0.460231 0.361861 0.454928 0.358966 0.450748 0.355480 0.450101 0.346797 0.437564 0.347980 0.430503 0.350018 0.429062 0.350609 0.425534 0.352647 0.424093 0.353829 0.417040
0 0.124394 0.616885 0.120945 0.636636 0.094460 0.631788 0.097929 0.612035
0 0.388858 0.293289 0.385647 0.312515 0.370041 0.309597 0.370920 0.304351 0.369480 0.302279 0.370066 0.298782 0.368625 0.296710 0.369797 0.289722
0 0.438496 0.382004 0.437628 0.387273 0.443415 0.395594 0.450357 0.396887 0.444290 0.433846 0.437338 0.432554 0.427193 0.439755 0.425455 0.439432 0.419363 0.443754 0.418490 0.449047 0.395863 0.444848 0.396741 0.439555 0.390951 0.431206 0.389211 0.430883 0.387763 0.428796 0.388056 0.427033 0.383715 0.420774 0.376754 0.419481 0.384672 0.371976
0 0.186734 0.762146 0.184870 0.773014 0.163625 0.769153 0.162165 0.767019 0.160395 0.766697 0.158937 0.764563 0.160187 0.757318
0 0.308818 0.343351 0.304348 0.369703 0.286937 0.366461 0.287835 0.361186 0.284952 0.357023 0.279728 0.356049 0.282724 0.338485
0 0.728289 0.349632 0.726404 0.361842 0.707474 0.358301 0.709367 0.346090
0 0.350153 0.481943 0.347189 0.499664 0.333215 0.497080 0.327419 0.488696 0.322179 0.487727 0.323968 0.477096
0 0.274502 0.250263 0.272707 0.260735 0.251871 0.256834 0.247564 0.250620 0.248467 0.245385
0 0.136806 0.671093 0.133361 0.690916 0.115680 0.687689 0.116624 0.682279 0.113717 0.678028 0.108414 0.677060 0.110304 0.666250
0 0.452482 0.603373 0.449286 0.622999 0.440540 0.621392 0.441414 0.616037 0.439957 0.613930 0.431213 0.612322 0.433256 0.599835
0 0.873568 0.369668 0.869674 0.395820 0.843930 0.391006 0.847850 0.364851
0 0.683815 0.442160 0.682996 0.447429 0.685905 0.451587 0.685632 0.453344 0.688541 0.457503 0.688268 0.459261 0.692635 0.465501 0.694364 0.465822 0.697275 0.469983 0.702459 0.470947 0.697287 0.504413 0.692096 0.503450 0.678064 0.513554 0.677242 0.518850 0.649522 0.513712 0.650350 0.508416 0.632877 0.483389 0.631145 0.483068 0.623871 0.472648 0.618675 0.471682 0.620895 0.457596 0.626088 0.458561 0.648156 0.442754 0.649258 0.435726
0 0.685541 0.442481 0.684450 0.449508 0.685905 0.451587 0.685632 0.453344 0.697275 0.469983 0.702459 0.470947 0.697014 0.506177 0.690092 0.504893 0.678064 0.513554 0.677242 0.518850 0.649522 0.513712 0.650350 0.508416 0.634332 0.485474 0.632601 0.485153 0.623871 0.472648 0.618675 0.471682 0.620895 0.457596 0.626088 0.458561 0.630104 0.455684 0.630380 0.453925 0.632387 0.452487 0.634118 0.452809 0.648156 0.442754 0.649258 0.435726
0 0.488056 0.297464 0.486060 0.309680 0.468769 0.306444 0.470773 0.294228
0 0.990765 0.680537 0.986950 0.707212 0.957558 0.701805 0.958584 0.694686 0.954166 0.688393 0.948979 0.687438 0.951034 0.673216
0 0.488056 0.297464 0.486060 0.309680 0.467039 0.306120 0.469043 0.293904
0 0.372654 0.304676 0.370603 0.316920 0.351519 0.313354 0.353579 0.301109
0 0.567571 0.333926 0.565611 0.346156 0.546608 0.342604 0.548577 0.330373
0 0.763738 0.349097 0.762138 0.359557 0.743227 0.356017 0.744835 0.345557
0 0.372654 0.304676 0.369430 0.323923 0.355547 0.321330 0.356724 0.314327 0.355283 0.312253 0.353548 0.311929 0.350666 0.307781 0.345461 0.306808 0.346640 0.299811
0 0.652560 0.335455 0.650914 0.345923 0.640574 0.343988 0.639125 0.341921 0.632232 0.340631 0.633609 0.331907
0 1.000000 0.437160 1.000000 0.456383 0.976016 0.451586 0.974555 0.449517 0.959127 0.446637 0.957666 0.444567 0.950807 0.443287 0.949347 0.441219 0.947632 0.440899 0.946172 0.438830 0.944458 0.438510 0.944968 0.435015 0.943509 0.432947 0.944530 0.425958
0 0.606768 0.355650 0.604826 0.367892 0.592738 0.365634 0.594687 0.353392
0 0.957128 0.492739 0.956176 0.479053 0.925189 0.459781 0.891269 0.450457 0.864536 0.461980 0.859403 0.486576 0.884491 0.506291 0.922781 0.516418 0.953358 0.508566
0 0.972471 0.579911 0.929558 0.581027 0.929428 0.602179 0.944598 0.609527 0.965565 0.607349 0.978750 0.597693 0.972047 0.582853
0 0.938138 0.694881 0.900205 0.690948 0.880924 0.701123 0.884522 0.717048 0.915432 0.728832 0.957778 0.722875 0.954365 0.705481
1 0.456276 0.272632 0.388983 0.287066 0.400738 0.294509 0.456294 0.304033 0.462981 0.273889
