0 0.746957 0.515252 0.745971 0.520041 0.744040 0.521427 0.743711 0.523024 0.739852 0.525795 0.738249 0.525585 0.736318 0.526971 0.735990 0.528568 0.730199 0.532726 0.729870 0.534322 0.726010 0.537094 0.725681 0.538690 0.723750 0.540076 0.723422 0.541673 0.719562 0.544445 0.719233 0.546041 0.717302 0.547427 0.716974 0.549023 0.713113 0.551796 0.712784 0.553392 0.708923 0.556164 0.708595 0.557761 0.706665 0.559146 0.706336 0.560742 0.702474 0.563515 0.702146 0.565111 0.700216 0.566497 0.699887 0.568093 0.696026 0.570865 0.695698 0.572462 0.691837 0.575233 0.691508 0.576830 0.689577 0.578215 0.689249 0.579812 0.685389 0.582584 0.685060 0.584180 0.683129 0.585567 0.682801 0.587163 0.678940 0.589934 0.678611 0.591531 0.676681 0.592918 0.676353 0.594514 0.672492 0.597286 0.672163 0.598882 0.670232 0.600268 0.669904 0.601865 0.666043 0.604636 0.665714 0.606233 0.663785 0.607618 0.663456 0.609215 0.659594 0.611987 0.659266 0.613583 0.655405 0.616356 0.655077 0.617952 0.651215 0.620724 0.646410 0.620092 0.643124 0.636057 0.647929 0.636688 0.650476 0.640302 0.652078 0.640512 0.654624 0.644126 0.656226 0.644337 0.661319 0.651564 0.662920 0.651775 0.668013 0.659002 0.669615 0.659213 0.674707 0.666440 0.676309 0.666651 0.681402 0.673878 0.683004 0.674089 0.694462 0.690350 0.696065 0.690561 0.699884 0.695982 0.701485 0.696193 0.706577 0.703420 0.708180 0.703631 0.710726 0.707244 0.712327 0.707455 0.714875 0.711069 0.716476 0.711279 0.720295 0.716700 0.721897 0.716911 0.724444 0.720524 0.726045 0.720734 0.728591 0.724349 0.730193 0.724559 0.734013 0.729980 0.733027 0.734769 0.753850 0.737506 0.755165 0.731119 0.760956 0.726962 0.761284 0.725365 0.765146 0.722594 0.765475 0.720997 0.767405 0.719610 0.767733 0.718014 0.769663 0.716628 0.769992 0.715032 0.771923 0.713647 0.772251 0.712050 0.776112 0.709278 0.776441 0.707682 0.778371 0.706295 0.778699 0.704699 0.780630 0.703313 0.780959 0.701716 0.782890 0.700331 0.783218 0.698735 0.785148 0.697348 0.785477 0.695751 0.787408 0.694366 0.788065 0.691173 0.789995 0.689787 0.790324 0.688191 0.794184 0.685419 0.794513 0.683823 0.796444 0.682436 0.796773 0.680839 0.798703 0.679454 0.799031 0.677858 0.800961 0.676471 0.801290 0.674876 0.805151 0.672103 0.805479 0.670507 0.807410 0.669121 0.807739 0.667524 0.809670 0.666138 0.809998 0.664542 0.811928 0.663157 0.812257 0.661560 0.816117 0.658788 0.816446 0.657191 0.818377 0.655805 0.818706 0.654209 0.820636 0.652823 0.820964 0.651226 0.824825 0.648455 0.829631 0.649087 0.834560 0.625140 0.829754 0.624508 0.825935 0.619087 0.826264 0.617491 0.821171 0.610263 0.821500 0.608667 0.816406 0.601439 0.816735 0.599843 0.812916 0.594422 0.813244 0.592826 0.808152 0.585598 0.808480 0.584001 0.804660 0.578581 0.804989 0.576985 0.798624 0.567950 0.798952 0.566353 0.782401 0.542864 0.780799 0.542653 0.775706 0.535426 0.774104 0.535215 0.772831 0.533409 0.771230 0.533199 0.768683 0.529584 0.767082 0.529373 0.765808 0.527567 0.764207 0.527356 0.760387 0.521935 0.761373 0.517146
0 0.645894 0.023207 0.644580 0.029593 0.636857 0.035136 0.636528 0.036733 0.634598 0.038119 0.628191 0.037277 0.605188 0.149027 0.609994 0.149658 0.612539 0.153272 0.614141 0.153483 0.616688 0.157096 0.618290 0.157307 0.620835 0.160921 0.622438 0.161131 0.623711 0.162938 0.625313 0.163148 0.626585 0.164955 0.628187 0.165166 0.629461 0.166973 0.631062 0.167184 0.632336 0.168990 0.633937 0.169201 0.635210 0.171007 0.636812 0.171217 0.638086 0.173025 0.639687 0.173235 0.640960 0.175043 0.642562 0.175253 0.643835 0.177060 0.645437 0.177270 0.646711 0.179077 0.648312 0.179287 0.650859 0.182901 0.652461 0.183111 0.653734 0.184919 0.655335 0.185129 0.656608 0.186937 0.658211 0.187147 0.659483 0.188953 0.661086 0.189164 0.663631 0.192778 0.665233 0.192988 0.666507 0.194796 0.668108 0.195006 0.670655 0.198620 0.672256 0.198830 0.673530 0.200637 0.675132 0.200847 0.677677 0.204461 0.676691 0.209251 0.692709 0.211355 0.693695 0.206566 0.697557 0.203794 0.697886 0.202198 0.699816 0.200811 0.700144 0.199216 0.704005 0.196443 0.704662 0.193251 0.708523 0.190478 0.708852 0.188882 0.710783 0.187496 0.711440 0.184304 0.713370 0.182917 0.713698 0.181320 0.715628 0.179935 0.715957 0.178339 0.717888 0.176952 0.718217 0.175355 0.720147 0.173970 0.720476 0.172374 0.722406 0.170988 0.723063 0.167795 0.724993 0.166408 0.725322 0.164812 0.729183 0.162041 0.729512 0.160444 0.731442 0.159058 0.732099 0.155865 0.734030 0.154480 0.734359 0.152883 0.738219 0.150111 0.738547 0.148515 0.740478 0.147129 0.741135 0.143936 0.743066 0.142550 0.743395 0.140953 0.745325 0.139568 0.745653 0.137971 0.749514 0.135199 0.749843 0.133603 0.751773 0.132217 0.752101 0.130620 0.754032 0.129234 0.754361 0.127637 0.756292 0.126252 0.756620 0.124656 0.762411 0.120498 0.767216 0.121129 0.774117 0.087604 0.767710 0.086763 0.766437 0.084955 0.764836 0.084745 0.762289 0.081131 0.760687 0.080920 0.758141 0.077307 0.756540 0.077096 0.755266 0.075289 0.753664 0.075078 0.752391 0.073272 0.750790 0.073062 0.749516 0.071254 0.747915 0.071044 0.746641 0.069237 0.745039 0.069027 0.743766 0.067220 0.742165 0.067010 0.740891 0.065202 0.739289 0.064992 0.738016 0.063186 0.734812 0.062765 0.733539 0.060957 0.731938 0.060747 0.730664 0.058939 0.729063 0.058729 0.727790 0.056923 0.726188 0.056712 0.724914 0.054905 0.723313 0.054694 0.722040 0.052888 0.720438 0.052677 0.719165 0.050870 0.717563 0.050659 0.716289 0.048853 0.714688 0.048642 0.713415 0.046836 0.711813 0.046626 0.710539 0.044818 0.708938 0.044608 0.707665 0.042801 0.706063 0.042591 0.704789 0.040783 0.703188 0.040573 0.701914 0.038767 0.700313 0.038556 0.697767 0.034941 0.698753 0.030153
0 0.436756 0.048194 0.435770 0.052983 0.431909 0.055755 0.428705 0.055334 0.426775 0.056720 0.425173 0.056509 0.423243 0.057896 0.421641 0.057686 0.419710 0.059071 0.418109 0.058861 0.416178 0.060246 0.414577 0.060036 0.412646 0.061422 0.411044 0.061211 0.409114 0.062598 0.407511 0.062387 0.405582 0.063773 0.403979 0.063562 0.402049 0.064949 0.400448 0.064739 0.396587 0.067509 0.394985 0.067299 0.393054 0.068685 0.391453 0.068475 0.389522 0.069861 0.387921 0.069651 0.384060 0.072422 0.377653 0.071580 0.371409 0.101912 0.376215 0.102544 0.378761 0.106158 0.378432 0.107755 0.379705 0.109561 0.379377 0.111157 0.380649 0.112964 0.380321 0.114560 0.381594 0.116368 0.381266 0.117965 0.382538 0.119771 0.382210 0.121367 0.383483 0.123174 0.383155 0.124771 0.384428 0.126578 0.384100 0.128175 0.385372 0.129981 0.385044 0.131577 0.386318 0.133384 0.385660 0.136577 0.386933 0.138384 0.386604 0.139981 0.387877 0.141788 0.387220 0.144980 0.388493 0.146787 0.388165 0.148383 0.389437 0.150190 0.388780 0.153383 0.390054 0.155190 0.389725 0.156787 0.390998 0.158594 0.390341 0.161787 0.391614 0.163593 0.390957 0.166786 0.392231 0.168594 0.391574 0.171787 0.392846 0.173593 0.392518 0.175190 0.393791 0.176996 0.393134 0.180189 0.394407 0.181995 0.394078 0.183592 0.395352 0.185399 0.394694 0.188593 0.395967 0.190399 0.395639 0.191996 0.396911 0.193802 0.396254 0.196995 0.397528 0.198802 0.396871 0.201994 0.398143 0.203802 0.397814 0.205399 0.399088 0.207205 0.398760 0.208802 0.400033 0.210609 0.398390 0.218590 0.414408 0.220695 0.415394 0.215906 0.425045 0.208977 0.426647 0.209187 0.434370 0.203643 0.435971 0.203853 0.439831 0.201082 0.441433 0.201293 0.445294 0.198521 0.446896 0.198731 0.448826 0.197345 0.450428 0.197555 0.456220 0.193397 0.457821 0.193607 0.461682 0.190835 0.463283 0.191046 0.467144 0.188274 0.468747 0.188484 0.470677 0.187099 0.472279 0.187309 0.478069 0.183152 0.479672 0.183363 0.483532 0.180591 0.485134 0.180801 0.492856 0.175257 0.499262 0.176099 0.503206 0.156942 0.498401 0.156311 0.495855 0.152696 0.496183 0.151100 0.493637 0.147486 0.493966 0.145889 0.491419 0.142276 0.491748 0.140679 0.489202 0.137066 0.489530 0.135469 0.486984 0.131856 0.487313 0.130259 0.484766 0.126645 0.485095 0.125048 0.482548 0.121435 0.482877 0.119839 0.480331 0.116225 0.480659 0.114629 0.476840 0.109208 0.477169 0.107612 0.475895 0.105804 0.476224 0.104208 0.472405 0.098787 0.472733 0.097191 0.470186 0.093576 0.470515 0.091980 0.469242 0.090173 0.469571 0.088577 0.467024 0.084963 0.467353 0.083366 0.466079 0.081560 0.466408 0.079964 0.463863 0.076349 0.464191 0.074753 0.461645 0.071140 0.461973 0.069544 0.460700 0.067736 0.461029 0.066139 0.457208 0.060719 0.457537 0.059122 0.454992 0.055508 0.455978 0.050720
0 0.210280 0.269296 0.205474 0.268664 0.203503 0.278243 0.209910 0.279085 0.211553 0.271102 0.210280 0.269296 0.241906 0.227541 0.243508 0.227752 0.244782 0.229559 0.246383 0.229770 0.247656 0.231576 0.249258 0.231787 0.250532 0.233594 0.252133 0.233804 0.253406 0.235612 0.255008 0.235822 0.256280 0.237629 0.257883 0.237839 0.259156 0.239647 0.260758 0.239857 0.262030 0.241663 0.263633 0.241874 0.266179 0.245488 0.267780 0.245698 0.269054 0.247505 0.270655 0.247715 0.271929 0.249523 0.273531 0.249733 0.274804 0.251539 0.276405 0.251750 0.277679 0.253557 0.279281 0.253768 0.281828 0.257382 0.283429 0.257592 0.284701 0.259399 0.286304 0.259610 0.287577 0.261416 0.289179 0.261627 0.291725 0.265241 0.293327 0.265451 0.294600 0.267257 0.296201 0.267468 0.298748 0.271082 0.300350 0.271292 0.302896 0.274907 0.304499 0.275118 0.309591 0.282345 0.311192 0.282556 0.312465 0.284362 0.314068 0.284572 0.316614 0.288186 0.315628 0.292976 0.331646 0.295081 0.332632 0.290291 0.336493 0.287519 0.336821 0.285923 0.344543 0.280379 0.344872 0.278782 0.348732 0.276010 0.349061 0.274414 0.352922 0.271642 0.353250 0.270046 0.357111 0.267274 0.357440 0.265678 0.361301 0.262905 0.361629 0.261309 0.367420 0.257152 0.367749 0.255555 0.373540 0.251397 0.373869 0.249800 0.377730 0.247029 0.378059 0.245432 0.381919 0.242660 0.386724 0.243291 0.390339 0.225731 0.385534 0.225100 0.382988 0.221486 0.381386 0.221275 0.376293 0.214048 0.374691 0.213837 0.370873 0.208416 0.369270 0.208205 0.365450 0.202785 0.363849 0.202575 0.357484 0.193540 0.355881 0.193329 0.349515 0.184295 0.347914 0.184085 0.336454 0.167823 0.334853 0.167613 0.327214 0.156770 0.325612 0.156560 0.321793 0.151140 0.320191 0.150929 0.312553 0.140088 0.310950 0.139877 0.304585 0.130843 0.302982 0.130633 0.294070 0.117984 0.292469 0.117774 0.284830 0.106932 0.286144 0.100546 0.276533 0.099284 0.275547 0.104073 0.273617 0.105459 0.272959 0.108652 0.271029 0.110038 0.270701 0.111634 0.268771 0.113021 0.268114 0.116212 0.266183 0.117599 0.265525 0.120792 0.263595 0.122177 0.262937 0.125371 0.261007 0.126756 0.260350 0.129949 0.258419 0.131335 0.257762 0.134529 0.255832 0.135914 0.255175 0.139107 0.253245 0.140493 0.252588 0.143686 0.250657 0.145072 0.250000 0.148265 0.248069 0.149651 0.247083 0.154440 0.245153 0.155826 0.244824 0.157422 0.242894 0.158808 0.241909 0.163597 0.239978 0.164983 0.239320 0.168177 0.237389 0.169562 0.237061 0.171159 0.235131 0.172545 0.234474 0.175737 0.232544 0.177123 0.232215 0.178720 0.230284 0.180105 0.229956 0.181702 0.228026 0.183089 0.223220 0.182457 0.217633 0.209596 0.224040 0.210438 0.226587 0.214052 0.228188 0.214262 0.230735 0.217876 0.232337 0.218086 0.234883 0.221700 0.236485 0.221911 0.237758 0.223717 0.239359 0.223927 0.241906 0.227541
0 0.269537 0.596805 0.267565 0.606384 0.265634 0.607770 0.264648 0.612559 0.262718 0.613945 0.261733 0.618734 0.259802 0.620120 0.258159 0.628102 0.256229 0.629489 0.255243 0.634278 0.253312 0.635664 0.251669 0.643646 0.249739 0.645032 0.248753 0.649821 0.246823 0.651206 0.245837 0.655996 0.243906 0.657382 0.242920 0.662171 0.240991 0.663557 0.240005 0.668347 0.238074 0.669733 0.237417 0.672925 0.235486 0.674311 0.234500 0.679100 0.232570 0.680487 0.231584 0.685276 0.229653 0.686662 0.228996 0.689855 0.227066 0.691241 0.226080 0.696030 0.224150 0.697416 0.223164 0.702205 0.221234 0.703591 0.220576 0.706785 0.218646 0.708170 0.217989 0.711363 0.216058 0.712748 0.215072 0.717538 0.213142 0.718924 0.212157 0.723713 0.210226 0.725099 0.209897 0.726696 0.207966 0.728082 0.203161 0.727451 0.196917 0.757782 0.203325 0.758624 0.204598 0.760432 0.209403 0.761063 0.210677 0.762870 0.218685 0.763922 0.219959 0.765729 0.231171 0.767203 0.232444 0.769009 0.240453 0.770061 0.241727 0.771868 0.251338 0.773131 0.252610 0.774938 0.263822 0.776411 0.265096 0.778219 0.273105 0.779271 0.274378 0.781077 0.273392 0.785866 0.319844 0.791970 0.348105 0.654677 0.343300 0.654046 0.336934 0.645012 0.335332 0.644801 0.332786 0.641187 0.331185 0.640977 0.329911 0.639171 0.328310 0.638960 0.325763 0.635345 0.324161 0.635135 0.322887 0.633328 0.321286 0.633118 0.320012 0.631311 0.318411 0.631101 0.317139 0.629294 0.315536 0.629083 0.314264 0.627276 0.312661 0.627065 0.311388 0.625259 0.309786 0.625048 0.308513 0.623241 0.306911 0.623031 0.305639 0.621224 0.304036 0.621014 0.302764 0.619207 0.301161 0.618997 0.299889 0.617190 0.298286 0.616979 0.297013 0.615172 0.295412 0.614961 0.292865 0.611348 0.291263 0.611138 0.288717 0.607524 0.287115 0.607314 0.284569 0.603699 0.285555 0.598910
0 0.479494 0.663744 0.461091 0.753144 0.465896 0.753775 0.467169 0.755583 0.465526 0.763564 0.466800 0.765372 0.461871 0.789318 0.463143 0.791124 0.458871 0.811878 0.460144 0.813686 0.457515 0.826457 0.458789 0.828263 0.457146 0.836246 0.458419 0.838052 0.457105 0.844438 0.458377 0.846245 0.456406 0.855823 0.493247 0.860664 0.494232 0.855875 0.498094 0.853103 0.501297 0.853524 0.503228 0.852139 0.506431 0.852560 0.508362 0.851173 0.511565 0.851594 0.513496 0.850208 0.516699 0.850629 0.518629 0.849243 0.521834 0.849664 0.523764 0.848278 0.525366 0.848488 0.527296 0.847103 0.530499 0.847524 0.532430 0.846138 0.535633 0.846559 0.537564 0.845173 0.540767 0.845594 0.542698 0.844207 0.544300 0.844418 0.546230 0.843032 0.551035 0.843664 0.552965 0.842278 0.556170 0.842699 0.558100 0.841313 0.561303 0.841734 0.563233 0.840348 0.564835 0.840559 0.566766 0.839172 0.573173 0.840014 0.578759 0.812875 0.573954 0.812244 0.571408 0.808630 0.572394 0.803840 0.571120 0.802034 0.572106 0.797244 0.570833 0.795438 0.572148 0.789051 0.570875 0.787245 0.571532 0.784052 0.570259 0.782244 0.571245 0.777456 0.569972 0.775649 0.570629 0.772456 0.569355 0.770649 0.570341 0.765859 0.569068 0.764053 0.569725 0.760860 0.568452 0.759053 0.569110 0.755860 0.567837 0.754053 0.568494 0.750861 0.567220 0.749053 0.567877 0.745861 0.566604 0.744054 0.566932 0.742458 0.565660 0.740650 0.565989 0.739054 0.563442 0.735441 0.563771 0.733844 0.562497 0.732036 0.562826 0.730440 0.560279 0.726827 0.560608 0.725230 0.559335 0.723423 0.559664 0.721826 0.558391 0.720020 0.558720 0.718424 0.556173 0.714809 0.556501 0.713213 0.555228 0.711407 0.555557 0.709810 0.554284 0.708004 0.554942 0.704810 0.552395 0.701197 0.552724 0.699600 0.551450 0.697793 0.551779 0.696197 0.550505 0.694390 0.550834 0.692793 0.549561 0.690986 0.549890 0.689390 0.547343 0.685776 0.547672 0.684180 0.545126 0.680565 0.543525 0.680355 0.542251 0.678549 0.543565 0.672163
0 0.620042 0.636303 0.618399 0.644285 0.616469 0.645671 0.616140 0.647267 0.614209 0.648653 0.613881 0.650250 0.611950 0.651636 0.611621 0.653232 0.609691 0.654618 0.609363 0.656214 0.607432 0.657600 0.607103 0.659197 0.605173 0.660583 0.604845 0.662179 0.602915 0.663565 0.602586 0.665161 0.600655 0.666547 0.599998 0.669740 0.598067 0.671126 0.597738 0.672723 0.593878 0.675495 0.593550 0.677091 0.591619 0.678477 0.590962 0.681670 0.589032 0.683056 0.588703 0.684652 0.584841 0.687424 0.580036 0.686793 0.572478 0.723510 0.577283 0.724142 0.579831 0.727755 0.579502 0.729352 0.580774 0.731160 0.580446 0.732756 0.581720 0.734562 0.581391 0.736159 0.582663 0.737966 0.582335 0.739562 0.583608 0.741369 0.583279 0.742966 0.584553 0.744773 0.584224 0.746369 0.585498 0.748176 0.585169 0.749772 0.586442 0.751579 0.586113 0.753176 0.588660 0.756789 0.588331 0.758385 0.589604 0.760193 0.589275 0.761789 0.590549 0.763596 0.590220 0.765193 0.591494 0.766999 0.591165 0.768595 0.592438 0.770403 0.592109 0.772000 0.593382 0.773806 0.593053 0.775402 0.595600 0.779017 0.595272 0.780613 0.596545 0.782420 0.596216 0.784016 0.598762 0.787630 0.598434 0.789227 0.599707 0.791033 0.599379 0.792629 0.600651 0.794436 0.600323 0.796032 0.602869 0.799647 0.602541 0.801243 0.603813 0.803050 0.603485 0.804646 0.607305 0.810067 0.606976 0.811664 0.622254 0.833346 0.621268 0.838135 0.643693 0.841082 0.645008 0.834696 0.650799 0.830539 0.651128 0.828943 0.664640 0.819241 0.664969 0.817644 0.674621 0.810714 0.674949 0.809119 0.684602 0.802188 0.684930 0.800592 0.692652 0.795049 0.692981 0.793452 0.706493 0.783749 0.706822 0.782153 0.716474 0.775223 0.716803 0.773627 0.722595 0.769469 0.722923 0.767873 0.728714 0.763716 0.733519 0.764347 0.735819 0.753171 0.729412 0.752330 0.723047 0.743295 0.721444 0.743084 0.708713 0.725015 0.707111 0.724805 0.704565 0.721192 0.702963 0.720981 0.696597 0.711946 0.694995 0.711736 0.689902 0.704508 0.688301 0.704298 0.684482 0.698877 0.682880 0.698666 0.676513 0.689632 0.674912 0.689422 0.669819 0.682194 0.668217 0.681984 0.664398 0.676563 0.662796 0.676353 0.657704 0.669124 0.656102 0.668914 0.651009 0.661686 0.649407 0.661476 0.645588 0.656056 0.643986 0.655845 0.640167 0.650424 0.638565 0.650213 0.634745 0.644793 0.636060 0.638408
0 0.103281 0.509375 0.089479 0.576425 0.094284 0.577056 0.095558 0.578863 0.094572 0.583653 0.095845 0.585460 0.093545 0.596635 0.094818 0.598441 0.092189 0.611212 0.093461 0.613020 0.091161 0.624195 0.092435 0.626002 0.089477 0.640370 0.090750 0.642176 0.089764 0.646966 0.091038 0.648773 0.090709 0.650369 0.091983 0.652176 0.095185 0.652597 0.096459 0.654403 0.101265 0.655035 0.102538 0.656842 0.121759 0.659368 0.123033 0.661175 0.137448 0.663069 0.138722 0.664876 0.137736 0.669665 0.214621 0.679767 0.215935 0.673383 0.217866 0.671996 0.218524 0.668803 0.220454 0.667418 0.222097 0.659435 0.224028 0.658050 0.226328 0.646874 0.228259 0.645488 0.230559 0.634313 0.232489 0.632928 0.233804 0.626542 0.235735 0.625156 0.237378 0.617173 0.239308 0.615788 0.240622 0.609402 0.242553 0.608016 0.244196 0.600034 0.246126 0.598647 0.247440 0.592262 0.249370 0.590876 0.250028 0.587683 0.251959 0.586297 0.256764 0.586928 0.265637 0.543825 0.260831 0.543194 0.259557 0.541387 0.254753 0.540756 0.253480 0.538949 0.199019 0.531793 0.197745 0.529986 0.172117 0.526618 0.170843 0.524811 0.162835 0.523759 0.161562 0.521951 0.162548 0.517163
0 0.801224 0.115760 0.800238 0.120549 0.767421 0.144110 0.767093 0.145707 0.745858 0.160952 0.745529 0.162548 0.737808 0.168092 0.737480 0.169689 0.731688 0.173847 0.731359 0.175443 0.729430 0.176829 0.729101 0.178426 0.727170 0.179812 0.726513 0.183004 0.724583 0.184391 0.724254 0.185987 0.722323 0.187373 0.721995 0.188969 0.720064 0.190355 0.719735 0.191951 0.717805 0.193338 0.717148 0.196530 0.715218 0.197916 0.714889 0.199513 0.712958 0.200899 0.712630 0.202495 0.710699 0.203882 0.710370 0.205478 0.708441 0.206863 0.708112 0.208460 0.706182 0.209847 0.705525 0.213039 0.701663 0.215811 0.696858 0.215180 0.691600 0.240722 0.696405 0.241353 0.698952 0.244968 0.698624 0.246564 0.702443 0.251984 0.702114 0.253581 0.705933 0.259001 0.705604 0.260598 0.709424 0.266019 0.709096 0.267615 0.714189 0.274843 0.713860 0.276439 0.720225 0.285474 0.723430 0.285895 0.725975 0.289508 0.724989 0.294297 0.726592 0.294508 0.727577 0.289719 0.731438 0.286947 0.734642 0.287368 0.744294 0.280438 0.745896 0.280648 0.772922 0.261245 0.774524 0.261455 0.816993 0.230965 0.818594 0.231176 0.834037 0.220088 0.835639 0.220299 0.849152 0.210596 0.850754 0.210807 0.864267 0.201105 0.869072 0.201736 0.873344 0.180983 0.866937 0.180141 0.865664 0.178334 0.865992 0.176738 0.859627 0.167703 0.858025 0.167492 0.845293 0.149423 0.845622 0.147827 0.836710 0.135180 0.835108 0.134969 0.830015 0.127742 0.828414 0.127531 0.827140 0.125724 0.828454 0.119338
0 0.877162 0.250348 0.876176 0.255138 0.872315 0.257910 0.869111 0.257489 0.867182 0.258875 0.865579 0.258664 0.863649 0.260049 0.860446 0.259629 0.858515 0.261015 0.856913 0.260804 0.854983 0.262190 0.853381 0.261979 0.851451 0.263366 0.849849 0.263156 0.847918 0.264542 0.846316 0.264331 0.844386 0.265717 0.842785 0.265507 0.840854 0.266893 0.839252 0.266683 0.837322 0.268068 0.835719 0.267857 0.833790 0.269243 0.832188 0.269032 0.830257 0.270419 0.827054 0.269998 0.825124 0.271383 0.823522 0.271173 0.819661 0.273945 0.818058 0.273734 0.816128 0.275121 0.814527 0.274910 0.812596 0.276297 0.810994 0.276086 0.809064 0.277472 0.807463 0.277261 0.805532 0.278648 0.803930 0.278437 0.802000 0.279823 0.800397 0.279612 0.798467 0.280999 0.796866 0.280788 0.794935 0.282174 0.793333 0.281963 0.789473 0.284735 0.787871 0.284525 0.784010 0.287297 0.782408 0.287086 0.780478 0.288473 0.778876 0.288262 0.775015 0.291034 0.773413 0.290823 0.767623 0.294981 0.766020 0.294770 0.762160 0.297542 0.760558 0.297332 0.756697 0.300104 0.751892 0.299472 0.746634 0.325015 0.751439 0.325646 0.752712 0.327453 0.752384 0.329050 0.753657 0.330856 0.753000 0.334050 0.754273 0.335857 0.753616 0.339049 0.754888 0.340857 0.753902 0.345645 0.755176 0.347452 0.754190 0.352242 0.755464 0.354049 0.754807 0.357241 0.756079 0.359048 0.755422 0.362241 0.756696 0.364048 0.755710 0.368838 0.756982 0.370645 0.755668 0.377030 0.782899 0.380608 0.783885 0.375819 0.787746 0.373047 0.789347 0.373257 0.791277 0.371872 0.792879 0.372082 0.794810 0.370696 0.796411 0.370906 0.800272 0.368135 0.801873 0.368345 0.803804 0.366959 0.805407 0.367169 0.807337 0.365784 0.808938 0.365994 0.812800 0.363222 0.814401 0.363433 0.816331 0.362047 0.817933 0.362258 0.821794 0.359486 0.823396 0.359696 0.825326 0.358310 0.826927 0.358520 0.830789 0.355748 0.832391 0.355959 0.834321 0.354572 0.835923 0.354783 0.837853 0.353397 0.839455 0.353608 0.841386 0.352222 0.842987 0.352433 0.844917 0.351046 0.846519 0.351257 0.848450 0.349872 0.850051 0.350082 0.851982 0.348695 0.855186 0.349116 0.857116 0.347731 0.858718 0.347941 0.860648 0.346555 0.862249 0.346765 0.864180 0.345379 0.865783 0.345590 0.867713 0.344204 0.869314 0.344414 0.873175 0.341642 0.874777 0.341853 0.876708 0.340467 0.878309 0.340677 0.880239 0.339292 0.883444 0.339713 0.885373 0.338327 0.886975 0.338538 0.888906 0.337151 0.890508 0.337362 0.892438 0.335976 0.894040 0.336187 0.895970 0.334800 0.897572 0.335011 0.899503 0.333624 0.901105 0.333835 0.903035 0.332449 0.904636 0.332660 0.906567 0.331273 0.908168 0.331484 0.910099 0.330098 0.914904 0.330730 0.921148 0.300397 0.916343 0.299766 0.913796 0.296153 0.914454 0.292960 0.913180 0.291152 0.913509 0.289557 0.912236 0.287749 0.912893 0.284556 0.911621 0.282749 0.912278 0.279556 0.911004 0.277750 0.911333 0.276154 0.910059 0.274346 0.910716 0.271153 0.909444 0.269346 0.909772 0.267750 0.908500 0.265943 0.908828 0.264347 0.907554 0.262540 0.907883 0.260944 0.906610 0.259137 0.907596 0.254347
0 0.568146 0.000000 0.567160 0.000000 0.563299 0.000876 0.561698 0.000666 0.559767 0.002052 0.558165 0.001842 0.556235 0.003227 0.554632 0.003017 0.552702 0.004403 0.551100 0.004193 0.549170 0.005579 0.547568 0.005369 0.545638 0.006754 0.544037 0.006544 0.542106 0.007930 0.540504 0.007720 0.538573 0.009105 0.536971 0.008895 0.533110 0.011667 0.528305 0.011035 0.496429 0.165889 0.541279 0.171782 0.542265 0.166993 0.544196 0.165606 0.547399 0.166027 0.549330 0.164642 0.554135 0.165273 0.556066 0.163888 0.560871 0.164519 0.562801 0.163133 0.566005 0.163554 0.567935 0.162167 0.571139 0.162588 0.573069 0.161203 0.576273 0.161624 0.578203 0.160238 0.579805 0.160449 0.581735 0.159062 0.588142 0.159904 0.600630 0.099240 0.595825 0.098608 0.594551 0.096802 0.595209 0.093608 0.593936 0.091802 0.595579 0.083819 0.594305 0.082013 0.595620 0.075627 0.594347 0.073820 0.595004 0.070628 0.593732 0.068820 0.594717 0.064032 0.593444 0.062224 0.594101 0.059031 0.592827 0.057225 0.593813 0.052435 0.592541 0.050628 0.593855 0.044243 0.592581 0.042435 0.594225 0.034453 0.592952 0.032646 0.594266 0.026261 0.592993 0.024454 0.594308 0.018068 0.593034 0.016261 0.594020 0.011472 0.592748 0.009665 0.593734 0.004875 0.592460 0.003069 0.593774 0.000000
0 0.201652 0.391132 0.200666 0.395922 0.198735 0.397307 0.193930 0.396676 0.191999 0.398062 0.180786 0.396589 0.178856 0.397974 0.158032 0.395238 0.156103 0.396624 0.144891 0.395151 0.142960 0.396537 0.130145 0.394853 0.128215 0.396239 0.113799 0.394344 0.104269 0.440641 0.109074 0.441273 0.110347 0.443079 0.110019 0.444676 0.111292 0.446483 0.110306 0.451272 0.111579 0.453080 0.109936 0.461061 0.111210 0.462869 0.109567 0.470850 0.110839 0.472658 0.109525 0.479043 0.110799 0.480850 0.110141 0.484043 0.113960 0.489464 0.115562 0.489674 0.116835 0.491481 0.115849 0.496270 0.271223 0.516687 0.277796 0.484758 0.272990 0.484126 0.271716 0.482319 0.272702 0.477530 0.271430 0.475723 0.273073 0.467741 0.271800 0.465934 0.273443 0.457951 0.272169 0.456145 0.274470 0.444970 0.273197 0.443163 0.274840 0.435181 0.273567 0.433374 0.274881 0.426988 0.273608 0.425181 0.274923 0.418796 0.273649 0.416989 0.274964 0.410603 0.273690 0.408796 0.275333 0.400814
0 0.820726 0.380660 0.819740 0.385449 0.815879 0.388220 0.811073 0.387589 0.809143 0.388976 0.805939 0.388555 0.804008 0.389941 0.802407 0.389731 0.800477 0.391116 0.798875 0.390905 0.796944 0.392292 0.793741 0.391871 0.791811 0.393256 0.790209 0.393046 0.788279 0.394431 0.785075 0.394010 0.781214 0.396782 0.779613 0.396572 0.777682 0.397958 0.776080 0.397748 0.774150 0.399133 0.772548 0.398923 0.770617 0.400309 0.769015 0.400099 0.767085 0.401485 0.765484 0.401275 0.761622 0.404047 0.756817 0.403415 0.744330 0.464080 0.749135 0.464711 0.750408 0.466517 0.749422 0.471307 0.750696 0.473114 0.748724 0.482692 0.749997 0.484499 0.749340 0.487691 0.751886 0.491306 0.751558 0.492902 0.752831 0.494709 0.754433 0.494919 0.755705 0.496726 0.757307 0.496937 0.758581 0.498744 0.763386 0.499376 0.764659 0.501182 0.771066 0.502024 0.772340 0.503830 0.780348 0.504883 0.781622 0.506690 0.788029 0.507532 0.789302 0.509340 0.798913 0.510602 0.800186 0.512409 0.811398 0.513882 0.812671 0.515689 0.819079 0.516531 0.820352 0.518338 0.828361 0.519390 0.829635 0.521197 0.836041 0.522038 0.837314 0.523846 0.842119 0.524477 0.843393 0.526285 0.849800 0.527127 0.851074 0.528933 0.855879 0.529564 0.857151 0.531371 0.861957 0.532002 0.863230 0.533810 0.869638 0.534652 0.870911 0.536458 0.875717 0.537089 0.876989 0.538897 0.876003 0.543686 0.903233 0.547264 0.908491 0.521721 0.903686 0.521089 0.902413 0.519283 0.902741 0.517687 0.901469 0.515880 0.902783 0.509494 0.901510 0.507686 0.902495 0.502898 0.901223 0.501091 0.902209 0.496301 0.900936 0.494494 0.901922 0.489705 0.900648 0.487899 0.902291 0.479916 0.901018 0.478109 0.902989 0.468531 0.901717 0.466724 0.903360 0.458742 0.902087 0.456935 0.904059 0.447356 0.902785 0.445549 0.904099 0.439164 0.902827 0.437357 0.904470 0.429374 0.903196 0.427568 0.905497 0.416392 0.904223 0.414586 0.904880 0.411393 0.903608 0.409586 0.903936 0.407990 0.901390 0.404376 0.901718 0.402780 0.900445 0.400972 0.898843 0.400762 0.895023 0.395341 0.896009 0.390552
0 0.373201 0.636660 0.327523 0.858563 0.380382 0.865509 0.381368 0.860720 0.383298 0.859335 0.392909 0.860598 0.394839 0.859211 0.406052 0.860684 0.407982 0.859298 0.414390 0.860140 0.416320 0.858754 0.424328 0.859807 0.461791 0.677814 0.456986 0.677182 0.450620 0.668147 0.449018 0.667937 0.447745 0.666131 0.444541 0.665710 0.443268 0.663903 0.440065 0.663482 0.438792 0.661675 0.435587 0.661254 0.434315 0.659447 0.432712 0.659237 0.431440 0.657430 0.428236 0.657009 0.426964 0.655201 0.423760 0.654780 0.422486 0.652974 0.420884 0.652763 0.419611 0.650957 0.416408 0.650536 0.415134 0.648729 0.413533 0.648518 0.412260 0.646711 0.413246 0.641922
0 0.185145 0.231561 0.183502 0.239542 0.181571 0.240929 0.179928 0.248910 0.177997 0.250297 0.176354 0.258280 0.174424 0.259665 0.172781 0.267647 0.170851 0.269033 0.169537 0.275419 0.167606 0.276805 0.166620 0.281594 0.164689 0.282979 0.163703 0.287769 0.161773 0.289156 0.160788 0.293945 0.158857 0.295331 0.157214 0.303313 0.155284 0.304699 0.154298 0.309488 0.152368 0.310873 0.151382 0.315663 0.149451 0.317049 0.148794 0.320242 0.146863 0.321628 0.146206 0.324821 0.144276 0.326207 0.143619 0.329399 0.141689 0.330786 0.141032 0.333978 0.139100 0.335365 0.138772 0.336961 0.136842 0.338347 0.132036 0.337716 0.126121 0.366452 0.278291 0.386446 0.279277 0.381657 0.283138 0.378885 0.284740 0.379095 0.288600 0.376323 0.288929 0.374727 0.290860 0.373341 0.291517 0.370148 0.293447 0.368762 0.294104 0.365569 0.297965 0.362797 0.302771 0.363428 0.311315 0.321921 0.306509 0.321290 0.302690 0.315870 0.301088 0.315659 0.298542 0.312045 0.296940 0.311835 0.295667 0.310028 0.294064 0.309818 0.291518 0.306204 0.289917 0.305994 0.286098 0.300573 0.284495 0.300362 0.283223 0.298555 0.281621 0.298344 0.279074 0.294730 0.277472 0.294520 0.274926 0.290907 0.273324 0.290697 0.272052 0.288889 0.270449 0.288679 0.269175 0.286872 0.267574 0.286662 0.265028 0.283047 0.263426 0.282836 0.262153 0.281030 0.260551 0.280820 0.258005 0.277206 0.256403 0.276995 0.255129 0.275189 0.253528 0.274979 0.252255 0.273171 0.250653 0.272961 0.248107 0.269347 0.246505 0.269136 0.245232 0.267330 0.242028 0.266909 0.240755 0.265102 0.239153 0.264891 0.237881 0.263084 0.236278 0.262873 0.235005 0.261067 0.233403 0.260856 0.232130 0.259049 0.227325 0.258418 0.226051 0.256611 0.222849 0.256190 0.221575 0.254383 0.219973 0.254172 0.218700 0.252366 0.215496 0.251945 0.214224 0.250139 0.211019 0.249718 0.207200 0.244296 0.205598 0.244086 0.204325 0.242279 0.202723 0.242068 0.201450 0.240262 0.199849 0.240051 0.198575 0.238244 0.199561 0.233455
