0 0.565927 0.296137 0.565667 0.300790 0.562194 0.303185 0.560543 0.302831 0.558807 0.304027 0.557156 0.303673 0.553682 0.306067 0.552032 0.305713 0.545084 0.310501 0.543434 0.310147 0.538222 0.313738 0.538136 0.315289 0.536399 0.316487 0.529798 0.315071 0.527977 0.347639 0.532929 0.348701 0.539182 0.356320 0.539095 0.357871 0.546913 0.367395 0.548564 0.367749 0.553254 0.373463 0.554905 0.373817 0.556468 0.375722 0.558118 0.376076 0.561245 0.379886 0.562895 0.380240 0.564459 0.382145 0.566109 0.382499 0.567672 0.384403 0.570973 0.385111 0.572537 0.387016 0.574187 0.387370 0.575750 0.389275 0.580702 0.390337 0.582265 0.392241 0.587216 0.393303 0.588779 0.395208 0.606932 0.399101 0.608668 0.397903 0.635072 0.403566 0.636635 0.405471 0.641586 0.406533 0.643150 0.408437 0.646451 0.409145 0.648014 0.411051 0.651314 0.411758 0.652878 0.413664 0.654528 0.414018 0.656092 0.415922 0.657742 0.416276 0.659305 0.418181 0.660956 0.418535 0.662520 0.420440 0.664170 0.420793 0.668860 0.426507 0.670510 0.426861 0.672074 0.428767 0.673724 0.429120 0.676851 0.432930 0.676591 0.437583 0.701344 0.442892 0.704466 0.387059 0.699516 0.385997 0.694824 0.380283 0.694911 0.378732 0.693348 0.376827 0.693435 0.375277 0.679362 0.358133 0.677713 0.357779 0.674586 0.353969 0.672935 0.353615 0.669808 0.349806 0.668158 0.349452 0.666595 0.347547 0.664944 0.347193 0.663380 0.345288 0.660081 0.344581 0.658517 0.342676 0.655216 0.341968 0.653652 0.340063 0.642101 0.337586 0.640537 0.335681 0.632286 0.333912 0.630722 0.332006 0.625772 0.330945 0.624209 0.329041 0.622558 0.328687 0.620994 0.326781 0.617695 0.326074 0.616131 0.324168 0.614480 0.323814 0.612917 0.321910 0.611267 0.321556 0.608139 0.317746 0.606490 0.317392 0.604926 0.315487 0.603276 0.315133 0.597022 0.307515 0.597282 0.302862
0 0.111418 0.211217 0.111158 0.215870 0.109421 0.217067 0.107771 0.216713 0.106033 0.217910 0.104383 0.217557 0.102647 0.218753 0.100996 0.218399 0.097522 0.220793 0.095873 0.220439 0.094135 0.221637 0.092485 0.221283 0.090748 0.222479 0.089097 0.222125 0.085624 0.224519 0.083974 0.224165 0.082236 0.225362 0.080586 0.225008 0.077112 0.227403 0.075463 0.227049 0.063304 0.235427 0.063217 0.236978 0.058006 0.240569 0.053055 0.239507 0.050454 0.286034 0.055404 0.287096 0.058532 0.290906 0.058446 0.292456 0.061573 0.296266 0.061486 0.297817 0.067739 0.305436 0.067652 0.306988 0.070780 0.310798 0.072430 0.311151 0.077120 0.316865 0.076860 0.321518 0.116466 0.330012 0.116726 0.325359 0.121937 0.321769 0.123588 0.322123 0.130536 0.317335 0.133835 0.318043 0.140783 0.313254 0.147385 0.314670 0.149122 0.313473 0.150771 0.313827 0.152509 0.312629 0.159110 0.314045 0.160846 0.312849 0.162497 0.313203 0.164234 0.312006 0.165884 0.312360 0.169358 0.309966 0.171009 0.310320 0.176219 0.306729 0.181170 0.307790 0.183598 0.264365 0.178647 0.263303 0.175520 0.259494 0.175607 0.257942 0.174044 0.256038 0.174130 0.254487 0.171002 0.250678 0.171089 0.249127 0.169526 0.247222 0.169613 0.245671 0.161795 0.236147 0.161882 0.234596 0.158755 0.230786 0.157104 0.230432 0.152414 0.224718 0.152674 0.220065
0 0.731533 0.052284 0.728412 0.108116 0.733362 0.109178 0.738053 0.114892 0.737966 0.116443 0.739530 0.118348 0.741180 0.118702 0.745871 0.124417 0.747521 0.124770 0.750648 0.128580 0.750388 0.133233 0.791643 0.142081 0.791903 0.137428 0.793641 0.136231 0.795292 0.136585 0.797028 0.135388 0.800329 0.136096 0.802066 0.134898 0.807016 0.135960 0.808753 0.134763 0.812054 0.135472 0.813791 0.134274 0.818741 0.135336 0.820478 0.134139 0.827079 0.135555 0.828817 0.134358 0.835418 0.135773 0.837154 0.134577 0.848705 0.137054 0.850443 0.135858 0.881797 0.142582 0.883534 0.141384 0.921490 0.149525 0.923227 0.148328 0.933128 0.150452 0.934866 0.149254 0.941466 0.150670 0.943203 0.149472 0.949804 0.150888 0.951540 0.149691 0.953191 0.150045 0.954928 0.148849 0.958228 0.149557 0.959966 0.148359 0.961616 0.148713 0.963353 0.147516 0.965002 0.147870 0.971951 0.143082 0.973601 0.143436 0.973688 0.141885 0.980635 0.137097 0.980722 0.135546 0.984196 0.133152 0.984369 0.130051 0.987843 0.127657 0.992794 0.128719 0.993921 0.108557
0 0.396059 0.466880 0.395799 0.471533 0.392325 0.473927 0.390674 0.473573 0.388937 0.474769 0.387287 0.474416 0.382077 0.478006 0.380426 0.477652 0.375216 0.481244 0.375129 0.482794 0.373392 0.483991 0.366791 0.482576 0.364016 0.532204 0.368966 0.533266 0.379912 0.546599 0.381561 0.546953 0.386252 0.552668 0.387903 0.553022 0.389466 0.554927 0.391117 0.555281 0.392680 0.557186 0.394330 0.557540 0.397457 0.561349 0.397197 0.566001 0.416999 0.570248 0.417260 0.565596 0.420734 0.563202 0.424035 0.563910 0.425771 0.562714 0.429072 0.563421 0.430808 0.562224 0.432459 0.562578 0.435933 0.560184 0.437584 0.560538 0.441058 0.558144 0.442707 0.558498 0.449655 0.553710 0.451305 0.554064 0.454780 0.551670 0.456429 0.552024 0.463377 0.547236 0.465028 0.547590 0.466764 0.546393 0.468414 0.546747 0.473626 0.543156 0.475275 0.543510 0.478750 0.541116 0.480400 0.541470 0.490822 0.534288 0.495772 0.535349 0.496465 0.522942 0.491515 0.521881 0.486824 0.516166 0.486911 0.514615 0.479094 0.505091 0.477443 0.504737 0.472753 0.499023 0.471102 0.498669 0.469539 0.496764 0.467889 0.496410 0.466325 0.494505 0.464675 0.494151 0.461548 0.490342 0.459898 0.489988 0.458335 0.488084 0.456684 0.487730 0.453557 0.483920 0.453817 0.479267
0 0.029918 0.802702 0.029572 0.808906 0.027834 0.810102 0.026183 0.809748 0.024447 0.810946 0.022796 0.810592 0.021060 0.811789 0.019410 0.811435 0.015936 0.813828 0.014285 0.813474 0.010811 0.815868 0.009161 0.815514 0.005687 0.817909 0.004037 0.817555 0.000000 0.821146 0.000000 0.820792 0.000000 0.832762 0.000000 0.834313 0.000000 0.836706 0.000000 0.838258 0.000000 0.840652 0.000000 0.842203 0.000000 0.843399 0.000000 0.844950 0.000000 0.846147 0.000000 0.849249 0.000000 0.850445 0.000000 0.853548 0.000000 0.855942 0.000000 0.854881 0.000000 0.888999 0.172803 0.935362 0.174363 0.907447 0.167764 0.906032 0.166200 0.904126 0.166286 0.902575 0.164723 0.900671 0.164810 0.899120 0.161682 0.895310 0.161769 0.893759 0.157078 0.888045 0.157165 0.886494 0.130585 0.854111 0.128935 0.853758 0.124245 0.848044 0.122594 0.847690 0.121030 0.845784 0.119380 0.845430 0.116253 0.841622 0.114602 0.841268 0.113040 0.839363 0.111389 0.839009 0.109826 0.837103 0.108176 0.836750 0.106612 0.834845 0.104961 0.834491 0.103398 0.832586 0.101749 0.832232 0.100184 0.830328 0.098534 0.829974 0.096971 0.828069 0.095321 0.827715 0.093757 0.825810 0.090456 0.825102 0.088892 0.823197 0.087243 0.822843 0.085680 0.820939 0.084029 0.820585 0.082465 0.818680 0.082725 0.814027
0 0.183357 0.477765 0.183097 0.482417 0.179623 0.484812 0.177973 0.484458 0.165814 0.492836 0.165727 0.494387 0.162253 0.496782 0.162167 0.498332 0.158693 0.500726 0.158606 0.502276 0.155132 0.504671 0.155045 0.506222 0.148098 0.511010 0.148011 0.512560 0.142801 0.516152 0.137849 0.515090 0.131433 0.629856 0.136384 0.630918 0.141074 0.636632 0.140988 0.638183 0.151933 0.651517 0.153582 0.651871 0.156710 0.655680 0.158359 0.656034 0.159923 0.657939 0.161574 0.658293 0.163137 0.660197 0.164787 0.660551 0.166351 0.662457 0.166091 0.667109 0.213948 0.677373 0.214208 0.672720 0.219419 0.669129 0.221068 0.669483 0.231491 0.662302 0.231578 0.660751 0.236788 0.657159 0.236875 0.655609 0.240349 0.653215 0.240435 0.651663 0.242172 0.650467 0.242259 0.648916 0.243996 0.647719 0.244083 0.646168 0.245819 0.644971 0.245906 0.643420 0.249381 0.641027 0.249554 0.637924 0.251291 0.636727 0.251464 0.633626 0.253201 0.632429 0.253375 0.629326 0.255111 0.628130 0.255458 0.621926 0.257195 0.620730 0.257368 0.617627 0.259106 0.616430 0.264056 0.617492 0.266223 0.578719 0.261273 0.577658 0.259709 0.575753 0.259969 0.571101 0.258406 0.569196 0.259187 0.555237 0.257624 0.553333 0.258231 0.542477 0.256667 0.540572 0.257100 0.532818 0.255537 0.530913 0.255711 0.527811 0.254146 0.525906 0.254320 0.522804 0.252756 0.520899 0.252843 0.519348 0.251280 0.517444 0.251366 0.515893 0.248239 0.512082 0.248326 0.510532 0.234254 0.493388 0.234514 0.488736
0 0.447692 0.000000 0.446738 0.008471 0.453339 0.009886 0.462721 0.021314 0.464370 0.021668 0.469061 0.027383 0.470712 0.027737 0.473839 0.031547 0.475489 0.031901 0.477052 0.033805 0.478703 0.034159 0.481830 0.037968 0.483481 0.038322 0.485043 0.040228 0.491644 0.041643 0.493208 0.043549 0.501459 0.045318 0.503022 0.047222 0.509624 0.048638 0.512750 0.052448 0.514401 0.052802 0.515965 0.054707 0.517615 0.055061 0.522305 0.060775 0.522045 0.065428 0.630961 0.088787 0.631222 0.084133 0.641643 0.076952 0.641730 0.075401 0.645203 0.073006 0.645290 0.071456 0.648765 0.069062 0.648851 0.067511 0.652324 0.065116 0.652411 0.063566 0.655885 0.061172 0.655971 0.059622 0.659446 0.057228 0.659533 0.055676 0.661269 0.054480 0.661356 0.052928 0.663093 0.051732 0.663179 0.050180 0.664917 0.048983 0.669867 0.050045 0.670474 0.039189
0 0.219819 0.303523 0.219212 0.314379 0.217476 0.315577 0.214874 0.362103 0.213137 0.363300 0.212617 0.372606 0.210879 0.373803 0.210446 0.381558 0.208709 0.382754 0.208449 0.387406 0.206712 0.388604 0.206451 0.393256 0.204715 0.394454 0.204542 0.397555 0.202804 0.398753 0.202631 0.401854 0.200894 0.403051 0.200721 0.406153 0.198984 0.407349 0.198898 0.408901 0.195424 0.411295 0.195337 0.412846 0.193600 0.414043 0.193513 0.415593 0.188302 0.419184 0.188215 0.420735 0.183005 0.424326 0.182918 0.425878 0.174234 0.431862 0.172583 0.431508 0.167371 0.435099 0.162421 0.434038 0.161294 0.454199 0.167895 0.455615 0.172586 0.461330 0.174236 0.461684 0.177363 0.465492 0.179014 0.465846 0.183704 0.471561 0.183444 0.476213 0.244503 0.489308 0.244850 0.483106 0.257008 0.474726 0.257095 0.473175 0.258832 0.471978 0.258919 0.470428 0.262393 0.468033 0.262479 0.466483 0.264216 0.465286 0.264303 0.463735 0.266039 0.462537 0.266126 0.460987 0.267863 0.459789 0.272813 0.460851 0.276975 0.386409 0.272025 0.385347 0.270461 0.383442 0.270548 0.381891 0.268985 0.379986 0.269158 0.376884 0.267595 0.374979 0.267769 0.371877 0.266205 0.369973 0.266378 0.366871 0.264815 0.364967 0.264988 0.361865 0.263424 0.359960 0.263511 0.358408 0.261947 0.356504 0.262034 0.354953 0.260471 0.353048 0.260557 0.351498 0.258993 0.349593 0.259080 0.348042 0.255954 0.344233 0.256041 0.342681 0.252914 0.338872 0.253000 0.337320 0.248309 0.331606 0.248396 0.330056 0.242142 0.322436 0.242229 0.320885 0.240665 0.318980 0.239015 0.318626 0.234325 0.312912 0.234672 0.306709
0 0.795237 0.495987 0.794977 0.500640 0.786293 0.506625 0.784643 0.506271 0.775958 0.512256 0.774308 0.511902 0.765623 0.517887 0.763972 0.517533 0.755288 0.523518 0.753637 0.523164 0.746690 0.527953 0.745040 0.527599 0.739829 0.531189 0.738178 0.530835 0.729493 0.536820 0.727844 0.536466 0.712211 0.547239 0.710561 0.546885 0.698403 0.555264 0.696752 0.554910 0.689804 0.559697 0.688154 0.559344 0.688068 0.560895 0.684593 0.563289 0.682943 0.562935 0.675995 0.567723 0.674344 0.567369 0.658712 0.578141 0.657062 0.577787 0.653589 0.580182 0.653502 0.581733 0.651765 0.582929 0.650114 0.582575 0.641430 0.588561 0.641343 0.590112 0.636133 0.593703 0.634482 0.593349 0.625797 0.599333 0.625710 0.600884 0.623973 0.602081 0.622323 0.601727 0.615375 0.606515 0.613725 0.606161 0.611989 0.607359 0.611902 0.608910 0.601480 0.616092 0.599830 0.615738 0.598092 0.616934 0.597919 0.620036 0.596182 0.621234 0.596096 0.622784 0.589148 0.627572 0.588801 0.633776 0.585327 0.636169 0.585240 0.637720 0.583504 0.638917 0.583244 0.643571 0.581506 0.644767 0.581420 0.646317 0.579682 0.647515 0.579595 0.649066 0.565701 0.658641 0.565614 0.660193 0.553455 0.668572 0.553368 0.670122 0.551631 0.671319 0.551544 0.672870 0.544596 0.677658 0.542947 0.677304 0.527314 0.688076 0.525664 0.687723 0.516979 0.693708 0.515329 0.693354 0.510117 0.696945 0.508468 0.696592 0.487624 0.710954 0.485974 0.710600 0.468605 0.722570 0.466954 0.722216 0.456533 0.729398 0.454883 0.729044 0.444461 0.736227 0.439510 0.735165 0.438383 0.755327 0.443334 0.756388 0.448024 0.762103 0.447937 0.763654 0.455755 0.773178 0.455668 0.774729 0.461922 0.782348 0.463573 0.782702 0.472954 0.794131 0.474605 0.794485 0.482422 0.804008 0.484073 0.804362 0.487199 0.808173 0.488849 0.808527 0.493539 0.814241 0.493279 0.818894 0.595595 0.840837 0.595855 0.836184 0.599329 0.833790 0.602629 0.834497 0.604366 0.833301 0.607667 0.834009 0.609403 0.832811 0.614354 0.833873 0.616092 0.832676 0.619391 0.833383 0.621129 0.832187 0.622779 0.832541 0.624516 0.831344 0.626166 0.831698 0.627903 0.830501 0.632854 0.831563 0.634591 0.830365 0.637891 0.831073 0.639629 0.829876 0.642928 0.830584 0.644666 0.829388 0.647966 0.830096 0.649703 0.828898 0.653003 0.829606 0.654740 0.828408 0.658041 0.829116 0.659777 0.827920 0.663079 0.828628 0.664815 0.827430 0.666466 0.827784 0.668202 0.826588 0.671503 0.827295 0.673240 0.826099 0.674890 0.826453 0.676626 0.825255 0.678277 0.825609 0.681751 0.823215 0.683402 0.823569 0.685138 0.822373 0.686788 0.822727 0.688526 0.821529 0.690176 0.821883 0.691913 0.820687 0.693562 0.821040 0.695300 0.819843 0.696951 0.820197 0.698687 0.818999 0.701988 0.819707 0.705461 0.817314 0.707112 0.817668 0.708849 0.816471 0.710498 0.816825 0.712236 0.815627 0.713886 0.815981 0.715623 0.814785 0.717274 0.815139 0.720747 0.812745 0.722397 0.813099 0.724135 0.811901 0.725785 0.812255 0.727521 0.811058 0.729172 0.811412 0.732646 0.809019 0.734296 0.809373 0.736033 0.808176 0.737683 0.808530 0.741158 0.806135 0.742807 0.806489 0.744544 0.805292 0.746194 0.805646 0.747931 0.804450 0.749582 0.804804 0.753055 0.802410 0.754705 0.802763 0.756443 0.801566 0.758093 0.801920 0.759830 0.800723 0.761480 0.801076 0.766691 0.797486 0.768342 0.797840 0.770078 0.796642 0.771728 0.796996 0.775203 0.794603 0.776853 0.794957 0.780326 0.792562 0.781976 0.792916 0.783714 0.791720 0.785364 0.792074 0.788837 0.789680 0.790488 0.790034 0.792225 0.788837 0.793875 0.789191 0.795612 0.787994 0.797262 0.788348 0.799000 0.787150 0.800650 0.787504 0.802387 0.786308 0.804037 0.786661 0.807511 0.784267 0.809161 0.784622 0.812634 0.782227 0.814285 0.782581 0.822969 0.776596 0.824620 0.776950 0.845463 0.762587 0.847113 0.762941 0.854062 0.758152 0.855712 0.758506 0.867871 0.750128 0.869521 0.750482 0.900786 0.728936 0.900872 0.727386 0.918242 0.715416 0.918328 0.713864 0.921802 0.711470 0.921889 0.709919 0.928837 0.705131 0.928924 0.703581 0.930661 0.702384 0.930748 0.700833 0.934221 0.698439 0.934307 0.696887 0.936045 0.695691 0.936131 0.694140 0.937869 0.692943 0.937956 0.691392 0.941430 0.688999 0.941516 0.687447 0.943253 0.686251 0.943426 0.683148 0.945163 0.681951 0.945249 0.680401 0.946987 0.679204 0.947160 0.676102 0.948898 0.674905 0.948984 0.673354 0.950721 0.672157 0.955671 0.673218 0.959226 0.609632 0.954276 0.608570 0.949585 0.602856 0.949671 0.601305 0.948108 0.599400 0.948195 0.597849 0.946632 0.595944 0.946719 0.594394 0.943592 0.590584 0.943678 0.589034 0.931170 0.573794 0.931257 0.572244 0.928129 0.568434 0.926479 0.568080 0.923352 0.564270 0.921702 0.563916 0.917011 0.558201 0.915361 0.557848 0.910670 0.552134 0.909020 0.551780 0.907457 0.549875 0.905807 0.549521 0.902679 0.545712 0.901029 0.545358 0.899466 0.543453 0.897815 0.543099 0.896251 0.541193 0.894602 0.540839 0.893038 0.538935 0.891388 0.538581 0.889825 0.536676 0.888174 0.536322 0.886610 0.534418 0.884960 0.534064 0.883397 0.532159 0.880097 0.531451 0.878533 0.529546 0.875232 0.528838 0.873669 0.526934 0.872019 0.526580 0.870454 0.524675 0.867155 0.523967 0.865591 0.522063 0.862290 0.521355 0.860726 0.519449 0.857427 0.518742 0.855863 0.516836 0.849262 0.515421 0.847699 0.513517 0.846048 0.513163 0.844484 0.511257 0.844744 0.506605
0 0.000000 0.839403 0.000000 0.845606 0.000000 0.846804 0.000000 0.849905 0.000000 0.852299 0.000000 0.849822 0.000000 0.893246 0.034183 0.905633 0.036437 0.865310 0.029837 0.863894 0.026710 0.860086 0.026797 0.858534 0.025233 0.856629 0.025319 0.855079 0.022192 0.851269 0.022539 0.845065
1 0.059521 0.024304 0.066304 0.112081 0.084465 0.205437 0.073350 0.225026 0.120597 0.216325 0.143874 0.218178 0.164979 0.228982 0.183135 0.262696 0.178970 0.307319 0.172023 0.312107 0.135370 0.310524 0.103845 0.336722 0.117232 0.455736 0.140693 0.573770 0.167466 0.811798 0.177629 0.839090 0.192482 0.842275 0.214802 0.831367 0.810061 0.489750 0.851834 0.459472 0.847577 0.446003 0.781218 0.408228 0.571805 0.300537 0.557560 0.286496 0.111982 0.041833 0.069682 0.021774
0 0.133464 0.055857 0.126433 0.092017 0.131907 0.113594 0.163437 0.147038 0.249693 0.276970 0.278357 0.301953 0.350977 0.406987 0.375209 0.421601 0.411949 0.421633 0.426017 0.408955 0.417501 0.352197 0.407249 0.326455 0.383710 0.299434 0.371722 0.274891 0.246987 0.116301 0.216240 0.098721 0.188875 0.050476 0.169420 0.040027 0.152571 0.042690
0 0.432402 0.892159 0.432492 0.920430 0.504501 1.000000 0.714081 1.000000 0.701226 1.000000 0.641991 1.000000 0.613935 0.990732 0.589089 0.927333 0.594121 0.867202 0.573881 0.840888 0.520900 0.832664 0.495540 0.838212 0.455937 0.859539
