1 0.251563 0.215625 0.251563 0.220312 0.248438 0.223438 0.245312 0.223438 0.243750 0.225000 0.240625 0.225000 0.239063 0.226562 0.235937 0.226562 0.234375 0.228125 0.232813 0.228125 0.231250 0.229687 0.228125 0.229687 0.225000 0.232813 0.223438 0.232813 0.221875 0.234375 0.220312 0.234375 0.218750 0.235937 0.217188 0.235937 0.215625 0.237500 0.214062 0.237500 0.210938 0.240625 0.209375 0.240625 0.206250 0.243750 0.204687 0.243750 0.201563 0.246875 0.200000 0.246875 0.195312 0.251563 0.193750 0.251563 0.179688 0.265625 0.179688 0.267188 0.175000 0.271875 0.175000 0.273438 0.171875 0.276562 0.171875 0.278125 0.168750 0.281250 0.168750 0.282813 0.164062 0.287500 0.159375 0.287500 0.159375 0.339062 0.332813 0.339062 0.332813 0.334375 0.334375 0.332813 0.334375 0.329688 0.335938 0.328125 0.335938 0.323437 0.339062 0.320312 0.339062 0.318750 0.340625 0.317188 0.340625 0.304688 0.342187 0.303125 0.340625 0.301563 0.340625 0.281250 0.339062 0.279687 0.339062 0.268750 0.337500 0.267188 0.337500 0.257812 0.335938 0.256250 0.335938 0.239063 0.334375 0.237500 0.334375 0.225000 0.332813 0.223438 0.332813 0.215625
0 0.646875 0.115625 0.646875 0.151562 0.685937 0.151562 0.685937 0.146875 0.689063 0.143750 0.695312 0.143750 0.695312 0.125000 0.690625 0.125000 0.687500 0.121875 0.687500 0.115625
0 0.565625 0.546875 0.565625 0.578125 0.571875 0.578125 0.575000 0.581250 0.578125 0.581250 0.582812 0.576562 0.587500 0.576562 0.590625 0.579688 0.592187 0.578125 0.595313 0.578125 0.596875 0.576562 0.598437 0.576562 0.607812 0.567187 0.614062 0.567187 0.614062 0.557813 0.609375 0.557813 0.606250 0.554688 0.606250 0.553125 0.604688 0.551562 0.604688 0.546875
0 0.609375 0.540625 0.609375 0.560937 0.614062 0.560937 0.618750 0.565625 0.618750 0.570312 0.628125 0.570312 0.628125 0.565625 0.631250 0.562500 0.635938 0.562500 0.637500 0.564063 0.639062 0.564063 0.640625 0.565625 0.640625 0.570312 0.640625 0.565625 0.642188 0.564063 0.645312 0.564063 0.646875 0.562500 0.648438 0.562500 0.650000 0.560937 0.650000 0.559375 0.651563 0.557813 0.657813 0.557813 0.657813 0.540625
0 0.659375 0.471875 0.659375 0.501563 0.692187 0.501563 0.692187 0.496875 0.696875 0.492188 0.701562 0.492188 0.701562 0.471875
0 0.553125 0.140625 0.553125 0.170313 0.579688 0.170313 0.579688 0.165625 0.584375 0.160938 0.589063 0.160938 0.589063 0.140625
0 0.503125 0.784375 0.503125 0.800000 0.509375 0.800000 0.510938 0.798438 0.517188 0.798438 0.518750 0.800000 0.526563 0.800000 0.526563 0.784375
0 0.265625 0.771875 0.265625 0.795312 0.270313 0.795312 0.270313 0.790625 0.271875 0.789062 0.273438 0.789062 0.275000 0.787500 0.281250 0.787500 0.282813 0.789062 0.284375 0.789062 0.285938 0.787500 0.287500 0.787500 0.290625 0.784375 0.295312 0.784375 0.295312 0.771875
0 0.653125 0.615625 0.653125 0.632812 0.676562 0.632812 0.676562 0.628125 0.678125 0.626563 0.682813 0.626563 0.682813 0.615625
0 0.853125 0.096875 0.853125 0.126562 0.873437 0.126562 0.873437 0.121875 0.876563 0.118750 0.878125 0.118750 0.882812 0.114062 0.889062 0.114062 0.889062 0.096875
0 0.590625 0.715625 0.590625 0.739062 0.614062 0.739062 0.614062 0.732812 0.615625 0.731250 0.620313 0.731250 0.620313 0.715625
0 0.415625 0.671875 0.415625 0.695312 0.431250 0.695312 0.431250 0.689063 0.432812 0.687500 0.439063 0.687500 0.439063 0.671875
0 0.028125 0.740625 0.028125 0.782813 0.050000 0.782813 0.050000 0.778125 0.051562 0.776563 0.057813 0.776563 0.059375 0.775000 0.062500 0.775000 0.064062 0.773438 0.065625 0.773438 0.073438 0.765625 0.073438 0.764062 0.075000 0.762500 0.075000 0.760938 0.076563 0.759375 0.076563 0.756250 0.078125 0.754687 0.082812 0.754687 0.082812 0.753125 0.078125 0.753125 0.075000 0.750000 0.075000 0.748437 0.073438 0.746875 0.073438 0.740625
0 0.398438 0.171875 0.398438 0.176563 0.395313 0.179688 0.390625 0.179688 0.389062 0.181250 0.384375 0.181250 0.384375 0.200000 0.390625 0.200000 0.392188 0.201563 0.393750 0.201563 0.395313 0.203125 0.396875 0.203125 0.400000 0.206250 0.401562 0.206250 0.417187 0.221875 0.417187 0.226562 0.423438 0.226562 0.423438 0.221875 0.425000 0.220312 0.431250 0.220312 0.432812 0.221875 0.432812 0.226562 0.437500 0.226562 0.437500 0.221875 0.439063 0.220312 0.440625 0.220312 0.442188 0.218750 0.443750 0.218750 0.451562 0.210938 0.453125 0.210938 0.459375 0.204687 0.464062 0.204687 0.464062 0.189062 0.459375 0.189062 0.456250 0.185938 0.454688 0.185938 0.453125 0.184375 0.451562 0.184375 0.448437 0.181250 0.446875 0.181250 0.445312 0.179688 0.443750 0.179688 0.442188 0.178125 0.442188 0.171875
0 0.384375 0.659375 0.384375 0.682813 0.403125 0.682813 0.403125 0.676562 0.406250 0.673438 0.406250 0.671875 0.407813 0.670312 0.407813 0.667188 0.409375 0.665625 0.414062 0.665625 0.414062 0.659375
0 0.521875 0.228125 0.521875 0.257812 0.557813 0.257812 0.557813 0.228125
0 0.521875 0.690625 0.521875 0.714063 0.535937 0.714063 0.535937 0.709375 0.539062 0.706250 0.545312 0.706250 0.545312 0.690625
0 0.509375 0.590625 0.509375 0.606250 0.515625 0.606250 0.517188 0.607812 0.518750 0.607812 0.520312 0.609375 0.520312 0.614062 0.521875 0.614062 0.521875 0.609375 0.525000 0.606250 0.526563 0.606250 0.528125 0.604688 0.528125 0.603125 0.529687 0.601562 0.529687 0.600000 0.531250 0.598437 0.531250 0.596875 0.532813 0.595313 0.532813 0.590625
0 0.753125 0.103125 0.753125 0.126562 0.776563 0.126562 0.776563 0.121875 0.779687 0.118750 0.781250 0.118750 0.784375 0.115625 0.789062 0.115625 0.789062 0.103125
0 0.296875 0.690625 0.296875 0.701562 0.314063 0.701562 0.314063 0.690625
0 0.690625 0.190625 0.690625 0.200000 0.700000 0.200000 0.701562 0.201563 0.706250 0.201563 0.707812 0.203125 0.707812 0.207813 0.709375 0.207813 0.709375 0.203125 0.712500 0.200000 0.714063 0.200000 0.715625 0.198437 0.720313 0.198437 0.720313 0.190625
0 0.790625 0.703125 0.790625 0.718750 0.800000 0.718750 0.801562 0.717187 0.807813 0.717187 0.807813 0.703125
1 0.003125 0.340625 0.003125 0.398438 0.009375 0.398438 0.010937 0.400000 0.051562 0.400000 0.053125 0.401562 0.065625 0.401562 0.067187 0.403125 0.070312 0.403125 0.071875 0.404687 0.076563 0.404687 0.078125 0.406250 0.085938 0.406250 0.087500 0.407813 0.090625 0.407813 0.092188 0.409375 0.092188 0.414062 0.223438 0.414062 0.223438 0.406250 0.225000 0.404687 0.225000 0.392188 0.223438 0.390625 0.223438 0.379688 0.221875 0.378125 0.221875 0.353125 0.220312 0.351562 0.220312 0.340625
0 0.346875 0.778125 0.346875 0.795312 0.354687 0.795312 0.354687 0.790625 0.359375 0.785937 0.364063 0.785937 0.364063 0.778125
0 0.834375 0.596875 0.834375 0.614062 0.842187 0.614062 0.842187 0.609375 0.843750 0.607812 0.845313 0.607812 0.846875 0.606250 0.851562 0.606250 0.851562 0.596875
0 0.790625 0.115625 0.790625 0.132812 0.801562 0.132812 0.801562 0.128125 0.807813 0.121875 0.814063 0.121875 0.814063 0.115625
0 0.984375 0.209375 0.984375 0.226562 0.998437 0.226562 0.998437 0.209375
0 0.796875 0.378125 0.796875 0.393750 0.807813 0.393750 0.809375 0.392188 0.810937 0.392188 0.814063 0.389062 0.820312 0.389062 0.820312 0.378125
0 0.834375 0.515625 0.834375 0.531250 0.840625 0.531250 0.842187 0.529687 0.843750 0.529687 0.845313 0.528125 0.851562 0.528125 0.851562 0.515625
0 0.303125 0.628125 0.303125 0.645312 0.315625 0.645312 0.315625 0.640625 0.320312 0.635938 0.320312 0.634375 0.321875 0.632812 0.326562 0.632812 0.326562 0.628125
0 0.820312 0.328125 0.820312 0.334375 0.818750 0.335938 0.818750 0.337500 0.814063 0.342187 0.809375 0.342187 0.809375 0.389062 0.815625 0.389062 0.815625 0.387500 0.818750 0.384375 0.818750 0.382812 0.820312 0.381250 0.820312 0.379688 0.821875 0.378125 0.821875 0.370312 0.823438 0.368750 0.823438 0.346875 0.825000 0.345313 0.825000 0.337500 0.828125 0.334375 0.832812 0.334375 0.832812 0.328125
1 0.087470 0.459987 0.113195 0.459987 0.147155 0.469250 0.181114 0.481598 0.207869 0.515556 0.209927 0.536137 0.191405 0.576270 0.169794 0.591706 0.135836 0.597881 0.093644 0.606114 0.067917 0.604056 0.024697 0.589648 0.002058 0.560836 0.000000 0.522759 0.008233 0.510411 0.026755 0.486744 0.064831 0.469250
1 0.245944 0.411622 0.267555 0.388983 0.292252 0.382809 0.329298 0.381780 0.353995 0.386925 0.374577 0.402361 0.384867 0.419855 0.385895 0.439406 0.377664 0.455872 0.355023 0.472336 0.324153 0.476453 0.279903 0.473366 0.259322 0.457930 0.242858 0.433233
1 0.426030 0.472336 0.444552 0.473366 0.464105 0.479539 0.480569 0.490859 0.494975 0.511441 0.492917 0.523789 0.485714 0.544370 0.471308 0.555691 0.452784 0.570097 0.416767 0.575242 0.386925 0.571125 0.367373 0.558777 0.358111 0.537167 0.361198 0.510411 0.378692 0.492917 0.407506 0.478511
1 0.464105 0.393098 0.464105 0.373547 0.480569 0.352966 0.499092 0.341647 0.524819 0.332384 0.553631 0.329298 0.583475 0.327239 0.609200 0.339588 0.619491 0.348850 0.631841 0.364286 0.638014 0.382809 0.627723 0.403389 0.609200 0.425000 0.572155 0.440436 0.542312 0.441464 0.504238 0.437348 0.478511 0.419855
0 0.099819 0.525847 0.089528 0.533050 0.089528 0.539225 0.099819 0.541283 0.102906 0.535109
0 0.311803 0.425000 0.320036 0.417797 0.324153 0.418825 0.321066 0.430145 0.313863 0.432203
0 0.413680 0.510411 0.405448 0.517616 0.405448 0.519673 0.414709 0.523789 0.420884 0.517616 0.418825 0.513498
0 0.289441 0.711905 0.281419 0.713909 0.280083 0.721263 0.284094 0.722600 0.292114 0.721931 0.292783 0.718589
0 0.854864 0.138770 0.865537 0.135213 0.869097 0.141439 0.869097 0.149445 0.817502 0.555083 0.809497 0.560420 0.801491 0.555972 0.801491 0.549745
0 0.887777 0.125428 0.903789 0.125428 0.904678 0.134323 0.899341 0.136102 0.894005 0.134323
0 0.862936 0.722555 0.864062 0.721053 0.868942 0.720678 0.870819 0.721803 0.870819 0.725183 0.867441 0.725933 0.864062 0.725558
0 0.799877 0.476698 0.794622 0.498469 0.793872 0.507477 0.792370 0.521366 0.791995 0.534503 0.798752 0.533002 0.801003 0.522116 0.804006 0.505225 0.804006 0.487583 0.803631 0.476698
0 0.789367 0.438037 0.785989 0.446670 0.784488 0.460933 0.783737 0.488334 0.781484 0.496217 0.781861 0.500720 0.790869 0.502598 0.796123 0.490963 0.798752 0.480077 0.798377 0.464687 0.797625 0.448172 0.798000 0.438412 0.791995 0.437661
0 0.782236 0.501097 0.776605 0.499970 0.772852 0.505225 0.773227 0.507477 0.782236 0.509355 0.786741 0.505600 0.785614 0.501097 0.782236 0.500345
0 0.823148 0.537881 0.820522 0.548391 0.819770 0.556273 0.822398 0.556648 0.830281 0.554397 0.831031 0.548391 0.829530 0.541634 0.823525 0.537506
0 0.848963 0.308395 0.853344 0.314091 0.855972 0.328545 0.856409 0.339059 0.851153 0.343878 0.847648 0.351325 0.846772 0.357020 0.842392 0.358772 0.839325 0.354392 0.845020 0.322852 0.847211 0.315405 0.847648 0.309709
