0 0.195896 0.285591 0.196074 0.289738 0.200894 0.294372 0.202442 0.294534 0.208870 0.300712 0.210417 0.300874 0.216844 0.307052 0.221487 0.307538 0.222614 0.333804 0.217971 0.333318 0.210530 0.339421 0.208983 0.339259 0.206007 0.341700 0.206184 0.345847 0.159757 0.340988 0.159579 0.336841 0.154759 0.332208 0.153212 0.332046 0.151605 0.330501 0.151546 0.329119 0.149938 0.327574 0.143749 0.326926 0.142326 0.293747 0.148515 0.294394 0.158933 0.285851 0.158755 0.281704
0 0.366578 0.457600 0.366756 0.461747 0.371576 0.466380 0.376219 0.466866 0.377702 0.501428 0.334370 0.496893 0.334193 0.492746 0.332585 0.491201 0.323301 0.490229 0.321700 0.452902
0 0.317554 0.320345 0.317731 0.324492 0.320945 0.327581 0.322493 0.327743 0.324099 0.329288 0.325647 0.329450 0.328861 0.332539 0.330408 0.332701 0.335228 0.337335 0.339872 0.337821 0.340820 0.359940 0.336177 0.359454 0.333202 0.361896 0.331654 0.361734 0.330166 0.362954 0.328618 0.362792 0.325641 0.365233 0.325819 0.369380 0.302607 0.366950 0.302429 0.362803 0.300821 0.361259 0.299274 0.361097 0.297667 0.359552 0.296119 0.359390 0.294513 0.357846 0.292966 0.357684 0.291358 0.356139 0.289810 0.355977 0.288204 0.354432 0.286657 0.354271 0.283442 0.351182 0.281895 0.351020 0.281836 0.349638 0.280228 0.348093 0.274038 0.347445 0.272674 0.315648
0 0.024706 0.317219 0.024884 0.321366 0.026490 0.322910 0.029586 0.323234 0.031193 0.324778 0.038931 0.325588 0.040537 0.327133 0.045181 0.327619 0.046787 0.329163 0.051430 0.329649 0.053036 0.331194 0.062322 0.332166 0.062737 0.341843 0.055000 0.341033 0.053511 0.342254 0.051964 0.342092 0.050475 0.343312 0.048927 0.343150 0.047439 0.344371 0.044344 0.344047 0.042855 0.345268 0.041308 0.345106 0.039821 0.346326 0.038273 0.346164 0.036784 0.347385 0.033689 0.347061 0.032201 0.348281 0.030654 0.348119 0.029165 0.349339 0.027617 0.349177 0.026129 0.350398 0.026307 0.354545 0.000000 0.349200 0.000000 0.345053 0.000000 0.341964 0.000000 0.341802 0.000000 0.338713 0.000000 0.338551 0.000000 0.337007 0.000000 0.336521 0.000000 0.310253
0 0.161951 0.392140 0.162189 0.397670 0.163796 0.399215 0.169986 0.399863 0.170935 0.421982 0.166293 0.421496 0.164804 0.422717 0.163256 0.422555 0.160280 0.424996 0.160458 0.429144 0.120222 0.424932 0.120044 0.420785 0.118437 0.419240 0.113794 0.418754 0.112188 0.417210 0.107545 0.416724 0.105938 0.415179 0.102843 0.414855 0.099629 0.411766 0.098081 0.411604 0.094869 0.408516 0.093321 0.408354 0.091713 0.406809 0.085524 0.406161 0.084990 0.393719 0.089632 0.394205 0.092609 0.391764 0.094157 0.391926 0.095645 0.390705 0.095407 0.385175
0 0.835495 0.435115 0.835673 0.439262 0.838886 0.442352 0.843529 0.442838 0.844656 0.469105 0.840013 0.468618 0.837037 0.471060 0.835490 0.470898 0.832513 0.473339 0.832691 0.477486 0.801740 0.474246 0.801562 0.470099 0.798349 0.467010 0.796801 0.466848 0.793588 0.463759 0.792040 0.463597 0.788826 0.460508 0.784183 0.460022 0.783293 0.439285 0.787936 0.439771 0.793889 0.434888 0.793711 0.430741
0 0.522552 0.286752 0.523442 0.307489 0.494039 0.304411 0.493387 0.289204 0.498029 0.289690 0.499517 0.288469 0.499339 0.284322
0 0.475291 0.298320 0.475468 0.302467 0.478682 0.305556 0.480229 0.305718 0.481837 0.307263 0.483384 0.307425 0.493025 0.316692 0.499215 0.317340 0.500579 0.349136 0.492842 0.348326 0.491353 0.349547 0.491531 0.353695 0.442009 0.348512 0.441832 0.344364 0.440224 0.342819 0.438677 0.342657 0.433857 0.338024 0.427666 0.337376 0.426598 0.312491 0.431242 0.312977 0.434218 0.310536 0.434159 0.309153 0.435647 0.307933 0.435587 0.306551 0.437076 0.305330 0.437017 0.303948 0.442970 0.299065 0.442792 0.294918
0 0.387317 0.294617 0.388207 0.315355 0.358804 0.312277 0.358211 0.298452 0.362853 0.298938 0.365830 0.296497 0.365652 0.292349
0 0.086834 0.400793 0.087012 0.404941 0.090226 0.408030 0.091773 0.408192 0.094987 0.411280 0.096534 0.411442 0.098141 0.412987 0.101236 0.413311 0.102843 0.414855 0.109033 0.415503 0.109686 0.430711 0.105043 0.430225 0.099090 0.435107 0.099267 0.439254 0.034272 0.432450 0.034094 0.428303 0.030879 0.425214 0.029332 0.425052 0.027725 0.423508 0.026177 0.423346 0.022964 0.420257 0.018322 0.419771 0.017669 0.404564 0.023859 0.405212 0.025347 0.403991 0.026895 0.404153 0.028383 0.402933 0.029930 0.403095 0.031419 0.401875 0.034514 0.402199 0.037490 0.399758 0.037312 0.395610
0 0.735368 0.507211 0.735546 0.511358 0.743581 0.519081 0.748223 0.519567 0.748994 0.537540 0.742804 0.536892 0.741315 0.538112 0.739768 0.537950 0.738280 0.539170 0.736732 0.539008 0.735244 0.540229 0.735422 0.544376 0.715304 0.542270 0.715126 0.538123 0.711912 0.535034 0.710364 0.534872 0.705544 0.530238 0.700901 0.529752 0.700189 0.513163 0.704832 0.513649 0.710785 0.508767 0.710607 0.504620
0 0.790560 0.788244 0.791924 0.820041 0.756331 0.816315 0.756153 0.812168 0.752938 0.809079 0.752879 0.807696 0.748059 0.803063 0.743416 0.802577 0.742941 0.791517 0.749133 0.792165 0.750620 0.790945 0.750561 0.789562 0.752049 0.788341 0.751871 0.784194
0 0.791588 0.309407 0.791766 0.313555 0.796587 0.318188 0.798134 0.318350 0.798193 0.319732 0.801407 0.322820 0.807597 0.323468 0.808487 0.344206 0.803843 0.343720 0.802356 0.344941 0.800808 0.344779 0.797832 0.347219 0.796284 0.347057 0.794795 0.348278 0.794973 0.352425 0.762475 0.349024 0.762297 0.344877 0.759084 0.341788 0.757537 0.341626 0.754322 0.338537 0.748132 0.337889 0.747183 0.315769 0.751826 0.316255 0.754803 0.313814 0.756351 0.313976 0.760815 0.310315 0.760637 0.306167
0 0.616455 0.428703 0.616633 0.432851 0.619848 0.435940 0.621395 0.436102 0.623002 0.437646 0.627644 0.438132 0.628890 0.467164 0.584010 0.462466 0.583832 0.458319 0.582226 0.456775 0.582167 0.455392 0.580560 0.453848 0.574370 0.453200 0.573125 0.424168
0 0.156146 0.220874 0.157273 0.247142 0.138702 0.245198 0.138524 0.241050 0.136917 0.239505 0.135370 0.239343 0.133763 0.237799 0.130667 0.237475 0.129061 0.235931 0.121323 0.235121 0.120848 0.224060 0.125491 0.224546 0.128468 0.222105 0.128290 0.217958
0 0.690162 0.315306 0.691051 0.336042 0.661648 0.332965 0.660759 0.312228
0 0.509787 0.456074 0.509965 0.460221 0.514786 0.464855 0.516334 0.465017 0.516394 0.466400 0.518000 0.467944 0.524190 0.468592 0.525080 0.489329 0.478654 0.484469 0.478476 0.480322 0.475262 0.477233 0.470620 0.476747 0.469849 0.458775 0.474491 0.459261 0.477467 0.456820 0.477290 0.452672
0 0.870716 0.537894 0.870954 0.543424 0.874166 0.546512 0.878810 0.546998 0.879580 0.564971 0.845535 0.561408 0.845357 0.557260 0.842143 0.554171 0.837501 0.553685 0.836670 0.534330
0 0.079955 0.240425 0.080192 0.245955 0.091439 0.256766 0.096082 0.257252 0.096794 0.273841 0.072033 0.271250 0.071855 0.267103 0.070248 0.265558 0.068701 0.265397 0.067095 0.263852 0.060904 0.263204 0.060133 0.245231 0.064776 0.245717 0.067752 0.243276 0.067574 0.239129
0 0.355994 0.390430 0.356172 0.394578 0.359385 0.397667 0.360933 0.397829 0.362540 0.399373 0.367182 0.399859 0.367716 0.412301 0.341408 0.409547 0.341230 0.405400 0.336409 0.400767 0.331767 0.400281 0.331233 0.387839
0 0.562043 0.489069 0.563170 0.515336 0.515196 0.510315 0.514070 0.484048
0 0.923880 0.843487 0.924295 0.853164 0.910308 0.850324 0.911500 0.842191
0 0.185973 0.557055 0.187995 0.568277 0.161983 0.572436 0.167402 0.555112
0 0.212049 0.518497 0.211272 0.536307 0.194487 0.540055 0.189310 0.527127
0 0.141218 0.519340 0.146039 0.523973 0.142167 0.541460 0.133060 0.544635 0.109728 0.539441 0.104433 0.523748 0.111814 0.516263
0 0.343537 0.495100 0.342404 0.504615 0.328477 0.503158 0.331157 0.493805
0 0.275456 0.416408 0.275931 0.427468 0.266764 0.429260 0.260218 0.420317 0.267659 0.414215
0 0.569868 0.312348 0.574689 0.316982 0.574749 0.318365 0.570283 0.322026 0.562545 0.321216 0.556178 0.316421 0.557547 0.312435 0.562071 0.310156 0.566714 0.310642
1 0.220109 0.742297 0.257251 0.746185 0.238971 0.786937 0.175580 0.781677 0.166059 0.775176 0.153683 0.738097
1 0.390641 0.731246 0.378552 0.772644 0.316710 0.767548 0.288978 0.731614 0.288681 0.724702 0.301002 0.724615
1 0.668132 0.735518 0.661995 0.772034 0.651459 0.777813 0.442778 0.761475 0.412663 0.741808 0.416238 0.717409
1 0.765690 0.639444 0.731859 0.784541 0.670016 0.779444 0.675974 0.738779 0.710874 0.618567 0.716886 0.615068
1 0.706547 0.589524 0.709998 0.598143 0.672477 0.729091 0.668013 0.732753 0.612361 0.728303 0.611649 0.711714 0.656314 0.567751 0.663992 0.567178
1 0.650485 0.539615 0.651196 0.556205 0.637737 0.601589 0.584350 0.578109 0.594892 0.536548
