0 0.056713 0.708331 0.056606 0.713923 0.049395 0.720415 0.047620 0.720640 0.040411 0.727131 0.038636 0.727356 0.036833 0.728980 0.036806 0.730377 0.035005 0.732000 0.033229 0.732225 0.029624 0.735472 0.027848 0.735696 0.026046 0.737319 0.024270 0.737544 0.022468 0.739166 0.015366 0.740066 0.015018 0.758241 0.022121 0.757342 0.025618 0.759688 0.025591 0.761086 0.029089 0.763433 0.029062 0.764831 0.044802 0.775391 0.046577 0.775166 0.050075 0.777511 0.051850 0.777287 0.057097 0.780807 0.057016 0.785001 0.072997 0.782977 0.073077 0.778783 0.074879 0.777160 0.076654 0.776935 0.078457 0.775312 0.080233 0.775087 0.082034 0.773464 0.083809 0.773239 0.087414 0.769994 0.089190 0.769769 0.096399 0.763278 0.098175 0.763053 0.103582 0.758183 0.105357 0.757959 0.107160 0.756335 0.107186 0.754937 0.127012 0.737085 0.134114 0.736186 0.134462 0.718010 0.129135 0.718685 0.125637 0.716338 0.123861 0.716563 0.118615 0.713043 0.116840 0.713268 0.108096 0.707402 0.108203 0.701810
0 0.000000 0.672811 0.000000 0.678403 0.000000 0.680026 0.000000 0.680251 0.000000 0.686743 0.000000 0.687643 0.000000 0.725391 0.000000 0.724716 0.000000 0.731755 0.000000 0.733153 0.000000 0.739020 0.000000 0.738795 0.000000 0.741141 0.000000 0.740917 0.001135 0.743263 0.001055 0.747458 0.015259 0.745659 0.015339 0.741464 0.020747 0.736596 0.022522 0.736371 0.024324 0.734748 0.026100 0.734523 0.027901 0.732899 0.029678 0.732675 0.038690 0.724560 0.040465 0.724335 0.047674 0.717844 0.049449 0.717619 0.062065 0.706258 0.063842 0.706033 0.071050 0.699541 0.078152 0.698642 0.078473 0.681865 0.073147 0.682540 0.055659 0.670807 0.053883 0.671032 0.052134 0.669859 0.052241 0.664266
0 0.057591 0.384647 0.057270 0.401425 0.064373 0.400525 0.067870 0.402872 0.069646 0.402647 0.076640 0.407340 0.076614 0.408738 0.078363 0.409911 0.080139 0.409686 0.083636 0.412033 0.090738 0.411133 0.094342 0.407887 0.094369 0.406490 0.097975 0.403243 0.098002 0.401845 0.101605 0.398599 0.101632 0.397202 0.103435 0.395578 0.103488 0.392782 0.105291 0.391160 0.105371 0.386965 0.103622 0.385791 0.103756 0.378801
0 0.144744 0.273192 0.144236 0.299756 0.149562 0.299081 0.154809 0.302601 0.156584 0.302376 0.160082 0.304722 0.160002 0.308916 0.181309 0.306218 0.181389 0.302024 0.184992 0.298778 0.186768 0.298553 0.192176 0.293685 0.199277 0.292785 0.199678 0.271814 0.194352 0.272488 0.192604 0.271315 0.192684 0.267121
0 0.781694 0.309684 0.781186 0.336248 0.818473 0.331526 0.818553 0.327331 0.823960 0.322462 0.829287 0.321788 0.829634 0.303613
0 0.496041 0.797744 0.495533 0.824308 0.522166 0.820935 0.522246 0.816741 0.525852 0.813494 0.527627 0.813270 0.531231 0.810024 0.536559 0.809349 0.536880 0.792572
0 0.781520 0.689066 0.780985 0.717028 0.786312 0.716353 0.788061 0.717527 0.789836 0.717302 0.791585 0.718475 0.793360 0.718250 0.796859 0.720597 0.796778 0.724791 0.809207 0.723217 0.809314 0.717624 0.811117 0.716002 0.812891 0.715777 0.816496 0.712531 0.818271 0.712306 0.821877 0.709060 0.823652 0.708835 0.829058 0.703967 0.836160 0.703068 0.836374 0.691882 0.831048 0.692556 0.825801 0.689037 0.825908 0.683445
0 0.956253 0.443785 0.955959 0.459164 0.961286 0.458489 0.964782 0.460836 0.964756 0.462234 0.966505 0.463408 0.966398 0.468999 0.984153 0.466751 0.984260 0.461159 0.989667 0.456290 0.989693 0.454892 0.996904 0.448400 0.998679 0.448176 1.000000 0.443306 1.000000 0.442407 1.000000 0.436815
0 0.752469 0.726218 0.751961 0.752781 0.778595 0.749409 0.778675 0.745215 0.782279 0.741969 0.784055 0.741744 0.787659 0.738498 0.792985 0.737824 0.793306 0.721047
0 0.363949 0.295641 0.363601 0.313817 0.370703 0.312917 0.381196 0.319956 0.381169 0.321354 0.382917 0.322527 0.382891 0.323926 0.384640 0.325099 0.384533 0.330692 0.395186 0.329343 0.395267 0.325148 0.400673 0.320279 0.400700 0.318881 0.407910 0.312389 0.407937 0.310991 0.413343 0.306122 0.418669 0.305448 0.418990 0.288671
0 0.534615 0.262870 0.534268 0.281045 0.539595 0.280370 0.541343 0.281544 0.543118 0.281319 0.546617 0.283666 0.546536 0.287860 0.555414 0.286735 0.555494 0.282542 0.559099 0.279296 0.567976 0.278171 0.569725 0.279345 0.575052 0.278670 0.576854 0.277047 0.580405 0.276597 0.582208 0.274974 0.583983 0.274749 0.591192 0.268257 0.596518 0.267583 0.596759 0.255000
0 0.793758 0.419733 0.793250 0.446297 0.823434 0.442474 0.823514 0.438280 0.825317 0.436656 0.825344 0.435259 0.828948 0.432013 0.828975 0.430614 0.836184 0.424123 0.841510 0.423449 0.841698 0.413662
0 0.151137 0.679636 0.150870 0.693617 0.161523 0.692268 0.163272 0.693441 0.166822 0.692991 0.168625 0.691369 0.172176 0.690919 0.175674 0.693265 0.175593 0.697460 0.184472 0.696336 0.184579 0.690743 0.189985 0.685874 0.190012 0.684476 0.193616 0.681231 0.198942 0.680556 0.199076 0.673565
0 0.340181 0.426964 0.339566 0.459121 0.364424 0.455973 0.364504 0.451778 0.366307 0.450154 0.369858 0.449705 0.371659 0.448082 0.378762 0.447183 0.380563 0.445560 0.384116 0.445111 0.387720 0.441865 0.394821 0.440965 0.395223 0.419994
0 0.855348 0.255726 0.855134 0.266911 0.851528 0.270157 0.846202 0.270831 0.845801 0.291802 0.851127 0.291128 0.852876 0.292301 0.854653 0.292076 0.856401 0.293249 0.856294 0.298842 0.874049 0.296594 0.874130 0.292399 0.879536 0.287530 0.881312 0.287305 0.884917 0.284059 0.886692 0.283834 0.888494 0.282212 0.890271 0.281987 0.895677 0.277119 0.901004 0.276444 0.901031 0.275045 0.895704 0.275720 0.893955 0.274547 0.894009 0.271750 0.876521 0.260018 0.876548 0.258620 0.874798 0.257446 0.874879 0.253253
0 0.284969 0.350274 0.284567 0.371246 0.312976 0.367648 0.313056 0.363453 0.314859 0.361830 0.314886 0.360432 0.318491 0.357186 0.318571 0.352992 0.316821 0.351819 0.316928 0.346226
0 0.000000 0.840132 0.000000 0.854113 0.002600 0.851865 0.004401 0.850242 0.006177 0.850017 0.011584 0.845148 0.018687 0.844248 0.018848 0.835860
0 0.146496 0.551911 0.146202 0.567290 0.171059 0.564143 0.171166 0.558549 0.172969 0.556927 0.180070 0.556027 0.180231 0.547639
0 0.136291 0.714989 0.135889 0.735961 0.157196 0.733263 0.157276 0.729068 0.160881 0.725822 0.160908 0.724425 0.164512 0.721178 0.169839 0.720503 0.170027 0.710717
0 0.273372 0.586053 0.272971 0.607025 0.292503 0.604551 0.292583 0.600357 0.297989 0.595488 0.298016 0.594090 0.301621 0.590844 0.306947 0.590169 0.307107 0.581781
0 0.230973 0.580265 0.230599 0.599838 0.237701 0.598939 0.241198 0.601285 0.241118 0.605480 0.260650 0.603006 0.260757 0.597413 0.262559 0.595791 0.262933 0.576217
0 0.283642 0.512228 0.283561 0.516422 0.279957 0.519667 0.274630 0.520342 0.274362 0.534323 0.283240 0.533199 0.285042 0.531576 0.293920 0.530452 0.295722 0.528829 0.301048 0.528154 0.302851 0.526532 0.304626 0.526307 0.306429 0.524683 0.308204 0.524458 0.310007 0.522836 0.311783 0.522611 0.315388 0.519365 0.322489 0.518466 0.322703 0.507281
0 0.815279 0.405850 0.815065 0.417034 0.823942 0.415910 0.825692 0.417084 0.827468 0.416859 0.829216 0.418032 0.832767 0.417582 0.834515 0.418755 0.836291 0.418530 0.838094 0.416907 0.841644 0.416458 0.847052 0.411589 0.847239 0.401802
0 0.186541 0.680732 0.186059 0.705897 0.202040 0.703874 0.203842 0.702250 0.207393 0.701801 0.209196 0.700178 0.210971 0.699953 0.212772 0.698331 0.214548 0.698106 0.216350 0.696482 0.218126 0.696257 0.219929 0.694634 0.221704 0.694409 0.223507 0.692787 0.225282 0.692562 0.230688 0.687694 0.230715 0.686295 0.232518 0.684672 0.232705 0.674885
0 0.246462 0.511357 0.246248 0.522542 0.255125 0.521418 0.256874 0.522591 0.258650 0.522366 0.260398 0.523539 0.271052 0.522190 0.272854 0.520567 0.274630 0.520342 0.276432 0.518719 0.278207 0.518495 0.285417 0.512003 0.285524 0.506411
0 0.219337 0.447846 0.219096 0.460430 0.226198 0.459530 0.227948 0.460703 0.242152 0.458904 0.243954 0.457282 0.245730 0.457057 0.247532 0.455434 0.252858 0.454759 0.253072 0.443574
0 0.599070 0.226814 0.598776 0.242193 0.612980 0.240394 0.613060 0.236200 0.614862 0.234576 0.616638 0.234351 0.618441 0.232729 0.625542 0.231830 0.625703 0.223441
0 0.356780 0.670330 0.356378 0.691301 0.370583 0.689502 0.370663 0.685309 0.376069 0.680439 0.383173 0.679540 0.383413 0.666957
0 0.126687 0.476316 0.126286 0.497287 0.156471 0.493464 0.156578 0.487872 0.158380 0.486250 0.158406 0.484852 0.162011 0.481606 0.167338 0.480931 0.167526 0.471144
0 0.293716 0.633686 0.293422 0.649065 0.309402 0.647041 0.309482 0.642847 0.314889 0.637979 0.320215 0.637304 0.320349 0.630313
0 0.099349 0.423990 0.098947 0.444961 0.123805 0.441813 0.123939 0.434823 0.127543 0.431577 0.132871 0.430902 0.133085 0.419718
0 0.330618 0.556488 0.330377 0.569071 0.355235 0.565923 0.357037 0.564300 0.364140 0.563401 0.364354 0.552216
0 0.148890 0.797076 0.148596 0.812456 0.168127 0.809982 0.168422 0.794603
0 0.313591 0.335491 0.313351 0.348075 0.334657 0.345376 0.341866 0.338885 0.347192 0.338210 0.347326 0.331219
0 0.012624 0.513076 0.012437 0.522862 0.019539 0.521963 0.021289 0.523137 0.021208 0.527331 0.046065 0.524183 0.046145 0.519989 0.047948 0.518365 0.053274 0.517691 0.053461 0.507905
0 0.196425 0.534430 0.196024 0.555401 0.215554 0.552928 0.215635 0.548734 0.217438 0.547112 0.217464 0.545713 0.221069 0.542467 0.221096 0.541069 0.222899 0.539446 0.222925 0.538048 0.224727 0.536425 0.230053 0.535751 0.230160 0.530158
0 0.900331 0.774439 0.900037 0.789817 0.926671 0.786445 0.926965 0.771066
0 0.404248 0.781474 0.404061 0.791261 0.411163 0.790361 0.412966 0.788739 0.421843 0.787614 0.425447 0.784368 0.430775 0.783694 0.430882 0.778101
0 0.196425 0.534430 0.196024 0.555401 0.217331 0.552703 0.217438 0.547112 0.221042 0.543866 0.221096 0.541069 0.222899 0.539446 0.222925 0.538048 0.224727 0.536425 0.230053 0.535751 0.230160 0.530158
0 0.082469 0.565598 0.082175 0.580977 0.098154 0.578953 0.098235 0.574759 0.100037 0.573137 0.110691 0.571788 0.112494 0.570164 0.114269 0.569939 0.116070 0.568316 0.123172 0.567417 0.123306 0.560427
1 0.574576 0.591502 0.486102 0.690981 0.537072 0.696296 0.595562 0.699187 0.682814 0.663618 0.601594 0.579252 0.583990 0.587856
1 0.604319 0.575349 0.689258 0.660714 0.754515 0.602917 0.744580 0.601233 0.744655 0.597300 0.751042 0.589135 0.756744 0.584000 0.773194 0.570636 0.783816 0.568800 0.786230 0.572909 0.793144 0.569581 0.816054 0.544121 0.610032 0.569720
1 0.534392 0.575992 0.643145 0.458251 0.673846 0.481336 0.652004 0.483612 0.650641 0.489669 0.657330 0.498140 0.664691 0.504074 0.671380 0.512545 0.678711 0.519954 0.687236 0.530153 0.698985 0.534551 0.709647 0.530749 0.712360 0.519125 0.717251 0.523900 0.752283 0.548399 0.752254 0.549873 0.612357 0.570042 0.613767 0.561526 0.613832 0.558085 0.609508 0.556181 0.598299 0.556129 0.585821 0.557218 0.577080 0.558325 0.564603 0.559416 0.554568 0.563138 0.553214 0.568705 0.554380 0.572970 0.556196 0.575683 0.552421 0.577632
1 0.744140 0.616755 0.752444 0.605895 0.757476 0.603296 0.763077 0.603569 0.773748 0.599274 0.781939 0.594314 0.790196 0.585912 0.792220 0.577808 0.792314 0.572892 0.865269 0.503332 0.876564 0.498959 0.878419 0.499705 0.956113 0.605606 0.956075 0.607572 0.864884 0.621082
0 0.555391 0.563226 0.554857 0.566940 0.554794 0.570232 0.556601 0.572555 0.558409 0.574880 0.558756 0.581035 0.559163 0.583901 0.565095 0.588622 0.569703 0.589861 0.575725 0.589828 0.583638 0.587732 0.592966 0.584362 0.607963 0.575169 0.609904 0.570546 0.610918 0.566041 0.611002 0.561654 0.608313 0.556889 0.605113 0.554740 0.594920 0.554938 0.556334 0.562376
0 0.684206 0.608914 0.677263 0.608699 0.669376 0.609333 0.663776 0.611501 0.661385 0.615451 0.661322 0.618741 0.664911 0.624852 0.673248 0.624890 0.680212 0.624008 0.686311 0.619953 0.688274 0.614234
0 0.784092 0.568912 0.788200 0.572039 0.791311 0.578938 0.791220 0.583690 0.788820 0.588008 0.782708 0.592792 0.777067 0.597154 0.770060 0.600230 0.765403 0.601549 0.759368 0.602313 0.754273 0.602229 0.748293 0.600068 0.745550 0.598228 0.755039 0.586450 0.766343 0.576629 0.777591 0.569735
0 0.849704 0.601450 0.845531 0.601614 0.838988 0.604630 0.835176 0.610219 0.835120 0.613144 0.836928 0.615468 0.842465 0.616591 0.848022 0.616616 0.855487 0.613847 0.859743 0.609296 0.858440 0.604720 0.854326 0.601959 0.852938 0.601769
0 0.814529 0.624139 0.822270 0.631183 0.831964 0.632873 0.844473 0.632748 0.858388 0.631715 0.868158 0.629385 0.873772 0.626485 0.873800 0.625023 0.865457 0.625350 0.854799 0.625605 0.840461 0.624502 0.830760 0.623179 0.816408 0.622808
0 0.653091 0.492134 0.652268 0.486769 0.655074 0.485318 0.660189 0.484306 0.672697 0.484182 0.680543 0.485740 0.691158 0.487679 0.699431 0.491008 0.710870 0.498312 0.712630 0.503196 0.713369 0.512948 0.713624 0.523858 0.709853 0.527253 0.701904 0.531177 0.696366 0.530055 0.686807 0.521418 0.670927 0.504100 0.664489 0.501632 0.654380 0.497442 0.652128 0.494080
0 0.601886 0.457041 0.597786 0.453549 0.588577 0.450703 0.579769 0.451089 0.574619 0.453929 0.571735 0.459401 0.568838 0.465603 0.567818 0.470474 0.568157 0.476996 0.570429 0.479261 0.579631 0.482472 0.592138 0.482347 0.597767 0.478716 0.601136 0.472090 0.599370 0.467572 0.599854 0.466417 0.602261 0.461736
0 0.465298 0.744956 0.465630 0.751843 0.465399 0.763909 0.462474 0.771574 0.456742 0.780687 0.451023 0.789071 0.447197 0.795391 0.451791 0.797362 0.456892 0.797081 0.468948 0.796283 0.482856 0.795615 0.494464 0.794145 0.505241 0.787675 0.506288 0.781343 0.500310 0.779182 0.490691 0.773470 0.485802 0.762783 0.486026 0.751084 0.488036 0.742806 0.488071 0.740977
0 0.468675 0.616880 0.469064 0.620842 0.465153 0.631549 0.457059 0.643150 0.453274 0.647277 0.444818 0.653453 0.438698 0.658605 0.433048 0.663333 0.428787 0.668249 0.426874 0.671409 0.431875 0.676245 0.436033 0.676814 0.444363 0.677218 0.459615 0.678934 0.470737 0.678618 0.476793 0.676758 0.478299 0.670732 0.472120 0.654737 0.469079 0.644181 0.471014 0.639924 0.480939 0.629549 0.482415 0.624986 0.480664 0.619738 0.476111 0.615572 0.472868 0.615619
0 0.399136 0.620214 0.382861 0.671877 0.381744 0.681865 0.377399 0.691168 0.399290 0.684748 0.416588 0.676359 0.429272 0.667093 0.442474 0.654844 0.454398 0.636923 0.461543 0.626536 0.463492 0.621547 0.455802 0.611945 0.430765 0.613291 0.398222 0.619601
0 0.850423 0.251581 0.843227 0.259622 0.834046 0.266330 0.827949 0.269478 0.816780 0.274853 0.811663 0.279462 0.810517 0.286736 0.818447 0.292861 0.824453 0.294477 0.834537 0.293200 0.846805 0.282934 0.854046 0.272510 0.856094 0.270667 0.858278 0.261677
0 0.499996 0.351765 0.493567 0.351857 0.488937 0.353890 0.483791 0.358879 0.482361 0.361591 0.485527 0.364081 0.492390 0.365381 0.499746 0.364812 0.504850 0.361996 0.505834 0.358618 0.502723 0.353227
0 0.430981 0.359422 0.431798 0.364741 0.435438 0.366449 0.443674 0.367935 0.454685 0.368349 0.460618 0.370129 0.463709 0.376606 0.459498 0.380754 0.448905 0.382457 0.439777 0.379637 0.420230 0.369459 0.420306 0.365472 0.428239 0.358683
0 0.527845 0.335947 0.527602 0.348631 0.526976 0.357386 0.533858 0.357600 0.543601 0.352390 0.546062 0.343762 0.542099 0.334866 0.533466 0.330173
