0 0.873704 0.224207 0.873785 0.229063 0.876662 0.232632 0.880898 0.233130 0.881549 0.271971 0.877313 0.271473 0.874545 0.274378 0.874599 0.277615 0.873214 0.279067 0.873241 0.280686 0.871856 0.282138 0.871910 0.285375 0.870525 0.286827 0.870580 0.290064 0.869195 0.291517 0.869222 0.293136 0.867837 0.294588 0.867865 0.296206 0.866480 0.297658 0.866507 0.299276 0.865122 0.300729 0.865149 0.302347 0.863764 0.303800 0.863818 0.307037 0.862434 0.308490 0.862461 0.310108 0.861077 0.311561 0.861158 0.316416 0.859773 0.317867 0.859881 0.324342 0.847175 0.322848 0.847093 0.317993 0.834142 0.301933 0.834115 0.300315 0.828359 0.293177 0.828332 0.291559 0.819698 0.280852 0.815462 0.280354 0.814947 0.249604 0.820594 0.250268 0.839981 0.229934 0.839954 0.228316 0.842723 0.225411 0.842642 0.220556
0 0.922465 0.359158 0.923224 0.404473 0.918989 0.403975 0.916220 0.406880 0.916328 0.413354 0.914943 0.414807 0.915024 0.419662 0.913640 0.421114 0.913694 0.424350 0.912309 0.425803 0.912336 0.427422 0.910951 0.428874 0.910978 0.430493 0.908208 0.433397 0.908236 0.435016 0.905467 0.437921 0.905494 0.439539 0.904109 0.440992 0.904190 0.445847 0.864658 0.441200 0.864576 0.436344 0.861698 0.432776 0.860286 0.432610 0.855969 0.427256 0.851733 0.426758 0.851218 0.396009 0.856866 0.396673 0.862405 0.390863 0.863817 0.391029 0.866586 0.388124 0.867999 0.388290 0.872153 0.383932 0.873564 0.384098 0.874949 0.382646 0.876362 0.382812 0.881901 0.377002 0.883312 0.377168 0.887466 0.372810 0.888878 0.372976 0.891648 0.370071 0.893059 0.370237 0.895829 0.367332 0.897241 0.367498 0.898625 0.366046 0.900038 0.366213 0.901423 0.364761 0.902834 0.364927 0.904219 0.363474 0.905631 0.363640 0.907015 0.362188 0.906934 0.357332
0 0.774441 0.018711 0.774522 0.023565 0.777401 0.027134 0.781637 0.027632 0.782070 0.053528 0.776423 0.052864 0.773653 0.055768 0.772241 0.055602 0.768087 0.059960 0.766676 0.059794 0.754213 0.072865 0.752800 0.072699 0.750032 0.075605 0.747208 0.075273 0.745823 0.076725 0.740175 0.076061 0.738737 0.074277 0.737324 0.074111 0.735940 0.075563 0.731704 0.075065 0.728934 0.077970 0.729016 0.082825 0.716308 0.081331 0.716200 0.074859 0.714761 0.073074 0.713349 0.072908 0.709032 0.067554 0.707621 0.067388 0.703304 0.062035 0.701891 0.061869 0.693258 0.051163 0.687610 0.050499 0.687203 0.026223 0.692851 0.026887 0.695620 0.023982 0.697032 0.024148 0.698417 0.022695 0.699829 0.022861 0.701213 0.021408 0.702626 0.021574 0.704011 0.020123 0.705422 0.020289 0.706807 0.018836 0.709631 0.019168 0.711016 0.017716 0.712427 0.017882 0.713812 0.016429 0.713731 0.011574
0 0.778880 0.704090 0.778962 0.708944 0.783278 0.714298 0.783305 0.715916 0.787623 0.721270 0.787650 0.722888 0.789089 0.724673 0.789116 0.726292 0.791994 0.729860 0.792021 0.731478 0.793460 0.733262 0.793487 0.734881 0.796365 0.738450 0.796392 0.740068 0.800709 0.745421 0.804945 0.745919 0.805433 0.775051 0.801197 0.774553 0.799813 0.776005 0.798401 0.775839 0.795631 0.778745 0.794219 0.778579 0.792834 0.780031 0.787187 0.779367 0.785748 0.777583 0.784336 0.777417 0.784309 0.775798 0.775676 0.765092 0.774263 0.764926 0.772825 0.763141 0.771412 0.762975 0.769973 0.761191 0.768562 0.761025 0.767122 0.759241 0.762887 0.758743 0.761448 0.756958 0.754389 0.756128 0.752949 0.754344 0.743066 0.753183 0.741627 0.751398 0.738803 0.751066 0.737365 0.749281 0.735952 0.749115 0.733075 0.745547 0.731663 0.745381 0.730224 0.743596 0.728812 0.743430 0.727373 0.741645 0.725961 0.741479 0.724522 0.739696 0.723110 0.739530 0.721672 0.737746 0.716024 0.737082 0.715346 0.696621
0 0.800057 0.790571 0.800138 0.795427 0.803016 0.798995 0.804428 0.799161 0.805867 0.800945 0.807279 0.801111 0.810156 0.804680 0.811569 0.804846 0.813008 0.806630 0.815831 0.806962 0.817270 0.808747 0.820094 0.809079 0.821533 0.810863 0.824357 0.811195 0.825796 0.812980 0.828620 0.813312 0.830058 0.815096 0.831471 0.815262 0.832910 0.817046 0.834321 0.817212 0.837199 0.820781 0.838611 0.820947 0.842928 0.826300 0.845752 0.826632 0.847192 0.828417 0.848603 0.828583 0.851481 0.832151 0.857129 0.832815 0.857562 0.858710 0.850503 0.857880 0.847734 0.860785 0.846322 0.860619 0.844936 0.862072 0.843525 0.861906 0.839370 0.866263 0.837959 0.866097 0.835189 0.869002 0.833778 0.868836 0.829623 0.873192 0.828212 0.873027 0.824057 0.877384 0.822645 0.877218 0.819876 0.880123 0.818464 0.879957 0.814310 0.884315 0.811485 0.883983 0.810101 0.885435 0.805866 0.884937 0.804481 0.886389 0.793186 0.885061 0.791801 0.886514 0.787565 0.886016 0.786180 0.887469 0.774886 0.886142 0.773446 0.884357 0.769210 0.883859 0.766332 0.880290 0.764921 0.880124 0.762043 0.876555 0.760631 0.876389 0.751997 0.865683 0.751970 0.864064 0.750531 0.862280 0.750477 0.859043 0.749038 0.857258 0.748930 0.850786 0.747490 0.849001 0.747436 0.845764 0.748821 0.844312 0.748496 0.824890 0.749880 0.823438 0.749771 0.816964 0.751157 0.815512 0.751075 0.810657 0.752460 0.809204 0.752405 0.805968 0.753790 0.804515 0.753763 0.802896 0.755148 0.801444 0.755121 0.799825 0.756505 0.798373 0.756478 0.796755 0.757863 0.795302 0.757836 0.793683 0.760606 0.790780 0.760524 0.785924
0 0.353376 0.000000 0.353457 0.000000 0.354896 0.000000 0.363368 0.000000 0.363802 0.000000 0.358154 0.000000 0.356769 0.000000 0.356796 0.000000 0.355412 0.000000 0.355439 0.000000 0.351285 0.000000 0.351312 0.000000 0.348542 0.000000 0.348569 0.000000 0.344415 0.003694 0.344442 0.005312 0.341673 0.008217 0.341700 0.009835 0.338930 0.012740 0.338957 0.014359 0.334803 0.018716 0.334830 0.020334 0.327906 0.027597 0.326494 0.027431 0.325110 0.028884 0.323698 0.028718 0.316774 0.035979 0.316855 0.040834 0.291442 0.037847 0.291360 0.032992 0.282726 0.022286 0.281315 0.022120 0.275559 0.014982 0.274146 0.014816 0.271268 0.011247 0.269856 0.011081 0.265540 0.005729 0.264127 0.005563 0.256933 0.000000 0.255520 0.000000 0.255493 0.000000 0.248299 0.000000 0.248272 0.000000 0.245394 0.000000 0.245339 0.000000 0.243900 0.000000 0.243846 0.000000 0.242407 0.000000 0.242326 0.000000 0.240886 0.000000 0.240724 0.000000 0.242109 0.000000 0.242082 0.000000 0.246236 0.000000 0.247648 0.000000 0.251803 0.000000 0.251721 0.000000
0 0.200776 0.345389 0.201237 0.372902 0.197002 0.372404 0.195617 0.373857 0.194204 0.373691 0.192820 0.375144 0.192929 0.381616 0.183046 0.380454 0.182964 0.375600 0.178647 0.370246 0.177235 0.370080 0.172918 0.364727 0.168683 0.364230 0.168303 0.341572
0 0.308072 0.693970 0.308370 0.711773 0.295663 0.710279 0.295582 0.705423 0.294143 0.703640 0.291319 0.703308 0.289880 0.701523 0.288468 0.701357 0.285590 0.697788 0.281354 0.697290 0.281246 0.690816
0 0.371496 0.778957 0.371713 0.791904 0.367477 0.791406 0.364709 0.794311 0.363296 0.794145 0.361911 0.795597 0.362020 0.802071 0.354961 0.801241 0.354879 0.796386 0.352001 0.792817 0.350590 0.792651 0.349150 0.790867 0.344915 0.790370 0.344671 0.775803
0 0.215325 0.540927 0.215597 0.557111 0.208537 0.556281 0.207098 0.554497 0.204274 0.554165 0.202889 0.555617 0.191595 0.554290 0.190156 0.552506 0.188743 0.552340 0.187305 0.550555 0.183069 0.550057 0.182853 0.537110
0 0.298513 0.796221 0.298675 0.805931 0.293028 0.805267 0.291643 0.806720 0.290231 0.806554 0.288847 0.808006 0.288928 0.812861 0.277632 0.811533 0.277551 0.806679 0.274674 0.803110 0.274647 0.801491 0.271769 0.797923 0.271687 0.793067
0 0.198925 0.571304 0.199223 0.589106 0.178046 0.586616 0.177747 0.568814
0 0.142775 0.584086 0.143291 0.614835 0.137643 0.614171 0.137535 0.607697 0.136096 0.605914 0.136069 0.604296 0.134630 0.602511 0.134467 0.592800 0.133027 0.591015 0.132892 0.582924
0 0.225000 0.109183 0.225136 0.117275 0.219488 0.116612 0.218103 0.118063 0.213868 0.117566 0.210990 0.113997 0.209578 0.113831 0.208139 0.112046 0.203904 0.111548 0.203822 0.106693
0 0.117473 0.419588 0.117935 0.447102 0.110875 0.446272 0.109436 0.444487 0.105201 0.443989 0.104767 0.418095
1 0.951150 0.206930 0.891680 0.512216 1.000000 0.526980
1 0.688678 0.520657 0.368946 0.500568 0.479631 0.588957 0.570747 0.630628
1 0.518531 0.387588 0.237081 0.409690 0.362994 0.495830
1 0.361908 0.501087 0.219771 0.497839 0.234818 0.414807 0.364194 0.497318
0 0.459799 0.226537 0.472504 0.232312 0.480522 0.237002 0.476041 0.248252 0.471450 0.253065 0.465269 0.246449 0.457621 0.235915
0 0.473683 0.219069 0.459177 0.217364 0.450296 0.216854 0.452312 0.225657 0.461247 0.229383 0.465899 0.228325 0.471388 0.221475
0 0.226820 0.446395 0.222829 0.449791 0.213968 0.444112 0.211852 0.438453 0.207290 0.447964 0.208004 0.450366 0.212785 0.454021 0.211564 0.461607 0.217009 0.464567 0.219712 0.464884 0.222245 0.455133
0 0.200910 0.429436 0.201522 0.425644 0.193323 0.419269 0.187892 0.417084 0.181760 0.413271 0.177873 0.422864 0.179239 0.423796 0.182641 0.425742 0.186007 0.425365 0.190724 0.425147 0.192828 0.430031 0.194908 0.433369
0 0.529930 0.829087 0.532633 0.829405 0.533880 0.823367 0.521654 0.818065 0.519691 0.821699 0.519769 0.826346 0.524551 0.830000
0 0.255209 0.410312 0.261252 0.408703 0.261213 0.406380 0.258484 0.404513 0.251727 0.403718 0.241631 0.404851 0.241748 0.411822 0.248532 0.414165
0 0.257549 0.429137 0.288212 0.448201 0.285236 0.471813
