0 0.644167 0.694498 0.647774 0.728198 0.653944 0.727994 0.657317 0.730588 0.658860 0.730537 0.660547 0.731835 0.662089 0.731784 0.665463 0.734378 0.667005 0.734327 0.670378 0.736921 0.670811 0.740965 0.706288 0.739793 0.705855 0.735749 0.710049 0.731553 0.711592 0.731502 0.722776 0.720310 0.724319 0.720259 0.725718 0.718860 0.731887 0.718656 0.730588 0.706524 0.725961 0.706677 0.720901 0.702786 0.719359 0.702837 0.715985 0.700243 0.714443 0.700294 0.709383 0.696403 0.708950 0.692358
0 0.810205 0.553736 0.810638 0.557781 0.807841 0.560578 0.803214 0.560730 0.804801 0.575559 0.810971 0.575355 0.812658 0.576653 0.814200 0.576602 0.815886 0.577898 0.817429 0.577847 0.819116 0.579145 0.819693 0.584537 0.848999 0.583569 0.848422 0.578177 0.849821 0.576778 0.851363 0.576727 0.851218 0.575379 0.852616 0.573980 0.852039 0.568588 0.846979 0.564697 0.845436 0.564748 0.842064 0.562153 0.840521 0.562204 0.837147 0.559610 0.835604 0.559661 0.832232 0.557067 0.831799 0.553023
0 0.724154 0.805490 0.726751 0.829754 0.734463 0.829499 0.736150 0.830797 0.737693 0.830746 0.739380 0.832042 0.739812 0.836086 0.764491 0.835271 0.763914 0.829880 0.765312 0.828480 0.765168 0.827132 0.766566 0.825733 0.766422 0.824386 0.769218 0.821588 0.773845 0.821435 0.771970 0.803910
0 0.000000 0.577229 0.000000 0.592057 0.000000 0.591955 0.000000 0.594550 0.000000 0.594448 0.000000 0.599636 0.000000 0.599585 0.000000 0.603476 0.000000 0.603425 0.000000 0.606019 0.000000 0.605968 0.000000 0.607266 0.000000 0.607164 0.000000 0.608460 0.000000 0.612505 0.000000 0.611741 0.000000 0.607696 0.000000 0.606298 0.000000 0.606247 0.000000 0.604847 0.003020 0.604746 0.004418 0.603347 0.005961 0.603296 0.008757 0.600497 0.010300 0.600446 0.011698 0.599048 0.013241 0.598997 0.016036 0.596199 0.017579 0.596148 0.020375 0.593350 0.021918 0.593299 0.024715 0.590501 0.026257 0.590450 0.031849 0.584855 0.036476 0.584702 0.036043 0.580657 0.029873 0.580861 0.028187 0.579564 0.027610 0.574172
0 0.504475 0.314922 0.505341 0.323010 0.511510 0.322806 0.513198 0.324104 0.514740 0.324053 0.516426 0.325350 0.517969 0.325299 0.521342 0.327893 0.522885 0.327842 0.524571 0.329138 0.526113 0.329088 0.527800 0.330385 0.528233 0.334429 0.560625 0.333359 0.559182 0.319880 0.554554 0.320032 0.551181 0.317437 0.550748 0.313394
0 0.659475 0.374736 0.661062 0.389565 0.667232 0.389361 0.668919 0.390658 0.670461 0.390607 0.672147 0.391904 0.673690 0.391853 0.675377 0.393150 0.676919 0.393099 0.680293 0.395693 0.680725 0.399738 0.697692 0.399177 0.695527 0.378957 0.690901 0.379109 0.689214 0.377812 0.688782 0.373768
0 0.775306 0.560300 0.775883 0.565692 0.771689 0.569888 0.767061 0.570041 0.767494 0.574086 0.772122 0.573933 0.773808 0.575229 0.773952 0.576578 0.772554 0.577977 0.767927 0.578130 0.769514 0.592958 0.774142 0.592805 0.775828 0.594102 0.777370 0.594052 0.782430 0.597942 0.782863 0.601986 0.806000 0.601222 0.805567 0.597178 0.809761 0.592982 0.811303 0.592931 0.815498 0.588734 0.815354 0.587385 0.816752 0.585987 0.822921 0.585783 0.822633 0.583087 0.818006 0.583240 0.812946 0.579349 0.811403 0.579400 0.809716 0.578102 0.808174 0.578153 0.806487 0.576857 0.804945 0.576907 0.801572 0.574312 0.801427 0.572965 0.799740 0.571668 0.799596 0.570320 0.792850 0.565131 0.792273 0.559739
0 0.732179 0.301990 0.734199 0.320863 0.743454 0.320557 0.745141 0.321854 0.746683 0.321803 0.748369 0.323100 0.749912 0.323049 0.751598 0.324346 0.753141 0.324295 0.754828 0.325592 0.756370 0.325541 0.758056 0.326838 0.759599 0.326787 0.761287 0.328085 0.765913 0.327932 0.767601 0.329229 0.772227 0.329077 0.773914 0.330373 0.781626 0.330118 0.783313 0.331416 0.787941 0.331263 0.789627 0.332560 0.790059 0.336603 0.789627 0.332560 0.792424 0.329762 0.793966 0.329711 0.795364 0.328312 0.801534 0.328109 0.800669 0.320020 0.796041 0.320172 0.792667 0.317579 0.792523 0.316231 0.790837 0.314934 0.789294 0.314985 0.777486 0.305905 0.776909 0.300513
0 0.714920 0.719217 0.716507 0.734044 0.725762 0.733739 0.727449 0.735036 0.732076 0.734883 0.733762 0.736181 0.741475 0.735926 0.743162 0.737223 0.755501 0.736815 0.757188 0.738112 0.761815 0.737959 0.763502 0.739257 0.765044 0.739206 0.766731 0.740503 0.768274 0.740452 0.769960 0.741749 0.774588 0.741596 0.776274 0.742894 0.793241 0.742333 0.794928 0.743630 0.795361 0.747674 0.809242 0.747216 0.805924 0.716211
0 0.000000 0.397355 0.000000 0.422968 0.000000 0.422815 0.000000 0.424112 0.000000 0.424061 0.000000 0.426655 0.000000 0.426604 0.000000 0.430495 0.000000 0.430393 0.000000 0.431690 0.007689 0.431435 0.009087 0.430036 0.010630 0.429985 0.010486 0.428638 0.011883 0.427238 0.011739 0.425891 0.017332 0.420295 0.017187 0.418946 0.019984 0.416148 0.021527 0.416097 0.021382 0.414750 0.022780 0.413351 0.022491 0.410655 0.019118 0.408061 0.018974 0.406713 0.015600 0.404119 0.014057 0.404170 0.008998 0.400278 0.008565 0.396234
0 0.459912 0.419205 0.461788 0.436730 0.467958 0.436526 0.469645 0.437823 0.477357 0.437568 0.479044 0.438865 0.480442 0.437466 0.481984 0.437415 0.484780 0.434617 0.490950 0.434413 0.489218 0.418237
0 0.022636 0.412003 0.023068 0.416047 0.018874 0.420244 0.014247 0.420397 0.016411 0.440617 0.022581 0.440414 0.024268 0.441710 0.025810 0.441659 0.027497 0.442956 0.029039 0.442905 0.030725 0.444203 0.031158 0.448247 0.041956 0.447890 0.041523 0.443846 0.042921 0.442446 0.044463 0.442396 0.045861 0.440997 0.047404 0.440946 0.048803 0.439548 0.050345 0.439497 0.053141 0.436699 0.054683 0.436648 0.056082 0.435248 0.057624 0.435197 0.059022 0.433799 0.063650 0.433646 0.062496 0.422862 0.057868 0.423015 0.054494 0.420421 0.054350 0.419072 0.050977 0.416478 0.050400 0.411086
1 0.000000 0.469286 0.000000 0.548819 0.000000 0.548666 0.000000 0.549963 0.000000 0.549606 0.000000 0.550904 0.000000 0.550649 0.000000 0.551946 0.000000 0.551793 0.000000 0.553090 0.000000 0.552937 0.000000 0.554234 0.000000 0.553980 0.000000 0.555276 0.000000 0.555021 0.000000 0.556319 0.000000 0.556166 0.001055 0.557464 0.007225 0.557260 0.008912 0.558556 0.022794 0.558098 0.024481 0.559395 0.030650 0.559191 0.032337 0.560488 0.038507 0.560285 0.040194 0.561581 0.044821 0.561428 0.046507 0.562726 0.054220 0.562471 0.055907 0.563769 0.062077 0.563565 0.063763 0.564862 0.068390 0.564709 0.070077 0.566005 0.077790 0.565751 0.079476 0.567048 0.088731 0.566743 0.090417 0.568040 0.101214 0.567683 0.102902 0.568980 0.116783 0.568522 0.118470 0.569818 0.123097 0.569665 0.124784 0.570963 0.138666 0.570504 0.140353 0.571802 0.149608 0.571496 0.151294 0.572793 0.157464 0.572589 0.159150 0.573887 0.173032 0.573428 0.174720 0.574725 0.183974 0.574419 0.185660 0.575716 0.196457 0.575359 0.198144 0.576657 0.201229 0.576555 0.202916 0.577852 0.206001 0.577750 0.207687 0.579047 0.210772 0.578945 0.212458 0.580242 0.215544 0.580140 0.217231 0.581437 0.228027 0.581081 0.229426 0.579681 0.231113 0.580979 0.234198 0.580877 0.236994 0.578079 0.238536 0.578028 0.239934 0.576630 0.239790 0.575281 0.241188 0.573882 0.240322 0.565794 0.241720 0.564395 0.240277 0.550915 0.241676 0.549516 0.241532 0.548168 0.242930 0.546769 0.242786 0.545421 0.246980 0.541225 0.246836 0.539876 0.248234 0.538478 0.247656 0.533085 0.250453 0.530287 0.250308 0.528939 0.254503 0.524743 0.254359 0.523394 0.257155 0.520596 0.256867 0.517900 0.258265 0.516501 0.258121 0.515153 0.259519 0.513755 0.264146 0.513602 0.264001 0.512254 0.259375 0.512406 0.252628 0.507218 0.248000 0.507371 0.246314 0.506073 0.230889 0.506583 0.229203 0.505286 0.219947 0.505592 0.218261 0.504294 0.216718 0.504345 0.215032 0.503049 0.210405 0.503202 0.208718 0.501904 0.201005 0.502159 0.199319 0.500862 0.191607 0.501117 0.189920 0.499820 0.185292 0.499973 0.183606 0.498676 0.178979 0.498828 0.177292 0.497532 0.171122 0.497735 0.169435 0.496438 0.160180 0.496744 0.158494 0.495446 0.150781 0.495701 0.149095 0.494404 0.141383 0.494659 0.139696 0.493361 0.133526 0.493565 0.131840 0.492269 0.122585 0.492574 0.120898 0.491278 0.113186 0.491532 0.111500 0.490235 0.105330 0.490439 0.103644 0.489142 0.095931 0.489397 0.094245 0.488099 0.088074 0.488303 0.086388 0.487006 0.078676 0.487261 0.076989 0.485963 0.072362 0.486116 0.070675 0.484819 0.062963 0.485074 0.061276 0.483777 0.050478 0.484133 0.048792 0.482836 0.042622 0.483040 0.040936 0.481743 0.034765 0.481947 0.033079 0.480649 0.026909 0.480853 0.025222 0.479557 0.015968 0.479862 0.014281 0.478566 0.006568 0.478820 0.004882 0.477523 0.000255 0.477676 0.000000 0.476379 0.000000 0.476532 0.000000 0.475234 0.000000 0.475387 0.000000 0.474090 0.000000 0.474242 0.000000 0.472946 0.000000 0.472997 0.000000 0.471699 0.000000 0.467656
0 0.748339 0.452968 0.750070 0.469144 0.756240 0.468940 0.768046 0.478020 0.769589 0.477969 0.771276 0.479266 0.771709 0.483310 0.811812 0.481985 0.809648 0.461765 0.805021 0.461918 0.801647 0.459324 0.800105 0.459375 0.795045 0.455483 0.794612 0.451440
0 0.415707 0.642521 0.417006 0.654653 0.423176 0.654449 0.424863 0.655747 0.426405 0.655696 0.428092 0.656992 0.431177 0.656890 0.432863 0.658188 0.435948 0.658086 0.437634 0.659383 0.442262 0.659231 0.443948 0.660527 0.459373 0.660018 0.461060 0.661315 0.467230 0.661111 0.468916 0.662408 0.469349 0.666452 0.494029 0.665637 0.493596 0.661593 0.494994 0.660194 0.496536 0.660143 0.497934 0.658744 0.502562 0.658591 0.501408 0.647807 0.495238 0.648011 0.493551 0.646714 0.492009 0.646765 0.490322 0.645468 0.488779 0.645519 0.487092 0.644222 0.486660 0.640178
0 0.579227 0.550543 0.581102 0.568066 0.587272 0.567863 0.588958 0.569160 0.590501 0.569109 0.592187 0.570406 0.595273 0.570304 0.596960 0.571601 0.601587 0.571448 0.603274 0.572746 0.609443 0.572542 0.611131 0.573839 0.618842 0.573584 0.620529 0.574881 0.628241 0.574626 0.629928 0.575924 0.642268 0.575516 0.643954 0.576814 0.654751 0.576457 0.656438 0.577754 0.662608 0.577550 0.664295 0.578846 0.665837 0.578795 0.667523 0.580093 0.667956 0.584137 0.698805 0.583119 0.696929 0.565594 0.690759 0.565798 0.689073 0.564500 0.687531 0.564551 0.685844 0.563255 0.684301 0.563306 0.682615 0.562009 0.679530 0.562111 0.677844 0.560813 0.676301 0.560864 0.674614 0.559567 0.671530 0.559669 0.669842 0.558372 0.666758 0.558474 0.665070 0.557177 0.663528 0.557228 0.661842 0.555931 0.658756 0.556033 0.657070 0.554736 0.653985 0.554838 0.652298 0.553540 0.650756 0.553591 0.649069 0.552294 0.648636 0.548250
0 0.211789 0.357056 0.212510 0.363796 0.220222 0.363541 0.221909 0.364838 0.223452 0.364787 0.226826 0.367381 0.227259 0.371425 0.248852 0.370712 0.247265 0.355884
0 0.806880 0.754057 0.807312 0.758101 0.801720 0.763697 0.801864 0.765045 0.800466 0.766445 0.794296 0.766648 0.796749 0.789564 0.802918 0.789360 0.804606 0.790657 0.806147 0.790606 0.809521 0.793201 0.811064 0.793150 0.812750 0.794447 0.814292 0.794396 0.815979 0.795693 0.817522 0.795642 0.819209 0.796939 0.820751 0.796888 0.822438 0.798185 0.823980 0.798134 0.825667 0.799431 0.828752 0.799329 0.830438 0.800627 0.833523 0.800525 0.835210 0.801822 0.835643 0.805865 0.844897 0.805560 0.844465 0.801516 0.845862 0.800117 0.847405 0.800067 0.848804 0.798667 0.851889 0.798565 0.861675 0.788772 0.861531 0.787425 0.862929 0.786026 0.869099 0.785822 0.866790 0.764254 0.862163 0.764407 0.853730 0.757921 0.853153 0.752529
0 0.312855 0.202206 0.313432 0.207598 0.318060 0.207445 0.319746 0.208742 0.322831 0.208640 0.324517 0.209938 0.326060 0.209887 0.327746 0.211183 0.329289 0.211132 0.330977 0.212430 0.331409 0.216474 0.356087 0.215659 0.354500 0.200831
0 0.433972 0.654092 0.440143 0.653889 0.438844 0.641757 0.434217 0.641910 0.432818 0.643309 0.431276 0.643360 0.429878 0.644759 0.430311 0.648802 0.431997 0.650100 0.432142 0.651448 0.433828 0.652745 0.433972 0.654092 0.424041 0.662537 0.416329 0.662792 0.414642 0.661495 0.406930 0.661750 0.405243 0.660453 0.394447 0.660810 0.392760 0.659512 0.383505 0.659818 0.381819 0.658521 0.378734 0.658622 0.377047 0.657326 0.373962 0.657428 0.372275 0.656130 0.366106 0.656334 0.364419 0.655037 0.356706 0.655292 0.355020 0.653995 0.348850 0.654199 0.347164 0.652902 0.337909 0.653207 0.336222 0.651910 0.328509 0.652165 0.326823 0.650868 0.320653 0.651072 0.318967 0.649775 0.314339 0.649928 0.312652 0.648630 0.306483 0.648834 0.304796 0.647537 0.290913 0.647996 0.289227 0.646698 0.283057 0.646902 0.281370 0.645605 0.280937 0.641561 0.236207 0.643039 0.237073 0.651127 0.241701 0.650974 0.243387 0.652271 0.244930 0.652220 0.246616 0.653517 0.251243 0.653364 0.252930 0.654661 0.256015 0.654559 0.257702 0.655856 0.259244 0.655805 0.260930 0.657103 0.264015 0.657001 0.265702 0.658298 0.271872 0.658094 0.273559 0.659391 0.278186 0.659238 0.279872 0.660535 0.281415 0.660484 0.283102 0.661781 0.286187 0.661679 0.287874 0.662977 0.290959 0.662875 0.292645 0.664172 0.298815 0.663968 0.300502 0.665265 0.303587 0.665163 0.305274 0.666460 0.309901 0.666307 0.311587 0.667604 0.314672 0.667503 0.316359 0.668800 0.324071 0.668545 0.325758 0.669842 0.333471 0.669587 0.335157 0.670884 0.339785 0.670731 0.341471 0.672029 0.344556 0.671927 0.346242 0.673224 0.355497 0.672919 0.357184 0.674215 0.367982 0.673859 0.369668 0.675156 0.375838 0.674952 0.377524 0.676249 0.377957 0.680293 0.425773 0.678714 0.425340 0.674670 0.428136 0.671872 0.427992 0.670524 0.429391 0.669125 0.429246 0.667776 0.427559 0.666480 0.427415 0.665132 0.424041 0.662537
0 0.036370 0.222160 0.037957 0.236988 0.053381 0.236478 0.052804 0.231086 0.054202 0.229688 0.060372 0.229484 0.059506 0.221396
0 0.562408 0.740487 0.563562 0.751271 0.569732 0.751068 0.573105 0.753662 0.574648 0.753611 0.576334 0.754908 0.577876 0.754857 0.582937 0.758748 0.586022 0.758646 0.587708 0.759943 0.589251 0.759892 0.590938 0.761189 0.591371 0.765233 0.649983 0.763297 0.648107 0.745773 0.640395 0.746028 0.638708 0.744732 0.634081 0.744884 0.632394 0.743587 0.630852 0.743638 0.629166 0.742340 0.628733 0.738297
0 0.266960 0.236189 0.268258 0.248321 0.275971 0.248067 0.277657 0.249363 0.285369 0.249109 0.286767 0.247710 0.288310 0.247659 0.289708 0.246260 0.289564 0.244911 0.292360 0.242114 0.296987 0.241961 0.296265 0.235221
0 0.556238 0.740691 0.557104 0.748779 0.563273 0.748575 0.566647 0.751169 0.568190 0.751119 0.569876 0.752415 0.571418 0.752364 0.573105 0.753662 0.574648 0.753611 0.576334 0.754908 0.577876 0.754857 0.582937 0.758748 0.586022 0.758646 0.587708 0.759943 0.592336 0.759790 0.594022 0.761088 0.600193 0.760884 0.601879 0.762181 0.608049 0.761977 0.609735 0.763274 0.615906 0.763070 0.617592 0.764367 0.631474 0.763909 0.632872 0.762510 0.637500 0.762357 0.638898 0.760959 0.641982 0.760857 0.643380 0.759457 0.644923 0.759406 0.646322 0.758007 0.647864 0.757956 0.649261 0.756558 0.655431 0.756354 0.654565 0.748266 0.649938 0.748419 0.648251 0.747122 0.646709 0.747173 0.645023 0.745875 0.641937 0.745977 0.640251 0.744681 0.635624 0.744833 0.633937 0.743536 0.630852 0.743638 0.629166 0.742340 0.628733 0.738297
0 0.139524 0.202520 0.140390 0.210608 0.148103 0.210353 0.149789 0.211651 0.152874 0.211549 0.154560 0.212845 0.159188 0.212693 0.160875 0.213989 0.170129 0.213684 0.171527 0.212285 0.176155 0.212132 0.175001 0.201348
0 0.157058 0.250641 0.158645 0.265469 0.181782 0.264705 0.180195 0.249877
0 0.696054 0.600795 0.697785 0.616971 0.703955 0.616768 0.705642 0.618064 0.707184 0.618013 0.708871 0.619311 0.710413 0.619260 0.712099 0.620557 0.718269 0.620353 0.719956 0.621650 0.720389 0.625694 0.725017 0.625541 0.724584 0.621497 0.725982 0.620098 0.727524 0.620047 0.728922 0.618649 0.730465 0.618598 0.730321 0.617249 0.733116 0.614452 0.731430 0.613155 0.730997 0.609111 0.729311 0.607813 0.726225 0.607915 0.724539 0.606619 0.722997 0.606670 0.721310 0.605372 0.719767 0.605423 0.718081 0.604126 0.717648 0.600082
0 0.546427 0.649026 0.548014 0.663854 0.563438 0.663344 0.563005 0.659301 0.565802 0.656503 0.570428 0.656350 0.569563 0.648262
0 0.714920 0.719217 0.716507 0.734044 0.722677 0.733841 0.724363 0.735138 0.728991 0.734985 0.730677 0.736283 0.739932 0.735977 0.741619 0.737274 0.753959 0.736866 0.755645 0.738163 0.758731 0.738061 0.760417 0.739359 0.760850 0.743403 0.808665 0.741824 0.805924 0.716211
0 0.763880 0.771711 0.765178 0.783843 0.772891 0.783589 0.774577 0.784885 0.786917 0.784478 0.788316 0.783079 0.794485 0.782875 0.793187 0.770743
0 0.421877 0.642317 0.423320 0.655798 0.427948 0.655645 0.429634 0.656941 0.432719 0.656839 0.434405 0.658137 0.439033 0.657984 0.440720 0.659282 0.448432 0.659027 0.450119 0.660323 0.465543 0.659814 0.467230 0.661111 0.474941 0.660856 0.476629 0.662153 0.477061 0.666197 0.490943 0.665739 0.490510 0.661695 0.491909 0.660296 0.493452 0.660245 0.494849 0.658846 0.496392 0.658795 0.497790 0.657397 0.502418 0.657244 0.501696 0.650503 0.497069 0.650656 0.493695 0.648062 0.492153 0.648113 0.490466 0.646815 0.488923 0.646866 0.485550 0.644273 0.485118 0.640229
0 0.413261 0.388279 0.414127 0.396367 0.421840 0.396113 0.423526 0.397410 0.425068 0.397359 0.426755 0.398656 0.429840 0.398554 0.431526 0.399851 0.434612 0.399750 0.436298 0.401046 0.440925 0.400893 0.442612 0.402190 0.445697 0.402088 0.449071 0.404682 0.450613 0.404631 0.452300 0.405929 0.456927 0.405776 0.458614 0.407073 0.461699 0.406972 0.463385 0.408268 0.466471 0.408166 0.468157 0.409464 0.471242 0.409362 0.472928 0.410659 0.479098 0.410455 0.480785 0.411751 0.490040 0.411446 0.491438 0.410047 0.492980 0.409996 0.494378 0.408598 0.500549 0.408394 0.499683 0.400305 0.493512 0.400509 0.491826 0.399212 0.490284 0.399263 0.488597 0.397967 0.487054 0.398017 0.485368 0.396720 0.482283 0.396822 0.480596 0.395525 0.479054 0.395576 0.477367 0.394279 0.474283 0.394381 0.472596 0.393084 0.466426 0.393288 0.464740 0.391990 0.463197 0.392041 0.461509 0.390744 0.461077 0.386700
0 0.421551 0.393417 0.421984 0.397461 0.423526 0.397410 0.425212 0.398707 0.426755 0.398656 0.428442 0.399953 0.431526 0.399851 0.433213 0.401148 0.437841 0.400995 0.439527 0.402292 0.441069 0.402241 0.442757 0.403538 0.443190 0.407583 0.487920 0.406106 0.486333 0.391277
0 0.295500 0.213602 0.296510 0.223037 0.313476 0.222477 0.312466 0.213041
0 0.705122 0.468599 0.714037 0.479578 0.709646 0.534963 0.697995 0.546620 0.720327 0.550391 0.729545 0.467793 0.722036 0.457895
0 0.000000 0.344408 0.013029 0.341526 0.023912 0.346801 0.012020 0.356213 0.000453 0.356595
0 0.123396 0.396500 0.132874 0.400696 0.149824 0.402391 0.158822 0.402094 0.148862 0.393404 0.137173 0.392663
0 0.288693 0.530827 0.307409 0.536973 0.296081 0.539603 0.283228 0.540027
0 0.289655 0.539815 0.302064 0.547296 0.320180 0.547826 0.314317 0.541255 0.301103 0.538310
0 0.542097 0.584462 0.557281 0.581705 0.570494 0.584651 0.563503 0.591645 0.554626 0.593066
0 0.318760 0.457578 0.355116 0.457215 0.383178 0.468843 0.428926 0.475702 0.484039 0.480578 0.494922 0.492773 0.498882 0.511894 0.469085 0.528782 0.441141 0.527194 0.413347 0.518068 0.377947 0.518399 0.353551 0.514183 0.331038 0.500697 0.319530 0.482664
1 0.263065 0.518845 0.588670 0.563335 0.585795 0.616998 0.568671 0.635978 0.234923 0.595944 0.248950 0.556977
1 0.590936 0.566608 0.888417 0.607842 0.899390 0.620871 0.899562 0.649324 0.896933 0.669498 0.881690 0.679209 0.567565 0.643549 0.585108 0.619532 0.595852 0.585697
1 0.000000 0.315552 0.051035 0.327476 0.067487 0.373806 0.000000 0.354990 0.000000 0.337412
1 0.047114 0.380337 0.189817 0.398224 0.157418 0.444493 0.054917 0.435322 0.040524 0.381393
