0 0.156450 0.674728 0.156616 0.681077 0.150418 0.687937 0.144059 0.688449 0.144684 0.712232 0.151043 0.711727 0.152675 0.713188 0.152800 0.717944 0.163938 0.717064 0.163814 0.712305 0.166915 0.708879 0.168509 0.708752 0.174716 0.701895 0.176311 0.701768 0.179417 0.698338 0.181012 0.698210 0.182566 0.696495 0.184162 0.696367 0.185716 0.694650 0.187312 0.694523 0.188867 0.692805 0.190463 0.692677 0.192019 0.690961 0.193617 0.690833 0.195173 0.689115 0.199966 0.688731 0.199679 0.677597 0.194885 0.677985 0.193247 0.676523 0.193124 0.671753
0 0.331232 0.916543 0.331350 0.921321 0.328198 0.924728 0.326585 0.924838 0.325010 0.926540 0.323397 0.926649 0.320250 0.930053 0.318638 0.930162 0.317064 0.931864 0.310618 0.932302 0.311130 0.952977 0.317575 0.952546 0.319227 0.954028 0.320839 0.953920 0.322490 0.955404 0.322608 0.960176 0.351675 0.958242 0.351559 0.953463 0.354715 0.950060 0.356333 0.949952 0.362653 0.943142 0.367512 0.942815 0.366816 0.914101
0 0.274938 0.536944 0.275859 0.573751 0.304915 0.571265 0.304796 0.566459 0.309529 0.561235 0.311146 0.561096 0.317461 0.554124 0.319080 0.553984 0.320660 0.552241 0.325519 0.551821 0.325047 0.532566
0 0.068894 0.491372 0.069364 0.508821 0.075690 0.508254 0.083816 0.515480 0.083944 0.520240 0.098202 0.518971 0.098075 0.514207 0.101161 0.510748 0.102748 0.510606 0.107380 0.505413 0.112141 0.504986 0.111677 0.487500
0 0.230051 0.547268 0.230173 0.552060 0.228609 0.553796 0.223795 0.554213 0.224569 0.584537 0.245439 0.582757 0.245318 0.577965 0.248451 0.574495 0.250060 0.574358 0.253195 0.570886 0.254803 0.570748 0.259510 0.565538 0.261121 0.565400 0.262690 0.563662 0.264301 0.563523 0.270583 0.556569 0.270502 0.553369 0.272074 0.551630 0.271874 0.543628
0 0.235759 0.264119 0.236410 0.289821 0.242855 0.289179 0.247813 0.293518 0.252652 0.293037 0.254225 0.291269 0.255838 0.291108 0.257493 0.292556 0.260720 0.292235 0.262376 0.293682 0.262497 0.298505 0.280273 0.296743 0.279351 0.259721
0 0.109187 0.811676 0.110324 0.854299 0.130903 0.852809 0.130777 0.848069 0.132321 0.846374 0.133906 0.846258 0.138537 0.841171 0.140124 0.841055 0.144758 0.835965 0.146345 0.835849 0.149438 0.832452 0.151025 0.832336 0.154119 0.828938 0.158885 0.828588 0.158346 0.808011
0 0.554662 0.596998 0.554771 0.601859 0.551533 0.605373 0.549878 0.605510 0.546643 0.609023 0.544989 0.609160 0.543371 0.610917 0.541719 0.611053 0.540102 0.612809 0.538449 0.612946 0.535218 0.616454 0.533566 0.616590 0.531951 0.618345 0.530300 0.618481 0.528685 0.620235 0.527035 0.620371 0.523807 0.623876 0.522158 0.624011 0.520545 0.625764 0.518895 0.625899 0.517282 0.627652 0.515634 0.627787 0.514023 0.629538 0.512374 0.629673 0.509152 0.633174 0.507504 0.633309 0.504285 0.636808 0.502638 0.636943 0.499420 0.640441 0.497773 0.640575 0.494558 0.644071 0.492912 0.644205 0.491305 0.645952 0.489660 0.646086 0.486447 0.649580 0.479874 0.650113 0.480246 0.666240 0.514795 0.663467 0.514684 0.658621 0.516295 0.656873 0.517943 0.656740 0.519556 0.654992 0.522854 0.654726 0.524466 0.652977 0.526116 0.652844 0.530958 0.647593 0.532608 0.647460 0.534222 0.645709 0.537526 0.645442 0.539141 0.643690 0.540793 0.643556 0.542410 0.641803 0.544062 0.641669 0.545679 0.639917 0.550639 0.639514 0.552258 0.637760 0.553913 0.637626 0.558768 0.632364 0.560425 0.632229 0.562044 0.630474 0.563700 0.630338 0.565320 0.628584 0.566976 0.628448 0.568598 0.626693 0.570255 0.626557 0.573497 0.623044 0.575156 0.622908 0.576778 0.621151 0.578437 0.621014 0.583306 0.615741 0.589946 0.615195 0.589482 0.594097
0 0.133841 0.300040 0.134303 0.317612 0.140683 0.316982 0.142321 0.318423 0.147108 0.317950 0.148746 0.319391 0.159929 0.318289 0.161569 0.319730 0.172765 0.318627 0.174324 0.316869 0.175924 0.316711 0.177483 0.314952 0.179085 0.314794 0.182206 0.311276 0.182164 0.309676 0.185286 0.306155 0.190095 0.305678 0.185286 0.306155 0.183643 0.304712 0.183601 0.303111 0.181957 0.301669 0.181792 0.295263
0 0.085331 0.394282 0.085800 0.411779 0.090557 0.411330 0.092185 0.412772 0.093771 0.412622 0.097029 0.415506 0.098617 0.415356 0.100247 0.416799 0.105010 0.416351 0.106556 0.414609 0.109732 0.414310 0.117470 0.405598 0.122242 0.405147 0.121863 0.390803
0 0.131597 0.638597 0.131765 0.644943 0.130219 0.646661 0.128632 0.646792 0.111644 0.665662 0.105307 0.666180 0.105940 0.689930 0.110692 0.689547 0.110566 0.684797 0.113651 0.681373 0.115235 0.681245 0.121410 0.674393 0.122996 0.674265 0.127631 0.669123 0.129219 0.668993 0.130764 0.667278 0.132351 0.667148 0.135445 0.663717 0.137034 0.663587 0.140128 0.660154 0.141717 0.660024 0.143266 0.658308 0.144856 0.658177 0.146404 0.656459 0.147994 0.656329 0.152643 0.651175 0.154234 0.651044 0.155785 0.649324 0.157376 0.649193 0.163581 0.642313 0.163415 0.635957
0 0.084347 0.712266 0.084517 0.718588 0.078370 0.725407 0.078413 0.726988 0.075341 0.730395 0.069031 0.730892 0.070098 0.770347 0.074828 0.769984 0.081310 0.775813 0.081438 0.780547 0.095651 0.779464 0.095482 0.773147 0.097021 0.771447 0.096936 0.768287 0.098474 0.766587 0.098263 0.758686 0.099803 0.756984 0.099168 0.733273 0.100707 0.731567 0.105454 0.731195 0.104905 0.710631
0 0.158664 0.515186 0.159455 0.545437 0.191391 0.542645 0.191268 0.537862 0.194385 0.534392 0.195985 0.534251 0.197544 0.532515 0.202346 0.532093 0.201813 0.511348
0 0.039819 0.816847 0.040808 0.853032 0.047093 0.852574 0.051938 0.856952 0.053510 0.856838 0.058357 0.861217 0.059931 0.861103 0.061547 0.862564 0.064695 0.862337 0.066312 0.863798 0.077339 0.863002 0.078873 0.861313 0.083604 0.860971 0.085138 0.859281 0.086716 0.859167 0.091323 0.854096 0.091281 0.852520 0.092816 0.850828 0.092774 0.849251 0.094311 0.847559 0.094184 0.842828 0.095721 0.841136 0.095551 0.834826 0.097089 0.833132 0.101830 0.832783 0.101619 0.824893 0.096878 0.825244 0.095255 0.823783 0.095213 0.822205 0.093592 0.820745 0.093549 0.819166 0.091927 0.817705 0.091800 0.812972
0 0.441799 0.567633 0.441913 0.572470 0.435514 0.579475 0.433877 0.579614 0.429083 0.584862 0.427447 0.585000 0.424253 0.588498 0.422618 0.588635 0.419425 0.592131 0.417790 0.592269 0.414600 0.595763 0.412967 0.595900 0.409778 0.599392 0.408146 0.599529 0.404958 0.603020 0.403326 0.603156 0.400141 0.606646 0.398510 0.606782 0.395327 0.610269 0.393696 0.610405 0.390514 0.613891 0.388886 0.614027 0.387295 0.615770 0.380782 0.616311 0.381168 0.632372 0.390937 0.631569 0.392605 0.633041 0.395864 0.632773 0.399200 0.635720 0.399315 0.640541 0.399200 0.635720 0.402384 0.632237 0.404015 0.632103 0.413577 0.621646 0.415210 0.621512 0.421592 0.614533 0.423226 0.614398 0.424823 0.612653 0.426457 0.612517 0.431249 0.607277 0.432885 0.607141 0.437681 0.601899 0.439318 0.601762 0.445717 0.594767 0.447355 0.594630 0.456966 0.584125 0.458606 0.583987 0.463415 0.578731 0.469984 0.578175 0.469685 0.565258
0 0.243829 0.327721 0.244437 0.351795 0.257333 0.350550 0.257211 0.345733 0.261930 0.340446 0.261890 0.338839 0.266612 0.333549 0.266572 0.331942 0.268147 0.330177 0.268027 0.325356
0 0.594594 0.142601 0.595632 0.190092 0.603981 0.189234 0.605687 0.190701 0.609029 0.190358 0.610665 0.188548 0.612336 0.188376 0.615609 0.184757 0.620627 0.184241 0.620415 0.174404 0.615396 0.174923 0.613687 0.173458 0.613581 0.168542 0.611874 0.167075 0.611624 0.155601 0.609917 0.154137 0.609632 0.141022
0 0.905205 0.409056 0.905550 0.427242 0.910694 0.426779 0.912441 0.428278 0.912534 0.433237 0.927985 0.431852 0.927860 0.425235 0.932922 0.419805 0.938081 0.419340 0.937834 0.406093
0 0.198535 0.881243 0.198658 0.885994 0.195550 0.889385 0.193957 0.889497 0.192404 0.891193 0.189219 0.891418 0.187666 0.893112 0.181297 0.893559 0.181873 0.915704 0.188241 0.915264 0.189875 0.916736 0.194653 0.916406 0.197922 0.919351 0.198045 0.924098 0.221980 0.922454 0.221859 0.917701 0.224972 0.914311 0.228169 0.914090 0.229728 0.912394 0.231327 0.912283 0.237564 0.905498 0.239164 0.905387 0.245407 0.898595 0.250213 0.898259 0.249691 0.877620
0 0.203095 0.248111 0.203548 0.265761 0.218012 0.264300 0.217848 0.257878 0.222552 0.252571 0.227380 0.252081 0.227217 0.245654
0 0.390003 0.455847 0.390581 0.480026 0.413448 0.477976 0.413333 0.473136 0.419724 0.466091 0.419572 0.459634 0.421171 0.457870 0.421056 0.453027
0 0.241444 0.488585 0.241970 0.509379 0.248404 0.508808 0.250052 0.510265 0.253271 0.509979 0.254921 0.511436 0.256532 0.511293 0.258101 0.509551 0.269379 0.508549 0.270952 0.506804 0.274177 0.506517 0.280471 0.499535 0.282084 0.499391 0.283659 0.497644 0.283619 0.496042 0.285193 0.494294 0.285153 0.492690 0.286729 0.490943 0.291576 0.490509 0.291416 0.484094
0 0.486896 0.382063 0.487305 0.399905 0.503800 0.398369 0.503689 0.393500 0.506918 0.389945 0.511873 0.389481 0.511651 0.379737
0 0.625166 0.316671 0.625555 0.334653 0.635587 0.333694 0.635482 0.328787 0.640397 0.323399 0.640362 0.321763 0.642000 0.319966 0.641895 0.315057
0 0.133186 0.638465 0.133312 0.643225 0.128674 0.648378 0.127086 0.648509 0.111644 0.665662 0.105307 0.666180 0.105940 0.689930 0.110692 0.689547 0.110566 0.684797 0.116736 0.677949 0.118322 0.677820 0.122954 0.672679 0.124541 0.672550 0.129177 0.667407 0.130764 0.667278 0.132310 0.665562 0.133898 0.665432 0.135445 0.663717 0.137034 0.663587 0.141675 0.658438 0.143266 0.658308 0.144814 0.656590 0.146404 0.656459 0.147952 0.654741 0.149544 0.654611 0.152643 0.651175 0.154234 0.651044 0.155785 0.649324 0.157376 0.649193 0.162030 0.644034 0.166811 0.643639 0.166604 0.635692
0 0.486151 0.349608 0.486523 0.365838 0.499721 0.364588 0.501334 0.362808 0.502986 0.362651 0.506215 0.359088 0.511171 0.358618 0.510913 0.347243
0 0.849065 0.341415 0.849355 0.356275 0.861308 0.355157 0.869694 0.346094 0.874825 0.345612 0.874698 0.338999
0 0.112252 0.449180 0.112590 0.461908 0.118946 0.461325 0.120577 0.462771 0.122167 0.462625 0.123800 0.464071 0.126980 0.463779 0.130247 0.466672 0.130373 0.471448 0.138331 0.470722 0.138205 0.465944 0.144410 0.458988 0.149191 0.458550 0.149149 0.456955 0.144368 0.457394 0.139463 0.453054 0.139296 0.446681
0 0.922815 0.248053 0.923282 0.272949 0.928444 0.272447 0.928351 0.267468 0.931730 0.263812 0.933452 0.263644 0.938525 0.258158 0.938495 0.256496 0.940187 0.254666 0.940033 0.246359
0 0.222389 0.246146 0.222838 0.263813 0.247002 0.261373 0.246556 0.243685
0 0.976917 0.182664 0.977251 0.200992 0.998031 0.198907 0.997940 0.193904 1.000000 0.186533 1.000000 0.186008 1.000000 0.179332
0 0.625591 0.336287 0.625908 0.350995 0.634266 0.350202 0.635974 0.351678 0.651038 0.350251 0.650688 0.333889
0 0.061084 0.903582 0.061341 0.913017 0.072357 0.912249 0.073974 0.913712 0.091310 0.912504 0.092846 0.910820 0.097580 0.910490 0.097326 0.901038
0 0.611945 0.324495 0.613188 0.381644 0.623203 0.380708 0.622744 0.359479 0.621039 0.358004 0.620472 0.331864 0.618766 0.330390 0.618624 0.323853
0 0.168652 0.821710 0.188184 0.818409 0.205765 0.810593 0.211567 0.817610 0.199486 0.821294 0.181871 0.827239 0.171664 0.829848
0 0.202363 0.823873 0.215310 0.817333 0.225539 0.813784 0.234911 0.813090 0.231327 0.819877 0.218309 0.824560
0 0.228230 0.808925 0.294923 0.763757 0.308396 0.773030 0.294398 0.780636 0.274888 0.793319 0.250674 0.804460
0 0.264630 0.797821 0.344063 0.758137 0.395031 0.739201 0.408762 0.754141 0.390941 0.767720 0.343867 0.789093 0.318493 0.798480 0.281051 0.813411
0 0.430534 0.703478 0.516989 0.654054 0.528663 0.656905 0.530766 0.664321 0.513517 0.671386 0.441172 0.707359
0 0.513180 0.741450 0.530459 0.736342 0.544953 0.735231 0.547013 0.740757 0.534536 0.745496 0.518194 0.749581 0.510505 0.751110
0 0.482732 0.758886 0.577920 0.734601 0.588867 0.746102 0.583148 0.751280 0.495533 0.771140 0.484039 0.773890
0 0.590807 0.745954 0.627483 0.729856 0.646850 0.721707 0.660693 0.728263 0.657902 0.735143 0.644289 0.739036 0.628768 0.744021 0.596739 0.750250
0 0.628809 0.745919 0.676508 0.734677 0.687183 0.729096 0.693146 0.732456 0.688403 0.740446 0.670878 0.746539 0.635857 0.755846 0.630983 0.756213
0 0.672128 0.713090 0.710474 0.714901 0.727209 0.714569 0.730258 0.719113 0.719518 0.723759 0.694086 0.730477 0.674531 0.733875
0 0.711794 0.731034 0.730317 0.721977 0.751955 0.718405 0.782477 0.711272 0.797288 0.708214 0.794508 0.718016 0.766005 0.728815 0.737565 0.738627 0.724790 0.740550 0.711031 0.741592 0.707905 0.733240
0 0.730889 0.701859 0.731734 0.695098 0.754387 0.692377 0.765227 0.690573 0.766370 0.698147 0.748644 0.701437
0 0.733901 0.704492 0.732208 0.718008 0.750001 0.719511 0.759809 0.715888 0.784398 0.708250 0.815038 0.702049 0.836836 0.697483 0.837700 0.690687 0.826745 0.690579 0.802966 0.694348 0.767436 0.701895 0.740757 0.702049
0 0.806912 0.693080 0.804642 0.678861 0.813474 0.673366 0.824454 0.675387 0.833457 0.677563 0.851464 0.680963 0.862444 0.681067 0.862575 0.687793 0.845659 0.690069 0.811891 0.693654
0 0.814161 0.707875 0.831942 0.701704 0.860749 0.696593 0.886566 0.687854 0.913561 0.684792 0.920556 0.683284 0.923802 0.695575 0.897857 0.702394 0.867932 0.706622 0.840084 0.710683 0.822235 0.713973 0.813321 0.715617
0 0.861371 0.677300 0.879295 0.673972 0.909262 0.669694 0.936302 0.665640 0.953385 0.664299 0.975518 0.661594 0.978666 0.668120 0.964633 0.673088 0.948574 0.676273 0.923530 0.681123 0.892563 0.687388 0.872623 0.690863 0.868577 0.688288 0.862444 0.681067
0 0.938292 0.664519 0.940049 0.650853 0.943997 0.646674 0.963109 0.645156 0.979231 0.643876 1.000000 0.643648 1.000000 0.647286 1.000000 0.654706 0.983549 0.659026 0.949327 0.662684
0 0.970142 0.643631 0.980860 0.622437 0.997030 0.622108 1.000000 0.621694 1.000000 0.621844 1.000000 0.630168 1.000000 0.640109 1.000000 0.646319 0.992453 0.648639 0.968146 0.644756
0 0.935364 0.615462 0.940118 0.600569 0.964303 0.600532 1.000000 0.606682 1.000000 0.618045 1.000000 0.624758 0.992032 0.625417 0.962646 0.620030
0 0.881589 0.585079 0.890407 0.574695 0.902514 0.578522 0.923738 0.585468 0.953085 0.593702 0.968264 0.596334 0.972402 0.601809 0.964339 0.602466 0.941105 0.599520 0.917826 0.591755 0.885644 0.587642
0 0.942846 0.584862 0.945663 0.573980 0.970968 0.578670 0.975037 0.580273 0.992322 0.585639 1.000000 0.589489 1.000000 0.598849 1.000000 0.602002 0.989486 0.596540 0.964107 0.589893 0.954001 0.588785
0 0.833064 0.556336 0.843832 0.545789 0.856909 0.550472 0.869021 0.556207 0.882108 0.559937 0.899252 0.565265 0.920436 0.570267 0.927501 0.571615 0.929726 0.583040 0.927737 0.584172 0.898488 0.577888 0.888407 0.574861 0.861256 0.568435
0 0.807552 0.525749 0.819557 0.528574 0.843624 0.535197 0.863710 0.540247 0.881848 0.546437 0.868004 0.555328 0.849851 0.547209 0.826770 0.540486 0.808719 0.534316
0 0.321935 0.707328 0.335960 0.698712 0.363195 0.684334 0.401022 0.670009 0.409615 0.669318 0.410748 0.676768 0.395679 0.686449 0.371255 0.702498 0.353403 0.712362 0.337414 0.719248 0.325884 0.713583
0 0.374224 0.667456 0.428314 0.609282 0.439898 0.612099 0.455397 0.617434 0.425997 0.633084 0.408279 0.653398 0.393413 0.671561 0.381251 0.681950 0.372592 0.678879
0 0.341823 0.744239 0.424840 0.705811 0.443352 0.718507 0.344987 0.757129 0.341194 0.757419 0.339950 0.745320
0 0.584170 0.444735 0.562146 0.505829 0.567149 0.512060 0.572155 0.518294 0.603658 0.442971
0 0.589908 0.439438 0.617783 0.372781 0.622837 0.379969 0.619342 0.399447 0.604614 0.441928
0 0.945851 0.195875 0.946578 0.190637 0.951021 0.185819 0.965411 0.183567 0.968723 0.184027 0.975412 0.188523 0.976272 0.190424 0.974638 0.191385 0.967221 0.192132 0.955282 0.193336 0.948701 0.193999
0 0.883072 0.534268 0.895176 0.529881 0.916683 0.529731 0.940564 0.529383 0.951707 0.532364 0.951894 0.542447 0.947834 0.543912 0.928066 0.546697 0.895463 0.544967 0.886696 0.541791
