0 0.383406 0.489409 0.383795 0.503106 0.379104 0.503557 0.366905 0.515718 0.366944 0.517087 0.362370 0.521648 0.362409 0.523018 0.353260 0.532137 0.351696 0.532288 0.347122 0.536848 0.347238 0.540958 0.330038 0.542612 0.329921 0.538502 0.326715 0.536064 0.323588 0.536364 0.320382 0.533926 0.318818 0.534076 0.315613 0.531637 0.314049 0.531788 0.312447 0.530569 0.310882 0.530719 0.309280 0.529499 0.307717 0.529650 0.306114 0.528431 0.306075 0.527061 0.302870 0.524622 0.298179 0.525073 0.298140 0.523703 0.304394 0.523102 0.310493 0.517022 0.312057 0.516872 0.315107 0.513832 0.316671 0.513681 0.318196 0.512161 0.319759 0.512010 0.321284 0.510490 0.322848 0.510340 0.324373 0.508820 0.325936 0.508670 0.327461 0.507149 0.329025 0.506999 0.332075 0.503959 0.333638 0.503808 0.336688 0.500769 0.338252 0.500619 0.339777 0.499098 0.339621 0.493619
0 0.278453 0.713758 0.278569 0.717867 0.280173 0.719086 0.281737 0.718936 0.283339 0.720155 0.284902 0.720004 0.286505 0.721224 0.289633 0.720923 0.291236 0.722143 0.294363 0.721842 0.295966 0.723061 0.299093 0.722761 0.300695 0.723980 0.303824 0.723679 0.305426 0.724899 0.306990 0.724748 0.308592 0.725967 0.310156 0.725817 0.311759 0.727037 0.314886 0.726736 0.316489 0.727956 0.318053 0.727805 0.319655 0.729024 0.321219 0.728874 0.322822 0.730093 0.324386 0.729942 0.325988 0.731162 0.327552 0.731012 0.329155 0.732232 0.330719 0.732081 0.333924 0.734519 0.335488 0.734369 0.337090 0.735588 0.338654 0.735438 0.341859 0.737877 0.343423 0.737726 0.348231 0.741384 0.349795 0.741234 0.353000 0.743673 0.354564 0.743523 0.357769 0.745961 0.359333 0.745810 0.360936 0.747030 0.365627 0.746579 0.366094 0.763015 0.359839 0.763617 0.355265 0.768177 0.353701 0.768327 0.350651 0.771368 0.349087 0.771518 0.344513 0.776078 0.342949 0.776228 0.339900 0.779268 0.340017 0.783377 0.305615 0.786685 0.305498 0.782576 0.303895 0.781357 0.302331 0.781507 0.300728 0.780288 0.292910 0.781040 0.291307 0.779820 0.288179 0.780121 0.286576 0.778902 0.285013 0.779052 0.284974 0.777683 0.283372 0.776463 0.283333 0.775093 0.281730 0.773874 0.281613 0.769765 0.280010 0.768546 0.279854 0.763067 0.278252 0.761847 0.278213 0.760478 0.276611 0.759259 0.276572 0.757889 0.262147 0.746915 0.260584 0.747065 0.255776 0.743407 0.254211 0.743558 0.251007 0.741119 0.249443 0.741269 0.246237 0.738830 0.244674 0.738981 0.243071 0.737761 0.241508 0.737911 0.239905 0.736692 0.238340 0.736843 0.236738 0.735624 0.235175 0.735774 0.231969 0.733335 0.230405 0.733485 0.227200 0.731046 0.225636 0.731197 0.224033 0.729978 0.222469 0.730128 0.216059 0.725251 0.215903 0.719772
0 0.206086 0.429546 0.206553 0.445983 0.200298 0.446584 0.194199 0.452664 0.192635 0.452815 0.185011 0.460416 0.183447 0.460566 0.154476 0.489447 0.154593 0.493555 0.135828 0.495359 0.135711 0.491251 0.126095 0.483935 0.124531 0.484085 0.122929 0.482866 0.121364 0.483017 0.119762 0.481797 0.118199 0.481947 0.116596 0.480728 0.115032 0.480879 0.111827 0.478440 0.110263 0.478590 0.108661 0.477371 0.108583 0.474631 0.110107 0.473111 0.110068 0.471741 0.111594 0.470221 0.113157 0.470071 0.116206 0.467031 0.117771 0.466881 0.120819 0.463841 0.122384 0.463690 0.128483 0.457609 0.130046 0.457459 0.134621 0.452899 0.136184 0.452749 0.140759 0.448189 0.142323 0.448039 0.145372 0.444998 0.146936 0.444847 0.148462 0.443328 0.150025 0.443178 0.153075 0.440137 0.152919 0.434659
0 0.510400 0.323373 0.510906 0.341180 0.506215 0.341631 0.495541 0.352271 0.493977 0.352421 0.490928 0.355461 0.490967 0.356830 0.481818 0.365952 0.481857 0.367321 0.478807 0.370361 0.478923 0.374471 0.438267 0.378380 0.438150 0.374270 0.436547 0.373051 0.431855 0.373502 0.431505 0.361175 0.436197 0.360724 0.440771 0.356163 0.442335 0.356013 0.446909 0.351453 0.448473 0.351303 0.454572 0.345222 0.456136 0.345072 0.462235 0.338992 0.463799 0.338841 0.468374 0.334281 0.469937 0.334130 0.471462 0.332611 0.471306 0.327132
0 0.542129 0.446679 0.542246 0.450788 0.556670 0.461762 0.558234 0.461612 0.564644 0.466489 0.566208 0.466339 0.571016 0.469996 0.577271 0.469395 0.577738 0.485831 0.573048 0.486282 0.571522 0.487803 0.569958 0.487953 0.566908 0.490993 0.565345 0.491144 0.562295 0.494184 0.562412 0.498292 0.518627 0.502502 0.518472 0.497024 0.505650 0.487269 0.505611 0.485900 0.500803 0.482242 0.500764 0.480872 0.497559 0.478433 0.497520 0.477063 0.495917 0.475844 0.495879 0.474475 0.492673 0.472036 0.492634 0.470666 0.491031 0.469447 0.490992 0.468077 0.486185 0.464419 0.486146 0.463049 0.484543 0.461830 0.484505 0.460460 0.482901 0.459241 0.478211 0.459692 0.478016 0.452844
0 0.145710 0.567202 0.145944 0.575420 0.147546 0.576639 0.147663 0.580749 0.149265 0.581968 0.149343 0.584708 0.150946 0.585927 0.150985 0.587297 0.152588 0.588516 0.152627 0.589886 0.154229 0.591105 0.154268 0.592474 0.157474 0.594913 0.157513 0.596283 0.165526 0.602379 0.167090 0.602229 0.170295 0.604668 0.171858 0.604518 0.175065 0.606956 0.176628 0.606806 0.178231 0.608025 0.179794 0.607875 0.183000 0.610314 0.184564 0.610163 0.187768 0.612602 0.189333 0.612452 0.190935 0.613671 0.192499 0.613521 0.194102 0.614740 0.195665 0.614590 0.197268 0.615809 0.198832 0.615659 0.200435 0.616878 0.205126 0.616427 0.205554 0.631493 0.199299 0.632095 0.194725 0.636655 0.191597 0.636956 0.188547 0.639996 0.188664 0.644105 0.168336 0.646060 0.168219 0.641951 0.160205 0.635854 0.160166 0.634484 0.148948 0.625949 0.148909 0.624579 0.144101 0.620921 0.144062 0.619551 0.140856 0.617113 0.140817 0.615743 0.136010 0.612085 0.134445 0.612235 0.132843 0.611016 0.129716 0.611316 0.128113 0.610097 0.126549 0.610248 0.124946 0.609029 0.121820 0.609329 0.120216 0.608110 0.118652 0.608260 0.117050 0.607040 0.115487 0.607191 0.113884 0.605972 0.112320 0.606122 0.105910 0.601245 0.104345 0.601395 0.101140 0.598956 0.099577 0.599107 0.094768 0.595449 0.093204 0.595600 0.083589 0.588283 0.083550 0.586913 0.080345 0.584475 0.074090 0.585076 0.074051 0.583706 0.084996 0.582654 0.088046 0.579614 0.089610 0.579464 0.092659 0.576424 0.092542 0.572314
0 0.533188 0.683771 0.533694 0.701576 0.529002 0.702027 0.522904 0.708108 0.522943 0.709478 0.519892 0.712518 0.520009 0.716627 0.505936 0.717980 0.505819 0.713871 0.497805 0.707774 0.496242 0.707924 0.493037 0.705486 0.491473 0.705636 0.489870 0.704417 0.485179 0.704868 0.484712 0.688432
0 0.679881 0.548803 0.680660 0.576197 0.674405 0.576798 0.672881 0.578318 0.671316 0.578468 0.668267 0.581508 0.666703 0.581659 0.665178 0.583179 0.663614 0.583329 0.657516 0.589410 0.657632 0.593518 0.649813 0.594270 0.649658 0.588791 0.646452 0.586353 0.644889 0.586504 0.643286 0.585284 0.643247 0.583914 0.636836 0.579037 0.632144 0.579489 0.631405 0.553464
0 0.311902 0.842392 0.312641 0.868416 0.293876 0.870220 0.293721 0.864741 0.292118 0.863522 0.290554 0.863673 0.285747 0.860015 0.284183 0.860166 0.280977 0.857726 0.276286 0.858177 0.275936 0.845850
0 0.926655 0.404212 0.927122 0.420648 0.919303 0.421400 0.916253 0.424440 0.914690 0.424591 0.913165 0.426110 0.911601 0.426261 0.907026 0.430821 0.905463 0.430972 0.903939 0.432492 0.904094 0.437970 0.888457 0.439474 0.888340 0.435365 0.880326 0.429268 0.880287 0.427899 0.878684 0.426679 0.878645 0.425310 0.875440 0.422871 0.875401 0.421502 0.873799 0.420282 0.873721 0.417542 0.872119 0.416323 0.871924 0.409474
0 0.397518 0.158427 0.397674 0.163905 0.400880 0.166344 0.405571 0.165893 0.406544 0.200136 0.398725 0.200888 0.395675 0.203927 0.394112 0.204077 0.392587 0.205598 0.391023 0.205748 0.387974 0.208788 0.388090 0.212898 0.358379 0.215755 0.358262 0.211645 0.355058 0.209206 0.353493 0.209357 0.351891 0.208137 0.350327 0.208287 0.345519 0.204630 0.339264 0.205231 0.338992 0.195643 0.343683 0.195192 0.365030 0.173912 0.364991 0.172542 0.371090 0.166461 0.370935 0.160983
0 0.490960 0.742769 0.491466 0.760574 0.485211 0.761176 0.480637 0.765736 0.480754 0.769845 0.466680 0.771198 0.466563 0.767089 0.461756 0.763431 0.460191 0.763581 0.455384 0.759924 0.453820 0.760074 0.452216 0.758854 0.450653 0.759005 0.447448 0.756567 0.442756 0.757018 0.442484 0.747430
0 0.455169 0.586891 0.455636 0.603327 0.444691 0.604380 0.443165 0.605900 0.441601 0.606050 0.430928 0.616690 0.430967 0.618060 0.426393 0.622620 0.426510 0.626730 0.417126 0.627632 0.417009 0.623522 0.413805 0.621084 0.412241 0.621234 0.407432 0.617576 0.405869 0.617726 0.404267 0.616507 0.402703 0.616657 0.401100 0.615439 0.399536 0.615589 0.396331 0.613149 0.394768 0.613300 0.393164 0.612081 0.391600 0.612231 0.389998 0.611012 0.388435 0.611163 0.386832 0.609943 0.385267 0.610093 0.383665 0.608873 0.382102 0.609024 0.380499 0.607805 0.378935 0.607955 0.377332 0.606735 0.375768 0.606886 0.374166 0.605667 0.369474 0.606118 0.369163 0.595160
0 0.452833 0.504709 0.453378 0.523885 0.448688 0.524336 0.447162 0.525855 0.445598 0.526006 0.444074 0.527526 0.444191 0.531636 0.423862 0.533590 0.423746 0.529481 0.422142 0.528261 0.420578 0.528411 0.418976 0.527192 0.415849 0.527493 0.414245 0.526273 0.412682 0.526424 0.411080 0.525205 0.409516 0.525355 0.407912 0.524135 0.406349 0.524286 0.403144 0.521848 0.401581 0.521998 0.399977 0.520779 0.399666 0.509821
0 0.869296 0.151520 0.869996 0.176175 0.860614 0.177077 0.859090 0.178596 0.846579 0.179799 0.844976 0.178580 0.840285 0.179032 0.838682 0.177812 0.837118 0.177962 0.837079 0.176593 0.832272 0.172935 0.832233 0.171565 0.827425 0.167908 0.821170 0.168509 0.820820 0.156181
0 0.429890 0.138833 0.430279 0.152530 0.422461 0.153281 0.419410 0.156322 0.417847 0.156472 0.416323 0.157991 0.413195 0.158292 0.411670 0.159813 0.405415 0.160414 0.403812 0.159194 0.400685 0.159495 0.395877 0.155837 0.394312 0.155988 0.391108 0.153549 0.389544 0.153699 0.386339 0.151261 0.381648 0.151712 0.381414 0.143494
0 0.523169 0.772634 0.523637 0.789071 0.518946 0.789522 0.517421 0.791042 0.515856 0.791192 0.512808 0.794232 0.512963 0.799710 0.483252 0.802567 0.483096 0.797088 0.481494 0.795869 0.475238 0.796471 0.474693 0.777295
0 0.305984 0.634198 0.306334 0.646526 0.300079 0.647127 0.298554 0.648647 0.296991 0.648797 0.295467 0.650317 0.293902 0.650467 0.287803 0.656547 0.284676 0.656848 0.283150 0.658368 0.283267 0.662478 0.280141 0.662779 0.280024 0.658669 0.278421 0.657449 0.276856 0.657600 0.275254 0.656381 0.273691 0.656531 0.272088 0.655312 0.270525 0.655463 0.268921 0.654243 0.267357 0.654393 0.265755 0.653173 0.264192 0.653324 0.262589 0.652105 0.261024 0.652255 0.259422 0.651036 0.257859 0.651187 0.249845 0.645090 0.245153 0.645541 0.244998 0.640062
0 0.784529 0.258559 0.785113 0.279104 0.758530 0.281660 0.758413 0.277551 0.753604 0.273893 0.752040 0.274043 0.748835 0.271604 0.748796 0.270235 0.747194 0.269016 0.742503 0.269467 0.742308 0.262618
0 0.627635 0.696664 0.628219 0.717210 0.621964 0.717812 0.620439 0.719331 0.620556 0.723440 0.603355 0.725094 0.603238 0.720985 0.600033 0.718546 0.598470 0.718697 0.596867 0.717477 0.595303 0.717627 0.592097 0.715190 0.590534 0.715340 0.585726 0.711681 0.579471 0.712283 0.579160 0.701325
0 0.760736 0.469609 0.760892 0.475088 0.767302 0.479966 0.771993 0.479515 0.772655 0.502800 0.767964 0.503251 0.766439 0.504771 0.764876 0.504921 0.760301 0.509481 0.758736 0.509631 0.754162 0.514192 0.754279 0.518300 0.744897 0.519202 0.744780 0.515094 0.743177 0.513875 0.740049 0.514176 0.738447 0.512956 0.729065 0.513858 0.727461 0.512638 0.722771 0.513089 0.721168 0.511870 0.718041 0.512171 0.716438 0.510951 0.711746 0.511402 0.710144 0.510183 0.703889 0.510785 0.702287 0.509566 0.692903 0.510468 0.692670 0.502249 0.697362 0.501798 0.698887 0.500278 0.702014 0.499978 0.705064 0.496937 0.708190 0.496637 0.709716 0.495116 0.711279 0.494966 0.712804 0.493446 0.715932 0.493146 0.717457 0.491626 0.719020 0.491476 0.722070 0.488436 0.723633 0.488285 0.725159 0.486765 0.726722 0.486614 0.729772 0.483574 0.731336 0.483424 0.734385 0.480384 0.735950 0.480233 0.738998 0.477193 0.738842 0.471714
0 0.865992 0.311157 0.866148 0.316636 0.867751 0.317855 0.874006 0.317253 0.874629 0.339169 0.868374 0.339771 0.860750 0.347371 0.859186 0.347521 0.856137 0.350561 0.856254 0.354671 0.840616 0.356174 0.840499 0.352065 0.837294 0.349626 0.835730 0.349776 0.824512 0.341241 0.824473 0.339871 0.821267 0.337433 0.821228 0.336062 0.819625 0.334844 0.819586 0.333474 0.817984 0.332254 0.813292 0.332706 0.813098 0.325857 0.817789 0.325406 0.820839 0.322365 0.820800 0.320996 0.822325 0.319476 0.822208 0.315367
0 0.585901 0.552345 0.586135 0.560564 0.581444 0.561015 0.579918 0.562534 0.578355 0.562685 0.575306 0.565726 0.573741 0.565876 0.572216 0.567396 0.570653 0.567546 0.566078 0.572107 0.564515 0.572257 0.562990 0.573777 0.559863 0.574077 0.558337 0.575597 0.552082 0.576198 0.550480 0.574979 0.548916 0.575130 0.547313 0.573911 0.545750 0.574061 0.540941 0.570403 0.539378 0.570553 0.529762 0.563237 0.528199 0.563387 0.528043 0.557909
0 0.575571 0.630251 0.576116 0.649427 0.571424 0.649878 0.569900 0.651398 0.568336 0.651548 0.560712 0.659149 0.560829 0.663258 0.537372 0.665514 0.537256 0.661404 0.534050 0.658966 0.532487 0.659116 0.530885 0.657897 0.529321 0.658047 0.527717 0.656828 0.526154 0.656978 0.524552 0.655758 0.522988 0.655909 0.521386 0.654690 0.518257 0.654990 0.516655 0.653771 0.513527 0.654072 0.510322 0.651633 0.510166 0.646155 0.511730 0.646004 0.513255 0.644484 0.514819 0.644334 0.516343 0.642813 0.519471 0.642512 0.522521 0.639473 0.522404 0.635364
0 0.333366 0.494221 0.333677 0.505178 0.325858 0.505930 0.322809 0.508970 0.321245 0.509121 0.319720 0.510640 0.318157 0.510791 0.316632 0.512311 0.313504 0.512612 0.310454 0.515652 0.308891 0.515802 0.307367 0.517323 0.305802 0.517473 0.301228 0.522033 0.294973 0.522634 0.293448 0.524154 0.276247 0.525808 0.274644 0.524589 0.268389 0.525190 0.266787 0.523972 0.263659 0.524272 0.262056 0.523053 0.260493 0.523203 0.258890 0.521984 0.255763 0.522285 0.254160 0.521065 0.251032 0.521366 0.249430 0.520147 0.247866 0.520297 0.246263 0.519077 0.244700 0.519228 0.239892 0.515569 0.235201 0.516020 0.235084 0.511912 0.241338 0.511310 0.242863 0.509791 0.242824 0.508420 0.244350 0.506901 0.244233 0.502791
0 0.635674 0.152008 0.635791 0.156117 0.638996 0.158557 0.640561 0.158406 0.642164 0.159625 0.649982 0.158873 0.650527 0.178049 0.644272 0.178651 0.638173 0.184731 0.636609 0.184881 0.630510 0.190961 0.630627 0.195070 0.616553 0.196423 0.616436 0.192315 0.614834 0.191096 0.610142 0.191547 0.608539 0.190327 0.597593 0.191379 0.595991 0.190161 0.594427 0.190311 0.589618 0.186653 0.588055 0.186803 0.583248 0.183145 0.580120 0.183446 0.578517 0.182226 0.576953 0.182377 0.575351 0.181158 0.570660 0.181609 0.570270 0.167912 0.574961 0.167461 0.581060 0.161380 0.580944 0.157271
0 0.755564 0.563501 0.755953 0.577198 0.751263 0.577649 0.745162 0.583729 0.742035 0.584030 0.740511 0.585549 0.723309 0.587203 0.721784 0.588724 0.721901 0.592833 0.718774 0.593134 0.718657 0.589024 0.717055 0.587805 0.715491 0.587955 0.713887 0.586736 0.707633 0.587338 0.707088 0.568162
0 0.444969 0.890029 0.445320 0.902355 0.440628 0.902807 0.439104 0.904327 0.437540 0.904477 0.434491 0.907517 0.434607 0.911626 0.417406 0.913280 0.417289 0.909171 0.414084 0.906733 0.412520 0.906883 0.402904 0.899567 0.396649 0.900168 0.396494 0.894690
0 0.663764 0.643746 0.664270 0.661552 0.656452 0.662304 0.654926 0.663824 0.645544 0.664727 0.643942 0.663507 0.639250 0.663958 0.637647 0.662739 0.634519 0.663040 0.632917 0.661821 0.631353 0.661971 0.626545 0.658313 0.621854 0.658764 0.621542 0.647806
0 0.314601 0.496025 0.315107 0.513832 0.308852 0.514433 0.307328 0.515953 0.305763 0.516103 0.304238 0.517624 0.297984 0.518225 0.294934 0.521265 0.293370 0.521415 0.291846 0.522935 0.290282 0.523085 0.288756 0.524605 0.280938 0.525357 0.279413 0.526877 0.279530 0.530987 0.279413 0.526877 0.277811 0.525658 0.273119 0.526109 0.271517 0.524890 0.265262 0.525491 0.263659 0.524272 0.262095 0.524423 0.260493 0.523203 0.257365 0.523504 0.255763 0.522285 0.254199 0.522435 0.252596 0.521215 0.249469 0.521516 0.247866 0.520297 0.246302 0.520447 0.239892 0.515569 0.235201 0.516020 0.235084 0.511912 0.239775 0.511461 0.242824 0.508420 0.242669 0.502942
0 0.153970 0.802640 0.154710 0.828664 0.134380 0.830618 0.134264 0.826510 0.129456 0.822851 0.127893 0.823001 0.124687 0.820564 0.118433 0.821165 0.118004 0.806098
0 0.368404 0.402952 0.368793 0.416649 0.364102 0.417100 0.362577 0.418619 0.359450 0.418920 0.357926 0.420440 0.354797 0.420741 0.353273 0.422261 0.345455 0.423013 0.343929 0.424533 0.342326 0.423313 0.337635 0.423764 0.331225 0.418888 0.326534 0.419339 0.326183 0.407011
0 0.610804 0.214831 0.610921 0.218941 0.612524 0.220160 0.612563 0.221530 0.615768 0.223968 0.615807 0.225338 0.620615 0.228995 0.620654 0.230365 0.628668 0.236462 0.628706 0.237832 0.631912 0.240270 0.633475 0.240120 0.635078 0.241340 0.635117 0.242709 0.636719 0.243928 0.638283 0.243778 0.641488 0.246217 0.641527 0.247587 0.644733 0.250025 0.646297 0.249875 0.655913 0.257191 0.657476 0.257041 0.663887 0.261918 0.665451 0.261768 0.667054 0.262987 0.671745 0.262536 0.672095 0.274863 0.667404 0.275314 0.665879 0.276835 0.664316 0.276985 0.661266 0.280024 0.659702 0.280175 0.653603 0.286256 0.652038 0.286406 0.650514 0.287926 0.650631 0.292035 0.631866 0.293840 0.631749 0.289730 0.628544 0.287291 0.625416 0.287592 0.623813 0.286372 0.622250 0.286523 0.619044 0.284084 0.617481 0.284234 0.615878 0.283015 0.615839 0.281646 0.612634 0.279207 0.612595 0.277837 0.609390 0.275399 0.609351 0.274028 0.607747 0.272810 0.607631 0.268701 0.606028 0.267481 0.605600 0.252414 0.600793 0.248756 0.600754 0.247386 0.584727 0.235193 0.583163 0.235343 0.578354 0.231686 0.572100 0.232287 0.571711 0.218590
0 0.645180 0.431276 0.645920 0.457301 0.624028 0.459406 0.623911 0.455297 0.622309 0.454077 0.620745 0.454227 0.619142 0.453008 0.617578 0.453159 0.615975 0.451939 0.614412 0.452089 0.611206 0.449651 0.609643 0.449801 0.604835 0.446143 0.604757 0.443404 0.606282 0.441883 0.606243 0.440514 0.607767 0.438994 0.607651 0.434885
0 0.146638 0.655013 0.146755 0.659122 0.149960 0.661561 0.151523 0.661411 0.156332 0.665069 0.162587 0.664467 0.163171 0.685012 0.158479 0.685463 0.155430 0.688504 0.155469 0.689874 0.153944 0.691393 0.153983 0.692763 0.150933 0.695803 0.150972 0.697173 0.147923 0.700214 0.147962 0.701583 0.146437 0.703103 0.146593 0.708582 0.121572 0.710988 0.121455 0.706878 0.113442 0.700781 0.113403 0.699412 0.108596 0.695754 0.108557 0.694384 0.106954 0.693165 0.102263 0.693616 0.101874 0.679919 0.106564 0.679468 0.108090 0.677948 0.107934 0.672469 0.109458 0.670950 0.109108 0.658622
0 0.483356 0.254555 0.483784 0.269621 0.479093 0.270072 0.477568 0.271592 0.476004 0.271743 0.472955 0.274783 0.471391 0.274933 0.468341 0.277973 0.468458 0.282083 0.459075 0.282985 0.458959 0.278875 0.454150 0.275217 0.452587 0.275367 0.449381 0.272929 0.447818 0.273079 0.441407 0.268202 0.441330 0.265463 0.442854 0.263943 0.442698 0.258464
0 0.660675 0.314418 0.661220 0.333593 0.656529 0.334044 0.655004 0.335564 0.653440 0.335714 0.651916 0.337235 0.652032 0.341343 0.623885 0.344050 0.623768 0.339941 0.620563 0.337503 0.612744 0.338254 0.612199 0.319079
0 0.174448 0.861102 0.175032 0.881647 0.153139 0.883752 0.152984 0.878274 0.151381 0.877055 0.145126 0.877656 0.144737 0.863959
0 0.850946 0.609267 0.851063 0.613377 0.852665 0.614596 0.854229 0.614445 0.855832 0.615664 0.858959 0.615363 0.860562 0.616583 0.863689 0.616282 0.865293 0.617501 0.866856 0.617351 0.868458 0.618571 0.870022 0.618420 0.871625 0.619640 0.876316 0.619189 0.877056 0.645213 0.872365 0.645664 0.870840 0.647185 0.869276 0.647335 0.866227 0.650374 0.864663 0.650525 0.863138 0.652045 0.861574 0.652195 0.860049 0.653716 0.858486 0.653866 0.856961 0.655386 0.855397 0.655536 0.852347 0.658576 0.850783 0.658727 0.847735 0.661767 0.846170 0.661917 0.843121 0.664957 0.841557 0.665108 0.840032 0.666627 0.838468 0.666778 0.835419 0.669818 0.833855 0.669969 0.829280 0.674529 0.827717 0.674679 0.826192 0.676199 0.824628 0.676349 0.823103 0.677870 0.823220 0.681978 0.821657 0.682128 0.821540 0.678020 0.819937 0.676800 0.816810 0.677101 0.815207 0.675882 0.813643 0.676032 0.808835 0.672375 0.807271 0.672525 0.802463 0.668867 0.800900 0.669017 0.799297 0.667798 0.797734 0.667948 0.792925 0.664290 0.791361 0.664440 0.789759 0.663221 0.789720 0.661851 0.783309 0.656974 0.783270 0.655605 0.781668 0.654385 0.781629 0.653015 0.778423 0.650576 0.778384 0.649207 0.776782 0.647988 0.776743 0.646618 0.775140 0.645398 0.775101 0.644029 0.773498 0.642810 0.773459 0.641440 0.771857 0.640221 0.771818 0.638851 0.770215 0.637631 0.770176 0.636262 0.760560 0.628946 0.758996 0.629096 0.757394 0.627876 0.752703 0.628327 0.752430 0.618740
0 0.529962 0.184148 0.530079 0.188258 0.533286 0.190695 0.536412 0.190395 0.538015 0.191614 0.544270 0.191013 0.544737 0.207449 0.540047 0.207900 0.538521 0.209420 0.536957 0.209570 0.532383 0.214131 0.530819 0.214281 0.527770 0.217321 0.527887 0.221430 0.515376 0.222633 0.515259 0.218524 0.512055 0.216086 0.510491 0.216236 0.508889 0.215017 0.505760 0.215318 0.504158 0.214098 0.502595 0.214248 0.499388 0.211810 0.497825 0.211960 0.493017 0.208302 0.491453 0.208452 0.488248 0.206014 0.486685 0.206164 0.485082 0.204945 0.484965 0.200836 0.486490 0.199316 0.486451 0.197945 0.492549 0.191866 0.492433 0.187757
0 0.630490 0.355776 0.631074 0.376322 0.604491 0.378878 0.604374 0.374769 0.602771 0.373549 0.601208 0.373699 0.599605 0.372480 0.596477 0.372781 0.594874 0.371561 0.593311 0.371712 0.586900 0.366835 0.582208 0.367286 0.582014 0.360437
0 0.415115 0.777530 0.415232 0.781639 0.418438 0.784078 0.420001 0.783928 0.423207 0.786367 0.424771 0.786216 0.427975 0.788654 0.429539 0.788504 0.432745 0.790943 0.434309 0.790793 0.440720 0.795669 0.442283 0.795519 0.456708 0.806493 0.461398 0.806042 0.462216 0.834806 0.457525 0.835258 0.437702 0.855018 0.436139 0.855168 0.425465 0.865809 0.423900 0.865959 0.422376 0.867479 0.411430 0.868532 0.409827 0.867313 0.408263 0.867463 0.398647 0.860146 0.398608 0.858777 0.393800 0.855118 0.393761 0.853749 0.390556 0.851310 0.390478 0.848571 0.388876 0.847351 0.388448 0.832285 0.386845 0.831066 0.386728 0.826957 0.385125 0.825737 0.385086 0.824368 0.383484 0.823149 0.383445 0.821778 0.378637 0.818121 0.377073 0.818271 0.373868 0.815833 0.372304 0.815983 0.370701 0.814763 0.369138 0.814913 0.367535 0.813694 0.365970 0.813844 0.364368 0.812625 0.362805 0.812776 0.361202 0.811557 0.359638 0.811707 0.356433 0.809267 0.354869 0.809418 0.353266 0.808199 0.351703 0.808349 0.350099 0.807130 0.348536 0.807281 0.345331 0.804841 0.343767 0.804992 0.342164 0.803773 0.340601 0.803923 0.338998 0.802703 0.337435 0.802854 0.334228 0.800416 0.332665 0.800566 0.329460 0.798127 0.327895 0.798277 0.326293 0.797058 0.318474 0.797810 0.318163 0.786852
0 0.838488 0.170964 0.838682 0.177812 0.832428 0.178413 0.830902 0.179934 0.829339 0.180084 0.827815 0.181604 0.826250 0.181754 0.824725 0.183275 0.824842 0.187384 0.815459 0.188286 0.815343 0.184177 0.810535 0.180518 0.810496 0.179149 0.808893 0.177929 0.808776 0.173821
0 0.146638 0.655013 0.146755 0.659122 0.149960 0.661561 0.151523 0.661411 0.154730 0.663849 0.156293 0.663698 0.157895 0.664918 0.162587 0.664467 0.163210 0.686382 0.156955 0.686984 0.155430 0.688504 0.155469 0.689874 0.153944 0.691393 0.153983 0.692763 0.152458 0.694284 0.152497 0.695653 0.149448 0.698693 0.149487 0.700063 0.146437 0.703103 0.146476 0.704473 0.144951 0.705992 0.143387 0.706143 0.138813 0.710703 0.138929 0.714812 0.129547 0.715714 0.129430 0.711605 0.126225 0.709167 0.124662 0.709317 0.107032 0.695904 0.102341 0.696355 0.101796 0.677180 0.106487 0.676729 0.108012 0.675208 0.107934 0.672469 0.109458 0.670950 0.109108 0.658622
0 0.415115 0.777530 0.415232 0.781639 0.418438 0.784078 0.420001 0.783928 0.423207 0.786367 0.424771 0.786216 0.427975 0.788654 0.429539 0.788504 0.432745 0.790943 0.434309 0.790793 0.440720 0.795669 0.442283 0.795519 0.456708 0.806493 0.461398 0.806042 0.462216 0.834806 0.457525 0.835258 0.437702 0.855018 0.436139 0.855168 0.425465 0.865809 0.423900 0.865959 0.422376 0.867479 0.411430 0.868532 0.409827 0.867313 0.408263 0.867463 0.398647 0.860146 0.398608 0.858777 0.393800 0.855118 0.393761 0.853749 0.390556 0.851310 0.390478 0.848571 0.388876 0.847351 0.388409 0.830916 0.386806 0.829696 0.386728 0.826957 0.385125 0.825737 0.385086 0.824368 0.383484 0.823149 0.383445 0.821778 0.378637 0.818121 0.377073 0.818271 0.373868 0.815833 0.372304 0.815983 0.370701 0.814763 0.369138 0.814913 0.367535 0.813694 0.365970 0.813844 0.364368 0.812625 0.362805 0.812776 0.361202 0.811557 0.359638 0.811707 0.356433 0.809267 0.354869 0.809418 0.353266 0.808199 0.351703 0.808349 0.350099 0.807130 0.348536 0.807281 0.345331 0.804841 0.343767 0.804992 0.342164 0.803773 0.340601 0.803923 0.338998 0.802703 0.337435 0.802854 0.334228 0.800416 0.332665 0.800566 0.329460 0.798127 0.327895 0.798277 0.326293 0.797058 0.324730 0.797208 0.323127 0.795989 0.321563 0.796140 0.321524 0.794770 0.318318 0.792331 0.318163 0.786852
0 0.645180 0.431276 0.645920 0.457301 0.622464 0.459556 0.622348 0.455447 0.619142 0.453008 0.617578 0.453159 0.615975 0.451939 0.614412 0.452089 0.612809 0.450870 0.611245 0.451021 0.609643 0.449801 0.603388 0.450402 0.602960 0.435336
1 0.887553 0.251399 0.658858 0.250498 0.927068 0.538312
0 1.000000 0.235696 1.000000 0.222764 1.000000 0.219451 0.991186 0.219689 0.976884 0.222208 0.967958 0.229934 0.964210 0.236017 0.964372 0.241723 0.972256 0.243255 0.998416 0.244173 1.000000 0.241153
0 0.291740 0.252606 0.275811 0.243838 0.205053 0.236907 0.128040 0.239732 0.049983 0.251817 0.053158 0.400301 0.064818 0.406047 0.092314 0.407980 0.119712 0.406491 0.165386 0.404389 0.196499 0.395675 0.236506 0.378094 0.275048 0.354930 0.290790 0.311070 0.293596 0.271885
0 0.893442 0.454895 0.902376 0.453320 0.905855 0.460850 0.914237 0.468623 0.903756 0.473204 0.898710 0.467970
0 0.564134 0.268523 0.554978 0.262254 0.539392 0.259463 0.511758 0.263550 0.494075 0.273113 0.496802 0.282859 0.511655 0.288580 0.527179 0.289232 0.553957 0.283798 0.565944 0.274781
