0 0.666957 0.365995 0.665931 0.370257 0.652582 0.377548 0.647887 0.376410 0.642756 0.397724 0.647451 0.398862 0.648673 0.400663 0.653367 0.401801 0.654590 0.403602 0.660849 0.405120 0.662757 0.404078 0.672146 0.406355 0.674052 0.405313 0.675617 0.405692 0.677524 0.404651 0.680653 0.405410 0.682560 0.404368 0.684125 0.404747 0.686032 0.403706 0.687597 0.404086 0.689504 0.403045 0.692633 0.403803 0.694541 0.402761 0.696106 0.403141 0.698012 0.402100 0.699577 0.402479 0.701484 0.401437 0.703049 0.401817 0.704956 0.400776 0.706521 0.401155 0.712241 0.398030 0.713807 0.398410 0.717620 0.396326 0.719185 0.396706 0.722999 0.394623 0.727693 0.395761 0.729061 0.390077 0.724367 0.388939 0.721922 0.385338 0.723290 0.379655
0 0.774745 0.482366 0.768929 0.506522 0.775188 0.508040 0.776411 0.509840 0.785800 0.512117 0.787707 0.511075 0.789271 0.511455 0.794993 0.508330 0.795335 0.506909 0.802962 0.502743 0.804528 0.503123 0.808340 0.501040 0.807118 0.499239 0.809171 0.490713
0 0.820690 0.319053 0.816927 0.334683 0.823186 0.336201 0.824409 0.338001 0.825974 0.338381 0.827197 0.340182 0.830326 0.340941 0.831549 0.342741 0.833113 0.343120 0.835560 0.346721 0.834533 0.350983 0.850182 0.354778 0.851208 0.350515 0.855021 0.348432 0.856586 0.348812 0.858493 0.347771 0.860058 0.348150 0.861964 0.347108 0.863530 0.347487 0.865436 0.346445 0.867001 0.346825 0.874629 0.342659 0.879323 0.343797 0.881718 0.333851
0 0.858632 0.292159 0.857264 0.297843 0.855357 0.298885 0.853793 0.298506 0.851886 0.299547 0.845626 0.298029 0.841521 0.315080 0.849345 0.316978 0.851790 0.320578 0.850764 0.324841 0.861718 0.327497 0.862744 0.323234 0.870372 0.319068 0.870714 0.317647 0.876435 0.314523 0.876778 0.313102 0.878684 0.312060 0.879026 0.310640 0.880933 0.309598 0.887192 0.311116 0.889929 0.299748
0 0.179708 0.229801 0.175945 0.245432 0.180639 0.246570 0.184307 0.251971 0.185872 0.252350 0.188318 0.255951 0.187292 0.260214 0.207634 0.265147 0.208660 0.260884 0.210567 0.259842 0.212132 0.260221 0.217852 0.257097 0.224112 0.258615 0.225138 0.254352 0.220444 0.253214 0.216776 0.247813 0.215211 0.247433 0.211544 0.242031 0.212570 0.237769
0 0.787252 0.389148 0.785883 0.394832 0.783976 0.395874 0.776152 0.393977 0.771363 0.413869 0.777622 0.415387 0.778844 0.417188 0.778502 0.418609 0.779725 0.420409 0.779383 0.421830 0.780605 0.423630 0.779921 0.426472 0.782367 0.430073 0.783932 0.430452 0.786377 0.434053 0.787942 0.434433 0.790387 0.438033 0.791952 0.438413 0.793175 0.440214 0.794740 0.440593 0.795963 0.442393 0.797527 0.442773 0.798750 0.444572 0.800315 0.444952 0.802760 0.448553 0.805890 0.449312 0.807112 0.451112 0.821196 0.454527 0.823103 0.453485 0.832492 0.455762 0.842072 0.415975 0.837377 0.414837 0.834931 0.411236 0.835273 0.409816 0.834051 0.408016 0.835762 0.400911
0 0.206518 0.338567 0.199334 0.368408 0.205593 0.369926 0.210484 0.377127 0.212049 0.377507 0.213271 0.379307 0.228919 0.383101 0.232733 0.381018 0.234299 0.381397 0.236205 0.380356 0.237769 0.380736 0.241584 0.378653 0.243149 0.379032 0.245056 0.377990 0.246620 0.378370 0.254248 0.374204 0.255617 0.368520 0.254394 0.366720 0.254737 0.365299 0.251068 0.359897 0.249504 0.359517 0.244612 0.352317 0.245638 0.348053
0 0.128063 0.169153 0.124300 0.184784 0.130559 0.186302 0.131782 0.188102 0.130756 0.192364 0.141709 0.195020 0.142736 0.190758 0.154177 0.184509 0.156230 0.175983
0 0.159407 0.561754 0.155301 0.578805 0.159996 0.579944 0.162441 0.583544 0.161757 0.586386 0.162980 0.588186 0.162295 0.591028 0.163517 0.592829 0.162491 0.597091 0.176575 0.600506 0.177601 0.596244 0.185229 0.592078 0.186793 0.592457 0.194422 0.588291 0.195986 0.588671 0.203614 0.584504 0.205180 0.584884 0.205522 0.583463 0.204299 0.581663 0.204641 0.580242 0.203418 0.578441 0.204787 0.572758
0 0.815038 0.480104 0.809906 0.501419 0.827118 0.505593 0.828145 0.501330 0.831960 0.499247 0.833524 0.499626 0.837338 0.497543 0.842032 0.498681 0.844769 0.487314
0 0.362394 0.213942 0.359999 0.223888 0.366258 0.225406 0.367480 0.227206 0.369046 0.227586 0.370268 0.229387 0.373398 0.230146 0.374621 0.231946 0.376186 0.232325 0.377408 0.234126 0.376040 0.239809 0.397947 0.245121 0.399316 0.239438 0.401222 0.238396 0.407483 0.239914 0.410904 0.225704
0 0.974626 0.326301 0.973600 0.330564 0.969786 0.332647 0.968221 0.332268 0.964407 0.334350 0.962842 0.333970 0.960936 0.335012 0.959371 0.334633 0.957463 0.335674 0.949640 0.333777 0.946902 0.345145 0.956291 0.347422 0.957515 0.349222 0.962209 0.350360 0.964654 0.353961 0.963628 0.358224 0.991794 0.365054 0.992821 0.360791 0.994727 0.359749 0.996293 0.360128 1.000000 0.357004 1.000000 0.348478 1.000000 0.346678 1.000000 0.343836 1.000000 0.340236 1.000000 0.333131
0 0.334239 0.303365 0.329449 0.323258 0.335708 0.324776 0.336931 0.326577 0.338496 0.326956 0.340941 0.330557 0.342505 0.330936 0.343729 0.332736 0.345293 0.333116 0.346516 0.334916 0.345148 0.340600 0.357666 0.343635 0.359035 0.337951 0.364756 0.334827 0.365098 0.333407 0.368912 0.331323 0.369254 0.329902 0.378788 0.324695 0.379131 0.323274 0.381037 0.322233 0.387297 0.323750 0.389008 0.316645
0 0.392905 0.197277 0.388799 0.214329 0.395059 0.215847 0.396282 0.217647 0.397846 0.218026 0.399068 0.219827 0.408458 0.222104 0.410365 0.221061 0.411930 0.221441 0.413837 0.220400 0.415402 0.220779 0.424936 0.215572 0.425962 0.211309 0.427870 0.210267 0.428896 0.206005
0 0.904822 0.519922 0.900716 0.536973 0.906975 0.538491 0.908198 0.540292 0.914457 0.541810 0.915680 0.543610 0.925069 0.545886 0.926976 0.544845 0.933236 0.546363 0.935142 0.545321 0.936708 0.545701 0.940521 0.543617 0.940863 0.542196 0.942770 0.541155 0.945507 0.529787
0 0.265387 0.286670 0.262307 0.299459 0.268567 0.300977 0.269790 0.302777 0.271354 0.303156 0.273800 0.306757 0.272773 0.311020 0.277467 0.312158 0.278494 0.307895 0.284215 0.304771 0.285779 0.305150 0.287687 0.304108 0.292382 0.305247 0.295119 0.293879
0 0.545507 0.498968 0.543455 0.507494 0.549714 0.509012 0.552159 0.512612 0.555289 0.513371 0.556511 0.515172 0.559641 0.515931 0.560864 0.517731 0.562771 0.516690 0.567465 0.517828 0.569373 0.516786 0.570937 0.517166 0.574751 0.515083 0.575093 0.513662 0.577001 0.512620 0.578369 0.506936
0 0.056676 0.218015 0.051886 0.237909 0.059710 0.239806 0.061618 0.238764 0.066313 0.239902 0.068219 0.238861 0.069783 0.239240 0.079318 0.234033 0.084013 0.235172 0.086408 0.225225
0 0.142373 0.419264 0.141346 0.423527 0.135625 0.426651 0.134061 0.426272 0.132153 0.427314 0.125894 0.425796 0.122131 0.441426 0.128390 0.442944 0.130835 0.446544 0.129809 0.450808 0.142327 0.453843 0.143354 0.449580 0.149074 0.446456 0.149416 0.445034 0.153231 0.442951 0.154796 0.443331 0.158609 0.441248 0.160175 0.441627 0.162081 0.440585 0.163647 0.440965 0.165553 0.439924 0.167117 0.440303 0.169025 0.439261 0.170590 0.439641 0.171616 0.435378 0.169170 0.431777 0.170539 0.426093
0 0.252464 0.175255 0.250069 0.185202 0.254764 0.186340 0.255986 0.188140 0.257551 0.188520 0.258773 0.190320 0.261903 0.191079 0.263126 0.192879 0.280339 0.197053 0.281561 0.198853 0.283126 0.199232 0.284349 0.201033 0.283323 0.205296 0.289582 0.206813 0.290608 0.202551 0.292515 0.201509 0.294081 0.201889 0.295987 0.200847 0.297552 0.201227 0.303273 0.198103 0.303615 0.196681 0.305521 0.195639 0.305863 0.194219 0.307771 0.193177 0.312465 0.194315 0.313491 0.190053
0 0.375138 0.463673 0.369322 0.487829 0.375581 0.489347 0.379250 0.494748 0.380814 0.495128 0.385705 0.502329 0.387269 0.502708 0.392161 0.509910 0.391135 0.514174 0.413041 0.519485 0.414410 0.513801 0.437293 0.501303 0.443553 0.502821 0.444922 0.497137 0.440227 0.495999 0.435336 0.488797 0.433771 0.488417 0.432549 0.486617 0.430984 0.486238 0.429761 0.484438 0.426631 0.483679 0.424186 0.480077 0.425212 0.475815
0 0.003507 0.493874 0.000000 0.513767 0.004977 0.515285 0.009868 0.522486 0.012998 0.523245 0.014221 0.525045 0.031433 0.529219 0.033341 0.528178 0.048989 0.531972 0.050895 0.530930 0.052460 0.531309 0.054367 0.530268 0.055931 0.530648 0.061653 0.527523 0.063218 0.527902 0.065125 0.526861 0.065467 0.525441 0.064244 0.523640 0.064929 0.520798 0.063363 0.520419 0.062140 0.518618 0.060576 0.518238 0.059353 0.516438 0.054659 0.515300 0.053436 0.513500 0.050307 0.512741 0.047862 0.509140 0.048888 0.504877
0 0.609826 0.231829 0.606405 0.246039 0.611100 0.247177 0.612322 0.248977 0.613887 0.249356 0.615110 0.251157 0.616675 0.251537 0.617897 0.253337 0.619462 0.253716 0.621907 0.257317 0.623472 0.257696 0.633254 0.272099 0.632912 0.273521 0.637803 0.280722 0.636776 0.284985 0.653989 0.289158 0.655015 0.284896 0.658830 0.282813 0.660394 0.283192 0.662301 0.282150 0.663866 0.282530 0.665773 0.281489 0.667338 0.281868 0.669245 0.280826 0.675505 0.282344 0.678242 0.270977 0.671982 0.269459 0.665868 0.260457 0.664304 0.260078 0.660635 0.254677 0.659071 0.254298 0.655402 0.248896 0.656771 0.243212
0 0.612587 0.412968 0.609165 0.427177 0.615425 0.428695 0.616648 0.430495 0.621342 0.431633 0.622565 0.433434 0.621539 0.437697 0.632492 0.440352 0.633518 0.436090 0.635425 0.435048 0.640120 0.436186 0.642026 0.435145 0.645156 0.435904 0.648971 0.433821 0.650535 0.434201 0.650877 0.432780 0.654691 0.430696 0.659385 0.431834 0.661096 0.424730
0 0.660126 0.490667 0.655679 0.509140 0.661938 0.510657 0.669274 0.521460 0.670838 0.521839 0.672062 0.523639 0.673627 0.524019 0.674849 0.525819 0.677979 0.526577 0.679201 0.528378 0.702674 0.534070 0.704581 0.533028 0.707711 0.533787 0.709617 0.532746 0.712747 0.533504 0.714654 0.532464 0.716219 0.532843 0.718125 0.531801 0.721255 0.532560 0.723162 0.531519 0.724728 0.531898 0.726634 0.530856 0.728198 0.531235 0.730106 0.530194 0.734800 0.531332 0.736168 0.525648 0.729909 0.524130 0.726241 0.518730 0.724676 0.518350 0.723454 0.516549 0.721889 0.516170 0.719444 0.512569 0.717879 0.512190 0.715433 0.508590 0.716460 0.504327
0 0.316448 0.377254 0.313027 0.391464 0.319286 0.392982 0.320510 0.394782 0.322074 0.395161 0.323296 0.396962 0.324862 0.397341 0.327307 0.400942 0.328871 0.401321 0.330094 0.403122 0.331660 0.403502 0.332882 0.405302 0.331856 0.409564 0.349069 0.413738 0.350096 0.409476 0.352002 0.408434 0.353566 0.408814 0.357380 0.406731 0.358945 0.407110 0.364667 0.403985 0.366231 0.404365 0.370045 0.402282 0.374739 0.403420 0.377476 0.392052
0 0.402889 0.265870 0.400152 0.277238 0.406411 0.278756 0.407633 0.280555 0.409199 0.280935 0.411644 0.284537 0.413209 0.284916 0.414431 0.286716 0.413405 0.290978 0.429053 0.294773 0.430422 0.289090 0.438050 0.284923 0.442745 0.286061 0.445139 0.276115
0 0.082880 0.164213 0.079116 0.179843 0.086941 0.181740 0.088163 0.183541 0.087137 0.187803 0.098090 0.190459 0.099116 0.186197 0.108651 0.180990 0.109678 0.176726 0.111584 0.175684 0.112611 0.171422
0 0.271848 0.342377 0.267743 0.359429 0.275567 0.361326 0.278013 0.364927 0.282707 0.366065 0.283929 0.367865 0.288624 0.369003 0.289847 0.370804 0.288821 0.375067 0.289847 0.370804 0.291753 0.369762 0.293319 0.370142 0.295225 0.369100 0.298355 0.369859 0.300261 0.368818 0.301826 0.369198 0.303733 0.368156 0.305298 0.368535 0.307206 0.367494 0.307548 0.366073 0.309454 0.365032 0.310823 0.359347 0.309601 0.357547 0.310969 0.351863
0 0.420500 0.330297 0.417421 0.343085 0.423681 0.344603 0.424903 0.346404 0.426468 0.346783 0.427691 0.348584 0.426323 0.354267 0.443535 0.358441 0.444562 0.354178 0.446469 0.353137 0.452727 0.354655 0.456491 0.339024
0 0.040861 0.448790 0.037098 0.464421 0.046486 0.466698 0.047710 0.468498 0.046684 0.472760 0.048248 0.473140 0.049274 0.468877 0.051180 0.467836 0.054310 0.468595 0.056218 0.467553 0.059347 0.468312 0.061255 0.467270 0.062819 0.467649 0.066633 0.465567 0.067317 0.462725 0.069224 0.461683 0.070592 0.455999
0 0.000000 0.600735 0.000000 0.616365 0.011103 0.620539 0.012129 0.616277 0.014036 0.615235 0.018730 0.616373 0.021124 0.606427
0 0.293750 0.299563 0.292724 0.303826 0.287002 0.306950 0.280743 0.305433 0.276296 0.323904 0.293508 0.328078 0.294535 0.323816 0.296442 0.322774 0.299572 0.323533 0.301479 0.322492 0.307737 0.324009 0.309645 0.322968 0.311209 0.323348 0.313117 0.322306 0.314681 0.322685 0.318496 0.320602 0.318838 0.319181 0.322652 0.317098 0.325047 0.307152
0 0.593451 0.685047 0.589688 0.700677 0.611596 0.705989 0.612964 0.700305 0.614871 0.699264 0.621130 0.700782 0.623183 0.692256
0 0.148661 0.661414 0.143529 0.682728 0.163871 0.687660 0.164898 0.683398 0.170619 0.680273 0.175313 0.681411 0.178392 0.668623
0 0.163893 0.460576 0.160130 0.476206 0.177343 0.480380 0.181106 0.464750
0 0.493458 0.329941 0.489695 0.345571 0.499084 0.347847 0.500990 0.346806 0.510380 0.349083 0.512286 0.348041 0.513852 0.348421 0.515758 0.347379 0.520452 0.348518 0.523189 0.337150
0 0.070991 0.516252 0.067228 0.531883 0.096960 0.539093 0.100723 0.523462
0 0.560965 0.544826 0.557544 0.559035 0.571627 0.562450 0.573534 0.561408 0.576664 0.562167 0.584292 0.558002 0.588986 0.559140 0.590696 0.552035
0 0.339713 0.280630 0.336976 0.291997 0.344800 0.293895 0.346023 0.295694 0.353846 0.297591 0.359567 0.294467 0.359909 0.293047 0.363723 0.290964 0.368417 0.292102 0.369444 0.287839
0 0.708249 0.538429 0.707223 0.542692 0.705316 0.543734 0.700621 0.542595 0.696858 0.558226 0.726589 0.565436 0.727958 0.559751 0.729865 0.558710 0.731430 0.559089 0.733337 0.558048 0.734902 0.558428 0.738715 0.556344 0.740280 0.556723 0.742188 0.555682 0.745316 0.556441 0.747224 0.555400 0.750353 0.556159 0.752261 0.555117 0.753825 0.555496 0.755732 0.554454 0.756758 0.550192
0 0.134191 0.693999 0.130427 0.709629 0.136687 0.711147 0.137713 0.706884 0.139621 0.705843 0.145880 0.707360 0.147786 0.706319 0.150916 0.707078 0.154730 0.704995 0.156098 0.699311
0 0.483902 0.562234 0.480139 0.577864 0.497352 0.582037 0.501116 0.566407
0 0.680296 0.682042 0.676533 0.697672 0.695311 0.702226 0.696337 0.697963 0.698245 0.696921 0.699809 0.697301 0.707437 0.693135 0.708463 0.688872
0 0.003507 0.493874 0.000000 0.513767 0.004977 0.515285 0.008645 0.520685 0.010210 0.521065 0.011433 0.522866 0.016127 0.524004 0.017349 0.525804 0.023609 0.527321 0.025516 0.526280 0.047424 0.531593 0.049331 0.530551 0.052460 0.531309 0.056273 0.529227 0.057839 0.529607 0.059745 0.528565 0.066006 0.530083 0.068058 0.521557 0.063363 0.520419 0.062140 0.518618 0.059011 0.517859 0.057788 0.516059 0.054659 0.515300 0.053436 0.513500 0.050307 0.512741 0.047862 0.509140 0.048888 0.504877
0 0.619274 0.715371 0.615511 0.731001 0.632724 0.735175 0.633750 0.730912 0.643285 0.725705 0.647979 0.726843 0.649005 0.722580
0 0.775733 0.560808 0.773338 0.570755 0.784291 0.573411 0.786198 0.572370 0.789328 0.573128 0.791234 0.572087 0.797495 0.573605 0.799205 0.566500
0 0.100491 0.228639 0.096728 0.244269 0.102987 0.245787 0.104014 0.241525 0.105920 0.240484 0.109049 0.241242 0.110957 0.240201 0.112522 0.240580 0.114429 0.239538 0.122253 0.241435 0.123963 0.234331
0 0.061816 0.664419 0.059421 0.674366 0.064116 0.675504 0.066023 0.674462 0.072282 0.675980 0.074189 0.674939 0.075754 0.675318 0.079568 0.673234 0.084262 0.674372 0.085288 0.670110
0 0.730323 0.309172 0.724849 0.331907 0.731109 0.333425 0.734776 0.338826 0.733408 0.344510 0.753751 0.349442 0.754777 0.345180 0.758591 0.343097 0.761721 0.343856 0.763627 0.342815 0.766757 0.343573 0.774385 0.339406 0.775950 0.339786 0.779764 0.337703 0.780448 0.334862 0.782355 0.333820 0.782697 0.332399 0.780252 0.328799 0.778687 0.328419 0.776242 0.324818 0.777268 0.320555
0 0.154762 0.250866 0.153736 0.255129 0.146108 0.259295 0.144544 0.258916 0.138822 0.262040 0.132563 0.260522 0.126747 0.284679 0.136136 0.286955 0.137359 0.288755 0.153006 0.292549 0.155453 0.296150 0.153742 0.303256 0.174084 0.308188 0.175453 0.302504 0.179267 0.300421 0.180831 0.300801 0.184645 0.298718 0.186210 0.299097 0.191931 0.295972 0.193496 0.296352 0.203030 0.291144 0.209289 0.292662 0.213053 0.277031 0.206794 0.275513 0.203126 0.270113 0.203468 0.268691 0.202246 0.266892 0.203272 0.262628
0 0.741676 0.372081 0.739281 0.382028 0.747104 0.383925 0.748328 0.385725 0.747301 0.389988 0.758256 0.392644 0.759282 0.388382 0.763095 0.386298 0.769354 0.387816 0.771407 0.379290
0 0.338165 0.424630 0.335086 0.437419 0.341346 0.438937 0.342569 0.440737 0.347263 0.441875 0.348485 0.443676 0.351615 0.444434 0.353522 0.443393 0.356652 0.444151 0.358559 0.443110 0.364817 0.444628 0.367897 0.431839
0 0.967005 0.378593 0.965978 0.382856 0.962164 0.384939 0.957470 0.383801 0.954390 0.396590 0.966909 0.399625 0.968132 0.401425 0.977521 0.403702 0.979428 0.402660 0.982557 0.403419 0.984464 0.402377 0.986029 0.402757 0.987936 0.401716 0.989501 0.402095 0.991407 0.401053 0.992973 0.401433 0.996786 0.399351 1.000000 0.401248 1.000000 0.388459
0 0.554682 0.350802 0.550919 0.366433 0.569697 0.370986 0.571065 0.365301 0.572973 0.364261 0.573315 0.362839 0.575221 0.361798 0.576590 0.356114
0 0.701562 0.236026 0.698483 0.248814 0.703177 0.249952 0.704400 0.251753 0.723178 0.256307 0.725085 0.255265 0.726649 0.255644 0.728556 0.254603 0.734815 0.256121 0.737552 0.244753
0 0.776875 0.308429 0.773454 0.322638 0.778148 0.323776 0.779371 0.325577 0.780937 0.325956 0.782159 0.327757 0.781132 0.332020 0.790521 0.334297 0.791548 0.330033 0.795362 0.327950 0.796927 0.328330 0.802647 0.325205 0.805042 0.315259
0 0.244502 0.648559 0.242107 0.658507 0.248366 0.660024 0.250273 0.658982 0.254968 0.660121 0.256875 0.659080 0.266263 0.661356 0.267974 0.654251
0 0.413860 0.412906 0.411807 0.421432 0.418067 0.422949 0.419289 0.424750 0.420854 0.425130 0.422076 0.426929 0.421050 0.431192 0.422615 0.431571 0.423642 0.427309 0.425549 0.426268 0.428679 0.427027 0.430585 0.425985 0.435279 0.427123 0.437332 0.418597
0 0.476857 0.536463 0.473094 0.552093 0.490307 0.556266 0.494070 0.540636
0 0.097218 0.654956 0.093455 0.670586 0.107539 0.674001 0.108565 0.669739 0.112378 0.667655 0.118637 0.669173 0.120690 0.660647
0 0.094815 0.197185 0.091052 0.212815 0.108265 0.216989 0.109292 0.212726 0.111198 0.211685 0.115892 0.212823 0.118287 0.202876
0 0.067648 0.365051 0.065253 0.374998 0.082466 0.379172 0.084861 0.369225
0 0.851404 0.356578 0.846272 0.377893 0.854095 0.379790 0.856541 0.383391 0.858106 0.383771 0.859329 0.385571 0.860894 0.385950 0.863339 0.389551 0.862997 0.390971 0.866665 0.396373 0.865638 0.400635 0.889111 0.406327 0.890137 0.402064 0.892044 0.401023 0.899868 0.402920 0.901776 0.401879 0.906470 0.403017 0.908377 0.401975 0.911507 0.402734 0.915320 0.400651 0.916885 0.401030 0.920699 0.398948 0.922264 0.399327 0.926077 0.397244 0.932337 0.398762 0.935416 0.385973 0.929156 0.384455 0.925489 0.379055 0.926515 0.374791
0 0.472145 0.390945 0.468382 0.406576 0.487160 0.411129 0.488528 0.405444 0.490435 0.404403 0.492000 0.404783 0.495814 0.402700 0.500509 0.403838 0.501877 0.398154
0 0.702561 0.410722 0.701535 0.414985 0.697721 0.417068 0.696155 0.416689 0.694249 0.417730 0.692685 0.417351 0.690777 0.418392 0.684518 0.416874 0.680413 0.433925 0.686672 0.435443 0.687895 0.437244 0.689459 0.437623 0.691905 0.441224 0.693470 0.441604 0.698360 0.448805 0.699925 0.449184 0.701148 0.450984 0.710537 0.453261 0.712444 0.452220 0.717139 0.453358 0.719045 0.452317 0.720609 0.452696 0.726331 0.449572 0.727896 0.449951 0.729803 0.448909 0.731367 0.449288 0.733274 0.448247 0.734840 0.448627 0.736746 0.447585 0.738311 0.447964 0.740218 0.446923 0.741782 0.447303 0.743690 0.446262 0.745255 0.446641 0.747161 0.445599 0.754985 0.447496 0.757380 0.437549 0.752686 0.436411 0.749018 0.431010 0.749360 0.429590 0.746914 0.425989 0.747940 0.421725
0 0.311177 0.454179 0.308782 0.464127 0.332255 0.469818 0.334650 0.459871
0 0.487603 0.436803 0.483840 0.452433 0.507312 0.458125 0.511075 0.442494
0 0.515603 0.678202 0.511840 0.693833 0.527488 0.697627 0.528514 0.693364 0.532328 0.691281 0.537023 0.692419 0.539076 0.683893
0 0.541581 0.377703 0.537817 0.393334 0.558160 0.398267 0.559187 0.394004 0.563000 0.391920 0.569259 0.393438 0.571312 0.384912
0 0.953706 0.399431 0.948232 0.422167 0.954492 0.423684 0.956937 0.427285 0.958501 0.427664 0.960948 0.431265 0.962512 0.431645 0.967403 0.438846 0.966376 0.443109 0.971070 0.444247 0.972097 0.439985 0.975911 0.437901 0.977476 0.438281 0.981290 0.436198 0.984027 0.424830 0.974245 0.410427 0.975614 0.404744
0 0.742104 0.672967 0.740051 0.681493 0.746310 0.683010 0.747533 0.684810 0.752227 0.685948 0.754135 0.684908 0.755699 0.685287 0.757606 0.684246 0.763865 0.685763 0.765575 0.678658
0 0.000000 0.388142 0.000000 0.399510 0.000000 0.401028 0.000000 0.404628 0.000000 0.405008 0.000417 0.410409 0.001982 0.410789 0.006872 0.417990 0.006530 0.419411 0.011421 0.426613 0.011079 0.428034 0.014747 0.433435 0.022571 0.435332 0.024478 0.434290 0.027608 0.435049 0.029514 0.434008 0.032645 0.434767 0.034551 0.433725 0.037681 0.434484 0.039587 0.433442 0.042717 0.434201 0.044624 0.433159 0.047754 0.433918 0.049660 0.432877 0.052791 0.433636 0.054697 0.432595 0.056263 0.432974 0.058169 0.431932 0.062863 0.433071 0.064771 0.432030 0.067900 0.432788 0.069808 0.431747 0.071372 0.432126 0.073280 0.431084 0.076408 0.431843 0.080222 0.429761 0.083352 0.430519 0.085259 0.429478 0.086824 0.429857 0.088731 0.428815 0.090296 0.429195 0.092203 0.428153 0.096897 0.429292 0.100318 0.415082
0 0.457318 0.700163 0.455265 0.708688 0.474043 0.713242 0.475949 0.712200 0.477515 0.712580 0.479421 0.711538 0.485680 0.713056 0.487049 0.707372
0 0.425593 0.391688 0.422514 0.404477 0.427208 0.405615 0.428431 0.407416 0.431561 0.408175 0.432784 0.409975 0.434348 0.410355 0.435572 0.412155 0.434545 0.416417 0.439239 0.417555 0.440266 0.413293 0.442172 0.412252 0.443737 0.412631 0.451365 0.408464 0.451707 0.407044 0.453614 0.406003 0.453956 0.404581 0.455863 0.403540 0.460557 0.404679 0.461584 0.400415
0 0.220988 0.305982 0.217225 0.321612 0.223484 0.323130 0.225930 0.326731 0.227494 0.327110 0.231163 0.332512 0.230136 0.336774 0.237960 0.338671 0.238986 0.334409 0.240894 0.333368 0.241236 0.331947 0.245050 0.329864 0.246615 0.330243 0.256149 0.325036 0.260843 0.326174 0.263238 0.316227
0 0.000000 0.371091 0.000000 0.379617 0.005353 0.383032 0.007259 0.381990 0.015083 0.383888 0.016793 0.376782
0 0.116937 0.352940 0.114884 0.361465 0.124273 0.363742 0.126179 0.362700 0.132439 0.364218 0.134149 0.357113
0 0.492315 0.582320 0.488552 0.597951 0.497941 0.600228 0.498967 0.595965 0.502781 0.593882 0.507475 0.595020 0.509528 0.586494
0 0.504632 0.531166 0.500868 0.546797 0.514951 0.550212 0.515977 0.545949 0.517885 0.544908 0.519449 0.545287 0.527077 0.541120 0.528103 0.536858
0 0.646465 0.740011 0.642701 0.755642 0.661479 0.760195 0.662506 0.755932 0.664412 0.754890 0.664754 0.753469 0.668568 0.751386 0.669937 0.745702
0 0.447310 0.439064 0.444573 0.450431 0.452398 0.452329 0.454843 0.455929 0.456408 0.456309 0.458853 0.459910 0.457827 0.464172 0.465652 0.466069 0.466678 0.461807 0.470492 0.459724 0.472056 0.460103 0.473962 0.459062 0.480222 0.460580 0.483301 0.447791
0 0.223547 0.432931 0.219783 0.448562 0.243255 0.454253 0.247018 0.438622
0 0.311177 0.454179 0.308782 0.464127 0.332255 0.469818 0.334650 0.459871
0 0.660126 0.490667 0.656021 0.507718 0.660715 0.508856 0.661938 0.510657 0.663503 0.511037 0.664725 0.512837 0.664383 0.514257 0.666829 0.517859 0.668394 0.518239 0.672062 0.523639 0.675191 0.524398 0.676415 0.526198 0.681109 0.527336 0.682332 0.529137 0.687026 0.530275 0.688932 0.529233 0.690498 0.529613 0.691721 0.531414 0.702674 0.534070 0.704581 0.533028 0.709275 0.534166 0.711182 0.533125 0.712747 0.533504 0.714654 0.532464 0.716219 0.532843 0.718125 0.531801 0.719691 0.532180 0.721597 0.531139 0.723162 0.531519 0.725070 0.530477 0.726634 0.530856 0.730448 0.528773 0.735142 0.529911 0.735826 0.527069 0.731132 0.525931 0.728687 0.522330 0.727122 0.521951 0.723454 0.516549 0.721889 0.516170 0.720666 0.514370 0.719102 0.513991 0.715433 0.508590 0.716460 0.504327
0 0.836195 0.749923 0.833800 0.759869 0.851014 0.764043 0.853409 0.754097
0 0.621202 0.487244 0.617439 0.502874 0.631523 0.506289 0.632549 0.502027 0.638269 0.498903 0.642963 0.500041 0.644674 0.492936
0 0.220988 0.305982 0.217225 0.321612 0.221920 0.322751 0.223142 0.324552 0.224708 0.324931 0.227152 0.328532 0.228717 0.328911 0.231163 0.332512 0.230136 0.336774 0.237960 0.338671 0.238986 0.334409 0.240894 0.333368 0.241236 0.331947 0.245050 0.329864 0.246615 0.330243 0.254243 0.326077 0.260501 0.327595 0.263238 0.316227
0 0.418168 0.450044 0.414404 0.465675 0.431618 0.469849 0.435381 0.454218
0 0.036720 0.177083 0.032957 0.192713 0.036086 0.193472 0.037309 0.195272 0.036283 0.199535 0.048802 0.202570 0.050170 0.196887 0.053984 0.194803 0.060243 0.196321 0.063322 0.183533
0 0.803328 0.693828 0.800933 0.703775 0.807192 0.705293 0.808415 0.707093 0.807388 0.711356 0.816777 0.713633 0.817804 0.709369 0.823525 0.706245 0.825089 0.706625 0.826997 0.705583 0.831692 0.706721 0.833060 0.701037
0 0.342699 0.708464 0.338936 0.724094 0.354584 0.727888 0.355610 0.723626 0.359424 0.721543 0.364118 0.722681 0.366171 0.714155
0 0.651332 0.554707 0.647569 0.570337 0.666347 0.574890 0.667373 0.570627 0.673094 0.567503 0.679353 0.569021 0.681063 0.561916
0 0.883105 0.472547 0.880368 0.483914 0.885063 0.485053 0.886285 0.486853 0.897238 0.489508 0.899146 0.488467 0.900711 0.488847 0.904524 0.486764 0.906089 0.487143 0.907996 0.486102 0.909561 0.486482 0.913375 0.484399 0.914401 0.480135
0 0.944531 0.547598 0.941452 0.560386 0.949277 0.562283 0.950499 0.564084 0.961453 0.566740 0.965267 0.564657 0.971526 0.566175 0.974263 0.554807
0 0.800972 0.621069 0.798577 0.631015 0.807966 0.633292 0.809188 0.635093 0.808162 0.639355 0.811293 0.640114 0.812319 0.635852 0.814225 0.634810 0.815791 0.635189 0.817697 0.634148 0.819261 0.634527 0.823076 0.632445 0.829335 0.633962 0.830703 0.628278
0 0.635696 0.647165 0.633301 0.657111 0.648949 0.660906 0.651344 0.650960
0 0.425593 0.391688 0.422514 0.404477 0.427208 0.405615 0.428431 0.407416 0.431561 0.408175 0.432784 0.409975 0.434348 0.410355 0.435572 0.412155 0.434545 0.416417 0.442369 0.418314 0.443395 0.414052 0.447209 0.411969 0.447551 0.410547 0.451365 0.408464 0.452049 0.405623 0.453956 0.404581 0.455324 0.398898
0 0.755610 0.754445 0.751847 0.770075 0.764365 0.773110 0.765391 0.768848 0.773019 0.764682 0.777713 0.765820 0.779082 0.760136
0 0.274406 0.469326 0.271669 0.480694 0.277929 0.482211 0.282819 0.489413 0.281793 0.493676 0.300571 0.498229 0.301597 0.493966 0.311133 0.488758 0.309909 0.486958 0.310594 0.484116 0.309370 0.482315 0.310397 0.478053
0 0.374578 0.686116 0.372184 0.696063 0.395656 0.701755 0.398051 0.691808
0 0.720791 0.733971 0.718396 0.743918 0.735609 0.748092 0.738004 0.738145
0 0.224534 0.511374 0.220771 0.527004 0.239549 0.531557 0.240575 0.527295 0.242483 0.526253 0.242825 0.524832 0.244731 0.523791 0.245073 0.522370 0.246980 0.521328 0.248006 0.517065
0 0.532180 0.279174 0.528075 0.296225 0.534334 0.297743 0.535556 0.299544 0.535214 0.300964 0.536437 0.302765 0.536095 0.304186 0.537318 0.305986 0.536976 0.307407 0.538198 0.309207 0.537856 0.310628 0.539078 0.312428 0.538736 0.313849 0.539959 0.315650 0.539617 0.317071 0.540839 0.318872 0.540497 0.320292 0.542944 0.323893 0.541917 0.328156 0.552871 0.330811 0.553897 0.326549 0.557711 0.324466 0.560841 0.325225 0.562747 0.324184 0.565877 0.324943 0.567784 0.323901 0.570914 0.324660 0.572820 0.323618 0.574385 0.323998 0.576293 0.322956 0.577857 0.323335 0.579764 0.322293 0.586023 0.323811 0.587049 0.319549 0.582355 0.318410 0.578688 0.313010 0.577122 0.312630 0.573454 0.307229 0.571889 0.306849 0.566999 0.299648 0.565434 0.299268 0.561766 0.293868 0.560200 0.293488 0.558978 0.291687 0.560347 0.286003
0 0.557847 0.640320 0.554084 0.655950 0.568168 0.659365 0.569536 0.653682 0.571443 0.652640 0.571785 0.651219 0.573691 0.650177 0.575060 0.644494
0 0.189311 0.382520 0.185548 0.398150 0.209020 0.403842 0.212783 0.388212
0 0.450250 0.481886 0.447170 0.494675 0.453430 0.496193 0.454652 0.497993 0.454310 0.499414 0.459202 0.506616 0.458859 0.508036 0.462527 0.513437 0.461159 0.519121 0.475243 0.522536 0.476269 0.518273 0.480082 0.516190 0.484777 0.517328 0.486684 0.516287 0.488249 0.516666 0.490155 0.515625 0.491720 0.516004 0.493627 0.514963 0.499886 0.516481 0.501597 0.509376 0.496903 0.508237 0.494457 0.504637 0.492892 0.504257 0.491670 0.502456 0.490106 0.502077 0.486437 0.496676 0.487805 0.490992
0 0.396093 0.679301 0.394041 0.687827 0.398736 0.688966 0.402549 0.686882 0.404114 0.687262 0.406020 0.686220 0.412281 0.687738 0.413307 0.683475
0 0.785335 0.713528 0.781230 0.730579 0.787489 0.732097 0.792380 0.739299 0.791354 0.743561 0.805438 0.746976 0.806806 0.741293 0.808713 0.740251 0.809055 0.738830 0.810961 0.737788 0.811645 0.734946 0.810423 0.733147 0.811792 0.727463 0.810569 0.725662 0.811938 0.719978
0 0.953147 0.621874 0.950752 0.631820 0.966400 0.635615 0.968795 0.625669
0 0.438135 0.587230 0.436083 0.595756 0.445472 0.598032 0.447917 0.601633 0.446891 0.605895 0.464104 0.610069 0.467868 0.594439
0 0.447310 0.439064 0.444573 0.450431 0.450833 0.451949 0.452056 0.453750 0.453620 0.454129 0.454843 0.455929 0.456408 0.456309 0.457631 0.458109 0.459195 0.458488 0.460418 0.460289 0.459391 0.464551 0.465652 0.466069 0.466678 0.461807 0.470492 0.459724 0.472056 0.460103 0.473962 0.459062 0.480222 0.460580 0.483301 0.447791
0 0.630400 0.531584 0.627321 0.544372 0.633581 0.545890 0.634804 0.547691 0.644193 0.549968 0.646099 0.548926 0.649229 0.549684 0.651135 0.548643 0.654266 0.549402 0.656172 0.548361 0.657737 0.548740 0.659644 0.547699 0.664338 0.548837 0.666391 0.540311
0 0.203626 0.680757 0.201231 0.690704 0.224703 0.696395 0.227098 0.686449
0 0.142557 0.329074 0.139136 0.343283 0.153219 0.346699 0.155126 0.345657 0.158255 0.346416 0.162069 0.344333 0.162412 0.342912 0.164318 0.341870 0.170577 0.343387 0.172288 0.336283
0 0.013456 0.273707 0.010035 0.287917 0.013164 0.288676 0.015610 0.292276 0.014583 0.296540 0.034926 0.301472 0.040058 0.280158
0 0.280487 0.609160 0.275355 0.630474 0.303522 0.637304 0.304890 0.631620 0.310612 0.628496 0.311296 0.625654 0.313203 0.624612 0.314913 0.617508
0 0.880969 0.598357 0.879942 0.602620 0.876128 0.604702 0.874563 0.604323 0.872657 0.605365 0.871092 0.604986 0.869184 0.606027 0.866054 0.605269 0.864148 0.606310 0.862584 0.605930 0.858769 0.608013 0.857204 0.607634 0.853391 0.609717 0.851826 0.609338 0.849919 0.610379 0.843659 0.608862 0.837843 0.633017 0.844103 0.634535 0.850216 0.643537 0.851781 0.643916 0.853004 0.645717 0.856133 0.646476 0.857356 0.648277 0.860486 0.649036 0.861709 0.650836 0.864838 0.651594 0.866061 0.653394 0.867626 0.653774 0.868848 0.655575 0.867822 0.659838 0.911637 0.670462 0.912663 0.666199 0.914571 0.665157 0.916135 0.665536 0.918042 0.664495 0.921171 0.665254 0.923079 0.664213 0.924644 0.664592 0.926550 0.663550 0.929680 0.664309 0.935400 0.661185 0.936966 0.661565 0.956035 0.651149 0.957599 0.651529 0.963321 0.648404 0.964885 0.648783 0.968700 0.646700 0.969042 0.645280 0.972855 0.643196 0.970411 0.639596 0.970753 0.638175 0.969530 0.636374 0.953881 0.632579 0.952658 0.630779 0.951094 0.630400 0.946203 0.623198 0.944638 0.622819 0.940970 0.617418 0.941996 0.613155
0 0.424451 0.644068 0.422398 0.652594 0.431787 0.654870 0.433693 0.653828 0.439954 0.655346 0.441664 0.648242
0 0.801936 0.507006 0.798173 0.522636 0.821645 0.528327 0.823013 0.522644 0.824920 0.521602 0.826486 0.521982 0.830299 0.519899 0.836558 0.521416 0.837926 0.515733
0 0.566844 0.630470 0.563080 0.646101 0.617849 0.659381 0.621613 0.643750
0 0.006906 0.305561 0.016711 0.304380 0.024001 0.306657 0.030550 0.314346 0.034800 0.319953 0.043711 0.331775 0.055022 0.340619 0.062331 0.347476 0.058958 0.356827 0.049156 0.358011 0.020123 0.353005 0.005837 0.349541 0.000000 0.348064
0 0.089425 0.588455 0.097046 0.584710 0.106504 0.584969 0.113612 0.585676 0.126724 0.589364 0.130145 0.593752 0.127104 0.597084 0.116060 0.596438 0.112720 0.598681 0.106371 0.597141 0.093078 0.591883
0 0.186447 0.383166 0.181407 0.385502 0.171536 0.384635 0.168362 0.383865 0.163319 0.386201 0.163616 0.387291 0.168926 0.393153 0.174861 0.394084 0.184597 0.390852 0.185359 0.390019
0 0.180358 0.324739 0.172652 0.321854 0.162733 0.323515 0.166635 0.330565 0.172935 0.334633 0.179151 0.332073
0 0.235997 0.235517 0.262846 0.237960 0.292359 0.245625 0.324898 0.261650 0.346493 0.271970 0.337184 0.280393 0.318635 0.283013 0.306070 0.284034 0.281436 0.277044 0.261031 0.271080 0.242463 0.252849
0 0.234259 0.226452 0.243501 0.215980 0.254892 0.215183 0.276335 0.216824 0.292224 0.225254 0.303717 0.235666 0.300709 0.248158 0.299651 0.247901
0 0.280756 0.410100 0.267894 0.410032 0.262851 0.412370 0.266341 0.418809 0.278442 0.419709 0.283485 0.417373
0 0.270474 0.424896 0.258124 0.420376 0.249543 0.418804 0.244683 0.422710 0.247693 0.426490 0.261083 0.426687 0.269185 0.425600
0 0.365017 0.609008 0.377253 0.614010 0.399820 0.617955 0.419098 0.621614 0.436425 0.621746 0.449354 0.623865 0.452315 0.630176 0.450927 0.635942 0.442313 0.641480 0.428112 0.644648 0.417432 0.647142 0.407743 0.647843 0.395856 0.641401 0.383306 0.630731 0.367465 0.619772 0.364967 0.611539
0 0.344672 0.523736 0.337677 0.522548 0.331973 0.520657 0.328914 0.519407 0.325509 0.519597 0.325361 0.527188 0.327891 0.528310 0.342705 0.531902 0.343581 0.530589
0 0.412908 0.426382 0.405633 0.428686 0.400228 0.427883 0.395234 0.427690 0.391779 0.430411 0.390787 0.432204 0.397202 0.435794 0.403138 0.436725 0.407716 0.436309 0.411057 0.434069 0.411983 0.430225
0 0.441206 0.643754 0.448498 0.646031 0.453192 0.645134 0.457358 0.644112 0.460418 0.645362 0.462965 0.651064 0.461971 0.652858 0.455525 0.656379 0.449589 0.655449 0.445819 0.652500
0 0.497201 0.618179 0.489131 0.612154 0.486601 0.611032 0.480088 0.612503 0.477824 0.619582 0.482354 0.621697 0.488471 0.624198 0.493233 0.625352 0.497267 0.620229
0 0.473580 0.662790 0.488146 0.662763 0.500843 0.665842 0.505324 0.670488 0.497951 0.677852 0.487636 0.683488 0.480641 0.682300 0.473730 0.671471 0.472406 0.663014
0 0.503206 0.653703 0.499850 0.651363 0.492558 0.649086 0.489220 0.651329 0.487995 0.654081 0.489534 0.656997 0.494709 0.658761 0.498941 0.659788 0.502281 0.657545
0 0.552603 0.622969 0.547197 0.622166 0.539078 0.618672 0.526811 0.620782 0.526530 0.624273 0.533128 0.629433 0.538419 0.630716 0.545296 0.632383 0.553448 0.628767
0 0.552481 0.432767 0.562284 0.431586 0.569395 0.432292 0.575628 0.434312 0.575396 0.435273 0.570535 0.439180 0.568189 0.439627 0.560963 0.439399 0.554779 0.434850
0 0.629430 0.466680 0.637829 0.466682 0.646295 0.468735 0.653172 0.470402 0.654430 0.476810 0.650676 0.478443 0.643452 0.478216 0.639335 0.476709 0.635564 0.473761
0 0.578507 0.592130 0.579482 0.585757 0.592012 0.575574 0.597468 0.573846 0.614035 0.574813 0.625443 0.578596 0.635694 0.587183 0.638142 0.597946 0.634341 0.602109 0.625065 0.603419 0.611839 0.600212 0.591734 0.595337
0 0.698873 0.629452 0.694970 0.622405 0.702094 0.611419 0.711186 0.608540 0.720115 0.608669 0.731754 0.611492 0.752487 0.611435 0.760655 0.612398 0.768724 0.618423 0.773156 0.625599 0.770594 0.631589 0.761435 0.632419 0.749033 0.630428 0.735279 0.627093 0.726946 0.629140 0.720614 0.632181 0.711753 0.634101 0.697534 0.632688
0 0.705256 0.640153 0.713951 0.641243 0.718184 0.642270 0.720731 0.647973 0.713804 0.648836 0.709043 0.647681 0.701734 0.640824
0 0.765012 0.694304 0.764466 0.689595 0.768451 0.687002 0.777147 0.688094 0.782803 0.692516 0.780769 0.698633 0.774371 0.699624 0.768485 0.696162
0 0.731205 0.716107 0.729418 0.709572 0.736213 0.704608 0.749192 0.704197 0.761475 0.706667 0.769528 0.708111 0.781068 0.715994 0.780672 0.719965 0.773300 0.727330 0.764141 0.728160 0.756204 0.726236 0.747854 0.723703 0.735917 0.719792
0 0.756568 0.729375 0.752269 0.726298 0.743805 0.724246 0.737522 0.724757 0.736182 0.727990 0.736663 0.730651 0.744896 0.733664 0.749244 0.734210 0.755394 0.729600
0 0.890053 0.693605 0.882463 0.690240 0.878827 0.691393 0.875024 0.695556 0.877736 0.698246 0.882911 0.700009 0.886201 0.700299 0.888665 0.699371
0 0.886880 0.709109 0.879290 0.705743 0.872942 0.704203 0.866379 0.708205 0.864445 0.709262 0.859353 0.714128 0.860362 0.716916 0.864082 0.722394 0.864611 0.722522 0.872316 0.725408 0.881890 0.725186 0.885178 0.725474 0.888172 0.724675 0.886483 0.713080
0 0.915548 0.710975 0.910191 0.707641 0.899726 0.704595 0.896618 0.705877 0.894402 0.710423 0.896652 0.715037 0.900653 0.717024 0.906060 0.717827 0.912160 0.715747
0 0.911427 0.676924 0.903953 0.673078 0.896200 0.672724 0.894102 0.676791 0.895110 0.679577 0.899227 0.681084 0.904104 0.681758 0.907858 0.680126
0 0.947420 0.673957 0.940244 0.671199 0.934424 0.669788 0.929084 0.671036 0.927629 0.674752 0.928110 0.677409 0.933053 0.680134 0.940510 0.679400 0.942857 0.678952
0 0.935702 0.571453 0.930180 0.571131 0.923716 0.570072 0.913152 0.572086 0.913515 0.575226 0.922922 0.578016 0.934909 0.579397 0.937256 0.578948 0.939241 0.575363 0.938760 0.572703
0 0.995670 0.587519 0.982029 0.583703 0.974689 0.583958 0.968886 0.587126 0.967134 0.589753 0.966275 0.595645 0.972111 0.601637 0.982643 0.606734 0.987636 0.606928 0.990216 0.605519 0.992583 0.602533 0.994202 0.595808
0 0.979912 0.441324 0.972390 0.440009 0.970473 0.445646 0.974095 0.456185 0.994001 0.471181 1.000000 0.484418 1.000000 0.479544 1.000000 0.465610 1.000000 0.457062 0.990146 0.445331
0 0.982102 0.367108 0.971867 0.363102 0.959996 0.361240 0.948077 0.361909 0.947812 0.369982 0.955171 0.374307 0.973043 0.379149 0.978681 0.378991 0.982830 0.373388
0 0.945240 0.420205 0.933599 0.417383 0.921844 0.415041 0.918803 0.418371 0.915547 0.427243 0.923962 0.431826 0.936430 0.435866 0.941654 0.435098 0.947804 0.430488 0.946364 0.422513
1 0.257616 0.549200 0.322342 0.570532 0.274969 0.573848
1 0.895875 0.580612 0.850081 0.548362 0.912848 0.503669 1.000000 0.531804 0.998007 0.580002 0.983425 0.587745 0.963554 0.586449 0.965297 0.595330 0.946573 0.595725 0.923195 0.592876
0 0.577169 0.521219 0.588270 0.523910 0.593921 0.528329 0.587546 0.533895 0.579549 0.529924 0.573370 0.525378 0.575352 0.521793
