0 0.520121 0.265112 0.520393 0.269596 0.518698 0.271083 0.516910 0.271075 0.515214 0.272562 0.509853 0.272538 0.508156 0.274024 0.502796 0.273999 0.503793 0.290442 0.509154 0.290466 0.511032 0.291968 0.512819 0.291976 0.518451 0.296484 0.520239 0.296492 0.522116 0.297995 0.522207 0.299490 0.525962 0.302496 0.527748 0.302504 0.535260 0.308515 0.537046 0.308523 0.540801 0.311528 0.542588 0.311536 0.544466 0.313039 0.546252 0.313047 0.548130 0.314550 0.549918 0.314558 0.551795 0.316061 0.555369 0.316077 0.559124 0.319083 0.559396 0.323566 0.584413 0.323680 0.584141 0.319196 0.587534 0.316223 0.589320 0.316231 0.591017 0.314744 0.592805 0.314752 0.594500 0.313266 0.596288 0.313274 0.603073 0.307327 0.602982 0.305833 0.606374 0.302860 0.606283 0.301365 0.609676 0.298392 0.609585 0.296896 0.612978 0.293923 0.612888 0.292429 0.617976 0.287970 0.617885 0.286474 0.621278 0.283501 0.621187 0.282006 0.622883 0.280520 0.622792 0.279026 0.624489 0.277539 0.629851 0.277563 0.629125 0.265605
0 0.456384 0.127350 0.456656 0.131833 0.446478 0.140754 0.444692 0.140746 0.437907 0.146691 0.436120 0.146683 0.432728 0.149657 0.432819 0.151152 0.422640 0.160071 0.422730 0.161565 0.409160 0.173458 0.403800 0.173434 0.404979 0.192866 0.412126 0.192898 0.414003 0.194401 0.415791 0.194409 0.417669 0.195912 0.419456 0.195920 0.426966 0.201931 0.428752 0.201939 0.432508 0.204944 0.432780 0.209429 0.439928 0.209461 0.439656 0.204977 0.443049 0.202003 0.444835 0.202012 0.470280 0.179713 0.470189 0.178218 0.476974 0.172271 0.476884 0.170777 0.481972 0.166317 0.481881 0.164823 0.486971 0.160362 0.486880 0.158868 0.491968 0.154408 0.491878 0.152913 0.495270 0.149940 0.500631 0.149965 0.499270 0.127544
0 0.579242 0.032271 0.579514 0.036755 0.574425 0.041215 0.572637 0.041207 0.567549 0.045666 0.560401 0.045634 0.562396 0.078517 0.567756 0.078542 0.569634 0.080045 0.571422 0.080053 0.580809 0.087567 0.582597 0.087575 0.584474 0.089078 0.586260 0.089086 0.590016 0.092091 0.591803 0.092099 0.593680 0.093602 0.599041 0.093626 0.600919 0.095129 0.606280 0.095154 0.610035 0.098159 0.610307 0.102644 0.640684 0.102781 0.640412 0.098297 0.650591 0.089377 0.652377 0.089385 0.659163 0.083439 0.660950 0.083447 0.666038 0.078986 0.665948 0.077492 0.667643 0.076006 0.674791 0.076038 0.673794 0.059596 0.668433 0.059572 0.662800 0.055063 0.661014 0.055055 0.651626 0.047542 0.649839 0.047534 0.642328 0.041522 0.640542 0.041514 0.638664 0.040012 0.636876 0.040004 0.634999 0.038501 0.634636 0.032522
0 0.493132 0.055790 0.493404 0.060275 0.490011 0.063247 0.486437 0.063231 0.484742 0.064718 0.482954 0.064710 0.479562 0.067683 0.477774 0.067675 0.476078 0.069162 0.474291 0.069154 0.470900 0.072127 0.469112 0.072119 0.467416 0.073605 0.465629 0.073597 0.463933 0.075084 0.462146 0.075076 0.458753 0.078048 0.456966 0.078040 0.453573 0.081014 0.451787 0.081006 0.450091 0.082493 0.448303 0.082485 0.443214 0.086945 0.441428 0.086937 0.436339 0.091396 0.434552 0.091388 0.432856 0.092874 0.427495 0.092850 0.428946 0.116765 0.434307 0.116789 0.447450 0.127309 0.447722 0.131793 0.467379 0.131882 0.467107 0.127398 0.468802 0.125912 0.470590 0.125920 0.473982 0.122946 0.475769 0.122954 0.479161 0.119982 0.480948 0.119990 0.482644 0.118503 0.484432 0.118511 0.486128 0.117024 0.487915 0.117032 0.491307 0.114059 0.493094 0.114067 0.496487 0.111094 0.498273 0.111102 0.499970 0.109615 0.501757 0.109623 0.505150 0.106650 0.506936 0.106658 0.510329 0.103685 0.512115 0.103693 0.517205 0.099234 0.518992 0.099242 0.530865 0.088835 0.532652 0.088843 0.542831 0.079924 0.544617 0.079932 0.544526 0.078437 0.547919 0.075464 0.553280 0.075489 0.553099 0.072499 0.547737 0.072475 0.543982 0.069469 0.543892 0.067974 0.534504 0.060461 0.534232 0.055976
0 0.698267 0.050741 0.698539 0.055225 0.695148 0.058199 0.693360 0.058191 0.689967 0.061164 0.688181 0.061156 0.681395 0.067102 0.679608 0.067093 0.674519 0.071554 0.669159 0.071529 0.671063 0.102919 0.678211 0.102951 0.680089 0.104453 0.680180 0.105948 0.697077 0.119473 0.698865 0.119481 0.704497 0.123989 0.706284 0.123997 0.713794 0.130009 0.715582 0.130017 0.717460 0.131519 0.719246 0.131527 0.723001 0.134533 0.724789 0.134541 0.726666 0.136044 0.728453 0.136052 0.730330 0.137555 0.733904 0.137571 0.737660 0.140576 0.737932 0.145060 0.752227 0.145125 0.751955 0.140641 0.753652 0.139154 0.759012 0.139178 0.760709 0.137692 0.767856 0.137725 0.769553 0.136238 0.773126 0.136255 0.774822 0.134767 0.776610 0.134776 0.778305 0.133288 0.780093 0.133297 0.781790 0.131810 0.783576 0.131819 0.786969 0.128845 0.788756 0.128853 0.800629 0.118447 0.802416 0.118455 0.805809 0.115481 0.805719 0.113987 0.810807 0.109527 0.810716 0.108033 0.812412 0.106547 0.812321 0.105051 0.814018 0.103565 0.819378 0.103590 0.819016 0.097610 0.813655 0.097586 0.811777 0.096083 0.811596 0.093094 0.809719 0.091592 0.809628 0.090096 0.807750 0.088594 0.807660 0.087099 0.805782 0.085596 0.805692 0.084101 0.790671 0.072079 0.788883 0.072071 0.787006 0.070569 0.783432 0.070553 0.781554 0.069049 0.779768 0.069041 0.777891 0.067538 0.776103 0.067530 0.774225 0.066028 0.772439 0.066020 0.770561 0.064516 0.768774 0.064508 0.766897 0.063006 0.765110 0.062998 0.759477 0.058490 0.757690 0.058482 0.753935 0.055475 0.753663 0.050992
0 0.237316 0.138313 0.237588 0.142796 0.234195 0.145770 0.232409 0.145761 0.230712 0.147249 0.228925 0.147240 0.227229 0.148728 0.225443 0.148720 0.222050 0.151692 0.220263 0.151684 0.216870 0.154658 0.209722 0.154626 0.211536 0.184519 0.218683 0.184552 0.220560 0.186054 0.222348 0.186062 0.226103 0.189068 0.229677 0.189084 0.233432 0.192089 0.235220 0.192097 0.238974 0.195103 0.242549 0.195119 0.244426 0.196622 0.246212 0.196630 0.248091 0.198133 0.248362 0.202616 0.268018 0.202705 0.267746 0.198222 0.272836 0.193762 0.274623 0.193771 0.276319 0.192283 0.276228 0.190788 0.279621 0.187816 0.279530 0.186321 0.281226 0.184835 0.281135 0.183340 0.282832 0.181852 0.282741 0.180358 0.284437 0.178872 0.284256 0.175882 0.285952 0.174396 0.285680 0.169912 0.287376 0.168425 0.287285 0.166930 0.288982 0.165444 0.288892 0.163949 0.290589 0.162462 0.290498 0.160967 0.292194 0.159481 0.292103 0.157987 0.295495 0.155014 0.300856 0.155038 0.300221 0.144574 0.294861 0.144550 0.292984 0.143047 0.292712 0.138563
0 0.605841 0.205729 0.607474 0.232633 0.618195 0.232682 0.620072 0.234184 0.627221 0.234216 0.630613 0.231244 0.632400 0.231252 0.637488 0.226792 0.637398 0.225298 0.639094 0.223810 0.638913 0.220821 0.640609 0.219335 0.640337 0.214850 0.638460 0.213347 0.638006 0.205874
0 0.166624 0.622141 0.167440 0.635594 0.172802 0.635618 0.180312 0.641628 0.182098 0.641636 0.187731 0.646145 0.188003 0.650629 0.202298 0.650693 0.202026 0.646210 0.208813 0.640263 0.210599 0.640271 0.217384 0.634325 0.222744 0.634349 0.222019 0.622392
0 0.778642 0.816178 0.779730 0.834115 0.786878 0.834147 0.788756 0.835650 0.790543 0.835658 0.792420 0.837160 0.801355 0.837201 0.803233 0.838703 0.806807 0.838719 0.808503 0.837233 0.812077 0.837249 0.813774 0.835763 0.815560 0.835771 0.817256 0.834284 0.817165 0.832789 0.818862 0.831303 0.818771 0.829808 0.820467 0.828322 0.820376 0.826828 0.818499 0.825324 0.817955 0.816356
0 0.154010 0.502541 0.154282 0.507025 0.152586 0.508512 0.145438 0.508479 0.147342 0.539868 0.154490 0.539901 0.160122 0.544409 0.160394 0.548893 0.185412 0.549006 0.185140 0.544522 0.197014 0.534116 0.198800 0.534124 0.207282 0.526691 0.209069 0.526699 0.210765 0.525213 0.216125 0.525237 0.215219 0.510290 0.208072 0.510258 0.204316 0.507251 0.204044 0.502768
0 0.212926 0.443036 0.214286 0.465457 0.219646 0.465481 0.221524 0.466984 0.223312 0.466992 0.228944 0.471500 0.230731 0.471508 0.232609 0.473011 0.245118 0.473068 0.246814 0.471581 0.248600 0.471589 0.250297 0.470103 0.252084 0.470111 0.253780 0.468624 0.255566 0.468632 0.260656 0.464172 0.262442 0.464180 0.265835 0.461207 0.267622 0.461215 0.267532 0.459720 0.270924 0.456748 0.276286 0.456772 0.276104 0.453783 0.270743 0.453758 0.266988 0.450753 0.266897 0.449258 0.265019 0.447754 0.264747 0.443271
0 0.343444 0.120862 0.345530 0.155240 0.379482 0.155394 0.379120 0.149415 0.380815 0.147928 0.382603 0.147936 0.384298 0.146449 0.384208 0.144954 0.387600 0.141981 0.392961 0.142006 0.392235 0.130048 0.386875 0.130024 0.384997 0.128521 0.384906 0.127026 0.383029 0.125524 0.382757 0.121039
0 0.488742 0.749118 0.490193 0.773033 0.497341 0.773066 0.501096 0.776071 0.502882 0.776079 0.508516 0.780588 0.508606 0.782082 0.512362 0.785088 0.512634 0.789572 0.535863 0.789677 0.535501 0.783698 0.537197 0.782212 0.537107 0.780717 0.542196 0.776257 0.542106 0.774763 0.547194 0.770303 0.552554 0.770327 0.552282 0.765843 0.546922 0.765819 0.539411 0.759808 0.537624 0.759800 0.533869 0.756794 0.532082 0.756786 0.528327 0.753780 0.528055 0.749296
0 0.586468 0.121961 0.588010 0.147370 0.593371 0.147395 0.600881 0.153406 0.602668 0.153414 0.604546 0.154917 0.625988 0.155014 0.627685 0.153527 0.631259 0.153543 0.632955 0.152057 0.634742 0.152065 0.636438 0.150579 0.638226 0.150587 0.641618 0.147613 0.650552 0.147653 0.649736 0.134202 0.642588 0.134169 0.640711 0.132666 0.638925 0.132658 0.637047 0.131156 0.633473 0.131139 0.631595 0.129637 0.629808 0.129629 0.627931 0.128126 0.627569 0.122147
0 0.973234 0.607859 0.973959 0.619816 0.981107 0.619849 0.984862 0.622854 0.986649 0.622862 0.994159 0.628873 0.999520 0.628898 1.000000 0.630400 1.000000 0.630408 1.000000 0.628922 1.000000 0.628938 1.000000 0.621505 1.000000 0.621529 1.000000 0.608077
0 0.633148 0.773680 0.634055 0.788627 0.641203 0.788659 0.643081 0.790163 0.644867 0.790171 0.648623 0.793175 0.650410 0.793183 0.652287 0.794687 0.663009 0.794735 0.664704 0.793248 0.666492 0.793256 0.666401 0.791762 0.669794 0.788789 0.675154 0.788813 0.674701 0.781340 0.669341 0.781316 0.667463 0.779812 0.667101 0.773834
0 0.436913 0.336461 0.437185 0.340945 0.435489 0.342432 0.428341 0.342400 0.429429 0.360336 0.434789 0.360360 0.444178 0.367875 0.445966 0.367883 0.449721 0.370887 0.450084 0.376867 0.478674 0.376996 0.478401 0.372512 0.480098 0.371025 0.480008 0.369530 0.481704 0.368044 0.481614 0.366549 0.485006 0.363576 0.484916 0.362082 0.498486 0.350189 0.500272 0.350197 0.503665 0.347224 0.503393 0.342739 0.505088 0.341252 0.504816 0.336768
0 0.074111 0.275048 0.075109 0.291490 0.082256 0.291522 0.086012 0.294528 0.089585 0.294544 0.091464 0.296047 0.093250 0.296055 0.100760 0.302066 0.102547 0.302074 0.106302 0.305080 0.106574 0.309563 0.113723 0.309596 0.113451 0.305112 0.116843 0.302139 0.118630 0.302147 0.118539 0.300653 0.127021 0.293219 0.128807 0.293227 0.132200 0.290254 0.137560 0.290278 0.136654 0.275331
0 0.469007 0.659372 0.470367 0.681792 0.497170 0.681913 0.496898 0.677429 0.498595 0.675943 0.498504 0.674448 0.501897 0.671475 0.501171 0.659517
0 0.585547 0.695762 0.586816 0.716688 0.597538 0.716736 0.599415 0.718238 0.601202 0.718247 0.602899 0.716760 0.622555 0.716849 0.625948 0.713876 0.627735 0.713884 0.629431 0.712397 0.634791 0.712421 0.633794 0.695980
0 0.650179 0.229838 0.652083 0.261227 0.657443 0.261251 0.659321 0.262753 0.661109 0.262761 0.664864 0.265767 0.665136 0.270251 0.674070 0.270291 0.673798 0.265807 0.677191 0.262834 0.678977 0.262842 0.687459 0.255409 0.692819 0.255433 0.692003 0.241981 0.686643 0.241957 0.677254 0.234443 0.676982 0.229959
0 0.184078 0.556471 0.185075 0.572913 0.194011 0.572953 0.197765 0.575959 0.199552 0.575968 0.201429 0.577470 0.203217 0.577478 0.205095 0.578981 0.206881 0.578989 0.208758 0.580492 0.209031 0.584976 0.212606 0.584992 0.212334 0.580508 0.215726 0.577535 0.217512 0.577543 0.219208 0.576056 0.220996 0.576065 0.222692 0.574577 0.222602 0.573082 0.227690 0.568623 0.233050 0.568647 0.232325 0.556690
0 0.273478 0.616647 0.274566 0.634584 0.279928 0.634608 0.281805 0.636111 0.285378 0.636127 0.287257 0.637630 0.290831 0.637646 0.292708 0.639149 0.323086 0.639286 0.324782 0.637799 0.330142 0.637824 0.331839 0.636337 0.333625 0.636345 0.335322 0.634858 0.337110 0.634866 0.338805 0.633379 0.340593 0.633388 0.343984 0.630415 0.345772 0.630423 0.347467 0.628936 0.349255 0.628944 0.350951 0.627457 0.358100 0.627490 0.357465 0.617027
0 0.355987 0.563226 0.356985 0.579668 0.362345 0.579693 0.364223 0.581195 0.364495 0.585680 0.389512 0.585793 0.389150 0.579814 0.392542 0.576841 0.397902 0.576865 0.397086 0.563412
0 0.040805 0.197195 0.042528 0.225595 0.049676 0.225627 0.053431 0.228633 0.055219 0.228641 0.057096 0.230143 0.066030 0.230183 0.067908 0.231686 0.080416 0.231742 0.082113 0.230256 0.085687 0.230272 0.092472 0.224326 0.094259 0.224334 0.102740 0.216901 0.102649 0.215406 0.104345 0.213920 0.103982 0.207941 0.102105 0.206438 0.101561 0.197470
0 0.377846 0.629074 0.378118 0.633557 0.376422 0.635044 0.374635 0.635036 0.372939 0.636523 0.367578 0.636499 0.365881 0.637985 0.351585 0.637921 0.349890 0.639408 0.344528 0.639383 0.342833 0.640870 0.337472 0.640845 0.335775 0.642331 0.325054 0.642283 0.326051 0.658725 0.331411 0.658749 0.333290 0.660253 0.336864 0.660269 0.338742 0.661771 0.340528 0.661779 0.342406 0.663281 0.347766 0.663306 0.349644 0.664809 0.358579 0.664849 0.360457 0.666353 0.371178 0.666401 0.373056 0.667903 0.378417 0.667928 0.380294 0.669431 0.385654 0.669455 0.387351 0.667968 0.392713 0.667992 0.394408 0.666506 0.399770 0.666530 0.401465 0.665043 0.408613 0.665076 0.410310 0.663589 0.413884 0.663605 0.415580 0.662119 0.417366 0.662127 0.420759 0.659154 0.422546 0.659162 0.424242 0.657675 0.426029 0.657683 0.429422 0.654710 0.431209 0.654718 0.432905 0.653231 0.434693 0.653239 0.436388 0.651752 0.438175 0.651760 0.443264 0.647301 0.445052 0.647309 0.446747 0.645823 0.446657 0.644328 0.450049 0.641355 0.451835 0.641363 0.453532 0.639877 0.458893 0.639901 0.458258 0.629437
0 0.129797 0.604043 0.130704 0.618990 0.137852 0.619022 0.139729 0.620525 0.141516 0.620533 0.145272 0.623539 0.147059 0.623547 0.148936 0.625049 0.150724 0.625058 0.154479 0.628063 0.154751 0.632547 0.160111 0.632571 0.159839 0.628087 0.163232 0.625114 0.163141 0.623620 0.168229 0.619160 0.168139 0.617664 0.171532 0.614692 0.170898 0.604229
0 0.077889 0.101729 0.080337 0.142085 0.085698 0.142109 0.091331 0.146618 0.091421 0.148113 0.100809 0.155627 0.102596 0.155635 0.119496 0.169160 0.121282 0.169168 0.123160 0.170671 0.137454 0.170735 0.147632 0.161816 0.147541 0.160320 0.150935 0.157348 0.152721 0.157356 0.156114 0.154383 0.156023 0.152888 0.157719 0.151401 0.164867 0.151433 0.162781 0.117056 0.157421 0.117031 0.149911 0.111020 0.148124 0.111012 0.146246 0.109510 0.144459 0.109502 0.140705 0.106495 0.140433 0.102012
0 0.690889 0.194159 0.691796 0.209106 0.697157 0.209130 0.699034 0.210634 0.700821 0.210642 0.704577 0.213646 0.708150 0.213662 0.710028 0.215166 0.713602 0.215182 0.715480 0.216685 0.717267 0.216693 0.719144 0.218195 0.722719 0.218212 0.724596 0.219715 0.731743 0.219747 0.733622 0.221250 0.735408 0.221258 0.737104 0.219771 0.740679 0.219788 0.742374 0.218301 0.762030 0.218389 0.761486 0.209421 0.756126 0.209397 0.754248 0.207894 0.752461 0.207886 0.748706 0.204880 0.746919 0.204872 0.745042 0.203370 0.743254 0.203362 0.741377 0.201859 0.739591 0.201851 0.735834 0.198845 0.735562 0.194361
0 0.963653 0.685518 0.964651 0.701960 0.975372 0.702009 0.977250 0.703511 0.977522 0.707996 0.977250 0.703511 0.978946 0.702025 0.980732 0.702033 0.982429 0.700546 0.984217 0.700554 0.989305 0.696094 0.989214 0.694600 0.992607 0.691626 0.997967 0.691651 0.997605 0.685672
0 0.212246 0.078428 0.213969 0.106827 0.221116 0.106859 0.224872 0.109866 0.226658 0.109874 0.228536 0.111376 0.239258 0.111424 0.241135 0.112927 0.242832 0.111441 0.249979 0.111473 0.251675 0.109987 0.253463 0.109995 0.255159 0.108508 0.256946 0.108516 0.262034 0.104057 0.269183 0.104089 0.268458 0.092130 0.261309 0.092098 0.255676 0.087590 0.253890 0.087582 0.252012 0.086080 0.250224 0.086072 0.248347 0.084568 0.247985 0.078590
0 0.270834 0.455253 0.271105 0.459736 0.266016 0.464196 0.264230 0.464188 0.260837 0.467162 0.259051 0.467154 0.255657 0.470127 0.253871 0.470119 0.252175 0.471605 0.250388 0.471597 0.248691 0.473084 0.243330 0.473060 0.241635 0.474547 0.236273 0.474522 0.237361 0.492458 0.242723 0.492482 0.244600 0.493985 0.246387 0.493993 0.250141 0.496999 0.251929 0.497007 0.253807 0.498509 0.255593 0.498517 0.259349 0.501523 0.261136 0.501531 0.264890 0.504538 0.272039 0.504570 0.275431 0.501596 0.277218 0.501604 0.278915 0.500118 0.280701 0.500126 0.282398 0.498639 0.284185 0.498647 0.292667 0.491214 0.292576 0.489720 0.294272 0.488233 0.294181 0.486739 0.297573 0.483765 0.297483 0.482270 0.300875 0.479297 0.300785 0.477802 0.304177 0.474830 0.304086 0.473334 0.305782 0.471847 0.312931 0.471880 0.311934 0.455439
0 0.742374 0.218301 0.743372 0.234742 0.750519 0.234774 0.752398 0.236277 0.754184 0.236285 0.756061 0.237788 0.757849 0.237796 0.759727 0.239299 0.766875 0.239331 0.768752 0.240834 0.786621 0.240915 0.788318 0.239428 0.790104 0.239436 0.791800 0.237949 0.798948 0.237982 0.798676 0.233498 0.793315 0.233474 0.789560 0.230468 0.789470 0.228974 0.787683 0.228966 0.785805 0.227463 0.784018 0.227455 0.782140 0.225952 0.780353 0.225944 0.776599 0.222938 0.776327 0.218454
0 0.703175 0.750088 0.704082 0.765035 0.711230 0.765068 0.716862 0.769576 0.718649 0.769584 0.720528 0.771087 0.725888 0.771111 0.727585 0.769624 0.729371 0.769632 0.739549 0.760713 0.744909 0.760738 0.744274 0.750274
0 0.343974 0.718577 0.345243 0.739503 0.359538 0.739568 0.361235 0.738081 0.364809 0.738097 0.373290 0.730664 0.373199 0.729170 0.374895 0.727683 0.374714 0.724694 0.376410 0.723207 0.376138 0.718723
0 0.065362 0.484209 0.066722 0.506629 0.073869 0.506661 0.075747 0.508164 0.076019 0.512648 0.101036 0.512761 0.100673 0.506782 0.105762 0.502323 0.105672 0.500828 0.107369 0.499342 0.107097 0.494858 0.105218 0.493355 0.105128 0.491860 0.103251 0.490357 0.102888 0.484378
0 0.733262 0.421482 0.733534 0.425967 0.730142 0.428940 0.730232 0.430434 0.726840 0.433407 0.719692 0.433375 0.720961 0.454301 0.728109 0.454333 0.729987 0.455836 0.731774 0.455844 0.735529 0.458850 0.737316 0.458858 0.742949 0.463366 0.744736 0.463374 0.752246 0.469385 0.752518 0.473869 0.782896 0.474006 0.782624 0.469522 0.786017 0.466549 0.787803 0.466557 0.792892 0.462097 0.794679 0.462105 0.798071 0.459133 0.799859 0.459141 0.801556 0.457654 0.803342 0.457662 0.805038 0.456176 0.806825 0.456184 0.808522 0.454697 0.810308 0.454705 0.812004 0.453219 0.813792 0.453227 0.817184 0.450253 0.818972 0.450261 0.824060 0.445801 0.825847 0.445809 0.827543 0.444322 0.832903 0.444347 0.831997 0.429401 0.823063 0.429360 0.821185 0.427857 0.819398 0.427849 0.817521 0.426346 0.817249 0.421862
0 0.630035 0.486763 0.631305 0.507689 0.643814 0.507746 0.652294 0.500312 0.654081 0.500320 0.655778 0.498834 0.655596 0.495845 0.657292 0.494358 0.657201 0.492863 0.658898 0.491377 0.664259 0.491402 0.663987 0.486917
0 0.612325 0.665997 0.614047 0.694396 0.640851 0.694517 0.640579 0.690034 0.642276 0.688547 0.642185 0.687052 0.643882 0.685566 0.645668 0.685574 0.652453 0.679627 0.654241 0.679635 0.655936 0.678149 0.657723 0.678157 0.661117 0.675184 0.661026 0.673689 0.664417 0.670716 0.664145 0.666232
0 0.023971 0.155279 0.026056 0.189656 0.040352 0.189721 0.042049 0.188235 0.043835 0.188243 0.054013 0.179323 0.059373 0.179348 0.058648 0.167390 0.053287 0.167366 0.049532 0.164360 0.049442 0.162866 0.047564 0.161363 0.047202 0.155384
0 0.619729 0.552465 0.621089 0.574885 0.642532 0.574982 0.642260 0.570499 0.647350 0.566039 0.654498 0.566072 0.653682 0.552619
0 0.489724 0.647511 0.490631 0.662458 0.495991 0.662483 0.499748 0.665488 0.500020 0.669973 0.521463 0.670070 0.521100 0.664090 0.529581 0.656657 0.529491 0.655163 0.531186 0.653676 0.538335 0.653708 0.537972 0.647730
0 0.353962 0.294246 0.355322 0.316667 0.360682 0.316691 0.362561 0.318193 0.362651 0.319689 0.364528 0.321191 0.364710 0.324180 0.366588 0.325683 0.366769 0.328672 0.383667 0.342197 0.383939 0.346682 0.414318 0.346819 0.414046 0.342335 0.417438 0.339362 0.419225 0.339370 0.424314 0.334910 0.426101 0.334919 0.429494 0.331945 0.431280 0.331953 0.432976 0.330466 0.434764 0.330474 0.439852 0.326014 0.447001 0.326046 0.446275 0.314089 0.437340 0.314048 0.435462 0.312546 0.433676 0.312538 0.431797 0.311035 0.428225 0.311019 0.426346 0.309516 0.417411 0.309476 0.415534 0.307974 0.413748 0.307966 0.411870 0.306462 0.410083 0.306454 0.406328 0.303449 0.404540 0.303441 0.402662 0.301938 0.399088 0.301922 0.397211 0.300419 0.395424 0.300411 0.393547 0.298907 0.393275 0.294424
0 0.690119 0.534852 0.691388 0.555778 0.698536 0.555810 0.702291 0.558816 0.704077 0.558824 0.749140 0.594891 0.749231 0.596386 0.751018 0.596394 0.752896 0.597896 0.754683 0.597904 0.756561 0.599407 0.760134 0.599423 0.762012 0.600926 0.765586 0.600942 0.767463 0.602446 0.774612 0.602478 0.776489 0.603980 0.788998 0.604037 0.790694 0.602551 0.796054 0.602575 0.797751 0.601088 0.799538 0.601096 0.801234 0.599609 0.803020 0.599617 0.806413 0.596645 0.808200 0.596653 0.809897 0.595166 0.811684 0.595174 0.815076 0.592200 0.820436 0.592225 0.820164 0.587741 0.814804 0.587717 0.805416 0.580202 0.803629 0.580194 0.781098 0.562161 0.779312 0.562153 0.773678 0.557645 0.771892 0.557637 0.768135 0.554631 0.766349 0.554622 0.764471 0.553120 0.762684 0.553112 0.758929 0.550107 0.757142 0.550098 0.753388 0.547093 0.751600 0.547085 0.745967 0.542577 0.744180 0.542569 0.740425 0.539562 0.740153 0.535079
0 0.372202 0.712728 0.372927 0.724686 0.380075 0.724718 0.381953 0.726221 0.385526 0.726237 0.387404 0.727740 0.392764 0.727764 0.394461 0.726278 0.398035 0.726294 0.399732 0.724807 0.406879 0.724839 0.406153 0.712882
0 0.835462 0.810458 0.836822 0.832878 0.860053 0.832983 0.859781 0.828500 0.861477 0.827013 0.863263 0.827022 0.868352 0.822561 0.870139 0.822569 0.871835 0.821083 0.877197 0.821107 0.876562 0.810644
0 0.340815 0.784312 0.341813 0.800753 0.347174 0.800777 0.349051 0.802280 0.350839 0.802288 0.352716 0.803792 0.354502 0.803800 0.356380 0.805302 0.358167 0.805310 0.361922 0.808316 0.362194 0.812799 0.371129 0.812840 0.370766 0.806861 0.372463 0.805375 0.376036 0.805391 0.377733 0.803905 0.379519 0.803913 0.381216 0.802426 0.383004 0.802434 0.391484 0.795001 0.396845 0.795026 0.396663 0.792035 0.391303 0.792011 0.389425 0.790509 0.389062 0.784530
0 0.745336 0.738325 0.746697 0.760746 0.768140 0.760843 0.767777 0.754863 0.772866 0.750404 0.780013 0.750436 0.779288 0.738478
0 0.905171 0.428237 0.906259 0.446173 0.911620 0.446197 0.921008 0.453712 0.921099 0.455206 0.926732 0.459715 0.926823 0.461209 0.928700 0.462711 0.928791 0.464207 0.930668 0.465709 0.932455 0.465717 0.934333 0.467220 0.934424 0.468715 0.941933 0.474726 0.949081 0.474758 0.950778 0.473272 0.954352 0.473288 0.956048 0.471801 0.957835 0.471809 0.961228 0.468837 0.963015 0.468845 0.966406 0.465871 0.968194 0.465879 0.969891 0.464392 0.971677 0.464401 0.976766 0.459941 0.983913 0.459974 0.983460 0.452500 0.976312 0.452467 0.974435 0.450964 0.972648 0.450956 0.970770 0.449454 0.968984 0.449446 0.967106 0.447942 0.965318 0.447934 0.961564 0.444929 0.959777 0.444921 0.956022 0.441916 0.954234 0.441908 0.952357 0.440405 0.950571 0.440397 0.948693 0.438894 0.946905 0.438886 0.941273 0.434377 0.940910 0.428399
0 0.345938 0.515364 0.346210 0.519848 0.341121 0.524308 0.332186 0.524267 0.333274 0.542204 0.338635 0.542228 0.340513 0.543730 0.342299 0.543738 0.346055 0.546745 0.347842 0.546753 0.349720 0.548255 0.351507 0.548263 0.353385 0.549766 0.353747 0.555745 0.369829 0.555818 0.369467 0.549839 0.396607 0.526053 0.401968 0.526078 0.401334 0.515614
0 0.133726 0.197615 0.135177 0.221531 0.140537 0.221555 0.142415 0.223058 0.144202 0.223066 0.146080 0.224568 0.147867 0.224576 0.151622 0.227582 0.151894 0.232066 0.162615 0.232114 0.162343 0.227631 0.167433 0.223171 0.169219 0.223179 0.172613 0.220205 0.172522 0.218711 0.174218 0.217225 0.176004 0.217233 0.184486 0.209799 0.189847 0.209824 0.189122 0.197866
0 0.285235 0.574860 0.286504 0.595786 0.297226 0.595835 0.299104 0.597337 0.309825 0.597386 0.311521 0.595899 0.320457 0.595940 0.319641 0.582487 0.314279 0.582463 0.310524 0.579458 0.310252 0.574974
0 0.391106 0.670974 0.391923 0.684426 0.400858 0.684467 0.406490 0.688975 0.406762 0.693458 0.417484 0.693507 0.417212 0.689023 0.418907 0.687536 0.426055 0.687568 0.425058 0.671127
0 0.700787 0.475129 0.702510 0.503528 0.707870 0.503552 0.711627 0.506559 0.713413 0.506567 0.717168 0.509571 0.717531 0.515550 0.744335 0.515671 0.743972 0.509693 0.745669 0.508207 0.747456 0.508215 0.752545 0.503754 0.754331 0.503762 0.759420 0.499303 0.764781 0.499327 0.764146 0.488865 0.756999 0.488833 0.749489 0.482821 0.747701 0.482813 0.745824 0.481310 0.745462 0.475331
0 0.807279 0.463657 0.808548 0.484583 0.815696 0.484615 0.819451 0.487620 0.821239 0.487629 0.823116 0.489132 0.824902 0.489140 0.826780 0.490642 0.842862 0.490715 0.844559 0.489229 0.846346 0.489237 0.849738 0.486263 0.851525 0.486271 0.851435 0.484777 0.856524 0.480316 0.856343 0.477328 0.858038 0.475841 0.863400 0.475865 0.863309 0.474370 0.857948 0.474346 0.856071 0.472843 0.855889 0.469854 0.854011 0.468352 0.853739 0.463867
0 0.609786 0.624146 0.611599 0.654040 0.618747 0.654072 0.620624 0.655575 0.622412 0.655583 0.626167 0.658588 0.626529 0.664567 0.649760 0.664672 0.649488 0.660188 0.651184 0.658701 0.652971 0.658709 0.658060 0.654250 0.659847 0.654258 0.661543 0.652771 0.661452 0.651277 0.664845 0.648304 0.666631 0.648312 0.668328 0.646826 0.668237 0.645330 0.671630 0.642357 0.671267 0.636378 0.663757 0.630367 0.663394 0.624388
0 0.929365 0.709272 0.931088 0.737671 0.936448 0.737696 0.942081 0.742203 0.942172 0.743698 0.944050 0.745201 0.944141 0.746696 0.951651 0.752707 0.962373 0.752756 0.965764 0.749782 0.967552 0.749790 0.969249 0.748304 0.971035 0.748312 0.972731 0.746826 1.000000 0.746971 1.000000 0.745484 1.000000 0.745492 1.000000 0.744005 1.000000 0.744013 1.000000 0.742527 1.000000 0.741032 1.000000 0.738059 1.000000 0.738084 1.000000 0.732105 1.000000 0.732081 1.000000 0.726069 1.000000 0.726061 1.000000 0.724558 1.000000 0.724550 1.000000 0.723048 0.999871 0.723040 0.997994 0.721536 0.994420 0.721520 0.992542 0.720017 0.990756 0.720009 0.988877 0.718507 0.985305 0.718491 0.981549 0.715485 0.981186 0.709506
0 0.188838 0.281545 0.190107 0.302470 0.195469 0.302495 0.208612 0.313014 0.210398 0.313022 0.212276 0.314525 0.215850 0.314541 0.219605 0.317547 0.219877 0.322030 0.243108 0.322135 0.242836 0.317652 0.247924 0.313191 0.249712 0.313200 0.251408 0.311713 0.253194 0.311721 0.259980 0.305775 0.267128 0.305807 0.266675 0.298333 0.259527 0.298301 0.255770 0.295296 0.253984 0.295287 0.252106 0.293785 0.250319 0.293777 0.246564 0.290772 0.244777 0.290763 0.242900 0.289261 0.241113 0.289253 0.237357 0.286247 0.237085 0.281763
0 0.224169 0.628378 0.225076 0.643325 0.234011 0.643366 0.237765 0.646371 0.238037 0.650855 0.259480 0.650952 0.259208 0.646468 0.260905 0.644982 0.266266 0.645006 0.265268 0.628564
0 0.530072 0.605854 0.531976 0.637243 0.540912 0.637283 0.544666 0.640289 0.551815 0.640321 0.553510 0.638834 0.558871 0.638858 0.565656 0.632912 0.567443 0.632920 0.579317 0.622513 0.586465 0.622546 0.585468 0.606104
0 0.202106 0.735867 0.202832 0.747825 0.209979 0.747857 0.211856 0.749360 0.213644 0.749368 0.221154 0.755379 0.222942 0.755387 0.224819 0.756890 0.228393 0.756906 0.230270 0.758409 0.232057 0.758417 0.233754 0.756930 0.235541 0.756938 0.237236 0.755452 0.244384 0.755484 0.243749 0.745021 0.236602 0.744989 0.234725 0.743486 0.232938 0.743478 0.229182 0.740472 0.228910 0.735988
0 0.200550 0.592409 0.201638 0.610345 0.208786 0.610377 0.212541 0.613383 0.214328 0.613391 0.216205 0.614894 0.217993 0.614902 0.219870 0.616405 0.220142 0.620888 0.232651 0.620945 0.232379 0.616461 0.234075 0.614975 0.235861 0.614983 0.237558 0.613496 0.239344 0.613504 0.244434 0.609045 0.249795 0.609069 0.248798 0.592627
0 0.517722 0.785112 0.517994 0.789597 0.514602 0.792569 0.512815 0.792561 0.506030 0.798507 0.498882 0.798475 0.500333 0.822390 0.507481 0.822422 0.509359 0.823926 0.511145 0.823934 0.514900 0.826939 0.515172 0.831423 0.561633 0.831633 0.561270 0.825655 0.568055 0.819709 0.567965 0.818214 0.569660 0.816727 0.569570 0.815232 0.571266 0.813745 0.571176 0.812251 0.572872 0.810765 0.571965 0.795818 0.570088 0.794315 0.569997 0.792819 0.566242 0.789815 0.565970 0.785330
0 0.451961 0.378369 0.453774 0.408263 0.460922 0.408296 0.468432 0.414307 0.468704 0.418790 0.493721 0.418903 0.493449 0.414420 0.495145 0.412933 0.495054 0.411439 0.500144 0.406979 0.500053 0.405484 0.501750 0.403997 0.508897 0.404029 0.507809 0.386093 0.500662 0.386061 0.498784 0.384558 0.498421 0.378579
0 0.608070 0.301373 0.608705 0.311835 0.605313 0.314808 0.598165 0.314776 0.599253 0.332713 0.604614 0.332738 0.617757 0.343257 0.618029 0.347741 0.635898 0.347822 0.635536 0.341842 0.638928 0.338870 0.640716 0.338878 0.644107 0.335905 0.644017 0.334410 0.647409 0.331436 0.649197 0.331445 0.650893 0.329957 0.650803 0.328463 0.652498 0.326976 0.652045 0.319503 0.650168 0.318001 0.649987 0.315011 0.648109 0.313508 0.647927 0.310519 0.646049 0.309017 0.645596 0.301543
0 0.440435 0.276706 0.440707 0.281189 0.437313 0.284163 0.424805 0.284106 0.425984 0.303538 0.433132 0.303570 0.440642 0.309581 0.442429 0.309589 0.444306 0.311091 0.446094 0.311099 0.447971 0.312603 0.449759 0.312611 0.451636 0.314113 0.474865 0.314218 0.476562 0.312732 0.478350 0.312740 0.480045 0.311253 0.481833 0.311261 0.485225 0.308289 0.487012 0.308297 0.488707 0.306810 0.490495 0.306818 0.497280 0.300872 0.502640 0.300896 0.502187 0.293422 0.495040 0.293390 0.491284 0.290385 0.491193 0.288890 0.489316 0.287387 0.487529 0.287379 0.481897 0.282871 0.481534 0.276892
0 0.798786 0.559253 0.799330 0.568221 0.806478 0.568253 0.808356 0.569755 0.808718 0.575734 0.839096 0.575872 0.838643 0.568399 0.842035 0.565425 0.847396 0.565450 0.847033 0.559471
0 0.685721 0.815758 0.687081 0.838178 0.704951 0.838259 0.704679 0.833775 0.708071 0.830802 0.709858 0.830810 0.713250 0.827837 0.713160 0.826342 0.714856 0.824855 0.720217 0.824880 0.719673 0.815911
0 0.582796 0.414824 0.584429 0.441729 0.591576 0.441761 0.599087 0.447772 0.600874 0.447780 0.604629 0.450786 0.606416 0.450794 0.608293 0.452297 0.610080 0.452305 0.611959 0.453807 0.619105 0.453840 0.619015 0.452345 0.620711 0.450858 0.620621 0.449363 0.627406 0.443417 0.627315 0.441923 0.630708 0.438949 0.629892 0.425498 0.626136 0.422492 0.625683 0.415018
0 0.527277 0.677567 0.527730 0.685041 0.534878 0.685073 0.536756 0.686575 0.540330 0.686592 0.542207 0.688094 0.543994 0.688102 0.545871 0.689605 0.547658 0.689613 0.549536 0.691117 0.551322 0.691125 0.553201 0.692627 0.554988 0.692635 0.558743 0.695641 0.559015 0.700125 0.591180 0.700271 0.590455 0.688312 0.585093 0.688288 0.581338 0.685283 0.580885 0.677809
0 0.020193 0.328599 0.021372 0.348030 0.028520 0.348063 0.034153 0.352570 0.035939 0.352579 0.039695 0.355584 0.041481 0.355592 0.043359 0.357094 0.043722 0.363074 0.074099 0.363212 0.073737 0.357232 0.075433 0.355746 0.075343 0.354251 0.077039 0.352764 0.076857 0.349775 0.078554 0.348289 0.078373 0.345300 0.085158 0.339352 0.090518 0.339376 0.089883 0.328914
0 0.208680 0.490834 0.209677 0.507275 0.215037 0.507300 0.220671 0.511808 0.222457 0.511817 0.226213 0.514822 0.226485 0.519307 0.264011 0.519476 0.263739 0.514992 0.267131 0.512019 0.272493 0.512043 0.272130 0.506064 0.264981 0.506032 0.263104 0.504529 0.261318 0.504521 0.259439 0.503018 0.257652 0.503010 0.255775 0.501507 0.253988 0.501499 0.252110 0.499996 0.250323 0.499988 0.244691 0.495480 0.244419 0.490996
0 0.734668 0.798048 0.736481 0.827942 0.743629 0.827974 0.745506 0.829476 0.749080 0.829493 0.750958 0.830996 0.768827 0.831077 0.770524 0.829590 0.772311 0.829598 0.774006 0.828112 0.773916 0.826617 0.779005 0.822157 0.778914 0.820663 0.785699 0.814715 0.791060 0.814740 0.790062 0.798298
0 0.372459 0.599164 0.373456 0.615606 0.380604 0.615638 0.384359 0.618643 0.386145 0.618651 0.388024 0.620154 0.395171 0.620186 0.396868 0.618699 0.398655 0.618707 0.400350 0.617221 0.402138 0.617229 0.405530 0.614256 0.405440 0.612761 0.408832 0.609789 0.414193 0.609813 0.414102 0.608318 0.408742 0.608293 0.406865 0.606791 0.406411 0.599317
0 0.398254 0.671006 0.399614 0.693426 0.426418 0.693547 0.425058 0.671127
0 0.539759 0.647738 0.540938 0.667169 0.548085 0.667201 0.553719 0.671709 0.553991 0.676194 0.564711 0.676242 0.564439 0.671758 0.569529 0.667298 0.571316 0.667307 0.574709 0.664332 0.581855 0.664365 0.580858 0.647924
0 0.569906 0.791325 0.570904 0.807766 0.586987 0.807839 0.588683 0.806353 0.597618 0.806394 0.596711 0.791447
0 0.593314 0.588209 0.593768 0.595683 0.599128 0.595707 0.601006 0.597209 0.602793 0.597217 0.617813 0.609239 0.619601 0.609247 0.623356 0.612253 0.625142 0.612261 0.627020 0.613763 0.628807 0.613772 0.630685 0.615275 0.644981 0.615339 0.646677 0.613852 0.648464 0.613861 0.650161 0.612374 0.651947 0.612382 0.653643 0.610896 0.655430 0.610904 0.657127 0.609417 0.658913 0.609425 0.660609 0.607939 0.662397 0.607947 0.667486 0.603487 0.669272 0.603495 0.670968 0.602009 0.672756 0.602017 0.674452 0.600530 0.676239 0.600538 0.679631 0.597565 0.684993 0.597589 0.684449 0.588621
0 0.814532 0.583232 0.815439 0.598179 0.822587 0.598212 0.824465 0.599714 0.826251 0.599722 0.831884 0.604231 0.835459 0.604247 0.837336 0.605749 0.840909 0.605765 0.842787 0.607269 0.843059 0.611753 0.853781 0.611802 0.853509 0.607317 0.856901 0.604344 0.858688 0.604352 0.862081 0.601379 0.861809 0.596895 0.863506 0.595408 0.861627 0.593905 0.861537 0.592411 0.855903 0.587903 0.855631 0.583418
0 0.539759 0.647738 0.540938 0.667169 0.548085 0.667201 0.555596 0.673212 0.560956 0.673236 0.562653 0.671750 0.564439 0.671758 0.569529 0.667298 0.571316 0.667307 0.574709 0.664332 0.581855 0.664365 0.580858 0.647924
0 0.115759 0.490414 0.116665 0.505361 0.123813 0.505393 0.127568 0.508399 0.127840 0.512882 0.158218 0.513020 0.156858 0.490600
0 0.274902 0.610677 0.275174 0.615161 0.273478 0.616647 0.266330 0.616615 0.267237 0.631562 0.272597 0.631586 0.274475 0.633088 0.276262 0.633097 0.278140 0.634600 0.281714 0.634616 0.283591 0.636119 0.285378 0.636127 0.287257 0.637630 0.314060 0.637751 0.315937 0.639254 0.317725 0.639262 0.319422 0.637775 0.326569 0.637807 0.328265 0.636321 0.331839 0.636337 0.333535 0.634850 0.337110 0.634866 0.340502 0.631893 0.342289 0.631901 0.343984 0.630415 0.345772 0.630423 0.347467 0.628936 0.349255 0.628944 0.354344 0.624485 0.356131 0.624493 0.356040 0.622998 0.357737 0.621511 0.357556 0.618521 0.355677 0.617019 0.355315 0.611040
0 0.639722 0.528647 0.640538 0.542100 0.645899 0.542124 0.647776 0.543626 0.651350 0.543643 0.655105 0.546648 0.655377 0.551133 0.664313 0.551173 0.664041 0.546689 0.665736 0.545202 0.667523 0.545210 0.670916 0.542237 0.672703 0.542245 0.676095 0.539271 0.681457 0.539296 0.680822 0.528833
0 0.399705 0.694921 0.400612 0.709868 0.407759 0.709900 0.409636 0.711403 0.411424 0.711411 0.413302 0.712914 0.413574 0.717398 0.415360 0.717406 0.415089 0.712922 0.416785 0.711435 0.418572 0.711443 0.420267 0.709957 0.422055 0.709965 0.427143 0.705506 0.426962 0.702515 0.428659 0.701029 0.434020 0.701053 0.433657 0.695075
0 0.261615 0.538891 0.262613 0.555333 0.269761 0.555365 0.271638 0.556868 0.271910 0.561351 0.298714 0.561472 0.298352 0.555495 0.301744 0.552520 0.301654 0.551026 0.303349 0.549540 0.301472 0.548037 0.300928 0.539069
0 0.439071 0.754871 0.440068 0.771312 0.450790 0.771360 0.452668 0.772863 0.452940 0.777347 0.454726 0.777355 0.454454 0.772872 0.457847 0.769898 0.466781 0.769939 0.465874 0.754992
0 0.716659 0.236116 0.717022 0.242094 0.715325 0.243581 0.713537 0.243573 0.711841 0.245060 0.710054 0.245051 0.708358 0.246539 0.706572 0.246530 0.704875 0.248017 0.703088 0.248008 0.701392 0.249496 0.699605 0.249487 0.697909 0.250974 0.696122 0.250966 0.694425 0.252452 0.687278 0.252419 0.688366 0.270356 0.693726 0.270380 0.695604 0.271883 0.697392 0.271891 0.704901 0.277902 0.705173 0.282386 0.728404 0.282491 0.728132 0.278007 0.731524 0.275034 0.733312 0.275042 0.746881 0.263149 0.746790 0.261655 0.755272 0.254222 0.755181 0.252727 0.756877 0.251240 0.756787 0.249746 0.758483 0.248259 0.763844 0.248283 0.763118 0.236326
0 0.451704 0.491934 0.453245 0.517344 0.460393 0.517376 0.481046 0.533906 0.482834 0.533915 0.486589 0.536920 0.488375 0.536928 0.492132 0.539934 0.492403 0.544417 0.510273 0.544498 0.509910 0.538519 0.511606 0.537033 0.511515 0.535539 0.518300 0.529592 0.518210 0.528097 0.521602 0.525124 0.523389 0.525132 0.526782 0.522159 0.528569 0.522167 0.531961 0.519194 0.533749 0.519202 0.537140 0.516229 0.537049 0.514734 0.535172 0.513231 0.535082 0.511737 0.531326 0.508731 0.529540 0.508723 0.527662 0.507220 0.524088 0.507204 0.522210 0.505702 0.520424 0.505694 0.518545 0.504190 0.516759 0.504182 0.513004 0.501177 0.511217 0.501169 0.509339 0.499665 0.507553 0.499657 0.505675 0.498155 0.505312 0.492176
0 0.428553 0.581486 0.429369 0.594939 0.436517 0.594971 0.438394 0.596473 0.440181 0.596481 0.442059 0.597984 0.443846 0.597992 0.447601 0.600998 0.449387 0.601006 0.451266 0.602509 0.453052 0.602517 0.456807 0.605522 0.457079 0.610007 0.471375 0.610072 0.471103 0.605587 0.476192 0.601128 0.477980 0.601136 0.486460 0.593702 0.488247 0.593710 0.488156 0.592215 0.493245 0.587756 0.498607 0.587780 0.498244 0.581801
0 0.242064 0.658345 0.242336 0.662829 0.237248 0.667289 0.237339 0.668784 0.235643 0.670270 0.233856 0.670262 0.232159 0.671748 0.226798 0.671724 0.227524 0.683683 0.259689 0.683828 0.261385 0.682341 0.266746 0.682365 0.268442 0.680878 0.270229 0.680886 0.271926 0.679400 0.273712 0.679408 0.275408 0.677921 0.278982 0.677937 0.284071 0.673478 0.283981 0.671983 0.285676 0.670497 0.285586 0.669002 0.283799 0.668994 0.281922 0.667491 0.280135 0.667483 0.274501 0.662974 0.274229 0.658491
0 0.720232 0.236132 0.720504 0.240615 0.717112 0.243590 0.715325 0.243581 0.713628 0.245068 0.711841 0.245060 0.710145 0.246547 0.706572 0.246530 0.703178 0.249504 0.701392 0.249496 0.699696 0.250982 0.697909 0.250974 0.696213 0.252460 0.694425 0.252452 0.692729 0.253939 0.687368 0.253914 0.688275 0.268861 0.693635 0.268886 0.701147 0.274897 0.702933 0.274905 0.706688 0.277910 0.706960 0.282394 0.728404 0.282491 0.728132 0.278007 0.733221 0.273548 0.735008 0.273556 0.746881 0.263149 0.746790 0.261655 0.751880 0.257195 0.751789 0.255700 0.755181 0.252727 0.755091 0.251232 0.756787 0.249746 0.756515 0.245262 0.754637 0.243759 0.754184 0.236285
0 0.710580 0.636556 0.711305 0.648514 0.718453 0.648546 0.720331 0.650048 0.722118 0.650057 0.723996 0.651560 0.724086 0.653054 0.725963 0.654557 0.727750 0.654565 0.735260 0.660576 0.737048 0.660585 0.738925 0.662088 0.740712 0.662096 0.742590 0.663598 0.744377 0.663606 0.746254 0.665109 0.753402 0.665141 0.755099 0.663655 0.756886 0.663663 0.758582 0.662177 0.760369 0.662185 0.762065 0.660698 0.767426 0.660722 0.767064 0.654743 0.761702 0.654719 0.752314 0.647205 0.750527 0.647197 0.748650 0.645694 0.746863 0.645686 0.743108 0.642681 0.742745 0.636702
0 0.307298 0.467372 0.307570 0.471855 0.305873 0.473343 0.300513 0.473318 0.301873 0.495739 0.309020 0.495771 0.310899 0.497274 0.311171 0.501757 0.318318 0.501790 0.318046 0.497306 0.319742 0.495820 0.321528 0.495828 0.323225 0.494341 0.325012 0.494349 0.331798 0.488403 0.331707 0.486908 0.333403 0.485421 0.332950 0.477947 0.331073 0.476445 0.329285 0.476437 0.325530 0.473431 0.325167 0.467453
0 0.145332 0.388936 0.146239 0.403883 0.151599 0.403907 0.155354 0.406913 0.157142 0.406921 0.160897 0.409927 0.162683 0.409935 0.164561 0.411437 0.164924 0.417416 0.179220 0.417481 0.178948 0.412997 0.184037 0.408538 0.185823 0.408546 0.187519 0.407059 0.194668 0.407091 0.194124 0.398123 0.186975 0.398090 0.181343 0.393583 0.181071 0.389098
0 0.187448 0.729824 0.188264 0.743276 0.198986 0.743325 0.200863 0.744827 0.205952 0.740367 0.205861 0.738873 0.209254 0.735899 0.214615 0.735924 0.214253 0.729945
0 0.700893 0.594672 0.701256 0.600651 0.692775 0.608085 0.690988 0.608077 0.687595 0.611050 0.680447 0.611018 0.681263 0.624469 0.688411 0.624502 0.690288 0.626005 0.692076 0.626013 0.693954 0.627515 0.695740 0.627523 0.699496 0.630529 0.699768 0.635013 0.715849 0.635085 0.715577 0.630602 0.730844 0.617223 0.730754 0.615728 0.734146 0.612754 0.734056 0.611260 0.735751 0.609773 0.735570 0.606784 0.729938 0.602276 0.728151 0.602268 0.724395 0.599261 0.724123 0.594778
0 0.399705 0.694921 0.401065 0.717341 0.417148 0.717414 0.416876 0.712930 0.418572 0.711443 0.420358 0.711451 0.422055 0.709965 0.423841 0.709973 0.425538 0.708486 0.425447 0.706992 0.427143 0.705506 0.426962 0.702515 0.428659 0.701029 0.434020 0.701053 0.433657 0.695075
0 0.260996 0.646476 0.261903 0.661423 0.270838 0.661464 0.272715 0.662966 0.274501 0.662974 0.283890 0.670489 0.283981 0.671983 0.285858 0.673486 0.287645 0.673494 0.289523 0.674997 0.293097 0.675013 0.294793 0.673526 0.300154 0.673551 0.303547 0.670577 0.310694 0.670610 0.309243 0.646695
0 0.569906 0.791325 0.570904 0.807766 0.585199 0.807831 0.586896 0.806345 0.597618 0.806394 0.596711 0.791447
0 0.339463 0.467517 0.339735 0.472001 0.336342 0.474975 0.329194 0.474943 0.329920 0.486900 0.337067 0.486933 0.338945 0.488435 0.355028 0.488508 0.356723 0.487022 0.358511 0.487030 0.361903 0.484056 0.363691 0.484064 0.370475 0.478117 0.377622 0.478150 0.376988 0.467687
0 0.159371 0.502565 0.159643 0.507049 0.156250 0.510023 0.152676 0.510007 0.150979 0.511493 0.149193 0.511485 0.147497 0.512971 0.145710 0.512963 0.144014 0.514450 0.138653 0.514426 0.139922 0.535352 0.147070 0.535384 0.152702 0.539893 0.154490 0.539901 0.160122 0.544409 0.161909 0.544417 0.163787 0.545920 0.165574 0.545928 0.167452 0.547430 0.172812 0.547455 0.174691 0.548958 0.176386 0.547471 0.179960 0.547487 0.181656 0.546001 0.183443 0.546009 0.198709 0.532629 0.200497 0.532637 0.207282 0.526691 0.209069 0.526699 0.210765 0.525213 0.216125 0.525237 0.215309 0.511784 0.209949 0.511760 0.204316 0.507251 0.204044 0.502768
0 0.602638 0.624114 0.604089 0.648029 0.611237 0.648061 0.624380 0.658580 0.626167 0.658588 0.628044 0.660091 0.644127 0.660164 0.645823 0.658677 0.652971 0.658709 0.658060 0.654250 0.659847 0.654258 0.659756 0.652763 0.664845 0.648304 0.666631 0.648312 0.668328 0.646826 0.673688 0.646850 0.672328 0.624429
0 0.816372 0.643012 0.816644 0.647497 0.814948 0.648983 0.815038 0.650477 0.813343 0.651964 0.813433 0.653458 0.811737 0.654945 0.811827 0.656440 0.808435 0.659413 0.808525 0.660908 0.803437 0.665367 0.798076 0.665343 0.799526 0.689258 0.820970 0.689355 0.820607 0.683376 0.824000 0.680403 0.825786 0.680411 0.834268 0.672979 0.839629 0.673003 0.837816 0.643109
0 0.406792 0.222759 0.408061 0.243685 0.413422 0.243709 0.419055 0.248218 0.419146 0.249712 0.421024 0.251215 0.421115 0.252710 0.422992 0.254212 0.423082 0.255707 0.426838 0.258713 0.426928 0.260208 0.432560 0.264716 0.434348 0.264724 0.438103 0.267730 0.447039 0.267770 0.448734 0.266283 0.452308 0.266299 0.454004 0.264813 0.455791 0.264821 0.457488 0.263334 0.459274 0.263342 0.462667 0.260370 0.464453 0.260378 0.466150 0.258891 0.467937 0.258899 0.471329 0.255926 0.473117 0.255934 0.476509 0.252961 0.478297 0.252969 0.479992 0.251482 0.485353 0.251506 0.484809 0.242539 0.479448 0.242514 0.477571 0.241011 0.473997 0.240995 0.472119 0.239492 0.464972 0.239459 0.463093 0.237957 0.457733 0.237933 0.455856 0.236429 0.450495 0.236405 0.448617 0.234903 0.446830 0.234895 0.444953 0.233392 0.441379 0.233375 0.439501 0.231873 0.437715 0.231865 0.435837 0.230363 0.434049 0.230355 0.432172 0.228851 0.431809 0.222873
0 0.504896 0.426426 0.506619 0.454826 0.540572 0.454979 0.540300 0.450495 0.543692 0.447521 0.545478 0.447529 0.547174 0.446042 0.554322 0.446075 0.553506 0.432623 0.548146 0.432599 0.546267 0.431095 0.545995 0.426612
0 0.673594 0.439143 0.673957 0.445122 0.672261 0.446608 0.670474 0.446600 0.668777 0.448087 0.666990 0.448079 0.663598 0.451052 0.656450 0.451020 0.657357 0.465967 0.669865 0.466024 0.671743 0.467527 0.673531 0.467535 0.675408 0.469037 0.675680 0.473521 0.689975 0.473586 0.689703 0.469102 0.693096 0.466129 0.694883 0.466137 0.696579 0.464650 0.698365 0.464658 0.700062 0.463172 0.699881 0.460182 0.701578 0.458696 0.701215 0.452717 0.702911 0.451230 0.702548 0.445252 0.704244 0.443764 0.703972 0.439281
0 0.501270 0.366638 0.502539 0.387564 0.509687 0.387596 0.513442 0.390602 0.513714 0.395086 0.551239 0.395256 0.550242 0.378814 0.544882 0.378790 0.543003 0.377287 0.541217 0.377279 0.539340 0.375776 0.537552 0.375768 0.535675 0.374265 0.533888 0.374257 0.532010 0.372754 0.531647 0.366776
0 0.442274 0.336486 0.442546 0.340969 0.440849 0.342456 0.439063 0.342448 0.437366 0.343934 0.428432 0.343894 0.429429 0.360336 0.434789 0.360360 0.436668 0.361863 0.438454 0.361872 0.442209 0.364877 0.442300 0.366371 0.444178 0.367875 0.445966 0.367883 0.449721 0.370887 0.450084 0.376867 0.478674 0.376996 0.478311 0.371017 0.481704 0.368044 0.481614 0.366549 0.485006 0.363576 0.484916 0.362082 0.498486 0.350189 0.505632 0.350221 0.504816 0.336768
0 0.854623 0.655139 0.855439 0.668592 0.862587 0.668624 0.868220 0.673132 0.870007 0.673140 0.873762 0.676146 0.875550 0.676154 0.879304 0.679160 0.879576 0.683643 0.913528 0.683797 0.913165 0.677819 0.914861 0.676332 0.914770 0.674837 0.923252 0.667404 0.925039 0.667412 0.928432 0.664439 0.928342 0.662945 0.930037 0.661458 0.929675 0.655479
0 0.713526 0.331736 0.715521 0.364619 0.724456 0.364659 0.726334 0.366163 0.729907 0.366179 0.731604 0.364692 0.733391 0.364700 0.735086 0.363214 0.736874 0.363222 0.738571 0.361735 0.738480 0.360239 0.740176 0.358753 0.740085 0.357258 0.741782 0.355772 0.741601 0.352783 0.743296 0.351296 0.743206 0.349801 0.744901 0.348315 0.744811 0.346820 0.748204 0.343847 0.755351 0.343879 0.754626 0.331922
0 0.578142 0.809294 0.579140 0.825736 0.598797 0.825825 0.597799 0.809383
0 0.698098 0.666385 0.699186 0.684322 0.706333 0.684354 0.721354 0.696376 0.723142 0.696384 0.726897 0.699390 0.734045 0.699422 0.735922 0.700926 0.743070 0.700958 0.744767 0.699471 0.776930 0.699616 0.776114 0.686165 0.765393 0.686116 0.763516 0.684613 0.761729 0.684605 0.759851 0.683101 0.758065 0.683093 0.756187 0.681591 0.756096 0.680096 0.754218 0.678594 0.752431 0.678586 0.750554 0.677083 0.748767 0.677075 0.746889 0.675572 0.745102 0.675564 0.741347 0.672558 0.740984 0.666579
0 0.460639 0.491974 0.461002 0.497953 0.459305 0.499439 0.452157 0.499407 0.453245 0.517344 0.460393 0.517376 0.475414 0.529398 0.477201 0.529406 0.480955 0.532411 0.481046 0.533906 0.482834 0.533915 0.486589 0.536920 0.488375 0.536928 0.492132 0.539934 0.492403 0.544417 0.506698 0.544482 0.506426 0.539998 0.511515 0.535539 0.511425 0.534044 0.523298 0.523637 0.525085 0.523645 0.530175 0.519186 0.531961 0.519194 0.533658 0.517708 0.533567 0.516213 0.535263 0.514726 0.531508 0.511721 0.531417 0.510226 0.529631 0.510218 0.527753 0.508714 0.524179 0.508698 0.522301 0.507196 0.520514 0.507188 0.518636 0.505686 0.516850 0.505677 0.511217 0.501169 0.509430 0.501161 0.503797 0.496653 0.503524 0.492168
0 0.861975 0.720267 0.894341 0.715864 0.919312 0.715068 0.926559 0.726929 0.909757 0.736861 0.900129 0.739548 0.879236 0.735814
0 0.858032 0.691132 0.912107 0.685918 0.926307 0.686893 0.927191 0.701454 0.917892 0.709602 0.897441 0.713149 0.868007 0.712105 0.861313 0.709346
0 0.909470 0.534866 0.941244 0.538650 0.957084 0.548730 0.950352 0.563257 0.923370 0.566776 0.903454 0.561225 0.886304 0.547500 0.876291 0.543815 0.901152 0.541197
0 0.869989 0.493743 0.908294 0.497556 0.911408 0.513037 0.911977 0.540338 0.879722 0.546560 0.854199 0.538256 0.851746 0.533695 0.866466 0.507375 0.869288 0.500109
0 0.540033 0.559580 0.552334 0.565097 0.564208 0.581528 0.562530 0.589708 0.548330 0.588736 0.533206 0.590486 0.526457 0.586817 0.535919 0.581400 0.537653 0.574129 0.531549 0.563182
0 0.455848 0.534634 0.459555 0.541929 0.475285 0.550189 0.492804 0.552088 0.494279 0.558465 0.484817 0.563881 0.456637 0.565573 0.454462 0.565563 0.443674 0.549136 0.442145 0.541851
0 0.378832 0.556123 0.376269 0.549741 0.390083 0.544345 0.400964 0.544394 0.403235 0.528027 0.402903 0.522565 0.422859 0.510827 0.442444 0.510915 0.454688 0.515521 0.459318 0.520090 0.465420 0.531037 0.441979 0.539120 0.430396 0.545437 0.424752 0.559969 0.402400 0.568058 0.384823 0.565248
0 0.560251 0.534196 0.574875 0.524253 0.585425 0.518843 0.595274 0.519796 0.595661 0.526168 0.593871 0.532528 0.591804 0.534339 0.585551 0.538861 0.574725 0.539720 0.562535 0.536026
0 0.760379 0.644005 0.766118 0.630915 0.781404 0.624428 0.796922 0.621765 0.807477 0.623452 0.811341 0.633306 0.811739 0.639865 0.799554 0.643635 0.794980 0.643614 0.788355 0.652874 0.786593 0.656145 0.774078 0.654449 0.765939 0.649494
0 0.800632 0.532164 0.795073 0.526674 0.801110 0.518505 0.814369 0.510914 0.834262 0.504992 0.847266 0.503959 0.858408 0.504557 0.847739 0.522541 0.842643 0.524703 0.833993 0.532862 0.830957 0.536673 0.819163 0.536073 0.802659 0.533266
0 0.621849 0.503486 0.615779 0.511108 0.618137 0.517677 0.631604 0.524295 0.646667 0.524910 0.653790 0.523849 0.649992 0.515088 0.641885 0.510681 0.627211 0.505697
0 0.534603 0.529867 0.521798 0.534181 0.518342 0.541816 0.520667 0.547838 0.531675 0.546249 0.535851 0.539709 0.536074 0.532606
0 0.443062 0.470949 0.439827 0.482441 0.448140 0.489877 0.464067 0.493236 0.472762 0.490810 0.475311 0.484244 0.470982 0.477650 0.458938 0.473487 0.444977 0.470135
0 0.399214 0.460887 0.388652 0.464948 0.392049 0.472362 0.397312 0.478139 0.407442 0.483116 0.417319 0.483982 0.423753 0.476615 0.418487 0.470838 0.408260 0.464216
0 0.388324 0.427139 0.401499 0.433773 0.415560 0.438768 0.424557 0.441276 0.433601 0.444604 0.425988 0.448679 0.402447 0.449395 0.391536 0.447701 0.376194 0.437768 0.369748 0.428699
0 0.439671 0.415042 0.423310 0.420720 0.409898 0.426414 0.408281 0.432160 0.417426 0.437132 0.425340 0.437991 0.439535 0.429015 0.440369 0.426552
0 0.388878 0.387687 0.409184 0.398466 0.419314 0.403442 0.423544 0.408392 0.414114 0.414926 0.401337 0.414869 0.384278 0.409037 0.378914 0.401616 0.384997 0.388492
0 0.339228 0.427738 0.343408 0.431867 0.353637 0.438488 0.360666 0.440987 0.368581 0.441844 0.373445 0.441045 0.373146 0.436110 0.362767 0.427023 0.352640 0.422045 0.345558 0.418726 0.343593 0.418717 0.339028 0.424448
0 0.271282 0.344415 0.292239 0.365881 0.310295 0.388154 0.317824 0.398874 0.335631 0.417037 0.360402 0.420436 0.379861 0.417237 0.384612 0.398354 0.364541 0.375248 0.332424 0.347979 0.308670 0.328967 0.286062 0.328864 0.276049 0.341971 0.274432 0.347717
0 0.284040 0.376528 0.279325 0.379794 0.279041 0.391300 0.287353 0.398736 0.301214 0.400442 0.305979 0.397999 0.301398 0.387292 0.283841 0.373239
0 0.132929 0.444887 0.158001 0.453220 0.173394 0.463974 0.185487 0.468961 0.201713 0.477254 0.210858 0.482226 0.208557 0.492902 0.200944 0.496976 0.186350 0.499378 0.168407 0.495186 0.142837 0.478632 0.129710 0.472819
0 0.136184 0.401339 0.152409 0.409631 0.163719 0.417903 0.169032 0.424502 0.171299 0.429444 0.162851 0.435981 0.149289 0.439207 0.131546 0.438304 0.117288 0.430022 0.113590 0.417676 0.124738 0.407040 0.134368 0.403797
0 0.031895 0.399224 0.034195 0.388548 0.040625 0.381181 0.072564 0.373106 0.092072 0.370728 0.110697 0.369990 0.124807 0.375807 0.141482 0.391499 0.138299 0.403815 0.135500 0.406268 0.125187 0.414441 0.111625 0.417667 0.099830 0.417614 0.076189 0.416684 0.054316 0.412476 0.032344 0.406622
0 0.181495 0.289760 0.169750 0.290528 0.172299 0.283965 0.193375 0.275019 0.214551 0.267718 0.219415 0.266918 0.213916 0.273468 0.197956 0.285725
0 0.189637 0.326785 0.170727 0.339029 0.169944 0.342312 0.171375 0.349716 0.177622 0.355498 0.200378 0.358067 0.211924 0.354010 0.219339 0.346645 0.220956 0.340899
0 0.495990 0.468722 0.513248 0.477841 0.520526 0.484449 0.524907 0.491867 0.535285 0.500956 0.543447 0.505924 0.554510 0.510084 0.572301 0.511808 0.592892 0.511080 0.602374 0.505369 0.597992 0.497951 0.584916 0.492961 0.563874 0.486291 0.534871 0.477939 0.518796 0.472114 0.500803 0.467100
0 0.823805 0.429931 0.830986 0.434895 0.844894 0.437423 0.862737 0.439970 0.874817 0.428517 0.874368 0.421118 0.861191 0.414484 0.851213 0.411971 0.831106 0.404483 0.821126 0.401972 0.811997 0.413439 0.812794 0.426592 0.812894 0.428237
0 0.797138 0.395288 0.802785 0.391204 0.813548 0.390431 0.824210 0.388013 0.844653 0.384819 0.848534 0.384015 0.856995 0.393915 0.851447 0.399644 0.840784 0.402061 0.828058 0.402826 0.811199 0.400284
0 0.848021 0.359353 0.890080 0.404750 0.933591 0.425494 0.954050 0.438739 0.987018 0.431492 0.991435 0.423291 0.962617 0.401791 0.922487 0.372019 0.882224 0.356221 0.866396 0.354505 0.846988 0.358527
0 0.696210 0.416203 0.686483 0.417802 0.681217 0.412024 0.687600 0.403834 0.701111 0.399786 0.708291 0.404750 0.703876 0.412949 0.698226 0.417033
0 0.573945 0.425511 0.572313 0.414820 0.562386 0.413132 0.553489 0.412269 0.547791 0.415531 0.547357 0.424570 0.550804 0.432805 0.554935 0.436111 0.566781 0.436987 0.572478 0.433725
0 0.606522 0.363191 0.618767 0.370645 0.630861 0.375632 0.647771 0.378995 0.660448 0.377408 0.667912 0.370867 0.668781 0.352790 0.664400 0.345372 0.650291 0.339555 0.633881 0.344411 0.626315 0.349309 0.599443 0.359872
0 0.765875 0.333501 0.779402 0.345892 0.785498 0.349207 0.792728 0.354994 0.787228 0.361544 0.774601 0.363952 0.758875 0.363881 0.752777 0.360566 0.751196 0.350695 0.754530 0.340848 0.757229 0.336749
0 0.744785 0.326009 0.739123 0.313654 0.745504 0.305463 0.762398 0.292388 0.764315 0.291575 0.779457 0.298220 0.781822 0.304805 0.784386 0.314680 0.782870 0.322071 0.768524 0.328582 0.759729 0.329364
0 0.657555 0.329724 0.688560 0.322466 0.718282 0.310272 0.726280 0.296335 0.708772 0.283105 0.696729 0.278941 0.683901 0.278060 0.662726 0.285362 0.648530 0.294340 0.643482 0.308291 0.648061 0.318995 0.652541 0.328057
0 0.777982 0.241499 0.786394 0.250579 0.791558 0.254712 0.783212 0.262892 0.772598 0.266133 0.767734 0.266933 0.766153 0.257063 0.772483 0.248049
0 0.810283 0.255618 0.824393 0.261435 0.831722 0.268867 0.836102 0.276283 0.832719 0.285310 0.822258 0.291015 0.808546 0.291775 0.802500 0.289282 0.795753 0.275279 0.792790 0.258826 0.794556 0.255547 0.807485 0.258071
0 0.845560 0.189200 0.868353 0.176154 0.897391 0.168887 0.941024 0.159220 0.957534 0.156007 0.973745 0.147863 0.985589 0.148738 0.986437 0.162715 0.986886 0.170113 0.980704 0.181593 0.954663 0.189694 0.926808 0.200253 0.895170 0.213261 0.882939 0.222248 0.877342 0.227154 0.864265 0.222164 0.851473 0.205666 0.846692 0.191673
0 0.851708 0.306765 0.875848 0.315917 0.900086 0.326712 0.913363 0.334990 0.926738 0.344915 0.927921 0.348207 0.913677 0.356363 0.904930 0.357967 0.890036 0.355434 0.873660 0.344675 0.851589 0.337176 0.841261 0.328911 0.832848 0.319832 0.834116 0.308330
0 0.838182 0.294376 0.851708 0.306765 0.869900 0.315067 0.892756 0.319280 0.913349 0.318552 0.921994 0.315303 0.913882 0.311157 0.902871 0.307818 0.900207 0.296300 0.897009 0.292176 0.887813 0.286381 0.852078 0.280466 0.846132 0.279617 0.839700 0.286984 0.837350 0.296838
0 0.966816 0.260436 0.982358 0.273657 1.000000 0.272973 1.000000 0.266459 1.000000 0.255775 1.000000 0.244215 0.990976 0.237532 0.977165 0.236647 0.967934 0.246468 0.966617 0.257147
0 0.203121 0.403286 0.210451 0.410717 0.224512 0.415712 0.233456 0.417396 0.241421 0.419076 0.243836 0.426485 0.234304 0.431373 0.220842 0.436243 0.205998 0.434533 0.193756 0.427080 0.189076 0.414730 0.195508 0.407361
0 0.231327 0.398482 0.234141 0.412468 0.235522 0.419049 0.239852 0.425645 0.250914 0.429804 0.263843 0.432329 0.278637 0.433217 0.287232 0.429147 0.294299 0.416027 0.292231 0.414375 0.269724 0.415916 0.247118 0.415814 0.234375 0.400140
0 0.239144 0.235774 0.253205 0.240769 0.272913 0.241679 0.284309 0.235156 0.289707 0.226961 0.289657 0.226139 0.294721 0.228627 0.300333 0.240159 0.296702 0.245075 0.297884 0.248369 0.305948 0.251692 0.308312 0.258278 0.292151 0.267247 0.284088 0.263923 0.270962 0.258109 0.256218 0.258042 0.252186 0.256380 0.241908 0.248937
0 0.359389 0.274126 0.388776 0.272615 0.419047 0.269465 0.423812 0.267021 0.436106 0.275295 0.435272 0.277758 0.426824 0.284295 0.416512 0.292468 0.402018 0.296512 0.385308 0.296436 0.370315 0.292259 0.360920 0.283175
0 0.037650 0.072940 0.063890 0.068127 0.085065 0.060825 0.105157 0.051875 0.113456 0.042871 0.104944 0.032147 0.094816 0.027170 0.076140 0.027086 0.050933 0.032724 0.041155 0.033502 0.040371 0.036786 0.037336 0.051568
1 0.674867 0.646134 0.846254 0.610620 0.836805 0.693238 0.791363 0.699079
1 0.232300 0.264095 0.571804 0.516637 0.524337 0.548679 0.164095 0.292013
1 0.664403 0.195487 0.851165 0.234638 0.706129 0.485995 0.627730 0.504793 0.544392 0.462077
0 0.457296 0.216014 0.477465 0.204898 0.490641 0.201222 0.502401 0.198786 0.519538 0.211315 0.521555 0.220040 0.519031 0.227501 0.507344 0.231184 0.492454 0.231116 0.482029 0.231069 0.468324 0.226026
