0 0.750257 0.691079 0.748707 0.692613 0.745676 0.692687 0.744126 0.694222 0.741095 0.694296 0.739545 0.695830 0.736514 0.695904 0.734965 0.697439 0.731933 0.697513 0.730384 0.699047 0.727352 0.699121 0.725803 0.700656 0.722771 0.700730 0.721222 0.702264 0.713643 0.702449 0.712094 0.703984 0.707547 0.704094 0.705997 0.705629 0.702966 0.705703 0.701416 0.707237 0.692322 0.707459 0.690773 0.708994 0.689257 0.709031 0.687775 0.707570 0.686260 0.707607 0.684778 0.706146 0.684812 0.704648 0.687911 0.701579 0.687945 0.700081 0.700341 0.687804 0.700477 0.681814 0.755041 0.680484 0.754804 0.690968 0.750257 0.691079
0 0.288630 0.338590 0.288596 0.340088 0.290078 0.341548 0.290044 0.343046 0.291526 0.344507 0.296073 0.344396 0.295565 0.366861 0.254642 0.367859 0.254743 0.363366 0.253262 0.361905 0.251746 0.361942 0.250264 0.360481 0.244201 0.360629 0.242720 0.359168 0.241204 0.359205 0.239722 0.357744 0.238206 0.357781 0.236725 0.356320 0.230662 0.356468 0.230797 0.350477 0.236860 0.350330 0.239959 0.347260 0.241475 0.347223 0.244574 0.344154 0.246090 0.344117 0.249189 0.341048 0.250705 0.341011 0.252254 0.339476 0.252390 0.333486 0.287250 0.332636 0.287149 0.337129 0.288630 0.338590
0 0.715880 0.603602 0.717395 0.603565 0.718877 0.605026 0.720393 0.604989 0.721874 0.606449 0.723390 0.606412 0.724872 0.607873 0.732450 0.607688 0.732281 0.615177 0.727734 0.615288 0.726184 0.616822 0.723153 0.616896 0.721603 0.618431 0.717056 0.618542 0.715507 0.620076 0.713991 0.620113 0.712442 0.621648 0.712340 0.626141 0.688089 0.626732 0.688191 0.622239 0.682264 0.616396 0.682298 0.614898 0.677852 0.610516 0.676336 0.610553 0.674855 0.609092 0.674889 0.607594 0.671925 0.604673 0.667378 0.604784 0.667513 0.598793 0.714499 0.597648 0.714398 0.602141 0.715880 0.603602
0 0.535092 0.492749 0.535193 0.488256 0.532230 0.485334 0.529198 0.485408 0.526235 0.482486 0.524719 0.482523 0.523237 0.481063 0.520206 0.481136 0.518724 0.479676 0.511146 0.479860 0.509664 0.478400 0.508148 0.478437 0.506666 0.476976 0.500604 0.477124 0.500841 0.466640 0.505388 0.466529 0.508487 0.463460 0.510003 0.463423 0.516201 0.457284 0.516303 0.452791 0.566320 0.451572 0.565405 0.492010 0.535092 0.492749
0 0.759269 0.292694 0.763816 0.292584 0.763206 0.319542 0.757144 0.319690 0.749735 0.312386 0.746703 0.312460 0.742258 0.308077 0.740742 0.308114 0.737778 0.305193 0.736263 0.305230 0.733299 0.302308 0.731784 0.302345 0.728820 0.299424 0.727304 0.299461 0.725823 0.298000 0.724307 0.298037 0.721343 0.295115 0.716796 0.295226 0.716864 0.292231 0.721411 0.292120 0.727609 0.285981 0.727745 0.279991 0.751996 0.279400 0.751860 0.285391 0.759269 0.292694
0 0.911471 0.327904 0.909990 0.326443 0.906958 0.326517 0.901031 0.320674 0.901065 0.319176 0.899583 0.317716 0.899617 0.316218 0.898135 0.314757 0.898203 0.311762 0.896721 0.310301 0.898271 0.308766 0.898474 0.299780 0.951523 0.298488 0.950879 0.326944 0.911471 0.327904
0 0.614584 0.460874 0.613103 0.459414 0.600977 0.459709 0.599428 0.461244 0.597912 0.461281 0.596430 0.459820 0.590367 0.459968 0.585922 0.455585 0.586058 0.449595 0.587607 0.448060 0.587675 0.445065 0.589224 0.443530 0.590740 0.443493 0.595389 0.438889 0.595524 0.432899 0.627354 0.432123 0.626710 0.460579 0.614584 0.460874
0 0.538827 0.260644 0.540343 0.260607 0.541825 0.262068 0.546372 0.261957 0.545898 0.282925 0.532256 0.283257 0.532358 0.278764 0.530876 0.277303 0.512688 0.277747 0.511206 0.276286 0.505144 0.276434 0.503662 0.274973 0.500631 0.275047 0.499149 0.273586 0.497633 0.273623 0.496151 0.272162 0.494636 0.272199 0.493154 0.270738 0.490123 0.270812 0.488641 0.269351 0.487125 0.269388 0.485643 0.267928 0.484128 0.267965 0.482646 0.266504 0.481130 0.266541 0.479648 0.265080 0.476617 0.265154 0.475135 0.263693 0.466041 0.263915 0.464559 0.262454 0.456981 0.262639 0.457049 0.259643 0.461596 0.259532 0.466244 0.254929 0.466346 0.250435 0.531520 0.248847 0.531418 0.253340 0.538827 0.260644
0 0.441305 0.620770 0.439756 0.622305 0.438240 0.622342 0.428943 0.631550 0.425911 0.631623 0.424362 0.633158 0.416783 0.633343 0.409374 0.626039 0.407859 0.626076 0.406377 0.624615 0.404861 0.624652 0.400416 0.620270 0.394353 0.620417 0.394556 0.611431 0.447605 0.610139 0.447368 0.620622 0.441305 0.620770
0 0.894146 0.424125 0.892665 0.422664 0.886602 0.422812 0.885120 0.421351 0.883604 0.421388 0.880641 0.418467 0.879125 0.418504 0.874680 0.414122 0.873164 0.414158 0.873198 0.412661 0.871716 0.411200 0.871750 0.409702 0.870268 0.408242 0.865721 0.408352 0.865789 0.405357 0.870336 0.405246 0.871885 0.403712 0.872055 0.396223 0.919041 0.395078 0.918397 0.423534 0.894146 0.424125
0 0.098128 0.590214 0.108737 0.589955 0.108500 0.600439 0.100922 0.600624 0.099372 0.602159 0.096341 0.602232 0.094791 0.603767 0.076603 0.604210 0.075054 0.605745 0.064444 0.606003 0.062894 0.607538 0.062793 0.612031 0.049152 0.612363 0.049253 0.607870 0.047771 0.606410 0.043224 0.606520 0.041743 0.605060 0.037196 0.605170 0.037670 0.584203 0.095266 0.582799 0.095164 0.587292 0.098128 0.590214
0 0.465727 0.344753 0.464178 0.346287 0.464076 0.350780 0.438310 0.351408 0.438445 0.345418 0.435481 0.342496 0.430934 0.342607 0.431070 0.336616 0.435617 0.336505 0.437167 0.334971 0.437302 0.328980 0.438852 0.327445 0.438953 0.322952 0.472298 0.322140 0.471790 0.344605 0.465727 0.344753
0 0.474058 0.512198 0.474160 0.507705 0.472678 0.506244 0.468131 0.506355 0.466649 0.504894 0.463618 0.504968 0.462136 0.503508 0.460620 0.503544 0.457657 0.500623 0.456141 0.500660 0.454659 0.499199 0.451628 0.499273 0.450146 0.497812 0.448630 0.497849 0.447149 0.496388 0.439570 0.496573 0.439841 0.484592 0.486827 0.483447 0.486183 0.511903 0.474058 0.512198
0 0.451088 0.255298 0.449538 0.256832 0.449436 0.261326 0.420639 0.262027 0.421282 0.233571 0.456143 0.232722 0.455635 0.255187 0.451088 0.255298
0 0.612723 0.275309 0.612824 0.270816 0.611343 0.269355 0.603764 0.269540 0.602282 0.268079 0.599251 0.268153 0.597769 0.266692 0.597803 0.265195 0.596321 0.263734 0.596559 0.253250 0.631419 0.252401 0.630911 0.274866 0.612723 0.275309
0 0.224182 0.709885 0.222700 0.708424 0.221184 0.708461 0.219635 0.709996 0.204478 0.710365 0.202996 0.708904 0.201481 0.708941 0.198517 0.706020 0.192454 0.706168 0.192725 0.694186 0.239711 0.693041 0.239339 0.709516 0.224182 0.709885
0 0.474058 0.512198 0.474160 0.507705 0.472678 0.506244 0.468131 0.506355 0.466649 0.504894 0.463618 0.504968 0.462136 0.503508 0.460620 0.503544 0.457657 0.500623 0.456141 0.500660 0.454659 0.499199 0.451628 0.499273 0.450146 0.497812 0.448630 0.497849 0.447149 0.496388 0.439570 0.496573 0.439841 0.484592 0.486827 0.483447 0.486183 0.511903 0.474058 0.512198
0 0.702444 0.327010 0.699344 0.330079 0.697829 0.330116 0.696279 0.331651 0.684154 0.331946 0.682604 0.333481 0.673510 0.333702 0.672028 0.332242 0.668997 0.332315 0.667515 0.330855 0.661453 0.331002 0.661893 0.311533 0.708879 0.310388 0.708506 0.326862 0.702444 0.327010
0 0.280754 0.552833 0.280890 0.546842 0.286952 0.546695 0.288502 0.545160 0.290018 0.545123 0.294666 0.540519 0.294768 0.536026 0.334175 0.535066 0.333803 0.551540 0.280754 0.552833
0 0.119907 0.431016 0.120043 0.425025 0.115597 0.420643 0.115733 0.414652 0.130889 0.414283 0.130517 0.430758 0.119907 0.431016
0 0.088163 0.294078 0.088265 0.289585 0.085302 0.286664 0.080755 0.286775 0.081093 0.271798 0.134142 0.270505 0.133634 0.292970 0.088163 0.294078
0 0.968907 0.266630 0.969008 0.262137 0.967526 0.260676 0.966011 0.260713 0.964529 0.259252 0.963013 0.259289 0.957086 0.253446 0.957120 0.251949 0.955638 0.250488 0.956045 0.232516 0.977264 0.231999 0.976485 0.266445 0.968907 0.266630
0 0.608005 0.550846 0.608377 0.534372 0.643238 0.533522 0.642865 0.549997 0.608005 0.550846
0 0.041474 0.349103 0.041575 0.344610 0.040093 0.343149 0.040161 0.340154 0.038679 0.338693 0.038815 0.332702 0.060034 0.332185 0.059662 0.348660 0.041474 0.349103
0 0.881807 0.768704 0.880257 0.770238 0.880223 0.771736 0.878674 0.773271 0.878640 0.774768 0.877090 0.776303 0.877056 0.777801 0.872408 0.782405 0.861798 0.782663 0.860316 0.781202 0.858801 0.781239 0.855837 0.778318 0.854321 0.778355 0.852840 0.776894 0.849808 0.776968 0.848326 0.775507 0.846811 0.775544 0.842365 0.771162 0.840850 0.771199 0.839368 0.769738 0.837852 0.769775 0.836370 0.768314 0.834855 0.768351 0.833373 0.766890 0.831857 0.766927 0.830375 0.765466 0.827344 0.765540 0.824380 0.762619 0.822865 0.762656 0.821383 0.761195 0.815320 0.761343 0.813839 0.759882 0.812323 0.759919 0.809359 0.756997 0.807844 0.757034 0.803398 0.752652 0.797336 0.752800 0.797505 0.745311 0.802052 0.745201 0.803601 0.743666 0.803703 0.739173 0.887065 0.737142 0.886354 0.768593 0.881807 0.768704
0 0.599954 0.304061 0.596855 0.307130 0.596753 0.311623 0.589175 0.311808 0.589547 0.295333 0.612282 0.294779 0.612079 0.303765 0.599954 0.304061
0 0.322929 0.764360 0.321379 0.765894 0.321346 0.767392 0.305850 0.782738 0.304334 0.782775 0.302785 0.784310 0.298238 0.784420 0.292311 0.778577 0.290795 0.778614 0.289313 0.777154 0.289347 0.775656 0.286383 0.772734 0.284868 0.772771 0.283386 0.771311 0.283420 0.769813 0.280456 0.766891 0.275909 0.767002 0.276248 0.752025 0.329297 0.750733 0.328992 0.764212 0.322929 0.764360
0 0.217654 0.663641 0.219169 0.663605 0.223615 0.667987 0.225130 0.667950 0.228094 0.670871 0.229610 0.670834 0.234055 0.675217 0.235571 0.675180 0.237053 0.676640 0.238568 0.676604 0.241532 0.679525 0.246079 0.679414 0.245842 0.689898 0.241295 0.690009 0.239813 0.688548 0.220109 0.689028 0.218627 0.687567 0.209533 0.687789 0.208051 0.686328 0.176222 0.687104 0.174673 0.688638 0.171641 0.688712 0.170092 0.690247 0.167060 0.690321 0.165511 0.691855 0.157933 0.692040 0.156383 0.693575 0.153352 0.693649 0.151870 0.692188 0.150354 0.692225 0.148872 0.690764 0.144325 0.690875 0.144359 0.689377 0.148906 0.689266 0.156654 0.681593 0.158170 0.681556 0.167467 0.672349 0.168983 0.672312 0.173631 0.667708 0.175147 0.667671 0.179796 0.663067 0.179897 0.658574 0.216274 0.657688 0.216172 0.662181 0.217654 0.663641
0 0.324445 0.764323 0.304300 0.784273 0.298238 0.784420 0.296756 0.782960 0.295240 0.782997 0.289313 0.777154 0.289347 0.775656 0.286383 0.772734 0.284868 0.772771 0.281904 0.769850 0.281938 0.768352 0.277493 0.763970 0.277764 0.751988 0.329297 0.750733 0.328992 0.764212 0.324445 0.764323
0 0.292574 0.566017 0.291025 0.567551 0.274353 0.567958 0.272803 0.569492 0.271287 0.569529 0.269738 0.571064 0.269602 0.577055 0.260508 0.577276 0.260644 0.571285 0.256198 0.566903 0.254683 0.566940 0.253201 0.565479 0.251685 0.565516 0.248722 0.562595 0.244175 0.562706 0.244344 0.555217 0.297393 0.553924 0.297122 0.565906 0.292574 0.566017
1 0.476029 0.759881 0.337431 0.748289 0.443798 0.622206 0.600488 0.726911 0.476029 0.759881
1 0.929625 0.630326 0.709465 0.597022 0.944965 0.510203 0.949692 0.636074 0.929625 0.630326
1 0.952588 0.396506 0.951409 0.392793 0.975323 0.395952 0.974271 0.498263 0.946371 0.503933 0.952588 0.396506
0 0.844648 0.536349 0.877092 0.553021 0.812535 0.560831 0.844648 0.536349
0 0.590739 0.751182 0.579924 0.733437 0.586253 0.732589 0.596427 0.747580 0.590739 0.751182
0 0.581573 0.753483 0.572880 0.734994 0.579207 0.734147 0.590037 0.751199 0.581573 0.753483
0 0.573158 0.753688 0.562999 0.738006 0.568657 0.735789 0.578815 0.751472 0.573158 0.753688
0 0.564726 0.754586 0.556655 0.739545 0.561579 0.738732 0.573827 0.755058 0.564726 0.754586
