0 0.309561 0.561262 0.309012 0.565305 0.307389 0.566522 0.307206 0.567869 0.305581 0.569086 0.301261 0.568694 0.277086 0.746570 0.281407 0.746962 0.282665 0.748441 0.282299 0.751135 0.283555 0.752614 0.282823 0.758004 0.284081 0.759482 0.283897 0.760829 0.285155 0.762308 0.284972 0.763655 0.286229 0.765133 0.285496 0.770523 0.363280 0.777576 0.363829 0.773534 0.367076 0.771100 0.369957 0.771361 0.373204 0.768927 0.374645 0.769058 0.379516 0.765407 0.379699 0.764060 0.382946 0.761626 0.383129 0.760278 0.386376 0.757845 0.386559 0.756497 0.388183 0.755280 0.388366 0.753932 0.389990 0.752715 0.390173 0.751368 0.391797 0.750151 0.391980 0.748803 0.393603 0.747586 0.393969 0.744892 0.395593 0.743674 0.395776 0.742326 0.397399 0.741110 0.397766 0.738415 0.401013 0.735981 0.405335 0.736373 0.418887 0.636654 0.414565 0.636262 0.413308 0.634784 0.413491 0.633437 0.412234 0.631958 0.413149 0.625221 0.411893 0.623743 0.412625 0.618352 0.411367 0.616874 0.411917 0.612831 0.410660 0.611354 0.411026 0.608659 0.409769 0.607180 0.410318 0.603138 0.409061 0.601660 0.409427 0.598964 0.408170 0.597486 0.408719 0.593444 0.407461 0.591965 0.407645 0.590617 0.406388 0.589140 0.406571 0.587793 0.405313 0.586314 0.405496 0.584966 0.402982 0.582011 0.403165 0.580663 0.401908 0.579184 0.400468 0.579053 0.397953 0.576097 0.395072 0.575836 0.392557 0.572880 0.393106 0.568837
0 0.307322 0.277315 0.306590 0.282706 0.304966 0.283923 0.304783 0.285270 0.303160 0.286487 0.302977 0.287835 0.301353 0.289051 0.301170 0.290399 0.299546 0.291616 0.299363 0.292964 0.297739 0.294181 0.297373 0.296875 0.295749 0.298093 0.295200 0.302135 0.293577 0.303352 0.293027 0.307395 0.291404 0.308612 0.290855 0.312654 0.289231 0.313871 0.288498 0.319261 0.286874 0.320479 0.285958 0.327216 0.284335 0.328433 0.283236 0.336519 0.281613 0.337735 0.280331 0.347169 0.278707 0.348385 0.278158 0.352427 0.276534 0.353645 0.272213 0.353253 0.256646 0.467795 0.308502 0.472497 0.309051 0.468454 0.310675 0.467236 0.317877 0.467889 0.319500 0.466673 0.329584 0.467587 0.331207 0.466370 0.338409 0.467023 0.340033 0.465806 0.342914 0.466067 0.344537 0.464850 0.350299 0.465372 0.351922 0.464156 0.360565 0.464939 0.362189 0.463723 0.367950 0.464245 0.369575 0.463028 0.372455 0.463289 0.374079 0.462073 0.375519 0.462203 0.377143 0.460986 0.378583 0.461117 0.383454 0.457465 0.383637 0.456118 0.386884 0.453684 0.391205 0.454076 0.399812 0.390741 0.395492 0.390349 0.394235 0.388872 0.394418 0.387524 0.393160 0.386046 0.393893 0.380656 0.392635 0.379177 0.393184 0.375135 0.391927 0.373657 0.392660 0.368267 0.391402 0.366788 0.391952 0.362745 0.390695 0.361268 0.391061 0.358573 0.389804 0.357095 0.390354 0.353052 0.389096 0.351573 0.389645 0.347531 0.388389 0.346053 0.388755 0.343358 0.387497 0.341880 0.387863 0.339184 0.386607 0.337706 0.386973 0.335011 0.385715 0.333533 0.386081 0.330838 0.384824 0.329360 0.385190 0.326665 0.383933 0.325187 0.384299 0.322492 0.383042 0.321013 0.383408 0.318319 0.382151 0.316840 0.382517 0.314145 0.381259 0.312667 0.381443 0.311319 0.377671 0.306884 0.377854 0.305537 0.375340 0.302581 0.373899 0.302450 0.370127 0.298016 0.368687 0.297886 0.367430 0.296407 0.365990 0.296277 0.364732 0.294798 0.363292 0.294667 0.362034 0.293190 0.357713 0.292798 0.356456 0.291319 0.353575 0.291058 0.352318 0.289580 0.350877 0.289450 0.349620 0.287972 0.346738 0.287711 0.344224 0.284754 0.344773 0.280711
0 0.466527 0.275381 0.465795 0.280772 0.464171 0.281989 0.462731 0.281858 0.461107 0.283075 0.460924 0.284422 0.457678 0.286856 0.457494 0.288204 0.455870 0.289420 0.455687 0.290768 0.454064 0.291986 0.453698 0.294681 0.452074 0.295897 0.451707 0.298592 0.450084 0.299809 0.449718 0.302504 0.448094 0.303721 0.447545 0.307764 0.445921 0.308981 0.445188 0.314371 0.443565 0.315588 0.443016 0.319631 0.441391 0.320848 0.440659 0.326237 0.439036 0.327455 0.438303 0.332845 0.436679 0.334062 0.435947 0.339451 0.434324 0.340669 0.433408 0.347407 0.431785 0.348624 0.430869 0.355361 0.429245 0.356578 0.428696 0.360621 0.427072 0.361838 0.422751 0.361446 0.413044 0.432865 0.417366 0.433257 0.419881 0.436214 0.419698 0.437562 0.420954 0.439040 0.420771 0.440387 0.422028 0.441866 0.423469 0.441996 0.425984 0.444952 0.427424 0.445083 0.428681 0.446561 0.431562 0.446822 0.432820 0.448300 0.435701 0.448561 0.436958 0.450040 0.442719 0.450562 0.443977 0.452040 0.449738 0.452562 0.450996 0.454041 0.455317 0.454433 0.456574 0.455911 0.459455 0.456173 0.460713 0.457650 0.466474 0.458173 0.467731 0.459651 0.473493 0.460174 0.474751 0.461652 0.480512 0.462174 0.481769 0.463653 0.486091 0.464044 0.487348 0.465522 0.493110 0.466045 0.494367 0.467522 0.495808 0.467653 0.497064 0.469132 0.496515 0.473175 0.526764 0.475917 0.527497 0.470526 0.530744 0.468093 0.530927 0.466745 0.532550 0.465529 0.532917 0.462834 0.534541 0.461616 0.535273 0.456226 0.536897 0.455009 0.537629 0.449619 0.539253 0.448402 0.543574 0.448794 0.552731 0.381417 0.548410 0.381025 0.547152 0.379546 0.548434 0.370114 0.547177 0.368636 0.549925 0.348423 0.548667 0.346944 0.550132 0.336164 0.548875 0.334686 0.550157 0.325253 0.548900 0.323775 0.549816 0.317038 0.548558 0.315559 0.549657 0.307474 0.548399 0.305996 0.549315 0.299258 0.548058 0.297779 0.548607 0.293737 0.547350 0.292258 0.547716 0.289564 0.546459 0.288086 0.547192 0.282695
0 0.658155 0.270930 0.657606 0.274973 0.652734 0.278624 0.651294 0.278493 0.649670 0.279711 0.648229 0.279580 0.646606 0.280797 0.645165 0.280666 0.643542 0.281882 0.642102 0.281752 0.637231 0.285403 0.631469 0.284881 0.629845 0.286098 0.628405 0.285967 0.626782 0.287184 0.625341 0.287053 0.623717 0.288270 0.622277 0.288139 0.609289 0.297875 0.609106 0.299223 0.605859 0.301657 0.605676 0.303004 0.604052 0.304221 0.603869 0.305569 0.602245 0.306785 0.602062 0.308133 0.600439 0.309350 0.600256 0.310698 0.598632 0.311914 0.598082 0.315957 0.596458 0.317174 0.595726 0.322564 0.594103 0.323781 0.593370 0.329171 0.591747 0.330388 0.590831 0.337126 0.589207 0.338343 0.589024 0.339690 0.587400 0.340907 0.583079 0.340516 0.569344 0.441582 0.573665 0.441974 0.574922 0.443451 0.574739 0.444799 0.575997 0.446277 0.575631 0.448972 0.576888 0.450450 0.576521 0.453146 0.577778 0.454624 0.577595 0.455972 0.578853 0.457449 0.578670 0.458797 0.581184 0.461753 0.581001 0.463101 0.583516 0.466057 0.582966 0.470100 0.659310 0.477023 0.659859 0.472979 0.663105 0.470546 0.668868 0.471068 0.688647 0.325533 0.684325 0.325141 0.683068 0.323663 0.683617 0.319620 0.682360 0.318143 0.683459 0.310057 0.682202 0.308579 0.683484 0.299146 0.682226 0.297668 0.683508 0.288235 0.682250 0.286757 0.682800 0.282715 0.680286 0.279757 0.681202 0.273020
0 0.958596 0.249063 0.958047 0.253106 0.953176 0.256756 0.951736 0.256626 0.945242 0.261494 0.943801 0.261363 0.940554 0.263797 0.939113 0.263666 0.934243 0.267317 0.932802 0.267186 0.931178 0.268403 0.929738 0.268273 0.926491 0.270707 0.925050 0.270576 0.923426 0.271793 0.921986 0.271662 0.920363 0.272879 0.918922 0.272749 0.915675 0.275183 0.914235 0.275052 0.910987 0.277486 0.909547 0.277355 0.896559 0.287091 0.896375 0.288439 0.894752 0.289655 0.894569 0.291002 0.892945 0.292220 0.892762 0.293568 0.891138 0.294784 0.890772 0.297479 0.889149 0.298696 0.888599 0.302739 0.886976 0.303955 0.886427 0.307999 0.884803 0.309216 0.884436 0.311910 0.882812 0.313127 0.882080 0.318518 0.880457 0.319735 0.879724 0.325124 0.878101 0.326342 0.877552 0.330385 0.875928 0.331601 0.875378 0.335644 0.873754 0.336861 0.872838 0.343599 0.871215 0.344815 0.870300 0.351553 0.868676 0.352770 0.867943 0.358160 0.866320 0.359378 0.865954 0.362073 0.864330 0.363289 0.860009 0.362897 0.849570 0.439708 0.853892 0.440100 0.855148 0.441578 0.854965 0.442926 0.856222 0.444403 0.855856 0.447098 0.857114 0.448576 0.856930 0.449924 0.858187 0.451403 0.858004 0.452750 0.860520 0.455706 0.860336 0.457053 0.864108 0.461488 0.865549 0.461619 0.866806 0.463096 0.868246 0.463227 0.869503 0.464706 0.868954 0.468749 0.884798 0.470185 0.885348 0.466142 0.886972 0.464925 0.899936 0.466101 0.901559 0.464884 0.914523 0.466059 0.916147 0.464842 0.924789 0.465626 0.926412 0.464409 0.930734 0.464801 0.932358 0.463584 0.942441 0.464498 0.944064 0.463281 0.954147 0.464196 0.955770 0.462979 0.961533 0.463502 0.963156 0.462284 0.966037 0.462545 0.969284 0.460112 0.970724 0.460242 0.973971 0.457808 0.979733 0.458331 0.990538 0.378825 0.986218 0.378433 0.984960 0.376956 0.985509 0.372913 0.984252 0.371435 0.985168 0.364697 0.983910 0.363219 0.985375 0.352438 0.984119 0.350960 0.985767 0.338832 0.984510 0.337354 0.985792 0.327922 0.984534 0.326444 0.985633 0.318359 0.984375 0.316880 0.985291 0.310143 0.984034 0.308664 0.984950 0.301927 0.983693 0.300448 0.984242 0.296406 0.982985 0.294927 0.983534 0.290885 0.982277 0.289407 0.983010 0.284016 0.981752 0.282539 0.982118 0.279843 0.980861 0.278365 0.981776 0.271627 0.980519 0.270149 0.980702 0.268802 0.979446 0.267323 0.979812 0.264628 0.978554 0.263151 0.978920 0.260455 0.977663 0.258977 0.977846 0.257629 0.976589 0.256151 0.977322 0.250761
0 0.753321 0.235907 0.752223 0.243992 0.750600 0.245209 0.750050 0.249252 0.748427 0.250468 0.747511 0.257206 0.745887 0.258423 0.745521 0.261119 0.743897 0.262335 0.739576 0.261943 0.709724 0.481594 0.739974 0.484337 0.740523 0.480294 0.743770 0.477860 0.745210 0.477990 0.746835 0.476773 0.749714 0.477034 0.751338 0.475818 0.752779 0.475948 0.754402 0.474731 0.755843 0.474862 0.757466 0.473645 0.758906 0.473776 0.760530 0.472559 0.763411 0.472820 0.765034 0.471603 0.766475 0.471734 0.768098 0.470517 0.769539 0.470648 0.771163 0.469430 0.774043 0.469691 0.775667 0.468474 0.777108 0.468605 0.778731 0.467388 0.780171 0.467519 0.783419 0.465085 0.784859 0.465216 0.786483 0.463999 0.787923 0.464130 0.791170 0.461696 0.792611 0.461826 0.794235 0.460609 0.795675 0.460740 0.798922 0.458306 0.800363 0.458436 0.806857 0.453569 0.808298 0.453699 0.811544 0.451265 0.811727 0.449918 0.813351 0.448701 0.813534 0.447354 0.815158 0.446136 0.815341 0.444789 0.816965 0.443572 0.817331 0.440877 0.820578 0.438443 0.824900 0.438835 0.835156 0.363372 0.830834 0.362980 0.829577 0.361502 0.830126 0.357460 0.828869 0.355982 0.829784 0.349244 0.828528 0.347765 0.829077 0.343723 0.827819 0.342245 0.828369 0.338202 0.827111 0.336724 0.827843 0.331334 0.826587 0.329856 0.827136 0.325813 0.825879 0.324335 0.826612 0.318945 0.825354 0.317466 0.825903 0.313424 0.824646 0.311946 0.824829 0.310598 0.823572 0.309120 0.823938 0.306424 0.822681 0.304947 0.823231 0.300905 0.821973 0.299426 0.822156 0.298078 0.820898 0.296600 0.821082 0.295253 0.818567 0.292296 0.818750 0.290949 0.817493 0.289470 0.817676 0.288123 0.816420 0.286645 0.816603 0.285297 0.815162 0.285167 0.811390 0.280733 0.811574 0.279385 0.810133 0.279254 0.805103 0.273342 0.803663 0.273211 0.801148 0.270255 0.799708 0.270124 0.795936 0.265690 0.794496 0.265559 0.790724 0.261125 0.789283 0.260994 0.786769 0.258038 0.785329 0.257907 0.782814 0.254951 0.781373 0.254820 0.778859 0.251864 0.777419 0.251733 0.769874 0.242864 0.770607 0.237474
0 0.488982 0.539335 0.488066 0.546073 0.484819 0.548507 0.484636 0.549854 0.483012 0.551070 0.482646 0.553766 0.481023 0.554983 0.480473 0.559025 0.478850 0.560242 0.478484 0.562937 0.476860 0.564154 0.476310 0.568197 0.474687 0.569413 0.474321 0.572109 0.472697 0.573326 0.472148 0.577368 0.470524 0.578585 0.469975 0.582628 0.468351 0.583845 0.467618 0.589235 0.465994 0.590452 0.465445 0.594495 0.463822 0.595711 0.463089 0.601102 0.461465 0.602319 0.460550 0.609056 0.458926 0.610274 0.458011 0.617011 0.456387 0.618228 0.455471 0.624966 0.453848 0.626183 0.452566 0.635615 0.450943 0.636833 0.449295 0.648960 0.447671 0.650177 0.446388 0.659611 0.444765 0.660827 0.443483 0.670260 0.441859 0.671477 0.439845 0.686300 0.438221 0.687517 0.436573 0.699645 0.434949 0.700862 0.434034 0.707600 0.432410 0.708816 0.428089 0.708425 0.418566 0.778497 0.422887 0.778889 0.425401 0.781845 0.425218 0.783192 0.426476 0.784671 0.425926 0.788714 0.446092 0.790542 0.446642 0.786499 0.448266 0.785282 0.449706 0.785413 0.451329 0.784196 0.454210 0.784457 0.455834 0.783241 0.458715 0.783502 0.460339 0.782285 0.461779 0.782415 0.463402 0.781198 0.467724 0.781590 0.469347 0.780373 0.472228 0.780634 0.473852 0.779418 0.478173 0.779810 0.479796 0.778592 0.482677 0.778854 0.484300 0.777636 0.485741 0.777767 0.487365 0.776550 0.491686 0.776942 0.493309 0.775725 0.496191 0.775986 0.497814 0.774769 0.499254 0.774900 0.500878 0.773684 0.503759 0.773945 0.505382 0.772727 0.508264 0.772989 0.509887 0.771771 0.512768 0.772033 0.514391 0.770816 0.515832 0.770947 0.517456 0.769730 0.520336 0.769991 0.521960 0.768774 0.523400 0.768904 0.525024 0.767688 0.527905 0.767949 0.529528 0.766732 0.530969 0.766863 0.532593 0.765645 0.535473 0.765906 0.537097 0.764690 0.538538 0.764821 0.540161 0.763604 0.543042 0.763865 0.544665 0.762648 0.546106 0.762778 0.547730 0.761561 0.549170 0.761692 0.550793 0.760475 0.553674 0.760736 0.555298 0.759520 0.556739 0.759651 0.559985 0.757216 0.561426 0.757346 0.564673 0.754913 0.564856 0.753565 0.568103 0.751132 0.572425 0.751523 0.581033 0.688188 0.576711 0.687796 0.575453 0.686319 0.575819 0.683624 0.574563 0.682145 0.575844 0.672713 0.574588 0.671235 0.575503 0.664497 0.574246 0.663019 0.575161 0.656281 0.573904 0.654802 0.574819 0.648065 0.573562 0.646586 0.574661 0.638502 0.573404 0.637023 0.573954 0.632980 0.572696 0.631503 0.573429 0.626112 0.572171 0.624635 0.572537 0.621939 0.571280 0.620461 0.571830 0.616419 0.570572 0.614940 0.571305 0.609550 0.570048 0.608072 0.570597 0.604029 0.569340 0.602552 0.570073 0.597161 0.568815 0.595683 0.569181 0.592988 0.567924 0.591509 0.568290 0.588815 0.567033 0.587336 0.567582 0.583294 0.566326 0.581815 0.566509 0.580468 0.565251 0.578990 0.565617 0.576295 0.564360 0.574817 0.564727 0.572121 0.563469 0.570643 0.563652 0.569296 0.561138 0.566339 0.561321 0.564992 0.558806 0.562036 0.558989 0.560688 0.555218 0.556254 0.553777 0.556123 0.552519 0.554645 0.551079 0.554515 0.549821 0.553036 0.548381 0.552905 0.547125 0.551428 0.544243 0.551166 0.542986 0.549688 0.541546 0.549557 0.540288 0.548079 0.540838 0.544036
0 0.716571 0.559971 0.716021 0.564013 0.712774 0.566448 0.711334 0.566317 0.709710 0.567534 0.708269 0.567403 0.706646 0.568620 0.703765 0.568359 0.702141 0.569576 0.700701 0.569445 0.699078 0.570662 0.697637 0.570531 0.696013 0.571748 0.693132 0.571487 0.691509 0.572705 0.690069 0.572574 0.688445 0.573790 0.687004 0.573660 0.685381 0.574876 0.682500 0.574615 0.680877 0.575832 0.679436 0.575702 0.677812 0.576918 0.676372 0.576788 0.674749 0.578005 0.673308 0.577874 0.670061 0.580308 0.668621 0.580178 0.666997 0.581394 0.665556 0.581264 0.663933 0.582481 0.662492 0.582350 0.652752 0.589652 0.652385 0.592347 0.650761 0.593564 0.650578 0.594912 0.648955 0.596129 0.648589 0.598823 0.646965 0.600041 0.646598 0.602736 0.644974 0.603953 0.644608 0.606647 0.642985 0.607865 0.642619 0.610560 0.640996 0.611776 0.640446 0.615819 0.638822 0.617037 0.638456 0.619731 0.636832 0.620948 0.636283 0.624990 0.634659 0.626208 0.634110 0.630251 0.632487 0.631467 0.632121 0.634163 0.630496 0.635380 0.629947 0.639422 0.628323 0.640639 0.627591 0.646029 0.625967 0.647246 0.625418 0.651288 0.623794 0.652506 0.623244 0.656549 0.621621 0.657765 0.621438 0.659112 0.619815 0.660330 0.615493 0.659938 0.603223 0.750224 0.607545 0.750616 0.611316 0.755050 0.611133 0.756398 0.617419 0.763788 0.616870 0.767830 0.686011 0.774100 0.686561 0.770057 0.688184 0.768840 0.701148 0.770016 0.702771 0.768799 0.722937 0.770627 0.724561 0.769410 0.733203 0.770194 0.734827 0.768977 0.737708 0.769238 0.739331 0.768022 0.745094 0.768544 0.757181 0.679606 0.752859 0.679215 0.751602 0.677736 0.752151 0.673694 0.750894 0.672215 0.752542 0.660088 0.751286 0.658609 0.752384 0.650524 0.751127 0.649045 0.752225 0.640961 0.750968 0.639482 0.751883 0.632745 0.750627 0.631266 0.751359 0.625876 0.750102 0.624399 0.750835 0.619008 0.749577 0.617530 0.750310 0.612140 0.749052 0.610661 0.749601 0.606619 0.748344 0.605141 0.748894 0.601098 0.747636 0.599620 0.748002 0.596925 0.746746 0.595447 0.747295 0.591404 0.746038 0.589926 0.746405 0.587231 0.745147 0.585753 0.745513 0.583057 0.744255 0.581579 0.744622 0.578884 0.743365 0.577406 0.743731 0.574710 0.742474 0.573233 0.742657 0.571886 0.741400 0.570407 0.741583 0.569060 0.740326 0.567581 0.741058 0.562191
0 0.852753 0.545036 0.852204 0.549078 0.850580 0.550295 0.849140 0.550165 0.847517 0.551382 0.843195 0.550990 0.841571 0.552207 0.837250 0.551815 0.835626 0.553032 0.831305 0.552641 0.829682 0.553857 0.825360 0.553465 0.823737 0.554682 0.820856 0.554421 0.819232 0.555638 0.817792 0.555507 0.816168 0.556725 0.814727 0.556594 0.806610 0.562678 0.806244 0.565374 0.804620 0.566590 0.803887 0.571980 0.802264 0.573198 0.801532 0.578588 0.799908 0.579804 0.795587 0.579412 0.786063 0.649486 0.790385 0.649878 0.791642 0.651355 0.791459 0.652702 0.792716 0.654181 0.792166 0.658224 0.793424 0.659702 0.792325 0.667787 0.793583 0.669265 0.791751 0.682741 0.793008 0.684219 0.790261 0.704432 0.791518 0.705910 0.789504 0.720733 0.790761 0.722211 0.789846 0.728949 0.791102 0.730427 0.790553 0.734469 0.791811 0.735948 0.791444 0.738643 0.792702 0.740122 0.792336 0.742816 0.793593 0.744294 0.793410 0.745642 0.800953 0.754511 0.802394 0.754642 0.803651 0.756120 0.805092 0.756250 0.806349 0.757728 0.809230 0.757989 0.810488 0.759468 0.814808 0.759860 0.816065 0.761338 0.829030 0.762514 0.830287 0.763991 0.844691 0.765297 0.845949 0.766775 0.854591 0.767559 0.855848 0.769037 0.855299 0.773080 0.897072 0.776868 0.897621 0.772825 0.900868 0.770391 0.908070 0.771044 0.917410 0.702320 0.913089 0.701928 0.911831 0.700449 0.912381 0.696407 0.911124 0.694929 0.912223 0.686843 0.910965 0.685365 0.912247 0.675932 0.910990 0.674455 0.912089 0.666369 0.910832 0.664891 0.911565 0.659501 0.910307 0.658022 0.911040 0.652632 0.909782 0.651154 0.910514 0.645764 0.909258 0.644285 0.909807 0.640243 0.908550 0.638766 0.908916 0.636070 0.907659 0.634592 0.908208 0.630549 0.906951 0.629071 0.907501 0.625028 0.906243 0.623550 0.906609 0.620855 0.905351 0.619377 0.905718 0.616681 0.904461 0.615204 0.905193 0.609814 0.903937 0.608335 0.904486 0.604293 0.903228 0.602814 0.903594 0.600120 0.902337 0.598641 0.902703 0.595946 0.901446 0.594468 0.901812 0.591773 0.900556 0.590295 0.901105 0.586253 0.899847 0.584774 0.900397 0.580731 0.899139 0.579253 0.899322 0.577906 0.898065 0.576428 0.898248 0.575080 0.896991 0.573602 0.897357 0.570907 0.896100 0.569428 0.896283 0.568081 0.895026 0.566603 0.895210 0.565255 0.892694 0.562299 0.892877 0.560951 0.891620 0.559473 0.891803 0.558126 0.888032 0.553691 0.888765 0.548301
0 0.469408 0.275643 0.465746 0.302593 0.470066 0.302985 0.476353 0.310377 0.477794 0.310507 0.481566 0.314941 0.481016 0.318983 0.504063 0.321073 0.504613 0.317031 0.507860 0.314597 0.509301 0.314728 0.512548 0.312294 0.513988 0.312424 0.530223 0.300255 0.534544 0.300647 0.536193 0.288519 0.530431 0.287997 0.529174 0.286518 0.529907 0.281128
0 0.831855 0.548598 0.831305 0.552641 0.829682 0.553857 0.828241 0.553727 0.826617 0.554943 0.823737 0.554682 0.822113 0.555899 0.819232 0.555638 0.817609 0.556855 0.816168 0.556725 0.812921 0.559158 0.811480 0.559027 0.808234 0.561461 0.803912 0.561069 0.786331 0.690434 0.790653 0.690826 0.791910 0.692304 0.790444 0.703084 0.791701 0.704563 0.789870 0.718038 0.791128 0.719516 0.789846 0.728949 0.791102 0.730427 0.790553 0.734469 0.791811 0.735948 0.791444 0.738643 0.792702 0.740122 0.792336 0.742816 0.793593 0.744294 0.793410 0.745642 0.800953 0.754511 0.802394 0.754642 0.804909 0.757597 0.809230 0.757989 0.810488 0.759468 0.816248 0.759990 0.817506 0.761469 0.830470 0.762644 0.831727 0.764122 0.843251 0.765167 0.844508 0.766645 0.851710 0.767298 0.852968 0.768776 0.852419 0.772819 0.898512 0.776999 0.899061 0.772956 0.902308 0.770522 0.908070 0.771044 0.917410 0.702320 0.913089 0.701928 0.911831 0.700449 0.912198 0.697754 0.910941 0.696277 0.912223 0.686843 0.910965 0.685365 0.912247 0.675932 0.910990 0.674455 0.912089 0.666369 0.910832 0.664891 0.911381 0.660849 0.910124 0.659370 0.910856 0.653980 0.909599 0.652501 0.910331 0.647112 0.909074 0.645633 0.909624 0.641591 0.908367 0.640113 0.908733 0.637418 0.907476 0.635939 0.908025 0.631897 0.906768 0.630418 0.907317 0.626376 0.906060 0.624897 0.906609 0.620855 0.905351 0.619377 0.905718 0.616681 0.904461 0.615204 0.905010 0.611162 0.903753 0.609683 0.904303 0.605641 0.903045 0.604162 0.903594 0.600120 0.902337 0.598641 0.902520 0.597293 0.901263 0.595816 0.901629 0.593121 0.900372 0.591643 0.900739 0.588947 0.899481 0.587469 0.900030 0.583427 0.898773 0.581948 0.899139 0.579253 0.897882 0.577776 0.898065 0.576428 0.896807 0.574949 0.896991 0.573602 0.895734 0.572124 0.896100 0.569428 0.894843 0.567951 0.895026 0.566603 0.892511 0.563647 0.892694 0.562299 0.891437 0.560821 0.892353 0.554083
0 0.655273 0.270669 0.654724 0.274711 0.651478 0.277145 0.650037 0.277015 0.648413 0.278232 0.646973 0.278101 0.645349 0.279319 0.643909 0.279188 0.642285 0.280405 0.640845 0.280274 0.639221 0.281491 0.637781 0.281360 0.636158 0.282577 0.634717 0.282447 0.633093 0.283664 0.630212 0.283403 0.628589 0.284619 0.627149 0.284489 0.623901 0.286923 0.622461 0.286792 0.620837 0.288009 0.619397 0.287878 0.616149 0.290313 0.614709 0.290182 0.611462 0.292616 0.607140 0.292224 0.604577 0.311090 0.610338 0.311612 0.612853 0.314568 0.614293 0.314698 0.615551 0.316177 0.616992 0.316307 0.618248 0.317785 0.619688 0.317916 0.620946 0.319394 0.622387 0.319525 0.624901 0.322481 0.624351 0.326523 0.643077 0.328221 0.643627 0.324179 0.646874 0.321745 0.649755 0.322007 0.653002 0.319573 0.654442 0.319703 0.660937 0.314836 0.661120 0.313488 0.664366 0.311055 0.664550 0.309707 0.669421 0.306055 0.673742 0.306447 0.678320 0.272759
0 0.166201 0.564633 0.165652 0.568675 0.160781 0.572326 0.159341 0.572196 0.154470 0.575846 0.154287 0.577194 0.152663 0.578411 0.152480 0.579759 0.150857 0.580975 0.150674 0.582323 0.149050 0.583540 0.148866 0.584888 0.147243 0.586105 0.146877 0.588799 0.145254 0.590017 0.144705 0.594059 0.143080 0.595276 0.142348 0.600666 0.140725 0.601883 0.140175 0.605926 0.138551 0.607142 0.137819 0.612533 0.136195 0.613750 0.135645 0.617793 0.134022 0.619009 0.133473 0.623053 0.131849 0.624269 0.131299 0.628311 0.129676 0.629529 0.128944 0.634919 0.127320 0.636135 0.126587 0.641526 0.124964 0.642743 0.124048 0.649481 0.122425 0.650698 0.121509 0.657436 0.119885 0.658652 0.119519 0.661347 0.117896 0.662564 0.113574 0.662172 0.100022 0.761890 0.104344 0.762282 0.106858 0.765239 0.106492 0.767934 0.107749 0.769412 0.107383 0.772107 0.108639 0.773586 0.108456 0.774933 0.109714 0.776411 0.109531 0.777759 0.110788 0.779237 0.110605 0.780584 0.113119 0.783541 0.112936 0.784889 0.114194 0.786366 0.114011 0.787714 0.115268 0.789192 0.114719 0.793235 0.188181 0.799896 0.188913 0.794506 0.192160 0.792072 0.193600 0.792203 0.195224 0.790985 0.195408 0.789637 0.197032 0.788421 0.197215 0.787074 0.198838 0.785856 0.199204 0.783161 0.200827 0.781945 0.201560 0.776554 0.203184 0.775337 0.206114 0.753777 0.207737 0.752559 0.216894 0.685183 0.218518 0.683965 0.219983 0.673185 0.221607 0.671968 0.221790 0.670621 0.223414 0.669403 0.227735 0.669795 0.237442 0.598376 0.233120 0.597984 0.231863 0.596505 0.232046 0.595158 0.230788 0.593680 0.231521 0.588289 0.230263 0.586811 0.230630 0.584116 0.229373 0.582638 0.229556 0.581291 0.228298 0.579813 0.228481 0.578465 0.227224 0.576987 0.227408 0.575639 0.226151 0.574161 0.226700 0.570119
0 0.848432 0.544644 0.847883 0.548686 0.846259 0.549904 0.844818 0.549773 0.843195 0.550990 0.840314 0.550729 0.838691 0.551946 0.837250 0.551815 0.835626 0.553032 0.831305 0.552641 0.829682 0.553857 0.826800 0.553596 0.825177 0.554813 0.822296 0.554551 0.820672 0.555769 0.817792 0.555507 0.816168 0.556725 0.810407 0.556202 0.807843 0.575068 0.813604 0.575590 0.816119 0.578547 0.815936 0.579894 0.818450 0.582850 0.818267 0.584198 0.819525 0.585676 0.819342 0.587023 0.820599 0.588502 0.820416 0.589849 0.824188 0.594284 0.824005 0.595631 0.826519 0.598588 0.827959 0.598718 0.831732 0.603153 0.831182 0.607196 0.865752 0.610330 0.866301 0.606287 0.874419 0.600202 0.874603 0.598855 0.877850 0.596421 0.878033 0.595073 0.881280 0.592639 0.881463 0.591292 0.883087 0.590076 0.883270 0.588728 0.884894 0.587510 0.885077 0.586163 0.886701 0.584947 0.886884 0.583599 0.888507 0.582382 0.892829 0.582774 0.893561 0.577384 0.889240 0.576992 0.887983 0.575513 0.888166 0.574165 0.886908 0.572688 0.887274 0.569993 0.886018 0.568514 0.886201 0.567167 0.884943 0.565688 0.887324 0.548171
0 0.166201 0.564633 0.165652 0.568675 0.162405 0.571110 0.160964 0.570979 0.152846 0.577063 0.152663 0.578411 0.151040 0.579628 0.150857 0.580975 0.149233 0.582192 0.148866 0.584888 0.147243 0.586105 0.147060 0.587452 0.145437 0.588669 0.144888 0.592712 0.143264 0.593928 0.142531 0.599319 0.140908 0.600536 0.140175 0.605926 0.138551 0.607142 0.138002 0.611185 0.136378 0.612403 0.135828 0.616445 0.134205 0.617662 0.133656 0.621705 0.132032 0.622922 0.131299 0.628311 0.129676 0.629529 0.128944 0.634919 0.127320 0.636135 0.126770 0.640178 0.125147 0.641395 0.124048 0.649481 0.122425 0.650698 0.121693 0.656088 0.120069 0.657305 0.119702 0.659999 0.118079 0.661217 0.113757 0.660825 0.100022 0.761890 0.104344 0.762282 0.106858 0.765239 0.106492 0.767934 0.107749 0.769412 0.107383 0.772107 0.108639 0.773586 0.108456 0.774933 0.109714 0.776411 0.109531 0.777759 0.110788 0.779237 0.110605 0.780584 0.113119 0.783541 0.112936 0.784889 0.114194 0.786366 0.114011 0.787714 0.119040 0.793627 0.120480 0.793758 0.121738 0.795235 0.121188 0.799278 0.168722 0.803588 0.169271 0.799545 0.170895 0.798329 0.173776 0.798590 0.175400 0.797373 0.179721 0.797765 0.181345 0.796547 0.184226 0.796809 0.185849 0.795592 0.187289 0.795723 0.195408 0.789637 0.195591 0.788290 0.198838 0.785856 0.199387 0.781814 0.201010 0.780597 0.201743 0.775207 0.203367 0.773990 0.206480 0.751082 0.208103 0.749864 0.217077 0.683835 0.218701 0.682617 0.219983 0.673185 0.221607 0.671968 0.221790 0.670621 0.223414 0.669403 0.227735 0.669795 0.237625 0.597028 0.233303 0.596636 0.232046 0.595158 0.232413 0.592463 0.231155 0.590984 0.231704 0.586942 0.230446 0.585464 0.230813 0.582768 0.229556 0.581291 0.229739 0.579944 0.228481 0.578465 0.228664 0.577118 0.227408 0.575639 0.228140 0.570249
0 0.754762 0.236037 0.751832 0.257598 0.756154 0.257990 0.758668 0.260946 0.758484 0.262294 0.759742 0.263772 0.759376 0.266467 0.760634 0.267946 0.760450 0.269293 0.761707 0.270771 0.761524 0.272118 0.762781 0.273596 0.762598 0.274944 0.763856 0.276423 0.763672 0.277770 0.764929 0.279247 0.764746 0.280595 0.767262 0.283552 0.767079 0.284899 0.769592 0.287855 0.769409 0.289203 0.775696 0.296594 0.775513 0.297942 0.776954 0.298072 0.780725 0.302506 0.779993 0.307897 0.808801 0.310509 0.809351 0.306466 0.812598 0.304032 0.812781 0.302685 0.816028 0.300251 0.820349 0.300643 0.821997 0.288515 0.817676 0.288123 0.816420 0.286645 0.816603 0.285297 0.804030 0.270516 0.802589 0.270385 0.798817 0.265951 0.797376 0.265821 0.796119 0.264342 0.794679 0.264211 0.790907 0.259777 0.789467 0.259646 0.784437 0.253733 0.782997 0.253603 0.780482 0.250647 0.779042 0.250517 0.775270 0.246082 0.773830 0.245951 0.770057 0.241517 0.770607 0.237474
