0 0.442837 0.748081 0.443816 0.752287 0.441165 0.755602 0.439513 0.755857 0.435537 0.760828 0.430580 0.761594 0.436129 0.785430 0.442738 0.784410 0.456587 0.792439 0.456914 0.793841 0.462849 0.797282 0.464500 0.797027 0.472414 0.801615 0.473393 0.805821 0.491566 0.803015 0.490587 0.798809 0.493239 0.795495 0.494890 0.795240 0.496216 0.793582 0.497868 0.793328 0.500520 0.790014 0.502172 0.789759 0.503497 0.788101 0.505149 0.787846 0.507801 0.784532 0.509452 0.784277 0.513430 0.779306 0.515082 0.779051 0.517732 0.775736 0.519385 0.775480 0.519059 0.774079 0.520385 0.772422 0.526992 0.771402 0.524054 0.758782 0.517447 0.759802 0.515468 0.758656 0.513816 0.758911 0.511837 0.757763 0.510186 0.758018 0.506229 0.755724 0.504576 0.755980 0.502597 0.754832 0.499294 0.755342 0.497315 0.754195 0.495663 0.754451 0.489728 0.751009 0.488075 0.751264 0.486097 0.750117 0.484445 0.750373 0.480489 0.748078 0.479183 0.742470
0 0.425171 0.686899 0.426150 0.691105 0.424825 0.692762 0.425151 0.694164 0.422500 0.697478 0.415891 0.698498 0.422093 0.725139 0.428702 0.724119 0.430681 0.725265 0.432332 0.725010 0.434310 0.726158 0.435963 0.725902 0.437941 0.727050 0.439593 0.726795 0.441572 0.727941 0.441899 0.729343 0.443550 0.729088 0.447507 0.731383 0.449159 0.731128 0.453116 0.733421 0.454768 0.733166 0.458725 0.735461 0.460378 0.735206 0.462356 0.736353 0.468964 0.735332 0.470289 0.733676 0.471942 0.733421 0.473267 0.731763 0.476572 0.731253 0.477897 0.729595 0.479548 0.729340 0.480875 0.727684 0.482526 0.727429 0.486504 0.722457 0.488155 0.722202 0.496110 0.712258 0.495784 0.710857 0.497109 0.709200 0.496782 0.707798 0.499434 0.704483 0.504390 0.703718 0.502432 0.695305 0.497475 0.696071 0.475713 0.683453 0.474733 0.679247
0 0.250079 0.464099 0.251385 0.469708 0.250060 0.471365 0.248408 0.471620 0.245757 0.474935 0.240800 0.475700 0.247328 0.503742 0.253937 0.502722 0.263828 0.508457 0.264808 0.512664 0.304458 0.506542 0.303479 0.502335 0.306130 0.499021 0.307782 0.498766 0.313084 0.492137 0.314736 0.491882 0.322690 0.481939 0.329298 0.480919 0.326034 0.466898 0.319425 0.467918 0.317448 0.466772 0.317121 0.465369 0.315470 0.465624 0.311513 0.463330 0.309860 0.463585 0.307881 0.462438 0.306230 0.462693 0.304251 0.461546 0.302945 0.455937
0 0.062225 0.679023 0.068100 0.704261 0.074708 0.703241 0.078665 0.705535 0.079645 0.709742 0.097818 0.706936 0.096838 0.702729 0.098163 0.701072 0.099815 0.700817 0.101141 0.699160 0.102793 0.698905 0.106770 0.693933 0.108422 0.693678 0.111074 0.690364 0.112726 0.690109 0.115377 0.686794 0.115051 0.685392 0.116376 0.683735 0.122984 0.682715 0.120046 0.670096
0 0.071151 0.555634 0.072457 0.561243 0.071131 0.562900 0.069479 0.563155 0.068153 0.564812 0.063197 0.565577 0.068420 0.588011 0.075028 0.586991 0.078985 0.589285 0.079964 0.593491 0.103093 0.589920 0.102114 0.585714 0.104765 0.582400 0.106417 0.582145 0.111720 0.575516 0.113372 0.575261 0.117349 0.570289 0.123956 0.569269 0.119060 0.548238
0 0.120793 0.518920 0.128300 0.551169 0.156386 0.546833 0.155407 0.542626 0.156732 0.540969 0.160036 0.540458 0.161362 0.538802 0.164665 0.538292 0.165991 0.536634 0.167643 0.536379 0.171620 0.531408 0.176577 0.530643 0.173966 0.519426 0.169009 0.520191 0.163073 0.516750 0.162094 0.512544
0 0.065476 0.817962 0.066455 0.822168 0.063804 0.825483 0.064130 0.826884 0.062804 0.828542 0.056196 0.829562 0.060766 0.849192 0.067374 0.848172 0.069353 0.849318 0.071005 0.849063 0.074962 0.851357 0.075941 0.855564 0.099070 0.851993 0.098090 0.847787 0.100742 0.844472 0.104046 0.843962 0.109348 0.837333 0.109022 0.835932 0.110348 0.834274 0.110022 0.832871 0.111347 0.831215 0.116302 0.830450 0.114997 0.824841 0.110041 0.825606 0.108063 0.824459 0.107410 0.821655 0.105431 0.820508 0.103473 0.812095
0 0.015887 0.715227 0.020783 0.736258 0.025740 0.735493 0.029697 0.737788 0.031349 0.737533 0.037283 0.740974 0.038263 0.745181 0.061393 0.741610 0.060413 0.737403 0.063065 0.734089 0.064716 0.733834 0.068693 0.728862 0.070345 0.728607 0.072996 0.725293 0.074648 0.725038 0.075974 0.723380 0.075648 0.721978 0.078299 0.718664 0.083256 0.717898 0.080318 0.705280
0 0.564823 0.706008 0.566455 0.713019 0.562478 0.717990 0.560826 0.718245 0.558175 0.721559 0.551567 0.722580 0.555810 0.740807 0.560766 0.740042 0.582530 0.752660 0.584182 0.752404 0.586160 0.753552 0.587812 0.753297 0.589791 0.754443 0.590770 0.758649 0.600682 0.757119 0.599703 0.752913 0.602354 0.749599 0.607311 0.748834 0.608636 0.747176 0.611940 0.746666 0.613265 0.745009 0.614918 0.744754 0.616244 0.743097 0.617896 0.742842 0.619221 0.741185 0.620873 0.740930 0.623525 0.737615 0.625177 0.737360 0.626502 0.735703 0.628154 0.735448 0.630806 0.732134 0.632458 0.731879 0.635109 0.728564 0.640066 0.727799 0.636475 0.712376 0.631518 0.713141 0.621625 0.707405 0.619974 0.707660 0.614038 0.704220 0.612732 0.698611
0 0.193643 0.449572 0.197887 0.467800 0.202842 0.467035 0.208778 0.470476 0.209757 0.474682 0.237842 0.470346 0.236863 0.466140 0.239514 0.462826 0.241166 0.462570 0.242493 0.460914 0.244144 0.460659 0.248121 0.455687 0.254729 0.454667 0.251465 0.440645
0 0.252238 0.399856 0.253218 0.404062 0.251891 0.405719 0.245283 0.406740 0.250506 0.429173 0.255463 0.428408 0.263375 0.432996 0.264355 0.437202 0.285832 0.433887 0.284853 0.429681 0.286179 0.428023 0.287830 0.427768 0.290482 0.424454 0.292134 0.424199 0.293459 0.422542 0.293133 0.421140 0.295784 0.417825 0.300741 0.417060 0.297477 0.403039 0.292520 0.403804 0.288563 0.401510 0.288237 0.400108 0.286259 0.398960 0.285280 0.394755
0 0.448887 0.950498 0.449866 0.954704 0.445889 0.959676 0.444237 0.959931 0.441585 0.963246 0.439933 0.963501 0.438607 0.965158 0.436956 0.965413 0.435629 0.967070 0.430674 0.967835 0.435896 0.990269 0.440852 0.989504 0.442831 0.990651 0.446135 0.990140 0.448113 0.991288 0.449765 0.991033 0.461636 0.997915 0.461963 0.999318 0.465920 1.000000 0.467571 1.000000 0.473507 1.000000 0.474486 1.000000 0.487703 1.000000 0.486724 1.000000 0.488050 1.000000 0.489701 1.000000 0.491028 0.999188 0.492679 0.998933 0.503284 0.985675 0.504937 0.985420 0.508913 0.980448 0.510565 0.980193 0.514542 0.975222 0.516195 0.974967 0.517520 0.973309 0.517194 0.971908 0.519845 0.968593 0.524800 0.967828 0.523168 0.960818 0.518213 0.961583 0.514256 0.959289 0.513929 0.957887 0.511951 0.956739 0.510299 0.956994 0.506342 0.954701 0.504689 0.954956 0.498754 0.951514 0.497103 0.951769 0.491167 0.948328 0.490188 0.944122
0 0.277046 0.866638 0.282921 0.891876 0.287877 0.891111 0.291835 0.893405 0.292814 0.897611 0.304378 0.895826 0.303072 0.890217 0.307050 0.885246 0.306723 0.883844 0.309374 0.880529 0.311026 0.880274 0.316329 0.873646 0.316002 0.872244 0.317327 0.870586 0.317001 0.869184 0.318327 0.867528 0.323284 0.866762 0.321652 0.859751
0 0.786705 0.247620 0.787684 0.251826 0.785033 0.255141 0.778425 0.256161 0.786911 0.292615 0.813344 0.288534 0.812039 0.282927 0.813364 0.281269 0.815017 0.281014 0.816343 0.279357 0.816016 0.277955 0.818667 0.274640 0.820319 0.274385 0.825622 0.267757 0.827273 0.267502 0.829926 0.264187 0.831577 0.263932 0.832902 0.262275 0.832576 0.260873 0.833902 0.259215 0.838859 0.258450 0.836900 0.250037 0.830291 0.251058 0.824356 0.247617 0.823050 0.242008
0 0.122738 0.292029 0.131551 0.329885 0.166245 0.324529 0.165265 0.320323 0.167916 0.317009 0.171220 0.316499 0.173872 0.313184 0.177176 0.312674 0.178502 0.311017 0.180153 0.310762 0.184130 0.305790 0.182498 0.298779 0.172606 0.293044 0.170954 0.293300 0.165018 0.289858 0.164039 0.285652
0 0.270970 0.553835 0.271949 0.558041 0.267972 0.563012 0.266321 0.563267 0.262343 0.568239 0.255735 0.569259 0.261284 0.593095 0.266240 0.592330 0.270197 0.594624 0.271849 0.594369 0.275806 0.596663 0.280762 0.595898 0.290042 0.584298 0.289716 0.582896 0.291042 0.581239 0.290715 0.579836 0.293367 0.576522 0.295018 0.576267 0.300321 0.569638 0.299994 0.568237 0.301321 0.566579 0.300015 0.560970 0.298036 0.559823 0.297383 0.557020 0.295404 0.555872 0.294098 0.550264
0 0.849084 0.383240 0.850063 0.387446 0.848737 0.389103 0.843781 0.389869 0.852594 0.427725 0.872419 0.424664 0.871440 0.420459 0.888673 0.398915 0.890325 0.398660 0.889999 0.397258 0.892650 0.393944 0.897606 0.393179 0.893689 0.376353
0 0.402922 0.731004 0.405859 0.743623 0.412468 0.742603 0.428295 0.751779 0.429948 0.751523 0.431926 0.752671 0.433578 0.752416 0.435556 0.753562 0.445469 0.752032 0.446795 0.750375 0.448446 0.750120 0.449773 0.748463 0.453076 0.747953 0.454402 0.746296 0.457706 0.745786 0.459031 0.744129 0.460684 0.743874 0.464661 0.738902 0.462682 0.737755 0.462356 0.736353 0.460378 0.735206 0.457073 0.735716 0.455095 0.734569 0.453442 0.734824 0.451464 0.733676 0.449811 0.733932 0.447834 0.732785 0.446182 0.733040 0.444203 0.731893 0.442552 0.732148 0.440573 0.731001 0.439267 0.725392
0 0.314483 0.703987 0.319379 0.725019 0.340857 0.721703 0.339877 0.717497 0.342528 0.714183 0.349136 0.713162 0.345872 0.699141
0 0.292367 0.579581 0.293673 0.585190 0.291021 0.588504 0.291348 0.589906 0.288696 0.593220 0.287044 0.593475 0.283067 0.598447 0.276459 0.599467 0.280703 0.617695 0.285658 0.616930 0.291594 0.620371 0.292574 0.624578 0.315702 0.621007 0.314397 0.615398 0.325002 0.602140 0.329958 0.601375 0.323757 0.574735
0 0.002351 0.833517 0.006594 0.851745 0.013203 0.850725 0.023094 0.856460 0.024747 0.856205 0.026725 0.857352 0.027051 0.858754 0.034965 0.863342 0.035945 0.867549 0.042554 0.866529 0.041575 0.862322 0.044225 0.859008 0.043898 0.857606 0.046550 0.854291 0.046223 0.852889 0.056828 0.839632 0.056502 0.838229 0.059153 0.834916 0.058827 0.833513 0.060153 0.831856 0.059827 0.830454 0.061152 0.828797 0.060172 0.824590
0 0.000000 0.771825 0.000000 0.792856 0.000000 0.792091 0.007733 0.797826 0.009385 0.797571 0.011364 0.798719 0.019624 0.797443 0.022276 0.794128 0.023928 0.793873 0.029230 0.787245 0.030882 0.786989 0.033534 0.783675 0.035186 0.783420 0.036512 0.781763 0.038163 0.781508 0.040815 0.778194 0.040488 0.776791 0.041813 0.775135 0.048422 0.774114 0.045810 0.762897
0 0.196414 0.402664 0.201963 0.426501 0.208572 0.425480 0.212528 0.427774 0.213834 0.433383 0.230355 0.430832 0.229375 0.426626 0.233353 0.421654 0.235005 0.421399 0.238981 0.416428 0.240633 0.416172 0.243285 0.412858 0.242632 0.410054 0.243957 0.408396 0.243631 0.406995 0.241653 0.405847 0.241326 0.404445 0.237369 0.402151 0.236064 0.396543
0 0.170141 0.348620 0.176996 0.378065 0.183604 0.377045 0.189540 0.380485 0.190519 0.384691 0.205387 0.382396 0.204082 0.376788 0.209384 0.370159 0.214340 0.369394 0.208138 0.342754
0 0.040455 0.908975 0.045351 0.930006 0.068480 0.926435 0.067501 0.922230 0.070152 0.918915 0.075108 0.918150 0.071843 0.904129
0 0.096332 0.766718 0.099922 0.782140 0.113139 0.780100 0.114465 0.778443 0.117768 0.777933 0.119094 0.776276 0.120746 0.776021 0.124723 0.771049 0.129680 0.770284 0.127721 0.761871
0 0.308461 0.251735 0.309767 0.257343 0.308440 0.259000 0.306789 0.259255 0.305463 0.260913 0.300507 0.261678 0.307362 0.291123 0.312318 0.290358 0.316275 0.292652 0.317927 0.292397 0.323863 0.295837 0.324842 0.300043 0.356231 0.295197 0.355252 0.290991 0.357903 0.287677 0.359555 0.287422 0.367508 0.277479 0.367182 0.276077 0.368508 0.274419 0.367855 0.271615 0.369181 0.269958 0.368855 0.268556 0.372831 0.263584 0.372505 0.262182 0.375156 0.258868 0.380112 0.258103 0.379785 0.256700 0.374830 0.257465 0.370873 0.255172 0.370546 0.253770 0.366589 0.251476 0.364938 0.251731 0.360980 0.249437 0.359674 0.243828
0 0.483606 0.695307 0.488502 0.716338 0.495110 0.715318 0.497762 0.712004 0.497435 0.710602 0.500087 0.707288 0.506695 0.706267 0.508673 0.707415 0.510325 0.707160 0.514282 0.709453 0.514609 0.710855 0.516588 0.712002 0.520178 0.727426 0.518852 0.729083 0.519505 0.731887 0.521484 0.733034 0.521810 0.734437 0.523788 0.735583 0.524115 0.736985 0.526093 0.738133 0.526419 0.739534 0.528072 0.739279 0.529398 0.737622 0.532701 0.737112 0.534027 0.735455 0.535680 0.735200 0.537005 0.733543 0.540309 0.733033 0.541634 0.731376 0.543287 0.731121 0.544613 0.729463 0.546264 0.729208 0.547589 0.727551 0.549242 0.727296 0.563824 0.709067 0.563498 0.707665 0.567475 0.702694 0.572431 0.701928 0.571452 0.697722 0.566495 0.698488 0.562538 0.696193 0.562212 0.694791 0.558255 0.692497 0.556602 0.692752 0.550667 0.689310 0.549688 0.685104 0.506735 0.691736 0.507714 0.695942 0.505063 0.699257 0.503411 0.699512 0.501432 0.698365 0.500127 0.692756
0 0.252558 0.643828 0.253537 0.648034 0.242932 0.661292 0.236324 0.662312 0.239914 0.677735 0.244871 0.676970 0.247522 0.673655 0.249174 0.673400 0.251825 0.670086 0.271650 0.667025 0.273628 0.668172 0.276933 0.667662 0.278911 0.668809 0.280563 0.668554 0.282541 0.669702 0.285845 0.669191 0.287823 0.670338 0.289476 0.670083 0.291455 0.671230 0.292780 0.669573 0.294433 0.669318 0.295758 0.667661 0.297409 0.667406 0.302712 0.660777 0.309321 0.659757 0.306057 0.645736 0.299448 0.646756 0.293513 0.643315 0.292207 0.637706
0 0.307395 0.879383 0.308701 0.884991 0.304724 0.889962 0.296464 0.891237 0.302013 0.915074 0.315229 0.913033 0.317208 0.914180 0.320511 0.913670 0.322490 0.914817 0.327446 0.914052 0.329425 0.915199 0.331078 0.914944 0.333056 0.916091 0.334035 0.920297 0.355511 0.916981 0.354532 0.912775 0.355858 0.911118 0.357509 0.910863 0.358836 0.909206 0.362140 0.908696 0.363466 0.907038 0.365117 0.906783 0.366444 0.905126 0.373051 0.904106 0.370113 0.891487 0.361853 0.892762 0.359875 0.891615 0.345006 0.893911 0.343029 0.892764 0.341376 0.893019 0.339397 0.891872 0.337745 0.892127 0.329831 0.887539 0.329505 0.886136 0.323570 0.882695 0.322264 0.877087
0 0.220183 0.887037 0.223773 0.902460 0.241946 0.899654 0.240967 0.895448 0.246269 0.888820 0.244963 0.883211
0 0.581557 0.145662 0.582862 0.151270 0.581537 0.152928 0.579885 0.153183 0.577234 0.156497 0.570625 0.157517 0.577806 0.188363 0.582763 0.187598 0.584741 0.188745 0.586392 0.188490 0.598263 0.195373 0.599916 0.195117 0.601895 0.196265 0.603547 0.196010 0.605524 0.197157 0.612133 0.196136 0.617436 0.189507 0.619088 0.189253 0.620413 0.187596 0.623718 0.187086 0.632997 0.175485 0.632671 0.174083 0.633996 0.172426 0.640604 0.171406 0.634402 0.144766 0.627794 0.145786 0.625816 0.144639 0.624510 0.139030
0 0.236133 0.771494 0.239724 0.786917 0.264505 0.783092 0.260914 0.767668
0 0.281362 0.738151 0.284953 0.753574 0.294865 0.752044 0.293886 0.747838 0.296537 0.744523 0.301493 0.743758 0.299534 0.735345
0 0.245603 0.650711 0.246908 0.656320 0.242932 0.661292 0.239628 0.661802 0.238303 0.663459 0.230042 0.664734 0.237876 0.698385 0.244484 0.697364 0.246463 0.698512 0.248115 0.698257 0.250093 0.699403 0.250420 0.700805 0.252071 0.700550 0.263942 0.707433 0.264269 0.708835 0.268226 0.711129 0.269205 0.715336 0.287378 0.712530 0.286399 0.708323 0.290375 0.703352 0.292027 0.703097 0.299982 0.693153 0.297370 0.681937 0.295391 0.680790 0.294412 0.676584 0.292434 0.675436 0.290782 0.675692 0.286825 0.673397 0.281869 0.674162 0.280543 0.675820 0.277239 0.676330 0.275261 0.675183 0.271956 0.675693 0.269977 0.674545 0.263369 0.675566 0.257434 0.672125 0.257108 0.670722 0.255129 0.669576 0.253823 0.663967 0.255149 0.662310 0.254823 0.660908 0.256148 0.659251 0.257801 0.658996 0.259126 0.657339 0.262430 0.656828 0.263755 0.655171 0.267059 0.654661 0.268385 0.653004 0.276646 0.651729 0.277972 0.650072 0.281276 0.649562 0.283253 0.650709 0.284906 0.650453 0.286885 0.651600 0.288536 0.651345 0.294471 0.654787 0.301080 0.653766 0.298468 0.642550
0 0.050074 0.773859 0.053338 0.787880 0.061598 0.786605 0.063577 0.787752 0.066881 0.787242 0.068207 0.785585 0.069859 0.785330 0.071185 0.783673 0.077792 0.782653 0.074854 0.770034
0 0.581557 0.145662 0.582862 0.151270 0.580211 0.154584 0.578559 0.154840 0.571931 0.163125 0.565322 0.164145 0.570219 0.185177 0.575175 0.184412 0.579133 0.186706 0.580784 0.186451 0.596612 0.195628 0.597591 0.199833 0.617416 0.196773 0.616436 0.192567 0.619088 0.189253 0.620739 0.188998 0.622066 0.187341 0.623718 0.187086 0.635648 0.172171 0.640604 0.171406 0.634729 0.146168 0.629773 0.146933 0.625816 0.144639 0.624510 0.139030
0 0.043466 0.774880 0.046077 0.786096 0.054338 0.784821 0.056316 0.785969 0.059620 0.785459 0.061598 0.786605 0.064902 0.786095 0.066228 0.784438 0.067881 0.784183 0.069206 0.782526 0.077466 0.781250 0.074854 0.770034
0 0.220463 0.965556 0.213854 0.962695 0.205907 0.963922 0.198483 0.967397 0.198467 0.973222 0.206490 0.976252 0.216994 0.976183 0.222742 0.971414 0.222316 0.965659
0 0.624029 0.639257 0.620613 0.635480 0.605805 0.637227 0.604453 0.639589 0.606517 0.645726 0.612386 0.646434 0.619118 0.645395
0 0.018627 0.358797 0.020841 0.354690 0.031365 0.353604 0.042992 0.351809 0.052540 0.349258 0.069675 0.346613 0.075545 0.347320 0.072334 0.358038 0.065710 0.364980 0.051749 0.370363 0.047450 0.376407 0.034719 0.378911 0.024083 0.376787 0.020184 0.370933 0.017033 0.360120
0 0.067909 0.366255 0.053591 0.367389 0.046973 0.371639 0.045848 0.380421 0.051953 0.384858 0.060014 0.389532 0.068324 0.392553 0.078727 0.390947 0.088775 0.385092 0.090504 0.378906 0.083426 0.373005 0.069374 0.367104
0 0.098324 0.382541 0.092454 0.381834 0.080941 0.386839 0.077254 0.392788 0.084689 0.402940 0.088112 0.404025 0.102912 0.404969 0.112582 0.402937 0.116261 0.399679 0.117984 0.396186 0.115913 0.392739 0.104308 0.386460
0 0.609169 0.526413 0.602906 0.534912 0.599469 0.539210 0.600189 0.545018 0.601035 0.548652 0.603466 0.553657 0.610688 0.552005 0.619157 0.542089 0.619036 0.541570 0.626864 0.542513 0.631034 0.538641 0.622496 0.529199 0.613936 0.527830
0 0.593380 0.529390 0.579562 0.527219 0.553369 0.531800 0.550914 0.534870 0.548935 0.542708 0.550507 0.549459 0.556007 0.551300 0.568601 0.553659 0.590140 0.550873 0.596137 0.549408 0.600089 0.536424 0.598630 0.532883
0 0.588467 0.491949 0.585029 0.496246 0.584893 0.501108 0.585491 0.506396 0.586216 0.509513 0.590371 0.511024 0.597593 0.509370 0.598705 0.505971 0.599936 0.503090 0.596399 0.498794 0.591519 0.494168
0 0.619313 0.485573 0.611238 0.486280 0.604498 0.490011 0.603502 0.496621 0.604469 0.500776 0.608745 0.502806 0.618408 0.503466 0.627587 0.502049 0.633102 0.498508 0.636419 0.493692 0.635330 0.489017 0.625062 0.485760 0.621883 0.485713
0 0.733949 0.482400 0.713877 0.486037 0.711670 0.487454 0.701134 0.493924 0.694507 0.500864 0.692166 0.507145 0.693502 0.510165 0.698143 0.513753 0.708537 0.514838 0.720527 0.514602 0.733128 0.514270 0.747332 0.509925 0.751138 0.504495 0.749687 0.498264 0.741386 0.492551 0.736625 0.488444
0 0.576892 0.341475 0.570040 0.341995 0.568318 0.345489 0.568914 0.350777 0.572450 0.355074 0.577090 0.358662 0.585030 0.362816 0.591632 0.363949 0.599588 0.362721 0.602406 0.361209 0.602422 0.355826 0.598643 0.350491 0.592659 0.346573 0.583865 0.341475 0.575192 0.336895
1 0.558676 0.336755 0.824796 0.456000 0.652392 0.556864 0.461480 0.537379
