0 0.861637 0.421355 0.863592 0.420908 0.865707 0.422000 0.867662 0.421554 0.869777 0.422645 0.871732 0.422199 0.875963 0.424383 0.877918 0.423936 0.880034 0.425028 0.881989 0.424582 0.886222 0.426767 0.888177 0.426320 0.900884 0.432877 0.901047 0.434418 0.905285 0.436605 0.911154 0.435264 0.916072 0.481595 0.888620 0.487877 0.888134 0.483233 0.883889 0.481034 0.881928 0.481483 0.881766 0.479936 0.877523 0.477738 0.877362 0.476191 0.875240 0.475093 0.875079 0.473547 0.872959 0.472449 0.872798 0.470903 0.870678 0.469805 0.870356 0.466714 0.866117 0.464520 0.865957 0.462975 0.863838 0.461879 0.863678 0.460334 0.861559 0.459238 0.861399 0.457694 0.857164 0.455502 0.857004 0.453959 0.852770 0.451768 0.852610 0.450225 0.839915 0.443657 0.839757 0.442116 0.833413 0.438834 0.833256 0.437294 0.831142 0.436200 0.830985 0.434660 0.828871 0.433567 0.827614 0.421255 0.856931 0.414559 0.857409 0.419172 0.861637 0.421355
0 0.952455 0.317522 0.954400 0.317078 0.956511 0.318158 0.960401 0.317271 0.962512 0.318352 0.964457 0.317908 0.966569 0.318989 0.968514 0.318545 0.976964 0.322867 0.977132 0.324392 0.981359 0.326554 0.981527 0.328080 0.983641 0.329161 0.983809 0.330687 0.985924 0.331769 0.986092 0.333295 0.988207 0.334377 0.988544 0.337430 0.992776 0.339596 0.993114 0.342651 0.995230 0.343734 0.995400 0.345262 0.999634 0.347429 1.000000 0.346096 1.000000 0.381307 1.000000 0.383089 0.996246 0.389029 0.996416 0.390564 0.991068 0.396508 0.991576 0.401116 0.950557 0.410489 0.949892 0.404341 0.945654 0.402161 0.945488 0.400625 0.943369 0.399535 0.941417 0.399981 0.935063 0.396713 0.934898 0.395177 0.932781 0.394088 0.932616 0.392554 0.928382 0.390376 0.928218 0.388842 0.917640 0.383402 0.915689 0.383848 0.913575 0.382760 0.909672 0.383651 0.907558 0.382564 0.905607 0.383009 0.903493 0.381922 0.901542 0.382367 0.899429 0.381280 0.897478 0.381725 0.895365 0.380638 0.891463 0.381529 0.889351 0.380441 0.887400 0.380887 0.885288 0.379800 0.881386 0.380690 0.879274 0.379603 0.869519 0.381830 0.867409 0.380743 0.843994 0.386086 0.841885 0.384999 0.832128 0.387226 0.830019 0.386138 0.820261 0.388365 0.818154 0.387278 0.808395 0.389505 0.806288 0.388417 0.796529 0.390644 0.793445 0.360027 0.799292 0.358694 0.806467 0.350805 0.805848 0.344698 0.949848 0.311873 0.950344 0.316442 0.952455 0.317522
0 0.721880 0.402973 0.722029 0.404507 0.724131 0.405596 0.724429 0.408667 0.726532 0.409756 0.726681 0.411292 0.728784 0.412382 0.728934 0.413918 0.731038 0.415008 0.731337 0.418081 0.733441 0.419171 0.733591 0.420708 0.735696 0.421799 0.741560 0.420461 0.745631 0.462050 0.739755 0.463393 0.736138 0.467376 0.736589 0.472010 0.699348 0.480522 0.698610 0.472796 0.696503 0.471699 0.696355 0.470155 0.694249 0.469058 0.693660 0.462884 0.691554 0.461788 0.691260 0.458703 0.689155 0.457607 0.689009 0.456065 0.686904 0.454970 0.686611 0.451887 0.684507 0.450793 0.684214 0.447711 0.682111 0.446617 0.681965 0.445077 0.677759 0.442890 0.677613 0.441350 0.675511 0.440257 0.675365 0.438717 0.673263 0.437625 0.672973 0.434547 0.670871 0.433455 0.665003 0.434794 0.662546 0.408670 0.719184 0.395749 0.719778 0.401884 0.721880 0.402973
0 0.855161 0.474937 0.855320 0.476484 0.876530 0.487473 0.878491 0.487024 0.880614 0.488124 0.882575 0.487675 0.886821 0.489875 0.888783 0.489426 0.893030 0.491626 0.894992 0.491177 0.897116 0.492278 0.899077 0.491829 0.903327 0.494029 0.905289 0.493580 0.907414 0.494681 0.909376 0.494232 0.911502 0.495333 0.913464 0.494883 0.917716 0.497085 0.919678 0.496636 0.921805 0.497737 0.923767 0.497288 0.925894 0.498389 0.933742 0.496592 0.936398 0.521427 0.926576 0.523678 0.926079 0.519016 0.923950 0.517912 0.896451 0.524212 0.894323 0.523107 0.884500 0.525358 0.882373 0.524254 0.880409 0.524704 0.878282 0.523600 0.876318 0.524049 0.874192 0.522946 0.872227 0.523396 0.870102 0.522292 0.866173 0.523192 0.864048 0.522088 0.860119 0.522988 0.857994 0.521884 0.856030 0.522334 0.853906 0.521230 0.851941 0.521680 0.849817 0.520577 0.847853 0.521027 0.843606 0.518820 0.841642 0.519270 0.837397 0.517063 0.837238 0.515511 0.830873 0.512203 0.830715 0.510652 0.828594 0.509550 0.828436 0.507998 0.826315 0.506897 0.826000 0.503795 0.823880 0.502694 0.823723 0.501144 0.819484 0.498942 0.819327 0.497393 0.817208 0.496292 0.816581 0.490097 0.814463 0.488998 0.813055 0.475074 0.848326 0.467007 0.848803 0.471644 0.855161 0.474937
0 0.439048 0.381473 0.439175 0.383002 0.441254 0.384086 0.441508 0.387145 0.443587 0.388231 0.443842 0.391291 0.445922 0.392376 0.446050 0.393907 0.448130 0.394993 0.448386 0.398055 0.450467 0.399142 0.450595 0.400674 0.452676 0.401761 0.452804 0.403293 0.454886 0.404380 0.460745 0.403045 0.464362 0.446038 0.417376 0.456754 0.416872 0.450597 0.414789 0.449504 0.414663 0.447965 0.412581 0.446873 0.412330 0.443797 0.410247 0.442705 0.409997 0.439630 0.407915 0.438539 0.407540 0.433929 0.405459 0.432839 0.405209 0.429767 0.403128 0.428677 0.402630 0.422536 0.400550 0.421447 0.400302 0.418379 0.398223 0.417290 0.392359 0.418626 0.390628 0.397173 0.396485 0.395839 0.400142 0.391890 0.404046 0.391001 0.407700 0.387052 0.409652 0.386608 0.413305 0.382661 0.412929 0.378076 0.436335 0.372748 0.436970 0.380388 0.439048 0.381473
0 0.110270 0.691529 0.112250 0.691076 0.124763 0.697793 0.124867 0.699367 0.133215 0.703850 0.139161 0.702487 0.141390 0.735611 0.135435 0.736976 0.133555 0.739012 0.131570 0.739467 0.120286 0.751687 0.120390 0.753269 0.118508 0.755307 0.118822 0.760056 0.073103 0.770545 0.072799 0.765792 0.062358 0.760154 0.060370 0.760610 0.056196 0.758356 0.056096 0.756774 0.045665 0.751142 0.045566 0.749561 0.043481 0.748435 0.043382 0.746854 0.041297 0.745729 0.041100 0.742568 0.039016 0.741443 0.038819 0.738284 0.036735 0.737160 0.036637 0.735581 0.034554 0.734457 0.034456 0.732878 0.032373 0.731754 0.032275 0.730176 0.028111 0.727930 0.028014 0.726352 0.025932 0.725229 0.025835 0.723652 0.023754 0.722530 0.023559 0.719377 0.021479 0.718255 0.020897 0.708802 0.022783 0.706773 0.022394 0.700478 0.101625 0.682338 0.101934 0.687053 0.110270 0.691529
0 0.355290 0.327557 0.355530 0.330598 0.357597 0.331676 0.357959 0.336239 0.360027 0.337317 0.360269 0.340361 0.362337 0.341440 0.362458 0.342962 0.364527 0.344042 0.364648 0.345565 0.366717 0.346645 0.366838 0.348168 0.368908 0.349248 0.369029 0.350772 0.371099 0.351852 0.371221 0.353376 0.375362 0.355538 0.375484 0.357062 0.379627 0.359225 0.385473 0.357895 0.387319 0.380793 0.381466 0.382125 0.379637 0.384098 0.342554 0.392539 0.332197 0.387115 0.331959 0.384058 0.329889 0.382974 0.329532 0.378390 0.327463 0.377307 0.326751 0.368148 0.324683 0.367066 0.324328 0.362490 0.322261 0.361408 0.322025 0.358359 0.319958 0.357278 0.319840 0.355754 0.317773 0.354673 0.317538 0.351626 0.313406 0.349466 0.307562 0.350794 0.305810 0.327974 0.352502 0.317365 0.353223 0.326479 0.355290 0.327557
0 1.000000 0.711748 1.000000 0.715829 1.000000 0.716286 1.000000 0.732627 1.000000 0.734214 1.000000 0.740348 1.000000 0.740806 1.000000 0.742851 0.971034 0.750173 0.968877 0.749041 0.966892 0.749499 0.951804 0.741583 0.949819 0.742040 0.947665 0.740910 0.945680 0.741367 0.941372 0.739107 0.939387 0.739564 0.937234 0.738434 0.935249 0.738891 0.933097 0.737762 0.931112 0.738219 0.926808 0.735959 0.922838 0.736874 0.920687 0.735744 0.912748 0.737572 0.911088 0.721717 1.000000 0.692973 1.000000 0.710378 1.000000 0.711748
0 0.609748 0.641026 0.609323 0.636319 0.600856 0.631858 0.594931 0.633216 0.594088 0.623812 0.600010 0.622454 0.601843 0.620435 0.601701 0.618869 0.603534 0.616851 0.603110 0.612155 0.638618 0.604017 0.641355 0.633777 0.609748 0.641026
0 0.737311 0.687281 0.733654 0.691347 0.734110 0.696083 0.690518 0.706102 0.687699 0.676125 0.741118 0.663856 0.743251 0.685916 0.737311 0.687281
0 0.000000 0.690888 0.000000 0.690435 0.008330 0.700507 0.008426 0.702080 0.014660 0.705440 0.014757 0.707015 0.016836 0.708135 0.016932 0.709710 0.019011 0.710831 0.019302 0.715557 0.021382 0.716679 0.021673 0.721407 0.023754 0.722530 0.023851 0.724107 0.025932 0.725229 0.026029 0.726807 0.028111 0.727930 0.036048 0.726112 0.038211 0.760875 0.030261 0.762698 0.026481 0.766776 0.022505 0.767688 0.020614 0.769727 0.000729 0.774288 0.000000 0.776328 0.000000 0.781084 0.000000 0.786560 0.000000 0.781803 0.000000 0.777287 0.000000 0.774118 0.000000 0.772990 0.000000 0.766656 0.000000 0.765529 0.000000 0.744972 0.000000 0.743847 0.000000 0.735953 0.000000 0.734829 0.000000 0.736193 0.000000 0.692095 0.000000 0.683486 0.000000 0.689770 0.000000 0.690888
0 0.489250 0.862832 0.487387 0.864895 0.487788 0.869704 0.483793 0.870624 0.483392 0.865815 0.481262 0.864673 0.477267 0.865594 0.475137 0.864451 0.473140 0.864912 0.466751 0.861486 0.460761 0.862866 0.459839 0.851658 0.505733 0.841085 0.507220 0.858691 0.489250 0.862832
0 0.960470 0.520689 0.962434 0.520239 0.966699 0.522447 0.976521 0.520196 0.978893 0.541979 0.972994 0.543331 0.971197 0.545340 0.969230 0.545791 0.967432 0.547800 0.965466 0.548251 0.961869 0.552271 0.959901 0.552722 0.956303 0.556743 0.956807 0.561423 0.909560 0.572259 0.909067 0.567576 0.904801 0.565357 0.902833 0.565809 0.900700 0.564700 0.900537 0.563140 0.896273 0.560922 0.894305 0.561374 0.883652 0.555833 0.881684 0.556284 0.873167 0.551854 0.871200 0.552305 0.866943 0.550090 0.861042 0.551443 0.859758 0.538987 0.867621 0.537185 0.869426 0.535179 0.869265 0.533623 0.871230 0.533173 0.873034 0.531168 0.872389 0.524949 0.945051 0.508306 0.945551 0.512964 0.960470 0.520689
0 0.850017 0.760151 0.848191 0.762198 0.848675 0.766969 0.826808 0.772007 0.826329 0.767234 0.822035 0.764969 0.820047 0.765427 0.815755 0.763162 0.813767 0.763620 0.811622 0.762488 0.811463 0.760898 0.809318 0.759767 0.808685 0.753412 0.810513 0.751366 0.809881 0.745016 0.853553 0.734962 0.855978 0.758777 0.850017 0.760151
0 0.972488 0.102820 0.978261 0.101511 0.981419 0.129890 0.962146 0.134265 0.960384 0.136199 0.941105 0.140575 0.939013 0.139515 0.933229 0.140828 0.931464 0.142763 0.914107 0.146702 0.912340 0.148638 0.906553 0.149952 0.904785 0.151888 0.895139 0.154077 0.893369 0.156014 0.887581 0.157328 0.885810 0.159266 0.880020 0.160580 0.878249 0.162518 0.866667 0.165147 0.864895 0.167086 0.857172 0.168839 0.855084 0.167777 0.849292 0.169092 0.845117 0.166968 0.843187 0.167406 0.834841 0.163159 0.829050 0.164474 0.827654 0.150986 0.835370 0.149235 0.837144 0.147300 0.836988 0.145803 0.838916 0.145366 0.840689 0.143431 0.842617 0.142994 0.844389 0.141060 0.850174 0.139748 0.853716 0.135881 0.855644 0.135444 0.857414 0.133511 0.859342 0.133074 0.861112 0.131142 0.864966 0.130268 0.866735 0.128336 0.870589 0.127462 0.874126 0.123599 0.873651 0.119119 0.969902 0.097292 0.970398 0.101765 0.972488 0.102820
0 0.540561 0.610524 0.538724 0.612540 0.534778 0.613445 0.532940 0.615461 0.533348 0.620157 0.515582 0.624228 0.515178 0.619531 0.504641 0.613967 0.503706 0.603022 0.549055 0.592637 0.550425 0.608264 0.540561 0.610524
0 0.633167 0.720898 0.631328 0.722936 0.625377 0.724303 0.625234 0.722721 0.623107 0.721595 0.622533 0.715270 0.620407 0.714145 0.619548 0.704665 0.647289 0.698292 0.649033 0.717251 0.633167 0.720898
0 0.848073 0.621619 0.846259 0.623641 0.840337 0.625000 0.838203 0.623885 0.828332 0.626151 0.826905 0.612039 0.856494 0.605249 0.857942 0.619354 0.848073 0.621619
0 0.515298 0.185072 0.514508 0.176076 0.535752 0.171261 0.536551 0.180254 0.515298 0.185072
0 0.713525 0.134026 0.709378 0.131912 0.708794 0.125938 0.728059 0.121573 0.728943 0.130531 0.713525 0.134026
1 0.314706 0.669340 0.576440 0.417470 0.554702 0.588010 0.314706 0.669340
1 0.482978 0.615572 0.289796 0.695383 0.216271 0.705114 0.157369 0.666840 0.255241 0.608061 0.362478 0.609774 0.313447 0.669629 0.482978 0.615572
1 0.154924 0.668412 0.000000 0.522148 0.087101 0.451515 0.285825 0.590986 0.154924 0.668412
0 0.093326 0.900585 0.089093 0.915018 0.010074 0.931137 0.000000 0.891658 0.088596 0.887199 0.092603 0.889378 0.093326 0.900585
0 0.927084 0.103766 0.890902 0.116826 0.852639 0.134253 0.794971 0.146362 0.769888 0.146215 0.790779 0.129816 0.839440 0.115871 0.895908 0.093370 0.923497 0.082273 0.940202 0.086239 0.935126 0.097088 0.935436 0.099930 0.927084 0.103766
0 0.926853 0.078606 0.877373 0.095634 0.845789 0.104730 0.832142 0.105885 0.832576 0.098032 0.850114 0.086312 0.873741 0.073220 0.903037 0.066585 0.941482 0.063677 0.977916 0.065098 0.958492 0.070469 0.926853 0.078606
0 0.258398 0.291514 0.267620 0.280623 0.283945 0.280827 0.269722 0.291879 0.258398 0.291514
