1 0.145833 0.654948 0.000000 0.973958 0.006511 0.984375 0.328125 0.944011 0.328125 0.933594 0.294270 0.878906
1 0.234375 0.787761 0.217448 0.881511 0.295573 0.873698 0.276042 0.835938
1 0.819011 0.867188 0.962239 0.861980 0.921875 0.998437
1 0.369792 0.998437 0.436198 0.975261 0.553386 0.953125 0.684895 0.927083 0.789062 0.920573 0.837239 0.920573 0.963542 0.947917 0.996094 0.953125 0.998437 0.998437
1 0.001302 0.330730 0.214844 0.373698 0.236980 0.368489 0.239583 0.330730 0.229167 0.065105 0.216145 0.057292 0.000000 0.072917
1 0.272136 0.253906 0.317708 0.166667 0.375000 0.261719
1 0.476562 0.141927 0.531250 0.016927 0.619792 0.148438
1 0.768230 0.197917 0.916667 0.201823 0.856770 0.329427 0.802083 0.260417 0.859375 0.230469 0.882812 0.212239 0.881511 0.204427 0.847656 0.200520 0.825520 0.217448 0.819011 0.222656 0.795573 0.225261
1 0.453125 0.197917 0.441406 0.177083 0.424480 0.162761 0.414062 0.144531 0.421875 0.126302 0.430989 0.125000 0.449219 0.136719 0.453125 0.144531 0.458333 0.139323 0.463542 0.145833 0.463542 0.164062 0.466145 0.173177 0.483073 0.197917 0.489583 0.205730 0.497395 0.200520 0.430989 0.089844 0.367188 0.197917
1 0.350261 0.717448 0.364583 0.729167 0.398438 0.729167 0.403645 0.726562 0.419270 0.707031 0.421875 0.697917 0.428386 0.679688 0.438802 0.662761 0.463542 0.631511 0.480469 0.601562 0.483073 0.578125 0.485677 0.565105 0.486980 0.557292 0.630208 0.574219 0.641927 0.593750 0.664062 0.601562 0.679688 0.605469 0.697917 0.621094 0.713542 0.760417 0.703125 0.812500 0.394531 0.907552 0.377605 0.886719
1 0.348958 0.671875 0.341145 0.554688 0.354167 0.539062 0.376302 0.537761 0.436198 0.542969 0.436198 0.567708 0.417969 0.587239 0.398438 0.640625 0.390625 0.658855 0.369792 0.671875
1 0.662761 0.541667 0.653645 0.532552 0.653645 0.527344 0.666667 0.518230 0.687500 0.514323 0.695312 0.513020
1 0.687500 0.567708 0.703125 0.695312 0.713542 0.755208 0.942708 0.786458 0.954427 0.773438 0.953125 0.714844 0.891927 0.459636 0.809895 0.473958 0.789062 0.484375 0.752605 0.537761 0.699219 0.557292
