1 0.862797 0.582565 0.859482 0.582245 0.857696 0.583606 0.854381 0.583286 0.852595 0.584646 0.847623 0.584166 0.845837 0.585526 0.844179 0.585366 0.842393 0.586727 0.839078 0.586407 0.837292 0.587767 0.833977 0.587447 0.832191 0.588808 0.830534 0.588648 0.828748 0.590008 0.827090 0.589848 0.825305 0.591209 0.823647 0.591049 0.821861 0.592409 0.820204 0.592249 0.816632 0.594970 0.814974 0.594810 0.811403 0.597531 0.809745 0.597371 0.806173 0.600091 0.804516 0.599931 0.800944 0.602652 0.799286 0.602492 0.797501 0.603852 0.795843 0.603692 0.792271 0.606413 0.790614 0.606253 0.785256 0.610334 0.783599 0.610174 0.767526 0.622418 0.767398 0.623938 0.760254 0.629380 0.760126 0.630900 0.756554 0.633621 0.756426 0.635141 0.752854 0.637862 0.752726 0.639382 0.750940 0.640743 0.750812 0.642263 0.749026 0.643623 0.748897 0.645144 0.745326 0.647864 0.740353 0.647385 0.737274 0.683873 0.745562 0.684673 0.747091 0.686353 0.750406 0.686673 0.751935 0.688353 0.755250 0.688673 0.756779 0.690354 0.758437 0.690513 0.759966 0.692194 0.763281 0.692514 0.764811 0.694194 0.766468 0.694354 0.767997 0.696034 0.771313 0.696354 0.772842 0.698035 0.774499 0.698195 0.776029 0.699875 0.777686 0.700035 0.779215 0.701715 0.780873 0.701875 0.782402 0.703555 0.787375 0.704035 0.788904 0.705716 0.797192 0.706516 0.798721 0.708196 0.803694 0.708676 0.805223 0.710356 0.808538 0.710676 0.810068 0.712356 0.815040 0.712836 0.816570 0.714517 0.836460 0.716436 0.837989 0.718116 0.854565 0.719716 0.856094 0.721397 0.869355 0.722676 0.870884 0.724357 0.932214 0.730276 0.933743 0.731956 0.953634 0.733875 0.955419 0.732515 0.962050 0.733155 0.963835 0.731795 0.965493 0.731955 0.967279 0.730594 0.972252 0.731074 0.972636 0.726513 0.967664 0.726033 0.966135 0.724353 0.967161 0.712190 0.965632 0.710510 0.966786 0.696827 0.965257 0.695146 0.966155 0.684504 0.964626 0.682824 0.965139 0.676742 0.963610 0.675062 0.963995 0.670501 0.962466 0.668821 0.962851 0.664260 0.961321 0.662579 0.961706 0.658018 0.960177 0.656338 0.960562 0.651777 0.959033 0.650096 0.959289 0.647056 0.957760 0.645375 0.958145 0.640814 0.956616 0.639134 0.956872 0.636093 0.955343 0.634413 0.955728 0.629852 0.954199 0.628172 0.954455 0.625131 0.952926 0.623451 0.953183 0.620410 0.951653 0.618730 0.951782 0.617209 0.948723 0.613849 0.948852 0.612328 0.945793 0.608968 0.945921 0.607447 0.944392 0.605767 0.944520 0.604247 0.942991 0.602566 0.943119 0.601046 0.938532 0.596005 0.938660 0.594485 0.937131 0.592804 0.937259 0.591284 0.934201 0.587924 0.934714 0.581842 0.866754 0.575283 0.866369 0.579844 0.862797 0.582565
0 0.934606 0.543514 0.934991 0.538953 0.942135 0.533511 0.942263 0.531991 0.944049 0.530630 0.945706 0.530790 0.963565 0.517187 0.965222 0.517346 0.972366 0.511905 0.977339 0.512385 0.979520 0.486539 0.972890 0.485899 0.969831 0.482539 0.968173 0.482379 0.951352 0.463895 0.949694 0.463735 0.945106 0.458694 0.945491 0.454133 0.910683 0.450774 0.903113 0.540474 0.934606 0.543514
0 0.568830 0.442305 0.563858 0.441825 0.561548 0.469192 0.571494 0.470151 0.573023 0.471832 0.579653 0.472472 0.581182 0.474152 0.582840 0.474312 0.585898 0.477672 0.607447 0.479752 0.609233 0.478392 0.610890 0.478552 0.612676 0.477191 0.614333 0.477351 0.617905 0.474631 0.619563 0.474791 0.621349 0.473430 0.623006 0.473590 0.626578 0.470869 0.633208 0.471509 0.634106 0.460867 0.629134 0.460387 0.623017 0.453666 0.621359 0.453506 0.616771 0.448465 0.615114 0.448305 0.607467 0.439903 0.607981 0.433822 0.576487 0.430782 0.575974 0.436864 0.568830 0.442305
0 0.776143 0.480706 0.776015 0.482226 0.765300 0.490388 0.760327 0.489908 0.757761 0.520315 0.764391 0.520955 0.765920 0.522636 0.765792 0.524156 0.774968 0.534238 0.789885 0.535677 0.791671 0.534317 0.793329 0.534477 0.793457 0.532957 0.800601 0.527515 0.800729 0.525995 0.802515 0.524635 0.802643 0.523114 0.804429 0.521754 0.809402 0.522234 0.811711 0.494867 0.806739 0.494388 0.805209 0.492707 0.805338 0.491187 0.797691 0.482785 0.798204 0.476704 0.778314 0.474784 0.777929 0.479345 0.776143 0.480706
0 0.430528 0.596025 0.435116 0.601066 0.434731 0.605627 0.467882 0.608827 0.468267 0.604265 0.471839 0.601545 0.473497 0.601705 0.475283 0.600344 0.481913 0.600984 0.484094 0.575138 0.426079 0.569539 0.423898 0.595385 0.430528 0.596025
0 0.065165 0.192909 0.065037 0.194429 0.063251 0.195790 0.056621 0.195150 0.054568 0.219475 0.102637 0.224115 0.103279 0.216513 0.105064 0.215152 0.105834 0.206030 0.104305 0.204350 0.104433 0.202830 0.095258 0.192748 0.095643 0.188187 0.069122 0.185627 0.068737 0.190188 0.065165 0.192909
0 0.682307 0.701559 0.681794 0.707640 0.680008 0.709001 0.675035 0.708521 0.673368 0.728285 0.679998 0.728925 0.683056 0.732286 0.684714 0.732446 0.692360 0.740847 0.694018 0.741007 0.695547 0.742688 0.695162 0.747249 0.756492 0.753168 0.756877 0.748607 0.769378 0.739084 0.771035 0.739244 0.779965 0.732442 0.784937 0.732922 0.786862 0.710117 0.781889 0.709637 0.775772 0.702916 0.774115 0.702756 0.771056 0.699395 0.771441 0.694834 0.685248 0.686515 0.684093 0.700199 0.682307 0.701559
0 0.737707 0.342116 0.732734 0.341636 0.730297 0.370523 0.778366 0.375162 0.778751 0.370601 0.782322 0.367880 0.788953 0.368520 0.791006 0.344194 0.786033 0.343715 0.782974 0.340354 0.783488 0.334273 0.747021 0.330753 0.746636 0.335314 0.737707 0.342116
0 0.466509 0.308279 0.467664 0.294596 0.466135 0.292916 0.466391 0.289875 0.455686 0.278113 0.456200 0.272031 0.431336 0.269632 0.428385 0.304600 0.466509 0.308279
0 0.826532 0.438054 0.826404 0.439574 0.822832 0.442295 0.817859 0.441815 0.815422 0.470702 0.846915 0.473741 0.847300 0.469180 0.850872 0.466460 0.852529 0.466620 0.854315 0.465259 0.855973 0.465419 0.861330 0.461338 0.862613 0.446135 0.861084 0.444454 0.859427 0.444294 0.857897 0.442614 0.856240 0.442454 0.851652 0.437413 0.852037 0.432852 0.828831 0.430612 0.828318 0.436694 0.826532 0.438054
0 0.635282 0.407335 0.635154 0.408855 0.628010 0.414297 0.627882 0.415817 0.617167 0.423979 0.612194 0.423499 0.610269 0.446304 0.618557 0.447104 0.621616 0.450465 0.623273 0.450625 0.632449 0.460707 0.632064 0.465268 0.653612 0.467347 0.653997 0.462786 0.670070 0.450543 0.675042 0.451023 0.677608 0.420616 0.672636 0.420136 0.661931 0.408374 0.662444 0.402293 0.637581 0.399893 0.637068 0.405974 0.635282 0.407335
0 0.566115 0.514081 0.566500 0.509520 0.575430 0.502719 0.577087 0.502878 0.578873 0.501518 0.580530 0.501678 0.582316 0.500318 0.583974 0.500478 0.585760 0.499117 0.590732 0.499597 0.592785 0.475272 0.534771 0.469673 0.531307 0.510722 0.566115 0.514081
0 0.602665 0.358205 0.603050 0.353644 0.606621 0.350923 0.606750 0.349403 0.608535 0.348042 0.609177 0.340441 0.604589 0.335400 0.604718 0.333879 0.598600 0.327158 0.598985 0.322597 0.574122 0.320198 0.571171 0.355166 0.602665 0.358205
0 0.679661 0.396291 0.684249 0.401331 0.685907 0.401491 0.692024 0.408213 0.703627 0.409333 0.705156 0.411013 0.713444 0.411813 0.715230 0.410452 0.716887 0.410612 0.722245 0.406531 0.723902 0.406691 0.725688 0.405331 0.727346 0.405491 0.729131 0.404130 0.730789 0.404290 0.732575 0.402930 0.739205 0.403570 0.741258 0.379244 0.676613 0.373005 0.674689 0.395811 0.679661 0.396291
0 0.943248 0.599526 0.946306 0.602886 0.946178 0.604407 0.949236 0.607767 0.949108 0.609288 0.950637 0.610968 0.958925 0.611768 0.960711 0.610408 0.962369 0.610567 0.973084 0.602405 0.974741 0.602565 0.976527 0.601205 0.983157 0.601845 0.985082 0.579040 0.978452 0.578400 0.975393 0.575039 0.973736 0.574879 0.970677 0.571518 0.971062 0.566957 0.941226 0.564078 0.938275 0.599046 0.943248 0.599526
0 0.311954 0.575385 0.316542 0.580426 0.318199 0.580586 0.321258 0.583947 0.320873 0.588508 0.339106 0.590267 0.339491 0.585706 0.343063 0.582986 0.344720 0.583146 0.351864 0.577704 0.356836 0.578184 0.357863 0.566021 0.351233 0.565381 0.349703 0.563701 0.348046 0.563541 0.346517 0.561861 0.344859 0.561701 0.337213 0.553299 0.337598 0.548738 0.307762 0.545859 0.305324 0.574745 0.311954 0.575385
0 0.585461 0.581856 0.591579 0.588577 0.593236 0.588737 0.594765 0.590417 0.596423 0.590577 0.599481 0.593938 0.601139 0.594098 0.602668 0.595778 0.637477 0.599138 0.639263 0.597777 0.642578 0.598097 0.644364 0.596737 0.646021 0.596897 0.647807 0.595536 0.649465 0.595696 0.658394 0.588895 0.660052 0.589055 0.663623 0.586334 0.665281 0.586494 0.667067 0.585133 0.668724 0.585293 0.672296 0.582573 0.677269 0.583053 0.678937 0.563288 0.581141 0.553850 0.578831 0.581216 0.585461 0.581856
0 0.000000 0.251166 0.000000 0.254526 0.000000 0.254686 0.000000 0.258047 0.000000 0.259327 0.000000 0.261007 0.000000 0.261327 0.000000 0.263007 0.004051 0.263647 0.005836 0.262287 0.012467 0.262927 0.014253 0.261566 0.015910 0.261726 0.023054 0.256285 0.023567 0.250204 0.022037 0.248523 0.022166 0.247003 0.020508 0.246843 0.018979 0.245163 0.017321 0.245003 0.015792 0.243322 0.014135 0.243162 0.011076 0.239802 0.011461 0.235241 0.000000 0.231241 0.000000 0.251006 0.000000 0.251166
0 0.626408 0.552088 0.629467 0.555448 0.631124 0.555608 0.632653 0.557289 0.659174 0.559848 0.660704 0.561528 0.675622 0.562968 0.677407 0.561608 0.679065 0.561768 0.686208 0.556326 0.692839 0.556966 0.696303 0.515917 0.625028 0.509038 0.621435 0.551608 0.626408 0.552088
0 0.636080 0.833510 0.637865 0.832150 0.644496 0.832790 0.646281 0.831430 0.647939 0.831589 0.648580 0.823988 0.632005 0.822388 0.631107 0.833030 0.636080 0.833510
0 0.963943 0.770123 0.965472 0.771804 0.967130 0.771964 0.973247 0.778685 0.974904 0.778845 0.976434 0.780525 0.975920 0.786606 0.990838 0.788046 0.993789 0.753078 0.958981 0.749719 0.957313 0.769483 0.963943 0.770123
0 0.628066 0.552248 0.632653 0.557289 0.654202 0.559368 0.655731 0.561048 0.655346 0.565609 0.675237 0.567529 0.675622 0.562968 0.677407 0.561608 0.679065 0.561768 0.686208 0.556326 0.692839 0.556966 0.696303 0.515917 0.625028 0.509038 0.621435 0.551608 0.628066 0.552248
0 0.585461 0.581856 0.591579 0.588577 0.593236 0.588737 0.596295 0.592098 0.595910 0.596659 0.645636 0.601458 0.646021 0.596897 0.647807 0.595536 0.649465 0.595696 0.658394 0.588895 0.660052 0.589055 0.663623 0.586334 0.665281 0.586494 0.667067 0.585133 0.668724 0.585293 0.672296 0.582573 0.677269 0.583053 0.678937 0.563288 0.581141 0.553850 0.578831 0.581216 0.585461 0.581856
0 0.630933 0.676675 0.624303 0.676035 0.621481 0.709483 0.626453 0.709963 0.629512 0.713324 0.629383 0.714844 0.633971 0.719885 0.633843 0.721405 0.636901 0.724766 0.636516 0.729327 0.661380 0.731727 0.661765 0.727166 0.665336 0.724445 0.666994 0.724605 0.675923 0.717803 0.676052 0.716282 0.681409 0.712201 0.686382 0.712681 0.688820 0.683795 0.683847 0.683315 0.676201 0.674913 0.676329 0.673393 0.674800 0.671713 0.675185 0.667151 0.640376 0.663792 0.639863 0.669873 0.630933 0.676675
0 0.491289 0.470075 0.491674 0.465513 0.493460 0.464153 0.495118 0.464313 0.496904 0.462953 0.500219 0.463273 0.502005 0.461912 0.506977 0.462392 0.507362 0.457831 0.502389 0.457351 0.499331 0.453991 0.499844 0.447909 0.476638 0.445670 0.474714 0.468475 0.491289 0.470075
0 0.346645 0.560340 0.348174 0.562021 0.378010 0.564900 0.379539 0.566581 0.389485 0.567540 0.391014 0.569221 0.414220 0.571460 0.416006 0.570100 0.417663 0.570260 0.419449 0.568900 0.421107 0.569060 0.421235 0.567539 0.423021 0.566179 0.423149 0.564658 0.424935 0.563298 0.431565 0.563938 0.432592 0.551775 0.334796 0.542337 0.333384 0.559061 0.346645 0.560340
1 0.891590 0.875030 0.893119 0.876710 0.898092 0.877190 0.899877 0.875829 0.908165 0.876629 0.909694 0.878310 0.966051 0.883749 0.967581 0.885429 0.967196 0.889990 0.982114 0.891430 0.987631 0.826055 0.886520 0.816297 0.881644 0.874070 0.891590 0.875030
0 0.395366 0.537453 0.390393 0.536973 0.388607 0.538334 0.375347 0.537054 0.374577 0.546176 0.379550 0.546656 0.381079 0.548336 0.384394 0.548656 0.385923 0.550337 0.389239 0.550657 0.390768 0.552337 0.395741 0.552817 0.397270 0.554497 0.403900 0.555137 0.405429 0.556817 0.433608 0.559537 0.435137 0.561217 0.440110 0.561697 0.441639 0.563377 0.454899 0.564657 0.456429 0.566338 0.456044 0.570899 0.459359 0.571218 0.459744 0.566657 0.461530 0.565297 0.464845 0.565617 0.466631 0.564257 0.471603 0.564737 0.472886 0.549533 0.466256 0.548893 0.464727 0.547213 0.463069 0.547053 0.461540 0.545373 0.458225 0.545053 0.453637 0.540012 0.454022 0.535451 0.399323 0.530172 0.398938 0.534733 0.395366 0.537453
0 0.630933 0.676675 0.624303 0.676035 0.621481 0.709483 0.626453 0.709963 0.629512 0.713324 0.629383 0.714844 0.637030 0.723246 0.636516 0.729327 0.661380 0.731727 0.661765 0.727166 0.665336 0.724445 0.666994 0.724605 0.674137 0.719163 0.674266 0.717643 0.677837 0.714922 0.677966 0.713402 0.681537 0.710681 0.686510 0.711161 0.688691 0.685315 0.683719 0.684835 0.680660 0.681474 0.680788 0.679954 0.674671 0.673233 0.675185 0.667151 0.642034 0.663952 0.641649 0.668513 0.630933 0.676675
0 0.162073 0.193065 0.163603 0.194746 0.171890 0.195545 0.173420 0.197226 0.209886 0.200745 0.211415 0.202425 0.227991 0.204025 0.229520 0.205705 0.237808 0.206505 0.239337 0.208186 0.238952 0.212747 0.248897 0.213706 0.249282 0.209145 0.252854 0.206425 0.267772 0.207864 0.269568 0.186580 0.158512 0.175862 0.157101 0.192585 0.162073 0.193065
0 0.474083 0.456152 0.475869 0.454792 0.477526 0.454952 0.481098 0.452231 0.487728 0.452871 0.488241 0.446789 0.470008 0.445030 0.469110 0.455672 0.474083 0.456152
0 0.520286 0.859121 0.521184 0.848478 0.509582 0.847358 0.508683 0.858001 0.520286 0.859121
0 0.389776 0.742300 0.390674 0.731657 0.372441 0.729898 0.371543 0.740540 0.389776 0.742300
0 0.379959 0.739819 0.381745 0.738459 0.390033 0.739259 0.390674 0.731657 0.372441 0.729898 0.371671 0.739020 0.379959 0.739819
0 0.932971 0.338480 0.926608 0.314875 0.883787 0.310743 0.875170 0.330349 0.905238 0.337082 0.932971 0.338480
0 0.908945 0.359153 0.930520 0.351018 0.935733 0.338747 0.874636 0.336682 0.881747 0.351419 0.908945 0.359153
1 0.177694 0.401580 0.185642 0.402347 0.418873 0.324072 0.418353 0.316674 0.182578 0.248777 0.173474 0.288841 0.177694 0.401580
1 0.000000 0.449162 0.031891 0.474644 0.095732 0.477656 0.105683 0.319042 0.000000 0.378350 0.000000 0.449162
1 0.118316 0.549124 0.334480 0.537442 0.347409 0.533440 0.123455 0.406843 0.109503 0.531476 0.118316 0.549124
1 0.098883 0.630184 0.101929 0.485602 0.027349 0.474206 0.000000 0.450094 0.000000 0.607336 0.031805 0.638408 0.098883 0.630184
0 0.410011 0.401954 0.423979 0.412750 0.445726 0.412749 0.464162 0.397731 0.414560 0.388746 0.413073 0.392800 0.410011 0.401954
0 0.456399 0.381235 0.435266 0.373947 0.427312 0.386827 0.464514 0.393567 0.456399 0.381235
