0 0.641017 0.683174 0.640481 0.689585 0.628703 0.702794 0.627365 0.702842 0.622948 0.707795 0.621609 0.707843 0.618666 0.711146 0.615989 0.711243 0.613043 0.714544 0.611705 0.714592 0.610233 0.716244 0.608895 0.716292 0.607422 0.717944 0.603407 0.718089 0.601935 0.735718 0.607289 0.735525 0.613313 0.743297 0.614651 0.743249 0.617060 0.746357 0.618398 0.746308 0.619603 0.747863 0.619202 0.752671 0.666048 0.750979 0.666449 0.746172 0.669394 0.742869 0.674748 0.742676 0.677959 0.704211 0.673943 0.704356 0.667919 0.696583 0.666581 0.696631 0.659354 0.687305 0.659755 0.682497
0 0.878988 0.470049 0.878587 0.474857 0.872697 0.481461 0.872563 0.483065 0.869620 0.486367 0.869486 0.487970 0.868013 0.489621 0.862659 0.489814 0.860920 0.510649 0.866274 0.510456 0.867479 0.512010 0.868817 0.511962 0.871226 0.515071 0.870825 0.519880 0.904285 0.518671 0.908433 0.468986
0 0.328354 0.688073 0.326749 0.707306 0.330765 0.707161 0.331969 0.708715 0.333308 0.708667 0.334512 0.710222 0.335850 0.710173 0.338259 0.713282 0.337858 0.718090 0.352581 0.717558 0.352983 0.712750 0.355927 0.709448 0.357266 0.709400 0.358738 0.707748 0.360077 0.707700 0.361549 0.706049 0.361682 0.704447 0.364627 0.701145 0.368642 0.701000 0.369846 0.686575
0 0.834018 0.561156 0.833616 0.565964 0.830673 0.569266 0.829334 0.569314 0.820500 0.579220 0.820367 0.580824 0.818894 0.582475 0.818760 0.584077 0.815816 0.587379 0.811801 0.587524 0.810329 0.605154 0.814345 0.605009 0.815549 0.606564 0.815147 0.611372 0.880732 0.609003 0.881133 0.604195 0.887022 0.597591 0.888360 0.597543 0.891305 0.594241 0.895321 0.594096 0.896124 0.584479 0.892108 0.584624 0.890903 0.583069 0.888227 0.583166 0.887022 0.581612 0.884345 0.581709 0.883140 0.580155 0.880463 0.580252 0.879258 0.578697 0.877920 0.578745 0.876715 0.577190 0.875377 0.577239 0.872967 0.574131 0.871629 0.574179 0.866811 0.567961 0.864134 0.568057 0.861724 0.564949 0.862126 0.560141
0 0.278022 0.427836 0.277621 0.432643 0.273204 0.437597 0.269188 0.437742 0.266914 0.464988 0.303052 0.463683 0.305192 0.438039 0.301178 0.438184 0.296359 0.431967 0.296760 0.427159
0 0.056910 0.454995 0.051692 0.517502 0.071769 0.516777 0.072305 0.510365 0.075248 0.507063 0.080603 0.506870 0.081807 0.492446 0.077791 0.492591 0.076586 0.491036 0.076720 0.489434 0.075516 0.487880 0.075783 0.484674 0.074579 0.483119 0.074713 0.481517 0.073508 0.479962 0.073909 0.475153 0.072705 0.473600 0.072839 0.471996 0.070430 0.468889 0.070563 0.467285 0.068154 0.464177 0.066815 0.464225 0.063201 0.459561 0.063602 0.454754
0 0.807519 0.638812 0.806448 0.651634 0.810464 0.651489 0.812873 0.654597 0.814212 0.654549 0.816621 0.657658 0.816219 0.662467 0.841650 0.661548 0.843657 0.637507
0 0.306933 0.433183 0.304390 0.463635 0.329821 0.462716 0.331694 0.440279 0.327679 0.440424 0.325270 0.437314 0.325671 0.432507
0 0.491370 0.413740 0.490969 0.418548 0.486553 0.423501 0.485214 0.423549 0.483742 0.425200 0.478388 0.425393 0.476783 0.444626 0.500875 0.443756 0.501410 0.437346 0.502882 0.435694 0.504221 0.435646 0.505693 0.433996 0.507031 0.433947 0.508504 0.432296 0.513858 0.432102 0.515463 0.412870
1 0.053968 0.522213 0.044467 0.636008 0.048482 0.635863 0.049687 0.637416 0.051026 0.637368 0.052231 0.638922 0.053570 0.638874 0.054774 0.640429 0.056113 0.640380 0.058522 0.643489 0.059860 0.643441 0.061065 0.644995 0.062403 0.644946 0.064812 0.648056 0.066150 0.648008 0.068560 0.651116 0.069898 0.651068 0.071103 0.652622 0.072442 0.652574 0.074851 0.655682 0.076190 0.655634 0.078598 0.658743 0.079937 0.658695 0.081142 0.660249 0.082480 0.660200 0.084889 0.663309 0.086228 0.663261 0.088638 0.666370 0.089976 0.666322 0.091180 0.667876 0.092519 0.667828 0.093723 0.669382 0.095062 0.669333 0.096266 0.670888 0.097605 0.670840 0.100014 0.673949 0.101353 0.673900 0.103762 0.677009 0.105100 0.676961 0.107510 0.680069 0.107376 0.681673 0.108580 0.683227 0.109919 0.683178 0.111124 0.684732 0.112462 0.684684 0.114871 0.687794 0.116210 0.687745 0.118619 0.690853 0.119958 0.690805 0.121162 0.692360 0.122501 0.692311 0.124910 0.695420 0.126249 0.695372 0.128658 0.698481 0.129996 0.698432 0.132405 0.701541 0.133743 0.701493 0.136154 0.704601 0.137492 0.704553 0.139901 0.707662 0.141240 0.707614 0.142444 0.709169 0.143782 0.709120 0.146192 0.712229 0.147530 0.712181 0.149940 0.715288 0.151278 0.715240 0.154892 0.719904 0.156230 0.719855 0.158640 0.722964 0.159978 0.722916 0.161183 0.724470 0.162521 0.724422 0.164930 0.727531 0.166269 0.727483 0.168678 0.730591 0.170017 0.730542 0.171222 0.732097 0.172560 0.732049 0.174969 0.735158 0.176307 0.735109 0.178717 0.738218 0.180055 0.738170 0.182465 0.741279 0.183803 0.741230 0.186213 0.744339 0.187551 0.744291 0.189960 0.747400 0.191299 0.747351 0.192503 0.748906 0.193841 0.748858 0.196251 0.751966 0.197589 0.751917 0.199999 0.755026 0.201337 0.754978 0.202542 0.756533 0.203881 0.756484 0.205085 0.758039 0.206423 0.757991 0.208833 0.761099 0.210171 0.761050 0.212580 0.764160 0.213918 0.764112 0.217533 0.768774 0.218871 0.768726 0.221281 0.771835 0.222619 0.771787 0.225028 0.774895 0.226366 0.774847 0.227571 0.776401 0.228910 0.776353 0.231319 0.779462 0.232657 0.779414 0.233863 0.780968 0.235201 0.780920 0.236406 0.782473 0.237744 0.782425 0.240153 0.785534 0.241492 0.785486 0.245105 0.790149 0.246444 0.790101 0.248853 0.793210 0.250192 0.793161 0.252601 0.796270 0.253939 0.796222 0.256349 0.799331 0.257687 0.799282 0.260096 0.802391 0.261435 0.802343 0.262639 0.803898 0.262104 0.810309 0.279504 0.809680 0.280039 0.803269 0.282984 0.799967 0.284322 0.799919 0.287267 0.796616 0.288606 0.796567 0.293022 0.791615 0.294360 0.791566 0.300250 0.784962 0.300384 0.783359 0.340134 0.738781 0.344150 0.738636 0.345086 0.727417 0.341071 0.727562 0.339866 0.726007 0.338528 0.726056 0.337323 0.724501 0.335985 0.724549 0.334779 0.722995 0.333441 0.723043 0.332237 0.721489 0.330898 0.721538 0.328489 0.718428 0.327150 0.718476 0.325946 0.716922 0.324607 0.716971 0.323403 0.715416 0.322065 0.715464 0.319656 0.712356 0.318317 0.712405 0.317112 0.710850 0.315774 0.710898 0.314569 0.709343 0.313231 0.709392 0.310821 0.706284 0.309482 0.706332 0.308278 0.704777 0.306940 0.704826 0.304531 0.701717 0.303192 0.701765 0.301987 0.700210 0.300649 0.700259 0.299444 0.698705 0.298106 0.698753 0.295696 0.695644 0.294358 0.695693 0.291949 0.692584 0.290610 0.692632 0.289405 0.691078 0.288067 0.691127 0.285658 0.688017 0.284319 0.688065 0.283115 0.686511 0.281777 0.686560 0.279367 0.683451 0.278029 0.683499 0.276823 0.681945 0.275485 0.681994 0.274280 0.680439 0.272942 0.680487 0.269329 0.675824 0.266652 0.675921 0.265447 0.674366 0.264108 0.674414 0.261699 0.671306 0.260361 0.671354 0.259156 0.669799 0.257818 0.669847 0.255408 0.666740 0.254070 0.666788 0.251661 0.663678 0.250322 0.663726 0.249117 0.662173 0.247779 0.662221 0.244166 0.657557 0.242827 0.657606 0.241621 0.656052 0.240283 0.656100 0.239079 0.654545 0.237740 0.654593 0.235331 0.651486 0.233992 0.651534 0.232788 0.649979 0.231450 0.650027 0.227836 0.645365 0.226498 0.645413 0.225293 0.643858 0.223954 0.643906 0.220340 0.639243 0.217663 0.639339 0.215254 0.636232 0.213916 0.636280 0.211506 0.633170 0.210168 0.633219 0.208963 0.631665 0.207625 0.631713 0.205215 0.628604 0.203876 0.628653 0.201468 0.625544 0.200129 0.625592 0.198924 0.624037 0.197586 0.624086 0.195177 0.620978 0.193839 0.621026 0.190224 0.616362 0.188886 0.616411 0.186476 0.613302 0.185138 0.613350 0.183933 0.611796 0.182595 0.611845 0.180186 0.608735 0.174832 0.608928 0.173627 0.607374 0.172289 0.607423 0.169880 0.604314 0.168542 0.604362 0.167337 0.602807 0.165998 0.602856 0.164793 0.601302 0.163455 0.601350 0.161045 0.598241 0.159707 0.598290 0.158502 0.596735 0.157164 0.596783 0.155960 0.595229 0.154621 0.595278 0.152212 0.592169 0.150874 0.592217 0.149669 0.590663 0.148331 0.590711 0.147126 0.589157 0.145788 0.589205 0.143377 0.586096 0.142039 0.586144 0.140834 0.584591 0.139496 0.584639 0.138292 0.583084 0.136953 0.583132 0.133339 0.578469 0.130662 0.578565 0.129458 0.577011 0.128119 0.577060 0.124505 0.572396 0.123167 0.572444 0.119553 0.567782 0.118214 0.567830 0.117010 0.566275 0.115671 0.566324 0.114467 0.564770 0.113129 0.564818 0.109514 0.560155 0.108175 0.560204 0.105766 0.557094 0.104428 0.557142 0.102019 0.554033 0.100680 0.554082 0.099476 0.552528 0.098138 0.552576 0.095728 0.549467 0.094390 0.549516 0.091980 0.546407 0.090642 0.546455 0.088232 0.543346 0.086894 0.543395 0.085690 0.541840 0.084351 0.541888 0.083146 0.540334 0.081808 0.540383 0.080603 0.538828 0.079265 0.538876 0.078061 0.537322 0.076722 0.537370 0.075517 0.535816 0.072840 0.535912 0.069226 0.531250 0.067888 0.531298 0.065479 0.528189 0.064140 0.528237 0.059321 0.522020
0 0.254468 0.550126 0.253398 0.562948 0.258752 0.562755 0.261161 0.565864 0.262500 0.565815 0.267318 0.572033 0.268657 0.571985 0.269861 0.573539 0.269325 0.579950 0.280034 0.579564 0.280435 0.574755 0.281907 0.573104 0.282041 0.571501 0.283513 0.569851 0.288867 0.569657 0.289938 0.556835 0.284583 0.557028 0.283379 0.555474 0.283914 0.549063
1 0.051558 0.519104 0.041924 0.634501 0.044601 0.634404 0.045805 0.635959 0.048482 0.635863 0.049687 0.637416 0.051026 0.637368 0.052231 0.638922 0.053570 0.638874 0.055979 0.641983 0.057317 0.641935 0.058522 0.643489 0.059860 0.643441 0.061065 0.644995 0.062403 0.644946 0.064812 0.648056 0.066150 0.648008 0.068560 0.651116 0.069898 0.651068 0.072308 0.654176 0.073646 0.654128 0.074851 0.655682 0.076190 0.655634 0.078598 0.658743 0.079937 0.658695 0.082346 0.661803 0.083684 0.661755 0.086095 0.664864 0.087433 0.664816 0.089842 0.667924 0.092519 0.667828 0.094928 0.670936 0.094527 0.675744 0.114604 0.675019 0.115005 0.670211 0.120893 0.663607 0.122232 0.663559 0.123704 0.661907 0.125043 0.661859 0.127988 0.658557 0.129326 0.658508 0.135215 0.651904 0.136553 0.651856 0.136687 0.650254 0.139632 0.646952 0.140971 0.646903 0.141104 0.645301 0.146993 0.638697 0.147127 0.637093 0.151543 0.632141 0.152882 0.632092 0.154354 0.630441 0.154488 0.628838 0.155960 0.627187 0.157299 0.627139 0.164660 0.618883 0.165999 0.618835 0.166132 0.617232 0.167605 0.615582 0.172958 0.615388 0.173895 0.604169 0.167203 0.604411 0.165998 0.602856 0.164660 0.602904 0.161045 0.598241 0.159707 0.598290 0.158502 0.596735 0.157164 0.596783 0.155960 0.595229 0.154621 0.595278 0.151007 0.590615 0.149669 0.590663 0.148464 0.589108 0.147126 0.589157 0.144716 0.586048 0.143377 0.586096 0.142173 0.584542 0.140834 0.584591 0.138426 0.581482 0.137087 0.581530 0.135883 0.579975 0.134544 0.580024 0.133339 0.578469 0.132001 0.578517 0.129591 0.575409 0.128253 0.575458 0.125844 0.572348 0.124505 0.572396 0.122096 0.569288 0.120758 0.569337 0.118348 0.566227 0.117010 0.566275 0.115805 0.564721 0.114467 0.564770 0.110853 0.560107 0.109514 0.560155 0.108309 0.558600 0.106971 0.558649 0.103357 0.553985 0.100680 0.554082 0.099476 0.552528 0.098138 0.552576 0.095728 0.549467 0.094390 0.549516 0.093184 0.547962 0.091846 0.548010 0.088232 0.543346 0.085556 0.543443 0.084351 0.541888 0.083012 0.541936 0.080603 0.538828 0.079265 0.538876 0.078061 0.537322 0.076722 0.537370 0.075517 0.535816 0.074179 0.535864 0.072973 0.534310 0.071635 0.534358 0.068022 0.529696 0.066683 0.529744 0.065479 0.528189 0.064140 0.528237 0.060526 0.523574 0.060927 0.518766
0 0.607278 0.288114 0.604735 0.318566 0.635519 0.317454 0.637526 0.293413 0.632173 0.293606 0.630968 0.292051 0.631370 0.287244
0 0.529655 0.578538 0.527648 0.602580 0.553079 0.601662 0.555086 0.577620
0 0.451490 0.619711 0.450018 0.637341 0.475449 0.636423 0.476920 0.618792
0 0.629758 0.082771 0.628287 0.100400 0.633640 0.100207 0.636050 0.103317 0.637388 0.103269 0.638593 0.104822 0.639932 0.104774 0.641136 0.106329 0.640601 0.112739 0.655324 0.112207 0.655859 0.105797 0.657331 0.104146 0.658669 0.104097 0.660142 0.102447 0.664157 0.102302 0.664826 0.094288 0.659472 0.094481 0.658268 0.092926 0.656930 0.092974 0.655725 0.091421 0.653048 0.091517 0.651843 0.089962 0.649167 0.090059 0.646756 0.086951 0.647158 0.082143
0 0.293022 0.791615 0.292621 0.796422 0.289676 0.799726 0.288338 0.799774 0.286865 0.801425 0.285527 0.801473 0.284055 0.803124 0.282717 0.803173 0.281244 0.804823 0.275890 0.805017 0.274418 0.822646 0.279772 0.822453 0.283386 0.827116 0.283253 0.828719 0.289275 0.836491 0.288874 0.841300 0.299582 0.840913 0.300117 0.834502 0.304533 0.829549 0.304667 0.827945 0.306140 0.826295 0.306273 0.824693 0.307746 0.823041 0.307880 0.821438 0.324074 0.803277 0.328089 0.803132 0.329160 0.790310
0 0.775390 0.384308 0.772847 0.414760 0.792924 0.414035 0.795466 0.383583
0 0.246438 0.550416 0.246036 0.555225 0.244564 0.556876 0.243226 0.556924 0.241753 0.558575 0.237738 0.558720 0.235865 0.581159 0.265311 0.580095 0.265980 0.572081 0.264775 0.570527 0.264909 0.568924 0.260091 0.562707 0.260224 0.561103 0.263169 0.557801 0.264373 0.559356 0.268388 0.559211 0.270797 0.562320 0.269325 0.579950 0.282710 0.579467 0.285252 0.549015 0.259822 0.549933 0.259287 0.556344 0.257814 0.557995 0.256610 0.556441 0.252595 0.556586 0.251390 0.555032 0.251791 0.550223
0 0.921676 0.120529 0.886034 0.138503 0.886942 0.144311 0.925380 0.126236
0 0.923284 0.142998 0.890575 0.142511 0.901618 0.135436 0.925311 0.135417
0 0.116202 0.220538 0.107466 0.233367 0.114874 0.236438 0.125637 0.232711
0 0.548533 0.799965 0.546659 0.806423 0.554556 0.807737 0.567003 0.802493 0.563390 0.797830
0 0.481540 0.566916 0.474776 0.573141 0.478408 0.581982 0.486175 0.578712 0.488742 0.570394
0 0.517051 0.575354 0.515048 0.584398 0.522938 0.587104 0.529892 0.578627 0.524755 0.572832
0 0.532647 0.583015 0.549558 0.582404 0.555256 0.573974 0.545486 0.571336 0.537031 0.575380 0.533023 0.578514
0 0.618391 0.442708 0.619596 0.460242 0.632713 0.462964 0.643955 0.456166 0.637263 0.440429 0.622807 0.437755
0 0.117134 0.197157 0.115528 0.216389 0.128645 0.219112 0.137077 0.214013 0.126637 0.195216
