0 0.410299 0.257308 0.409056 0.263001 0.407298 0.264163 0.406987 0.265586 0.403472 0.267912 0.399131 0.267130 0.396335 0.279938 0.402122 0.280980 0.403258 0.282664 0.402947 0.284087 0.406356 0.289138 0.407804 0.289398 0.408940 0.291081 0.413281 0.291863 0.414417 0.293547 0.413485 0.297816 0.414931 0.298076 0.415863 0.293807 0.417622 0.292644 0.419068 0.292905 0.420826 0.291743 0.423720 0.292264 0.437782 0.282963 0.442123 0.283744 0.443988 0.275205 0.438199 0.274163 0.437063 0.272479 0.435616 0.272219 0.434480 0.270536 0.434791 0.269112 0.432519 0.265745 0.433451 0.261476
0 0.493718 0.467562 0.488124 0.493178 0.492465 0.493959 0.499283 0.504061 0.498350 0.508331 0.514266 0.511196 0.515199 0.506926 0.518714 0.504601 0.520161 0.504861 0.528950 0.499049 0.530396 0.499309 0.533912 0.496983 0.539700 0.498025 0.542807 0.483794 0.538467 0.483012 0.537330 0.481329 0.538573 0.475637
0 0.740498 0.577067 0.735837 0.598413 0.741625 0.599455 0.742760 0.601139 0.744208 0.601399 0.745344 0.603083 0.746791 0.603344 0.747927 0.605027 0.750821 0.605548 0.751957 0.607232 0.756298 0.608013 0.758056 0.606850 0.759503 0.607111 0.761261 0.605949 0.761571 0.604525 0.766845 0.601038 0.767467 0.598191 0.769224 0.597028 0.769535 0.595606 0.771293 0.594443 0.771604 0.593019 0.770467 0.591336 0.772331 0.582797
0 0.746325 0.495288 0.741353 0.518058 0.745693 0.518839 0.746830 0.520522 0.748278 0.520783 0.751686 0.525834 0.750753 0.530103 0.759435 0.531666 0.760367 0.527397 0.763883 0.525072 0.765329 0.525332 0.767088 0.524169 0.768534 0.524430 0.773808 0.520942 0.774118 0.519520 0.777634 0.517194 0.781974 0.517976 0.783218 0.512282 0.778877 0.511501 0.775469 0.506451 0.776712 0.500758
0 0.809643 0.370613 0.808399 0.376305 0.803127 0.379793 0.802816 0.381216 0.801058 0.382378 0.795270 0.381336 0.791541 0.398415 0.795881 0.399196 0.797018 0.400879 0.801358 0.401661 0.802495 0.403345 0.804253 0.402182 0.808594 0.402963 0.809730 0.404647 0.812624 0.405168 0.813760 0.406851 0.815207 0.407112 0.816343 0.408796 0.819237 0.409317 0.820994 0.408154 0.822442 0.408414 0.824199 0.407252 0.825646 0.407513 0.827405 0.406350 0.828851 0.406610 0.830608 0.405448 0.832056 0.405708 0.833814 0.404545 0.835261 0.404806 0.837018 0.403643 0.842807 0.404685 0.846225 0.389031 0.840436 0.387989 0.839301 0.386305 0.839611 0.384882 0.836202 0.379832 0.837134 0.375562
0 0.444890 0.553432 0.441160 0.570509 0.445501 0.571290 0.448910 0.576341 0.448599 0.577764 0.453144 0.584499 0.452212 0.588769 0.459446 0.590071 0.460378 0.585801 0.463895 0.583476 0.465341 0.583736 0.475888 0.576761 0.480229 0.577542 0.483958 0.560465
0 0.429741 0.237143 0.425080 0.258490 0.429421 0.259272 0.436237 0.269372 0.437685 0.269633 0.439957 0.273000 0.445745 0.274042 0.451018 0.270555 0.452465 0.270815 0.464769 0.262676 0.470557 0.263718 0.472732 0.253757 0.468392 0.252975 0.466119 0.249608 0.467362 0.243916
0 0.378893 0.222073 0.377650 0.227766 0.372377 0.231253 0.365142 0.229951 0.361724 0.245605 0.367512 0.246647 0.368647 0.248331 0.367405 0.254023 0.376086 0.255586 0.377329 0.249894 0.382603 0.246406 0.384050 0.246666 0.385808 0.245503 0.386118 0.244081 0.389634 0.241755 0.391081 0.242016 0.399870 0.236202 0.404211 0.236984 0.404833 0.234138 0.400491 0.233356 0.399354 0.231673 0.400597 0.225980
0 0.789278 0.153962 0.788035 0.159654 0.784520 0.161979 0.784209 0.163402 0.780694 0.165728 0.780384 0.167151 0.776867 0.169476 0.775935 0.173745 0.774178 0.174908 0.773867 0.176332 0.772110 0.177494 0.771799 0.178917 0.770041 0.180080 0.769108 0.184349 0.767351 0.185512 0.766108 0.191204 0.764350 0.192367 0.764039 0.193790 0.762281 0.194952 0.757941 0.194171 0.746442 0.246826 0.750783 0.247608 0.751919 0.249292 0.751609 0.250715 0.752746 0.252398 0.752124 0.255245 0.753260 0.256928 0.752638 0.259774 0.753775 0.261458 0.753153 0.264304 0.754289 0.265988 0.753667 0.268834 0.754803 0.270518 0.754182 0.273363 0.755318 0.275047 0.755008 0.276471 0.756144 0.278154 0.755523 0.281001 0.756659 0.282684 0.756037 0.285531 0.758309 0.288898 0.757999 0.290321 0.759134 0.292005 0.758824 0.293427 0.763368 0.300162 0.764816 0.300422 0.767088 0.303789 0.766156 0.308059 0.769050 0.308580 0.770293 0.302887 0.772051 0.301725 0.773498 0.301985 0.777013 0.299660 0.778460 0.299920 0.783733 0.296433 0.788074 0.297214 0.800504 0.240290 0.790376 0.238466 0.788104 0.235098 0.789347 0.229406 0.788211 0.227723 0.789454 0.222030 0.788317 0.220346 0.790182 0.211807 0.789045 0.210124 0.790910 0.201585 0.789774 0.199901 0.793814 0.181401 0.795571 0.180239 0.797125 0.173123 0.798883 0.171961 0.800126 0.166267 0.798990 0.164584 0.799300 0.163161 0.798165 0.161478 0.799408 0.155785
0 0.784821 0.401642 0.777362 0.435797 0.781704 0.436578 0.787384 0.444997 0.788832 0.445257 0.791103 0.448623 0.792551 0.448884 0.801340 0.443071 0.801651 0.441648 0.805166 0.439322 0.805477 0.437900 0.808991 0.435574 0.809302 0.434152 0.812818 0.431826 0.813129 0.430403 0.814886 0.429240 0.815508 0.426393 0.817265 0.425231 0.818819 0.418116 0.817372 0.417856 0.816237 0.416172 0.814789 0.415911 0.811381 0.410860 0.812313 0.406591
0 0.506419 0.712415 0.503001 0.728068 0.507342 0.728850 0.508478 0.730534 0.507546 0.734803 0.535039 0.739752 0.537835 0.726945 0.533494 0.726163 0.531222 0.722796 0.532465 0.717103
0 0.779985 0.134540 0.778742 0.140232 0.771711 0.144883 0.771401 0.146306 0.766127 0.149794 0.765816 0.151217 0.760543 0.154705 0.754756 0.153663 0.747919 0.184972 0.755154 0.186274 0.756911 0.185111 0.759805 0.185632 0.761563 0.184470 0.761874 0.183047 0.765389 0.180721 0.765700 0.179298 0.767458 0.178135 0.767768 0.176712 0.769527 0.175550 0.769837 0.174127 0.773353 0.171802 0.773974 0.168955 0.775732 0.167793 0.776353 0.164947 0.778110 0.163784 0.778421 0.162360 0.780179 0.161198 0.780490 0.159774 0.784006 0.157450 0.784316 0.156026 0.803651 0.143238 0.804583 0.138968
0 0.774876 0.447182 0.767729 0.479913 0.783645 0.482778 0.784577 0.478509 0.788093 0.476184 0.789540 0.476444 0.791297 0.475282 0.791608 0.473859 0.798640 0.469208 0.798951 0.467785 0.797814 0.466101 0.798125 0.464679 0.794716 0.459627 0.795026 0.458205 0.793891 0.456521 0.795134 0.450828
0 0.808050 0.240168 0.787229 0.335517 0.798805 0.337601 0.800048 0.331908 0.801805 0.330746 0.802116 0.329324 0.803874 0.328161 0.804496 0.325314 0.806254 0.324151 0.807186 0.319882 0.808943 0.318720 0.810186 0.313028 0.811944 0.311864 0.814119 0.301903 0.815877 0.300740 0.819606 0.283663 0.818470 0.281979 0.819402 0.277710 0.818266 0.276026 0.818888 0.273180 0.817752 0.271496 0.818374 0.268650 0.817237 0.266967 0.817859 0.264120 0.816722 0.262436 0.817033 0.261014 0.815897 0.259330 0.816518 0.256484 0.815383 0.254800 0.815693 0.253377 0.814557 0.251694 0.814867 0.250270 0.813732 0.248586 0.814043 0.247163 0.812906 0.245479 0.813838 0.241210
0 0.102202 0.414829 0.097851 0.434752 0.102191 0.435534 0.104465 0.438901 0.105911 0.439162 0.107047 0.440845 0.108494 0.441105 0.109631 0.442789 0.111078 0.443050 0.113350 0.446417 0.112418 0.450686 0.119652 0.451988 0.120584 0.447719 0.124100 0.445394 0.129889 0.446436 0.132375 0.435051 0.128033 0.434270 0.126897 0.432586 0.124003 0.432065 0.122867 0.430381 0.121420 0.430121 0.116876 0.423387 0.118119 0.417694
0 0.801019 0.244819 0.782684 0.328783 0.787025 0.329564 0.788161 0.331248 0.787229 0.335517 0.797359 0.337340 0.798291 0.333072 0.800048 0.331908 0.800359 0.330486 0.802116 0.329324 0.802427 0.327900 0.804185 0.326738 0.804807 0.323891 0.806565 0.322729 0.807497 0.318460 0.809254 0.317297 0.810497 0.311604 0.812255 0.310441 0.816605 0.290518 0.818363 0.289355 0.817227 0.287672 0.819092 0.279132 0.817956 0.277449 0.818577 0.274603 0.817441 0.272920 0.818063 0.270073 0.816926 0.268390 0.817859 0.264120 0.816722 0.262436 0.817033 0.261014 0.815897 0.259330 0.816518 0.256484 0.815383 0.254800 0.815693 0.253377 0.814557 0.251694 0.815489 0.247424
0 0.813129 0.430403 0.811886 0.436095 0.806613 0.439583 0.806302 0.441006 0.799271 0.445657 0.793483 0.444615 0.790686 0.457423 0.795026 0.458205 0.798436 0.463255 0.798125 0.464679 0.801533 0.469729 0.800601 0.473999 0.815070 0.476604 0.816003 0.472334 0.819519 0.470009 0.820965 0.470269 0.829755 0.464457 0.831201 0.464717 0.838232 0.460066 0.842573 0.460847 0.845680 0.446616 0.841340 0.445834 0.840204 0.444151 0.838756 0.443891 0.836484 0.440524 0.837727 0.434831
0 0.393975 0.242537 0.392732 0.248229 0.390974 0.249392 0.385186 0.248350 0.381457 0.265428 0.391585 0.267251 0.396859 0.263763 0.398306 0.264024 0.400064 0.262860 0.401511 0.263121 0.403268 0.261959 0.403579 0.260535 0.405336 0.259373 0.406784 0.259633 0.412056 0.256146 0.417845 0.257188 0.420021 0.247226
0 0.077419 0.363037 0.074311 0.377268 0.080099 0.378310 0.081235 0.379993 0.082682 0.380254 0.083819 0.381938 0.082887 0.386207 0.090121 0.387509 0.091053 0.383240 0.098084 0.378590 0.102426 0.379372 0.102736 0.377949 0.098395 0.377167 0.096123 0.373799 0.096433 0.372376 0.095298 0.370693 0.096230 0.366424
0 0.787016 0.129889 0.786084 0.134158 0.779053 0.138810 0.778742 0.140232 0.771711 0.144883 0.771401 0.146306 0.766127 0.149794 0.765816 0.151217 0.760543 0.154705 0.754756 0.153663 0.747919 0.184972 0.758047 0.186795 0.759805 0.185632 0.761253 0.185892 0.763010 0.184730 0.763321 0.183308 0.765078 0.182144 0.765389 0.180721 0.767147 0.179559 0.767458 0.178135 0.769216 0.176973 0.769527 0.175550 0.771284 0.174387 0.771595 0.172964 0.773353 0.171802 0.773974 0.168955 0.775732 0.167793 0.776042 0.166369 0.777800 0.165207 0.778110 0.163784 0.779869 0.162621 0.780490 0.159774 0.782248 0.158612 0.782559 0.157190 0.798378 0.146725 0.802719 0.147507 0.805826 0.133276
0 0.773438 0.866977 0.770330 0.881208 0.777564 0.882510 0.779837 0.885877 0.778905 0.890146 0.780352 0.890407 0.781284 0.886138 0.784800 0.883813 0.786246 0.884073 0.788004 0.882910 0.789452 0.883171 0.791209 0.882008 0.793695 0.870623
0 0.813129 0.430403 0.811886 0.436095 0.806613 0.439583 0.806302 0.441006 0.799271 0.445657 0.793483 0.444615 0.790686 0.457423 0.795026 0.458205 0.798436 0.463255 0.798125 0.464679 0.801533 0.469729 0.800601 0.473999 0.816518 0.476864 0.817450 0.472595 0.827996 0.465619 0.829444 0.465879 0.836475 0.461229 0.842262 0.462271 0.845680 0.446616 0.841340 0.445834 0.840204 0.444151 0.838756 0.443891 0.836484 0.440524 0.837727 0.434831
0 0.543244 0.653965 0.540448 0.666773 0.547682 0.668075 0.548818 0.669759 0.551712 0.670280 0.553470 0.669117 0.554917 0.669378 0.556674 0.668215 0.562462 0.669257 0.564948 0.657872
0 0.295726 0.355007 0.292308 0.370662 0.300990 0.372225 0.301922 0.367955 0.305438 0.365630 0.309778 0.366411 0.311643 0.357873
0 0.165111 0.278247 0.164179 0.282516 0.162422 0.283680 0.162111 0.285103 0.156837 0.288590 0.156526 0.290014 0.153011 0.292338 0.147223 0.291296 0.141319 0.318336 0.147106 0.319378 0.150515 0.324428 0.150204 0.325852 0.151651 0.326113 0.153924 0.329480 0.152991 0.333749 0.155885 0.334270 0.157128 0.328578 0.160644 0.326252 0.161265 0.323406 0.163023 0.322243 0.163333 0.320821 0.165092 0.319658 0.165713 0.316812 0.167471 0.315649 0.167782 0.314226 0.169539 0.313063 0.169850 0.311640 0.176881 0.306989 0.179775 0.307510 0.181532 0.306348 0.185873 0.307130 0.187632 0.305967 0.189078 0.306227 0.192594 0.303902 0.196934 0.304683 0.198177 0.298991 0.193837 0.298209 0.190429 0.293159 0.190739 0.291736 0.189292 0.291475 0.187020 0.288108 0.188263 0.282415
0 0.166539 0.319918 0.165296 0.325611 0.161780 0.327936 0.157439 0.327155 0.147184 0.374118 0.152972 0.375160 0.158653 0.383577 0.157721 0.387847 0.169297 0.389931 0.170540 0.384238 0.174055 0.381913 0.175502 0.382174 0.184291 0.376360 0.185737 0.376621 0.186048 0.375197 0.187806 0.374035 0.188117 0.372611 0.189874 0.371449 0.194215 0.372231 0.189874 0.371449 0.188739 0.369765 0.189049 0.368343 0.187913 0.366659 0.188223 0.365236 0.187088 0.363553 0.187399 0.362129 0.186262 0.360445 0.186883 0.357599 0.185747 0.355916 0.186679 0.351647 0.185543 0.349963 0.187719 0.340000 0.189476 0.338838 0.190097 0.335992 0.191855 0.334830 0.194031 0.324867
0 0.201511 0.245939 0.208450 0.252908 0.211242 0.264333 0.220111 0.264889 0.233487 0.264178 0.231120 0.272592 0.228170 0.286103 0.220354 0.290417 0.203887 0.293174 0.195094 0.287430 0.187032 0.273497 0.179731 0.263341 0.185479 0.253974 0.202965 0.244120
0 0.090371 0.389237 0.098074 0.392704 0.105597 0.394578 0.111447 0.399273 0.110792 0.402275 0.101595 0.403220 0.092435 0.401571 0.085460 0.397195 0.086772 0.391189
0 0.121179 0.340174 0.110785 0.339342 0.104604 0.343432 0.104491 0.351212 0.110849 0.355998 0.120806 0.358831 0.125313 0.357561 0.126008 0.351965 0.121793 0.347045
0 0.186315 0.407548 0.190386 0.408281 0.195108 0.413293 0.197467 0.419438 0.192559 0.420115 0.184856 0.416648 0.182241 0.414097
0 0.257943 0.505738 0.258888 0.503826 0.262269 0.502875 0.265829 0.503516 0.271680 0.508211 0.273787 0.510670 0.274767 0.513447 0.268296 0.516442 0.266660 0.516668 0.262190 0.515343 0.257685 0.509331
0 0.272871 0.524547 0.277198 0.521686 0.280759 0.522327 0.284901 0.525153 0.287298 0.528704 0.288059 0.532483 0.284352 0.534935 0.280172 0.534703 0.278136 0.534337 0.274322 0.530010
0 0.071292 0.459655 0.081687 0.460485 0.086337 0.463402 0.080956 0.468674 0.073795 0.469987 0.065654 0.468521 0.063984 0.464060 0.067512 0.460014
0 0.495387 0.355532 0.485429 0.352699 0.480993 0.356062 0.483934 0.364391 0.486986 0.364941 0.493857 0.362538
0 0.714431 0.531747 0.725516 0.534262 0.736525 0.541964 0.737391 0.552522 0.736006 0.563715 0.726297 0.571849 0.714119 0.574337 0.703435 0.572413 0.695442 0.567855 0.688978 0.556289 0.689384 0.542320 0.699092 0.534186
0 0.647019 0.128509 0.640442 0.124724 0.623870 0.120701 0.616054 0.125015 0.614561 0.129427 0.620738 0.132619 0.635241 0.131590
0 0.502606 0.152958 0.503732 0.152642 0.505553 0.146728 0.497521 0.144764 0.490978 0.145665 0.484108 0.148070 0.478146 0.151157 0.480253 0.153616 0.485741 0.155125 0.496681 0.153453
0 0.452590 0.161639 0.448229 0.159813 0.440344 0.154752 0.434749 0.153745 0.426604 0.159560 0.423914 0.162197 0.418968 0.165468 0.417114 0.166694 0.434413 0.169808 0.442739 0.165586 0.451971 0.162046
0 0.410789 0.166596 0.404613 0.163402 0.397999 0.162211 0.387239 0.165476 0.384149 0.167520 0.382874 0.170931 0.396502 0.173905 0.404718 0.170184
1 0.314524 0.445192 0.461314 0.390484 0.493081 0.465375 0.502380 0.555982 0.489660 0.553692
1 0.437821 0.420580 0.450711 0.523798 0.384629 0.458333 0.359124 0.437099 0.391551 0.424213
1 0.514376 0.474409 0.725069 0.325628 0.494390 0.311665 0.442475 0.338725 0.499002 0.472162 0.518046 0.474549
1 0.547212 0.440273 0.531251 0.372909 0.608431 0.334277 0.448291 0.338732 0.537107 0.440535
1 0.754951 0.622253 0.747076 0.827829 0.612418 0.742219 0.558006 0.674173
1 0.075865 0.400098 0.068180 0.406998 0.063547 0.412790 0.061690 0.421294 0.082641 0.433348 0.098805 0.446752 0.116977 0.463829 0.120605 0.460064 0.113817 0.450006 0.090024 0.409826
1 0.063387 0.423808 0.074269 0.427977 0.089933 0.438528 0.101816 0.448398 0.113001 0.461457 0.114043 0.464406 0.092543 0.467715 0.085404 0.466983 0.080929 0.461758 0.075642 0.460254 0.069468 0.460247 0.064798 0.461063 0.054612 0.453707
0 0.213461 0.384554 0.228664 0.389499 0.243292 0.389370 0.259309 0.390597 0.266445 0.399062 0.261767 0.415340 0.256476 0.421566 0.241613 0.430488 0.224517 0.429067 0.212830 0.413157 0.207087 0.398316
