0 0.770583 0.471032 0.766020 0.502131 0.759856 0.501033 0.752677 0.506847 0.751136 0.506572 0.745752 0.510933 0.744210 0.510659 0.742416 0.512111 0.740875 0.511837 0.739080 0.513291 0.735998 0.512742 0.734204 0.514195 0.733444 0.519379 0.731902 0.519104 0.732662 0.513921 0.730087 0.509917 0.727005 0.509368 0.725716 0.507366 0.724176 0.507092 0.722888 0.505089 0.721347 0.504815 0.720059 0.502812 0.718518 0.502538 0.717231 0.500537 0.715689 0.500262 0.713114 0.496258 0.711572 0.495984 0.710285 0.493981 0.705662 0.493158 0.707436 0.481065 0.713600 0.482162 0.717190 0.479255 0.718730 0.479530 0.724114 0.475169 0.725656 0.475443 0.732834 0.469631 0.733594 0.464447
0 0.777401 0.812630 0.772839 0.843729 0.766675 0.842632 0.754113 0.852806 0.753859 0.854533 0.752318 0.854259 0.748728 0.857166 0.747968 0.862348 0.729474 0.859056 0.730234 0.853873 0.722508 0.841861 0.717885 0.841038 0.723461 0.803028
0 0.646684 0.668807 0.642628 0.696451 0.638005 0.695628 0.636210 0.697082 0.634669 0.696807 0.631080 0.699713 0.630826 0.701441 0.625443 0.705802 0.624429 0.712713 0.602852 0.708871 0.603866 0.701961 0.601291 0.697956 0.601798 0.694500 0.600509 0.692498 0.600763 0.690771 0.599476 0.688769 0.594853 0.687946 0.596880 0.674124 0.601503 0.674947 0.605093 0.672040 0.605599 0.668585 0.607394 0.667132 0.608154 0.661948
0 0.209228 0.179633 0.208214 0.186544 0.209501 0.188545 0.211043 0.188820 0.213618 0.192824 0.215160 0.193098 0.217734 0.197103 0.222358 0.197927 0.218050 0.227297 0.213426 0.226474 0.211631 0.227927 0.210091 0.227653 0.208296 0.229107 0.206755 0.228832 0.204960 0.230286 0.203418 0.230012 0.201624 0.231464 0.197000 0.230641 0.191616 0.235002 0.190075 0.234728 0.188281 0.236180 0.186739 0.235906 0.184945 0.237359 0.177240 0.235987 0.175444 0.237441 0.174684 0.242625 0.171602 0.242076 0.172362 0.236892 0.171074 0.234890 0.167993 0.234341 0.166704 0.232339 0.163622 0.231791 0.159758 0.225785 0.158218 0.225511 0.154355 0.219504 0.152813 0.219230 0.146375 0.209219 0.140211 0.208121 0.143505 0.185662 0.149670 0.186759 0.155054 0.182398 0.156594 0.182673 0.161979 0.178313 0.162992 0.171402
0 0.185427 0.622151 0.184667 0.627335 0.185954 0.629336 0.190578 0.630159 0.177906 0.716545 0.171741 0.715448 0.168152 0.718355 0.167391 0.723537 0.147356 0.719970 0.148116 0.714788 0.141678 0.704777 0.141931 0.703050 0.136780 0.695041 0.137034 0.693313 0.134458 0.689310 0.134712 0.687582 0.132136 0.683578 0.132390 0.681849 0.128527 0.675844 0.128781 0.674116 0.127492 0.672114 0.127746 0.670387 0.125171 0.666382 0.125424 0.664654 0.122848 0.660650 0.123102 0.658923 0.119238 0.652916 0.119492 0.651189 0.114342 0.643180 0.114595 0.641453 0.109444 0.633444 0.103280 0.632347 0.106828 0.608159
0 0.187897 0.303480 0.186883 0.310391 0.188171 0.312392 0.189712 0.312667 0.190999 0.314669 0.192540 0.314944 0.193829 0.316946 0.198452 0.317769 0.194903 0.341957 0.188739 0.340860 0.183355 0.345220 0.182595 0.350403 0.161018 0.346562 0.161779 0.341379 0.154052 0.329366 0.152511 0.329092 0.147360 0.321083 0.145818 0.320809 0.141956 0.314802 0.137332 0.313979 0.138599 0.305341 0.144764 0.306438 0.146559 0.304985 0.146812 0.303257 0.148606 0.301803 0.149367 0.296621
0 0.271893 0.453169 0.270879 0.460079 0.272166 0.462082 0.278331 0.463179 0.275036 0.485639 0.268871 0.484542 0.265282 0.487449 0.263742 0.487174 0.261946 0.488628 0.260405 0.488354 0.256817 0.491259 0.255275 0.490985 0.249891 0.495346 0.248350 0.495071 0.242966 0.499431 0.241425 0.499156 0.239631 0.500610 0.238089 0.500336 0.236294 0.501790 0.219341 0.498772 0.218054 0.496769 0.213430 0.495946 0.212142 0.493943 0.210601 0.493669 0.208026 0.489666 0.206484 0.489392 0.200046 0.479381 0.198504 0.479106 0.195930 0.475102 0.189765 0.474005 0.192300 0.456728 0.198464 0.457825 0.207437 0.450559 0.208979 0.450833 0.210773 0.449379 0.211787 0.442469
0 0.668942 0.226015 0.668182 0.231197 0.673334 0.239206 0.674875 0.239480 0.680025 0.247489 0.681566 0.247764 0.698307 0.273790 0.698053 0.275517 0.703204 0.283527 0.709369 0.284624 0.704300 0.319179 0.698135 0.318081 0.685572 0.328254 0.684032 0.327980 0.678648 0.332340 0.677106 0.332066 0.673517 0.334973 0.671976 0.334698 0.670181 0.336151 0.668640 0.335877 0.666846 0.337330 0.665305 0.337055 0.661716 0.339962 0.660174 0.339688 0.658380 0.341142 0.656838 0.340867 0.653249 0.343774 0.652489 0.348958 0.641701 0.347037 0.642461 0.341853 0.641173 0.339851 0.641427 0.338124 0.640138 0.336121 0.643180 0.315389 0.641893 0.313387 0.643413 0.303021 0.642125 0.301018 0.643392 0.292380 0.642105 0.290378 0.643372 0.281739 0.642085 0.279738 0.643606 0.269370 0.642318 0.267369 0.643078 0.262185 0.641791 0.260184 0.642298 0.256728 0.641009 0.254727 0.641770 0.249543 0.640483 0.247540 0.641243 0.242358 0.639955 0.240356 0.635331 0.239533 0.636852 0.229166 0.641476 0.229989 0.643271 0.228536 0.644284 0.221625
0 0.567998 0.342780 0.563436 0.373879 0.557271 0.372782 0.553682 0.375688 0.552921 0.380872 0.539050 0.378403 0.539811 0.373219 0.537235 0.369215 0.535695 0.368941 0.529256 0.358931 0.527715 0.358656 0.525140 0.354651 0.525646 0.351196 0.524358 0.349194 0.524612 0.347466 0.526407 0.346013 0.527927 0.335647
0 0.984319 0.523264 0.981024 0.545725 0.976400 0.544902 0.974606 0.546355 0.973065 0.546080 0.971270 0.547533 0.969729 0.547259 0.960756 0.554526 0.959996 0.559710 0.929172 0.554222 0.930186 0.547312 0.927611 0.543307 0.928371 0.538124 0.930166 0.536671 0.930420 0.534943 0.932214 0.533489 0.933754 0.533763 0.939139 0.529404 0.940680 0.529678 0.946064 0.525317 0.947606 0.525592 0.949400 0.524139 0.950413 0.517228
0 0.163320 0.341653 0.160278 0.362385 0.154113 0.361288 0.141551 0.371461 0.140538 0.378373 0.112795 0.373434 0.113556 0.368251 0.110981 0.364247 0.104816 0.363149 0.109378 0.332050
0 0.480433 0.206639 0.473083 0.256742 0.466918 0.255645 0.461534 0.260005 0.459993 0.259731 0.458199 0.261185 0.456657 0.260911 0.454863 0.262363 0.453322 0.262089 0.451527 0.263542 0.448445 0.262993 0.446650 0.264447 0.445890 0.269630 0.446650 0.264447 0.445362 0.262444 0.442281 0.261896 0.440992 0.259894 0.437910 0.259345 0.432759 0.251337 0.431217 0.251063 0.428643 0.247059 0.428896 0.245330 0.426321 0.241327 0.424779 0.241053 0.423491 0.239050 0.423744 0.237323 0.418594 0.229314 0.418847 0.227587 0.414985 0.221580 0.410361 0.220757 0.412895 0.203481 0.417519 0.204304 0.419314 0.202850 0.420328 0.195939
0 0.745724 0.629708 0.744964 0.634890 0.747539 0.638895 0.749080 0.639170 0.752943 0.645176 0.754484 0.645450 0.755771 0.647452 0.757313 0.647727 0.758601 0.649728 0.760142 0.650003 0.762717 0.654007 0.764258 0.654281 0.765546 0.656284 0.767088 0.656558 0.768375 0.658560 0.769916 0.658834 0.771204 0.660837 0.772746 0.661111 0.774033 0.663113 0.775575 0.663387 0.776862 0.665388 0.779944 0.665937 0.781232 0.667940 0.782773 0.668214 0.784060 0.670217 0.791767 0.671588 0.789992 0.683682 0.783828 0.682585 0.782033 0.684037 0.780492 0.683763 0.776903 0.686671 0.775361 0.686396 0.773567 0.687849 0.772026 0.687575 0.768437 0.690482 0.767676 0.695665 0.733770 0.689629 0.734530 0.684446 0.731956 0.680442 0.730414 0.680167 0.717537 0.660146 0.715995 0.659872 0.706982 0.645858 0.702358 0.645035 0.705653 0.622574
0 0.801929 0.214232 0.796100 0.253969 0.774523 0.250128 0.775284 0.244946 0.772708 0.240941 0.771168 0.240667 0.769879 0.238664 0.766797 0.238116 0.764222 0.234112 0.762680 0.233837 0.761393 0.231836 0.756770 0.231013 0.758290 0.220646 0.764454 0.221744 0.768043 0.218837 0.771127 0.219386 0.776510 0.215025 0.777271 0.209843
0 0.280890 0.057655 0.277342 0.081843 0.268095 0.080197 0.266300 0.081649 0.265012 0.079648 0.263472 0.079374 0.260896 0.075369 0.257813 0.074821 0.256526 0.072818 0.253443 0.072269 0.252155 0.070268 0.249074 0.069719 0.247785 0.067718 0.243161 0.066894 0.245443 0.051344
0 0.806639 0.527090 0.802584 0.554734 0.796419 0.553636 0.794624 0.555090 0.793083 0.554816 0.787700 0.559175 0.786158 0.558901 0.782569 0.561807 0.781028 0.561533 0.772054 0.568799 0.771041 0.575710 0.758711 0.573515 0.759471 0.568333 0.758184 0.566330 0.756643 0.566056 0.754067 0.562052 0.752526 0.561777 0.751238 0.559776 0.749698 0.559501 0.743258 0.549492 0.743512 0.547763 0.740937 0.543759 0.736313 0.542936 0.737326 0.536025 0.743492 0.537123 0.745286 0.535669 0.745540 0.533942 0.752718 0.528128 0.754260 0.528403 0.759643 0.524043 0.760403 0.518859
0 0.315900 0.638286 0.312351 0.662474 0.307727 0.661651 0.304139 0.664558 0.302111 0.678380 0.300316 0.679834 0.299556 0.685016 0.295967 0.687923 0.291344 0.687100 0.287480 0.681094 0.287734 0.679366 0.285158 0.675362 0.280534 0.674539 0.283576 0.653806 0.289741 0.654904 0.293330 0.651997 0.293583 0.650269 0.302557 0.643002 0.303570 0.636092
0 0.705616 0.870765 0.701814 0.896681 0.681779 0.893114 0.680491 0.891112 0.678951 0.890837 0.677663 0.888836 0.673040 0.888013 0.676335 0.865552
0 0.198166 0.837159 0.194364 0.863074 0.168164 0.858410 0.168924 0.853228 0.167637 0.851225 0.167890 0.849498 0.165315 0.845494 0.160691 0.844671 0.165315 0.845494 0.168904 0.842587 0.169157 0.840859 0.170951 0.839406 0.171965 0.832495
0 0.837544 0.575140 0.836784 0.580323 0.838071 0.582325 0.842695 0.583148 0.838386 0.612519 0.833762 0.611696 0.831968 0.613150 0.830426 0.612875 0.825043 0.617236 0.823501 0.616961 0.818118 0.621321 0.816576 0.621047 0.814782 0.622501 0.811700 0.621952 0.809906 0.623405 0.799117 0.621484 0.796541 0.617480 0.795001 0.617206 0.791137 0.611200 0.791391 0.609472 0.788815 0.605468 0.787273 0.605193 0.779547 0.593181 0.773382 0.592083 0.775917 0.574806 0.782082 0.575904 0.787466 0.571543 0.788226 0.566360
0 0.698193 0.748890 0.697432 0.754074 0.698720 0.756076 0.703343 0.756899 0.699288 0.784542 0.693123 0.783445 0.678766 0.795072 0.678006 0.800254 0.657971 0.796687 0.658732 0.791505 0.656156 0.787501 0.656410 0.785772 0.655121 0.783771 0.655375 0.782044 0.651511 0.776037 0.651765 0.774309 0.642751 0.760295 0.643005 0.758566 0.641716 0.756565 0.641970 0.754837 0.640683 0.752835 0.636060 0.752012 0.638087 0.738190
0 0.118789 0.418822 0.117522 0.427461 0.118809 0.429462 0.118303 0.432918 0.122166 0.438925 0.123707 0.439199 0.128858 0.447207 0.135022 0.448305 0.133755 0.456943 0.129132 0.456120 0.127337 0.457574 0.125795 0.457299 0.124001 0.458752 0.122460 0.458478 0.120666 0.459930 0.119378 0.457929 0.114754 0.457106 0.113467 0.455104 0.111925 0.454830 0.110638 0.452827 0.109096 0.452553 0.107808 0.450550 0.108062 0.448823 0.106774 0.446821 0.105234 0.446546 0.098795 0.436536 0.097253 0.436262 0.095966 0.434260 0.097233 0.425621 0.099027 0.424168 0.100294 0.415529
0 0.143697 0.820371 0.141163 0.837649 0.133456 0.836277 0.129867 0.839183 0.129107 0.844366 0.121401 0.842994 0.122162 0.837812 0.119586 0.833808 0.119840 0.832079 0.117264 0.828076 0.112641 0.827253 0.114415 0.815159
0 0.071372 0.062904 0.065796 0.100914 0.061173 0.100091 0.059378 0.101545 0.057836 0.101271 0.056042 0.102724 0.055282 0.107906 0.044494 0.105986 0.051338 0.059338
0 0.862889 0.402368 0.859848 0.423101 0.853683 0.422003 0.851888 0.423457 0.850348 0.423183 0.834195 0.436262 0.832655 0.435988 0.830861 0.437441 0.829319 0.437167 0.827524 0.438620 0.825983 0.438346 0.824188 0.439799 0.808777 0.437055 0.806982 0.438509 0.791570 0.435766 0.790283 0.433763 0.784118 0.432666 0.781542 0.428661 0.780001 0.428387 0.778714 0.426386 0.777172 0.426111 0.774597 0.422107 0.773055 0.421833 0.767905 0.413824 0.761741 0.412727 0.764275 0.395450 0.770439 0.396547 0.772234 0.395093 0.775317 0.395642 0.777111 0.394189 0.780194 0.394738 0.781988 0.393284 0.782748 0.388101
0 0.969194 0.669490 0.964378 0.702317 0.959755 0.701494 0.960515 0.696310 0.957940 0.692306 0.956398 0.692032 0.955110 0.690030 0.953569 0.689756 0.952281 0.687753 0.950741 0.687479 0.948165 0.683474 0.943542 0.682651 0.946077 0.665374
0 0.662091 0.402079 0.661331 0.407261 0.666482 0.415270 0.668023 0.415544 0.670598 0.419549 0.670345 0.421277 0.672920 0.425281 0.672667 0.427009 0.676531 0.433015 0.681154 0.433838 0.673297 0.487396 0.657885 0.484653 0.658645 0.479470 0.656070 0.475466 0.656323 0.473738 0.651172 0.465729 0.651426 0.464002 0.646275 0.455994 0.644734 0.455720 0.640871 0.449714 0.639329 0.449439 0.638042 0.447437 0.636500 0.447162 0.631350 0.439154 0.629808 0.438880 0.625945 0.432874 0.624404 0.432600 0.623116 0.430597 0.621575 0.430323 0.620288 0.428321 0.618746 0.428047 0.617459 0.426044 0.615917 0.425770 0.614630 0.423768 0.613089 0.423493 0.611800 0.421491 0.610260 0.421217 0.607684 0.417213 0.606143 0.416939 0.603568 0.412935 0.602027 0.412660 0.599451 0.408656 0.597909 0.408382 0.596622 0.406380 0.595080 0.406106 0.593793 0.404103 0.592253 0.403829 0.590964 0.401826 0.589424 0.401552 0.589931 0.398096 0.588642 0.396095 0.589656 0.389184
0 0.084683 0.575851 0.079360 0.612133 0.074737 0.611310 0.067558 0.617123 0.067304 0.618851 0.065510 0.620304 0.060886 0.619481 0.058312 0.615477 0.058565 0.613750 0.057277 0.611748 0.057784 0.608292 0.056497 0.606290 0.057257 0.601108 0.055969 0.599105 0.051346 0.598282 0.052106 0.593099 0.056729 0.593922 0.058524 0.592468 0.058778 0.590740 0.060572 0.589287 0.060825 0.587560 0.062621 0.586106 0.062874 0.584378 0.064668 0.582925 0.064922 0.581197 0.066716 0.579744 0.067730 0.572833
0 0.158332 0.418770 0.154784 0.442958 0.145537 0.441312 0.143743 0.442766 0.142201 0.442491 0.140913 0.440489 0.136290 0.439666 0.135001 0.437664 0.133461 0.437390 0.130885 0.433384 0.131139 0.431657 0.129851 0.429656 0.132132 0.414106
0 0.390841 0.084319 0.389320 0.094686 0.381614 0.093314 0.379820 0.094767 0.378279 0.094493 0.376484 0.095946 0.374942 0.095672 0.373148 0.097126 0.371607 0.096852 0.369812 0.098304 0.365188 0.097481 0.363394 0.098934 0.357229 0.097837 0.355942 0.095835 0.354400 0.095561 0.351825 0.091557 0.347202 0.090734 0.347709 0.087278 0.352332 0.088101 0.354127 0.086648 0.354380 0.084920 0.356174 0.083467 0.356935 0.078284
0 0.142794 0.082710 0.142034 0.087893 0.144608 0.091898 0.144355 0.093625 0.154657 0.109642 0.159281 0.110465 0.155986 0.132926 0.143656 0.130731 0.144417 0.125547 0.141841 0.121543 0.138759 0.120994 0.136183 0.116990 0.134642 0.116716 0.129492 0.108708 0.127950 0.108433 0.124088 0.102427 0.122546 0.102152 0.117395 0.094145 0.115853 0.093870 0.111991 0.087864 0.107367 0.087041 0.108887 0.076674
0 0.342537 0.068629 0.337975 0.099728 0.331810 0.098631 0.324632 0.104444 0.323091 0.104170 0.319502 0.107076 0.318741 0.112260 0.304870 0.109791 0.305631 0.104607 0.304342 0.102606 0.302802 0.102331 0.301514 0.100329 0.299973 0.100054 0.290959 0.086039 0.284795 0.084942 0.287329 0.067665 0.291952 0.068488 0.293747 0.067035 0.294761 0.060124
0 0.747379 0.154882 0.744591 0.173886 0.723015 0.170045 0.723775 0.164863 0.722488 0.162860 0.722995 0.159406 0.721706 0.157403 0.717083 0.156580 0.718097 0.149669
0 0.101023 0.259649 0.100263 0.264833 0.109276 0.278847 0.110817 0.279121 0.117256 0.289132 0.118797 0.289406 0.120085 0.291408 0.126250 0.292506 0.122448 0.318421 0.087001 0.312111 0.087762 0.306928 0.085185 0.302924 0.083645 0.302649 0.082356 0.300648 0.080816 0.300373 0.075665 0.292364 0.074124 0.292090 0.067685 0.282080 0.066144 0.281806 0.063568 0.277801 0.063821 0.276074 0.061247 0.272069 0.055081 0.270971 0.057869 0.251967
0 0.327461 0.775080 0.326700 0.780263 0.327988 0.782265 0.329529 0.782540 0.330816 0.784542 0.355476 0.788932 0.357270 0.787478 0.371141 0.789948 0.372429 0.791950 0.381676 0.793596 0.377874 0.819511 0.373251 0.818688 0.371456 0.820142 0.369914 0.819868 0.368120 0.821321 0.365038 0.820772 0.363243 0.822225 0.357078 0.821127 0.355284 0.822581 0.352201 0.822033 0.350407 0.823487 0.345783 0.822663 0.343989 0.824116 0.339365 0.823293 0.335776 0.826200 0.335015 0.831384 0.304192 0.825896 0.304952 0.820713 0.302377 0.816708 0.300835 0.816434 0.299548 0.814433 0.298007 0.814158 0.290281 0.802145 0.290534 0.800418 0.287958 0.796413 0.288211 0.794686 0.286924 0.792684 0.287178 0.790955 0.285890 0.788954 0.286144 0.787227 0.280992 0.779217 0.281245 0.777490 0.279958 0.775489 0.281225 0.766849
0 0.493175 0.691119 0.492415 0.696302 0.494991 0.700307 0.498073 0.700856 0.499361 0.702857 0.502443 0.703406 0.503730 0.705407 0.511437 0.706779 0.512725 0.708782 0.520430 0.710154 0.515868 0.741253 0.509703 0.740155 0.507909 0.741608 0.506895 0.748519 0.499189 0.747147 0.499949 0.741964 0.498661 0.739962 0.497121 0.739687 0.494545 0.735684 0.493004 0.735410 0.491716 0.733407 0.490175 0.733133 0.486312 0.727126 0.484770 0.726852 0.483483 0.724850 0.481942 0.724576 0.480654 0.722574 0.479113 0.722300 0.477825 0.720297 0.476284 0.720023 0.473708 0.716019 0.472167 0.715745 0.469592 0.711741 0.468050 0.711466 0.466763 0.709465 0.465222 0.709190 0.463934 0.707188 0.462393 0.706913 0.459817 0.702909 0.458276 0.702635 0.456989 0.700633 0.455447 0.700359 0.454160 0.698356 0.452619 0.698082 0.447468 0.690074 0.442845 0.689251 0.443859 0.682340
0 0.529228 0.477705 0.526440 0.496710 0.503322 0.492594 0.506109 0.473590
0 0.057424 0.287345 0.056664 0.292528 0.059239 0.296532 0.060780 0.296807 0.062068 0.298808 0.063610 0.299083 0.064897 0.301084 0.067979 0.301633 0.069268 0.303636 0.072350 0.304184 0.073637 0.306186 0.085967 0.308381 0.082418 0.332570 0.053136 0.327357 0.053897 0.322173 0.051320 0.318169 0.049780 0.317895 0.047204 0.313891 0.042580 0.313067 0.041293 0.311066 0.039752 0.310792 0.038464 0.308789 0.035382 0.308240 0.034093 0.306239 0.031012 0.305690 0.029724 0.303687 0.028182 0.303413 0.026895 0.301410 0.025354 0.301136 0.024066 0.299135 0.019442 0.298311 0.021977 0.281034
0 0.970044 0.577453 0.966496 0.601642 0.961872 0.600818 0.958282 0.603725 0.957522 0.608908 0.911288 0.600677 0.914076 0.581673 0.918699 0.582496 0.920494 0.581043 0.922035 0.581317 0.923830 0.579863 0.926911 0.580412 0.928706 0.578959 0.931788 0.579508 0.935378 0.576600 0.936138 0.571418
0 0.337304 0.018058 0.331475 0.057795 0.314523 0.054777 0.320352 0.015040
0 0.463525 0.494374 0.460991 0.511652 0.453285 0.510280 0.451490 0.511733 0.449950 0.511458 0.448154 0.512912 0.447394 0.518095 0.442771 0.517272 0.443531 0.512089 0.438381 0.504081 0.438888 0.500625 0.440682 0.499171 0.441949 0.490533
0 0.445195 0.576207 0.442407 0.595212 0.425454 0.592194 0.428242 0.573189
0 0.101023 0.259649 0.100009 0.266560 0.102584 0.270564 0.104125 0.270839 0.111852 0.282851 0.113393 0.283125 0.117256 0.289132 0.118797 0.289406 0.120085 0.291408 0.126250 0.292506 0.122448 0.318421 0.087001 0.312111 0.087762 0.306928 0.085185 0.302924 0.083645 0.302649 0.082356 0.300648 0.080816 0.300373 0.076952 0.294367 0.075411 0.294092 0.067685 0.282080 0.066144 0.281806 0.063568 0.277801 0.063821 0.276074 0.061247 0.272069 0.055081 0.270971 0.056602 0.260606 0.061226 0.261429 0.063021 0.259976 0.064035 0.253065
0 0.057424 0.287345 0.055143 0.302893 0.050519 0.302070 0.046931 0.304977 0.046170 0.310161 0.047458 0.312163 0.053622 0.313261 0.052609 0.320171 0.046444 0.319073 0.047458 0.312163 0.046170 0.310161 0.040006 0.309063 0.038717 0.307062 0.032553 0.305964 0.031266 0.303962 0.028182 0.303413 0.026895 0.301410 0.025354 0.301136 0.024066 0.299135 0.019442 0.298311 0.021977 0.281034
0 0.463525 0.494374 0.460991 0.511652 0.453285 0.510280 0.449696 0.513187 0.448936 0.518369 0.441229 0.516997 0.442243 0.510086 0.438381 0.504081 0.432215 0.502983 0.432468 0.501256 0.437092 0.502079 0.440682 0.499171 0.441949 0.490533
0 0.520185 0.582466 0.518411 0.594559 0.513788 0.593736 0.511993 0.595190 0.511232 0.600373 0.503526 0.599001 0.504286 0.593818 0.502999 0.591816 0.501458 0.591541 0.497595 0.585536 0.498608 0.578625
0 0.439357 0.745361 0.437583 0.757454 0.420630 0.754436 0.422404 0.742343
0 0.849546 0.407084 0.845998 0.431272 0.841375 0.430449 0.835990 0.434810 0.834449 0.434535 0.830861 0.437441 0.829319 0.437167 0.827524 0.438620 0.825983 0.438346 0.824188 0.439799 0.808777 0.437055 0.806982 0.438509 0.791570 0.435766 0.790283 0.433763 0.785659 0.432940 0.784372 0.430939 0.782830 0.430664 0.781542 0.428661 0.780001 0.428387 0.777426 0.424384 0.775885 0.424110 0.774597 0.422107 0.773055 0.421833 0.771768 0.419831 0.767144 0.419008 0.770946 0.393092
0 0.979332 0.600381 0.974516 0.633208 0.966811 0.631836 0.967825 0.624926 0.966537 0.622923 0.964995 0.622648 0.965248 0.620921 0.962673 0.616916 0.962926 0.615189 0.960351 0.611185 0.954187 0.610087 0.956215 0.596266
0 0.104579 0.721371 0.095425 0.716027 0.089514 0.718689 0.087921 0.729546 0.100304 0.735464 0.107467 0.731788
0 0.566757 0.242905 0.547227 0.248092 0.557470 0.261057 0.572699 0.255103
0 0.534992 0.226109 0.523183 0.238861 0.517613 0.231679 0.523687 0.220383 0.536585 0.215252
0 0.292747 0.304293 0.308194 0.319421 0.301752 0.325702 0.296535 0.316107
0 0.305471 0.021855 0.280884 0.008812 0.254895 0.012851 0.256177 0.026695 0.282166 0.022658 0.300650 0.032136 0.307106 0.033286
1 0.587201 0.058391 0.476889 0.125403 0.534987 0.316470 0.569111 0.347302
1 0.715141 0.488418 0.599499 0.486400 0.807499 0.686823 0.807589 0.641038
1 0.441750 0.312252 0.286085 0.289492 0.287495 0.370201 0.331777 0.369420
1 0.483348 0.781372 0.468025 0.923471 0.596997 0.864734
1 0.073944 0.546333 0.167949 0.763599 0.016129 0.782370
