0 0.628239 0.629829 0.627955 0.633960 0.631184 0.637143 0.632892 0.637357 0.634507 0.638948 0.636217 0.639162 0.637830 0.640754 0.639540 0.640968 0.642769 0.644150 0.644477 0.644364 0.647706 0.647547 0.654542 0.648404 0.653312 0.666306 0.648184 0.665663 0.631952 0.676129 0.630243 0.675915 0.628440 0.677078 0.626730 0.676864 0.623123 0.679190 0.622839 0.683321 0.578406 0.677752 0.578690 0.673622 0.573848 0.668847 0.572139 0.668633 0.570524 0.667042 0.568816 0.666828 0.565587 0.663646 0.563878 0.663432 0.560649 0.660249 0.560744 0.658872 0.557515 0.655690 0.552388 0.655047 0.552767 0.649539 0.557893 0.650181 0.561501 0.647855 0.561595 0.646478 0.563398 0.645316 0.563493 0.643938 0.583333 0.631146 0.585042 0.631361 0.586845 0.630197 0.587224 0.624689
0 0.575066 0.600942 0.572701 0.635369 0.565865 0.634512 0.564060 0.635675 0.563966 0.637053 0.558556 0.640541 0.556846 0.640327 0.553240 0.642653 0.552956 0.646784 0.511940 0.641644 0.512224 0.637513 0.505767 0.631148 0.498932 0.630291 0.500729 0.604126 0.507565 0.604983 0.511171 0.602658 0.512881 0.602872 0.514684 0.601708 0.516393 0.601923 0.518197 0.600759 0.521615 0.601188 0.523418 0.600025 0.525127 0.600239 0.526931 0.599077 0.527215 0.594945
0 0.021485 0.253775 0.021106 0.259283 0.025950 0.264058 0.025855 0.265434 0.029084 0.268617 0.028989 0.269994 0.033833 0.274768 0.038959 0.275410 0.037635 0.294690 0.029089 0.293619 0.027286 0.294782 0.025577 0.294568 0.023774 0.295731 0.022065 0.295516 0.018457 0.297842 0.018173 0.301973 0.000000 0.296833 0.000000 0.265160 0.000000 0.265803 0.000694 0.255336 0.000978 0.251205
0 0.839530 0.439632 0.839246 0.443762 0.842475 0.446945 0.847602 0.447588 0.846372 0.465490 0.841245 0.464848 0.839442 0.466011 0.837732 0.465797 0.834126 0.468123 0.832417 0.467909 0.830613 0.469071 0.828904 0.468857 0.825297 0.471183 0.825013 0.475315 0.799379 0.472102 0.799663 0.467970 0.798048 0.466379 0.796339 0.466164 0.794725 0.464574 0.791307 0.464145 0.789693 0.462554 0.787984 0.462340 0.786369 0.460748 0.779533 0.459892 0.780479 0.446121 0.787315 0.446977 0.789119 0.445815 0.790828 0.446029 0.794436 0.443703 0.796144 0.443918 0.797947 0.442754 0.799657 0.442968 0.801461 0.441805 0.806587 0.442448 0.810194 0.440122 0.810478 0.435991
0 0.328502 0.175579 0.327178 0.194859 0.322051 0.194216 0.314837 0.198868 0.313128 0.198654 0.309520 0.200979 0.309237 0.205111 0.266512 0.199757 0.267931 0.179100 0.273058 0.179742 0.282077 0.173928 0.282361 0.169797
0 0.124218 0.288873 0.123934 0.293005 0.128777 0.297778 0.133904 0.298421 0.132296 0.321832 0.103243 0.318191 0.103527 0.314059 0.100299 0.310877 0.098590 0.310662 0.096975 0.309071 0.095266 0.308857 0.093651 0.307266 0.086816 0.306409 0.087856 0.291261 0.092984 0.291904 0.096591 0.289578 0.096875 0.285446
0 0.221860 0.473340 0.221576 0.477472 0.223190 0.479063 0.224899 0.479277 0.226514 0.480868 0.229931 0.481296 0.231546 0.482888 0.233255 0.483102 0.234869 0.484693 0.236578 0.484908 0.238192 0.486498 0.239902 0.486713 0.241516 0.488304 0.244934 0.488732 0.246548 0.490323 0.249967 0.490752 0.251580 0.492343 0.253289 0.492557 0.254904 0.494149 0.256612 0.494363 0.258227 0.495954 0.261645 0.496383 0.263259 0.497974 0.266678 0.498402 0.268292 0.499993 0.271709 0.500421 0.273324 0.502013 0.276742 0.502441 0.278356 0.504033 0.283484 0.504675 0.285097 0.506266 0.288515 0.506695 0.290129 0.508285 0.293548 0.508714 0.295162 0.510305 0.298580 0.510734 0.300195 0.512326 0.303612 0.512754 0.305226 0.514345 0.308644 0.514773 0.310259 0.516365 0.311968 0.516579 0.313582 0.518170 0.317001 0.518598 0.318614 0.520189 0.322032 0.520617 0.323646 0.522209 0.328774 0.522851 0.330387 0.524443 0.333806 0.524872 0.335420 0.526462 0.340548 0.527105 0.342161 0.528696 0.345579 0.529124 0.347193 0.530716 0.352321 0.531358 0.351564 0.542375 0.339601 0.540876 0.337797 0.542038 0.324126 0.540325 0.322321 0.541488 0.322038 0.545620 0.301530 0.543050 0.301814 0.538918 0.300200 0.537327 0.295073 0.536684 0.293459 0.535093 0.284913 0.534022 0.283300 0.532432 0.278172 0.531789 0.276558 0.530197 0.269723 0.529341 0.268108 0.527749 0.266399 0.527535 0.264785 0.525944 0.263076 0.525730 0.261461 0.524139 0.259753 0.523925 0.258139 0.522333 0.256429 0.522119 0.254814 0.520527 0.251396 0.520099 0.246554 0.515325 0.244844 0.515111 0.243231 0.513520 0.241522 0.513306 0.238293 0.510123 0.236584 0.509909 0.234969 0.508318 0.233261 0.508104 0.231647 0.506513 0.229937 0.506299 0.228322 0.504707 0.226614 0.504493 0.225000 0.502902 0.223291 0.502688 0.221676 0.501096 0.219967 0.500882 0.218353 0.499290 0.216644 0.499076 0.215030 0.497485 0.213321 0.497271 0.211706 0.495680 0.209997 0.495466 0.206769 0.492283 0.205060 0.492069 0.203445 0.490478 0.201736 0.490263 0.192051 0.480716 0.185214 0.479859 0.185971 0.468842
0 0.816120 0.203354 0.813944 0.235027 0.808817 0.234385 0.801602 0.239036 0.801224 0.244544 0.779008 0.241760 0.779386 0.236252 0.772929 0.229887 0.773023 0.228510 0.771409 0.226918 0.771504 0.225541 0.766660 0.220768 0.761533 0.220125 0.762574 0.204977 0.769410 0.205834 0.774821 0.202345 0.775105 0.198214
0 0.933890 0.395899 0.932093 0.422064 0.926966 0.421422 0.925162 0.422584 0.923453 0.422370 0.919847 0.424696 0.918137 0.424482 0.914530 0.426808 0.914246 0.430939 0.890320 0.427941 0.890604 0.423809 0.884147 0.417444 0.879020 0.416802 0.880250 0.398900 0.885377 0.399542 0.890788 0.396053 0.891167 0.390545
0 0.520664 0.188550 0.518393 0.221600 0.511557 0.220743 0.509754 0.221906 0.508045 0.221692 0.506240 0.222855 0.501114 0.222212 0.499311 0.223376 0.497601 0.223162 0.495798 0.224324 0.495514 0.228456 0.471588 0.225457 0.473764 0.193784 0.478892 0.194426 0.484302 0.190937 0.484396 0.189560 0.486201 0.188397 0.486484 0.184266
0 0.496395 0.341071 0.494597 0.367236 0.450164 0.361668 0.450542 0.356159 0.447314 0.352976 0.442186 0.352333 0.442849 0.342694 0.449686 0.343551 0.453293 0.341225 0.453671 0.335717
0 0.270409 0.218301 0.270125 0.222432 0.271739 0.224024 0.276867 0.224666 0.275069 0.250831 0.246016 0.247190 0.246300 0.243059 0.239842 0.236694 0.239937 0.235317 0.235094 0.230543 0.229967 0.229900 0.231102 0.213375
0 0.136021 0.418136 0.135737 0.422267 0.137351 0.423858 0.139061 0.424073 0.140675 0.425664 0.144093 0.426093 0.145707 0.427684 0.149125 0.428112 0.150740 0.429703 0.154157 0.430131 0.155772 0.431723 0.157480 0.431937 0.159095 0.433529 0.162513 0.433957 0.164127 0.435548 0.167546 0.435976 0.169160 0.437567 0.170868 0.437781 0.172483 0.439373 0.175901 0.439801 0.177516 0.441393 0.180933 0.441821 0.182548 0.443412 0.187674 0.444055 0.189289 0.445646 0.190997 0.445860 0.192612 0.447451 0.196030 0.447880 0.197644 0.449471 0.201063 0.449899 0.202677 0.451491 0.206095 0.451919 0.207710 0.453511 0.209418 0.453725 0.211033 0.455316 0.212741 0.455530 0.214355 0.457121 0.217774 0.457549 0.219388 0.459141 0.221096 0.459355 0.222711 0.460946 0.224420 0.461160 0.226035 0.462752 0.227744 0.462966 0.232587 0.467739 0.239422 0.468596 0.238665 0.479613 0.194232 0.474045 0.194516 0.469913 0.192902 0.468322 0.191193 0.468107 0.189578 0.466516 0.184452 0.465874 0.182838 0.464283 0.177710 0.463641 0.176097 0.462049 0.170969 0.461406 0.169354 0.459815 0.165937 0.459386 0.164322 0.457796 0.162613 0.457581 0.160999 0.455991 0.157581 0.455562 0.155966 0.453970 0.154258 0.453756 0.152643 0.452165 0.150935 0.451951 0.149321 0.450360 0.147611 0.450145 0.145996 0.448554 0.144288 0.448340 0.142674 0.446749 0.139256 0.446320 0.137641 0.444730 0.135932 0.444515 0.134318 0.442924 0.132610 0.442710 0.130995 0.441118 0.129285 0.440904 0.127671 0.439313 0.125963 0.439099 0.124348 0.437508 0.122639 0.437294 0.121025 0.435702 0.117607 0.435274 0.114378 0.432091 0.112669 0.431877 0.111055 0.430285 0.109346 0.430071 0.107731 0.428480 0.106023 0.428266 0.104408 0.426675 0.102699 0.426461 0.097856 0.421687 0.092730 0.421044 0.093297 0.412782
0 0.744698 0.088843 0.744225 0.095728 0.747454 0.098911 0.747359 0.100288 0.748974 0.101879 0.748880 0.103256 0.752107 0.106438 0.752013 0.107815 0.755242 0.110998 0.760369 0.111640 0.759139 0.129543 0.752303 0.128686 0.750499 0.129850 0.748790 0.129635 0.746987 0.130798 0.745278 0.130584 0.743475 0.131746 0.741765 0.131532 0.739961 0.132695 0.739677 0.136826 0.714043 0.133614 0.714327 0.129483 0.712713 0.127891 0.713470 0.116874 0.715273 0.115712 0.715936 0.106072 0.714322 0.104481 0.714890 0.096218 0.716693 0.095056 0.716882 0.092302 0.718685 0.091138 0.719063 0.085630
0 0.632757 0.463721 0.632379 0.469229 0.638836 0.475594 0.645672 0.476451 0.644253 0.497107 0.603238 0.491967 0.603521 0.487836 0.600293 0.484653 0.598584 0.484439 0.590512 0.476482 0.585386 0.475840 0.586048 0.466201 0.594592 0.467272 0.596396 0.466109 0.601523 0.466752 0.605130 0.464426 0.605414 0.460294
0 0.470542 0.215603 0.468839 0.240391 0.463712 0.239748 0.460105 0.242074 0.460011 0.243451 0.456403 0.245777 0.456309 0.247154 0.454505 0.248318 0.452795 0.248103 0.447385 0.251592 0.445675 0.251378 0.442069 0.253704 0.440360 0.253489 0.438557 0.254652 0.435138 0.254223 0.431532 0.256549 0.428114 0.256121 0.426310 0.257284 0.424600 0.257070 0.420994 0.259396 0.420710 0.263527 0.400201 0.260957 0.401242 0.245809 0.408078 0.246666 0.417097 0.240851 0.418805 0.241065 0.433235 0.231763 0.433329 0.230385 0.449561 0.219918 0.449656 0.218542 0.451459 0.217379 0.451743 0.213247
0 0.423850 0.293089 0.422903 0.306860 0.416067 0.306003 0.407049 0.311818 0.405341 0.311604 0.401733 0.313930 0.400025 0.313716 0.396417 0.316041 0.394708 0.315826 0.392905 0.316990 0.392621 0.321121 0.361859 0.317265 0.362994 0.300740 0.369830 0.301597 0.371634 0.300435 0.373343 0.300649 0.375147 0.299486 0.376856 0.299701 0.378659 0.298537 0.380368 0.298751 0.382172 0.297589 0.383881 0.297803 0.387488 0.295477 0.390907 0.295906 0.394514 0.293579 0.394798 0.289448
0 0.114745 0.376579 0.114461 0.380710 0.116075 0.382301 0.117784 0.382516 0.119399 0.384107 0.122816 0.384535 0.124431 0.386127 0.127849 0.386555 0.129464 0.388147 0.131172 0.388361 0.132786 0.389952 0.136205 0.390380 0.137819 0.391972 0.141237 0.392400 0.142852 0.393991 0.146270 0.394419 0.147883 0.396010 0.151301 0.396438 0.152916 0.398030 0.154625 0.398244 0.156239 0.399835 0.157948 0.400049 0.159562 0.401641 0.162981 0.402069 0.164595 0.403660 0.169722 0.404303 0.171336 0.405894 0.173044 0.406108 0.174659 0.407700 0.179787 0.408343 0.181400 0.409934 0.183109 0.410148 0.184724 0.411739 0.186433 0.411954 0.188047 0.413544 0.194883 0.414401 0.194221 0.424041 0.149787 0.418473 0.150071 0.414341 0.148457 0.412749 0.145040 0.412321 0.143425 0.410730 0.140007 0.410302 0.138392 0.408711 0.134975 0.408283 0.133360 0.406691 0.129942 0.406263 0.128328 0.404672 0.126619 0.404458 0.125004 0.402866 0.119878 0.402223 0.118264 0.400633 0.116554 0.400418 0.114939 0.398827 0.113231 0.398612 0.111617 0.397021 0.108199 0.396592 0.106584 0.395002 0.103166 0.394573 0.101553 0.392982 0.098134 0.392553 0.096520 0.390962 0.094811 0.390748 0.093197 0.389157 0.091487 0.388942 0.088258 0.385761 0.081422 0.384904 0.082274 0.372510
0 0.932814 0.662443 0.932435 0.667951 0.937278 0.672725 0.938987 0.672939 0.938893 0.674317 0.942121 0.677499 0.943830 0.677713 0.945445 0.679305 0.947154 0.679519 0.950383 0.682701 0.955509 0.683343 0.953901 0.706754 0.948774 0.706112 0.945167 0.708438 0.945072 0.709814 0.943268 0.710978 0.943174 0.712355 0.941370 0.713518 0.941086 0.717649 0.925706 0.715721 0.925989 0.711590 0.924376 0.709999 0.924470 0.708622 0.921241 0.705439 0.921335 0.704063 0.919721 0.702471 0.919816 0.701094 0.918202 0.699503 0.918297 0.698125 0.916682 0.696534 0.916776 0.695158 0.915163 0.693566 0.915257 0.692188 0.913642 0.690597 0.913832 0.687843 0.912217 0.686251 0.912501 0.682121 0.910887 0.680530 0.910981 0.679152 0.907753 0.675970 0.902626 0.675327 0.903762 0.658802
0 0.096863 0.235443 0.094687 0.267115 0.089560 0.266473 0.085953 0.268799 0.085859 0.270176 0.084055 0.271340 0.083960 0.272716 0.082157 0.273880 0.082062 0.275256 0.078454 0.277582 0.078360 0.278959 0.076556 0.280122 0.076462 0.281499 0.069248 0.286151 0.068869 0.291659 0.039817 0.288018 0.040196 0.282511 0.036966 0.279328 0.037060 0.277950 0.033833 0.274768 0.033927 0.273390 0.032313 0.271800 0.032407 0.270422 0.027564 0.265649 0.027658 0.264272 0.021201 0.257906 0.014366 0.257049 0.015312 0.243278 0.020439 0.243921 0.022242 0.242758 0.023951 0.242973 0.025755 0.241809 0.027464 0.242023 0.029267 0.240861 0.030976 0.241075 0.032779 0.239913 0.036198 0.240341 0.038001 0.239178 0.039710 0.239392 0.041514 0.238229 0.043223 0.238443 0.045026 0.237280 0.046735 0.237494 0.048539 0.236331 0.051957 0.236759 0.055564 0.234433 0.055848 0.230303
0 0.239258 0.169951 0.237460 0.196116 0.198153 0.191190 0.199951 0.165025
0 0.171679 0.250375 0.171395 0.254506 0.173010 0.256097 0.174719 0.256311 0.176333 0.257903 0.178042 0.258117 0.179657 0.259708 0.181365 0.259922 0.184594 0.263105 0.188012 0.263533 0.189627 0.265124 0.198171 0.266195 0.199785 0.267786 0.227128 0.271213 0.228743 0.272804 0.233870 0.273446 0.235485 0.275038 0.245738 0.276323 0.244792 0.290094 0.236247 0.289023 0.234444 0.290187 0.232734 0.289972 0.230931 0.291135 0.230647 0.295266 0.186214 0.289697 0.186498 0.285567 0.183269 0.282384 0.181560 0.282170 0.179946 0.280578 0.176528 0.280150 0.174913 0.278559 0.173205 0.278345 0.171591 0.276753 0.169882 0.276539 0.168267 0.274948 0.166558 0.274734 0.164943 0.273143 0.163235 0.272929 0.161621 0.271337 0.159912 0.271123 0.158297 0.269532 0.156588 0.269318 0.153360 0.266136 0.151651 0.265921 0.150036 0.264330 0.144910 0.263687 0.146045 0.247162
0 0.049082 0.529469 0.048798 0.533599 0.050413 0.535191 0.052122 0.535405 0.053736 0.536997 0.058863 0.537639 0.060477 0.539230 0.065604 0.539873 0.067219 0.541465 0.072346 0.542107 0.073960 0.543698 0.077377 0.544126 0.078992 0.545717 0.085828 0.546574 0.087442 0.548165 0.090861 0.548594 0.092475 0.550185 0.097602 0.550828 0.099216 0.552419 0.106052 0.553275 0.107667 0.554866 0.112793 0.555509 0.114407 0.557100 0.119534 0.557743 0.121148 0.559334 0.129694 0.560405 0.128937 0.571422 0.067414 0.563711 0.067698 0.559580 0.066084 0.557989 0.064374 0.557775 0.062760 0.556184 0.057633 0.555541 0.056019 0.553951 0.050892 0.553308 0.049278 0.551716 0.044150 0.551074 0.042536 0.549482 0.039119 0.549054 0.037504 0.547463 0.034086 0.547034 0.032472 0.545443 0.029054 0.545014 0.027439 0.543424 0.025730 0.543209 0.024116 0.541619 0.022407 0.541404 0.020793 0.539813 0.019083 0.539599 0.017469 0.538007 0.015761 0.537793 0.007689 0.529837 0.002561 0.529194 0.002940 0.523686
0 0.231758 0.580141 0.231380 0.585649 0.241066 0.595197 0.242776 0.595411 0.252462 0.604959 0.257588 0.605601 0.256453 0.622126 0.249617 0.621270 0.248002 0.619679 0.244584 0.619250 0.242970 0.617659 0.241262 0.617445 0.238032 0.614262 0.236323 0.614048 0.233095 0.610865 0.231386 0.610651 0.228157 0.607469 0.226448 0.607255 0.224834 0.605663 0.223125 0.605449 0.221321 0.606612 0.221226 0.607990 0.219423 0.609152 0.219328 0.610529 0.217525 0.611692 0.217431 0.613070 0.215627 0.614232 0.215154 0.621118 0.213349 0.622280 0.212687 0.631920 0.195599 0.629778 0.199289 0.576072
0 0.176221 0.184274 0.174518 0.209062 0.167682 0.208205 0.164075 0.210531 0.163791 0.214663 0.121067 0.209308 0.122865 0.183143 0.127991 0.183786 0.129794 0.182623 0.130078 0.178491
0 0.735366 0.776594 0.733568 0.802758 0.716478 0.800616 0.716762 0.796486 0.713533 0.793303 0.710115 0.792875 0.706887 0.789692 0.705177 0.789478 0.705272 0.788101 0.702044 0.784919 0.695207 0.784062 0.696059 0.771668
0 0.711690 0.218045 0.710270 0.238701 0.705144 0.238059 0.701537 0.240386 0.701442 0.241762 0.699638 0.242925 0.699543 0.244302 0.695936 0.246628 0.695842 0.248006 0.694038 0.249168 0.693943 0.250545 0.692140 0.251708 0.692045 0.253086 0.690241 0.254248 0.690146 0.255626 0.686539 0.257951 0.686445 0.259328 0.684642 0.260492 0.684547 0.261868 0.682744 0.263032 0.682649 0.264408 0.679042 0.266734 0.678948 0.268111 0.677144 0.269274 0.677049 0.270651 0.675245 0.271814 0.675150 0.273191 0.671543 0.275517 0.671448 0.276894 0.669645 0.278057 0.669551 0.279434 0.667748 0.280598 0.667653 0.281974 0.664046 0.284300 0.663951 0.285677 0.662147 0.286840 0.662052 0.288218 0.660249 0.289380 0.660155 0.290758 0.656547 0.293082 0.656452 0.294460 0.654649 0.295623 0.654554 0.297000 0.650947 0.299326 0.650853 0.300703 0.649048 0.301866 0.648954 0.303243 0.647151 0.304406 0.647056 0.305784 0.643449 0.308108 0.643354 0.309486 0.639747 0.311812 0.639653 0.313189 0.630635 0.319004 0.628926 0.318789 0.625318 0.321115 0.623610 0.320901 0.621806 0.322064 0.620096 0.321849 0.618293 0.323013 0.616584 0.322799 0.614781 0.323962 0.611363 0.323534 0.609560 0.324696 0.606142 0.324268 0.604338 0.325431 0.602628 0.325217 0.600825 0.326379 0.597407 0.325951 0.595604 0.327115 0.592186 0.326686 0.590382 0.327849 0.588674 0.327634 0.586870 0.328797 0.583452 0.328369 0.581648 0.329532 0.579939 0.329318 0.578135 0.330480 0.574718 0.330052 0.572914 0.331215 0.569496 0.330787 0.567692 0.331950 0.564274 0.331522 0.562471 0.332684 0.560763 0.332470 0.558958 0.333634 0.555541 0.333205 0.553737 0.334368 0.550318 0.333939 0.548515 0.335102 0.545098 0.334674 0.543293 0.335837 0.538167 0.335194 0.536364 0.336357 0.531237 0.335714 0.529432 0.336878 0.524306 0.336235 0.522503 0.337398 0.517376 0.336755 0.515571 0.337918 0.510445 0.337276 0.508641 0.338439 0.505224 0.338011 0.503420 0.339174 0.498292 0.338531 0.496489 0.339694 0.494780 0.339480 0.492977 0.340643 0.492693 0.344774 0.473894 0.342418 0.474178 0.338287 0.469335 0.333513 0.464208 0.332871 0.465911 0.308083 0.471038 0.308726 0.472842 0.307562 0.474551 0.307777 0.478158 0.305451 0.479866 0.305665 0.483474 0.303339 0.486893 0.303767 0.488696 0.302604 0.490405 0.302818 0.492208 0.301656 0.493918 0.301870 0.495721 0.300706 0.497429 0.300921 0.499233 0.299758 0.500942 0.299972 0.502746 0.298810 0.506164 0.299238 0.507968 0.298075 0.509676 0.298289 0.511479 0.297126 0.514897 0.297555 0.516702 0.296392 0.520119 0.296820 0.521924 0.295657 0.525342 0.296085 0.527145 0.294922 0.528854 0.295137 0.530657 0.293973 0.532366 0.294187 0.534170 0.293025 0.535878 0.293239 0.537682 0.292077 0.539392 0.292291 0.541195 0.291127 0.544613 0.291556 0.546416 0.290393 0.548125 0.290607 0.549928 0.289444 0.551638 0.289658 0.555245 0.287332 0.556954 0.287547 0.558758 0.286383 0.560467 0.286597 0.562270 0.285435 0.563980 0.285649 0.565783 0.284486 0.567491 0.284700 0.571098 0.282374 0.572808 0.282588 0.574612 0.281426 0.576320 0.281640 0.585338 0.275825 0.587047 0.276039 0.610494 0.260921 0.610589 0.259544 0.615999 0.256055 0.616094 0.254679 0.623308 0.250026 0.623403 0.248650 0.627010 0.246324 0.627104 0.244947 0.632516 0.241458 0.632610 0.240081 0.636218 0.237755 0.636312 0.236378 0.638115 0.235214 0.638210 0.233838 0.641817 0.231512 0.641912 0.230134 0.647323 0.226646 0.647418 0.225269 0.652828 0.221780 0.652922 0.220404 0.658333 0.216914 0.658711 0.211406
0 0.552642 0.525906 0.551602 0.541054 0.491788 0.533558 0.492261 0.526673 0.500806 0.527744 0.502609 0.526581 0.514572 0.528080 0.516375 0.526917 0.521503 0.527559 0.523307 0.526396 0.523591 0.522265
0 0.130309 0.350750 0.130025 0.354881 0.133254 0.358064 0.134962 0.358278 0.136577 0.359870 0.138287 0.360084 0.141514 0.363266 0.143224 0.363481 0.144839 0.365072 0.146547 0.365286 0.148162 0.366877 0.151579 0.367306 0.153194 0.368896 0.154903 0.369111 0.156517 0.370702 0.158225 0.370916 0.159840 0.372507 0.161549 0.372721 0.163164 0.374313 0.166582 0.374742 0.168195 0.376332 0.171614 0.376761 0.174842 0.379944 0.176552 0.380158 0.178166 0.381749 0.181584 0.382178 0.183198 0.383769 0.186616 0.384197 0.188231 0.385788 0.189939 0.386002 0.191553 0.387594 0.198390 0.388451 0.200004 0.390042 0.203422 0.390470 0.205037 0.392061 0.208454 0.392489 0.210069 0.394081 0.211778 0.394295 0.213392 0.395886 0.216810 0.396314 0.218424 0.397906 0.220133 0.398120 0.221748 0.399712 0.223456 0.399926 0.225070 0.401517 0.226780 0.401731 0.228394 0.403323 0.231813 0.403751 0.233426 0.405342 0.236844 0.405770 0.238459 0.407361 0.241876 0.407789 0.243491 0.409381 0.246909 0.409809 0.248524 0.411400 0.251941 0.411829 0.253556 0.413420 0.263809 0.414705 0.262958 0.427099 0.206561 0.420031 0.206845 0.415900 0.205231 0.414309 0.203523 0.414095 0.201908 0.412504 0.198490 0.412075 0.196876 0.410484 0.193457 0.410056 0.191844 0.408464 0.190134 0.408250 0.188520 0.406658 0.185102 0.406230 0.183487 0.404639 0.176653 0.403783 0.175038 0.402191 0.171620 0.401763 0.168391 0.398580 0.166682 0.398366 0.165068 0.396775 0.161650 0.396347 0.160035 0.394756 0.158326 0.394542 0.156712 0.392950 0.155003 0.392736 0.151774 0.389553 0.150065 0.389339 0.148451 0.387747 0.146743 0.387533 0.146837 0.386157 0.145222 0.384565 0.143514 0.384351 0.141899 0.382760 0.140190 0.382546 0.138576 0.380955 0.136867 0.380741 0.135252 0.379149 0.133543 0.378935 0.131929 0.377344 0.130221 0.377130 0.128606 0.375538 0.126896 0.375324 0.122054 0.370550 0.120345 0.370336 0.118731 0.368745 0.117021 0.368530 0.112179 0.363756 0.112273 0.362380 0.109044 0.359197 0.103918 0.358555 0.104675 0.347538
0 0.711690 0.218045 0.710365 0.237325 0.705239 0.236682 0.701631 0.239008 0.701442 0.241762 0.699638 0.242925 0.699543 0.244302 0.695936 0.246628 0.695842 0.248006 0.692235 0.250331 0.692140 0.251708 0.690336 0.252871 0.690241 0.254248 0.688438 0.255412 0.688344 0.256788 0.686539 0.257951 0.686445 0.259328 0.684642 0.260492 0.684547 0.261868 0.680940 0.264194 0.680845 0.265572 0.679042 0.266734 0.678948 0.268111 0.677144 0.269274 0.677049 0.270651 0.675245 0.271814 0.675150 0.273191 0.671543 0.275517 0.671448 0.276894 0.669645 0.278057 0.669551 0.279434 0.665944 0.281760 0.665849 0.283137 0.664046 0.284300 0.663951 0.285677 0.662147 0.286840 0.662052 0.288218 0.660249 0.289380 0.660155 0.290758 0.656547 0.293082 0.656452 0.294460 0.654649 0.295623 0.654554 0.297000 0.650947 0.299326 0.650853 0.300703 0.649048 0.301866 0.648954 0.303243 0.647151 0.304406 0.647056 0.305784 0.643449 0.308108 0.643354 0.309486 0.639747 0.311812 0.639653 0.313189 0.628831 0.320166 0.627123 0.319952 0.625318 0.321115 0.623610 0.320901 0.621806 0.322064 0.620096 0.321849 0.618293 0.323013 0.616584 0.322799 0.614781 0.323962 0.611363 0.323534 0.609560 0.324696 0.606142 0.324268 0.604338 0.325431 0.602628 0.325217 0.600825 0.326379 0.597407 0.325951 0.595604 0.327115 0.592186 0.326686 0.590382 0.327849 0.588674 0.327634 0.586870 0.328797 0.583452 0.328369 0.581648 0.329532 0.579939 0.329318 0.578135 0.330480 0.574718 0.330052 0.572914 0.331215 0.569496 0.330787 0.567692 0.331950 0.564274 0.331522 0.562471 0.332684 0.560763 0.332470 0.558958 0.333634 0.555541 0.333205 0.553737 0.334368 0.550318 0.333939 0.548515 0.335102 0.545098 0.334674 0.543293 0.335837 0.539877 0.335409 0.538072 0.336571 0.532945 0.335928 0.531142 0.337092 0.524306 0.336235 0.522503 0.337398 0.517376 0.336755 0.515571 0.337918 0.512153 0.337490 0.510350 0.338654 0.505224 0.338011 0.503420 0.339174 0.498292 0.338531 0.496489 0.339694 0.494780 0.339480 0.492977 0.340643 0.492693 0.344774 0.473894 0.342418 0.474178 0.338287 0.469335 0.333513 0.464208 0.332871 0.465911 0.308083 0.471038 0.308726 0.472842 0.307562 0.474551 0.307777 0.478158 0.305451 0.479866 0.305665 0.481671 0.304501 0.483379 0.304716 0.485183 0.303553 0.486893 0.303767 0.488696 0.302604 0.490405 0.302818 0.492208 0.301656 0.493918 0.301870 0.495721 0.300706 0.497429 0.300921 0.499233 0.299758 0.502651 0.300186 0.504455 0.299024 0.506164 0.299238 0.507968 0.298075 0.511385 0.298503 0.513189 0.297341 0.514897 0.297555 0.516702 0.296392 0.520119 0.296820 0.521924 0.295657 0.525342 0.296085 0.527145 0.294922 0.528854 0.295137 0.530657 0.293973 0.532366 0.294187 0.534170 0.293025 0.535878 0.293239 0.537682 0.292077 0.541100 0.292505 0.542904 0.291342 0.544613 0.291556 0.546416 0.290393 0.548125 0.290607 0.549928 0.289444 0.551638 0.289658 0.555245 0.287332 0.556954 0.287547 0.558758 0.286383 0.560467 0.286597 0.562270 0.285435 0.563980 0.285649 0.565783 0.284486 0.567491 0.284700 0.571098 0.282374 0.572808 0.282588 0.574612 0.281426 0.576320 0.281640 0.585338 0.275825 0.587047 0.276039 0.592458 0.272551 0.594167 0.272765 0.595971 0.271602 0.596066 0.270225 0.612297 0.259758 0.612392 0.258381 0.617802 0.254893 0.617897 0.253515 0.623308 0.250026 0.623403 0.248650 0.628814 0.245161 0.628909 0.243784 0.634319 0.240295 0.634413 0.238918 0.636218 0.237755 0.636312 0.236378 0.639918 0.234052 0.640013 0.232675 0.645424 0.229186 0.645519 0.227810 0.647323 0.226646 0.647418 0.225269 0.654631 0.220618 0.654725 0.219240 0.658333 0.216914 0.658711 0.211406
0 0.943883 0.902730 0.942558 0.922010 0.940849 0.921795 0.939235 0.920205 0.937527 0.919990 0.934298 0.916807 0.927461 0.915950 0.928502 0.900803
0 0.965822 0.533240 0.965065 0.544257 0.959939 0.543615 0.958135 0.544777 0.954717 0.544349 0.952913 0.545512 0.949495 0.545084 0.945888 0.547409 0.945604 0.551540 0.892627 0.544901 0.892910 0.540770 0.889682 0.537588 0.884554 0.536945 0.885027 0.530060 0.890155 0.530703 0.893762 0.528376 0.894046 0.524245
0 0.736809 0.454537 0.736525 0.458668 0.738140 0.460260 0.743267 0.460903 0.741847 0.481559 0.702542 0.476634 0.704339 0.450468
0 0.735366 0.776594 0.733568 0.802758 0.718187 0.800830 0.718470 0.796700 0.716857 0.795109 0.715148 0.794895 0.713533 0.793303 0.711824 0.793089 0.710210 0.791497 0.708501 0.791283 0.702044 0.784919 0.695207 0.784062 0.696059 0.771668
0 0.701814 0.211252 0.701530 0.215383 0.703145 0.216975 0.711690 0.218045 0.710270 0.238701 0.705144 0.238059 0.701537 0.240386 0.701348 0.243139 0.697740 0.245465 0.697646 0.246842 0.694038 0.249168 0.693943 0.250545 0.692140 0.251708 0.692045 0.253086 0.690241 0.254248 0.690146 0.255626 0.686539 0.257951 0.686445 0.259328 0.684642 0.260492 0.684547 0.261868 0.682744 0.263032 0.682649 0.264408 0.679042 0.266734 0.678948 0.268111 0.677144 0.269274 0.677049 0.270651 0.675245 0.271814 0.675150 0.273191 0.671543 0.275517 0.671448 0.276894 0.669645 0.278057 0.669551 0.279434 0.667748 0.280598 0.667653 0.281974 0.664046 0.284300 0.663951 0.285677 0.662147 0.286840 0.662052 0.288218 0.660249 0.289380 0.660155 0.290758 0.656547 0.293082 0.656452 0.294460 0.654649 0.295623 0.654554 0.297000 0.650947 0.299326 0.650853 0.300703 0.649048 0.301866 0.648954 0.303243 0.647151 0.304406 0.647056 0.305784 0.643449 0.308108 0.643354 0.309486 0.639747 0.311812 0.639653 0.313189 0.630635 0.319004 0.628926 0.318789 0.625318 0.321115 0.623610 0.320901 0.621806 0.322064 0.620096 0.321849 0.618293 0.323013 0.616584 0.322799 0.614781 0.323962 0.611363 0.323534 0.609560 0.324696 0.606142 0.324268 0.604338 0.325431 0.600920 0.325003 0.599116 0.326165 0.597407 0.325951 0.595604 0.327115 0.592186 0.326686 0.590382 0.327849 0.588674 0.327634 0.586870 0.328797 0.583452 0.328369 0.581648 0.329532 0.579939 0.329318 0.578135 0.330480 0.574718 0.330052 0.572914 0.331215 0.569496 0.330787 0.567692 0.331950 0.564274 0.331522 0.562471 0.332684 0.560763 0.332470 0.558958 0.333634 0.555541 0.333205 0.553737 0.334368 0.550318 0.333939 0.548515 0.335102 0.543388 0.334459 0.541585 0.335623 0.538167 0.335194 0.536364 0.336357 0.531237 0.335714 0.529432 0.336878 0.524306 0.336235 0.522503 0.337398 0.515666 0.336541 0.513863 0.337704 0.510445 0.337276 0.508641 0.338439 0.503515 0.337797 0.501711 0.338959 0.498292 0.338531 0.496489 0.339694 0.494780 0.339480 0.492977 0.340643 0.492693 0.344774 0.473894 0.342418 0.474178 0.338287 0.469335 0.333513 0.464208 0.332871 0.466006 0.306706 0.472842 0.307562 0.474645 0.306400 0.476354 0.306614 0.479961 0.304287 0.481671 0.304501 0.483474 0.303339 0.485183 0.303553 0.486987 0.302390 0.488696 0.302604 0.490500 0.301442 0.492208 0.301656 0.494012 0.300492 0.495721 0.300706 0.497524 0.299544 0.500942 0.299972 0.502746 0.298810 0.506164 0.299238 0.507968 0.298075 0.509676 0.298289 0.511479 0.297126 0.514897 0.297555 0.516702 0.296392 0.520119 0.296820 0.521924 0.295657 0.523632 0.295871 0.525436 0.294708 0.527145 0.294922 0.528949 0.293759 0.530657 0.293973 0.532460 0.292811 0.535878 0.293239 0.537682 0.292077 0.539392 0.292291 0.541195 0.291127 0.542904 0.291342 0.544707 0.290179 0.546416 0.290393 0.548220 0.289230 0.549928 0.289444 0.551732 0.288282 0.553441 0.288496 0.555245 0.287332 0.556954 0.287547 0.558758 0.286383 0.560467 0.286597 0.562270 0.285435 0.563980 0.285649 0.567586 0.283323 0.569295 0.283537 0.571098 0.282374 0.572808 0.282588 0.580022 0.277937 0.581730 0.278151 0.587142 0.274662 0.588850 0.274876 0.610494 0.260921 0.610589 0.259544 0.614196 0.257219 0.614291 0.255841 0.621504 0.251190 0.621599 0.249812 0.625206 0.247487 0.625300 0.246110 0.630712 0.242620 0.630806 0.241244 0.634413 0.238918 0.634508 0.237540 0.638115 0.235214 0.638210 0.233838 0.640013 0.232675 0.640108 0.231298 0.645519 0.227810 0.645613 0.226432 0.649221 0.224106 0.649315 0.222729 0.656530 0.218077 0.656624 0.216700 0.663839 0.212049 0.664217 0.206540
0 0.385484 0.249390 0.384064 0.270047 0.378938 0.269404 0.373527 0.272893 0.373432 0.274269 0.366218 0.278922 0.366123 0.280299 0.351694 0.289602 0.351600 0.290980 0.340778 0.297956 0.340684 0.299334 0.329862 0.306311 0.328153 0.306097 0.320939 0.310749 0.319230 0.310535 0.315623 0.312860 0.313914 0.312646 0.310306 0.314972 0.306889 0.314544 0.305085 0.315707 0.303376 0.315493 0.301573 0.316655 0.299863 0.316441 0.298060 0.317605 0.292932 0.316962 0.291129 0.318125 0.284294 0.317268 0.282490 0.318430 0.280781 0.318216 0.278978 0.319380 0.278694 0.323511 0.189827 0.312374 0.190678 0.299980 0.197514 0.300837 0.199318 0.299674 0.199413 0.298297 0.203020 0.295971 0.204730 0.296185 0.206533 0.295022 0.209951 0.295450 0.211755 0.294288 0.215172 0.294716 0.216976 0.293553 0.222103 0.294195 0.223906 0.293033 0.227324 0.293461 0.229128 0.292299 0.232545 0.292727 0.234349 0.291563 0.237767 0.291992 0.239571 0.290829 0.241280 0.291043 0.243083 0.289880 0.244792 0.290094 0.246596 0.288931 0.248305 0.289145 0.250108 0.287983 0.251817 0.288197 0.255425 0.285871 0.257134 0.286085 0.258937 0.284923 0.260645 0.285137 0.264254 0.282811 0.265962 0.283025 0.267765 0.281862 0.269475 0.282076 0.271278 0.280913 0.272987 0.281128 0.274791 0.279964 0.276500 0.280178 0.278303 0.279015 0.280012 0.279229 0.281816 0.278067 0.285233 0.278495 0.287038 0.277332 0.288747 0.277546 0.290550 0.276383 0.292260 0.276598 0.294063 0.275434 0.295771 0.275648 0.299379 0.273323 0.302796 0.273752 0.306403 0.271426 0.308113 0.271640 0.309917 0.270477 0.311625 0.270691 0.313428 0.269527 0.315138 0.269742 0.318745 0.267416 0.320454 0.267630 0.322258 0.266468 0.323967 0.266682 0.327574 0.264356 0.329283 0.264570 0.331086 0.263407 0.332795 0.263622 0.336402 0.261296 0.338111 0.261510 0.345326 0.256858 0.347035 0.257072 0.356052 0.251257 0.356431 0.245749
1 0.901390 0.668227 0.910703 0.708286 0.894755 0.714621 0.790792 0.697425 0.713699 0.690541 0.692718 0.694857 0.677800 0.636040 0.683009 0.585301 0.700849 0.551425 0.720973 0.534501 0.740339 0.528595 0.774518 0.532878 0.807940 0.548178 0.861214 0.600690
1 0.611026 0.504055 0.611977 0.515285 0.545617 0.527804 0.492167 0.528049 0.432636 0.516422 0.393029 0.440623 0.393969 0.401849 0.408586 0.389791 0.427764 0.386640 0.461943 0.390923 0.495460 0.404846 0.567816 0.455582
1 0.806865 0.413315 0.805824 0.428462 0.756271 0.447253 0.601806 0.462620 0.590506 0.451480 0.553081 0.369009 0.599695 0.367906 0.717709 0.381308 0.785500 0.398136
0 0.561176 0.476973 0.564026 0.485664 0.557095 0.486184 0.547221 0.479391 0.546173 0.469537 0.551490 0.467426
0 0.340754 0.599356 0.338572 0.606027 0.324900 0.604314 0.325467 0.596051
0 0.332138 0.699671 0.334988 0.708361 0.319418 0.709188 0.321885 0.698386
0 0.464941 0.623254 0.464279 0.632894 0.437030 0.628089 0.454970 0.617838
0 0.029220 0.442253 0.034063 0.447027 0.030266 0.452107 0.015263 0.444671 0.019060 0.439591
0 0.092971 0.643307 0.090600 0.652733 0.075314 0.649428 0.079394 0.640217
