0 0.290838 0.309030 0.290178 0.314112 0.292853 0.318198 0.295968 0.318897 0.297306 0.320941 0.298863 0.321290 0.300201 0.323334 0.301758 0.323683 0.303095 0.325726 0.304653 0.326075 0.305991 0.328119 0.307549 0.328468 0.308885 0.330510 0.310444 0.330860 0.311780 0.332902 0.313339 0.333252 0.317348 0.339380 0.318907 0.339730 0.326925 0.351981 0.328483 0.352332 0.335162 0.362538 0.341396 0.363940 0.336270 0.402769 0.331601 0.401716 0.317384 0.412386 0.317163 0.414070 0.311837 0.418066 0.311174 0.423114 0.294089 0.419250 0.294748 0.414203 0.292081 0.410135 0.292300 0.408452 0.290967 0.406417 0.291187 0.404733 0.289854 0.402699 0.290073 0.401015 0.288739 0.398980 0.288959 0.397295 0.287625 0.395261 0.287844 0.393576 0.286510 0.391540 0.286729 0.389856 0.284061 0.385783 0.284280 0.384098 0.274936 0.369841 0.273382 0.369491 0.270712 0.365416 0.269159 0.365066 0.267823 0.363029 0.266269 0.362679 0.262263 0.356566 0.260710 0.356216 0.258037 0.352141 0.256484 0.351792 0.252476 0.345677 0.250923 0.345328 0.245578 0.337174 0.244024 0.336824 0.241352 0.332747 0.239798 0.332398 0.238461 0.330359 0.236908 0.330010 0.235572 0.327971 0.234019 0.327622 0.232682 0.325583 0.229575 0.324885 0.228239 0.322846 0.226686 0.322497 0.225349 0.320457 0.223795 0.320108 0.222459 0.318069 0.219353 0.317372 0.218016 0.315332 0.216463 0.314983 0.215126 0.312944 0.212021 0.312247 0.210684 0.310207 0.209131 0.309859 0.207794 0.307820 0.204689 0.307123 0.203352 0.305084 0.201799 0.304736 0.200461 0.302695 0.197358 0.301999 0.196020 0.299960 0.196234 0.298268 0.194896 0.296227 0.195966 0.287766
0 0.236692 0.331700 0.236042 0.336767 0.238715 0.340843 0.240268 0.341193 0.241604 0.343231 0.243156 0.343580 0.244493 0.345619 0.246046 0.345968 0.248718 0.350044 0.250271 0.350394 0.260955 0.366691 0.262509 0.367041 0.265178 0.371114 0.269838 0.372165 0.265910 0.402489 0.261255 0.401437 0.250647 0.409426 0.249097 0.409075 0.245564 0.411737 0.244013 0.411386 0.242248 0.412717 0.240699 0.412367 0.238933 0.413697 0.237383 0.413346 0.235619 0.414676 0.234069 0.414325 0.232305 0.415655 0.230757 0.415305 0.228992 0.416634 0.224348 0.415582 0.222584 0.416911 0.221037 0.416560 0.219274 0.417890 0.218629 0.422926 0.204706 0.419772 0.205348 0.414736 0.204015 0.412707 0.202468 0.412356 0.201135 0.410328 0.198042 0.409627 0.196708 0.407598 0.195162 0.407248 0.193829 0.405219 0.192282 0.404869 0.190949 0.402840 0.187855 0.402140 0.186522 0.400110 0.184977 0.399760 0.183643 0.397730 0.180550 0.397030 0.179217 0.395001 0.174579 0.393952 0.173244 0.391922 0.167062 0.390524 0.165728 0.388495 0.162637 0.387796 0.161304 0.385767 0.156668 0.384719 0.155334 0.382689 0.152243 0.381990 0.150909 0.379961 0.149365 0.379612 0.148030 0.377582 0.146485 0.377232 0.145151 0.375203 0.143606 0.374854 0.142272 0.372824 0.137638 0.371777 0.139948 0.353275 0.146131 0.354669 0.156674 0.346660 0.158222 0.347008 0.168778 0.338988 0.170327 0.339337 0.177371 0.333987 0.178919 0.334335 0.184206 0.330319 0.185756 0.330667 0.189283 0.327989 0.190832 0.328337 0.192597 0.326997 0.193238 0.321932
0 0.183855 0.396050 0.183217 0.401090 0.185884 0.405149 0.188976 0.405848 0.191643 0.409906 0.193189 0.410256 0.194522 0.412285 0.197615 0.412985 0.198948 0.415014 0.200494 0.415364 0.201827 0.417393 0.203374 0.417744 0.206039 0.421801 0.212226 0.423203 0.209014 0.448353 0.204378 0.447301 0.202619 0.448626 0.201074 0.448275 0.185261 0.460183 0.183718 0.459832 0.180207 0.462475 0.178665 0.462124 0.175156 0.464767 0.173613 0.464416 0.171860 0.465737 0.170318 0.465386 0.168565 0.466708 0.167023 0.466357 0.165270 0.467677 0.163728 0.467326 0.161977 0.468647 0.158894 0.467945 0.157142 0.469265 0.155602 0.468914 0.153851 0.470233 0.150770 0.469532 0.149019 0.470852 0.148390 0.475861 0.140690 0.474107 0.141319 0.469098 0.139989 0.467077 0.136909 0.466376 0.135578 0.464356 0.130960 0.463305 0.129630 0.461284 0.126550 0.460584 0.125220 0.458562 0.123681 0.458212 0.122350 0.456192 0.120811 0.455842 0.118148 0.451799 0.116609 0.451449 0.112615 0.445385 0.111077 0.445036 0.108414 0.440992 0.106875 0.440643 0.104211 0.436599 0.102673 0.436250 0.101342 0.434228 0.099802 0.433879 0.098470 0.431856 0.096932 0.431507 0.094268 0.427463 0.092730 0.427113 0.090065 0.423068 0.088526 0.422719 0.087195 0.420696 0.085656 0.420347 0.080326 0.412257 0.075710 0.411210 0.077150 0.399489 0.083307 0.400884 0.090292 0.395577 0.091831 0.395926 0.093578 0.394598 0.095119 0.394947 0.096867 0.393620 0.098407 0.393969 0.101903 0.391313 0.103444 0.391662 0.105193 0.390333 0.106735 0.390682 0.110232 0.388026 0.111775 0.388375 0.115275 0.385717 0.115900 0.380680
0 0.587477 0.220453 0.586516 0.227322 0.587857 0.229388 0.589440 0.229739 0.596149 0.240073 0.597731 0.240423 0.599073 0.242489 0.603820 0.243542 0.600926 0.264115 0.586696 0.260955 0.584876 0.262317 0.584156 0.267454 0.554149 0.260787 0.554863 0.255651 0.552181 0.251526 0.550603 0.251175 0.545239 0.242923 0.540502 0.241872 0.541688 0.233304 0.546426 0.234355 0.550061 0.231625 0.551640 0.231975 0.560733 0.225150 0.560971 0.223434 0.564611 0.220702 0.565328 0.215551
1 0.303826 0.636488 0.303170 0.641461 0.301410 0.642764 0.298326 0.642054 0.296566 0.643357 0.295024 0.643002 0.293264 0.644303 0.291723 0.643948 0.288205 0.646552 0.286664 0.646197 0.284905 0.647498 0.283364 0.647143 0.281607 0.648444 0.280067 0.648089 0.276551 0.650690 0.275012 0.650335 0.273255 0.651636 0.271715 0.651281 0.269959 0.652581 0.268420 0.652226 0.264909 0.654825 0.263370 0.654470 0.261615 0.655769 0.260076 0.655414 0.258322 0.656714 0.256784 0.656359 0.253277 0.658957 0.250200 0.658247 0.246695 0.660844 0.245157 0.660489 0.241653 0.663085 0.240117 0.662730 0.238365 0.664028 0.236828 0.663673 0.235078 0.664970 0.233541 0.664615 0.230041 0.667209 0.226968 0.666499 0.225219 0.667797 0.223684 0.667442 0.220187 0.670033 0.218651 0.669679 0.216903 0.670975 0.215368 0.670620 0.213621 0.671917 0.212086 0.671562 0.208592 0.674152 0.207058 0.673798 0.205312 0.675092 0.203777 0.674737 0.202032 0.676032 0.200498 0.675677 0.198753 0.676972 0.197220 0.676618 0.195475 0.677912 0.193941 0.677558 0.192197 0.678851 0.190665 0.678497 0.187178 0.681084 0.185645 0.680730 0.182159 0.683316 0.180627 0.682962 0.178885 0.684255 0.177352 0.683900 0.175611 0.685193 0.174080 0.684838 0.172339 0.686130 0.170807 0.685775 0.167325 0.688361 0.165795 0.688006 0.164056 0.689297 0.162525 0.688943 0.159046 0.691526 0.157516 0.691171 0.155777 0.692463 0.154248 0.692108 0.152509 0.693399 0.147922 0.692335 0.146184 0.693626 0.140068 0.692209 0.138747 0.690209 0.134162 0.689146 0.132841 0.687147 0.128256 0.686085 0.126935 0.684085 0.122350 0.683023 0.121029 0.681023 0.117974 0.680315 0.116652 0.678316 0.105959 0.675839 0.104638 0.673841 0.100056 0.672780 0.098735 0.670780 0.095682 0.670073 0.094360 0.668073 0.092833 0.667720 0.091511 0.665721 0.085405 0.664307 0.084083 0.662309 0.079504 0.661249 0.078183 0.659249 0.075130 0.658543 0.073809 0.656543 0.072282 0.656190 0.070960 0.654191 0.069434 0.653838 0.068113 0.651838 0.065061 0.651132 0.063738 0.649133 0.059162 0.648075 0.057839 0.646076 0.056313 0.645723 0.054991 0.643723 0.051941 0.643018 0.050618 0.641018 0.049093 0.640665 0.047770 0.638666 0.043195 0.637608 0.041872 0.635609 0.038823 0.634904 0.037500 0.632904 0.034451 0.632199 0.033127 0.630200 0.031603 0.629848 0.030280 0.627848 0.025707 0.626791 0.024384 0.624791 0.022860 0.624439 0.021536 0.622440 0.020012 0.622088 0.018688 0.620088 0.015641 0.619384 0.014317 0.617384 0.006699 0.615625 0.005375 0.613624 0.000806 0.612569 0.000000 0.606570 0.000000 0.604921 0.000000 0.602922 0.000000 0.579821 0.004600 0.581226 0.006325 0.579925 0.007849 0.580276 0.009575 0.578976 0.012626 0.579679 0.014353 0.578378 0.031142 0.582244 0.032870 0.580942 0.074129 0.590441 0.075455 0.592447 0.087691 0.595264 0.089426 0.593962 0.097079 0.595724 0.098815 0.594422 0.099432 0.589459
0 0.864223 0.737789 0.861168 0.757822 0.856445 0.756736 0.854617 0.758041 0.853042 0.757679 0.851215 0.758985 0.849641 0.758623 0.845987 0.761234 0.844414 0.760872 0.837110 0.766091 0.835537 0.765729 0.833712 0.767033 0.830568 0.766309 0.828744 0.767613 0.825600 0.766888 0.823777 0.768192 0.822206 0.767830 0.820382 0.769134 0.817240 0.768410 0.815418 0.769714 0.812276 0.768990 0.810454 0.770292 0.805743 0.769207 0.803922 0.770509 0.797643 0.769062 0.795823 0.770365 0.772290 0.764941 0.770473 0.766243 0.768906 0.765882 0.767585 0.763857 0.745643 0.758800 0.744324 0.756775 0.739624 0.755692 0.738304 0.753668 0.735172 0.752947 0.733852 0.750923 0.732285 0.750562 0.730964 0.748537 0.729399 0.748177 0.728078 0.746151 0.726512 0.745791 0.725191 0.743767 0.723626 0.743406 0.722306 0.741382 0.720739 0.741022 0.719419 0.738996 0.717853 0.738636 0.715211 0.734586 0.713645 0.734226 0.712325 0.732200 0.710759 0.731840 0.709438 0.729816 0.710661 0.721489 0.712472 0.720183 0.712717 0.718517 0.716340 0.715903 0.719475 0.716623 0.721287 0.715317 0.727556 0.716758 0.728877 0.718784 0.738285 0.720946 0.739606 0.722974 0.759998 0.727661 0.761815 0.726354 0.772803 0.728879 0.774622 0.727572 0.798185 0.732986 0.800008 0.731680 0.815730 0.735292 0.817554 0.733984 0.820700 0.734706 0.822525 0.733398 0.823281 0.728390
0 0.412775 0.454767 0.410505 0.471590 0.404273 0.470178 0.400705 0.472834 0.399149 0.472481 0.395581 0.475135 0.394025 0.474783 0.392243 0.476109 0.390686 0.475756 0.388904 0.477083 0.387348 0.476730 0.385566 0.478056 0.382455 0.477351 0.380674 0.478678 0.376008 0.477619 0.374227 0.478945 0.369561 0.477887 0.368231 0.475855 0.360458 0.474091 0.363143 0.453930 0.367810 0.454987 0.373152 0.450999 0.373826 0.445953
0 0.468600 0.292783 0.467904 0.297894 0.475935 0.310218 0.477506 0.310569 0.478844 0.312622 0.483556 0.313674 0.480532 0.335788 0.471115 0.333680 0.469314 0.335029 0.468619 0.340125 0.435698 0.332752 0.436617 0.325958 0.435280 0.323909 0.433712 0.323558 0.425686 0.311256 0.420985 0.310205 0.421443 0.306805 0.426144 0.307856 0.429737 0.305155 0.429967 0.303454 0.431535 0.303805 0.438727 0.298398 0.440296 0.298748 0.445693 0.294692 0.446615 0.287879
0 0.792833 0.638292 0.792081 0.643328 0.796055 0.649440 0.797631 0.649800 0.797380 0.651477 0.798704 0.653515 0.805007 0.654954 0.798479 0.698499 0.792187 0.697057 0.786718 0.700991 0.785146 0.700631 0.776039 0.707182 0.774468 0.706822 0.770828 0.709441 0.769257 0.709081 0.765620 0.711699 0.764049 0.711339 0.762230 0.712647 0.760661 0.712286 0.757025 0.714904 0.753886 0.714183 0.752068 0.715491 0.747361 0.714410 0.745545 0.715717 0.740839 0.714636 0.739025 0.715944 0.738285 0.720946 0.708508 0.714103 0.709242 0.709103 0.707920 0.707075 0.700087 0.705276 0.698765 0.703250 0.697199 0.702890 0.695877 0.700864 0.694311 0.700504 0.692989 0.698476 0.689857 0.697757 0.684566 0.689647 0.678304 0.688210 0.679033 0.683204 0.683730 0.684282 0.685539 0.682972 0.687106 0.683331 0.688915 0.682022 0.692050 0.682741 0.693860 0.681430 0.695428 0.681789 0.697238 0.680479 0.700373 0.681198 0.702185 0.679886 0.705320 0.680605 0.707133 0.679293 0.710270 0.680012 0.712083 0.678702 0.715219 0.679420 0.718848 0.676797 0.721986 0.677516 0.723801 0.676203 0.725371 0.676563 0.727186 0.675251 0.728756 0.675611 0.730572 0.674299 0.732142 0.674658 0.737593 0.670719 0.739163 0.671078 0.742799 0.668451 0.743046 0.666778 0.748503 0.662835 0.748751 0.661161 0.752390 0.658531 0.752638 0.656856 0.754458 0.655540 0.754706 0.653865 0.756527 0.652549 0.756776 0.650873 0.758598 0.649556 0.758846 0.647880 0.760667 0.646564 0.761165 0.643209 0.762987 0.641892 0.764480 0.631826
0 0.682865 0.976250 0.682142 0.981157 0.684763 0.985157 0.690968 0.986614 0.688074 1.000000 0.681873 1.000000 0.674713 1.000000 0.673164 1.000000 0.669586 1.000000 0.668038 1.000000 0.664462 1.000000 0.662914 1.000000 0.661126 1.000000 0.644103 1.000000 0.642794 1.000000 0.641246 1.000000 0.639938 1.000000 0.638390 1.000000 0.635772 1.000000 0.634226 1.000000 0.627677 0.992017 0.626131 0.991654 0.623512 0.987661 0.623748 0.986029 0.621128 0.982036 0.616488 0.980946 0.617671 0.972780 0.622313 0.973870 0.629453 0.968786 0.630166 0.963882
0 0.539905 0.834275 0.535490 0.865512 0.499932 0.857216 0.504305 0.825990
0 0.815115 0.932454 0.812617 0.948910 0.807932 0.947815 0.804311 0.950374 0.803564 0.955306 0.787961 0.951658 0.788953 0.945084 0.786329 0.941066 0.786577 0.939421 0.782639 0.933394 0.777957 0.932301 0.779195 0.924073
0 0.412033 0.743337 0.407762 0.774664 0.366139 0.765000 0.370360 0.733686
0 0.711777 0.976260 0.709593 0.990988 0.704935 0.989894 0.703141 0.991165 0.701588 0.990800 0.698002 0.993341 0.697277 0.998246 0.692623 0.997152 0.693347 0.992248 0.692036 0.990249 0.690485 0.989885 0.689175 0.987885 0.687624 0.987520 0.685004 0.983521 0.683453 0.983157 0.679521 0.977158 0.674868 0.976066 0.676070 0.967884
0 0.427075 0.444116 0.425479 0.455907 0.417681 0.454143 0.415894 0.455473 0.414334 0.455120 0.412548 0.456451 0.406313 0.455039 0.404981 0.453003 0.397189 0.451240 0.395405 0.452571 0.393847 0.452218 0.392515 0.450182 0.384727 0.448419 0.383394 0.446384 0.377166 0.444975 0.378741 0.433190
0 0.466281 0.673868 0.463992 0.690466 0.456238 0.688680 0.452682 0.691282 0.451997 0.696257 0.444250 0.694470 0.445161 0.687838 0.442516 0.683808 0.442744 0.682148 0.437454 0.674084 0.438363 0.667444
0 0.586802 0.797472 0.585858 0.804078 0.588493 0.808101 0.590046 0.808462 0.592681 0.812484 0.594234 0.812845 0.595552 0.814857 0.600213 0.815939 0.596428 0.842321 0.590220 0.840877 0.583071 0.846021 0.581519 0.845660 0.577948 0.848230 0.576397 0.847869 0.574612 0.849154 0.573061 0.848793 0.571277 0.850078 0.569726 0.849717 0.567941 0.851001 0.560193 0.849197 0.558878 0.847191 0.557328 0.846830 0.556013 0.844824 0.554463 0.844463 0.547884 0.834430 0.546334 0.834070 0.543702 0.830056 0.542153 0.829696 0.540836 0.827689 0.539287 0.827329 0.535338 0.821307 0.530691 0.820227 0.533014 0.803746 0.537664 0.804825 0.543013 0.800957 0.544564 0.801317 0.551703 0.796156 0.552638 0.789551
0 0.035454 0.417539 0.032412 0.442586 0.006351 0.436653 0.009368 0.411613
0 0.807341 0.855455 0.805591 0.867033 0.800896 0.865943 0.799580 0.863927 0.791756 0.862111 0.789124 0.858077 0.782867 0.856625 0.783860 0.850008
0 0.705131 0.715050 0.702444 0.733368 0.688363 0.730127 0.689093 0.725134 0.686450 0.721085 0.684885 0.720725 0.682242 0.716675 0.683214 0.710013
0 0.236692 0.331700 0.236042 0.336767 0.237378 0.338806 0.238932 0.339155 0.240268 0.341193 0.241821 0.341542 0.243156 0.343580 0.244710 0.343930 0.247382 0.348006 0.248936 0.348355 0.251606 0.352431 0.253160 0.352780 0.262509 0.367041 0.264061 0.367391 0.265396 0.369427 0.270057 0.370477 0.265692 0.404172 0.259487 0.402769 0.257719 0.404102 0.257501 0.405784 0.255950 0.405433 0.248880 0.410757 0.247331 0.410407 0.243797 0.413067 0.242248 0.412717 0.240483 0.414048 0.238933 0.413697 0.237167 0.415026 0.235619 0.414676 0.233853 0.416006 0.232305 0.415655 0.230541 0.416984 0.227444 0.416283 0.225681 0.417612 0.224133 0.417261 0.222369 0.418590 0.221724 0.423627 0.203160 0.419421 0.203801 0.414386 0.201135 0.410328 0.198042 0.409627 0.196708 0.407598 0.195162 0.407248 0.193829 0.405219 0.190736 0.404519 0.189402 0.402490 0.187855 0.402140 0.186522 0.400110 0.184977 0.399760 0.183643 0.397730 0.179005 0.396681 0.177670 0.394651 0.173032 0.393602 0.171699 0.391572 0.167062 0.390524 0.165728 0.388495 0.162637 0.387796 0.161304 0.385767 0.156668 0.384719 0.155334 0.382689 0.152243 0.381990 0.150909 0.379961 0.149365 0.379612 0.148030 0.377582 0.146485 0.377232 0.145151 0.375203 0.143606 0.374854 0.142272 0.372824 0.140728 0.372475 0.139393 0.370444 0.139603 0.368764 0.136933 0.364703 0.132300 0.363657 0.132719 0.360294 0.137353 0.361340 0.139107 0.360007 0.139318 0.358324 0.146341 0.352987 0.147888 0.353336 0.158433 0.345323 0.159981 0.345672 0.170539 0.337651 0.172087 0.338000 0.179132 0.332648 0.180681 0.332996 0.189496 0.326300 0.190137 0.321235
1 0.976374 0.449727 0.708966 0.583591 0.937934 0.609475
1 0.796462 0.533734 0.646045 0.371374 0.656069 0.603347
1 0.642500 0.556902 0.663601 0.616609 0.660043 0.687754 0.427543 0.497967
0 0.676531 0.564635 0.660819 0.561064 0.652159 0.564886 0.653767 0.572482 0.664732 0.580763 0.675202 0.583145
0 0.963753 0.307883 0.949034 0.295713 0.924088 0.287225 0.891186 0.285884 0.850389 0.291679 0.816813 0.304955 0.811185 0.324393 0.820635 0.353055 0.846632 0.380957 0.867699 0.395970 0.921320 0.413841 0.940584 0.404874 0.928121 0.387337 0.901907 0.369683 0.890516 0.344984 0.915768 0.332839 0.936410 0.324085
0 0.798965 0.212056 0.793970 0.227297 0.779403 0.232987 0.755762 0.235181 0.721463 0.226123 0.699578 0.197577 0.680741 0.166717 0.664842 0.143906 0.663734 0.122840 0.688285 0.104378 0.716057 0.092540 0.780200 0.096081 0.805581 0.101621 0.812533 0.110624 0.796193 0.127986 0.776031 0.134029 0.766977 0.139505 0.760874 0.153078 0.768157 0.178504 0.773759 0.187176
0 0.775609 0.136920 0.788946 0.139842 0.802345 0.151733 0.808432 0.166493 0.805822 0.174865 0.799640 0.179467 0.781471 0.181431 0.763254 0.174449 0.757371 0.158269 0.758633 0.149605 0.762348 0.142966
0 0.058216 0.830962 0.048148 0.823794 0.032504 0.817453 0.006092 0.801646 0.000000 0.792536 0.000000 0.796530 0.000000 0.805175 0.000000 0.815564 0.010868 0.823584 0.034000 0.829549 0.056603 0.835923
0 0.071850 0.925236 0.076233 0.914052 0.071209 0.906488 0.057267 0.894689 0.034989 0.881991 0.007998 0.871373 0.000000 0.867387 0.011973 0.883474 0.029727 0.892444 0.045335 0.906755 0.055408 0.917632 0.069792 0.925811
