0 0.537931 0.745691 0.540371 0.774673 0.535240 0.775948 0.527298 0.785319 0.525587 0.785744 0.514469 0.798862 0.514835 0.803209 0.475498 0.812984 0.475132 0.808636 0.467803 0.804540 0.460962 0.806240 0.459132 0.784503 0.464263 0.783228 0.480146 0.764487 0.479780 0.760141
0 0.418244 0.485470 0.418732 0.491266 0.420564 0.492291 0.422275 0.491866 0.433269 0.498011 0.434979 0.497585 0.440476 0.500657 0.447317 0.498958 0.449391 0.523592 0.442550 0.525292 0.440961 0.527166 0.439251 0.527591 0.437663 0.529464 0.435952 0.529889 0.431187 0.535512 0.429477 0.535937 0.426300 0.539685 0.424589 0.540110 0.415059 0.551355 0.415425 0.555702 0.382930 0.563777 0.382442 0.557980 0.378777 0.555932 0.377067 0.556357 0.375235 0.555333 0.375113 0.553883 0.371448 0.551836 0.369738 0.552261 0.353247 0.543044 0.348117 0.544318 0.347629 0.538522 0.352759 0.537247 0.355936 0.533499 0.355692 0.530601 0.357281 0.528726 0.357159 0.527278 0.358746 0.525403 0.358624 0.523955 0.360212 0.522080 0.360090 0.520632 0.363267 0.516884 0.363145 0.515435 0.369498 0.507938 0.369376 0.506489 0.374142 0.500867 0.373776 0.496520
0 0.473910 0.814857 0.476227 0.842390 0.469386 0.844090 0.453503 0.862831 0.451792 0.863256 0.442262 0.874501 0.440552 0.874925 0.432611 0.884295 0.430900 0.884720 0.421370 0.895965 0.419659 0.896390 0.414895 0.902012 0.413185 0.902437 0.405243 0.911807 0.403532 0.912232 0.400356 0.915980 0.400478 0.917429 0.398889 0.919303 0.397178 0.919728 0.395591 0.921603 0.390460 0.922878 0.388871 0.924751 0.389237 0.929098 0.368713 0.934198 0.368348 0.929851 0.366516 0.928827 0.364805 0.929253 0.361140 0.927203 0.359429 0.927629 0.353933 0.924557 0.352222 0.924982 0.348559 0.922933 0.346848 0.923358 0.339519 0.919262 0.337809 0.919687 0.335976 0.918662 0.330846 0.919937 0.329870 0.908345 0.338421 0.906221 0.340009 0.904346 0.341719 0.903921 0.343308 0.902046 0.346729 0.901197 0.348317 0.899323 0.351737 0.898473 0.353326 0.896599 0.356746 0.895750 0.358335 0.893875 0.361755 0.893025 0.363344 0.891151 0.366764 0.890302 0.368353 0.888427 0.371773 0.887577 0.373361 0.885703 0.375072 0.885278 0.376661 0.883404 0.378371 0.882979 0.379959 0.881105 0.383379 0.880255 0.384968 0.878381 0.386679 0.877956 0.388266 0.876081 0.389976 0.875657 0.391565 0.873783 0.393275 0.873358 0.394864 0.871484 0.396575 0.871059 0.398162 0.869185 0.399872 0.868760 0.401461 0.866885 0.403172 0.866460 0.411113 0.857090 0.412824 0.856665 0.417589 0.851044 0.419299 0.850618 0.428829 0.839374 0.430539 0.838949 0.440069 0.827704 0.439703 0.823357
0 0.250823 0.964971 0.251189 0.969318 0.254855 0.971367 0.256564 0.970942 0.258396 0.971966 0.260107 0.971541 0.261939 0.972565 0.270491 0.970440 0.271711 0.984930 0.264869 0.986630 0.263281 0.988505 0.261571 0.988930 0.258394 0.992678 0.256684 0.993103 0.253507 0.996851 0.251797 0.997276 0.248620 1.000000 0.248986 1.000000 0.238724 1.000000 0.238358 1.000000 0.236525 1.000000 0.234816 1.000000 0.232984 1.000000 0.231273 1.000000 0.229440 1.000000 0.227730 1.000000 0.211240 0.992560 0.209529 0.992985 0.209407 0.991536 0.207575 0.990512 0.207453 0.989063 0.205621 0.988038 0.205255 0.983692 0.206843 0.981817 0.206355 0.976021
0 0.610303 0.319396 0.610669 0.323743 0.625327 0.331936 0.627037 0.331511 0.630702 0.333559 0.632413 0.333134 0.636077 0.335182 0.642919 0.333482 0.645236 0.361015 0.640106 0.362290 0.638517 0.364163 0.636806 0.364588 0.635218 0.366463 0.633507 0.366888 0.631920 0.368761 0.630209 0.369186 0.628621 0.371061 0.625200 0.371911 0.623613 0.373784 0.621902 0.374209 0.620313 0.376084 0.618603 0.376509 0.617014 0.378384 0.613595 0.379233 0.612006 0.381107 0.610296 0.381532 0.607119 0.385280 0.605408 0.385705 0.595878 0.396949 0.583906 0.399925 0.582074 0.398900 0.578653 0.399750 0.576821 0.398726 0.575111 0.399151 0.573279 0.398126 0.571568 0.398552 0.562406 0.393432 0.562284 0.391983 0.556788 0.388910 0.556666 0.387461 0.554834 0.386437 0.554712 0.384987 0.543718 0.378843 0.536877 0.380543 0.535169 0.360255 0.540299 0.358981 0.543476 0.355233 0.543354 0.353784 0.548119 0.348161 0.547997 0.346713 0.555939 0.337343 0.555573 0.332995
0 0.702670 0.213598 0.703158 0.219394 0.704991 0.220419 0.706701 0.219994 0.708533 0.221018 0.708655 0.222467 0.737973 0.238852 0.738095 0.240301 0.739926 0.241325 0.746768 0.239625 0.748963 0.265708 0.743833 0.266983 0.737480 0.274481 0.735769 0.274906 0.732592 0.278654 0.730881 0.279079 0.729294 0.280952 0.727583 0.281377 0.725995 0.283251 0.717443 0.285376 0.715855 0.287250 0.707304 0.289375 0.705715 0.291249 0.662956 0.301874 0.661125 0.300850 0.657704 0.301700 0.655872 0.300675 0.652452 0.301525 0.650619 0.300502 0.647198 0.301351 0.645365 0.300328 0.643656 0.300753 0.641824 0.299728 0.640113 0.300153 0.636448 0.298105 0.636326 0.296656 0.634495 0.295632 0.633641 0.285489 0.635229 0.283614 0.634985 0.280716 0.636573 0.278841 0.636451 0.277393 0.638039 0.275518 0.637917 0.274070 0.639506 0.272196 0.639384 0.270746 0.640972 0.268873 0.640728 0.265974 0.642316 0.264100 0.642194 0.262651 0.643783 0.260777 0.643661 0.259329 0.645249 0.257454 0.645005 0.254556 0.646593 0.252682 0.646471 0.251233 0.649648 0.247485 0.649526 0.246035 0.651115 0.244161 0.650993 0.242712 0.663700 0.227719 0.663334 0.223372
0 0.283869 0.465602 0.284234 0.469949 0.287899 0.471997 0.291320 0.471147 0.293153 0.472171 0.294862 0.471746 0.296694 0.472771 0.298405 0.472346 0.300238 0.473369 0.301948 0.472945 0.303779 0.473969 0.305490 0.473544 0.309155 0.475591 0.310866 0.475166 0.312697 0.476191 0.314407 0.475766 0.316240 0.476790 0.317951 0.476365 0.321614 0.478413 0.323325 0.477988 0.325157 0.479013 0.326868 0.478587 0.330533 0.480636 0.332242 0.480211 0.337740 0.483283 0.337862 0.484732 0.343359 0.487804 0.343481 0.489253 0.347146 0.491302 0.347268 0.492751 0.349100 0.493775 0.349221 0.495224 0.351053 0.496248 0.351175 0.497697 0.354841 0.499745 0.354963 0.501194 0.358626 0.503243 0.363758 0.501968 0.365588 0.523703 0.360456 0.524979 0.357281 0.528726 0.357525 0.531625 0.355936 0.533499 0.356058 0.534949 0.352881 0.538697 0.353003 0.540145 0.349826 0.543894 0.348117 0.544318 0.346528 0.546192 0.344817 0.546617 0.341641 0.550366 0.342129 0.556162 0.282267 0.571036 0.281902 0.566689 0.280070 0.565665 0.278359 0.566091 0.276526 0.565066 0.273107 0.565916 0.271274 0.564891 0.266143 0.566166 0.264310 0.565143 0.259179 0.566418 0.257347 0.565393 0.253926 0.566243 0.252094 0.565220 0.248674 0.566069 0.246841 0.565046 0.245132 0.565471 0.243299 0.564446 0.239878 0.565296 0.238046 0.564272 0.234625 0.565123 0.232793 0.564098 0.229372 0.564948 0.227539 0.563924 0.225830 0.564349 0.223997 0.563325 0.222287 0.563750 0.218622 0.561701 0.216911 0.562127 0.213248 0.560078 0.211537 0.560503 0.200543 0.554359 0.200421 0.552909 0.194925 0.549837 0.194803 0.548388 0.192970 0.547364 0.192848 0.545915 0.191015 0.544891 0.190893 0.543442 0.189061 0.542418 0.186988 0.517784 0.185155 0.516759 0.184057 0.503718 0.185646 0.501843 0.185524 0.500395 0.190289 0.494772 0.189802 0.488976
0 0.205631 0.905190 0.205997 0.909538 0.211493 0.912610 0.213204 0.912185 0.218701 0.915257 0.220411 0.914832 0.224076 0.916880 0.225787 0.916455 0.229450 0.918504 0.231161 0.918079 0.232994 0.919102 0.234704 0.918677 0.236536 0.919701 0.241667 0.918426 0.243500 0.919450 0.248630 0.918176 0.250463 0.919200 0.255594 0.917925 0.257425 0.918949 0.264267 0.917249 0.266100 0.918274 0.278072 0.915299 0.279904 0.916322 0.281492 0.914449 0.296885 0.910624 0.298717 0.911648 0.305558 0.909948 0.307391 0.910971 0.309102 0.910546 0.310934 0.911571 0.314354 0.910721 0.316186 0.911746 0.319608 0.910895 0.321440 0.911919 0.324860 0.911069 0.330358 0.914141 0.335488 0.912866 0.336464 0.924459 0.329623 0.926159 0.328034 0.928033 0.328156 0.929483 0.313861 0.946349 0.312152 0.946774 0.307386 0.952396 0.305676 0.952821 0.304087 0.954695 0.302376 0.955120 0.299201 0.958868 0.297490 0.959293 0.295901 0.961168 0.292481 0.962018 0.290893 0.963891 0.284051 0.965591 0.282464 0.967465 0.280753 0.967890 0.279165 0.969764 0.279531 0.974112 0.277820 0.974537 0.277454 0.970189 0.275621 0.969165 0.270491 0.970440 0.268658 0.969416 0.265238 0.970266 0.263406 0.969242 0.261695 0.969667 0.259863 0.968643 0.258152 0.969068 0.254489 0.967019 0.252778 0.967445 0.250945 0.966421 0.249235 0.966846 0.247403 0.965821 0.243983 0.966671 0.242150 0.965647 0.238729 0.966497 0.236897 0.965473 0.235187 0.965898 0.233354 0.964874 0.228223 0.966148 0.226391 0.965125 0.221260 0.966400 0.219428 0.965376 0.216007 0.966226 0.214175 0.965201 0.210754 0.966051 0.208922 0.965027 0.207212 0.965452 0.205379 0.964428 0.201959 0.965278 0.200126 0.964255 0.198416 0.964680 0.196584 0.963655 0.194874 0.964080 0.193041 0.963056 0.191330 0.963481 0.189499 0.962457 0.187788 0.962882 0.182291 0.959810 0.180580 0.960235 0.171419 0.955114 0.169709 0.955539 0.167877 0.954514 0.167755 0.953066 0.164090 0.951017 0.158960 0.952292 0.157984 0.940700 0.163114 0.939425 0.164703 0.937550 0.164581 0.936102 0.166169 0.934228 0.166047 0.932778 0.167635 0.930904 0.167513 0.929455 0.169102 0.927582 0.168980 0.926132 0.172156 0.922384 0.172034 0.920935 0.173623 0.919061 0.173135 0.913264
0 0.615147 0.667329 0.617586 0.696310 0.610745 0.698010 0.609156 0.699885 0.607447 0.700310 0.604270 0.704057 0.602560 0.704482 0.600971 0.706357 0.599261 0.706781 0.596084 0.710530 0.594374 0.710955 0.592785 0.712828 0.591075 0.713253 0.589486 0.715128 0.586067 0.715978 0.584478 0.717852 0.582768 0.718277 0.581179 0.720151 0.577759 0.721001 0.576170 0.722875 0.574460 0.723300 0.572872 0.725174 0.573238 0.729521 0.571527 0.729947 0.571161 0.725599 0.569330 0.724575 0.565909 0.725425 0.562243 0.723377 0.560534 0.723802 0.556869 0.721753 0.556747 0.720304 0.553082 0.718256 0.552960 0.716807 0.551129 0.715783 0.550641 0.709986 0.548808 0.708962 0.548564 0.706065 0.546732 0.705040 0.546610 0.703590 0.544777 0.702567 0.544411 0.698220 0.546000 0.696346 0.545878 0.694896 0.552230 0.687400 0.551865 0.683053
0 0.594125 0.749481 0.595711 0.768319 0.590580 0.769594 0.588991 0.771468 0.587282 0.771893 0.584104 0.775641 0.584226 0.777091 0.582638 0.778964 0.580927 0.779389 0.577752 0.783137 0.578118 0.787485 0.561013 0.791735 0.560647 0.787387 0.558816 0.786363 0.557106 0.786788 0.555273 0.785764 0.553563 0.786189 0.548066 0.783116 0.546355 0.783541 0.540859 0.780469 0.535728 0.781744 0.535118 0.774498 0.540249 0.773223 0.541837 0.771350 0.543547 0.770925 0.545135 0.769050 0.546846 0.768625 0.550023 0.764878 0.549657 0.760530
0 0.776400 0.674601 0.777863 0.691990 0.772733 0.693265 0.769555 0.697013 0.767846 0.697438 0.759904 0.706809 0.753062 0.708509 0.751230 0.707484 0.747810 0.708334 0.745978 0.707310 0.744267 0.707735 0.738771 0.704663 0.737060 0.705088 0.731562 0.702015 0.724722 0.703715 0.723380 0.687775
0 0.512009 0.935577 0.513595 0.954415 0.505043 0.956540 0.503455 0.958414 0.501744 0.958839 0.500156 0.960713 0.495025 0.961988 0.493437 0.963862 0.479755 0.967262 0.478166 0.969137 0.469615 0.971261 0.468026 0.973135 0.454344 0.976535 0.452755 0.978408 0.447625 0.979683 0.446036 0.981558 0.446402 0.985905 0.432720 0.989305 0.432354 0.984958 0.430522 0.983933 0.428811 0.984358 0.426978 0.983335 0.425268 0.983759 0.423437 0.982736 0.421726 0.983161 0.419894 0.982136 0.418183 0.982561 0.410854 0.978465 0.405723 0.979740 0.404260 0.962351
0 0.509183 0.072314 0.511135 0.095499 0.504294 0.097199 0.502705 0.099073 0.500995 0.099497 0.499407 0.101372 0.495987 0.102222 0.494398 0.104096 0.492687 0.104521 0.491099 0.106395 0.491465 0.110743 0.470941 0.115843 0.470575 0.111495 0.463246 0.107398 0.458115 0.108674 0.457139 0.097081 0.462270 0.095806 0.465447 0.092058 0.465325 0.090609 0.466913 0.088735 0.466425 0.082938
0 0.666441 0.778852 0.667661 0.793343 0.662531 0.794618 0.660942 0.796492 0.659232 0.796917 0.657643 0.798791 0.655932 0.799216 0.654344 0.801090 0.650924 0.801940 0.649336 0.803814 0.645915 0.804664 0.644326 0.806538 0.640906 0.807388 0.639317 0.809262 0.634186 0.810537 0.632598 0.812412 0.629178 0.813261 0.627589 0.815135 0.615617 0.818110 0.614029 0.819984 0.591795 0.825508 0.589962 0.824485 0.586542 0.825335 0.584709 0.824311 0.582999 0.824736 0.581167 0.823711 0.579456 0.824137 0.572127 0.820040 0.570416 0.820465 0.570294 0.819017 0.568462 0.817992 0.568340 0.816542 0.566508 0.815519 0.566386 0.814070 0.567975 0.812196 0.569684 0.811771 0.571273 0.809897 0.572984 0.809472 0.576161 0.805723 0.575795 0.801376
0 0.275533 0.698458 0.275899 0.702805 0.277732 0.703829 0.284573 0.702130 0.286405 0.703154 0.294957 0.701029 0.296789 0.702053 0.303630 0.700353 0.305462 0.701378 0.310593 0.700103 0.312426 0.701126 0.317556 0.699851 0.318166 0.707096 0.307904 0.709646 0.306316 0.711521 0.304606 0.711946 0.303018 0.713819 0.299596 0.714669 0.298009 0.716544 0.296299 0.716969 0.294710 0.718843 0.293000 0.719268 0.289822 0.723016 0.288112 0.723441 0.284936 0.727190 0.283225 0.727615 0.280049 0.731362 0.278339 0.731787 0.276750 0.733661 0.273329 0.734511 0.271741 0.736386 0.270031 0.736811 0.268443 0.738684 0.265022 0.739534 0.263434 0.741409 0.261723 0.741834 0.260135 0.743707 0.258425 0.744132 0.256836 0.746006 0.244864 0.748981 0.243031 0.747957 0.241321 0.748382 0.230328 0.742238 0.230206 0.740789 0.228374 0.739764 0.226663 0.740189 0.224831 0.739165 0.224709 0.737716 0.222877 0.736693 0.222754 0.735243 0.215425 0.731147 0.215303 0.729698 0.211639 0.727649 0.209929 0.728074 0.200767 0.722954 0.199057 0.723379 0.198569 0.717582
0 0.213714 0.731572 0.214080 0.735919 0.217746 0.737967 0.217868 0.739416 0.239855 0.751705 0.244986 0.750430 0.246328 0.766371 0.239487 0.768071 0.237899 0.769944 0.236188 0.770369 0.233011 0.774117 0.229591 0.774967 0.228003 0.776842 0.226292 0.777267 0.224459 0.776242 0.219329 0.777517 0.217496 0.776493 0.214076 0.777343 0.212243 0.776319 0.208823 0.777169 0.206990 0.776145 0.195018 0.779120 0.193187 0.778096 0.191476 0.778521 0.189887 0.780395 0.167653 0.785920 0.167531 0.784470 0.165698 0.783446 0.158858 0.785146 0.156663 0.759063 0.161793 0.757788 0.164970 0.754039 0.168390 0.753189 0.174744 0.745693 0.174378 0.741346
0 0.582882 0.781862 0.584224 0.797802 0.579093 0.799077 0.563209 0.817817 0.561499 0.818242 0.559911 0.820117 0.558201 0.820542 0.555024 0.824290 0.553313 0.824715 0.551725 0.826589 0.550014 0.827014 0.548427 0.828888 0.546717 0.829313 0.543540 0.833061 0.543906 0.837408 0.496016 0.849308 0.495650 0.844961 0.491986 0.842913 0.490276 0.843337 0.481115 0.838216 0.479404 0.838641 0.475739 0.836594 0.470609 0.837869 0.469389 0.823378 0.474519 0.822103 0.477696 0.818354 0.477574 0.816906 0.480751 0.813158 0.480263 0.807361 0.502498 0.801836 0.502864 0.806184 0.504695 0.807208 0.513247 0.805083 0.515079 0.806107 0.540734 0.799732 0.543911 0.795984 0.543545 0.791637
0 0.829661 0.685037 0.830027 0.689385 0.833691 0.691432 0.840533 0.689732 0.842850 0.717265 0.837719 0.718540 0.831367 0.726036 0.829656 0.726461 0.823302 0.733957 0.823668 0.738304 0.801434 0.743829 0.801068 0.739482 0.793739 0.735386 0.792029 0.735811 0.788364 0.733763 0.786653 0.734188 0.782990 0.732139 0.781279 0.732564 0.781157 0.731116 0.775661 0.728043 0.773950 0.728468 0.773828 0.727018 0.768330 0.723947 0.761490 0.725646 0.759538 0.702461
0 0.231301 0.774542 0.231667 0.778890 0.237164 0.781962 0.238875 0.781537 0.240707 0.782561 0.247548 0.780862 0.249865 0.808394 0.243024 0.810094 0.236671 0.817590 0.233250 0.818440 0.230073 0.822188 0.230439 0.826535 0.208206 0.832059 0.207840 0.827713 0.206007 0.826688 0.202586 0.827538 0.200755 0.826514 0.199044 0.826939 0.197212 0.825915 0.195501 0.826340 0.191837 0.824293 0.190127 0.824718 0.180965 0.819597 0.180843 0.818148 0.175345 0.815075 0.175223 0.813627 0.171560 0.811577 0.171438 0.810129 0.169605 0.809105 0.169483 0.807656 0.167650 0.806631 0.167528 0.805183 0.165696 0.804158 0.160566 0.805433 0.159468 0.792391
0 0.623035 0.097282 0.624011 0.108874 0.618881 0.110149 0.601408 0.130764 0.599698 0.131189 0.596521 0.134938 0.594811 0.135363 0.593223 0.137236 0.591512 0.137661 0.589925 0.139535 0.588214 0.139960 0.585037 0.143708 0.583326 0.144133 0.581738 0.146007 0.576607 0.147282 0.575019 0.149157 0.569889 0.150432 0.568300 0.152305 0.563168 0.153580 0.561581 0.155454 0.551319 0.158004 0.549730 0.159879 0.536048 0.163278 0.534459 0.165153 0.529328 0.166428 0.527740 0.168301 0.524320 0.169151 0.522732 0.171026 0.517600 0.172301 0.516011 0.174174 0.509170 0.175874 0.507582 0.177748 0.504162 0.178598 0.502574 0.180472 0.500863 0.180897 0.499274 0.182772 0.497564 0.183197 0.480092 0.203811 0.478382 0.204236 0.476793 0.206110 0.475084 0.206535 0.473496 0.208409 0.471785 0.208834 0.468608 0.212582 0.465188 0.213432 0.463600 0.215307 0.461889 0.215732 0.460301 0.217605 0.458590 0.218030 0.457002 0.219904 0.455292 0.220329 0.453704 0.222203 0.450282 0.223054 0.448695 0.224928 0.446985 0.225353 0.445396 0.227227 0.441975 0.228077 0.440386 0.229950 0.436967 0.230800 0.435378 0.232675 0.430247 0.233949 0.428659 0.235824 0.414976 0.239224 0.413388 0.241097 0.399705 0.244498 0.397873 0.243474 0.392743 0.244749 0.390910 0.243724 0.389199 0.244149 0.387367 0.243125 0.385657 0.243549 0.383824 0.242526 0.382114 0.242951 0.376617 0.239878 0.376495 0.238430 0.374662 0.237406 0.374296 0.233058 0.375885 0.231184 0.375641 0.228286 0.378818 0.224537 0.378696 0.223089 0.380284 0.221214 0.381995 0.220789 0.396289 0.203923 0.398000 0.203498 0.402764 0.197877 0.404475 0.197451 0.409241 0.191829 0.410951 0.191404 0.415716 0.185781 0.417426 0.185356 0.422191 0.179734 0.423901 0.179309 0.428666 0.173687 0.430376 0.173262 0.431965 0.171388 0.433675 0.170963 0.435263 0.169090 0.436974 0.168665 0.438562 0.166790 0.440273 0.166365 0.441861 0.164491 0.443571 0.164067 0.445159 0.162192 0.446870 0.161767 0.448459 0.159893 0.450169 0.159468 0.451756 0.157594 0.455178 0.156744 0.456766 0.154869 0.458477 0.154444 0.460064 0.152571 0.461774 0.152146 0.463363 0.150271 0.465074 0.149846 0.466662 0.147973 0.470082 0.147123 0.471670 0.145249 0.473381 0.144824 0.474969 0.142950 0.476680 0.142525 0.478268 0.140651 0.481689 0.139801 0.484866 0.136052 0.484500 0.131705
0 0.550170 0.559205 0.551878 0.579492 0.546746 0.580768 0.545158 0.582642 0.543448 0.583067 0.533918 0.594311 0.532208 0.594735 0.527443 0.600358 0.525732 0.600783 0.520968 0.606405 0.519257 0.606830 0.514492 0.612452 0.512782 0.612877 0.509605 0.616625 0.509971 0.620973 0.499709 0.623523 0.499221 0.617726 0.495557 0.615679 0.495435 0.614229 0.493603 0.613204 0.493481 0.611756 0.491648 0.610732 0.491526 0.609283 0.489693 0.608258 0.489571 0.606810 0.478579 0.600665 0.471736 0.602365 0.471004 0.593670 0.476136 0.592395 0.479312 0.588647 0.479190 0.587198 0.482367 0.583450 0.482245 0.582001 0.483834 0.580126 0.483468 0.575779
0 0.843159 0.202360 0.843525 0.206707 0.849021 0.209779 0.855862 0.208079 0.857570 0.228367 0.852439 0.229641 0.850851 0.231516 0.849140 0.231941 0.847552 0.233815 0.845842 0.234239 0.844253 0.236114 0.842544 0.236539 0.840955 0.238413 0.837534 0.239263 0.835946 0.241137 0.834235 0.241562 0.832646 0.243436 0.805281 0.250236 0.803450 0.249212 0.798318 0.250487 0.794654 0.248439 0.792944 0.248864 0.787446 0.245791 0.785737 0.246216 0.774743 0.240071 0.769611 0.241346 0.767904 0.221059
0 0.827196 0.863177 0.828904 0.883464 0.822062 0.885164 0.818886 0.888912 0.819252 0.893259 0.793597 0.899633 0.793231 0.895286 0.789567 0.893238 0.787856 0.893663 0.782358 0.890591 0.775518 0.892290 0.774177 0.876351
0 0.927411 0.518726 0.927777 0.523074 0.935106 0.527169 0.936816 0.526745 0.938649 0.527769 0.945490 0.526069 0.947686 0.552152 0.942555 0.553427 0.939377 0.557176 0.937668 0.557601 0.929727 0.566971 0.929849 0.568420 0.921906 0.577791 0.922028 0.579239 0.918852 0.582987 0.918974 0.584437 0.917386 0.586310 0.917508 0.587759 0.914330 0.591508 0.912620 0.591932 0.911032 0.593807 0.909322 0.594232 0.907734 0.596106 0.902602 0.597381 0.901015 0.599255 0.894172 0.600955 0.890997 0.604703 0.891362 0.609050 0.889652 0.609475 0.889286 0.605128 0.887453 0.604104 0.885743 0.604528 0.883911 0.603505 0.880490 0.604355 0.878658 0.603331 0.875237 0.604181 0.873405 0.603156 0.871695 0.603581 0.869862 0.602557 0.869740 0.601108 0.867908 0.600084 0.862776 0.601359 0.858995 0.556438 0.864127 0.555163 0.865714 0.553289 0.865592 0.551840 0.867181 0.549965 0.867059 0.548516 0.870236 0.544768 0.870114 0.543319 0.871825 0.542894 0.876589 0.537272 0.876101 0.531476
0 0.846107 0.071441 0.846594 0.077237 0.859420 0.084406 0.866261 0.082706 0.868091 0.104442 0.862960 0.105717 0.861372 0.107591 0.859662 0.108016 0.858073 0.109890 0.856362 0.110315 0.854774 0.112189 0.853064 0.112614 0.848299 0.118236 0.848665 0.122583 0.809328 0.132358 0.808962 0.128011 0.805297 0.125963 0.801877 0.126813 0.794547 0.122716 0.792837 0.123141 0.787340 0.120069 0.785630 0.120493 0.780134 0.117421 0.773292 0.119121 0.771950 0.103181 0.778792 0.101481 0.781967 0.097734 0.783678 0.097309 0.786855 0.093560 0.788566 0.093135 0.791741 0.089387 0.791375 0.085040
0 0.492522 0.455178 0.494474 0.478364 0.487633 0.480063 0.481279 0.487560 0.481645 0.491906 0.461122 0.497006 0.460634 0.491211 0.458802 0.490186 0.457091 0.490611 0.444264 0.483443 0.444142 0.481994 0.442311 0.480970 0.442189 0.479520 0.440357 0.478496 0.440235 0.477047 0.438402 0.476023 0.433272 0.477297 0.432662 0.470052
0 0.827237 0.531782 0.827602 0.536129 0.836764 0.541250 0.836886 0.542699 0.840550 0.544748 0.840672 0.546197 0.842505 0.547220 0.842749 0.550118 0.844582 0.551143 0.844826 0.554041 0.846657 0.555065 0.846779 0.556514 0.848611 0.557539 0.848855 0.560436 0.852521 0.562485 0.857651 0.561210 0.861311 0.604682 0.854469 0.606382 0.852881 0.608256 0.853246 0.612603 0.817330 0.621528 0.816964 0.617181 0.813300 0.615133 0.813178 0.613683 0.811345 0.612660 0.811101 0.609761 0.809269 0.608737 0.809025 0.605840 0.807194 0.604815 0.806950 0.601917 0.805117 0.600892 0.804995 0.599444 0.803163 0.598420 0.803041 0.596970 0.801208 0.595946 0.801086 0.594497 0.797422 0.592449 0.797299 0.591000 0.795468 0.589976 0.795346 0.588526 0.791680 0.586479 0.791558 0.585030 0.776900 0.576837 0.775190 0.577262 0.769694 0.574189 0.762852 0.575889 0.761389 0.558501 0.766519 0.557226 0.769696 0.553478 0.771405 0.553053 0.772994 0.551178 0.772506 0.545382
0 0.800908 0.053084 0.801884 0.064676 0.795043 0.066376 0.793455 0.068250 0.791744 0.068675 0.790156 0.070549 0.788446 0.070974 0.786858 0.072848 0.785147 0.073273 0.783558 0.075148 0.781848 0.075572 0.780260 0.077447 0.778550 0.077872 0.775373 0.081620 0.773662 0.082045 0.772074 0.083919 0.770365 0.084343 0.768776 0.086218 0.763645 0.087493 0.762056 0.089367 0.755215 0.091067 0.753627 0.092940 0.745075 0.095065 0.743487 0.096939 0.738356 0.098215 0.736767 0.100089 0.731637 0.101364 0.730049 0.103237 0.724917 0.104513 0.721741 0.108261 0.722107 0.112608 0.696452 0.118983 0.695355 0.105941 0.703906 0.103816 0.705494 0.101942 0.707204 0.101517 0.710381 0.097769 0.712091 0.097344 0.713680 0.095470 0.715389 0.095045 0.721744 0.087548 0.723454 0.087124 0.725042 0.085249 0.726752 0.084824 0.729929 0.081077 0.731639 0.080652 0.733227 0.078777 0.734937 0.078353 0.736526 0.076479 0.738236 0.076054 0.741414 0.072305 0.741048 0.067958
0 0.184167 0.608727 0.184533 0.613075 0.188197 0.615122 0.189908 0.614697 0.191740 0.615722 0.195161 0.614872 0.196992 0.615896 0.200414 0.615046 0.202246 0.616070 0.233032 0.608420 0.234861 0.630157 0.224600 0.632707 0.223011 0.634581 0.216170 0.636280 0.214582 0.638154 0.204320 0.640704 0.202732 0.642578 0.195890 0.644279 0.194058 0.643254 0.190637 0.644104 0.188804 0.643080 0.187094 0.643505 0.185263 0.642481 0.185141 0.641032 0.175979 0.635912 0.174269 0.636337 0.165107 0.631216 0.163396 0.631641 0.159731 0.629593 0.158022 0.630018 0.152524 0.626946 0.152402 0.625496 0.150570 0.624472 0.145440 0.625747 0.144830 0.618502
0 0.274618 0.189774 0.275106 0.195571 0.278771 0.197619 0.278893 0.199068 0.282557 0.201117 0.284268 0.200692 0.287933 0.202740 0.288055 0.204188 0.289886 0.205213 0.291596 0.204788 0.300758 0.209908 0.302468 0.209483 0.304301 0.210507 0.306012 0.210082 0.309675 0.212130 0.311386 0.211705 0.313219 0.212729 0.316639 0.211880 0.318471 0.212904 0.320182 0.212479 0.322014 0.213503 0.323725 0.213078 0.325557 0.214102 0.332398 0.212402 0.333740 0.228342 0.328608 0.229617 0.327020 0.231491 0.323600 0.232341 0.322012 0.234215 0.318590 0.235065 0.317002 0.236939 0.310161 0.238638 0.308573 0.240513 0.298312 0.243063 0.296723 0.244936 0.228310 0.261936 0.226477 0.260912 0.221347 0.262187 0.219515 0.261162 0.217804 0.261588 0.212308 0.258516 0.205466 0.260215 0.204613 0.250072 0.209743 0.248798 0.211332 0.246923 0.211210 0.245474 0.212798 0.243600 0.212432 0.239253 0.214019 0.237379 0.213897 0.235929 0.215486 0.234055 0.215364 0.232606 0.218541 0.228859 0.218419 0.227409 0.221596 0.223661 0.221474 0.222212 0.226239 0.216590 0.226117 0.215141 0.235647 0.203897 0.235281 0.199549
0 0.738269 0.802427 0.738757 0.808223 0.740589 0.809247 0.740833 0.812145 0.742666 0.813170 0.742788 0.814619 0.757446 0.822812 0.759156 0.822387 0.762821 0.824436 0.766243 0.823585 0.768074 0.824609 0.771495 0.823759 0.773327 0.824783 0.776747 0.823933 0.778336 0.822059 0.783468 0.820784 0.785055 0.818911 0.788476 0.818061 0.790065 0.816186 0.791775 0.815761 0.794951 0.812013 0.796661 0.811588 0.798250 0.809713 0.799960 0.809289 0.801549 0.807415 0.803260 0.806990 0.804847 0.805116 0.806557 0.804692 0.808146 0.802817 0.813277 0.801542 0.814865 0.799667 0.821706 0.797967 0.823658 0.821153 0.818527 0.822428 0.813762 0.828050 0.813884 0.829499 0.812295 0.831374 0.812418 0.832823 0.810830 0.834697 0.810952 0.836145 0.796656 0.853012 0.794946 0.853437 0.793358 0.855311 0.789938 0.856161 0.788349 0.858035 0.762694 0.864410 0.760862 0.863386 0.757441 0.864235 0.753777 0.862188 0.752067 0.862613 0.748401 0.860564 0.746691 0.860989 0.733866 0.853821 0.733744 0.852372 0.730078 0.850323 0.729956 0.848875 0.728124 0.847851 0.728002 0.846401 0.726169 0.845377 0.726048 0.843928 0.724216 0.842904 0.724094 0.841455 0.722262 0.840431 0.722018 0.837532 0.720185 0.836509 0.720063 0.835060 0.718231 0.834035 0.717500 0.825341 0.715667 0.824316 0.714325 0.808377
0 0.801529 0.774842 0.787973 0.771003 0.770912 0.770437 0.753322 0.774808 0.736127 0.783886 0.732092 0.792096 0.730637 0.797261 0.715030 0.802742 0.703326 0.798442 0.694466 0.783026 0.692881 0.764200 0.700752 0.756637 0.718277 0.751483 0.726741 0.750982 0.743010 0.742134 0.761526 0.737533 0.777529 0.736760 0.788308 0.741288 0.797169 0.745493 0.803318 0.751172 0.808672 0.758652 0.810127 0.764697 0.809531 0.768850
0 0.935267 0.567031 1.000000 0.571010 1.000000 0.593663 0.993058 0.602322 0.959529 0.619461 0.943260 0.628309 0.925736 0.633465 0.914296 0.632304 0.900806 0.629249 0.893267 0.618310 0.900808 0.606826 0.913110 0.595761 0.921642 0.584832
0 0.642834 0.663720 0.631394 0.662558 0.628022 0.656188 0.632983 0.647750 0.633911 0.636306 0.645352 0.626256 0.654676 0.624741 0.667174 0.627241 0.675903 0.629877 0.681854 0.633203 0.686946 0.637543 0.683505 0.641601 0.677950 0.642981 0.667238 0.650448 0.659831 0.652289 0.651894 0.659066
0 0.348223 0.745734 0.359135 0.740619 0.369451 0.739659 0.373814 0.746582 0.374807 0.747137 0.384197 0.746405 0.390215 0.750515 0.390611 0.755221 0.390809 0.757575 0.387436 0.762417 0.378506 0.768640 0.370373 0.773063 0.362107 0.775919 0.345706 0.783198 0.338298 0.785038 0.312377 0.780266 0.311122 0.776575 0.310594 0.770299 0.315090 0.767581 0.317735 0.765322 0.323489 0.755084 0.328978 0.752918 0.338236 0.750617 0.340948 0.749143
0 0.365885 0.697300 0.325945 0.683199 0.331170 0.677898 0.341752 0.668861 0.354249 0.671361 0.375278 0.674145 0.383876 0.675212 0.373888 0.691307
0 0.640198 0.587495 0.632131 0.592704 0.623799 0.594775 0.622475 0.601509 0.627302 0.602713 0.634775 0.601656 0.640925 0.596125
0 0.553033 0.652399 0.565137 0.638980 0.559914 0.633072 0.545695 0.632601 0.527114 0.636417 0.512103 0.637745 0.497686 0.634920 0.499870 0.627169 0.502185 0.620989 0.495837 0.612956 0.484862 0.606073 0.478181 0.605330 0.447365 0.620997 0.434138 0.632292 0.425474 0.641652 0.422628 0.652769 0.426198 0.661492 0.436580 0.672527 0.454433 0.682506 0.491003 0.679024 0.515140 0.673827 0.545826 0.656591
0 0.791848 0.446507 0.798792 0.450389 0.793964 0.460397 0.788739 0.465700 0.766121 0.477725 0.736693 0.487441 0.710836 0.494668 0.696552 0.493412 0.695033 0.486581 0.708591 0.467997 0.716462 0.460435 0.715933 0.454159 0.706410 0.453323 0.687167 0.449295 0.689816 0.424612 0.695173 0.420879 0.705224 0.416780 0.729097 0.408445 0.751317 0.402924 0.762560 0.401732 0.774264 0.406032 0.774195 0.416459 0.769036 0.422546 0.760440 0.432690 0.759049 0.438641 0.760240 0.441548 0.770621 0.441372 0.786824 0.442952
0 0.691199 0.463509 0.693515 0.457328 0.685249 0.448971 0.667526 0.451773 0.658335 0.454858 0.648679 0.463664 0.643850 0.473673 0.652114 0.482030 0.655885 0.481894 0.675989 0.473695 0.684122 0.469272
0 0.962669 0.364822 0.943687 0.386357 0.934558 0.401437 0.936143 0.420263 0.952280 0.421058 0.987195 0.420390 1.000000 0.408269 1.000000 0.404996 1.000000 0.381393 1.000000 0.361646 1.000000 0.308307
0 0.905346 0.278963 0.917447 0.276757 0.921943 0.285249 0.912085 0.314126 0.910166 0.325014 0.904281 0.333683 0.882193 0.340773 0.865066 0.339423 0.847344 0.331014 0.831011 0.327864 0.836236 0.322563 0.864277 0.307586
0 0.900510 0.345031 0.910694 0.342500 0.924251 0.346340 0.927292 0.348787 0.927688 0.353494 0.921470 0.358242 0.913138 0.360312 0.903748 0.361044 0.893433 0.350793
0 0.987099 0.127314 0.958135 0.120096 0.931752 0.098623 0.895780 0.086740 0.860933 0.076980 0.862917 0.066877 0.893139 0.055364 0.944126 0.043495 0.992862 0.038593 1.000000 0.042390 1.000000 0.105142 1.000000 0.121699
0 0.955764 0.047009 0.968593 0.042221 0.986448 0.040987 0.995111 0.042838 0.993852 0.050358 0.977321 0.056068 0.966542 0.051539
0 0.681884 0.397753 0.678644 0.381742 0.671702 0.377861 0.651467 0.373279 0.623495 0.377828 0.603523 0.387596 0.596181 0.401430 0.590689 0.426019 0.585330 0.440965 0.564763 0.454884 0.542014 0.465342 0.533879 0.469766 0.508549 0.494480 0.506300 0.501444 0.509672 0.507815 0.517606 0.512248 0.530367 0.517887 0.549215 0.517209 0.568656 0.512378 0.590745 0.505288 0.601394 0.485823 0.618723 0.455891 0.623684 0.447451 0.640284 0.431313 0.656355 0.420114 0.674211 0.407668
0 0.410491 0.407530 0.408571 0.418419 0.395345 0.429714 0.378680 0.433855 0.362015 0.437996 0.357054 0.446436 0.357516 0.463137 0.357978 0.468628 0.367235 0.477539 0.377087 0.482300 0.392362 0.484109 0.411077 0.481862 0.419676 0.471717 0.422520 0.460600 0.427085 0.447453 0.445205 0.438145 0.459951 0.433681 0.467558 0.422981 0.469941 0.406373 0.463329 0.395203 0.448650 0.389240 0.435622 0.391676 0.416445 0.399645 0.413004 0.403703
0 0.518292 0.307068 0.504934 0.316795 0.482912 0.324669 0.470348 0.321384 0.453287 0.309608 0.436492 0.312179 0.414800 0.323976 0.392049 0.345645 0.383451 0.355789 0.384508 0.368340 0.396212 0.372639 0.418828 0.371824 0.447661 0.355050 0.476759 0.352624 0.493157 0.367770 0.500429 0.375573 0.510746 0.374610 0.525030 0.364655 0.542823 0.340214 0.547322 0.326283 0.539717 0.314558 0.526823 0.307351 0.518226 0.306284
0 0.893736 0.039999 0.871119 0.052026 0.866954 0.047456 0.891224 0.032615 0.900084 0.036821
0 0.818814 0.025782 0.797917 0.035780 0.783434 0.043383 0.752484 0.057479 0.711020 0.070185 0.688139 0.067862 0.680603 0.056922 0.689864 0.032197 0.706860 0.020767 0.741844 0.009671 0.783506 0.000000 0.811942 0.000263 0.828604 0.007333 0.826090 0.022373 0.818021 0.027581
0 0.184718 0.498867 0.176453 0.490510 0.160715 0.483210 0.149407 0.483617 0.142001 0.485457 0.149735 0.498751 0.153570 0.499400 0.177377 0.501492
0 0.529476 0.249033 0.539527 0.244934 0.552820 0.245634 0.562738 0.251178 0.577220 0.254787 0.585947 0.257424 0.589850 0.258856 0.592757 0.270947 0.587466 0.275465 0.582507 0.283904 0.569545 0.287125 0.558302 0.288318 0.546201 0.290523 0.541968 0.296380 0.537537 0.299883 0.529204 0.301954 0.515782 0.299684 0.513268 0.292301 0.515518 0.285334 0.513006 0.277951 0.509897 0.274720 0.508378 0.267890 0.516182 0.259543 0.522465 0.255580
0 0.589132 0.182957 0.475585 0.215176 0.475320 0.223250 0.485702 0.223073 0.500581 0.220176 0.547203 0.212596 0.563998 0.210023 0.574646 0.201772
0 0.271104 0.312433 0.281883 0.316962 0.285453 0.325685 0.287501 0.338789 0.278705 0.346581 0.268851 0.353034 0.256815 0.356024 0.245176 0.352509 0.231158 0.354392 0.223751 0.356232 0.200870 0.353910 0.199549 0.349434 0.201599 0.340114 0.209338 0.330983 0.222101 0.325409 0.230634 0.314481 0.248291 0.310894 0.256027 0.312976 0.259796 0.312840 0.265483 0.313029
0 0.341338 0.270956 0.327253 0.272055 0.309397 0.273287 0.300271 0.277156 0.288830 0.287207 0.276462 0.297488 0.266675 0.304724 0.252787 0.308175 0.246109 0.307433 0.236455 0.293814 0.233546 0.281724 0.241882 0.268441 0.262117 0.261811 0.283279 0.254951 0.296903 0.248363 0.312377 0.241315 0.338961 0.231506 0.350931 0.227731 0.359726 0.231150 0.372024 0.242510 0.373676 0.250909 0.367063 0.262163 0.351587 0.269210
0 0.236323 0.292246 0.216619 0.282727 0.194663 0.280174 0.176280 0.286343 0.157761 0.302157 0.157032 0.315951 0.168605 0.318682 0.183550 0.316570 0.206697 0.310819 0.225279 0.295790
0 0.389889 0.162793 0.411182 0.168715 0.413694 0.176099 0.407145 0.188136 0.395373 0.194264 0.387041 0.196335 0.369450 0.200706 0.354638 0.204386 0.336584 0.203267 0.334140 0.196666 0.347233 0.183803 0.358080 0.177905 0.369124 0.174360 0.377192 0.169152
0 0.401198 0.151175 0.385460 0.143873 0.370052 0.140495 0.352132 0.140944 0.336856 0.150345 0.326009 0.167455 0.327925 0.178992 0.348623 0.177852 0.378648 0.163986
0 0.409207 0.100335 0.405105 0.107760 0.387713 0.114484 0.371975 0.118395 0.361790 0.120926 0.345721 0.120914 0.344728 0.120360 0.345193 0.114640 0.356104 0.109525 0.367081 0.105196 0.389633 0.092384 0.398626 0.098159 0.405305 0.098902
0 0.137134 0.798185 0.145733 0.788041 0.145734 0.776829 0.132113 0.772206 0.120010 0.774412 0.113860 0.779944 0.105790 0.796364 0.107111 0.812053 0.112929 0.825022 0.119077 0.830701 0.129129 0.837813 0.139840 0.841559 0.143741 0.842992 0.151348 0.832292 0.151482 0.822649 0.139513 0.815213 0.136010 0.807275 0.137530 0.802892
0 0.093420 0.840280 0.107040 0.856115 0.110213 0.860132 0.120462 0.869597 0.132166 0.873897 0.150550 0.878939 0.160203 0.892556 0.149158 0.896101 0.123765 0.897606 0.098042 0.895189 0.078797 0.891161 0.070069 0.888526 0.066630 0.881371 0.072784 0.864627 0.083036 0.851668
0 0.068079 0.943475 0.079916 0.938132 0.083089 0.942149 0.083486 0.946855 0.079916 0.949344 0.073435 0.950955 0.069202 0.945599
0 0.056197 0.757435 0.023000 0.778496 0.000000 0.803900 0.000000 0.818478 0.008312 0.828594 0.028878 0.837097 0.056849 0.843760 0.071331 0.847370 0.070477 0.803537 0.065521 0.767130 0.057389 0.760341
0 0.118049 0.582702 0.131342 0.583404 0.138351 0.588068 0.141657 0.593653 0.134514 0.598631 0.119568 0.600743 0.106080 0.597688 0.102972 0.594457 0.106278 0.588830 0.117851 0.580348
0 0.102245 0.585829 0.098011 0.602896 0.097876 0.623751 0.096817 0.633625 0.089407 0.657889 0.093835 0.676809 0.083717 0.680123 0.067318 0.676190 0.051976 0.673597 0.055418 0.658327 0.070234 0.632222 0.075063 0.611001 0.082339 0.596380
0 0.048726 0.758490 0.060897 0.734646 0.059578 0.707745 0.054290 0.678627 0.047811 0.657814 0.040076 0.655732 0.023277 0.669516 0.006281 0.680946 0.000000 0.690443 0.000000 0.704604 0.000000 0.714989 0.006408 0.727362 0.039138 0.756869 0.042179 0.759317
0 0.085319 0.564408 0.091272 0.556522 0.095573 0.529027 0.093195 0.512000 0.088502 0.501154 0.080896 0.500640 0.075341 0.502021 0.057221 0.511328 0.043466 0.516347 0.034670 0.524140 0.032023 0.537610 0.035592 0.546332 0.046569 0.553215 0.067927 0.559920
0 0.069390 0.498694 0.069592 0.467413 0.067412 0.452739 0.060800 0.452780 0.049492 0.453187 0.046383 0.449954 0.033883 0.458667 0.028592 0.463185 0.015499 0.476049 0.011727 0.487396 0.017017 0.494090 0.033019 0.504529 0.044724 0.508829 0.056030 0.508420 0.063503 0.507365
0 0.113972 0.410738 0.104845 0.414607 0.088379 0.409891 0.080116 0.401532 0.075222 0.388334 0.088714 0.380176 0.101741 0.377740 0.112190 0.378347 0.110601 0.393157 0.111063 0.409859
0 0.086593 0.411135 0.084872 0.424375 0.087120 0.439832 0.077994 0.443703 0.065693 0.443556 0.047046 0.435376 0.035938 0.426924 0.025491 0.415105 0.025095 0.410399 0.040041 0.397075 0.068147 0.382884 0.072579 0.379380 0.075882 0.396178 0.084215 0.405318
0 0.049374 0.328287 0.044482 0.326300 0.032313 0.327723 0.023384 0.333945 0.013332 0.349256 0.013132 0.358115 0.015048 0.369650 0.022455 0.367810 0.030127 0.357896 0.045073 0.344572
0 0.064834 0.444570 0.064568 0.452644 0.048631 0.454201 0.036465 0.444412 0.032829 0.434904 0.031440 0.429644 0.045063 0.434267 0.063644 0.441662
0 0.099883 0.984423 0.103783 0.985857 0.109998 0.992321 0.108872 1.000000 0.099878 1.000000 0.095714 1.000000 0.095252 0.996785
1 0.275359 0.127187 0.146716 0.316915 0.115633 0.340654 0.051226 0.327827 0.195740 0.135760
1 0.112921 0.342128 0.072447 0.377811 0.041701 0.338204
1 0.049567 0.375488 0.000000 0.389375 0.000000 0.582518 0.047690 0.577762 0.048221 0.561614 0.023758 0.529253 0.036985 0.517958 0.048889 0.513399 0.035067 0.506423 0.011132 0.491548 0.008950 0.476874 0.012920 0.467879 0.033091 0.449254 0.033358 0.441180 0.021062 0.407397 0.021855 0.405597 0.042488 0.392463
1 1.000000 0.307333 0.897460 0.409854 0.777514 0.321137 0.957266 0.199594 1.000000 0.229864
1 1.000000 0.246149 0.970153 0.262860 0.979219 0.213357 1.000000 0.228338 1.000000 0.233002
1 1.000000 0.167247 0.963549 0.195629 0.831242 0.061134 1.000000 0.000000
