0 0.405014 0.894349 0.404264 0.900859 0.409738 0.907166 0.409551 0.908793 0.420498 0.921407 0.420311 0.923035 0.428521 0.932495 0.430077 0.932445 0.432814 0.935598 0.434370 0.935548 0.437107 0.938701 0.440218 0.938600 0.442955 0.941754 0.444512 0.941703 0.445880 0.943281 0.447435 0.943230 0.448804 0.944806 0.450359 0.944756 0.451728 0.946332 0.453285 0.946282 0.454652 0.947859 0.456209 0.947809 0.457577 0.949386 0.459132 0.949335 0.460501 0.950912 0.462056 0.950861 0.464793 0.954015 0.466349 0.953964 0.467718 0.955540 0.469274 0.955490 0.470643 0.957067 0.472198 0.957017 0.474935 0.960170 0.476490 0.960120 0.477859 0.961696 0.484083 0.961494 0.482396 0.976140 0.476172 0.976342 0.472686 0.979698 0.471131 0.979748 0.465900 0.984781 0.464345 0.984832 0.459115 0.989865 0.458553 0.994747 0.422768 0.995908 0.423330 0.991027 0.419225 0.986296 0.419413 0.984669 0.405728 0.968901 0.405916 0.967275 0.397705 0.957813 0.397893 0.956186 0.392419 0.949879 0.392606 0.948251 0.389869 0.945099 0.390057 0.943471 0.384583 0.937164 0.384771 0.935537 0.371086 0.919769 0.371274 0.918141 0.367168 0.913412 0.368912 0.911733 0.369474 0.906851 0.371217 0.905174 0.371404 0.903547 0.373148 0.901869 0.373897 0.895359
0 0.254649 0.490688 0.254087 0.495569 0.256824 0.498723 0.258380 0.498672 0.259748 0.500250 0.261304 0.500199 0.262672 0.501777 0.264228 0.501726 0.268333 0.506456 0.269889 0.506405 0.271258 0.507982 0.275925 0.507830 0.273864 0.525731 0.269197 0.525882 0.267453 0.527560 0.264341 0.527661 0.262599 0.529339 0.261042 0.529389 0.259299 0.531067 0.257743 0.531117 0.249027 0.539506 0.247471 0.539557 0.243985 0.542913 0.242429 0.542963 0.240686 0.544640 0.234462 0.544842 0.233093 0.543266 0.231538 0.543317 0.230170 0.541739 0.228614 0.541790 0.220403 0.532329 0.218847 0.532380 0.216111 0.529226 0.214555 0.529276 0.211818 0.526124 0.208706 0.526225 0.207338 0.524648 0.205782 0.524698 0.201677 0.519968 0.200121 0.520019 0.198752 0.518441 0.197196 0.518492 0.195828 0.516915 0.194272 0.516965 0.190166 0.512235 0.183944 0.512437 0.184881 0.504301 0.189548 0.504150 0.194778 0.499116 0.195528 0.492607
0 0.673551 0.742968 0.672989 0.747850 0.677094 0.752580 0.678650 0.752530 0.681387 0.755683 0.687610 0.755481 0.684050 0.786399 0.677826 0.786601 0.674340 0.789958 0.672783 0.790008 0.671041 0.791685 0.669485 0.791736 0.667742 0.793413 0.633513 0.794524 0.631769 0.796202 0.617767 0.796657 0.616400 0.795080 0.614843 0.795130 0.609369 0.788823 0.604702 0.788975 0.605826 0.779211 0.610494 0.779059 0.612238 0.777382 0.612425 0.775755 0.615911 0.772400 0.616099 0.770772 0.617654 0.770721 0.626370 0.762332 0.627926 0.762282 0.633156 0.757249 0.634712 0.757198 0.643428 0.748810 0.643990 0.743928
0 0.666465 0.723744 0.665153 0.735134 0.658930 0.735336 0.653701 0.740370 0.652144 0.740420 0.650401 0.742099 0.648845 0.742149 0.647102 0.743826 0.645546 0.743877 0.638573 0.750588 0.637017 0.750639 0.633531 0.753994 0.633344 0.755621 0.631600 0.757299 0.630045 0.757350 0.619585 0.767416 0.618029 0.767467 0.614543 0.770822 0.613980 0.775705 0.599978 0.776159 0.600541 0.771277 0.597804 0.768123 0.596247 0.768174 0.593510 0.765020 0.591954 0.765071 0.590586 0.763493 0.589031 0.763544 0.586294 0.760391 0.584738 0.760442 0.582001 0.757287 0.580445 0.757338 0.576340 0.752608 0.574783 0.752659 0.570679 0.747928 0.569123 0.747978 0.566385 0.744826 0.564830 0.744876 0.562093 0.741723 0.560538 0.741773 0.557801 0.738619 0.559113 0.727228
0 0.412835 0.368828 0.412085 0.375337 0.413453 0.376913 0.415010 0.376862 0.423220 0.386324 0.423033 0.387951 0.424402 0.389528 0.424214 0.391155 0.426950 0.394309 0.431618 0.394157 0.428245 0.423448 0.423577 0.423600 0.400915 0.445410 0.399359 0.445461 0.395873 0.448817 0.394317 0.448868 0.392573 0.450545 0.391018 0.450596 0.389274 0.452274 0.386164 0.452375 0.384420 0.454052 0.381308 0.454153 0.379566 0.455831 0.374898 0.455983 0.373529 0.454406 0.371973 0.454456 0.370605 0.452880 0.369049 0.452930 0.364944 0.448199 0.363388 0.448250 0.356546 0.440366 0.354990 0.440416 0.353621 0.438840 0.352066 0.438890 0.349329 0.435737 0.347773 0.435787 0.346404 0.434211 0.344848 0.434261 0.343480 0.432684 0.341925 0.432735 0.340556 0.431157 0.339000 0.431208 0.337632 0.429632 0.336076 0.429682 0.334708 0.428105 0.333151 0.428155 0.329046 0.423425 0.324378 0.423577 0.326252 0.407304 0.332476 0.407102 0.342935 0.397035 0.344492 0.396985 0.347978 0.393629 0.349533 0.393579 0.353021 0.390223 0.354576 0.390173 0.356320 0.388496 0.357875 0.388445 0.363105 0.383411 0.364661 0.383361 0.373378 0.374971 0.373940 0.370090
0 0.346288 0.273716 0.345725 0.278597 0.348462 0.281751 0.348275 0.283378 0.352381 0.288108 0.352193 0.289736 0.354929 0.292889 0.354742 0.294517 0.356111 0.296094 0.355923 0.297720 0.357292 0.299298 0.357105 0.300925 0.358473 0.302502 0.358098 0.305756 0.359466 0.307334 0.359091 0.310587 0.360460 0.312164 0.360273 0.313791 0.361641 0.315368 0.366308 0.315217 0.361811 0.354272 0.357144 0.354423 0.353656 0.357779 0.352101 0.357829 0.348614 0.361185 0.347058 0.361235 0.343573 0.364591 0.343010 0.369473 0.294779 0.371039 0.295341 0.366156 0.293973 0.364579 0.290861 0.364680 0.289493 0.363104 0.286381 0.363205 0.285012 0.361628 0.281901 0.361729 0.280532 0.360152 0.278976 0.360203 0.277608 0.358626 0.276052 0.358677 0.273316 0.355523 0.271760 0.355574 0.269023 0.352419 0.267468 0.352470 0.263362 0.347740 0.261805 0.347790 0.257701 0.343061 0.253033 0.343212 0.255095 0.325311 0.259762 0.325160 0.263249 0.321804 0.263436 0.320177 0.264991 0.320126 0.275451 0.310060 0.275638 0.308433 0.277382 0.306755 0.278938 0.306705 0.287654 0.298315 0.289210 0.298265 0.294439 0.293232 0.295996 0.293182 0.302969 0.286471 0.304524 0.286420 0.311497 0.279708 0.312059 0.274827
0 0.382950 0.830218 0.382388 0.835099 0.387862 0.841406 0.392529 0.841255 0.388405 0.877056 0.382182 0.877258 0.378696 0.880613 0.377140 0.880664 0.375397 0.882341 0.372285 0.882442 0.370541 0.884120 0.356539 0.884574 0.355170 0.882998 0.350503 0.883149 0.349134 0.881573 0.346024 0.881674 0.332339 0.865906 0.330783 0.865957 0.328046 0.862802 0.328234 0.861175 0.322760 0.854868 0.318093 0.855020 0.320717 0.832238
0 0.520725 0.131873 0.520163 0.136755 0.522900 0.139908 0.524455 0.139858 0.525824 0.141435 0.528936 0.141334 0.530304 0.142910 0.531860 0.142860 0.533229 0.144437 0.534784 0.144387 0.536153 0.145964 0.537708 0.145913 0.539076 0.147490 0.540633 0.147439 0.543369 0.150593 0.546481 0.150492 0.549218 0.153645 0.550773 0.153595 0.552142 0.155171 0.553698 0.155120 0.555066 0.156698 0.556622 0.156647 0.559360 0.159801 0.560915 0.159750 0.563652 0.162904 0.565208 0.162853 0.569313 0.167583 0.570868 0.167533 0.574974 0.172264 0.576530 0.172213 0.590215 0.187981 0.591770 0.187930 0.606822 0.205275 0.608379 0.205224 0.615221 0.213108 0.619888 0.212957 0.616890 0.238993 0.610667 0.239195 0.608923 0.240873 0.607367 0.240923 0.605624 0.242601 0.600957 0.242753 0.599214 0.244431 0.586767 0.244835 0.585398 0.243258 0.571395 0.243712 0.570027 0.242135 0.566916 0.242236 0.565548 0.240660 0.562435 0.240761 0.561067 0.239184 0.557956 0.239285 0.556588 0.237708 0.555031 0.237759 0.553663 0.236183 0.552107 0.236233 0.550739 0.234656 0.549183 0.234706 0.547814 0.233129 0.546258 0.233179 0.544890 0.231603 0.543334 0.231654 0.540597 0.228500 0.539042 0.228551 0.534936 0.223821 0.533380 0.223871 0.512854 0.200219 0.511299 0.200270 0.509930 0.198693 0.508374 0.198744 0.507005 0.197166 0.505449 0.197217 0.504081 0.195640 0.500970 0.195741 0.499601 0.194164 0.496490 0.194265 0.495121 0.192689 0.492009 0.192790 0.490640 0.191213 0.489085 0.191263 0.487716 0.189687 0.479937 0.189940 0.478569 0.188362 0.475457 0.188463 0.474089 0.186886 0.470977 0.186987 0.469609 0.185411 0.466497 0.185512 0.465129 0.183935 0.463573 0.183986 0.462204 0.182409 0.459093 0.182510 0.457725 0.180932 0.456168 0.180983 0.453432 0.177829 0.451875 0.177880 0.450507 0.176303 0.448952 0.176354 0.447583 0.174778 0.446027 0.174828 0.443291 0.171674 0.441735 0.171724 0.438998 0.168572 0.437441 0.168622 0.430600 0.160738 0.429044 0.160788 0.427675 0.159211 0.427863 0.157584 0.425126 0.154431 0.423570 0.154481 0.422202 0.152905 0.422389 0.151277 0.418283 0.146546 0.419595 0.135156
0 0.326599 0.754229 0.325850 0.760738 0.327219 0.762315 0.328775 0.762264 0.330143 0.763841 0.331698 0.763791 0.333067 0.765367 0.334624 0.765317 0.335991 0.766894 0.337547 0.766843 0.338916 0.768421 0.345139 0.768219 0.343265 0.784492 0.337042 0.784694 0.333555 0.788048 0.333180 0.791304 0.320977 0.803048 0.319422 0.803098 0.312449 0.809809 0.303114 0.810112 0.301745 0.808536 0.300190 0.808586 0.298822 0.807009 0.297265 0.807060 0.295896 0.805482 0.294341 0.805533 0.292973 0.803957 0.291417 0.804007 0.290048 0.802431 0.288492 0.802481 0.287124 0.800904 0.285568 0.800955 0.282831 0.797801 0.281275 0.797851 0.279907 0.796274 0.278352 0.796325 0.276983 0.794748 0.275428 0.794799 0.274059 0.793223 0.269392 0.793374 0.273702 0.755946
0 0.312357 0.877903 0.311607 0.884412 0.312976 0.885988 0.316088 0.885887 0.317455 0.887464 0.323679 0.887262 0.325048 0.888840 0.328159 0.888739 0.329903 0.887060 0.345461 0.886555 0.346829 0.888133 0.353053 0.887931 0.354421 0.889507 0.363756 0.889204 0.365125 0.890780 0.366681 0.890730 0.368049 0.892307 0.374272 0.892105 0.371649 0.914887 0.365425 0.915089 0.360195 0.920123 0.360008 0.921749 0.358452 0.921800 0.351479 0.928511 0.350917 0.933392 0.329135 0.934099 0.329698 0.929218 0.328329 0.927641 0.322106 0.927843 0.320737 0.926266 0.312958 0.926519 0.311590 0.924942 0.308478 0.925043 0.305741 0.921890 0.304185 0.921941 0.301449 0.918786 0.299893 0.918836 0.297156 0.915684 0.295600 0.915734 0.288758 0.907850 0.288945 0.906223 0.282104 0.898339 0.275879 0.898541 0.278128 0.879014
0 0.676889 0.794738 0.674078 0.819147 0.669410 0.819298 0.662437 0.826009 0.662250 0.827637 0.660694 0.827688 0.643262 0.844465 0.641707 0.844516 0.638220 0.847871 0.637658 0.852753 0.614320 0.853510 0.614882 0.848629 0.613513 0.847053 0.611958 0.847103 0.610590 0.845526 0.607478 0.845627 0.606109 0.844050 0.604554 0.844100 0.592238 0.829910 0.587570 0.830061 0.588882 0.818670 0.593549 0.818518 0.610982 0.801740 0.611544 0.796859
0 0.634755 0.945256 0.630444 0.982683 0.625777 0.982834 0.624033 0.984513 0.622478 0.984563 0.618992 0.987919 0.617435 0.987969 0.615692 0.989646 0.614136 0.989697 0.612392 0.991375 0.610837 0.991426 0.609093 0.993104 0.605983 0.993205 0.604239 0.994882 0.599571 0.995034 0.597828 0.996711 0.596272 0.996762 0.594529 0.998440 0.591417 0.998541 0.589675 1.000000 0.585007 1.000000 0.583263 1.000000 0.580151 1.000000 0.578408 1.000000 0.570630 1.000000 0.568886 1.000000 0.562663 1.000000 0.560920 1.000000 0.557808 1.000000 0.556065 1.000000 0.554509 1.000000 0.552766 1.000000 0.549654 1.000000 0.547910 1.000000 0.543243 1.000000 0.541500 1.000000 0.538389 1.000000 0.536645 1.000000 0.530422 1.000000 0.528679 1.000000 0.522456 1.000000 0.521087 1.000000 0.517975 1.000000 0.516606 1.000000 0.515051 1.000000 0.513682 1.000000 0.512126 1.000000 0.510758 1.000000 0.509202 1.000000 0.502360 1.000000 0.500804 1.000000 0.492594 0.995263 0.491037 0.995314 0.488300 0.992161 0.488488 0.990534 0.487120 0.988956 0.485564 0.989007 0.485751 0.987379 0.481646 0.982649 0.476978 0.982801 0.478290 0.971410 0.482958 0.971259 0.486445 0.967902 0.489556 0.967801 0.491299 0.966124 0.495967 0.965972 0.497711 0.964295 0.500822 0.964194 0.502565 0.962516 0.508788 0.962314 0.510531 0.960636 0.522978 0.960232 0.524722 0.958554 0.532501 0.958302 0.533869 0.959878 0.549428 0.959373 0.550796 0.960950 0.558575 0.960698 0.560319 0.959020 0.564986 0.958868 0.566730 0.957191 0.569840 0.957090 0.571584 0.955413 0.574696 0.955312 0.578182 0.951955 0.578744 0.947074
0 0.402567 0.511826 0.402004 0.516709 0.403373 0.518285 0.404929 0.518234 0.407666 0.521388 0.410777 0.521287 0.413514 0.524440 0.415070 0.524390 0.417807 0.527543 0.419363 0.527493 0.424836 0.533800 0.426392 0.533750 0.427761 0.535326 0.433984 0.535124 0.431548 0.556279 0.426881 0.556431 0.425137 0.558108 0.423581 0.558158 0.421838 0.559837 0.420283 0.559887 0.418539 0.561565 0.416983 0.561616 0.415240 0.563293 0.413684 0.563344 0.410197 0.566699 0.408642 0.566750 0.405155 0.570105 0.403600 0.570156 0.401856 0.571834 0.400300 0.571885 0.396814 0.575239 0.395258 0.575290 0.390028 0.580323 0.388472 0.580374 0.384986 0.583730 0.384424 0.588612 0.353307 0.589622 0.354057 0.583112 0.352688 0.581535 0.351132 0.581586 0.348395 0.578432 0.346839 0.578483 0.341366 0.572176 0.339810 0.572226 0.334336 0.565919 0.332781 0.565970 0.331412 0.564393 0.331599 0.562766 0.330231 0.561188 0.331730 0.548171 0.333474 0.546493 0.333848 0.543238 0.335592 0.541560 0.335967 0.538305 0.337710 0.536628 0.338459 0.530119 0.337091 0.528542 0.337654 0.523660 0.336285 0.522084 0.337222 0.513947
0 0.224508 0.537060 0.223946 0.541941 0.226683 0.545095 0.228239 0.545044 0.230976 0.548198 0.234088 0.548097 0.235456 0.549674 0.237012 0.549624 0.238380 0.551201 0.239936 0.551150 0.241305 0.552727 0.242860 0.552676 0.245597 0.555830 0.247152 0.555779 0.248521 0.557357 0.250078 0.557306 0.251446 0.558882 0.257669 0.558680 0.254858 0.583090 0.247079 0.583343 0.245336 0.585020 0.243779 0.585070 0.242036 0.586748 0.240481 0.586798 0.238737 0.588476 0.238175 0.593359 0.207058 0.594369 0.207621 0.589486 0.206253 0.587909 0.203140 0.588010 0.201772 0.586434 0.197104 0.586585 0.195736 0.585009 0.192624 0.585110 0.191256 0.583533 0.189700 0.583583 0.188331 0.582006 0.186776 0.582056 0.184039 0.578904 0.182483 0.578954 0.181115 0.577377 0.178003 0.577478 0.176635 0.575901 0.175079 0.575951 0.172342 0.572798 0.170787 0.572848 0.169418 0.571272 0.167861 0.571322 0.166493 0.569746 0.164938 0.569797 0.162200 0.566642 0.160645 0.566693 0.159276 0.565116 0.153053 0.565318 0.154739 0.550672 0.162519 0.550420 0.164262 0.548742 0.165818 0.548692 0.167562 0.547014 0.172229 0.546862 0.173973 0.545185 0.175528 0.545134 0.177271 0.543456 0.177833 0.538575
0 0.352440 0.435636 0.351878 0.440517 0.354615 0.443671 0.356171 0.443620 0.363013 0.451505 0.369236 0.451303 0.365301 0.485476 0.360634 0.485627 0.358890 0.487305 0.357334 0.487355 0.355591 0.489033 0.352479 0.489134 0.350737 0.490812 0.347624 0.490913 0.333679 0.504335 0.333492 0.505962 0.331748 0.507640 0.325525 0.507842 0.321419 0.503112 0.319863 0.503163 0.314390 0.496855 0.312834 0.496905 0.310098 0.493751 0.308541 0.493802 0.305804 0.490649 0.304249 0.490700 0.301511 0.487546 0.299956 0.487597 0.297219 0.484443 0.295663 0.484494 0.294295 0.482916 0.292738 0.482967 0.290002 0.479813 0.288446 0.479864 0.284341 0.475133 0.282785 0.475184 0.282972 0.473557 0.280236 0.470403 0.275569 0.470555 0.275943 0.467300 0.280610 0.467149 0.284097 0.463793 0.284284 0.462165 0.286028 0.460488 0.287583 0.460438 0.294556 0.453726 0.296112 0.453676 0.299598 0.450320 0.301154 0.450270 0.302898 0.448592 0.304454 0.448541 0.307940 0.445186 0.309496 0.445135 0.312982 0.441779 0.313544 0.436898
0 0.237435 0.290218 0.236686 0.296727 0.238054 0.298305 0.244278 0.298103 0.241842 0.319257 0.237175 0.319408 0.231944 0.324442 0.230389 0.324493 0.221672 0.332881 0.220116 0.332932 0.216630 0.336287 0.216067 0.341169 0.188062 0.342078 0.188625 0.337196 0.187257 0.335619 0.185700 0.335669 0.184332 0.334093 0.181221 0.334194 0.179852 0.332618 0.178296 0.332668 0.176928 0.331091 0.175372 0.331141 0.174004 0.329565 0.172448 0.329616 0.169711 0.326462 0.168156 0.326513 0.164050 0.321782 0.164237 0.320154 0.162869 0.318578 0.163431 0.313696 0.165174 0.312018 0.165362 0.310391 0.174077 0.302002 0.175634 0.301951 0.177377 0.300274 0.178933 0.300224 0.180677 0.298545 0.181426 0.292036
0 0.178499 0.869278 0.174001 0.908332 0.169334 0.908484 0.157131 0.920229 0.156943 0.921856 0.148227 0.930244 0.135781 0.930648 0.134412 0.929072 0.132856 0.929122 0.130120 0.925969 0.130307 0.924341 0.128938 0.922764 0.129126 0.921138 0.127757 0.919561 0.127944 0.917934 0.126576 0.916356 0.127513 0.908220 0.129256 0.906542 0.130812 0.906492 0.139529 0.898102 0.139716 0.896476 0.144946 0.891442 0.145133 0.889815 0.148619 0.886459 0.148807 0.884833 0.152293 0.881476 0.152481 0.879849 0.154223 0.878172 0.154411 0.876544 0.156155 0.874866 0.156717 0.869985
0 0.726817 0.468878 0.726255 0.473760 0.727624 0.475337 0.732291 0.475185 0.726294 0.527258 0.720070 0.527460 0.716584 0.530816 0.716397 0.532442 0.698964 0.549220 0.697409 0.549271 0.692179 0.554305 0.690622 0.554355 0.688879 0.556032 0.685768 0.556133 0.684024 0.557812 0.682469 0.557862 0.678982 0.561218 0.675871 0.561319 0.674128 0.562997 0.672571 0.563047 0.670829 0.564725 0.669272 0.564775 0.667530 0.566452 0.664417 0.566553 0.662674 0.568232 0.659563 0.568333 0.657819 0.570011 0.650040 0.570263 0.648296 0.571941 0.632738 0.572446 0.630995 0.574123 0.624772 0.574325 0.623029 0.576003 0.622467 0.580886 0.577347 0.582350 0.577910 0.577468 0.575173 0.574314 0.573617 0.574365 0.569512 0.569634 0.567955 0.569684 0.562482 0.563377 0.562670 0.561750 0.561301 0.560173 0.561863 0.555292 0.560495 0.553715 0.563119 0.530933 0.566605 0.527578 0.566793 0.525950 0.570278 0.522595 0.570466 0.520967 0.580926 0.510901 0.581113 0.509273 0.586343 0.504240 0.586530 0.502613 0.595246 0.494224 0.596802 0.494174 0.600289 0.490818 0.601845 0.490768 0.603588 0.489090 0.605143 0.489039 0.608630 0.485684 0.610186 0.485633 0.611929 0.483955 0.613485 0.483904 0.615229 0.482227 0.618340 0.482126 0.620083 0.480449 0.621639 0.480398 0.623382 0.478720 0.624938 0.478670 0.626681 0.476992 0.627243 0.472110
0 0.310829 0.527773 0.307268 0.558691 0.302601 0.558843 0.293885 0.567232 0.293322 0.572113 0.273097 0.572770 0.273659 0.567889 0.270922 0.564735 0.269366 0.564785 0.251577 0.544287 0.252139 0.539405 0.253882 0.537728 0.254819 0.529591
0 0.435862 0.653411 0.435300 0.658293 0.439405 0.663023 0.440961 0.662973 0.447802 0.670856 0.449359 0.670806 0.453464 0.675536 0.455020 0.675486 0.460494 0.681793 0.466717 0.681591 0.462969 0.714137 0.456745 0.714339 0.455002 0.716017 0.453446 0.716067 0.451704 0.717745 0.450147 0.717795 0.443174 0.724506 0.442987 0.726133 0.441431 0.726184 0.436201 0.731217 0.434646 0.731268 0.432902 0.732946 0.429791 0.733047 0.428047 0.734724 0.426492 0.734775 0.424748 0.736452 0.423193 0.736503 0.421449 0.738181 0.418338 0.738282 0.416594 0.739960 0.413483 0.740061 0.411739 0.741739 0.408628 0.741840 0.406885 0.743517 0.403773 0.743618 0.402404 0.742042 0.388402 0.742496 0.386658 0.744173 0.380435 0.744375 0.379067 0.742799 0.375955 0.742900 0.374587 0.741324 0.371475 0.741425 0.370107 0.739847 0.368551 0.739898 0.367182 0.738321 0.365626 0.738371 0.364258 0.736795 0.361146 0.736896 0.359777 0.735320 0.358222 0.735370 0.356853 0.733793 0.355298 0.733843 0.353930 0.732266 0.352374 0.732316 0.351005 0.730740 0.349449 0.730791 0.348081 0.729213 0.346525 0.729264 0.345157 0.727688 0.343601 0.727738 0.342232 0.726162 0.340677 0.726212 0.339309 0.724635 0.337752 0.724686 0.335015 0.721532 0.333460 0.721583 0.332091 0.720006 0.332279 0.718378 0.330910 0.716802 0.331097 0.715174 0.332841 0.713496 0.333028 0.711869 0.334772 0.710192 0.334959 0.708564 0.338070 0.708463 0.339814 0.706785 0.363151 0.706028 0.364895 0.704350 0.371118 0.704148 0.372862 0.702471 0.385307 0.702067 0.388795 0.698710 0.390350 0.698660 0.393837 0.695304 0.394774 0.687169 0.401747 0.680457 0.403302 0.680407 0.413762 0.670340 0.413950 0.668713 0.422666 0.660324 0.423415 0.653815
0 0.146859 0.928668 0.143298 0.959587 0.137074 0.959789 0.135332 0.961466 0.135144 0.963093 0.133401 0.964771 0.133213 0.966398 0.129727 0.969754 0.129539 0.971381 0.126053 0.974736 0.125865 0.976364 0.124123 0.978042 0.123935 0.979668 0.109988 0.993092 0.108433 0.993142 0.104947 0.996497 0.103390 0.996547 0.101648 0.998225 0.100092 0.998276 0.098348 0.999953 0.097599 1.000000 0.061814 1.000000 0.062376 1.000000 0.050061 0.988552 0.050248 0.986924 0.046144 0.982193 0.046331 0.980566 0.044962 0.978990 0.045149 0.977362 0.042413 0.974209 0.037746 0.974360 0.040931 0.946697 0.045598 0.946546 0.047341 0.944867 0.048898 0.944817 0.050641 0.943139 0.053752 0.943038 0.055121 0.944615 0.058233 0.944514 0.059601 0.946091 0.061157 0.946041 0.062525 0.947617 0.064081 0.947566 0.066818 0.950720 0.068373 0.950669 0.069742 0.952247 0.071298 0.952196 0.074035 0.955350 0.075591 0.955299 0.078328 0.958452 0.079884 0.958401 0.081252 0.959979 0.084364 0.959878 0.085731 0.961455 0.098178 0.961051 0.099922 0.959373 0.101478 0.959322 0.103221 0.957644 0.104777 0.957593 0.110007 0.952561 0.111563 0.952510 0.130738 0.934054 0.131300 0.929173
0 0.314549 0.845407 0.313987 0.850290 0.316724 0.853442 0.322947 0.853240 0.321073 0.869513 0.314850 0.869715 0.311363 0.873072 0.309807 0.873122 0.308064 0.874799 0.294061 0.875254 0.292693 0.873678 0.286470 0.873880 0.285102 0.872302 0.283546 0.872353 0.278072 0.866046 0.276517 0.866096 0.276704 0.864468 0.275335 0.862892 0.275523 0.861264 0.272786 0.858112 0.268119 0.858263 0.269431 0.846872
0 0.422496 0.621421 0.421934 0.626303 0.424670 0.629456 0.429338 0.629304 0.425777 0.660223 0.421109 0.660375 0.419366 0.662052 0.417811 0.662102 0.416067 0.663781 0.415880 0.665407 0.407164 0.673797 0.406977 0.675425 0.405233 0.677102 0.402121 0.677203 0.400379 0.678880 0.397266 0.678981 0.395898 0.677405 0.394342 0.677455 0.392974 0.675879 0.391418 0.675930 0.383208 0.666468 0.381652 0.666518 0.378915 0.663365 0.377359 0.663415 0.371886 0.657108 0.370329 0.657159 0.364856 0.650852 0.363300 0.650903 0.359194 0.646172 0.354527 0.646324 0.356027 0.633305 0.360694 0.633154 0.364180 0.629798 0.364930 0.623289
0 0.544954 0.513690 0.544392 0.518571 0.549865 0.524879 0.551422 0.524828 0.555527 0.529558 0.557082 0.529508 0.556895 0.531135 0.558263 0.532712 0.564487 0.532510 0.560177 0.569937 0.553953 0.570139 0.536521 0.586917 0.534965 0.586967 0.531478 0.590324 0.529923 0.590374 0.528180 0.592051 0.527618 0.596933 0.507391 0.597589 0.507953 0.592708 0.505217 0.589554 0.503660 0.589605 0.502292 0.588028 0.502480 0.586401 0.492900 0.575364 0.491345 0.575414 0.488608 0.572260 0.487053 0.572310 0.484316 0.569158 0.482759 0.569208 0.481392 0.567631 0.475167 0.567833 0.477978 0.543424 0.482646 0.543273 0.484390 0.541594 0.485945 0.541544 0.489432 0.538188 0.490988 0.538138 0.496218 0.533104 0.497773 0.533054 0.503003 0.528021 0.504559 0.527970 0.513275 0.519581 0.513837 0.514699
0 0.494304 0.495879 0.491306 0.521916 0.483526 0.522168 0.480040 0.525524 0.479852 0.527151 0.478110 0.528829 0.476553 0.528879 0.473068 0.532235 0.469956 0.532336 0.468212 0.534013 0.460434 0.534265 0.459065 0.532689 0.455953 0.532790 0.454585 0.531214 0.453029 0.531264 0.451660 0.529687 0.450105 0.529738 0.444631 0.523430 0.443076 0.523481 0.441707 0.521904 0.437039 0.522055 0.439850 0.497647
0 0.573397 0.078285 0.569087 0.115713 0.544193 0.116521 0.544756 0.111639 0.543387 0.110062 0.541831 0.110112 0.540463 0.108536 0.537352 0.108637 0.535983 0.107060 0.532871 0.107161 0.531502 0.105584 0.529947 0.105635 0.527210 0.102481 0.522543 0.102633 0.523480 0.094497 0.529702 0.094295 0.540163 0.084227 0.540725 0.079346
0 0.729745 0.604963 0.727496 0.624491 0.721273 0.624693 0.717786 0.628048 0.716230 0.628099 0.702285 0.641521 0.700729 0.641572 0.697242 0.644927 0.696680 0.649810 0.670230 0.650668 0.670792 0.645786 0.668056 0.642632 0.666500 0.642683 0.659659 0.634799 0.658102 0.634850 0.652628 0.628543 0.647961 0.628694 0.650398 0.607539
0 0.152516 0.798788 0.151954 0.803670 0.154691 0.806824 0.160914 0.806622 0.158853 0.824522 0.152629 0.824724 0.149143 0.828079 0.147587 0.828130 0.145844 0.829808 0.144287 0.829859 0.142545 0.831536 0.141982 0.836417 0.134204 0.836670 0.134766 0.831788 0.123817 0.819174 0.117595 0.819376 0.119844 0.799849
0 0.726025 0.287330 0.725462 0.292212 0.726831 0.293788 0.728387 0.293738 0.729755 0.295315 0.734423 0.295163 0.735792 0.296740 0.738902 0.296639 0.740271 0.298215 0.741828 0.298164 0.743195 0.299742 0.744751 0.299691 0.746120 0.301268 0.747676 0.301217 0.750412 0.304371 0.753524 0.304270 0.754893 0.305847 0.756449 0.305796 0.757817 0.307374 0.764040 0.307172 0.762166 0.323445 0.755943 0.323646 0.754200 0.325324 0.752644 0.325374 0.750900 0.327053 0.749344 0.327103 0.747601 0.328780 0.744490 0.328881 0.742746 0.330559 0.734967 0.330811 0.733224 0.332489 0.725444 0.332742 0.723702 0.334419 0.719034 0.334571 0.717291 0.336249 0.715735 0.336299 0.713992 0.337977 0.712436 0.338027 0.708949 0.341384 0.707394 0.341434 0.705650 0.343112 0.702538 0.343213 0.700795 0.344891 0.697684 0.344992 0.696316 0.343414 0.693204 0.343515 0.680888 0.329325 0.679332 0.329376 0.673858 0.323067 0.672302 0.323118 0.669566 0.319964 0.664899 0.320116 0.666210 0.308725 0.670877 0.308574 0.674364 0.305218 0.675919 0.305168 0.681150 0.300134 0.682706 0.300083 0.684449 0.298406 0.686005 0.298356 0.687748 0.296678 0.689303 0.296628 0.692789 0.293272 0.693352 0.288390
0 0.152643 0.649634 0.152081 0.654515 0.157554 0.660823 0.159110 0.660773 0.160479 0.662349 0.165146 0.662198 0.162523 0.684980 0.157856 0.685131 0.152625 0.690165 0.151070 0.690215 0.142353 0.698604 0.140798 0.698654 0.128595 0.710399 0.127039 0.710450 0.113093 0.723872 0.112905 0.725499 0.109419 0.728854 0.109231 0.730481 0.104002 0.735515 0.103815 0.737142 0.095099 0.745531 0.091986 0.745632 0.090244 0.747309 0.080909 0.747612 0.079540 0.746036 0.074873 0.746188 0.073505 0.744611 0.070392 0.744712 0.069024 0.743135 0.065912 0.743236 0.064545 0.741659 0.062988 0.741709 0.058883 0.736979 0.052660 0.737181 0.053784 0.727418 0.058452 0.727266 0.060195 0.725589 0.060570 0.722333 0.062313 0.720656 0.062688 0.717402 0.064430 0.715723 0.064805 0.712470 0.068293 0.709113 0.068480 0.707486 0.070223 0.705808 0.070410 0.704181 0.072154 0.702504 0.072341 0.700876 0.075827 0.697521 0.076014 0.695894 0.079502 0.692538 0.079689 0.690911 0.083175 0.687555 0.083362 0.685928 0.086849 0.682572 0.087036 0.680945 0.090523 0.677589 0.090711 0.675962 0.097684 0.669251 0.097871 0.667624 0.106587 0.659235 0.108143 0.659185 0.109886 0.657506 0.110636 0.650997
0 0.303601 0.119466 0.303038 0.124349 0.305775 0.127501 0.308888 0.127400 0.310256 0.128977 0.311811 0.128927 0.315917 0.133658 0.317472 0.133607 0.318841 0.135183 0.320397 0.135133 0.325870 0.141440 0.327427 0.141390 0.331531 0.146119 0.336199 0.145968 0.334325 0.162241 0.307876 0.163099 0.308438 0.158218 0.305702 0.155064 0.301034 0.155216 0.299665 0.153640 0.296554 0.153741 0.295185 0.152163 0.292074 0.152264 0.290706 0.150687 0.287594 0.150788 0.286225 0.149212 0.284669 0.149262 0.283301 0.147685 0.281746 0.147735 0.277640 0.143006 0.276084 0.143056 0.270610 0.136749 0.269054 0.136799 0.267686 0.135223 0.266130 0.135274 0.264761 0.133696 0.258539 0.133898 0.260038 0.120880
0 0.259402 0.153325 0.258839 0.158207 0.262944 0.162937 0.264501 0.162886 0.265869 0.164463 0.272092 0.164261 0.269656 0.185416 0.263432 0.185618 0.261690 0.187295 0.260133 0.187346 0.254904 0.192379 0.253348 0.192430 0.248117 0.197464 0.246562 0.197514 0.244819 0.199192 0.241707 0.199293 0.239964 0.200971 0.238408 0.201021 0.236665 0.202699 0.213328 0.203456 0.211959 0.201880 0.208847 0.201981 0.207479 0.200403 0.205923 0.200454 0.203186 0.197300 0.201630 0.197351 0.198894 0.194197 0.197337 0.194248 0.195969 0.192672 0.194413 0.192722 0.193045 0.191145 0.191489 0.191195 0.190121 0.189618 0.188565 0.189669 0.187196 0.188092 0.184085 0.188193 0.182716 0.186616 0.178049 0.186767 0.182716 0.186616 0.186203 0.183261 0.186390 0.181634 0.188133 0.179955 0.188320 0.178329 0.190064 0.176651 0.190251 0.175024 0.191995 0.173346 0.192182 0.171718 0.204385 0.159975 0.204947 0.155092
0 0.526666 0.780159 0.526104 0.785042 0.528841 0.788194 0.530396 0.788144 0.531765 0.789721 0.534877 0.789620 0.538982 0.794351 0.540538 0.794301 0.541906 0.795877 0.546574 0.795725 0.544512 0.813625 0.538289 0.813827 0.529573 0.822216 0.528017 0.822267 0.521044 0.828978 0.519489 0.829028 0.517745 0.830706 0.516190 0.830756 0.514446 0.832434 0.513884 0.837316 0.493657 0.837972 0.494220 0.833091 0.492852 0.831514 0.491295 0.831564 0.489927 0.829988 0.488372 0.830038 0.485635 0.826885 0.484079 0.826935 0.479973 0.822204 0.478418 0.822255 0.472944 0.815948 0.471389 0.815998 0.465914 0.809692 0.459691 0.809894 0.460816 0.800130 0.465483 0.799978 0.467226 0.798301 0.468782 0.798250 0.472269 0.794895 0.473825 0.794844 0.475568 0.793166 0.477123 0.793115 0.478867 0.791438 0.480422 0.791388 0.485652 0.786355 0.486214 0.781472
0 0.551220 0.701545 0.549721 0.714563 0.545054 0.714715 0.543310 0.716392 0.540198 0.716493 0.538455 0.718171 0.536899 0.718222 0.535155 0.719900 0.533600 0.719951 0.531857 0.721628 0.530301 0.721678 0.528558 0.723356 0.527002 0.723406 0.525259 0.725084 0.523703 0.725135 0.516730 0.731846 0.515174 0.731897 0.511688 0.735252 0.511126 0.740133 0.508014 0.740234 0.508764 0.733725 0.507395 0.732149 0.505839 0.732200 0.498997 0.724315 0.497442 0.724366 0.496073 0.722789 0.494517 0.722840 0.493148 0.721264 0.488480 0.721415 0.489418 0.713278 0.495642 0.713076 0.497385 0.711399 0.498941 0.711348 0.502427 0.707992 0.502990 0.703111
0 0.755019 0.156693 0.754270 0.163202 0.755638 0.164779 0.757195 0.164729 0.762669 0.171035 0.764224 0.170984 0.766961 0.174139 0.773184 0.173937 0.766812 0.229264 0.755922 0.229618 0.754178 0.231295 0.737064 0.231851 0.735696 0.230274 0.727916 0.230527 0.726548 0.228949 0.717213 0.229252 0.715844 0.227675 0.703397 0.228079 0.702029 0.226503 0.695806 0.226705 0.694438 0.225129 0.691326 0.225230 0.689958 0.223652 0.686846 0.223753 0.685477 0.222176 0.683922 0.222226 0.681185 0.219074 0.679629 0.219124 0.678260 0.217547 0.676705 0.217598 0.675336 0.216021 0.673780 0.216072 0.672412 0.214495 0.672599 0.212867 0.671230 0.211291 0.665008 0.211492 0.665758 0.204983 0.670425 0.204832 0.677398 0.198121 0.677585 0.196493 0.682815 0.191460 0.684371 0.191410 0.686114 0.189731 0.687670 0.189681 0.689412 0.188004 0.690969 0.187953 0.692711 0.186276 0.694268 0.186225 0.696012 0.184547 0.697567 0.184497 0.701053 0.181141 0.702609 0.181090 0.704353 0.179412 0.705908 0.179362 0.716368 0.169295 0.716743 0.166041 0.715374 0.164464 0.713819 0.164515 0.714568 0.158006
0 0.778103 0.454244 0.775854 0.473771 0.768075 0.474024 0.766332 0.475702 0.764775 0.475752 0.763033 0.477430 0.759921 0.477531 0.758178 0.479208 0.755066 0.479309 0.753323 0.480987 0.751767 0.481038 0.750024 0.482715 0.743800 0.482917 0.742058 0.484595 0.737390 0.484747 0.736022 0.483169 0.734465 0.483220 0.727624 0.475337 0.721400 0.475539 0.729179 0.475286 0.730922 0.473609 0.734033 0.473508 0.735777 0.471830 0.737333 0.471779 0.742563 0.466745 0.744119 0.466695 0.745862 0.465017 0.747418 0.464967 0.750904 0.461611 0.751653 0.455102
0 0.128485 0.819023 0.125112 0.848314 0.120444 0.848465 0.113472 0.855176 0.111916 0.855227 0.106687 0.860260 0.105130 0.860310 0.103387 0.861988 0.101831 0.862039 0.100088 0.863717 0.098532 0.863768 0.096788 0.865445 0.095233 0.865495 0.093489 0.867173 0.091934 0.867223 0.090191 0.868901 0.088635 0.868952 0.086891 0.870629 0.085336 0.870680 0.080107 0.875714 0.078550 0.875764 0.076807 0.877441 0.072140 0.877593 0.070771 0.876017 0.069215 0.876067 0.067847 0.874491 0.066291 0.874541 0.062185 0.869810 0.060630 0.869861 0.057893 0.866707 0.056337 0.866758 0.054969 0.865182 0.055156 0.863554 0.051051 0.858824 0.051239 0.857196 0.049870 0.855620 0.045203 0.855771 0.046327 0.846007 0.050994 0.845855 0.054481 0.842501 0.054668 0.840873 0.070357 0.825773 0.070919 0.820891
0 0.258709 0.886129 0.258147 0.891011 0.260883 0.894164 0.267108 0.893962 0.268475 0.895539 0.271587 0.895438 0.274324 0.898591 0.275879 0.898541 0.277248 0.900118 0.278803 0.900068 0.280172 0.901644 0.286396 0.901442 0.284334 0.919341 0.278111 0.919543 0.276367 0.921222 0.274812 0.921272 0.271325 0.924628 0.270763 0.929509 0.244314 0.930368 0.244876 0.925486 0.243508 0.923910 0.241951 0.923960 0.240584 0.922383 0.235916 0.922535 0.234548 0.920957 0.231436 0.921058 0.230068 0.919482 0.228512 0.919533 0.227143 0.917956 0.225587 0.918007 0.224219 0.916430 0.221107 0.916531 0.219739 0.914954 0.216627 0.915055 0.215258 0.913478 0.212147 0.913579 0.210779 0.912002 0.209223 0.912052 0.207854 0.910476 0.206298 0.910526 0.204930 0.908950 0.201818 0.909051 0.200451 0.907474 0.198894 0.907524 0.196157 0.904371 0.196345 0.902744 0.194977 0.901167 0.195164 0.899539 0.196907 0.897862 0.197094 0.896234 0.198837 0.894557 0.199587 0.888048
0 0.293588 0.677483 0.291526 0.695384 0.271300 0.696040 0.271862 0.691158 0.269125 0.688004 0.262902 0.688206 0.264026 0.678443
0 0.784779 0.557784 0.783280 0.570802 0.778613 0.570953 0.776869 0.572632 0.775313 0.572682 0.770083 0.577715 0.768527 0.577766 0.765042 0.581121 0.763485 0.581172 0.759999 0.584527 0.759437 0.589409 0.748545 0.589762 0.749295 0.583254 0.746559 0.580099 0.740336 0.580301 0.741460 0.570538 0.747683 0.570336 0.754656 0.563625 0.755218 0.558743
0 0.103818 0.871702 0.100258 0.902619 0.094034 0.902821 0.092291 0.904500 0.090735 0.904550 0.088992 0.906228 0.087436 0.906279 0.085693 0.907956 0.084137 0.908007 0.082394 0.909684 0.080838 0.909734 0.079095 0.911413 0.078533 0.916294 0.064530 0.916749 0.065092 0.911867 0.063724 0.910290 0.063912 0.908663 0.062543 0.907087 0.057875 0.907238 0.058812 0.899102 0.063480 0.898950 0.066966 0.895594 0.067154 0.893967 0.075870 0.885578 0.076057 0.883951 0.081287 0.878918 0.082037 0.872408
0 0.469199 0.269726 0.468637 0.274608 0.472742 0.279338 0.474297 0.279288 0.477034 0.282442 0.478590 0.282391 0.479958 0.283967 0.487738 0.283715 0.484927 0.308124 0.478703 0.308326 0.476960 0.310004 0.476772 0.311632 0.475030 0.313309 0.474842 0.314937 0.473098 0.316615 0.472724 0.319869 0.470981 0.321547 0.470231 0.328056 0.465002 0.333090 0.464815 0.334716 0.463071 0.336395 0.461515 0.336445 0.456285 0.341478 0.455723 0.346359 0.451056 0.346511 0.451618 0.341630 0.448880 0.338476 0.447325 0.338527 0.445957 0.336950 0.444401 0.337001 0.440296 0.332270 0.438740 0.332320 0.437371 0.330743 0.435815 0.330794 0.434447 0.329217 0.418888 0.329722 0.417520 0.328145 0.414409 0.328246 0.413040 0.326670 0.411484 0.326720 0.410116 0.325144 0.408560 0.325194 0.407191 0.323617 0.405636 0.323668 0.404267 0.322091 0.404454 0.320464 0.403086 0.318887 0.398418 0.319039 0.399730 0.307647 0.404398 0.307496 0.406141 0.305819 0.406328 0.304191 0.408072 0.302514 0.409627 0.302463 0.411371 0.300785 0.412927 0.300734 0.416413 0.297379 0.417969 0.297328 0.419713 0.295650 0.421268 0.295599 0.423011 0.293922 0.424567 0.293872 0.428054 0.290516 0.429610 0.290466 0.434839 0.285432 0.436396 0.285381 0.446855 0.275315 0.447417 0.270433
0 0.520315 0.216189 0.519753 0.221071 0.521122 0.222647 0.522677 0.222597 0.524046 0.224174 0.531824 0.223922 0.529951 0.240194 0.491055 0.241456 0.489311 0.243134 0.464418 0.243942 0.463050 0.242365 0.455270 0.242617 0.453901 0.241041 0.452346 0.241092 0.450978 0.239515 0.449422 0.239566 0.446685 0.236411 0.445129 0.236462 0.442393 0.233309 0.440836 0.233360 0.439468 0.231783 0.437912 0.231833 0.433807 0.227103 0.432251 0.227154 0.430882 0.225576 0.429327 0.225627 0.427959 0.224051 0.428521 0.219168
0 0.276643 0.716942 0.272333 0.754370 0.267666 0.754521 0.264179 0.757876 0.262623 0.757926 0.259137 0.761283 0.257581 0.761333 0.255838 0.763011 0.255275 0.767892 0.252164 0.767993 0.252726 0.763112 0.249989 0.759958 0.248434 0.760009 0.245696 0.756855 0.245883 0.755228 0.240410 0.748920 0.240597 0.747293 0.237861 0.744140 0.236305 0.744190 0.230831 0.737883 0.229276 0.737934 0.227907 0.736356 0.226351 0.736407 0.224983 0.734831 0.223427 0.734881 0.223615 0.733253 0.222246 0.731677 0.229219 0.724966 0.229968 0.718457
1 0.061656 0.659072 0.061093 0.663954 0.066567 0.670261 0.071234 0.670110 0.065237 0.722182 0.060570 0.722333 0.057083 0.725690 0.056895 0.727317 0.055152 0.728995 0.054965 0.730622 0.053222 0.732299 0.053035 0.733927 0.046061 0.740638 0.027392 0.741244 0.026023 0.739667 0.018243 0.739919 0.016875 0.738343 0.015319 0.738393 0.012583 0.735240 0.012771 0.733612 0.011402 0.732036 0.011776 0.728781 0.010408 0.727205 0.010782 0.723949 0.009414 0.722373 0.009602 0.720746 0.008234 0.719169 0.008421 0.717541 0.000000 0.704928 0.000000 0.704978 0.000000 0.698671 0.000000 0.698924 0.000000 0.687532 0.000000 0.687381 0.004334 0.672281 0.005889 0.672231 0.009376 0.668874 0.010932 0.668824 0.012675 0.667146 0.013424 0.660637
0 0.061656 0.659072 0.061093 0.663954 0.066567 0.670261 0.071234 0.670110 0.065237 0.722182 0.060570 0.722333 0.057083 0.725690 0.056895 0.727317 0.055152 0.728995 0.054965 0.730622 0.053222 0.732299 0.053035 0.733927 0.046061 0.740638 0.027392 0.741244 0.026023 0.739667 0.018243 0.739919 0.016875 0.738343 0.015319 0.738393 0.012583 0.735240 0.012771 0.733612 0.011402 0.732036 0.011776 0.728781 0.010408 0.727205 0.010782 0.723949 0.009414 0.722373 0.009602 0.720746 0.008234 0.719169 0.008421 0.717541 0.000000 0.704928 0.000000 0.704978 0.000000 0.698671 0.000000 0.698924 0.000000 0.687532 0.000000 0.687381 0.004334 0.672281 0.005889 0.672231 0.009376 0.668874 0.010932 0.668824 0.012675 0.667146 0.013424 0.660637
0 0.027984 0.498316 0.037827 0.525016 0.022879 0.553871 0.000000 0.560770 0.000000 0.530547 0.000000 0.433154
0 0.200053 0.148227 0.063000 0.239139 0.010841 0.209757 0.020915 0.178358 0.082070 0.152056 0.177966 0.138135
0 0.090418 0.393613 0.122567 0.406080 0.147919 0.421469 0.144077 0.432401 0.098121 0.450104 0.081171 0.429039 0.087670 0.395054
0 0.073378 0.463067 0.090281 0.473326 0.086594 0.482902 0.065693 0.484933 0.059632 0.470268 0.077423 0.461584
0 0.367633 0.106310 0.361322 0.071389 0.324972 0.061760 0.269534 0.060858 0.248837 0.072337 0.251211 0.096578 0.296012 0.111336 0.353888 0.113510
0 0.213158 0.068091 0.154440 0.095666 0.087802 0.091075 0.036110 0.057626 0.157156 0.049644 0.213002 0.069447
0 0.619713 0.856038 0.547153 0.869201 0.528893 0.881952 0.592518 0.901504 0.638458 0.917575 0.645160 0.893040 0.620743 0.869515
0 0.572542 0.446865 0.539816 0.450630 0.533912 0.434609 0.527693 0.421301 0.499483 0.419515 0.487236 0.436124 0.481363 0.464685 0.504075 0.469352 0.519634 0.468847 0.515839 0.490587 0.517027 0.502707 0.539740 0.507374 0.564170 0.497125 0.582540 0.472210 0.577416 0.449410
0 0.785154 0.243464 0.759645 0.242669 0.741323 0.260302 0.749074 0.273845 0.775670 0.278661 0.802735 0.279406 0.809095 0.264594 0.793466 0.252120
0 0.738808 0.241722 0.709661 0.232121 0.687080 0.232853 0.664844 0.223839 0.641739 0.215663 0.622892 0.224389 0.613135 0.241744 0.615434 0.255463 0.637358 0.260431 0.655268 0.259850 0.667229 0.257028 0.678908 0.256649 0.694941 0.272357 0.705900 0.284982 0.722157 0.285267 0.737863 0.270151 0.742542 0.249715 0.740272 0.242487
0 0.682349 0.152682 0.684600 0.133135 0.663923 0.124070 0.633490 0.132360 0.624671 0.141571 0.625975 0.150453 0.659111 0.159115 0.679450 0.157644
0 0.675771 0.095287 0.668425 0.084978 0.648151 0.079145 0.634135 0.079600 0.622080 0.083237 0.621640 0.093799 0.636556 0.098993 0.665367 0.098058 0.674712 0.097755
0 0.654092 0.169015 0.662527 0.183346 0.650284 0.188611 0.623810 0.189470 0.607241 0.185140 0.598526 0.173252 0.604698 0.160070 0.620646 0.156307 0.639429 0.154885 0.653285 0.162549
0 0.513060 0.332214 0.498485 0.347333 0.464379 0.349658 0.459651 0.340049 0.440390 0.355318 0.429835 0.386172 0.437836 0.407879 0.470206 0.410491 0.480946 0.388175 0.512850 0.384698 0.524323 0.396530 0.543204 0.394697 0.574036 0.380271 0.575587 0.366797 0.555268 0.340606 0.535596 0.329041 0.519481 0.327123
0 0.828583 0.328074 0.861941 0.322110 0.872058 0.325443 0.867178 0.347568 0.839154 0.368006 0.829642 0.369534 0.827638 0.346412 0.828626 0.337836
0 0.900660 0.269596 0.921701 0.259149 0.934018 0.263632 0.935417 0.281891 0.930958 0.300343 0.925567 0.306620 0.911611 0.296089 0.903046 0.279282
0 0.870324 0.330380 0.895244 0.336895 0.908028 0.347463 0.908396 0.364537 0.846774 0.403151 0.840594 0.396028 0.842526 0.369116 0.853165 0.357787 0.873132 0.336391 0.873089 0.326630
0 0.858769 0.400320 0.886172 0.405532 0.897504 0.418590 0.893793 0.440678 0.882124 0.450819 0.855087 0.462682 0.844123 0.466698 0.845124 0.427613 0.850613 0.410348
0 0.824310 0.456358 0.858318 0.465016 0.868620 0.476887 0.874053 0.480371 0.855866 0.506590 0.825217 0.529553 0.812615 0.527522 0.808973 0.498350 0.821080 0.454021
0 0.794257 0.514693 0.799223 0.512089 0.809200 0.516647 0.804698 0.525338 0.796359 0.526829
0 0.786694 0.560093 0.796854 0.573189 0.807522 0.602133 0.806437 0.621693 0.818799 0.635938 0.811391 0.649603 0.775125 0.660544 0.773064 0.658169 0.780768 0.611544 0.784958 0.565032
0 0.825924 0.624723 0.846485 0.638700 0.865733 0.653941 0.867412 0.669753 0.838965 0.693864 0.822371 0.716370 0.808401 0.736349 0.800951 0.740253 0.794402 0.716057 0.801119 0.678006 0.809514 0.655765
0 0.780194 0.748248 0.817390 0.749482 0.831996 0.774638 0.825943 0.796802 0.802138 0.810998 0.772478 0.825385 0.753780 0.835755 0.752890 0.833344 0.774662 0.755751
0 0.743168 0.786063 0.755487 0.790544 0.751592 0.804096 0.745735 0.804286 0.744946 0.790887
0 0.727266 0.832955 0.704110 0.861776 0.678852 0.878461 0.661652 0.896107 0.660000 0.920567 0.717447 0.897956 0.738204 0.889960 0.742055 0.866647 0.733165 0.842527
0 0.695854 0.781496 0.692989 0.796236 0.696263 0.808333 0.685949 0.826974 0.676762 0.835815 0.665093 0.845956 0.664994 0.856943 0.703601 0.845928 0.707397 0.843363 0.733318 0.810792 0.747246 0.781049 0.741022 0.764166 0.709584 0.773728
1 0.063281 0.312022 0.209812 0.402446 0.073353 0.533781 0.000000 0.431335 0.000000 0.387113
1 0.047126 0.326340 0.000000 0.369597 0.041594 0.385835
1 0.223538 0.134392 0.068418 0.313234 0.000000 0.277731 0.000000 0.196040 0.032941 0.071608 0.221208 0.131710
1 0.727283 0.089074 0.813304 0.269746 0.836910 0.293808 0.891568 0.265825 0.812006 0.086324
1 0.844692 0.294935 0.872429 0.317485 0.907821 0.273575 0.818625 0.086109 0.813012 0.089051 0.893528 0.260245 0.847500 0.293465
1 0.890644 0.319653 0.931314 0.310057 0.957679 0.321615 0.896535 0.531891 0.835002 0.539406 0.842530 0.519851 0.871349 0.487189 0.874428 0.471915 0.861826 0.466807 0.885927 0.452229 0.901078 0.435185 0.900295 0.407622 0.889018 0.402470 0.888971 0.391438 0.902958 0.373050 0.903499 0.345445 0.895508 0.334669
