0 0.415625 0.054688 0.409375 0.054688 0.409375 0.076563 0.415625 0.076563 0.417188 0.078125 0.418750 0.078125 0.420312 0.079687 0.421875 0.079687 0.423438 0.081250 0.426562 0.081250 0.429688 0.084375 0.429688 0.089062 0.446875 0.089062 0.446875 0.084375 0.453125 0.078125 0.454688 0.078125 0.454688 0.076563 0.456250 0.075000 0.456250 0.073438 0.459375 0.070312 0.464063 0.070312 0.464063 0.057813 0.457812 0.057813 0.456250 0.056250 0.456250 0.054688 0.454688 0.054688 0.453125 0.053125 0.453125 0.046875 0.417188 0.046875 0.417188 0.053125 0.415625 0.054688
0 0.595312 0.618750 0.596875 0.620313 0.598437 0.620313 0.601562 0.623438 0.603125 0.623438 0.604688 0.625000 0.617188 0.625000 0.618750 0.623438 0.626562 0.623438 0.626562 0.612500 0.621875 0.612500 0.620313 0.610937 0.620313 0.609375 0.618750 0.607813 0.618750 0.606250 0.612500 0.600000 0.612500 0.598437 0.610937 0.596875 0.610937 0.595312 0.609375 0.593750 0.609375 0.592187 0.607813 0.590625 0.607813 0.584375 0.590625 0.584375 0.590625 0.618750 0.595312 0.618750
0 0.564063 0.114063 0.567187 0.117188 0.568750 0.117188 0.571875 0.120312 0.575000 0.120312 0.576562 0.121875 0.576562 0.126562 0.600000 0.126562 0.600000 0.121875 0.603125 0.118750 0.604688 0.118750 0.609375 0.114063 0.614062 0.114063 0.614062 0.090625 0.559375 0.090625 0.559375 0.114063 0.564063 0.114063
0 0.576562 0.373437 0.581250 0.378125 0.581250 0.379687 0.582812 0.381250 0.584375 0.381250 0.587500 0.384375 0.587500 0.389062 0.606250 0.389062 0.606250 0.384375 0.612500 0.378125 0.612500 0.375000 0.614062 0.373437 0.614062 0.364062 0.610937 0.360938 0.609375 0.360938 0.606250 0.357812 0.606250 0.353125 0.571875 0.353125 0.571875 0.373437 0.576562 0.373437
0 0.384375 0.460938 0.379687 0.460938 0.378125 0.462500 0.376563 0.462500 0.375000 0.464063 0.373437 0.464063 0.371875 0.465625 0.365625 0.465625 0.364062 0.467187 0.360938 0.467187 0.359375 0.465625 0.353125 0.465625 0.353125 0.481250 0.359375 0.481250 0.360938 0.482812 0.362500 0.482812 0.368750 0.489062 0.370313 0.489062 0.371875 0.490625 0.371875 0.492188 0.373437 0.492188 0.378125 0.496875 0.378125 0.501563 0.385938 0.501563 0.385938 0.496875 0.387500 0.495313 0.389062 0.495313 0.390625 0.493750 0.390625 0.492188 0.400000 0.482812 0.401563 0.482812 0.406250 0.478125 0.407813 0.478125 0.414062 0.471875 0.420312 0.471875 0.420312 0.453125 0.387500 0.453125 0.387500 0.457812 0.384375 0.460938
0 0.657812 0.303125 0.668750 0.314063 0.670313 0.314063 0.671875 0.315625 0.671875 0.317187 0.673437 0.318750 0.675000 0.318750 0.676562 0.320312 0.678125 0.320312 0.679688 0.321875 0.679688 0.326562 0.700000 0.326562 0.700000 0.321875 0.715625 0.306250 0.720312 0.306250 0.720312 0.284375 0.653125 0.284375 0.653125 0.303125 0.657812 0.303125
0 0.470313 0.084375 0.479688 0.093750 0.481250 0.093750 0.482812 0.095312 0.482812 0.101562 0.510938 0.101562 0.510938 0.096875 0.512500 0.095312 0.514062 0.095312 0.515625 0.093750 0.517188 0.093750 0.518750 0.092188 0.520312 0.092188 0.521875 0.090625 0.521875 0.089062 0.525000 0.085938 0.525000 0.084375 0.526563 0.082813 0.526563 0.079687 0.528125 0.078125 0.528125 0.075000 0.529687 0.073438 0.529687 0.070312 0.531250 0.068750 0.531250 0.065625 0.532813 0.064062 0.532813 0.057813 0.534375 0.056250 0.539062 0.056250 0.539062 0.050000 0.534375 0.050000 0.532813 0.048437 0.532813 0.040625 0.465625 0.040625 0.465625 0.084375 0.470313 0.084375
0 0.360938 0.342187 0.360938 0.343750 0.356250 0.348437 0.356250 0.350000 0.354688 0.351562 0.354688 0.354688 0.351562 0.357812 0.346875 0.357812 0.346875 0.382812 0.359375 0.382812 0.359375 0.378125 0.364062 0.373437 0.365625 0.373437 0.373437 0.365625 0.375000 0.365625 0.378125 0.362500 0.382812 0.362500 0.382812 0.334375 0.362500 0.334375 0.362500 0.340625 0.360938 0.342187
0 0.667188 0.454688 0.668750 0.456250 0.670313 0.456250 0.675000 0.460938 0.676562 0.460938 0.678125 0.462500 0.679688 0.462500 0.682813 0.465625 0.682813 0.470313 0.690625 0.470313 0.690625 0.464063 0.696875 0.457812 0.698438 0.457812 0.703125 0.453125 0.707812 0.453125 0.707812 0.445312 0.703125 0.445312 0.701563 0.443750 0.700000 0.443750 0.698438 0.442187 0.696875 0.442187 0.693750 0.439063 0.693750 0.434375 0.659375 0.434375 0.659375 0.454688 0.667188 0.454688
0 0.545312 0.089062 0.553125 0.096875 0.553125 0.101562 0.559375 0.101562 0.559375 0.096875 0.565625 0.090625 0.567187 0.090625 0.568750 0.089062 0.570312 0.089062 0.571875 0.087500 0.576562 0.087500 0.576562 0.059375 0.540625 0.059375 0.540625 0.089062 0.545312 0.089062
0 0.332812 0.307813 0.334375 0.307813 0.337500 0.304688 0.339063 0.304688 0.340625 0.303125 0.345313 0.303125 0.345313 0.290625 0.309375 0.290625 0.309375 0.296875 0.304688 0.301562 0.304688 0.303125 0.303125 0.304688 0.301562 0.304688 0.300000 0.306250 0.300000 0.307813 0.295312 0.312500 0.293750 0.312500 0.292187 0.314063 0.292187 0.315625 0.290625 0.317187 0.284375 0.317187 0.284375 0.331250 0.289062 0.331250 0.290625 0.332812 0.300000 0.332812 0.301562 0.331250 0.304688 0.331250 0.314063 0.321875 0.315625 0.321875 0.323438 0.314063 0.325000 0.314063 0.329688 0.309375 0.331250 0.309375 0.332812 0.307813
0 0.221875 0.310937 0.223438 0.312500 0.225000 0.312500 0.229687 0.317187 0.232812 0.317187 0.234375 0.318750 0.235938 0.318750 0.243750 0.326562 0.245312 0.326562 0.246875 0.328125 0.248437 0.328125 0.250000 0.329688 0.254688 0.329688 0.256250 0.331250 0.259375 0.331250 0.259375 0.329688 0.265625 0.323438 0.267188 0.323438 0.271875 0.318750 0.273438 0.318750 0.276562 0.315625 0.282813 0.315625 0.282813 0.304688 0.276562 0.304688 0.275000 0.303125 0.271875 0.303125 0.267188 0.298438 0.265625 0.298438 0.262500 0.295312 0.262500 0.290625 0.215625 0.290625 0.215625 0.310937 0.221875 0.310937
0 0.242188 0.248437 0.240625 0.248437 0.237500 0.251563 0.235938 0.251563 0.234375 0.253125 0.228125 0.253125 0.228125 0.276562 0.232812 0.276562 0.234375 0.278125 0.234375 0.282813 0.248437 0.282813 0.248437 0.278125 0.253125 0.273438 0.253125 0.271875 0.254688 0.270313 0.256250 0.270313 0.260937 0.265625 0.262500 0.265625 0.264062 0.264062 0.267188 0.264062 0.268750 0.262500 0.271875 0.262500 0.275000 0.259375 0.276562 0.259375 0.278125 0.257812 0.282813 0.257812 0.282813 0.256250 0.278125 0.256250 0.276562 0.254688 0.276562 0.251563 0.271875 0.246875 0.271875 0.240625 0.243750 0.240625 0.243750 0.246875 0.242188 0.248437
0 0.045313 0.325000 0.050000 0.329688 0.050000 0.331250 0.053125 0.334375 0.053125 0.339063 0.054688 0.340625 0.054688 0.342187 0.059375 0.346875 0.059375 0.351562 0.065625 0.351562 0.065625 0.346875 0.067187 0.345313 0.068750 0.345313 0.070312 0.343750 0.071875 0.343750 0.073438 0.342187 0.075000 0.342187 0.075000 0.340625 0.076563 0.339063 0.078125 0.339063 0.084375 0.332812 0.085938 0.332812 0.096875 0.321875 0.101562 0.321875 0.101562 0.282813 0.095312 0.282813 0.093750 0.281250 0.093750 0.279687 0.092188 0.279687 0.089062 0.276562 0.089062 0.271875 0.040625 0.271875 0.040625 0.325000 0.045313 0.325000
0 0.282813 0.585938 0.284375 0.587500 0.285938 0.587500 0.290625 0.592187 0.292187 0.592187 0.293750 0.593750 0.295312 0.593750 0.296875 0.595312 0.301562 0.595312 0.303125 0.596875 0.304688 0.595312 0.331250 0.595312 0.332812 0.593750 0.335938 0.593750 0.339063 0.590625 0.339063 0.589063 0.337500 0.587500 0.337500 0.585938 0.334375 0.582812 0.332812 0.582812 0.331250 0.581250 0.326562 0.581250 0.325000 0.579688 0.317187 0.579688 0.315625 0.578125 0.312500 0.578125 0.310937 0.576562 0.310937 0.571875 0.278125 0.571875 0.278125 0.585938 0.282813 0.585938
0 0.051562 0.432813 0.054688 0.435937 0.054688 0.437500 0.056250 0.439063 0.056250 0.445312 0.064062 0.445312 0.064062 0.439063 0.065625 0.437500 0.065625 0.435937 0.078125 0.423438 0.079687 0.423438 0.084375 0.418750 0.089062 0.418750 0.089062 0.407813 0.084375 0.407813 0.081250 0.404687 0.081250 0.403125 0.079687 0.401563 0.079687 0.396875 0.046875 0.396875 0.046875 0.432813 0.051562 0.432813
0 0.334375 0.760938 0.335938 0.762500 0.337500 0.762500 0.339063 0.764063 0.359375 0.764063 0.360938 0.762500 0.367188 0.762500 0.368750 0.760938 0.370313 0.760938 0.371875 0.759375 0.373437 0.759375 0.375000 0.757812 0.376563 0.757812 0.378125 0.756250 0.379687 0.756250 0.381250 0.754687 0.382812 0.754687 0.384375 0.753125 0.389062 0.753125 0.389062 0.734375 0.328125 0.734375 0.328125 0.760938 0.334375 0.760938
0 0.337500 0.268750 0.337500 0.271875 0.339063 0.273438 0.339063 0.275000 0.340625 0.276562 0.340625 0.278125 0.342187 0.278125 0.345313 0.281250 0.346875 0.281250 0.351562 0.285938 0.353125 0.285938 0.354688 0.287500 0.356250 0.287500 0.357812 0.289062 0.359375 0.289062 0.362500 0.292187 0.365625 0.292187 0.367188 0.293750 0.381250 0.293750 0.382812 0.292187 0.384375 0.292187 0.389062 0.287500 0.390625 0.287500 0.403125 0.275000 0.407813 0.275000 0.407813 0.259375 0.342187 0.259375 0.342187 0.264062 0.337500 0.268750
0 0.107813 0.512500 0.112500 0.517188 0.112500 0.518750 0.115625 0.521875 0.115625 0.526563 0.132812 0.526563 0.132812 0.521875 0.134375 0.520312 0.135937 0.520312 0.140625 0.515625 0.142187 0.515625 0.146875 0.510938 0.151562 0.510938 0.151562 0.500000 0.146875 0.500000 0.142187 0.495313 0.140625 0.495313 0.137500 0.492188 0.135937 0.492188 0.134375 0.490625 0.132812 0.490625 0.120312 0.478125 0.120312 0.471875 0.103125 0.471875 0.103125 0.512500 0.107813 0.512500
0 0.240625 0.220313 0.245312 0.225000 0.246875 0.225000 0.250000 0.228125 0.250000 0.232812 0.264062 0.232812 0.264062 0.228125 0.267188 0.225000 0.268750 0.225000 0.271875 0.221875 0.273438 0.221875 0.276562 0.218750 0.276562 0.217187 0.278125 0.215625 0.282813 0.215625 0.282813 0.206250 0.278125 0.206250 0.276562 0.204688 0.275000 0.204688 0.271875 0.201562 0.271875 0.196875 0.234375 0.196875 0.234375 0.220313 0.240625 0.220313
0 0.346875 0.456250 0.353125 0.462500 0.354688 0.462500 0.357812 0.465625 0.357812 0.470313 0.367188 0.470313 0.367188 0.465625 0.370313 0.462500 0.371875 0.462500 0.373437 0.460938 0.375000 0.460938 0.378125 0.457812 0.379687 0.457812 0.381250 0.456250 0.382812 0.456250 0.384375 0.454688 0.389062 0.454688 0.389062 0.443750 0.384375 0.443750 0.381250 0.440625 0.381250 0.434375 0.340625 0.434375 0.340625 0.456250 0.346875 0.456250
0 0.476562 0.168750 0.475000 0.168750 0.473437 0.170312 0.473437 0.171875 0.471875 0.173438 0.465625 0.173438 0.465625 0.189063 0.470313 0.189063 0.471875 0.190625 0.473437 0.190625 0.476562 0.193750 0.479688 0.193750 0.485938 0.200000 0.487500 0.200000 0.490625 0.203125 0.490625 0.207813 0.504687 0.207813 0.504687 0.203125 0.515625 0.192188 0.517188 0.192188 0.520312 0.189063 0.526563 0.189063 0.526563 0.168750 0.521875 0.168750 0.517188 0.164062 0.517188 0.159375 0.481250 0.159375 0.481250 0.164062 0.476562 0.168750
0 0.501563 0.346875 0.440625 0.346875 0.440625 0.367188 0.445312 0.367188 0.446875 0.368750 0.448438 0.368750 0.450000 0.370313 0.451562 0.370313 0.453125 0.371875 0.453125 0.376563 0.465625 0.376563 0.465625 0.371875 0.468750 0.368750 0.471875 0.368750 0.473437 0.367188 0.475000 0.367188 0.476562 0.365625 0.479688 0.365625 0.481250 0.364062 0.482812 0.364062 0.484375 0.362500 0.485938 0.362500 0.495313 0.353125 0.501563 0.353125 0.501563 0.346875
0 0.346875 0.082813 0.348437 0.084375 0.350000 0.084375 0.351562 0.085938 0.354688 0.085938 0.356250 0.087500 0.359375 0.087500 0.360938 0.089062 0.365625 0.089062 0.367188 0.090625 0.368750 0.090625 0.370313 0.092188 0.371875 0.092188 0.373437 0.093750 0.376563 0.093750 0.378125 0.095312 0.385938 0.095312 0.387500 0.096875 0.392188 0.096875 0.393750 0.098438 0.396875 0.098438 0.398438 0.100000 0.400000 0.100000 0.401563 0.101562 0.404687 0.101562 0.406250 0.103125 0.409375 0.103125 0.410937 0.104687 0.415625 0.104687 0.417188 0.106250 0.420312 0.106250 0.421875 0.107813 0.423438 0.107813 0.426562 0.110937 0.429688 0.110937 0.431250 0.112500 0.434375 0.112500 0.435937 0.114063 0.439063 0.114063 0.440625 0.115625 0.443750 0.115625 0.445312 0.117188 0.450000 0.117188 0.451562 0.118750 0.464063 0.118750 0.468750 0.114063 0.470313 0.114063 0.471875 0.112500 0.476562 0.112500 0.476562 0.098438 0.471875 0.098438 0.470313 0.096875 0.468750 0.096875 0.467187 0.095312 0.464063 0.095312 0.462500 0.093750 0.459375 0.093750 0.457812 0.092188 0.454688 0.092188 0.453125 0.090625 0.448438 0.090625 0.446875 0.089062 0.440625 0.089062 0.439063 0.087500 0.435937 0.087500 0.434375 0.085938 0.431250 0.085938 0.429688 0.084375 0.426562 0.084375 0.425000 0.082813 0.421875 0.082813 0.420312 0.081250 0.418750 0.081250 0.417188 0.079687 0.415625 0.079687 0.414062 0.078125 0.412500 0.078125 0.410937 0.076563 0.409375 0.076563 0.407813 0.075000 0.404687 0.075000 0.403125 0.073438 0.396875 0.073438 0.395312 0.071875 0.393750 0.071875 0.392188 0.070312 0.392188 0.065625 0.340625 0.065625 0.340625 0.082813 0.346875 0.082813
0 0.289062 0.104687 0.285938 0.104687 0.284375 0.106250 0.281250 0.106250 0.279687 0.107813 0.276562 0.107813 0.275000 0.109375 0.271875 0.109375 0.270313 0.110937 0.268750 0.110937 0.267188 0.112500 0.259375 0.112500 0.259375 0.145313 0.264062 0.145313 0.271875 0.153125 0.271875 0.157813 0.296875 0.157813 0.296875 0.153125 0.300000 0.150000 0.301562 0.150000 0.303125 0.148438 0.306250 0.148438 0.307813 0.146875 0.310937 0.146875 0.312500 0.145313 0.317187 0.145313 0.318750 0.143750 0.325000 0.143750 0.326562 0.142187 0.328125 0.142187 0.329688 0.140625 0.331250 0.140625 0.332812 0.139063 0.334375 0.139063 0.335938 0.137500 0.339063 0.137500 0.340625 0.135937 0.342187 0.135937 0.343750 0.134375 0.345313 0.134375 0.348437 0.131250 0.348437 0.117188 0.350000 0.115625 0.350000 0.114063 0.348437 0.114063 0.345313 0.110937 0.345313 0.109375 0.343750 0.107813 0.343750 0.106250 0.342187 0.104687 0.342187 0.103125 0.340625 0.101562 0.340625 0.096875 0.292187 0.096875 0.292187 0.101562 0.289062 0.104687
0 0.075000 0.346875 0.075000 0.348437 0.073438 0.350000 0.073438 0.353125 0.070312 0.356250 0.065625 0.356250 0.065625 0.375000 0.071875 0.375000 0.073438 0.376563 0.075000 0.376563 0.076563 0.378125 0.078125 0.378125 0.079687 0.379687 0.082813 0.379687 0.084375 0.381250 0.085938 0.381250 0.087500 0.382812 0.089062 0.382812 0.096875 0.390625 0.096875 0.395312 0.117188 0.395312 0.117188 0.390625 0.120312 0.387500 0.121875 0.387500 0.123438 0.385938 0.123438 0.384375 0.125000 0.382812 0.126562 0.382812 0.132812 0.376563 0.132812 0.375000 0.134375 0.373437 0.139063 0.373437 0.139063 0.365625 0.134375 0.365625 0.132812 0.364062 0.132812 0.362500 0.129688 0.359375 0.128125 0.359375 0.126562 0.357812 0.125000 0.357812 0.123438 0.356250 0.121875 0.356250 0.120312 0.354688 0.117188 0.354688 0.115625 0.353125 0.114063 0.353125 0.112500 0.351562 0.110937 0.351562 0.109375 0.350000 0.107813 0.350000 0.103125 0.345313 0.103125 0.340625 0.076563 0.340625 0.076563 0.345313 0.075000 0.346875
0 0.071875 0.557813 0.073438 0.559375 0.073438 0.560937 0.075000 0.562500 0.076563 0.562500 0.079687 0.565625 0.079687 0.570312 0.100000 0.570312 0.100000 0.564063 0.103125 0.560937 0.107813 0.560937 0.107813 0.542188 0.101562 0.542188 0.098438 0.539062 0.098438 0.534375 0.065625 0.534375 0.065625 0.557813 0.071875 0.557813
0 0.476562 0.610937 0.479688 0.614062 0.481250 0.614062 0.485938 0.618750 0.500000 0.618750 0.501563 0.617188 0.503125 0.617188 0.509375 0.610937 0.514062 0.610937 0.514062 0.590625 0.471875 0.590625 0.471875 0.610937 0.476562 0.610937
0 0.415625 0.264062 0.409375 0.264062 0.409375 0.281250 0.414062 0.281250 0.417188 0.284375 0.417188 0.289062 0.429688 0.289062 0.429688 0.284375 0.432813 0.281250 0.434375 0.281250 0.440625 0.275000 0.442187 0.275000 0.445312 0.271875 0.446875 0.271875 0.448438 0.270313 0.450000 0.270313 0.453125 0.267188 0.457812 0.267188 0.457812 0.253125 0.420312 0.253125 0.420312 0.259375 0.415625 0.264062
0 0.542188 0.757812 0.546875 0.762500 0.550000 0.762500 0.551562 0.764063 0.565625 0.764063 0.567187 0.765625 0.567187 0.770312 0.570312 0.770312 0.570312 0.765625 0.571875 0.764063 0.575000 0.764063 0.576562 0.762500 0.579688 0.762500 0.584375 0.757812 0.585938 0.757812 0.589063 0.754687 0.590625 0.754687 0.595312 0.750000 0.595312 0.748438 0.596875 0.746875 0.601562 0.746875 0.601562 0.734375 0.534375 0.734375 0.534375 0.757812 0.542188 0.757812
0 0.389062 0.582812 0.392188 0.585938 0.393750 0.585938 0.395312 0.587500 0.396875 0.587500 0.398438 0.589063 0.400000 0.589063 0.404687 0.593750 0.406250 0.593750 0.409375 0.596875 0.409375 0.601562 0.425000 0.601562 0.425000 0.596875 0.426562 0.595312 0.428125 0.595312 0.429688 0.593750 0.432813 0.593750 0.434375 0.592187 0.435937 0.592187 0.439063 0.589063 0.445312 0.589063 0.445312 0.582812 0.440625 0.582812 0.434375 0.576562 0.434375 0.571875 0.384375 0.571875 0.384375 0.582812 0.389062 0.582812
0 0.440625 0.714063 0.443750 0.717188 0.445312 0.717188 0.446875 0.718750 0.448438 0.718750 0.450000 0.720312 0.451562 0.720312 0.457812 0.726562 0.464063 0.726562 0.467187 0.723437 0.467187 0.721875 0.468750 0.720312 0.470313 0.720312 0.481250 0.709375 0.482812 0.709375 0.484375 0.707812 0.485938 0.707812 0.490625 0.703125 0.495313 0.703125 0.495313 0.696875 0.434375 0.696875 0.434375 0.714063 0.440625 0.714063
0 0.534375 0.598437 0.528125 0.598437 0.528125 0.626562 0.548438 0.626562 0.548438 0.621875 0.550000 0.620313 0.551562 0.620313 0.556250 0.615625 0.557813 0.615625 0.565625 0.607813 0.570312 0.607813 0.570312 0.606250 0.565625 0.606250 0.564063 0.604688 0.564063 0.590625 0.535937 0.590625 0.535937 0.596875 0.534375 0.598437
0 0.257812 0.275000 0.253125 0.275000 0.253125 0.290625 0.257812 0.290625 0.259375 0.292187 0.260937 0.292187 0.264062 0.295312 0.267188 0.295312 0.270313 0.298438 0.271875 0.298438 0.273438 0.300000 0.276562 0.300000 0.281250 0.304688 0.290625 0.304688 0.292187 0.303125 0.295312 0.303125 0.296875 0.301562 0.298438 0.301562 0.301562 0.298438 0.303125 0.298438 0.304688 0.296875 0.306250 0.296875 0.307813 0.295312 0.314063 0.295312 0.314063 0.275000 0.307813 0.275000 0.306250 0.273438 0.303125 0.273438 0.301562 0.271875 0.298438 0.271875 0.296875 0.270313 0.296875 0.265625 0.262500 0.265625 0.262500 0.270313 0.257812 0.275000
0 0.476562 0.334375 0.478125 0.335938 0.479688 0.335938 0.481250 0.337500 0.482812 0.337500 0.484375 0.339063 0.485938 0.337500 0.489062 0.337500 0.492188 0.334375 0.492188 0.332812 0.498437 0.326562 0.498437 0.325000 0.500000 0.323438 0.500000 0.318750 0.498437 0.317187 0.498437 0.309375 0.471875 0.309375 0.471875 0.334375 0.476562 0.334375
0 0.396875 0.620313 0.396875 0.615625 0.401563 0.610937 0.407813 0.610937 0.407813 0.590625 0.365625 0.590625 0.365625 0.620313 0.396875 0.620313
0 0.653125 0.698438 0.646875 0.698438 0.646875 0.717188 0.653125 0.717188 0.654688 0.718750 0.656250 0.718750 0.659375 0.721875 0.660937 0.721875 0.662500 0.723437 0.664062 0.723437 0.665625 0.725000 0.668750 0.725000 0.670313 0.726562 0.671875 0.726562 0.673437 0.725000 0.676562 0.725000 0.678125 0.723437 0.679688 0.723437 0.684375 0.718750 0.685938 0.718750 0.687500 0.717188 0.687500 0.715625 0.690625 0.712500 0.692187 0.712500 0.695312 0.709375 0.701563 0.709375 0.701563 0.690625 0.656250 0.690625 0.656250 0.695312 0.653125 0.698438
0 0.020312 0.573438 0.018750 0.573438 0.017188 0.575000 0.015625 0.575000 0.014062 0.576562 0.012500 0.576562 0.009375 0.579688 0.006250 0.579688 0.003125 0.582812 0.000000 0.582812 0.000000 0.609375 0.006250 0.609375 0.007812 0.610937 0.009375 0.610937 0.010937 0.612500 0.012500 0.612500 0.017188 0.617188 0.018750 0.617188 0.020312 0.618750 0.021875 0.618750 0.023438 0.620313 0.025000 0.620313 0.026563 0.621875 0.026563 0.626562 0.039062 0.626562 0.039062 0.620313 0.040625 0.618750 0.040625 0.617188 0.042188 0.615625 0.042188 0.612500 0.043750 0.610937 0.043750 0.607813 0.045313 0.606250 0.045313 0.603125 0.048437 0.600000 0.048437 0.598437 0.051562 0.595312 0.051562 0.593750 0.053125 0.592187 0.054688 0.592187 0.057813 0.589063 0.057813 0.587500 0.059375 0.585938 0.064062 0.585938 0.064062 0.565625 0.023438 0.565625 0.023438 0.570312 0.020312 0.573438
0 0.451562 0.254688 0.453125 0.256250 0.454688 0.256250 0.457812 0.259375 0.457812 0.264062 0.465625 0.264062 0.465625 0.259375 0.468750 0.256250 0.470313 0.256250 0.475000 0.251563 0.475000 0.240625 0.471875 0.237500 0.471875 0.235938 0.468750 0.232812 0.468750 0.228125 0.446875 0.228125 0.446875 0.254688 0.451562 0.254688
0 0.612500 0.518750 0.610937 0.518750 0.609375 0.520312 0.603125 0.520312 0.603125 0.553125 0.609375 0.553125 0.614062 0.557813 0.614062 0.559375 0.615625 0.559375 0.618750 0.562500 0.620313 0.562500 0.621875 0.564063 0.634375 0.564063 0.635938 0.565625 0.635938 0.570312 0.654688 0.570312 0.654688 0.565625 0.656250 0.564063 0.657812 0.564063 0.659375 0.562500 0.660937 0.562500 0.662500 0.560937 0.664062 0.560937 0.667188 0.557813 0.668750 0.557813 0.671875 0.554688 0.673437 0.554688 0.682813 0.545312 0.689062 0.545312 0.689062 0.523438 0.684375 0.523438 0.678125 0.517188 0.676562 0.517188 0.675000 0.515625 0.675000 0.509375 0.617188 0.509375 0.617188 0.514062 0.612500 0.518750
0 0.273438 0.201562 0.275000 0.203125 0.275000 0.207813 0.282813 0.207813 0.282813 0.203125 0.285938 0.200000 0.285938 0.198437 0.295312 0.189063 0.295312 0.185937 0.296875 0.184375 0.301562 0.184375 0.301562 0.171875 0.265625 0.171875 0.265625 0.201562 0.273438 0.201562
0 0.307813 0.476562 0.315625 0.484375 0.315625 0.489062 0.334375 0.489062 0.334375 0.482812 0.339063 0.478125 0.340625 0.478125 0.346875 0.471875 0.351562 0.471875 0.351562 0.453125 0.303125 0.453125 0.303125 0.476562 0.307813 0.476562
0 0.526563 0.390625 0.529687 0.393750 0.529687 0.395312 0.534375 0.400000 0.535937 0.400000 0.540625 0.404687 0.542188 0.404687 0.543750 0.406250 0.545312 0.406250 0.546875 0.407813 0.548438 0.407813 0.550000 0.409375 0.550000 0.414062 0.573438 0.414062 0.573438 0.409375 0.575000 0.407813 0.578125 0.407813 0.579688 0.406250 0.584375 0.406250 0.585938 0.404687 0.587500 0.404687 0.589063 0.403125 0.592187 0.403125 0.593750 0.401563 0.595312 0.401563 0.596875 0.400000 0.601562 0.400000 0.601562 0.384375 0.521875 0.384375 0.521875 0.390625 0.526563 0.390625
0 0.520312 0.325000 0.521875 0.326562 0.523438 0.326562 0.525000 0.328125 0.526563 0.328125 0.528125 0.329688 0.529687 0.329688 0.531250 0.331250 0.532813 0.331250 0.535937 0.334375 0.535937 0.335938 0.537500 0.337500 0.539062 0.337500 0.542188 0.340625 0.542188 0.345313 0.551562 0.345313 0.551562 0.340625 0.557813 0.334375 0.564063 0.334375 0.564063 0.317187 0.559375 0.317187 0.557813 0.315625 0.557813 0.309375 0.515625 0.309375 0.515625 0.325000 0.520312 0.325000
0 0.573438 0.468750 0.576562 0.471875 0.576562 0.476562 0.592187 0.476562 0.592187 0.471875 0.595312 0.468750 0.596875 0.468750 0.600000 0.465625 0.601562 0.465625 0.604688 0.462500 0.606250 0.462500 0.607813 0.460938 0.614062 0.460938 0.614062 0.446875 0.565625 0.446875 0.565625 0.468750 0.573438 0.468750
0 0.534375 0.189063 0.545312 0.200000 0.546875 0.200000 0.553125 0.206250 0.559375 0.206250 0.560937 0.207813 0.568750 0.207813 0.570312 0.209375 0.570312 0.214062 0.578125 0.214062 0.578125 0.209375 0.579688 0.207813 0.584375 0.207813 0.585938 0.206250 0.589063 0.206250 0.590625 0.204688 0.592187 0.204688 0.598437 0.198437 0.600000 0.198437 0.615625 0.182812 0.620313 0.182812 0.620313 0.160938 0.614062 0.160938 0.610937 0.157813 0.609375 0.157813 0.607813 0.156250 0.604688 0.156250 0.603125 0.154687 0.575000 0.154687 0.573438 0.156250 0.570312 0.156250 0.568750 0.154687 0.564063 0.154687 0.562500 0.153125 0.560937 0.153125 0.559375 0.151562 0.559375 0.146875 0.528125 0.146875 0.528125 0.189063 0.534375 0.189063
0 0.564063 0.578125 0.559375 0.578125 0.559375 0.592187 0.564063 0.592187 0.568750 0.596875 0.568750 0.601562 0.576562 0.601562 0.576562 0.596875 0.578125 0.595312 0.578125 0.593750 0.584375 0.587500 0.585938 0.587500 0.589063 0.584375 0.590625 0.584375 0.593750 0.581250 0.593750 0.579688 0.595312 0.578125 0.595312 0.571875 0.565625 0.571875 0.565625 0.576562 0.564063 0.578125
0 0.634375 0.132812 0.634375 0.128125 0.637500 0.125000 0.637500 0.123438 0.640625 0.120312 0.645312 0.120312 0.645312 0.103125 0.615625 0.103125 0.615625 0.132812 0.634375 0.132812
0 0.604688 0.307813 0.606250 0.306250 0.609375 0.306250 0.614062 0.301562 0.614062 0.300000 0.617188 0.296875 0.618750 0.296875 0.618750 0.284375 0.596875 0.284375 0.596875 0.307813 0.604688 0.307813
0 0.353125 0.315625 0.362500 0.325000 0.365625 0.325000 0.367188 0.326562 0.373437 0.326562 0.375000 0.325000 0.376563 0.325000 0.384375 0.317187 0.385938 0.317187 0.387500 0.315625 0.387500 0.314063 0.389062 0.312500 0.389062 0.303125 0.346875 0.303125 0.346875 0.315625 0.353125 0.315625
0 0.451562 0.135937 0.446875 0.135937 0.446875 0.159375 0.451562 0.159375 0.456250 0.164062 0.456250 0.170312 0.475000 0.170312 0.475000 0.165625 0.478125 0.162500 0.479688 0.162500 0.485938 0.156250 0.485938 0.153125 0.487500 0.151562 0.487500 0.148438 0.489062 0.146875 0.489062 0.145313 0.487500 0.143750 0.487500 0.140625 0.485938 0.139063 0.485938 0.137500 0.482812 0.134375 0.482812 0.128125 0.453125 0.128125 0.453125 0.134375 0.451562 0.135937
0 0.529687 0.220313 0.529687 0.215625 0.531250 0.214062 0.531250 0.212500 0.534375 0.209375 0.539062 0.209375 0.539062 0.196875 0.509375 0.196875 0.509375 0.220313 0.529687 0.220313
0 0.570312 0.564063 0.578125 0.571875 0.578125 0.576562 0.584375 0.576562 0.584375 0.571875 0.587500 0.568750 0.589063 0.568750 0.590625 0.567187 0.592187 0.567187 0.592187 0.565625 0.595312 0.562500 0.596875 0.562500 0.598437 0.560937 0.600000 0.560937 0.601562 0.559375 0.607813 0.559375 0.607813 0.546875 0.565625 0.546875 0.565625 0.564063 0.570312 0.564063
0 0.521875 0.504687 0.523438 0.506250 0.525000 0.506250 0.526563 0.507812 0.528125 0.507812 0.529687 0.506250 0.531250 0.506250 0.537500 0.500000 0.537500 0.498437 0.539062 0.496875 0.539062 0.484375 0.515625 0.484375 0.515625 0.504687 0.521875 0.504687
0 0.232812 0.334375 0.228125 0.334375 0.228125 0.343750 0.234375 0.343750 0.235938 0.345313 0.235938 0.346875 0.240625 0.351562 0.242188 0.351562 0.243750 0.353125 0.243750 0.357812 0.259375 0.357812 0.259375 0.353125 0.260937 0.351562 0.262500 0.351562 0.264062 0.350000 0.265625 0.350000 0.270313 0.345313 0.270313 0.343750 0.271875 0.342187 0.276562 0.342187 0.276562 0.340625 0.271875 0.340625 0.265625 0.334375 0.265625 0.328125 0.234375 0.328125 0.234375 0.332812 0.232812 0.334375
0 0.034375 0.118750 0.040625 0.125000 0.042188 0.125000 0.045313 0.128125 0.045313 0.132812 0.057813 0.132812 0.057813 0.117188 0.053125 0.117188 0.039062 0.103125 0.039062 0.096875 0.028125 0.096875 0.028125 0.118750 0.034375 0.118750
0 0.171875 0.320312 0.178125 0.326562 0.178125 0.332812 0.190625 0.332812 0.190625 0.326562 0.193750 0.323438 0.193750 0.321875 0.195312 0.320312 0.195312 0.310937 0.193750 0.309375 0.193750 0.306250 0.189063 0.301562 0.189063 0.296875 0.165625 0.296875 0.165625 0.320312 0.171875 0.320312
0 0.170312 0.175000 0.176563 0.168750 0.178125 0.168750 0.181250 0.165625 0.181250 0.153125 0.159375 0.153125 0.159375 0.175000 0.170312 0.175000
0 0.434375 0.618750 0.435937 0.620313 0.439063 0.620313 0.440625 0.618750 0.442187 0.618750 0.450000 0.610937 0.451562 0.610937 0.459375 0.603125 0.464063 0.603125 0.464063 0.596875 0.428125 0.596875 0.428125 0.618750 0.434375 0.618750
0 0.584375 0.325000 0.585938 0.326562 0.585938 0.328125 0.587500 0.329688 0.589063 0.329688 0.590625 0.331250 0.592187 0.331250 0.595312 0.334375 0.595312 0.339063 0.604688 0.339063 0.604688 0.334375 0.607813 0.331250 0.609375 0.331250 0.614062 0.326562 0.620313 0.326562 0.620313 0.309375 0.578125 0.309375 0.578125 0.325000 0.584375 0.325000
0 0.557813 0.576562 0.557813 0.571875 0.560937 0.568750 0.562500 0.568750 0.562500 0.567187 0.565625 0.564063 0.570312 0.564063 0.570312 0.553125 0.540625 0.553125 0.540625 0.576562 0.557813 0.576562
0 0.448438 0.393750 0.450000 0.395312 0.459375 0.395312 0.460938 0.393750 0.464063 0.393750 0.468750 0.389062 0.468750 0.378125 0.434375 0.378125 0.434375 0.393750 0.448438 0.393750
0 0.321875 0.435937 0.326562 0.440625 0.326562 0.445312 0.339063 0.445312 0.339063 0.440625 0.340625 0.439063 0.343750 0.439063 0.345313 0.437500 0.345313 0.434375 0.346875 0.432813 0.351562 0.432813 0.351562 0.409375 0.315625 0.409375 0.315625 0.435937 0.321875 0.435937
0 0.525000 0.545312 0.526563 0.546875 0.526563 0.551562 0.534375 0.551562 0.534375 0.546875 0.543750 0.537500 0.543750 0.535937 0.545312 0.534375 0.551562 0.534375 0.551562 0.521875 0.515625 0.521875 0.515625 0.545312 0.525000 0.545312
0 0.559375 0.306250 0.562500 0.309375 0.562500 0.314063 0.576562 0.314063 0.576562 0.309375 0.589063 0.296875 0.589063 0.284375 0.553125 0.284375 0.553125 0.306250 0.559375 0.306250
0 0.620313 0.453125 0.615625 0.453125 0.615625 0.473437 0.623438 0.473437 0.629687 0.479688 0.642187 0.479688 0.643750 0.478125 0.650000 0.478125 0.651563 0.476562 0.653125 0.476562 0.654688 0.475000 0.656250 0.475000 0.657812 0.473437 0.659375 0.473437 0.660937 0.471875 0.662500 0.471875 0.664062 0.470313 0.664062 0.467187 0.665625 0.465625 0.665625 0.462500 0.664062 0.460938 0.664062 0.459375 0.657812 0.453125 0.657812 0.446875 0.621875 0.446875 0.621875 0.451562 0.620313 0.453125
0 0.346875 0.614062 0.346875 0.607813 0.350000 0.604688 0.350000 0.596875 0.309375 0.596875 0.309375 0.614062 0.346875 0.614062
0 0.559375 0.334375 0.557813 0.335938 0.557813 0.337500 0.551562 0.343750 0.546875 0.343750 0.546875 0.362500 0.553125 0.362500 0.554688 0.364062 0.562500 0.364062 0.564063 0.362500 0.565625 0.362500 0.571875 0.356250 0.571875 0.354688 0.573438 0.353125 0.575000 0.353125 0.576562 0.351562 0.576562 0.350000 0.584375 0.342187 0.589063 0.342187 0.589063 0.326562 0.584375 0.326562 0.579688 0.321875 0.579688 0.315625 0.567187 0.315625 0.567187 0.321875 0.562500 0.326562 0.562500 0.328125 0.560937 0.329688 0.560937 0.331250 0.559375 0.332812 0.559375 0.334375
0 0.345313 0.223438 0.346875 0.225000 0.348437 0.225000 0.351562 0.228125 0.351562 0.232812 0.354688 0.232812 0.354688 0.228125 0.356250 0.226562 0.359375 0.226562 0.364062 0.221875 0.364062 0.220313 0.365625 0.218750 0.370313 0.218750 0.370313 0.209375 0.340625 0.209375 0.340625 0.223438 0.345313 0.223438
0 0.225000 0.339063 0.225000 0.328125 0.215625 0.328125 0.215625 0.339063 0.225000 0.339063
0 0.014062 0.545312 0.014062 0.540625 0.017188 0.537500 0.018750 0.537500 0.021875 0.534375 0.026563 0.534375 0.026563 0.515625 0.021875 0.515625 0.017188 0.510938 0.015625 0.510938 0.014062 0.509375 0.014062 0.503125 0.003125 0.503125 0.003125 0.545312 0.014062 0.545312
0 0.553125 0.440625 0.554688 0.442187 0.556250 0.442187 0.557813 0.443750 0.567187 0.443750 0.568750 0.442187 0.570312 0.442187 0.571875 0.440625 0.573438 0.440625 0.575000 0.439063 0.575000 0.435937 0.576562 0.434375 0.576562 0.432813 0.575000 0.431250 0.575000 0.428125 0.573438 0.426562 0.573438 0.421875 0.546875 0.421875 0.546875 0.440625 0.553125 0.440625
0 0.434375 0.575000 0.435937 0.576562 0.437500 0.576562 0.439063 0.578125 0.439063 0.582812 0.448438 0.582812 0.448438 0.578125 0.456250 0.570312 0.456250 0.567187 0.457812 0.565625 0.457812 0.559375 0.428125 0.559375 0.428125 0.575000 0.434375 0.575000
0 0.242188 0.748438 0.243750 0.750000 0.245312 0.750000 0.246875 0.748438 0.248437 0.748438 0.250000 0.746875 0.251563 0.746875 0.253125 0.745313 0.257812 0.745313 0.257812 0.740625 0.234375 0.740625 0.234375 0.748438 0.242188 0.748438
0 0.484375 0.134375 0.485938 0.135937 0.485938 0.137500 0.487500 0.139063 0.487500 0.140625 0.489062 0.142187 0.489062 0.143750 0.496875 0.151562 0.498437 0.151562 0.500000 0.153125 0.500000 0.154687 0.501563 0.156250 0.503125 0.156250 0.504687 0.157813 0.506250 0.157813 0.507812 0.159375 0.507812 0.164062 0.518750 0.164062 0.518750 0.159375 0.528125 0.150000 0.528125 0.148438 0.535937 0.140625 0.537500 0.140625 0.540625 0.137500 0.545312 0.137500 0.545312 0.128125 0.540625 0.128125 0.539062 0.126562 0.539062 0.121875 0.478125 0.121875 0.478125 0.134375 0.484375 0.134375
0 0.571875 0.420312 0.573438 0.421875 0.573438 0.426562 0.596875 0.426562 0.596875 0.421875 0.598437 0.420312 0.600000 0.420312 0.601562 0.418750 0.603125 0.418750 0.604688 0.417188 0.606250 0.417188 0.607813 0.415625 0.614062 0.415625 0.614062 0.409375 0.565625 0.409375 0.565625 0.420312 0.571875 0.420312
0 0.640625 0.210938 0.642187 0.212500 0.657812 0.212500 0.659375 0.214062 0.665625 0.214062 0.667188 0.215625 0.668750 0.215625 0.670313 0.217187 0.671875 0.217187 0.673437 0.218750 0.675000 0.218750 0.678125 0.221875 0.678125 0.226562 0.693750 0.226562 0.693750 0.221875 0.696875 0.218750 0.698438 0.218750 0.700000 0.217187 0.701563 0.217187 0.704687 0.214062 0.706250 0.214062 0.709375 0.210938 0.714063 0.210938 0.714063 0.192188 0.709375 0.192188 0.704687 0.187500 0.703125 0.187500 0.698438 0.182812 0.698438 0.181250 0.692187 0.175000 0.692187 0.173438 0.687500 0.168750 0.687500 0.167187 0.685938 0.165625 0.684375 0.165625 0.682813 0.164062 0.682813 0.162500 0.681250 0.160938 0.679688 0.160938 0.676562 0.157813 0.676562 0.153125 0.653125 0.153125 0.653125 0.157813 0.648438 0.162500 0.646875 0.162500 0.637500 0.171875 0.637500 0.176563 0.635938 0.178125 0.635938 0.182812 0.632812 0.185937 0.628125 0.185937 0.628125 0.212500 0.635938 0.212500 0.637500 0.210938 0.640625 0.210938
0 0.225000 0.476562 0.225000 0.465625 0.215625 0.465625 0.215625 0.476562 0.225000 0.476562
0 0.273438 0.731250 0.275000 0.729688 0.282813 0.729688 0.282813 0.721875 0.265625 0.721875 0.265625 0.731250 0.273438 0.731250
0 0.479688 0.595312 0.479688 0.590625 0.484375 0.585938 0.489062 0.585938 0.489062 0.578125 0.453125 0.578125 0.453125 0.595312 0.479688 0.595312
0 0.660937 0.473437 0.659375 0.473437 0.657812 0.475000 0.656250 0.475000 0.653125 0.478125 0.651563 0.478125 0.650000 0.479688 0.645312 0.479688 0.643750 0.481250 0.639063 0.481250 0.637500 0.482812 0.631250 0.482812 0.629687 0.484375 0.626562 0.484375 0.625000 0.485938 0.623438 0.485938 0.621875 0.487500 0.615625 0.487500 0.615625 0.498437 0.621875 0.498437 0.623438 0.500000 0.626562 0.500000 0.628125 0.501563 0.637500 0.501563 0.639063 0.500000 0.646875 0.500000 0.648438 0.498437 0.650000 0.498437 0.653125 0.495313 0.654688 0.495313 0.656250 0.493750 0.659375 0.493750 0.660937 0.492188 0.662500 0.492188 0.664062 0.490625 0.665625 0.490625 0.667188 0.489062 0.670313 0.489062 0.671875 0.487500 0.673437 0.487500 0.675000 0.485938 0.678125 0.485938 0.679688 0.484375 0.681250 0.484375 0.682813 0.482812 0.689062 0.482812 0.689062 0.465625 0.662500 0.465625 0.662500 0.471875 0.660937 0.473437
0 0.503125 0.531250 0.507812 0.526563 0.507812 0.525000 0.510938 0.521875 0.510938 0.509375 0.490625 0.509375 0.490625 0.531250 0.503125 0.531250
0 0.495313 0.362500 0.490625 0.362500 0.490625 0.382812 0.495313 0.382812 0.495313 0.378125 0.496875 0.376563 0.498437 0.376563 0.500000 0.375000 0.506250 0.375000 0.507812 0.373437 0.509375 0.373437 0.514062 0.368750 0.515625 0.368750 0.518750 0.365625 0.520312 0.365625 0.521875 0.364062 0.526563 0.364062 0.526563 0.353125 0.500000 0.353125 0.500000 0.357812 0.495313 0.362500
0 0.457812 0.757812 0.457812 0.753125 0.459375 0.751562 0.462500 0.751562 0.464063 0.750000 0.470313 0.750000 0.470313 0.740625 0.453125 0.740625 0.453125 0.757812 0.457812 0.757812
0 0.626562 0.234375 0.628125 0.235938 0.631250 0.235938 0.632812 0.237500 0.634375 0.237500 0.635938 0.239063 0.637500 0.239063 0.639063 0.240625 0.640625 0.240625 0.642187 0.242188 0.643750 0.242188 0.645312 0.243750 0.650000 0.243750 0.651563 0.245312 0.657812 0.245312 0.659375 0.243750 0.660937 0.243750 0.662500 0.242188 0.664062 0.242188 0.665625 0.240625 0.667188 0.240625 0.671875 0.235938 0.673437 0.235938 0.675000 0.234375 0.676562 0.234375 0.678125 0.232812 0.682813 0.232812 0.682813 0.221875 0.678125 0.221875 0.676562 0.220313 0.676562 0.215625 0.621875 0.215625 0.621875 0.234375 0.626562 0.234375
0 0.215625 0.590625 0.220313 0.595312 0.221875 0.595312 0.226562 0.600000 0.228125 0.600000 0.229687 0.601562 0.231250 0.601562 0.234375 0.604688 0.235938 0.604688 0.237500 0.606250 0.240625 0.606250 0.242188 0.607813 0.260937 0.607813 0.262500 0.606250 0.264062 0.606250 0.265625 0.604688 0.267188 0.604688 0.271875 0.600000 0.273438 0.600000 0.276562 0.596875 0.282813 0.596875 0.282813 0.576562 0.278125 0.576562 0.275000 0.573438 0.275000 0.571875 0.273438 0.570312 0.273438 0.565625 0.209375 0.565625 0.209375 0.590625 0.215625 0.590625
0 0.435937 0.182812 0.435937 0.178125 0.437500 0.176563 0.439063 0.176563 0.442187 0.173438 0.443750 0.173438 0.446875 0.170312 0.451562 0.170312 0.451562 0.159375 0.421875 0.159375 0.421875 0.182812 0.435937 0.182812
0 0.615625 0.598437 0.620313 0.603125 0.620313 0.604688 0.621875 0.604688 0.625000 0.607813 0.626562 0.607813 0.631250 0.612500 0.634375 0.612500 0.635938 0.614062 0.648438 0.614062 0.650000 0.612500 0.657812 0.612500 0.660937 0.609375 0.662500 0.609375 0.668750 0.603125 0.670313 0.603125 0.684375 0.589063 0.689062 0.589063 0.689062 0.573438 0.681250 0.573438 0.678125 0.570312 0.678125 0.565625 0.676562 0.565625 0.676562 0.570312 0.675000 0.571875 0.673437 0.571875 0.671875 0.573438 0.651563 0.573438 0.650000 0.571875 0.640625 0.571875 0.639063 0.570312 0.639063 0.565625 0.609375 0.565625 0.609375 0.598437 0.615625 0.598437
0 0.617188 0.489062 0.617188 0.482812 0.618750 0.481250 0.618750 0.478125 0.620313 0.476562 0.620313 0.471875 0.603125 0.471875 0.603125 0.489062 0.617188 0.489062
0 0.109375 0.257812 0.110937 0.256250 0.112500 0.256250 0.115625 0.253125 0.120312 0.253125 0.120312 0.240625 0.096875 0.240625 0.096875 0.257812 0.109375 0.257812
0 0.390625 0.539062 0.390625 0.534375 0.393750 0.531250 0.395312 0.531250 0.398438 0.528125 0.398438 0.526563 0.400000 0.525000 0.400000 0.523438 0.401563 0.521875 0.401563 0.509375 0.378125 0.509375 0.378125 0.539062 0.390625 0.539062
0 0.246875 0.407813 0.248437 0.409375 0.248437 0.414062 0.251563 0.414062 0.251563 0.409375 0.256250 0.404687 0.256250 0.403125 0.257812 0.401563 0.257812 0.396875 0.234375 0.396875 0.234375 0.407813 0.246875 0.407813
0 0.256250 0.551562 0.256250 0.546875 0.259375 0.543750 0.264062 0.543750 0.264062 0.528125 0.234375 0.528125 0.234375 0.551562 0.256250 0.551562
0 0.271875 0.701563 0.271875 0.696875 0.273438 0.695312 0.275000 0.695312 0.276562 0.693750 0.278125 0.693750 0.281250 0.690625 0.281250 0.687500 0.282813 0.685938 0.282813 0.678125 0.265625 0.678125 0.265625 0.701563 0.271875 0.701563
0 0.670313 0.751562 0.670313 0.740625 0.659375 0.740625 0.659375 0.751562 0.670313 0.751562
0 0.362500 0.182812 0.362500 0.175000 0.364062 0.173438 0.370313 0.173438 0.371875 0.175000 0.375000 0.175000 0.378125 0.178125 0.378125 0.182812 0.395312 0.182812 0.395312 0.164062 0.389062 0.164062 0.382812 0.157813 0.382812 0.153125 0.353125 0.153125 0.353125 0.182812 0.362500 0.182812
0 0.334375 0.246875 0.337500 0.250000 0.340625 0.250000 0.348437 0.257812 0.350000 0.257812 0.351562 0.259375 0.351562 0.264062 0.370313 0.264062 0.370313 0.246875 0.365625 0.246875 0.362500 0.243750 0.362500 0.242188 0.356250 0.235938 0.354688 0.235938 0.353125 0.234375 0.353125 0.228125 0.328125 0.228125 0.328125 0.246875 0.334375 0.246875
1 0.326562 0.379687 0.328125 0.379687 0.334375 0.373437 0.335938 0.373437 0.337500 0.371875 0.337500 0.370313 0.343750 0.364062 0.343750 0.362500 0.350000 0.356250 0.350000 0.354688 0.353125 0.351562 0.357812 0.351562 0.357812 0.337500 0.353125 0.337500 0.350000 0.334375 0.350000 0.331250 0.348437 0.329688 0.348437 0.328125 0.346875 0.326562 0.346875 0.321875 0.312500 0.321875 0.312500 0.328125 0.306250 0.334375 0.303125 0.334375 0.301562 0.335938 0.296875 0.335938 0.292187 0.340625 0.290625 0.340625 0.289062 0.342187 0.287500 0.342187 0.285938 0.343750 0.284375 0.343750 0.282813 0.345313 0.281250 0.345313 0.279687 0.346875 0.278125 0.346875 0.276562 0.348437 0.275000 0.348437 0.273438 0.350000 0.271875 0.350000 0.270313 0.351562 0.268750 0.351562 0.267188 0.353125 0.264062 0.353125 0.262500 0.354688 0.260937 0.354688 0.259375 0.356250 0.257812 0.356250 0.254688 0.359375 0.253125 0.359375 0.245312 0.367188 0.240625 0.367188 0.240625 0.389062 0.246875 0.389062 0.248437 0.390625 0.251563 0.390625 0.253125 0.392188 0.254688 0.392188 0.259375 0.396875 0.259375 0.401563 0.290625 0.401563 0.290625 0.396875 0.292187 0.395312 0.293750 0.395312 0.295312 0.393750 0.303125 0.393750 0.304688 0.392188 0.306250 0.392188 0.307813 0.390625 0.309375 0.390625 0.310937 0.389062 0.314063 0.389062 0.315625 0.387500 0.318750 0.387500 0.326562 0.379687
0 0.496875 0.379687 0.490625 0.379687 0.490625 0.395312 0.496875 0.395312 0.498437 0.396875 0.498437 0.401563 0.517188 0.401563 0.517188 0.395312 0.518750 0.393750 0.518750 0.392188 0.521875 0.389062 0.526563 0.389062 0.526563 0.379687 0.520312 0.379687 0.518750 0.378125 0.518750 0.371875 0.500000 0.371875 0.500000 0.376563 0.496875 0.379687
0 0.518750 0.757812 0.518750 0.751562 0.520312 0.750000 0.520312 0.740625 0.503125 0.740625 0.503125 0.757812 0.518750 0.757812
0 0.328125 0.189063 0.331250 0.192188 0.332812 0.192188 0.334375 0.193750 0.335938 0.193750 0.337500 0.195312 0.339063 0.195312 0.340625 0.196875 0.340625 0.201562 0.351562 0.201562 0.351562 0.196875 0.356250 0.192188 0.357812 0.192188 0.365625 0.184375 0.370313 0.184375 0.370313 0.181250 0.365625 0.181250 0.362500 0.178125 0.362500 0.171875 0.321875 0.171875 0.321875 0.189063 0.328125 0.189063
0 0.220313 0.492188 0.225000 0.496875 0.225000 0.498437 0.226562 0.500000 0.226562 0.501563 0.232812 0.507812 0.234375 0.507812 0.237500 0.510938 0.239063 0.510938 0.243750 0.515625 0.243750 0.520312 0.265625 0.520312 0.265625 0.514062 0.267188 0.512500 0.268750 0.512500 0.273438 0.507812 0.275000 0.507812 0.281250 0.501563 0.281250 0.496875 0.279687 0.495313 0.279687 0.490625 0.278125 0.489062 0.278125 0.487500 0.270313 0.479688 0.259375 0.479688 0.257812 0.478125 0.256250 0.478125 0.254688 0.476562 0.254688 0.471875 0.215625 0.471875 0.215625 0.492188 0.220313 0.492188
0 0.495313 0.232812 0.495313 0.228125 0.498437 0.225000 0.500000 0.225000 0.503125 0.221875 0.507812 0.221875 0.507812 0.215625 0.478125 0.215625 0.478125 0.232812 0.495313 0.232812
0 0.264062 0.404687 0.262500 0.406250 0.262500 0.409375 0.271875 0.418750 0.273438 0.418750 0.275000 0.420312 0.276562 0.420312 0.278125 0.421875 0.278125 0.426562 0.284375 0.426562 0.284375 0.421875 0.285938 0.420312 0.289062 0.420312 0.290625 0.418750 0.292187 0.418750 0.293750 0.417188 0.295312 0.417188 0.298438 0.414062 0.300000 0.414062 0.301562 0.412500 0.303125 0.412500 0.304688 0.410937 0.307813 0.410937 0.309375 0.409375 0.310937 0.409375 0.314063 0.406250 0.317187 0.406250 0.318750 0.404687 0.323438 0.404687 0.325000 0.403125 0.328125 0.403125 0.329688 0.401563 0.332812 0.401563 0.337500 0.396875 0.339063 0.396875 0.339063 0.393750 0.337500 0.392188 0.337500 0.390625 0.335938 0.389062 0.335938 0.384375 0.323438 0.384375 0.323438 0.389062 0.321875 0.390625 0.320312 0.390625 0.318750 0.389062 0.318750 0.384375 0.312500 0.384375 0.312500 0.389062 0.309375 0.392188 0.304688 0.392188 0.303125 0.393750 0.296875 0.393750 0.295312 0.395312 0.293750 0.395312 0.292187 0.396875 0.289062 0.396875 0.287500 0.398438 0.282813 0.398438 0.281250 0.400000 0.270313 0.400000 0.268750 0.401563 0.265625 0.401563 0.264062 0.403125 0.264062 0.404687
0 0.518750 0.720312 0.518750 0.715625 0.520312 0.714063 0.526563 0.714063 0.526563 0.696875 0.503125 0.696875 0.503125 0.720312 0.518750 0.720312
0 0.385938 0.379687 0.385938 0.381250 0.384375 0.382812 0.384375 0.389062 0.385938 0.390625 0.385938 0.392188 0.389062 0.395312 0.389062 0.396875 0.392188 0.400000 0.393750 0.400000 0.395312 0.401563 0.401563 0.401563 0.403125 0.400000 0.404687 0.400000 0.406250 0.398438 0.407813 0.398438 0.410937 0.395312 0.412500 0.395312 0.414062 0.393750 0.417188 0.393750 0.418750 0.392188 0.421875 0.392188 0.423438 0.390625 0.425000 0.390625 0.425000 0.382812 0.423438 0.382812 0.421875 0.381250 0.420312 0.381250 0.417188 0.378125 0.415625 0.378125 0.412500 0.375000 0.409375 0.375000 0.407813 0.373437 0.406250 0.373437 0.404687 0.371875 0.403125 0.371875 0.401563 0.370313 0.401563 0.365625 0.387500 0.365625 0.387500 0.378125 0.385938 0.379687
0 0.420312 0.334375 0.417188 0.334375 0.415625 0.335938 0.409375 0.335938 0.409375 0.345313 0.414062 0.345313 0.415625 0.346875 0.415625 0.351562 0.429688 0.351562 0.429688 0.346875 0.431250 0.345313 0.434375 0.345313 0.435937 0.343750 0.439063 0.343750 0.440625 0.342187 0.443750 0.342187 0.445312 0.340625 0.448438 0.340625 0.450000 0.339063 0.453125 0.339063 0.454688 0.337500 0.456250 0.337500 0.457812 0.335938 0.459375 0.335938 0.460938 0.334375 0.460938 0.328125 0.421875 0.328125 0.421875 0.332812 0.420312 0.334375
0 0.410937 0.720312 0.410937 0.715625 0.412500 0.714063 0.414062 0.714063 0.415625 0.712500 0.420312 0.712500 0.420312 0.703125 0.396875 0.703125 0.396875 0.720312 0.410937 0.720312
0 0.225000 0.564063 0.225000 0.553125 0.215625 0.553125 0.215625 0.564063 0.225000 0.564063
0 0.437500 0.732813 0.439063 0.731250 0.440625 0.731250 0.443750 0.728125 0.443750 0.721875 0.428125 0.721875 0.428125 0.732813 0.437500 0.732813
1 0.007812 0.379687 0.012500 0.379687 0.014062 0.378125 0.014062 0.373437 0.012500 0.371875 0.012500 0.364062 0.010937 0.362500 0.010937 0.351562 0.009375 0.350000 0.009375 0.339063 0.007812 0.337500 0.007812 0.334375 0.006250 0.332812 0.006250 0.321875 0.000000 0.321875 0.000000 0.387500 0.001563 0.387500 0.001563 0.385938 0.007812 0.379687
1 0.001563 0.467187 0.003125 0.465625 0.003125 0.462500 0.007812 0.457812 0.007812 0.456250 0.009375 0.454688 0.009375 0.451562 0.010937 0.450000 0.010937 0.448438 0.012500 0.446875 0.012500 0.445312 0.015625 0.442187 0.015625 0.440625 0.017188 0.439063 0.017188 0.435937 0.018750 0.434375 0.018750 0.432813 0.021875 0.429688 0.021875 0.428125 0.023438 0.426562 0.023438 0.412500 0.021875 0.410937 0.021875 0.403125 0.020312 0.403125 0.017188 0.406250 0.012500 0.406250 0.010937 0.404687 0.009375 0.404687 0.003125 0.398438 0.003125 0.396875 0.001563 0.395312 0.001563 0.392188 0.000000 0.392188 0.000000 0.468750 0.001563 0.468750 0.001563 0.467187
0 0.170312 0.345313 0.170312 0.340625 0.171875 0.339063 0.171875 0.337500 0.173438 0.335938 0.173438 0.328125 0.159375 0.328125 0.159375 0.345313 0.170312 0.345313
0 0.651563 0.731250 0.651563 0.721875 0.634375 0.721875 0.634375 0.731250 0.651563 0.731250
0 0.220313 0.432813 0.221875 0.431250 0.223438 0.431250 0.225000 0.429688 0.225000 0.428125 0.226562 0.426562 0.226562 0.423438 0.228125 0.421875 0.232812 0.421875 0.232812 0.415625 0.209375 0.415625 0.209375 0.432813 0.220313 0.432813
0 0.215625 0.590625 0.223438 0.598437 0.225000 0.598437 0.228125 0.601562 0.229687 0.601562 0.234375 0.606250 0.237500 0.606250 0.239063 0.607813 0.242188 0.607813 0.243750 0.609375 0.243750 0.614062 0.260937 0.614062 0.260937 0.609375 0.264062 0.606250 0.265625 0.606250 0.271875 0.600000 0.273438 0.600000 0.276562 0.596875 0.282813 0.596875 0.282813 0.578125 0.278125 0.578125 0.273438 0.573438 0.273438 0.571875 0.271875 0.570312 0.271875 0.565625 0.209375 0.565625 0.209375 0.590625 0.215625 0.590625
0 0.528125 0.412500 0.529687 0.414062 0.531250 0.414062 0.532813 0.415625 0.532813 0.420312 0.548438 0.420312 0.548438 0.415625 0.550000 0.414062 0.550000 0.412500 0.553125 0.409375 0.557813 0.409375 0.557813 0.403125 0.521875 0.403125 0.521875 0.412500 0.528125 0.412500
0 0.371875 0.414062 0.371875 0.407813 0.378125 0.401563 0.382812 0.401563 0.382812 0.396875 0.378125 0.396875 0.375000 0.393750 0.375000 0.384375 0.346875 0.384375 0.346875 0.414062 0.371875 0.414062
0 0.657812 0.701563 0.657812 0.678125 0.634375 0.678125 0.634375 0.701563 0.657812 0.701563
0 0.359375 0.140625 0.367188 0.148438 0.368750 0.148438 0.370313 0.150000 0.371875 0.150000 0.373437 0.151562 0.378125 0.151562 0.379687 0.153125 0.381250 0.153125 0.382812 0.154687 0.384375 0.154687 0.385938 0.156250 0.390625 0.156250 0.392188 0.157813 0.393750 0.157813 0.395312 0.159375 0.395312 0.164062 0.417188 0.164062 0.417188 0.159375 0.420312 0.156250 0.421875 0.156250 0.423438 0.154687 0.425000 0.154687 0.426562 0.153125 0.429688 0.153125 0.431250 0.151562 0.434375 0.151562 0.437500 0.148438 0.439063 0.148438 0.440625 0.146875 0.442187 0.146875 0.443750 0.145313 0.443750 0.143750 0.448438 0.139063 0.448438 0.137500 0.450000 0.135937 0.450000 0.134375 0.451562 0.132812 0.451562 0.131250 0.454688 0.128125 0.454688 0.115625 0.434375 0.115625 0.434375 0.120312 0.432813 0.121875 0.431250 0.121875 0.429688 0.123438 0.403125 0.123438 0.401563 0.121875 0.398438 0.121875 0.396875 0.120312 0.396875 0.115625 0.353125 0.115625 0.353125 0.140625 0.359375 0.140625
0 0.309375 0.496875 0.310937 0.498437 0.314063 0.498437 0.315625 0.500000 0.318750 0.500000 0.320312 0.501563 0.321875 0.501563 0.325000 0.504687 0.326562 0.504687 0.328125 0.506250 0.332812 0.506250 0.334375 0.507812 0.335938 0.507812 0.337500 0.509375 0.337500 0.514062 0.350000 0.514062 0.350000 0.509375 0.351562 0.507812 0.353125 0.507812 0.354688 0.506250 0.356250 0.506250 0.359375 0.503125 0.364062 0.503125 0.364062 0.498437 0.359375 0.498437 0.356250 0.495313 0.354688 0.495313 0.353125 0.493750 0.348437 0.493750 0.346875 0.492188 0.337500 0.492188 0.335938 0.490625 0.334375 0.490625 0.332812 0.489062 0.332812 0.484375 0.303125 0.484375 0.303125 0.496875 0.309375 0.496875
0 0.468750 0.676562 0.468750 0.670313 0.471875 0.667188 0.476562 0.667188 0.476562 0.659375 0.453125 0.659375 0.453125 0.676562 0.468750 0.676562
0 0.407813 0.528125 0.403125 0.528125 0.403125 0.554688 0.409375 0.554688 0.410937 0.556250 0.415625 0.556250 0.417188 0.554688 0.418750 0.554688 0.423438 0.550000 0.425000 0.550000 0.426562 0.548438 0.428125 0.548438 0.435937 0.540625 0.435937 0.537500 0.437500 0.535937 0.437500 0.521875 0.409375 0.521875 0.409375 0.526563 0.407813 0.528125
0 0.453125 0.537500 0.454688 0.535937 0.457812 0.535937 0.459375 0.534375 0.460938 0.534375 0.460938 0.528125 0.446875 0.528125 0.446875 0.537500 0.453125 0.537500
0 0.501563 0.345313 0.507812 0.351562 0.512500 0.351562 0.514062 0.353125 0.514062 0.357812 0.515625 0.357812 0.515625 0.353125 0.517188 0.351562 0.521875 0.351562 0.523438 0.350000 0.525000 0.350000 0.526563 0.348437 0.528125 0.348437 0.529687 0.346875 0.529687 0.345313 0.531250 0.343750 0.531250 0.342187 0.532813 0.340625 0.532813 0.339063 0.531250 0.339063 0.529687 0.337500 0.528125 0.337500 0.526563 0.335938 0.525000 0.335938 0.521875 0.332812 0.521875 0.328125 0.496875 0.328125 0.496875 0.345313 0.501563 0.345313
0 0.471875 0.259375 0.470313 0.259375 0.468750 0.260937 0.467187 0.260937 0.464063 0.264062 0.462500 0.264062 0.459375 0.267188 0.457812 0.267188 0.451562 0.273438 0.448438 0.273438 0.446875 0.275000 0.445312 0.275000 0.442187 0.278125 0.440625 0.278125 0.439063 0.279687 0.437500 0.279687 0.435937 0.281250 0.434375 0.281250 0.432813 0.282813 0.431250 0.282813 0.429688 0.284375 0.426562 0.284375 0.425000 0.285938 0.421875 0.285938 0.420312 0.287500 0.418750 0.287500 0.417188 0.289062 0.414062 0.289062 0.410937 0.292187 0.409375 0.292187 0.407813 0.293750 0.403125 0.293750 0.403125 0.332812 0.443750 0.332812 0.443750 0.328125 0.445312 0.326562 0.448438 0.326562 0.450000 0.325000 0.453125 0.325000 0.454688 0.323438 0.457812 0.323438 0.459375 0.321875 0.460938 0.321875 0.462500 0.320312 0.464063 0.320312 0.476562 0.307813 0.478125 0.307813 0.481250 0.304688 0.482812 0.304688 0.489062 0.298438 0.490625 0.298438 0.500000 0.289062 0.500000 0.287500 0.506250 0.281250 0.506250 0.279687 0.509375 0.276562 0.514062 0.276562 0.514062 0.246875 0.479688 0.246875 0.479688 0.251563 0.471875 0.259375
0 0.573438 0.720312 0.573438 0.714063 0.575000 0.712500 0.575000 0.710938 0.576562 0.709375 0.576562 0.703125 0.559375 0.703125 0.559375 0.720312 0.573438 0.720312
0 0.306250 0.714063 0.306250 0.703125 0.296875 0.703125 0.296875 0.714063 0.306250 0.714063
0 0.645312 0.357812 0.645312 0.353125 0.646875 0.351562 0.651563 0.351562 0.651563 0.340625 0.628125 0.340625 0.628125 0.357812 0.645312 0.357812
0 0.359375 0.720312 0.359375 0.715625 0.362500 0.712500 0.362500 0.710938 0.364062 0.709375 0.364062 0.703125 0.346875 0.703125 0.346875 0.720312 0.359375 0.720312
0 0.417188 0.514062 0.417188 0.507812 0.423438 0.501563 0.423438 0.500000 0.426562 0.496875 0.428125 0.496875 0.434375 0.490625 0.439063 0.490625 0.439063 0.484375 0.409375 0.484375 0.409375 0.514062 0.417188 0.514062
0 0.607813 0.440625 0.609375 0.442187 0.610937 0.442187 0.612500 0.443750 0.614062 0.443750 0.615625 0.445312 0.621875 0.445312 0.623438 0.443750 0.628125 0.443750 0.634375 0.437500 0.639063 0.437500 0.639063 0.421875 0.603125 0.421875 0.603125 0.440625 0.607813 0.440625
0 0.439063 0.506250 0.442187 0.509375 0.443750 0.509375 0.445312 0.510938 0.445312 0.512500 0.446875 0.514062 0.448438 0.514062 0.453125 0.518750 0.454688 0.518750 0.457812 0.521875 0.457812 0.526563 0.473437 0.526563 0.473437 0.515625 0.471875 0.514062 0.470313 0.514062 0.467187 0.510938 0.465625 0.510938 0.459375 0.504687 0.457812 0.504687 0.451562 0.498437 0.450000 0.498437 0.448438 0.496875 0.448438 0.490625 0.434375 0.490625 0.434375 0.506250 0.439063 0.506250
0 0.439063 0.370313 0.439063 0.353125 0.421875 0.353125 0.421875 0.370313 0.439063 0.370313
0 0.221875 0.526563 0.221875 0.521875 0.225000 0.518750 0.225000 0.517188 0.226562 0.515625 0.226562 0.509375 0.209375 0.509375 0.209375 0.526563 0.221875 0.526563
0 0.137500 0.557813 0.137500 0.540625 0.121875 0.540625 0.121875 0.557813 0.137500 0.557813
0 0.543750 0.376563 0.543750 0.370313 0.546875 0.367188 0.551562 0.367188 0.551562 0.359375 0.528125 0.359375 0.528125 0.376563 0.543750 0.376563
0 0.720312 0.489062 0.720312 0.478125 0.709375 0.478125 0.709375 0.489062 0.720312 0.489062
0 0.426562 0.225000 0.428125 0.223438 0.429688 0.223438 0.432813 0.220313 0.434375 0.220313 0.435937 0.218750 0.437500 0.218750 0.439063 0.217187 0.442187 0.217187 0.443750 0.215625 0.445312 0.215625 0.446875 0.214062 0.451562 0.214062 0.451562 0.203125 0.415625 0.203125 0.415625 0.225000 0.426562 0.225000
0 0.495313 0.732813 0.495313 0.721875 0.478125 0.721875 0.478125 0.732813 0.495313 0.732813
0 0.271875 0.515625 0.270313 0.515625 0.268750 0.517188 0.265625 0.517188 0.264062 0.518750 0.259375 0.518750 0.259375 0.553125 0.264062 0.553125 0.265625 0.554688 0.267188 0.554688 0.268750 0.556250 0.270313 0.556250 0.271875 0.557813 0.273438 0.557813 0.276562 0.560937 0.278125 0.560937 0.279687 0.562500 0.282813 0.562500 0.285938 0.565625 0.282813 0.568750 0.281250 0.568750 0.279687 0.570312 0.278125 0.570312 0.278125 0.576562 0.289062 0.576562 0.289062 0.571875 0.292187 0.568750 0.314063 0.568750 0.315625 0.567187 0.317187 0.567187 0.325000 0.559375 0.326562 0.559375 0.334375 0.551562 0.335938 0.551562 0.335938 0.550000 0.340625 0.545312 0.340625 0.537500 0.339063 0.535937 0.339063 0.534375 0.332812 0.528125 0.331250 0.528125 0.323438 0.520312 0.323438 0.518750 0.321875 0.517188 0.321875 0.515625 0.320312 0.514062 0.320312 0.509375 0.273438 0.509375 0.273438 0.514062 0.271875 0.515625
0 0.271875 0.245312 0.276562 0.250000 0.278125 0.250000 0.281250 0.253125 0.281250 0.257812 0.284375 0.257812 0.284375 0.253125 0.289062 0.248437 0.290625 0.248437 0.293750 0.245312 0.293750 0.243750 0.296875 0.240625 0.301562 0.240625 0.301562 0.228125 0.265625 0.228125 0.265625 0.245312 0.271875 0.245312
0 0.384375 0.437500 0.385938 0.439063 0.385938 0.440625 0.392188 0.446875 0.392188 0.451562 0.403125 0.451562 0.403125 0.446875 0.406250 0.443750 0.407813 0.443750 0.410937 0.440625 0.410937 0.437500 0.412500 0.435937 0.412500 0.426562 0.410937 0.425000 0.410937 0.423438 0.401563 0.414062 0.401563 0.409375 0.378125 0.409375 0.378125 0.437500 0.384375 0.437500
0 0.614062 0.282813 0.614062 0.265625 0.590625 0.265625 0.590625 0.282813 0.614062 0.282813
0 0.626562 0.712500 0.626562 0.703125 0.609375 0.703125 0.609375 0.712500 0.626562 0.712500
0 0.368750 0.551562 0.368750 0.545312 0.370313 0.543750 0.376563 0.543750 0.376563 0.528125 0.346875 0.528125 0.346875 0.551562 0.368750 0.551562
0 0.264062 0.714063 0.265625 0.712500 0.267188 0.712500 0.268750 0.710938 0.268750 0.709375 0.270313 0.707812 0.270313 0.703125 0.253125 0.703125 0.253125 0.714063 0.264062 0.714063
0 0.468750 0.676562 0.468750 0.668750 0.471875 0.665625 0.476562 0.665625 0.476562 0.659375 0.453125 0.659375 0.453125 0.676562 0.468750 0.676562
1 0.400000 0.192188 0.398438 0.192188 0.396875 0.193750 0.393750 0.193750 0.392188 0.195312 0.389062 0.195312 0.385938 0.198437 0.384375 0.198437 0.382812 0.200000 0.381250 0.200000 0.379687 0.201562 0.371875 0.201562 0.371875 0.204688 0.379687 0.204688 0.381250 0.206250 0.384375 0.206250 0.387500 0.209375 0.387500 0.210938 0.389062 0.212500 0.389062 0.215625 0.387500 0.217187 0.385938 0.217187 0.384375 0.218750 0.371875 0.218750 0.371875 0.264062 0.378125 0.264062 0.378125 0.254688 0.376563 0.253125 0.379687 0.250000 0.381250 0.250000 0.382812 0.248437 0.385938 0.248437 0.389062 0.245312 0.390625 0.245312 0.392188 0.243750 0.393750 0.243750 0.395312 0.242188 0.396875 0.242188 0.398438 0.240625 0.398438 0.239063 0.401563 0.235938 0.403125 0.235938 0.407813 0.231250 0.409375 0.231250 0.410937 0.229687 0.414062 0.229687 0.415625 0.228125 0.417188 0.228125 0.417188 0.226562 0.415625 0.226562 0.410937 0.221875 0.410937 0.214062 0.414062 0.210938 0.414062 0.209375 0.415625 0.207813 0.417188 0.207813 0.420312 0.204688 0.435937 0.204688 0.437500 0.203125 0.440625 0.203125 0.442187 0.204688 0.443750 0.204688 0.445312 0.206250 0.446875 0.206250 0.450000 0.209375 0.446875 0.212500 0.446875 0.215625 0.459375 0.215625 0.460938 0.214062 0.459375 0.214062 0.453125 0.207813 0.453125 0.204688 0.451562 0.203125 0.451562 0.196875 0.454688 0.193750 0.460938 0.193750 0.462500 0.192188 0.465625 0.192188 0.467187 0.193750 0.467187 0.195312 0.468750 0.196875 0.468750 0.198437 0.470313 0.200000 0.470313 0.201562 0.471875 0.203125 0.470313 0.204688 0.470313 0.207813 0.471875 0.209375 0.478125 0.209375 0.479688 0.207813 0.482812 0.207813 0.482812 0.206250 0.481250 0.204688 0.481250 0.201562 0.478125 0.198437 0.478125 0.196875 0.476562 0.196875 0.475000 0.195312 0.473437 0.195312 0.470313 0.192188 0.468750 0.192188 0.467187 0.190625 0.467187 0.184375 0.403125 0.184375 0.403125 0.189063 0.400000 0.192188
0 0.384375 0.215625 0.385938 0.217187 0.387500 0.217187 0.390625 0.220313 0.390625 0.226562 0.400000 0.226562 0.400000 0.221875 0.401563 0.220313 0.403125 0.220313 0.404687 0.218750 0.406250 0.218750 0.407813 0.217187 0.409375 0.217187 0.410937 0.215625 0.410937 0.214062 0.414062 0.210938 0.415625 0.210938 0.418750 0.207813 0.420312 0.207813 0.421875 0.206250 0.426562 0.206250 0.426562 0.196875 0.378125 0.196875 0.378125 0.215625 0.384375 0.215625
0 0.717188 0.531250 0.720312 0.528125 0.720312 0.526563 0.721875 0.525000 0.726562 0.525000 0.726562 0.515625 0.703125 0.515625 0.703125 0.531250 0.717188 0.531250
0 0.471875 0.543750 0.470313 0.543750 0.468750 0.545312 0.468750 0.546875 0.465625 0.550000 0.459375 0.550000 0.459375 0.560937 0.465625 0.560937 0.470313 0.565625 0.471875 0.565625 0.473437 0.567187 0.475000 0.567187 0.476562 0.568750 0.478125 0.568750 0.479688 0.570312 0.481250 0.570312 0.482812 0.571875 0.484375 0.571875 0.487500 0.575000 0.489062 0.575000 0.495313 0.581250 0.496875 0.581250 0.498437 0.582812 0.500000 0.582812 0.503125 0.585938 0.504687 0.585938 0.506250 0.587500 0.509375 0.587500 0.510938 0.585938 0.512500 0.585938 0.515625 0.582812 0.515625 0.581250 0.518750 0.578125 0.520312 0.578125 0.528125 0.570312 0.529687 0.570312 0.534375 0.565625 0.535937 0.565625 0.535937 0.557813 0.528125 0.550000 0.520312 0.550000 0.518750 0.548438 0.515625 0.548438 0.512500 0.545312 0.510938 0.545312 0.509375 0.543750 0.507812 0.543750 0.503125 0.539062 0.503125 0.534375 0.476562 0.534375 0.476562 0.539062 0.471875 0.543750
0 0.595312 0.732813 0.595312 0.721875 0.584375 0.721875 0.584375 0.732813 0.595312 0.732813
0 0.020312 0.407813 0.020312 0.392188 0.018750 0.390625 0.018750 0.384375 0.003125 0.384375 0.003125 0.407813 0.020312 0.407813
0 0.653125 0.107813 0.646875 0.107813 0.646875 0.128125 0.653125 0.128125 0.665625 0.140625 0.667188 0.140625 0.670313 0.143750 0.670313 0.145313 0.676562 0.151562 0.676562 0.153125 0.679688 0.156250 0.679688 0.157813 0.684375 0.162500 0.685938 0.162500 0.687500 0.164062 0.690625 0.164062 0.692187 0.162500 0.692187 0.160938 0.695312 0.157813 0.695312 0.154687 0.696875 0.153125 0.701563 0.153125 0.701563 0.151562 0.696875 0.151562 0.693750 0.148438 0.693750 0.145313 0.689062 0.140625 0.689062 0.139063 0.687500 0.137500 0.687500 0.134375 0.685938 0.132812 0.685938 0.121875 0.684375 0.120312 0.684375 0.112500 0.682813 0.110937 0.682813 0.106250 0.681250 0.104687 0.681250 0.096875 0.659375 0.096875 0.659375 0.101562 0.653125 0.107813
0 0.079687 0.378125 0.081250 0.379687 0.082813 0.379687 0.084375 0.381250 0.087500 0.381250 0.096875 0.390625 0.096875 0.395312 0.117188 0.395312 0.117188 0.390625 0.120312 0.387500 0.121875 0.387500 0.129688 0.379687 0.131250 0.379687 0.134375 0.376563 0.139063 0.376563 0.139063 0.364062 0.134375 0.364062 0.129688 0.359375 0.128125 0.359375 0.126562 0.357812 0.125000 0.357812 0.123438 0.356250 0.120312 0.356250 0.118750 0.354688 0.117188 0.354688 0.115625 0.353125 0.114063 0.353125 0.112500 0.351562 0.110937 0.351562 0.109375 0.350000 0.107813 0.350000 0.103125 0.345313 0.103125 0.340625 0.071875 0.340625 0.071875 0.378125 0.079687 0.378125
0 0.343750 0.537500 0.343750 0.539062 0.342187 0.540625 0.342187 0.545312 0.339063 0.548438 0.334375 0.548438 0.334375 0.576562 0.340625 0.576562 0.350000 0.585938 0.351562 0.585938 0.356250 0.590625 0.356250 0.595312 0.375000 0.595312 0.375000 0.590625 0.378125 0.587500 0.382812 0.587500 0.382812 0.540625 0.378125 0.540625 0.375000 0.537500 0.375000 0.535937 0.373437 0.534375 0.373437 0.528125 0.346875 0.528125 0.346875 0.534375 0.343750 0.537500
0 0.560937 0.239063 0.560937 0.234375 0.571875 0.223438 0.576562 0.223438 0.576562 0.209375 0.534375 0.209375 0.534375 0.239063 0.560937 0.239063
0 0.465625 0.460938 0.470313 0.465625 0.470313 0.470313 0.482812 0.470313 0.482812 0.465625 0.484375 0.464063 0.484375 0.462500 0.487500 0.459375 0.487500 0.456250 0.489062 0.454688 0.489062 0.446875 0.459375 0.446875 0.459375 0.460938 0.465625 0.460938
0 0.534375 0.442187 0.535937 0.443750 0.537500 0.443750 0.539062 0.445312 0.539062 0.451562 0.551562 0.451562 0.551562 0.421875 0.528125 0.421875 0.528125 0.442187 0.534375 0.442187
0 0.515625 0.726562 0.515625 0.720312 0.518750 0.717188 0.520312 0.717188 0.521875 0.715625 0.526563 0.715625 0.526563 0.703125 0.503125 0.703125 0.503125 0.726562 0.515625 0.726562
0 0.684375 0.264062 0.684375 0.259375 0.687500 0.256250 0.689062 0.256250 0.690625 0.254688 0.692187 0.254688 0.695312 0.251563 0.695312 0.246875 0.671875 0.246875 0.671875 0.264062 0.684375 0.264062
0 0.614062 0.720312 0.614062 0.715625 0.615625 0.714063 0.618750 0.714063 0.620313 0.712500 0.626562 0.712500 0.626562 0.696875 0.609375 0.696875 0.609375 0.720312 0.614062 0.720312
0 0.404687 0.756250 0.406250 0.757812 0.407813 0.757812 0.409375 0.759375 0.410937 0.757812 0.412500 0.757812 0.418750 0.751562 0.418750 0.750000 0.420312 0.748438 0.420312 0.740625 0.396875 0.740625 0.396875 0.756250 0.404687 0.756250
0 0.515625 0.096875 0.514062 0.096875 0.512500 0.098438 0.509375 0.098438 0.503125 0.104687 0.496875 0.104687 0.496875 0.132812 0.537500 0.132812 0.537500 0.128125 0.539062 0.126562 0.539062 0.125000 0.540625 0.123438 0.540625 0.121875 0.543750 0.118750 0.545312 0.118750 0.546875 0.117188 0.548438 0.117188 0.550000 0.115625 0.551562 0.115625 0.556250 0.110937 0.556250 0.109375 0.557813 0.107813 0.557813 0.101562 0.556250 0.100000 0.556250 0.096875 0.554688 0.095312 0.554688 0.090625 0.517188 0.090625 0.517188 0.095312 0.515625 0.096875
0 0.240625 0.467187 0.242188 0.468750 0.246875 0.468750 0.253125 0.475000 0.256250 0.475000 0.257812 0.476562 0.262500 0.476562 0.264062 0.478125 0.264062 0.482812 0.265625 0.482812 0.265625 0.478125 0.267188 0.476562 0.268750 0.476562 0.270313 0.475000 0.276562 0.475000 0.276562 0.460938 0.271875 0.460938 0.267188 0.456250 0.265625 0.456250 0.260937 0.451562 0.260937 0.446875 0.265625 0.442187 0.267188 0.442187 0.271875 0.437500 0.276562 0.437500 0.276562 0.421875 0.234375 0.421875 0.234375 0.467187 0.240625 0.467187
1 0.296875 0.217187 0.298438 0.218750 0.298438 0.225000 0.300000 0.226562 0.300000 0.232812 0.298438 0.234375 0.298438 0.237500 0.296875 0.239063 0.296875 0.242188 0.295312 0.243750 0.290625 0.243750 0.290625 0.246875 0.295312 0.246875 0.300000 0.251563 0.300000 0.253125 0.296875 0.256250 0.290625 0.256250 0.290625 0.265625 0.298438 0.265625 0.301562 0.268750 0.303125 0.268750 0.304688 0.270313 0.306250 0.270313 0.307813 0.271875 0.307813 0.276562 0.314063 0.276562 0.314063 0.271875 0.318750 0.267188 0.320312 0.267188 0.326562 0.260937 0.328125 0.260937 0.329688 0.259375 0.331250 0.259375 0.331250 0.250000 0.328125 0.246875 0.328125 0.245312 0.323438 0.240625 0.323438 0.229687 0.329688 0.223438 0.331250 0.223438 0.334375 0.220313 0.335938 0.220313 0.335938 0.218750 0.337500 0.217187 0.337500 0.212500 0.339063 0.210938 0.339063 0.204688 0.337500 0.203125 0.337500 0.201562 0.335938 0.201562 0.331250 0.196875 0.331250 0.190625 0.290625 0.190625 0.290625 0.217187 0.296875 0.217187
0 0.468750 0.214062 0.468750 0.190625 0.453125 0.190625 0.453125 0.214062 0.468750 0.214062
0 0.326562 0.732813 0.328125 0.731250 0.329688 0.731250 0.332812 0.728125 0.332812 0.721875 0.321875 0.721875 0.321875 0.732813 0.326562 0.732813
0 0.515625 0.232812 0.517188 0.231250 0.521875 0.231250 0.528125 0.225000 0.532813 0.225000 0.532813 0.215625 0.503125 0.215625 0.503125 0.232812 0.515625 0.232812
0 0.689062 0.657812 0.689062 0.646875 0.671875 0.646875 0.671875 0.657812 0.689062 0.657812
0 0.407813 0.650000 0.409375 0.648438 0.412500 0.648438 0.414062 0.646875 0.420312 0.646875 0.420312 0.640625 0.403125 0.640625 0.403125 0.650000 0.407813 0.650000
0 0.271875 0.245312 0.278125 0.251563 0.279687 0.251563 0.281250 0.253125 0.281250 0.257812 0.284375 0.257812 0.284375 0.253125 0.289062 0.248437 0.290625 0.248437 0.290625 0.246875 0.296875 0.240625 0.301562 0.240625 0.301562 0.228125 0.265625 0.228125 0.265625 0.245312 0.271875 0.245312
0 0.622591 0.508298 0.533112 0.444384 0.513562 0.460928 0.577475 0.538375 0.622591 0.508298
0 0.526344 0.430850 0.500027 0.424083 0.497020 0.447392 0.526344 0.430850
0 0.494013 0.445137 0.479725 0.372200 0.460928 0.447392 0.494013 0.445137
0 0.413556 0.437617 0.412053 0.445889 0.429347 0.455664 0.449648 0.445137 0.442130 0.430850 0.439122 0.420323 0.447392 0.413556 0.439873 0.400022 0.420323 0.395511 0.409797 0.410548 0.418067 0.423331 0.413556 0.437617
0 0.706053 0.400773 0.624094 0.251142 0.604544 0.252645 0.690262 0.400773 0.706053 0.400773
0 0.525592 0.299264 0.542134 0.294002 0.545894 0.286481 0.553414 0.274452 0.561684 0.276706 0.582739 0.273698 0.584242 0.260917 0.569956 0.248886 0.548902 0.239862 0.536872 0.249637 0.539127 0.266180 0.524089 0.268436 0.508298 0.284978 0.511306 0.294753 0.525592 0.299264
0 0.534616 0.260164 0.533864 0.247381 0.518073 0.239111 0.508298 0.238359 0.501531 0.245878 0.526344 0.260164 0.534616 0.260164
0 0.124819 0.594769 0.128578 0.598528 0.140609 0.594017 0.136850 0.584994 0.130834 0.587250 0.124819 0.594769
1 0.639884 0.421828 0.715077 0.444384 0.626350 0.300016 0.614319 0.352652 0.639884 0.421828
1 0.338364 0.534616 0.371448 0.502283 0.334605 0.439873 0.278211 0.439873 0.290241 0.477470 0.338364 0.534616
0 0.303023 0.457167 0.315806 0.447392 0.317311 0.439873 0.312047 0.442130 0.294753 0.442130 0.281219 0.439122 0.286481 0.452656 0.303023 0.457167
0 0.325581 0.672969 0.336108 0.672217 0.338364 0.666202 0.326333 0.663194 0.323327 0.669961 0.325581 0.672969
