0 0.664511 0.684326 0.663897 0.688615 0.668399 0.693174 0.670103 0.693265 0.674605 0.697825 0.676311 0.697915 0.683812 0.705514 0.690633 0.705875 0.685923 0.738754 0.679102 0.738392 0.667643 0.746427 0.665938 0.746337 0.658297 0.751692 0.656592 0.751602 0.654682 0.752942 0.652977 0.752851 0.651068 0.754191 0.647657 0.754010 0.645747 0.755349 0.623579 0.754174 0.621669 0.755513 0.614848 0.755152 0.613348 0.753632 0.603117 0.753090 0.601616 0.751571 0.599912 0.751481 0.596911 0.748440 0.595205 0.748350 0.592204 0.745310 0.590499 0.745220 0.581497 0.736102 0.579791 0.736012 0.579996 0.734582 0.578495 0.733062 0.576790 0.732972 0.570789 0.726893 0.565674 0.726622 0.568336 0.708038 0.573451 0.708309 0.577271 0.705631 0.577476 0.704202 0.583205 0.700184 0.584911 0.700274 0.592551 0.694917 0.594255 0.695008 0.601895 0.689651 0.603601 0.689742 0.609332 0.685725 0.609946 0.681436
0 0.041712 0.582196 0.041097 0.586484 0.042598 0.588004 0.044303 0.588095 0.045804 0.589615 0.047508 0.589705 0.049008 0.591225 0.050714 0.591315 0.052215 0.592835 0.053920 0.592926 0.055420 0.594445 0.057125 0.594535 0.058625 0.596055 0.060331 0.596145 0.061832 0.597665 0.063537 0.597756 0.066538 0.600795 0.073358 0.601157 0.069467 0.628317 0.064352 0.628046 0.060531 0.630724 0.060327 0.632153 0.058417 0.633492 0.058007 0.636352 0.056098 0.637691 0.055893 0.639120 0.053983 0.640459 0.053778 0.641889 0.051868 0.643228 0.051663 0.644657 0.049753 0.645997 0.049548 0.647427 0.047638 0.648765 0.047228 0.651624 0.045319 0.652963 0.045114 0.654393 0.043205 0.655732 0.043000 0.657161 0.041090 0.658500 0.040885 0.659930 0.038974 0.661269 0.038769 0.662699 0.033040 0.666716 0.032835 0.668146 0.030926 0.669485 0.030721 0.670914 0.028810 0.672253 0.028606 0.673683 0.022876 0.677701 0.022671 0.679130 0.018850 0.681808 0.017146 0.681718 0.015236 0.683057 0.014417 0.688774 0.000000 0.687690 0.000000 0.683402 0.000000 0.675804 0.000000 0.675713 0.000000 0.668114 0.000000 0.666685 0.000000 0.663644 0.000000 0.662215 0.000000 0.660696 0.000000 0.657836 0.000000 0.656317 0.000000 0.644881 0.000000 0.643361 0.000000 0.634784 0.000000 0.633264 0.000000 0.632993 0.000000 0.612980 0.000000 0.613251 0.000000 0.611912 0.000000 0.607624 0.000000 0.606284 0.000000 0.603426 0.000000 0.602087 0.000000 0.600657 0.000000 0.599318 0.000000 0.597888 0.000000 0.596549 0.000000 0.595120 0.000000 0.593781 0.000000 0.592351 0.000000 0.591012 0.000000 0.588153 0.000000 0.585475 0.000000 0.579757
0 0.617617 0.388015 0.617003 0.392303 0.620004 0.395342 0.621709 0.395433 0.626209 0.399993 0.627915 0.400083 0.638417 0.410721 0.640123 0.410812 0.644625 0.415371 0.649740 0.415642 0.647283 0.432796 0.640462 0.432435 0.636642 0.435113 0.634936 0.435023 0.633027 0.436362 0.631321 0.436271 0.629411 0.437611 0.620885 0.437159 0.618975 0.438498 0.612155 0.438136 0.610655 0.436617 0.602128 0.436165 0.600218 0.437504 0.579756 0.436420 0.577846 0.437760 0.572731 0.437489 0.570820 0.438828 0.565704 0.438557 0.563795 0.439896 0.562089 0.439806 0.560179 0.441145 0.558475 0.441055 0.556564 0.442393 0.555950 0.446681 0.518436 0.444694 0.519255 0.438977 0.516254 0.435937 0.511139 0.435666 0.514006 0.415653 0.519121 0.415924 0.534401 0.405211 0.536105 0.405301 0.543746 0.399944 0.545451 0.400035 0.551181 0.396018 0.552886 0.396108 0.562437 0.389412 0.563051 0.385124
0 0.163297 0.237197 0.162273 0.244344 0.166774 0.248904 0.171890 0.249175 0.167794 0.277764 0.159269 0.277313 0.157358 0.278652 0.153948 0.278471 0.152037 0.279810 0.146922 0.279539 0.145012 0.280878 0.141602 0.280697 0.137781 0.283376 0.136076 0.283286 0.134166 0.284625 0.132461 0.284534 0.128641 0.287213 0.128027 0.291501 0.092217 0.289604 0.098975 0.242431 0.104091 0.242702 0.107911 0.240024 0.108730 0.234306
0 0.275572 0.197054 0.272500 0.218497 0.267385 0.218226 0.265475 0.219565 0.262065 0.219384 0.260155 0.220723 0.258449 0.220632 0.256948 0.219113 0.248423 0.218661 0.246513 0.220000 0.241397 0.219729 0.239487 0.221068 0.237782 0.220978 0.234781 0.217939 0.231371 0.217758 0.229870 0.216238 0.228165 0.216148 0.225165 0.213108 0.225369 0.211679 0.223868 0.210158 0.226121 0.194434
0 0.224282 0.171292 0.220596 0.197022 0.215480 0.196751 0.207840 0.202108 0.206136 0.202018 0.204226 0.203356 0.203407 0.209074 0.179533 0.207809 0.180147 0.203522 0.177148 0.200482 0.175442 0.200392 0.173941 0.198872 0.174146 0.197442 0.166644 0.189844 0.161529 0.189573 0.163577 0.175278 0.168692 0.175549 0.170602 0.174209 0.171422 0.168491
0 0.581891 0.253612 0.581072 0.259330 0.584072 0.262369 0.585777 0.262459 0.590278 0.267018 0.590073 0.268448 0.594575 0.273008 0.601396 0.273370 0.595047 0.317683 0.589932 0.317412 0.584202 0.321429 0.582496 0.321339 0.572947 0.328035 0.571242 0.327945 0.567421 0.330623 0.565716 0.330533 0.563806 0.331871 0.562101 0.331781 0.560192 0.333121 0.559577 0.337409 0.523768 0.335512 0.524382 0.331223 0.521381 0.328184 0.519676 0.328093 0.507673 0.315935 0.505967 0.315845 0.502967 0.312805 0.503171 0.311375 0.501670 0.309856 0.499966 0.309765 0.489463 0.299126 0.482642 0.298765 0.485713 0.277323 0.490829 0.277594 0.496560 0.273577 0.496765 0.272147 0.506314 0.265452 0.508019 0.265542 0.523299 0.254828 0.523913 0.250540
0 0.894229 0.759871 0.893410 0.765589 0.894911 0.767109 0.901732 0.767471 0.898250 0.791771 0.893135 0.791500 0.881676 0.799535 0.881471 0.800965 0.875740 0.804982 0.875126 0.809271 0.864895 0.808729 0.865509 0.804440 0.862508 0.801400 0.859098 0.801220 0.857598 0.799700 0.855892 0.799610 0.848390 0.792010 0.848594 0.790581 0.841093 0.782982 0.841298 0.781552 0.838297 0.778513 0.833181 0.778242 0.834819 0.766805 0.839935 0.767076 0.843755 0.764399 0.843960 0.762969 0.845870 0.761630 0.846485 0.757342
0 0.468261 0.207262 0.467441 0.212980 0.470441 0.216020 0.470236 0.217449 0.474738 0.222009 0.474534 0.223438 0.479034 0.227998 0.478829 0.229428 0.481831 0.232467 0.481626 0.233897 0.483126 0.235417 0.489947 0.235778 0.484623 0.272945 0.477802 0.272583 0.466342 0.280617 0.464638 0.280527 0.462727 0.281867 0.462522 0.283296 0.456793 0.287313 0.456178 0.291602 0.418663 0.289615 0.419277 0.285326 0.416278 0.282286 0.414572 0.282196 0.411571 0.279156 0.409865 0.279066 0.406865 0.276026 0.405160 0.275936 0.396157 0.266817 0.394451 0.266727 0.389951 0.262168 0.388245 0.262077 0.386745 0.260557 0.385040 0.260467 0.379038 0.254388 0.372217 0.254026 0.375084 0.234013 0.380200 0.234284 0.382109 0.232946 0.382314 0.231516 0.386134 0.228838 0.386339 0.227408 0.413079 0.208660 0.413693 0.204372
0 0.977564 0.286096 0.972854 0.318975 0.966033 0.318613 0.964123 0.319952 0.959008 0.319681 0.957097 0.321021 0.953687 0.320840 0.951777 0.322179 0.948367 0.321998 0.946457 0.323337 0.939637 0.322975 0.938136 0.321456 0.936430 0.321366 0.933429 0.318326 0.926609 0.317965 0.929272 0.299381 0.934387 0.299652 0.943937 0.292957 0.945642 0.293047 0.949462 0.290369 0.950281 0.284651
0 0.942811 0.612650 0.941787 0.619797 0.943287 0.621318 0.943082 0.622747 0.944583 0.624267 0.944173 0.627126 0.945673 0.628645 0.945264 0.631505 0.946764 0.633024 0.946559 0.634453 0.948060 0.635974 0.954881 0.636335 0.954061 0.642053 0.948945 0.641782 0.945125 0.644460 0.944920 0.645890 0.943011 0.647229 0.942806 0.648658 0.937077 0.652676 0.936462 0.656964 0.907474 0.655428 0.908293 0.649710 0.906792 0.648191 0.905087 0.648100 0.903587 0.646580 0.901882 0.646490 0.900382 0.644970 0.891855 0.644519 0.890354 0.642999 0.888649 0.642909 0.887148 0.641389 0.885444 0.641298 0.883944 0.639778 0.882238 0.639688 0.879237 0.636649 0.874121 0.636378 0.875760 0.624941 0.880876 0.625212 0.882786 0.623874 0.884491 0.623964 0.888311 0.621286 0.890015 0.621376 0.893835 0.618698 0.895541 0.618788 0.897452 0.617449 0.899156 0.617539 0.901067 0.616200 0.901886 0.610482
0 0.083188 0.532541 0.078887 0.562561 0.072067 0.562200 0.070156 0.563538 0.068451 0.563448 0.064631 0.566126 0.064017 0.570415 0.045260 0.569422 0.045875 0.565133 0.044374 0.563613 0.039259 0.563342 0.037758 0.561822 0.036052 0.561732 0.034552 0.560212 0.031142 0.560032 0.029641 0.558511 0.027936 0.558421 0.026435 0.556901 0.024731 0.556810 0.020229 0.552251 0.013409 0.551890 0.014228 0.546172 0.021048 0.546533 0.028688 0.541177 0.030394 0.541267 0.034213 0.538589 0.035919 0.538679 0.039738 0.536001 0.040557 0.530283
0 0.872259 0.205620 0.866525 0.245646 0.859704 0.245284 0.853975 0.249302 0.853156 0.255020 0.825872 0.253575 0.826487 0.249286 0.812982 0.235607 0.807866 0.235336 0.810733 0.215323 0.815849 0.215594 0.821579 0.211577 0.823285 0.211668 0.827104 0.208989 0.827924 0.203271
0 0.174032 0.618013 0.171165 0.638025 0.164344 0.637664 0.162434 0.639003 0.161615 0.644721 0.141153 0.643637 0.141768 0.639349 0.140267 0.637828 0.140472 0.636399 0.125467 0.621201 0.120351 0.620930 0.121170 0.615212
0 0.082936 0.342404 0.079045 0.369565 0.072224 0.369204 0.070314 0.370542 0.068609 0.370452 0.066699 0.371792 0.063288 0.371611 0.061379 0.372950 0.039211 0.371775 0.028708 0.361136 0.028913 0.359707 0.025912 0.356667 0.020796 0.356396 0.023253 0.339243
0 0.242823 0.281739 0.238932 0.308900 0.233816 0.308629 0.228087 0.312646 0.226381 0.312555 0.224471 0.313894 0.222971 0.312375 0.219561 0.312194 0.216559 0.309154 0.216764 0.307725 0.212263 0.303165 0.212468 0.301735 0.206466 0.295656 0.204761 0.295566 0.201760 0.292527 0.194939 0.292166 0.196782 0.279300
0 0.168881 0.318151 0.164171 0.351029 0.140298 0.349764 0.141117 0.344047 0.139617 0.342527 0.137912 0.342436 0.136411 0.340916 0.134706 0.340826 0.131705 0.337786 0.130000 0.337696 0.128500 0.336176 0.126794 0.336086 0.125294 0.334567 0.120178 0.334296 0.122840 0.315712
0 0.879820 0.920425 0.877772 0.934719 0.862426 0.933906 0.859425 0.930867 0.852604 0.930505 0.854243 0.919070
0 0.979470 0.320765 0.975579 0.347926 0.956822 0.346932 0.957437 0.342643 0.954435 0.339603 0.952730 0.339513 0.943728 0.330394 0.938613 0.330123 0.940251 0.318687
0 0.157413 0.398202 0.152703 0.431081 0.133947 0.430087 0.134766 0.424368 0.131764 0.421329 0.131969 0.419899 0.130469 0.418380 0.130674 0.416950 0.121671 0.407831 0.119965 0.407741 0.118465 0.406221 0.116760 0.406130 0.115260 0.404611 0.110144 0.404340 0.111372 0.395763
0 0.050691 0.807363 0.049871 0.813081 0.051371 0.814601 0.053077 0.814692 0.054578 0.816211 0.054373 0.817640 0.063376 0.826759 0.068491 0.827030 0.065010 0.851332 0.059894 0.851061 0.052253 0.856417 0.047138 0.856146 0.045228 0.857486 0.043728 0.855966 0.036907 0.855604 0.035406 0.854084 0.030291 0.853813 0.028790 0.852293 0.018559 0.851752 0.016650 0.853090 0.014945 0.853000 0.013034 0.854340 0.000000 0.853617 0.000000 0.852097 0.000000 0.851374 0.000000 0.838509 0.000000 0.838780 0.000000 0.834763 0.000000 0.833333 0.000965 0.830655 0.001169 0.829225 0.003079 0.827886 0.003284 0.826457 0.005193 0.825117 0.005398 0.823688 0.009219 0.821010 0.009424 0.819580 0.013244 0.816902 0.013448 0.815472 0.017267 0.812795 0.018291 0.805647
0 0.211680 0.643053 0.207790 0.670212 0.194148 0.669490 0.194762 0.665202 0.191761 0.662162 0.190057 0.662072 0.188556 0.660551 0.186850 0.660461 0.182349 0.655902 0.180645 0.655812 0.177643 0.652772 0.170823 0.652411 0.172461 0.640975
0 0.093269 0.654063 0.088764 0.685512 0.080238 0.685060 0.076418 0.687738 0.074713 0.687648 0.067073 0.693005 0.066459 0.697293 0.020419 0.694854 0.022467 0.680559 0.029288 0.680920 0.031197 0.679581 0.031402 0.678152 0.033312 0.676813 0.035017 0.676903 0.036926 0.675564 0.038632 0.675655 0.040543 0.674315 0.040747 0.672885 0.046477 0.668868 0.046682 0.667438 0.048591 0.666100 0.048796 0.664671 0.050706 0.663331 0.051116 0.660472 0.053026 0.659133 0.054050 0.651986
0 0.127956 0.315983 0.125089 0.335996 0.118268 0.335634 0.108718 0.342331 0.107013 0.342240 0.103193 0.344918 0.101488 0.344828 0.099578 0.346167 0.097874 0.346077 0.094053 0.348755 0.093438 0.353043 0.081502 0.352410 0.082117 0.348122 0.070113 0.335964 0.070318 0.334534 0.064316 0.328456 0.059200 0.328185 0.061453 0.312460
0 0.974256 0.597032 0.967908 0.641347 0.961087 0.640985 0.959587 0.639465 0.957881 0.639375 0.953380 0.634815 0.953584 0.633386 0.950583 0.630346 0.950993 0.627487 0.949493 0.625968 0.949903 0.623108 0.948402 0.621589 0.948811 0.618730 0.947311 0.617210 0.948745 0.607203 0.950655 0.605864 0.952360 0.605954 0.958090 0.601937 0.958909 0.596219
1 0.353073 0.669508 0.440417 0.849375 0.439303 0.657272
1 0.349549 0.674122 0.437576 0.849224 0.358453 0.861836 0.345115 0.675087
1 0.534574 0.581902 0.535717 0.533950 0.530945 0.507291 0.177795 0.513788 0.172449 0.541112 0.172787 0.568735 0.179663 0.590705
0 0.385959 0.838364 0.387916 0.829841 0.377411 0.826203 0.374841 0.839007 0.379598 0.841724
0 0.413551 0.691941 0.428346 0.696422 0.432020 0.701545 0.433070 0.709612 0.427176 0.714845 0.420435 0.715720 0.412498 0.714684 0.407653 0.712579 0.404882 0.706269 0.408210 0.698436
