0 0.040584 0.642209 0.042068 0.649087 0.044190 0.650526 0.045941 0.650246 0.050187 0.653127 0.051939 0.652847 0.054063 0.654286 0.055816 0.654006 0.057939 0.655447 0.059692 0.655167 0.061818 0.656608 0.063571 0.656328 0.065697 0.657769 0.067452 0.657489 0.069577 0.658931 0.071332 0.658652 0.073459 0.660094 0.075215 0.659814 0.077342 0.661256 0.080855 0.660696 0.082983 0.662138 0.084740 0.661859 0.086869 0.663302 0.095659 0.661904 0.099373 0.679134 0.092339 0.680247 0.090953 0.682248 0.089195 0.682526 0.087809 0.684525 0.084294 0.685081 0.082909 0.687080 0.079397 0.687635 0.078012 0.689634 0.076257 0.689911 0.073489 0.693907 0.074601 0.699069 0.039556 0.704591 0.038445 0.699438 0.034205 0.696554 0.032456 0.696831 0.030337 0.695389 0.028589 0.695665 0.024352 0.692784 0.017365 0.693889 0.012921 0.673287 0.018160 0.672454 0.022291 0.666467 0.021921 0.664749 0.026053 0.658759 0.025683 0.657041 0.029818 0.651047 0.028335 0.644173
0 0.470106 0.413587 0.471237 0.418854 0.475634 0.421758 0.477455 0.421455 0.481852 0.424360 0.483674 0.424056 0.496876 0.432776 0.497253 0.434534 0.499456 0.435989 0.506756 0.434777 0.512037 0.459386 0.506561 0.460289 0.503664 0.464404 0.504041 0.466162 0.496806 0.476445 0.494983 0.476745 0.490646 0.482909 0.491776 0.488176 0.440861 0.496516 0.439732 0.491261 0.435352 0.488353 0.433537 0.488651 0.422594 0.481385 0.421842 0.477884 0.417467 0.474981 0.412035 0.475876 0.407899 0.456624 0.413330 0.455723 0.414765 0.453673 0.414389 0.451922 0.415825 0.449871 0.415449 0.448119 0.419755 0.441962 0.419379 0.440211 0.429438 0.425831 0.428309 0.420574
0 0.345158 0.347560 0.346661 0.354553 0.351019 0.357435 0.351394 0.359183 0.353574 0.360624 0.353950 0.362372 0.362671 0.368141 0.363046 0.369889 0.367408 0.372775 0.372827 0.371855 0.379217 0.401598 0.371991 0.402815 0.367702 0.408971 0.365897 0.409275 0.363040 0.413377 0.361236 0.413680 0.359807 0.415730 0.358003 0.416033 0.356576 0.418084 0.354774 0.418386 0.353346 0.420435 0.351543 0.420738 0.350117 0.422787 0.346513 0.423391 0.343661 0.427488 0.344787 0.432726 0.301642 0.439942 0.300518 0.434713 0.294013 0.430386 0.292219 0.430687 0.285717 0.426363 0.283925 0.426664 0.273097 0.419462 0.265937 0.420667 0.260694 0.396293 0.267854 0.395080 0.277768 0.380759 0.279560 0.380454 0.282395 0.376359 0.284188 0.376054 0.285605 0.374005 0.287399 0.373700 0.288819 0.371651 0.290612 0.371346 0.293451 0.367247 0.295245 0.366941 0.296665 0.364891 0.300256 0.364279 0.301676 0.362228 0.303473 0.361921 0.304894 0.359870 0.303769 0.354634
0 0.242955 0.451558 0.244077 0.456773 0.254877 0.463978 0.255251 0.465718 0.257412 0.467159 0.257786 0.468898 0.259948 0.470340 0.260322 0.472079 0.262484 0.473522 0.263233 0.477001 0.265394 0.478444 0.265768 0.480183 0.267931 0.481626 0.268680 0.485105 0.273004 0.487992 0.278373 0.487104 0.285485 0.520167 0.280115 0.521047 0.278700 0.523079 0.276911 0.523372 0.274082 0.527437 0.274456 0.529175 0.273042 0.531207 0.273416 0.532946 0.272001 0.534977 0.272375 0.536715 0.270962 0.538745 0.272458 0.545700 0.199389 0.557601 0.197897 0.550668 0.195747 0.549226 0.193970 0.549516 0.191822 0.548073 0.190047 0.548363 0.187899 0.546920 0.186123 0.547211 0.183976 0.545769 0.180428 0.546349 0.178282 0.544907 0.172962 0.545777 0.170817 0.544336 0.169044 0.544626 0.166900 0.543185 0.159814 0.544345 0.151988 0.508004 0.157300 0.507126 0.160097 0.503078 0.159724 0.501347 0.161124 0.499321 0.160751 0.497590 0.162150 0.495566 0.161777 0.493833 0.163175 0.491808 0.162802 0.490076 0.164202 0.488049 0.163830 0.486318 0.165230 0.484290 0.164857 0.482559 0.167656 0.478504 0.167283 0.476772 0.170084 0.472716 0.171858 0.472420 0.173260 0.470390 0.171767 0.463458
0 0.112376 0.544961 0.113492 0.550141 0.115629 0.551580 0.117393 0.551291 0.119529 0.552730 0.123059 0.552152 0.125197 0.553590 0.128727 0.553013 0.130866 0.554452 0.132633 0.554163 0.134772 0.555602 0.136539 0.555314 0.138678 0.556754 0.140445 0.556465 0.144727 0.559344 0.145099 0.561074 0.149380 0.563955 0.154688 0.563090 0.167725 0.623618 0.162414 0.624469 0.159621 0.628492 0.161110 0.635406 0.115202 0.642740 0.114087 0.637565 0.107687 0.633237 0.105926 0.633519 0.103793 0.632077 0.102032 0.632359 0.097770 0.629475 0.096010 0.629758 0.091748 0.626875 0.089989 0.627158 0.079342 0.619955 0.077586 0.620238 0.073330 0.617359 0.071573 0.617642 0.063066 0.611886 0.061311 0.612170 0.054935 0.607856 0.049675 0.608706 0.044479 0.584612 0.049739 0.583756 0.052504 0.579741 0.054258 0.579456 0.057025 0.575439 0.058780 0.575153 0.060163 0.573144 0.061919 0.572857 0.064688 0.568839 0.066444 0.568552 0.069213 0.564532 0.070971 0.564245 0.072357 0.562233 0.074114 0.561946 0.075499 0.559935 0.077258 0.559647 0.080031 0.555622 0.078916 0.550450
0 0.296492 0.708992 0.302470 0.736774 0.295317 0.737878 0.293904 0.739890 0.292117 0.740166 0.290702 0.742177 0.287131 0.742727 0.284305 0.746748 0.285425 0.751953 0.267581 0.754698 0.266088 0.747763 0.263933 0.746305 0.262150 0.746580 0.259996 0.745123 0.254650 0.745948 0.250921 0.728621 0.258047 0.727516 0.259456 0.725505 0.259083 0.723771 0.261902 0.719751 0.260783 0.714550
0 0.258580 0.592894 0.260075 0.599840 0.266552 0.604189 0.266926 0.605926 0.271246 0.608828 0.271619 0.610565 0.280262 0.616371 0.280636 0.618108 0.297938 0.629730 0.298312 0.631469 0.309136 0.638740 0.309510 0.640479 0.316008 0.644845 0.316382 0.646585 0.318548 0.648040 0.318922 0.649779 0.323258 0.652692 0.323632 0.654432 0.325800 0.655889 0.326174 0.657628 0.330510 0.660543 0.330885 0.662283 0.333054 0.663740 0.333428 0.665480 0.337766 0.668397 0.338140 0.670137 0.344650 0.674513 0.345025 0.676254 0.351537 0.680632 0.356931 0.679788 0.362173 0.704169 0.347795 0.706403 0.346298 0.699441 0.339789 0.695061 0.339415 0.693320 0.322070 0.681650 0.321696 0.679910 0.300045 0.665341 0.299672 0.663603 0.291020 0.657782 0.290647 0.656045 0.284162 0.651682 0.283788 0.649945 0.277306 0.645584 0.276932 0.643847 0.272613 0.640941 0.272240 0.639204 0.265762 0.634848 0.265388 0.633111 0.263231 0.631660 0.262857 0.629925 0.258541 0.627021 0.258168 0.625286 0.256010 0.623834 0.255636 0.622100 0.253479 0.620650 0.253105 0.618914 0.248793 0.616013 0.248420 0.614279 0.246263 0.612828 0.240917 0.613685 0.237184 0.596338
1 0.421431 0.615509 0.424742 0.622214 0.390304 0.705202 0.379565 0.715870 0.360385 0.617994
1 0.414734 0.497173 0.433216 0.591935 0.373147 0.590704 0.403572 0.506246
1 0.499732 0.313843 0.502290 0.422775 0.441391 0.420203 0.428753 0.431391 0.408066 0.431213 0.414420 0.408378
0 0.374129 0.846118 0.377121 0.860028 0.353029 0.860023 0.357964 0.848530
0 0.405056 0.791155 0.402269 0.804168 0.384560 0.799650 0.395294 0.789037
0 0.401240 0.764743 0.403487 0.775199 0.388322 0.773908 0.388250 0.764924
0 0.184727 0.795984 0.187330 0.808069 0.174576 0.808226 0.175510 0.795609
0 0.108915 0.875042 0.115299 0.879411 0.116041 0.882850 0.111510 0.887075 0.102358 0.886667 0.100233 0.885210 0.100505 0.878074
0 0.552843 0.781457 0.561709 0.796414 0.542325 0.793898 0.542964 0.779329
0 0.568795 0.635734 0.570680 0.644522 0.555662 0.645059 0.555605 0.635988
0 0.583778 0.626108 0.582752 0.638997 0.571381 0.638961 0.570949 0.628126
0 0.878594 0.559484 0.863965 0.572842 0.862796 0.558300
0 0.489190 0.590245 0.492516 0.596968 0.466683 0.599268 0.465555 0.594014
0 0.556559 0.552221 0.557368 0.564826 0.537942 0.562482 0.541542 0.552814
0 0.453078 0.527162 0.453143 0.536215 0.436815 0.538860 0.438184 0.527768
0 0.847240 0.258043 0.853680 0.269907 0.843535 0.277189 0.837117 0.262328
0 0.462860 0.265466 0.470215 0.273311 0.463679 0.278092 0.437065 0.277231 0.452998 0.263531
0 0.411301 0.332620 0.418316 0.347781 0.410074 0.361903 0.393092 0.370233 0.364851 0.369583 0.364777 0.360529 0.388130 0.338399
0 0.402169 0.325097 0.404427 0.335613 0.376975 0.347567 0.374560 0.362492 0.364100 0.366085 0.348464 0.354245 0.346586 0.345503 0.358011 0.329039 0.393417 0.319329
0 0.344342 0.508714 0.350491 0.511319 0.343367 0.521514 0.311405 0.528541 0.293022 0.520733 0.283532 0.502472 0.294199 0.491701
0 0.350267 0.484254 0.353717 0.508984 0.316179 0.498900 0.332945 0.481694
