1 0.234375 0.460938 0.451823 0.623698 0.402344 0.643230 0.222656 0.505208
1 0.533855 0.791667 0.614583 0.566406 0.649739 0.606770 0.580730 0.783855
1 0.497395 0.494792 0.604167 0.562500 0.591145 0.602864 0.575520 0.615886 0.462239 0.533855 0.458333 0.519531
1 0.751302 0.432292 0.800781 0.675781 0.750000 0.666667 0.710938 0.464844
1 0.755208 0.428386 0.796875 0.436198 0.821614 0.557292 0.786458 0.582031
1 0.610677 0.333333 0.743489 0.423177 0.708333 0.451823 0.591145 0.378906
1 0.358073 0.283855 0.427083 0.432292 0.394531 0.433594 0.328125 0.309895
1 0.352864 0.257812 0.354167 0.278645 0.459636 0.488281 0.477864 0.500000 0.503906 0.466145 0.407552 0.253906
1 0.438802 0.317708 0.553386 0.227864 0.597656 0.255208 0.467448 0.364583
1 0.312500 0.040364 0.591145 0.190105 0.613281 0.108073 0.498698 0.046875
