0 0.516416 0.344926 0.515283 0.349053 0.516217 0.350684 0.517530 0.350939 0.518464 0.352570 0.522402 0.353333 0.523338 0.354964 0.527275 0.355727 0.523121 0.370864 0.519184 0.370101 0.517493 0.371222 0.516180 0.370968 0.511110 0.374332 0.509797 0.374078 0.508107 0.375200 0.507730 0.376576 0.504349 0.378820 0.503037 0.378565 0.496276 0.383052 0.494964 0.382797 0.491584 0.385040 0.490272 0.384785 0.488581 0.385907 0.487269 0.385653 0.485578 0.386774 0.484265 0.386520 0.482575 0.387642 0.479950 0.387133 0.476570 0.389376 0.475437 0.393504 0.457062 0.389942 0.458195 0.385814 0.456325 0.382553 0.455013 0.382298 0.454078 0.380667 0.452765 0.380413 0.451830 0.378783 0.450517 0.378528 0.446778 0.372006 0.447155 0.370630 0.445286 0.367369 0.445664 0.365993 0.443794 0.362731 0.444172 0.361355 0.442302 0.358094 0.442679 0.356718 0.439875 0.351827 0.440252 0.350450 0.438383 0.347189 0.438760 0.345812 0.437826 0.344182 0.438203 0.342807 0.437268 0.341176 0.433330 0.340412 0.436351 0.329403
0 0.591847 0.226212 0.590714 0.230340 0.596323 0.240124 0.597636 0.240378 0.601375 0.246900 0.602687 0.247154 0.604557 0.250416 0.604179 0.251792 0.609789 0.261576 0.609412 0.262951 0.616891 0.275996 0.620828 0.276759 0.615919 0.294649 0.610669 0.293631 0.608979 0.294753 0.607666 0.294499 0.605975 0.295620 0.604663 0.295365 0.597903 0.299852 0.596590 0.299598 0.593210 0.301841 0.592077 0.305970 0.586826 0.304952 0.587959 0.300823 0.586089 0.297562 0.584777 0.297307 0.570754 0.272849 0.571131 0.271473 0.567392 0.264950 0.567769 0.263575 0.564965 0.258683 0.565343 0.257307 0.562538 0.252415 0.562915 0.251039 0.560111 0.246147 0.560489 0.244770 0.558619 0.241510 0.554682 0.240747 0.560347 0.220105
0 0.521514 0.119820 0.520381 0.123947 0.523186 0.128840 0.524499 0.129094 0.527303 0.133985 0.532553 0.135003 0.524245 0.165278 0.520308 0.164514 0.518617 0.165636 0.517304 0.165382 0.508854 0.170991 0.507541 0.170736 0.505851 0.171857 0.504539 0.171603 0.501158 0.173846 0.499846 0.173592 0.498156 0.174713 0.494218 0.173949 0.492528 0.175071 0.488591 0.174308 0.485210 0.176551 0.484077 0.180680 0.461765 0.176354 0.462898 0.172226 0.457288 0.162442 0.455976 0.162188 0.452236 0.155665 0.450923 0.155411 0.448119 0.150519 0.448497 0.149143 0.447562 0.147513 0.442312 0.146495 0.446466 0.131358 0.450403 0.132121 0.455474 0.128756 0.456786 0.129010 0.465237 0.123402 0.466550 0.123657 0.473310 0.119170 0.474622 0.119424 0.476313 0.118303 0.477626 0.118558 0.479316 0.117436 0.480826 0.111931
0 0.579786 0.154306 0.578653 0.158435 0.580522 0.161695 0.583148 0.162204 0.584082 0.163835 0.585395 0.164089 0.587265 0.167351 0.588578 0.167605 0.589512 0.169236 0.590825 0.169491 0.592694 0.172752 0.594007 0.173006 0.594941 0.174636 0.596254 0.174891 0.597189 0.176522 0.598501 0.176776 0.600371 0.180036 0.601684 0.180291 0.603554 0.183552 0.604866 0.183806 0.605801 0.185437 0.607114 0.185692 0.609918 0.190584 0.611231 0.190839 0.614035 0.195730 0.615348 0.195984 0.616282 0.197614 0.620220 0.198378 0.614178 0.220396 0.610240 0.219632 0.598409 0.227484 0.597276 0.231612 0.582838 0.228813 0.583971 0.224685 0.583037 0.223055 0.581724 0.222800 0.579854 0.219538 0.578542 0.219284 0.576672 0.216024 0.575360 0.215769 0.574425 0.214138 0.573112 0.213884 0.572178 0.212253 0.570865 0.211998 0.568996 0.208737 0.567683 0.208483 0.565813 0.205222 0.564501 0.204968 0.563565 0.203337 0.562253 0.203082 0.560383 0.199821 0.559071 0.199567 0.557201 0.196306 0.555889 0.196051 0.553084 0.191160 0.551771 0.190905 0.545227 0.179491 0.543915 0.179237 0.538305 0.169453 0.536993 0.169199 0.537370 0.167822 0.535500 0.164562 0.531563 0.163798 0.532318 0.161046 0.536256 0.161810 0.539636 0.159566 0.540014 0.158190 0.548464 0.152582 0.549597 0.148453
0 0.430357 0.119538 0.429224 0.123666 0.431093 0.126928 0.432405 0.127183 0.434275 0.130444 0.435587 0.130698 0.439328 0.137220 0.440640 0.137474 0.443445 0.142366 0.447382 0.143130 0.439452 0.172029 0.434201 0.171011 0.432511 0.172132 0.432133 0.173508 0.416922 0.183603 0.415609 0.183348 0.410539 0.186713 0.409227 0.186458 0.402466 0.190946 0.401153 0.190691 0.399463 0.191813 0.398151 0.191558 0.394771 0.193801 0.393458 0.193547 0.391768 0.194669 0.390455 0.194415 0.388765 0.195536 0.386140 0.195027 0.382760 0.197270 0.381627 0.201398 0.371127 0.199362 0.372260 0.195234 0.371324 0.193603 0.367387 0.192840 0.366452 0.191210 0.361203 0.190192 0.360267 0.188562 0.357642 0.188053 0.356708 0.186422 0.355395 0.186168 0.354461 0.184537 0.353148 0.184282 0.352212 0.182652 0.350900 0.182398 0.349030 0.179136 0.347717 0.178882 0.341174 0.167467 0.339862 0.167213 0.337991 0.163952 0.338369 0.162576 0.335565 0.157684 0.335942 0.156308 0.335007 0.154678 0.335385 0.153302 0.334450 0.151672 0.330513 0.150908 0.332023 0.145403 0.335961 0.146166 0.337651 0.145045 0.338406 0.142293 0.340096 0.141172 0.340474 0.139795 0.342164 0.138674 0.342542 0.137297 0.344232 0.136175 0.344609 0.134800 0.358131 0.125826 0.359444 0.126081 0.361133 0.124960 0.363758 0.125469 0.365449 0.124347 0.366761 0.124601 0.368451 0.123479 0.369764 0.123733 0.371454 0.122612 0.372766 0.122867 0.374457 0.121745 0.375769 0.121999 0.377459 0.120878 0.378772 0.121132 0.383842 0.117768 0.385155 0.118022 0.388535 0.115778 0.389668 0.111650
0 0.750266 0.268520 0.749133 0.272647 0.751003 0.275909 0.752315 0.276163 0.753250 0.277794 0.754563 0.278049 0.755497 0.279679 0.756809 0.279934 0.758679 0.283194 0.759992 0.283449 0.761862 0.286711 0.767112 0.287729 0.759559 0.315251 0.754309 0.314233 0.752619 0.315354 0.751306 0.315100 0.747926 0.317343 0.745301 0.316834 0.741921 0.319077 0.740608 0.318823 0.737228 0.321066 0.734602 0.320557 0.732913 0.321678 0.731601 0.321424 0.729910 0.322546 0.728777 0.326674 0.714340 0.323875 0.715473 0.319747 0.712668 0.314856 0.711355 0.314601 0.710420 0.312970 0.710798 0.311594 0.708928 0.308333 0.709306 0.306957 0.708371 0.305327 0.708749 0.303950 0.707814 0.302319 0.708191 0.300943 0.707257 0.299313 0.708012 0.296560 0.707077 0.294930 0.708210 0.290802 0.707275 0.289171 0.707653 0.287795 0.706718 0.286165 0.707095 0.284789 0.706160 0.283158 0.706538 0.281781 0.705603 0.280151 0.705981 0.278776 0.704111 0.275514 0.700174 0.274751 0.702817 0.265118 0.706754 0.265881 0.708444 0.264759 0.709577 0.260631
0 0.104781 0.404256 0.098361 0.427649 0.094424 0.426886 0.092733 0.428008 0.091420 0.427753 0.088041 0.429997 0.086908 0.434125 0.076407 0.432089 0.077540 0.427961 0.075671 0.424700 0.074358 0.424446 0.069684 0.416293 0.064434 0.415275 0.069343 0.397386
0 0.088736 0.563469 0.077406 0.604753 0.072156 0.603735 0.070466 0.604856 0.070088 0.606232 0.065018 0.609597 0.063508 0.615101 0.045132 0.611539 0.046265 0.607411 0.044395 0.604150 0.044773 0.602774 0.043838 0.601143 0.042526 0.600889 0.039721 0.595997 0.038408 0.595742 0.031865 0.584329 0.032242 0.582953 0.031307 0.581322 0.032062 0.578570 0.033753 0.577449 0.034130 0.576072 0.056102 0.561491 0.057235 0.557362
0 0.465895 0.277158 0.459098 0.301928 0.451223 0.300401 0.449533 0.301523 0.444282 0.300505 0.442413 0.297244 0.441100 0.296990 0.438296 0.292098 0.438673 0.290722 0.437738 0.289091 0.438493 0.286339 0.437559 0.284709 0.438692 0.280580 0.440382 0.279458 0.442270 0.272578
0 0.701411 0.728629 0.698012 0.741014 0.694074 0.740251 0.687314 0.744736 0.686002 0.744482 0.680931 0.747847 0.679799 0.751975 0.669299 0.749940 0.670431 0.745812 0.666691 0.739289 0.665379 0.739035 0.661639 0.732513 0.657702 0.731749 0.660723 0.720740
0 0.212066 0.819272 0.207534 0.835785 0.202284 0.834767 0.200593 0.835889 0.199281 0.835635 0.197592 0.836756 0.191029 0.835484 0.189338 0.836605 0.186713 0.836096 0.185779 0.834466 0.183154 0.833957 0.182218 0.832327 0.180906 0.832072 0.179972 0.830441 0.180349 0.829065 0.179414 0.827434 0.179792 0.826058 0.178857 0.824428 0.179235 0.823052 0.180925 0.821930 0.183191 0.813673
0 0.735560 0.619303 0.734427 0.623431 0.735362 0.625062 0.740612 0.626080 0.732681 0.654979 0.727431 0.653961 0.722361 0.657326 0.721228 0.661454 0.702852 0.657892 0.703985 0.653763 0.697441 0.642349 0.696129 0.642095 0.691455 0.633942 0.690142 0.633687 0.689207 0.632057 0.685270 0.631294 0.689046 0.617533 0.694296 0.618550 0.697677 0.616306 0.698810 0.612178
0 0.704727 0.555353 0.699063 0.575995 0.695125 0.575232 0.693435 0.576353 0.692122 0.576098 0.687052 0.579463 0.685740 0.579208 0.684049 0.580330 0.674861 0.578549 0.673927 0.576918 0.672615 0.576664 0.671679 0.575034 0.670366 0.574779 0.669432 0.573148 0.668120 0.572894 0.665315 0.568002 0.664003 0.567748 0.662133 0.564487 0.660820 0.564232 0.661198 0.562856 0.659328 0.559595 0.655390 0.558832 0.656145 0.556080 0.660083 0.556843 0.663463 0.554600 0.663841 0.553223 0.665532 0.552101 0.666665 0.547973
0 0.676046 0.236738 0.667360 0.268389 0.642422 0.263555 0.643933 0.258050 0.642998 0.256419 0.641685 0.256165 0.640751 0.254534 0.641128 0.253158 0.639259 0.249897 0.635321 0.249134 0.638343 0.238125 0.642280 0.238888 0.643970 0.237767 0.644348 0.236390 0.646038 0.235269 0.647171 0.231140
0 0.438686 0.799437 0.432643 0.821454 0.427393 0.820436 0.424013 0.822680 0.422701 0.822425 0.417630 0.825791 0.417252 0.827166 0.413872 0.829410 0.412739 0.833538 0.395676 0.830231 0.397187 0.824725 0.396252 0.823095 0.396629 0.821719 0.393824 0.816827 0.394202 0.815451 0.391398 0.810559 0.387461 0.809796 0.388594 0.805668 0.392531 0.806431 0.399291 0.801945 0.400604 0.802199 0.403985 0.799956 0.405297 0.800210 0.408677 0.797966 0.409810 0.793838
0 0.497543 0.202132 0.491123 0.225525 0.487186 0.224762 0.480426 0.229248 0.479113 0.228994 0.477422 0.230116 0.461673 0.227062 0.460737 0.225431 0.458112 0.224922 0.457178 0.223292 0.455865 0.223038 0.454930 0.221408 0.453617 0.221153 0.451748 0.217891 0.445186 0.216619 0.448584 0.204234 0.453834 0.205252 0.455524 0.204130 0.456836 0.204385 0.458527 0.203263 0.461152 0.203772 0.462842 0.202651 0.464154 0.202906 0.465844 0.201783 0.467355 0.196279
0 0.112683 0.597099 0.109662 0.608108 0.104412 0.607090 0.101032 0.609333 0.099720 0.609079 0.092959 0.613565 0.089021 0.612802 0.087331 0.613923 0.086018 0.613668 0.085083 0.612038 0.082458 0.611529 0.077784 0.603376 0.073847 0.602613 0.077246 0.590228
0 0.327642 0.801097 0.323865 0.814859 0.318615 0.813841 0.316924 0.814963 0.315612 0.814708 0.312232 0.816951 0.310919 0.816696 0.309229 0.817818 0.301354 0.816292 0.300420 0.814661 0.299107 0.814406 0.299484 0.813030 0.297615 0.809769 0.293678 0.809006 0.295566 0.802126 0.299503 0.802889 0.301193 0.801767 0.302703 0.796263
0 0.562603 0.423447 0.561470 0.427575 0.562404 0.429206 0.567654 0.430224 0.563123 0.446737 0.559186 0.445974 0.550734 0.451583 0.549421 0.451328 0.546041 0.453571 0.544530 0.459076 0.523531 0.455005 0.524664 0.450876 0.523729 0.449245 0.524106 0.447869 0.523171 0.446239 0.523549 0.444862 0.521679 0.441601 0.522056 0.440226 0.514577 0.427181 0.513265 0.426927 0.511395 0.423666 0.512529 0.419537 0.511594 0.417906 0.512727 0.413778
0 0.841525 0.419550 0.837371 0.434687 0.832121 0.433669 0.828740 0.435912 0.826115 0.435403 0.824425 0.436525 0.823113 0.436271 0.816352 0.440757 0.815040 0.440503 0.811659 0.442746 0.810527 0.446874 0.805276 0.445856 0.806409 0.441728 0.804539 0.438467 0.803227 0.438213 0.803604 0.436837 0.798930 0.428684 0.797617 0.428429 0.795748 0.425168 0.791810 0.424405 0.795587 0.410644
0 0.471844 0.718906 0.466180 0.739547 0.446492 0.735730 0.447625 0.731602 0.446690 0.729972 0.447067 0.728595 0.445198 0.725334 0.448219 0.714325
0 0.378779 0.735647 0.373492 0.754912 0.365617 0.753386 0.363928 0.754507 0.362615 0.754252 0.361679 0.752622 0.347242 0.749823 0.345372 0.746562 0.344059 0.746307 0.343125 0.744676 0.339188 0.743913 0.343342 0.728776
0 0.428352 0.293069 0.420422 0.321967 0.416485 0.321204 0.414794 0.322325 0.413481 0.322071 0.410101 0.324314 0.408968 0.328442 0.402406 0.327170 0.403539 0.323042 0.401669 0.319781 0.400357 0.319526 0.395682 0.311373 0.391745 0.310610 0.395144 0.298225 0.399081 0.298988 0.407532 0.293380 0.408665 0.289252
0 0.702277 0.665026 0.698123 0.680163 0.691560 0.678891 0.688180 0.681135 0.686867 0.680880 0.685178 0.682002 0.683865 0.681747 0.682174 0.682869 0.680862 0.682615 0.679172 0.683736 0.678039 0.687865 0.675414 0.687356 0.676547 0.683227 0.674677 0.679966 0.673365 0.679712 0.672430 0.678081 0.671117 0.677827 0.670182 0.676196 0.670560 0.674819 0.667755 0.669928 0.663818 0.669165 0.666839 0.658156
0 0.042526 0.600889 0.041015 0.606393 0.041949 0.608024 0.043262 0.608279 0.044198 0.609909 0.048135 0.610672 0.043981 0.625809 0.026918 0.622501 0.025983 0.620871 0.023358 0.620362 0.022423 0.618732 0.021111 0.618477 0.020175 0.616846 0.017551 0.616338 0.016616 0.614706 0.015304 0.614452 0.012499 0.609561 0.011187 0.609306 0.009316 0.606045 0.008004 0.605791 0.004264 0.599268 0.005775 0.593764
0 0.624170 0.707857 0.619639 0.724370 0.615701 0.723606 0.614011 0.724729 0.611386 0.724220 0.609695 0.725341 0.607070 0.724832 0.605380 0.725954 0.583067 0.721628 0.582133 0.719997 0.578196 0.719234 0.577260 0.717604 0.575948 0.717349 0.575013 0.715718 0.573700 0.715464 0.572766 0.713833 0.571453 0.713578 0.569584 0.710318 0.568271 0.710064 0.567336 0.708433 0.566023 0.708178 0.565089 0.706547 0.559838 0.705529 0.562481 0.695897
0 0.574764 0.646102 0.570610 0.661240 0.566673 0.660477 0.564983 0.661598 0.563850 0.665727 0.545474 0.662164 0.546985 0.656660 0.545115 0.653399 0.541178 0.652635 0.544577 0.640250
0 0.882162 0.352064 0.874987 0.378210 0.869737 0.377192 0.866357 0.379436 0.865044 0.379181 0.863354 0.380302 0.856792 0.379030 0.855101 0.380151 0.845914 0.378370 0.844979 0.376740 0.842354 0.376231 0.838614 0.369709 0.837301 0.369454 0.832627 0.361302 0.833005 0.359925 0.832070 0.358295 0.833581 0.352791 0.835271 0.351669 0.837537 0.343412
0 0.545023 0.704107 0.543890 0.708235 0.544825 0.709865 0.546138 0.710120 0.547072 0.711751 0.551010 0.712514 0.551945 0.714145 0.562445 0.716180 0.563380 0.717811 0.567318 0.718575 0.568252 0.720205 0.572189 0.720968 0.573125 0.722598 0.581000 0.724125 0.576846 0.739263 0.572909 0.738499 0.571218 0.739621 0.568593 0.739112 0.566902 0.740234 0.565590 0.739979 0.563900 0.741100 0.559963 0.740337 0.558273 0.741459 0.551710 0.740187 0.550019 0.741309 0.542145 0.739782 0.540454 0.740903 0.536516 0.740140 0.534827 0.741262 0.530889 0.740499 0.529954 0.738868 0.526016 0.738104 0.525082 0.736474 0.521144 0.735711 0.520209 0.734080 0.514959 0.733062 0.514024 0.731431 0.511399 0.730922 0.510465 0.729292 0.509152 0.729037 0.507283 0.725776 0.505970 0.725522 0.505035 0.723891 0.503722 0.723636 0.501852 0.720376 0.500539 0.720121 0.499605 0.718491 0.498292 0.718236 0.497358 0.716605 0.496046 0.716351 0.493241 0.711459 0.491928 0.711205 0.490993 0.709575 0.491371 0.708198 0.489501 0.704937 0.488189 0.704683 0.487254 0.703052 0.483316 0.702289 0.485960 0.692656
0 0.732193 0.717205 0.728417 0.730966 0.723167 0.729948 0.721477 0.731069 0.720164 0.730815 0.716784 0.733059 0.715471 0.732804 0.713781 0.733926 0.712468 0.733671 0.709088 0.735914 0.707955 0.740042 0.704018 0.739279 0.705151 0.735151 0.703281 0.731890 0.703658 0.730514 0.700854 0.725622 0.701232 0.724246 0.699361 0.720985 0.702005 0.711352
0 0.874831 0.257886 0.864635 0.295040 0.860697 0.294277 0.855627 0.297642 0.855249 0.299019 0.846799 0.304626 0.845486 0.304372 0.830274 0.314467 0.828962 0.314213 0.827271 0.315334 0.816772 0.313298 0.811162 0.303515 0.811540 0.302138 0.809669 0.298878 0.808357 0.298624 0.806487 0.295362 0.806865 0.293986 0.805931 0.292355 0.800681 0.291337 0.809366 0.259687 0.813304 0.260450 0.820064 0.255964 0.821376 0.256218 0.823067 0.255097 0.824380 0.255352 0.827760 0.253107 0.828892 0.248979
0 0.405915 0.253935 0.402139 0.267696 0.398201 0.266933 0.396511 0.268055 0.395199 0.267800 0.391818 0.270043 0.389194 0.269534 0.387503 0.270656 0.384878 0.270147 0.383187 0.271269 0.381875 0.271015 0.380186 0.272136 0.377560 0.271627 0.375870 0.272749 0.370620 0.271731 0.368929 0.272852 0.367617 0.272598 0.366683 0.270968 0.364057 0.270459 0.363122 0.268828 0.348685 0.266029 0.350951 0.257772 0.354888 0.258536 0.356579 0.257414 0.357891 0.257668 0.361271 0.255425 0.362584 0.255679 0.364274 0.254558 0.365587 0.254812 0.367276 0.253691 0.368589 0.253945 0.371970 0.251701 0.373103 0.247574
0 0.103546 0.670692 0.099392 0.685830 0.091517 0.684303 0.089826 0.685424 0.088693 0.689553 0.089826 0.685424 0.088892 0.683794 0.087580 0.683540 0.086644 0.681908 0.085332 0.681654 0.082527 0.676762 0.082905 0.675386 0.081035 0.672125 0.077098 0.671362 0.078609 0.665857
0 0.781122 0.216529 0.773947 0.242674 0.768696 0.241656 0.765316 0.243901 0.764004 0.243646 0.762313 0.244767 0.754438 0.243241 0.752749 0.244362 0.751813 0.242732 0.746563 0.241714 0.745628 0.240084 0.744316 0.239829 0.743380 0.238198 0.742068 0.237944 0.739264 0.233053 0.734013 0.232035 0.737034 0.221025 0.742285 0.222043 0.747355 0.218678 0.748667 0.218933 0.750358 0.217812 0.751671 0.218066 0.753361 0.216944 0.754871 0.211439
0 0.659706 0.558219 0.658573 0.562347 0.661378 0.567239 0.662690 0.567493 0.664560 0.570755 0.665872 0.571009 0.667742 0.574270 0.669054 0.574525 0.669989 0.576155 0.671302 0.576409 0.672237 0.578040 0.676174 0.578804 0.677109 0.580435 0.681047 0.581198 0.676515 0.597710 0.672577 0.596947 0.670887 0.598069 0.669574 0.597815 0.666195 0.600058 0.664882 0.599803 0.663191 0.600925 0.661879 0.600670 0.658499 0.602914 0.657186 0.602659 0.653806 0.604903 0.648555 0.603885 0.646687 0.600624 0.645374 0.600369 0.644438 0.598739 0.643126 0.598484 0.642191 0.596853 0.640879 0.596599 0.636204 0.588446 0.636582 0.587071 0.635647 0.585440 0.636025 0.584064 0.634155 0.580802 0.634533 0.579426 0.632663 0.576165 0.633041 0.574789 0.631171 0.571528 0.631549 0.570152 0.630614 0.568521 0.625363 0.567503 0.629517 0.552366
0 0.363122 0.268828 0.358969 0.283965 0.353718 0.282947 0.352028 0.284069 0.350716 0.283814 0.349026 0.284936 0.347713 0.284681 0.346022 0.285803 0.340772 0.284785 0.339083 0.285907 0.325957 0.283362 0.325022 0.281732 0.323710 0.281477 0.322776 0.279846 0.317525 0.278829 0.318658 0.274701 0.322595 0.275464 0.325976 0.273221 0.326353 0.271845 0.327665 0.272099 0.329356 0.270977 0.330669 0.271232 0.332359 0.270111 0.333672 0.270365 0.337051 0.268121 0.338184 0.263993
0 0.281183 0.768901 0.277407 0.782662 0.272157 0.781644 0.267087 0.785009 0.265774 0.784754 0.264083 0.785876 0.260146 0.785113 0.259211 0.783482 0.257898 0.783228 0.252289 0.773445 0.248352 0.772682 0.250995 0.763049
0 0.551240 0.792271 0.545953 0.811537 0.535453 0.809501 0.534518 0.807870 0.531893 0.807361 0.527219 0.799209 0.527596 0.797833 0.526662 0.796202 0.527417 0.793450 0.526482 0.791819 0.527615 0.787691
0 0.804405 0.615259 0.798741 0.635900 0.793491 0.634882 0.791801 0.636004 0.790668 0.640132 0.772293 0.636570 0.773803 0.631065 0.770998 0.626174 0.771376 0.624797 0.770440 0.623167 0.771573 0.619039 0.773264 0.617917 0.773642 0.616541 0.775331 0.615419 0.776842 0.609915
0 0.327514 0.459032 0.326380 0.463161 0.328250 0.466422 0.327873 0.467798 0.329742 0.471059 0.334993 0.472077 0.329706 0.491342 0.324455 0.490324 0.322765 0.491446 0.321453 0.491192 0.318072 0.493435 0.316759 0.493181 0.311689 0.496545 0.310377 0.496291 0.303617 0.500778 0.302484 0.504906 0.280171 0.500580 0.281303 0.496452 0.279434 0.493191 0.278122 0.492936 0.275317 0.488044 0.274005 0.487790 0.272135 0.484529 0.270822 0.484275 0.269886 0.482644 0.268574 0.482389 0.267640 0.480759 0.266327 0.480505 0.265392 0.478874 0.264080 0.478619 0.263145 0.476989 0.261832 0.476735 0.259962 0.473473 0.258650 0.473218 0.255845 0.468327 0.254532 0.468072 0.253598 0.466441 0.249661 0.465678 0.253437 0.451918 0.259999 0.453190 0.261690 0.452068 0.263002 0.452322 0.264692 0.451201 0.265825 0.447072
0 0.389649 0.534849 0.384362 0.554114 0.375174 0.552333 0.370500 0.544180 0.369187 0.543925 0.368252 0.542295 0.369007 0.539543 0.368073 0.537912 0.368451 0.536536 0.367515 0.534906 0.363578 0.534143 0.364711 0.530014
0 0.365332 0.704053 0.358157 0.730199 0.338469 0.726382 0.339602 0.722254 0.338667 0.720623 0.339045 0.719247 0.338109 0.717617 0.336797 0.717363 0.333058 0.710840 0.331745 0.710585 0.330810 0.708955 0.329498 0.708701 0.327628 0.705439 0.328005 0.704063 0.326136 0.700803 0.327269 0.696674
0 0.903236 0.315568 0.894551 0.347218 0.884051 0.345183 0.883115 0.343552 0.881803 0.343298 0.876194 0.333515 0.872257 0.332751 0.875278 0.321742 0.879215 0.322506 0.882595 0.320262 0.882973 0.318887 0.884663 0.317765 0.886173 0.312260
0 0.383532 0.597433 0.377868 0.618074 0.362118 0.615021 0.363251 0.610893 0.360445 0.606002 0.355195 0.604984 0.358594 0.592598
0 0.459115 0.704843 0.455339 0.718604 0.451401 0.717841 0.448020 0.720084 0.446887 0.724213 0.431137 0.721159 0.432648 0.715654 0.427974 0.707502 0.428351 0.706126 0.427417 0.704495 0.422166 0.703477 0.423677 0.697973
0 0.632240 0.396367 0.626575 0.417009 0.622638 0.416246 0.620947 0.417367 0.620570 0.418744 0.618880 0.419865 0.618125 0.422617 0.616434 0.423738 0.615679 0.426490 0.600468 0.436586 0.599335 0.440715 0.577022 0.436389 0.578155 0.432260 0.576285 0.428999 0.574973 0.428744 0.572168 0.423853 0.570855 0.423598 0.568985 0.420337 0.567673 0.420083 0.566738 0.418452 0.565425 0.418197 0.562621 0.413305 0.557370 0.412287 0.560392 0.401278 0.566955 0.402551 0.568645 0.401430 0.569957 0.401684 0.571648 0.400562 0.574272 0.401071 0.575962 0.399950 0.582525 0.401222 0.584215 0.400101 0.585527 0.400355 0.587218 0.399233 0.588530 0.399488 0.591910 0.397244 0.593223 0.397499 0.594914 0.396378 0.597539 0.396887 0.599229 0.395764 0.600542 0.396019 0.602232 0.394897 0.603364 0.390769
0 0.335563 0.570741 0.330276 0.590007 0.325026 0.588989 0.321646 0.591232 0.320334 0.590978 0.279770 0.617898 0.279392 0.619274 0.278079 0.619020 0.276389 0.620141 0.275077 0.619886 0.273386 0.621007 0.270762 0.620499 0.269071 0.621621 0.266446 0.621112 0.264756 0.622234 0.259506 0.621216 0.257816 0.622337 0.248628 0.620556 0.247693 0.618926 0.243756 0.618163 0.242821 0.616531 0.241508 0.616277 0.240574 0.614646 0.239262 0.614392 0.237392 0.611131 0.236079 0.610877 0.235143 0.609246 0.233831 0.608991 0.231962 0.605730 0.228024 0.604967 0.229157 0.600839 0.233094 0.601602 0.241546 0.595994 0.242858 0.596248 0.263140 0.582788 0.264452 0.583043 0.269523 0.579678 0.270835 0.579933 0.274216 0.577689 0.275528 0.577943 0.277219 0.576822 0.278531 0.577076 0.281911 0.574833 0.283224 0.575087 0.286604 0.572844 0.287917 0.573099 0.292987 0.569734 0.294299 0.569989 0.297680 0.567744 0.298813 0.563616
0 0.033858 0.622398 0.032725 0.626526 0.033661 0.628157 0.033283 0.629533 0.037022 0.636055 0.038334 0.636310 0.041139 0.641201 0.042452 0.641456 0.043387 0.643087 0.049949 0.644359 0.043152 0.669128 0.024777 0.665566 0.025909 0.661438 0.024975 0.659807 0.023662 0.659552 0.022727 0.657922 0.020102 0.657413 0.019167 0.655783 0.016542 0.655274 0.015607 0.653643 0.014295 0.653389 0.009621 0.645236 0.009998 0.643860 0.008129 0.640599 0.006816 0.640344 0.007193 0.638968 0.005323 0.635707 0.004011 0.635453 0.002141 0.632191 0.003652 0.626686 0.005342 0.625565 0.005720 0.624189 0.007410 0.623067 0.008921 0.617563
0 0.067091 0.501300 0.061804 0.520566 0.056554 0.519548 0.053173 0.521791 0.052040 0.525919 0.031040 0.521848 0.032173 0.517720 0.030303 0.514459 0.028990 0.514204 0.028056 0.512574 0.026743 0.512319 0.023939 0.507427 0.024316 0.506051 0.023381 0.504421 0.018132 0.503403 0.021153 0.492394
0 0.531750 0.782695 0.528729 0.793704 0.523479 0.792687 0.521788 0.793809 0.519164 0.793300 0.517474 0.794421 0.513537 0.793658 0.512601 0.792027 0.509976 0.791518 0.509041 0.789887 0.503792 0.788870 0.506813 0.777861
0 0.171576 0.805624 0.165911 0.826266 0.148848 0.822957 0.149981 0.818830 0.149046 0.817200 0.147734 0.816945 0.144929 0.812053 0.143617 0.811798 0.142682 0.810168 0.138744 0.809405 0.141387 0.799772
0 0.539874 0.853838 0.535720 0.868975 0.531782 0.868211 0.530092 0.869333 0.528779 0.869079 0.527089 0.870201 0.525777 0.869947 0.524087 0.871068 0.522775 0.870813 0.519394 0.873057 0.518262 0.877185 0.511698 0.875912 0.513209 0.870408 0.512274 0.868778 0.509649 0.868269 0.508714 0.866639 0.507402 0.866384 0.506467 0.864753 0.505154 0.864499 0.500480 0.856346 0.496543 0.855583 0.497298 0.852830 0.501235 0.853593 0.502926 0.852472 0.504436 0.846968
0 0.252704 0.751785 0.247039 0.772427 0.231289 0.769374 0.232799 0.763868 0.229994 0.758977 0.224745 0.757959 0.227766 0.746950
0 0.200001 0.440108 0.195469 0.456622 0.191532 0.455858 0.183081 0.461467 0.182703 0.462843 0.177632 0.466208 0.177255 0.467584 0.175565 0.468705 0.175187 0.470081 0.173498 0.471203 0.172185 0.470948 0.170494 0.472070 0.170116 0.473447 0.163357 0.477933 0.158107 0.476915 0.157171 0.475284 0.154546 0.474776 0.153612 0.473145 0.152299 0.472890 0.150429 0.469630 0.149116 0.469375 0.147247 0.466113 0.145934 0.465859 0.144999 0.464229 0.143687 0.463974 0.140882 0.459083 0.135632 0.458065 0.137521 0.451184 0.142771 0.452202 0.144461 0.451080 0.145774 0.451335 0.147463 0.450213 0.148775 0.450468 0.150466 0.449346 0.151779 0.449600 0.155158 0.447357 0.156471 0.447611 0.159851 0.445369 0.161164 0.445623 0.162854 0.444501 0.164166 0.444756 0.165857 0.443634 0.167170 0.443889 0.172240 0.440524 0.173750 0.435019
0 0.592099 0.603085 0.590966 0.607214 0.593771 0.612105 0.600333 0.613377 0.595802 0.629890 0.591865 0.629127 0.590174 0.630248 0.588862 0.629994 0.585481 0.632238 0.584168 0.631984 0.582478 0.633105 0.581166 0.632850 0.579475 0.633972 0.577965 0.639477 0.566152 0.637187 0.567663 0.631682 0.552705 0.605593 0.548767 0.604830 0.551411 0.595196
0 0.813911 0.338832 0.807869 0.360849 0.803932 0.360086 0.802241 0.361208 0.800929 0.360954 0.799239 0.362075 0.797926 0.361820 0.794546 0.364064 0.793413 0.368192 0.785538 0.366665 0.786671 0.362537 0.783866 0.357646 0.782554 0.357391 0.780683 0.354129 0.781061 0.352753 0.780126 0.351123 0.778814 0.350869 0.774140 0.342716 0.770202 0.341952 0.773223 0.330943
0 0.624244 0.667290 0.618957 0.686555 0.611082 0.685029 0.609392 0.686150 0.601517 0.684623 0.600582 0.682993 0.594019 0.681720 0.597418 0.669335 0.601356 0.670099 0.604736 0.667856 0.605869 0.663727
0 0.526574 0.741111 0.523175 0.753496 0.516612 0.752224 0.511542 0.755589 0.510409 0.759716 0.502534 0.758190 0.503667 0.754062 0.502733 0.752431 0.497482 0.751413 0.501636 0.736276
0 0.340169 0.513661 0.332994 0.539807 0.329057 0.539044 0.325675 0.541288 0.324363 0.541033 0.320983 0.543276 0.319472 0.548780 0.299785 0.544963 0.301296 0.539459 0.300360 0.537829 0.299047 0.537574 0.296243 0.532682 0.294931 0.532428 0.292126 0.527536 0.288189 0.526773 0.290832 0.517141 0.296081 0.518158 0.302842 0.513672 0.304155 0.513926 0.305845 0.512804 0.307355 0.507300
0 0.264439 0.487385 0.259152 0.506650 0.253902 0.505632 0.250521 0.507876 0.249208 0.507621 0.247519 0.508743 0.246206 0.508489 0.244516 0.509610 0.232704 0.507320 0.231768 0.505690 0.230455 0.505435 0.228587 0.502173 0.227274 0.501919 0.227651 0.500543 0.224846 0.495651 0.225601 0.492900 0.224667 0.491269 0.220729 0.490505 0.221107 0.489129 0.225045 0.489892 0.226734 0.488771 0.227490 0.486019 0.229180 0.484898 0.230313 0.480769
0 0.375906 0.665522 0.368353 0.693044 0.363103 0.692026 0.361413 0.693149 0.360100 0.692894 0.356720 0.695137 0.355209 0.700641 0.338146 0.697333 0.339279 0.693205 0.338345 0.691574 0.337032 0.691320 0.334228 0.686428 0.332915 0.686174 0.331980 0.684543 0.332358 0.683167 0.330488 0.679906 0.329176 0.679652 0.328240 0.678021 0.328618 0.676645 0.326748 0.673384 0.328259 0.667879 0.335020 0.663393 0.336530 0.657888
0 0.123754 0.697799 0.116579 0.723945 0.112642 0.723182 0.107571 0.726547 0.107194 0.727922 0.105503 0.729044 0.105125 0.730421 0.098364 0.734907 0.090489 0.733381 0.088621 0.730119 0.087308 0.729864 0.086372 0.728234 0.085060 0.727980 0.084126 0.726350 0.060499 0.721769 0.059565 0.720138 0.058253 0.719884 0.057318 0.718253 0.056005 0.717998 0.055070 0.716368 0.055448 0.714992 0.053578 0.711731 0.049640 0.710968 0.051151 0.705463 0.055089 0.706227 0.061849 0.701739 0.063162 0.701994 0.064852 0.700873 0.066164 0.701127 0.067855 0.700006 0.069167 0.700260 0.070857 0.699138 0.073482 0.699647 0.075173 0.698525 0.076485 0.698780 0.078176 0.697658 0.080800 0.698167 0.084181 0.695924 0.085692 0.690420
0 0.756013 0.408769 0.750726 0.428034 0.746788 0.427271 0.734957 0.435122 0.733645 0.434868 0.731954 0.435990 0.729329 0.435481 0.725949 0.437724 0.724816 0.441852 0.707753 0.438544 0.708886 0.434416 0.706082 0.429524 0.704769 0.429269 0.703834 0.427639 0.702522 0.427385 0.698782 0.420862 0.693532 0.419845 0.695420 0.412964 0.700670 0.413981 0.704051 0.411738 0.705363 0.411993 0.707054 0.410872 0.708366 0.411126 0.711746 0.408883 0.713059 0.409137 0.714749 0.408016 0.716061 0.408270 0.719442 0.406027 0.720575 0.401898
0 0.657900 0.725990 0.654123 0.739751 0.647560 0.738479 0.644181 0.740723 0.643048 0.744850 0.627298 0.741797 0.628431 0.737669 0.627495 0.736039 0.623558 0.735275 0.627712 0.720138
0 0.438189 0.660205 0.430258 0.689104 0.423695 0.687831 0.420315 0.690075 0.415064 0.689057 0.414130 0.687426 0.410193 0.686663 0.406453 0.680140 0.405140 0.679886 0.398597 0.668472 0.393346 0.667454 0.397500 0.652317
0 0.651710 0.829142 0.648689 0.840151 0.643439 0.839133 0.641749 0.840255 0.640436 0.840000 0.633675 0.844487 0.632362 0.844232 0.630673 0.845354 0.628048 0.844845 0.626358 0.845967 0.625045 0.845712 0.624110 0.844081 0.622798 0.843827 0.621863 0.842197 0.616613 0.841179 0.619257 0.831546 0.624507 0.832564 0.626196 0.831442 0.627508 0.831697 0.630890 0.829453 0.632023 0.825325
0 0.682714 0.696017 0.678182 0.712531 0.672932 0.711513 0.669551 0.713756 0.668238 0.713502 0.666549 0.714624 0.665236 0.714369 0.663546 0.715490 0.662413 0.719618 0.653225 0.717837 0.654358 0.713709 0.653423 0.712079 0.652111 0.711825 0.651176 0.710194 0.649864 0.709939 0.647059 0.705048 0.643121 0.704284 0.647275 0.689147
0 0.409935 0.828646 0.408802 0.832775 0.410671 0.836035 0.411984 0.836290 0.415723 0.842812 0.420973 0.843830 0.414931 0.865848 0.409681 0.864830 0.407990 0.865952 0.406678 0.865697 0.403298 0.867941 0.402165 0.872069 0.368040 0.865453 0.369550 0.859949 0.365810 0.853427 0.366188 0.852050 0.365254 0.850420 0.365631 0.849044 0.364696 0.847413 0.365074 0.846037 0.364139 0.844407 0.367915 0.830646 0.369605 0.829524 0.369983 0.828147 0.373363 0.825905 0.374496 0.821776
0 0.542841 0.460197 0.535288 0.487719 0.530038 0.486702 0.523277 0.491188 0.522144 0.495316 0.503769 0.491754 0.504902 0.487626 0.503968 0.485995 0.504345 0.484619 0.501540 0.479728 0.501918 0.478351 0.500982 0.476720 0.495733 0.475702 0.500265 0.459189 0.505514 0.460207 0.507205 0.459086 0.508715 0.453581
0 0.444351 0.365738 0.441708 0.375370 0.443578 0.378631 0.448828 0.379649 0.444296 0.396164 0.440358 0.395400 0.428527 0.403251 0.427394 0.407380 0.414269 0.404835 0.415780 0.399330 0.413910 0.396070 0.412597 0.395815 0.410728 0.392554 0.411106 0.391178 0.409236 0.387917 0.407923 0.387662 0.406988 0.386031 0.407365 0.384655 0.406431 0.383024 0.408319 0.376144 0.410009 0.375023 0.410764 0.372270 0.412455 0.371149 0.413210 0.368396 0.414900 0.367275 0.416789 0.360394
0 0.572458 0.367385 0.571325 0.371513 0.573195 0.374774 0.582383 0.376555 0.577473 0.394445 0.572223 0.393427 0.565462 0.397914 0.564149 0.397660 0.562460 0.398781 0.561147 0.398526 0.559457 0.399648 0.558144 0.399394 0.556454 0.400515 0.539392 0.397207 0.538457 0.395577 0.537144 0.395322 0.536209 0.393692 0.534896 0.393437 0.533026 0.390177 0.531714 0.389922 0.530780 0.388291 0.529467 0.388037 0.525728 0.381515 0.521790 0.380751 0.523679 0.373870 0.528928 0.374888 0.532309 0.372646 0.532687 0.371269 0.534376 0.370148 0.535689 0.370402 0.540759 0.367037 0.542270 0.361533
0 0.250770 0.577491 0.248504 0.585748 0.243254 0.584730 0.241563 0.585851 0.240053 0.591356 0.217740 0.587030 0.219629 0.580150 0.217759 0.576889 0.213822 0.576125 0.215332 0.570621
0 0.280317 0.832504 0.274653 0.853145 0.261527 0.850600 0.262660 0.846472 0.260790 0.843211 0.259478 0.842957 0.257609 0.839696 0.257986 0.838320 0.257051 0.836689 0.253114 0.835925 0.255380 0.827669
0 0.439276 0.474903 0.432478 0.499673 0.427228 0.498655 0.420468 0.503141 0.419155 0.502887 0.415774 0.505130 0.414462 0.504876 0.412772 0.505998 0.411459 0.505743 0.409769 0.506864 0.404520 0.505847 0.404897 0.504471 0.403962 0.502840 0.404340 0.501463 0.400600 0.494941 0.400978 0.493565 0.399108 0.490304 0.402507 0.477920 0.405887 0.475676 0.407775 0.468795
0 0.425312 0.727276 0.423423 0.734157 0.418173 0.733139 0.416483 0.734261 0.413858 0.733752 0.412168 0.734873 0.410855 0.734618 0.409165 0.735741 0.407853 0.735486 0.406163 0.736608 0.404851 0.736354 0.403160 0.737475 0.401847 0.737220 0.398467 0.739464 0.397334 0.743592 0.373708 0.739012 0.376730 0.728002 0.380668 0.728766 0.384048 0.726523 0.385936 0.719642
0 0.869930 0.477233 0.865021 0.495122 0.859771 0.494105 0.854700 0.497469 0.853388 0.497215 0.850008 0.499458 0.848695 0.499204 0.847005 0.500325 0.845494 0.505830 0.823182 0.501504 0.824693 0.495999 0.823757 0.494369 0.824135 0.492992 0.823200 0.491362 0.823956 0.488610 0.823020 0.486980 0.823775 0.484227 0.820036 0.477704 0.816099 0.476941 0.818742 0.467309
0 0.697893 0.600406 0.693739 0.615543 0.689802 0.614780 0.684731 0.618145 0.683419 0.617891 0.680038 0.620134 0.678905 0.624262 0.651342 0.618919 0.652475 0.614790 0.650605 0.611529 0.646667 0.610765 0.648178 0.605261 0.653429 0.606279 0.655118 0.605158 0.656431 0.605412 0.658121 0.604290 0.659434 0.604545 0.661124 0.603422 0.662436 0.603677 0.664127 0.602556 0.665440 0.602810 0.670509 0.599446 0.671642 0.595317
0 0.088736 0.563469 0.077784 0.603376 0.073847 0.602613 0.068776 0.605978 0.068398 0.607355 0.065018 0.609597 0.063508 0.615101 0.045132 0.611539 0.046265 0.607411 0.041591 0.599258 0.040278 0.599003 0.033734 0.587590 0.032421 0.587335 0.031487 0.585705 0.031865 0.584329 0.029994 0.581067 0.030372 0.579691 0.032062 0.578570 0.032440 0.577194 0.054412 0.562612 0.055922 0.557108
0 0.248098 0.808865 0.240545 0.836387 0.235295 0.835370 0.233606 0.836491 0.230981 0.835982 0.229290 0.837104 0.216165 0.834559 0.215230 0.832928 0.213917 0.832674 0.212983 0.831044 0.213360 0.829668 0.210555 0.824776 0.210933 0.823400 0.207194 0.816877 0.203256 0.816114 0.207410 0.800977
0 0.555201 0.677093 0.551047 0.692231 0.545797 0.691213 0.542417 0.693456 0.541104 0.693201 0.539414 0.694323 0.534164 0.693305 0.533228 0.691674 0.531916 0.691420 0.530982 0.689790 0.529669 0.689535 0.527799 0.686274 0.528177 0.684898 0.526307 0.681637 0.522370 0.680874 0.522747 0.679497 0.526685 0.680261 0.528374 0.679139 0.530263 0.672259
0 0.521324 0.740093 0.515659 0.760734 0.495972 0.756917 0.501636 0.736276
0 0.422364 0.697718 0.417455 0.715608 0.412205 0.714590 0.407134 0.717955 0.406001 0.722084 0.398127 0.720557 0.399260 0.716428 0.396455 0.711537 0.395142 0.711282 0.393272 0.708020 0.388023 0.707003 0.392177 0.691866
0 0.370361 0.826771 0.366207 0.841908 0.354394 0.839618 0.353459 0.837988 0.346896 0.836715 0.350672 0.822954
0 0.395469 0.634531 0.393581 0.641412 0.389644 0.640649 0.387953 0.641770 0.386641 0.641515 0.373120 0.650489 0.371807 0.650234 0.368427 0.652478 0.367115 0.652223 0.365424 0.653344 0.364112 0.653090 0.362421 0.654212 0.351921 0.652176 0.350986 0.650545 0.349674 0.650291 0.348739 0.648661 0.347427 0.648406 0.346492 0.646776 0.345179 0.646522 0.344244 0.644890 0.342932 0.644636 0.341997 0.643006 0.340684 0.642752 0.337879 0.637859 0.336567 0.637605 0.335633 0.635975 0.334320 0.635720 0.333384 0.634089 0.332072 0.633835 0.330203 0.630574 0.326265 0.629810 0.328530 0.621554
0 0.234227 0.597474 0.230451 0.611235 0.225201 0.610217 0.223510 0.611338 0.222198 0.611084 0.217128 0.614449 0.214502 0.613940 0.212813 0.615061 0.210188 0.614552 0.208498 0.615674 0.207365 0.619803 0.199489 0.618276 0.200622 0.614147 0.198753 0.610887 0.197440 0.610632 0.195570 0.607371 0.196703 0.603243 0.195768 0.601612 0.197458 0.600490 0.197836 0.599114 0.202907 0.595750 0.204040 0.591621
0 0.422364 0.697718 0.417455 0.715608 0.412205 0.714590 0.405445 0.719076 0.401507 0.718313 0.400572 0.716683 0.399260 0.716428 0.396455 0.711537 0.395142 0.711282 0.393272 0.708020 0.388023 0.707003 0.392177 0.691866
0 0.766144 0.613638 0.762368 0.627399 0.757118 0.626381 0.753737 0.628625 0.752604 0.632753 0.730292 0.628427 0.735956 0.607786
0 0.624369 0.702098 0.623236 0.706226 0.624170 0.707857 0.629420 0.708874 0.625644 0.722636 0.621707 0.721872 0.620016 0.722993 0.618704 0.722739 0.617014 0.723861 0.614389 0.723352 0.612699 0.724474 0.611386 0.724220 0.609695 0.725341 0.590008 0.721524 0.588318 0.722646 0.587005 0.722392 0.586070 0.720760 0.580820 0.719743 0.579885 0.718113 0.577260 0.717604 0.576326 0.715973 0.573700 0.715464 0.571830 0.712202 0.570518 0.711948 0.569584 0.710318 0.568271 0.710064 0.567336 0.708433 0.566023 0.708178 0.563218 0.703287 0.561906 0.703032 0.562284 0.701656 0.561349 0.700025 0.562104 0.697272 0.563794 0.696151 0.565305 0.690647
0 0.373825 0.572362 0.370426 0.584747 0.366488 0.583984 0.364798 0.585105 0.362173 0.584596 0.358793 0.586840 0.357660 0.590968 0.351097 0.589696 0.352230 0.585567 0.351295 0.583936 0.349983 0.583682 0.348112 0.580421 0.346800 0.580167 0.344931 0.576905 0.340993 0.576142 0.343636 0.566509
0 0.515282 0.762111 0.511505 0.775872 0.506255 0.774854 0.504565 0.775975 0.503253 0.775721 0.501562 0.776843 0.500429 0.780971 0.499117 0.780716 0.500250 0.776588 0.499315 0.774957 0.498002 0.774703 0.497068 0.773073 0.495755 0.772818 0.492951 0.767927 0.493706 0.765174 0.492771 0.763544 0.488833 0.762780 0.490343 0.757276
0 0.649058 0.637317 0.644904 0.652454 0.639654 0.651437 0.637964 0.652558 0.636831 0.656686 0.617143 0.652869 0.618653 0.647365 0.616784 0.644103 0.617161 0.642727 0.616227 0.641097 0.617916 0.639975 0.620182 0.631719
0 0.473926 0.812066 0.469772 0.827203 0.461897 0.825676 0.460206 0.826798 0.459073 0.830926 0.457761 0.830672 0.458894 0.826544 0.457024 0.823282 0.450462 0.822010 0.454238 0.808249
0 0.378278 0.289158 0.376768 0.294662 0.377703 0.296294 0.379016 0.296548 0.379950 0.298178 0.381263 0.298433 0.382198 0.300064 0.383510 0.300318 0.384445 0.301948 0.385758 0.302203 0.386692 0.303834 0.388004 0.304088 0.388940 0.305718 0.390252 0.305973 0.391187 0.307603 0.396438 0.308621 0.391906 0.325134 0.387969 0.324371 0.386278 0.325493 0.384965 0.325238 0.378205 0.329725 0.377072 0.333853 0.360009 0.330545 0.361142 0.326417 0.359272 0.323156 0.357959 0.322901 0.350481 0.309857 0.350859 0.308481 0.346184 0.300328 0.346562 0.298951 0.345627 0.297321 0.346005 0.295945 0.345069 0.294314 0.341132 0.293551 0.344153 0.282542
0 0.519390 0.565799 0.512970 0.589194 0.507720 0.588176 0.489129 0.600514 0.487816 0.600259 0.484435 0.602502 0.483123 0.602248 0.479742 0.604491 0.478609 0.608619 0.465484 0.606074 0.466995 0.600570 0.466060 0.598940 0.466438 0.597564 0.462698 0.591041 0.463076 0.589665 0.461206 0.586404 0.459894 0.586150 0.458024 0.582889 0.456711 0.582634 0.454842 0.579373 0.453529 0.579118 0.451660 0.575857 0.452037 0.574481 0.453727 0.573360 0.454105 0.571984 0.457485 0.569740 0.458797 0.569994 0.460488 0.568873 0.463113 0.569382 0.464803 0.568261 0.466115 0.568515 0.467806 0.567393 0.469118 0.567648 0.472499 0.565404 0.473811 0.565659 0.475501 0.564537 0.476813 0.564791 0.478504 0.563670 0.480014 0.558166
0 0.517732 0.652437 0.514333 0.664823 0.509083 0.663805 0.507393 0.664926 0.506080 0.664672 0.504390 0.665793 0.503078 0.665538 0.499697 0.667783 0.498385 0.667528 0.496695 0.668649 0.495383 0.668395 0.492002 0.670638 0.490869 0.674767 0.480369 0.672731 0.481502 0.668602 0.478697 0.663711 0.477384 0.663457 0.472710 0.655303 0.471398 0.655049 0.471776 0.653673 0.468971 0.648781 0.465033 0.648018 0.466543 0.642513
0 0.089353 0.430251 0.088220 0.434379 0.090090 0.437640 0.095340 0.438658 0.091564 0.452419 0.086314 0.451401 0.081243 0.454767 0.080866 0.456143 0.079175 0.457265 0.078798 0.458640 0.077107 0.459762 0.075974 0.463891 0.076909 0.465521 0.076154 0.468273 0.066013 0.475003 0.064125 0.481884 0.041812 0.477559 0.042945 0.473430 0.042010 0.471800 0.042388 0.470423 0.039583 0.465531 0.027771 0.463241 0.026835 0.461611 0.024211 0.461102 0.020471 0.454579 0.015220 0.453561 0.020885 0.432920 0.028760 0.434447 0.030451 0.433325 0.035701 0.434343 0.037391 0.433222 0.038703 0.433476 0.040394 0.432354 0.041706 0.432609 0.043396 0.431486 0.044709 0.431741 0.046399 0.430620 0.047712 0.430874 0.049401 0.429752 0.050714 0.430007 0.052404 0.428885 0.053915 0.423381
0 0.638535 0.751222 0.637402 0.755350 0.640206 0.760242 0.639828 0.761619 0.640763 0.763249 0.642076 0.763504 0.643011 0.765134 0.646948 0.765897 0.643927 0.776907 0.620302 0.772326 0.619367 0.770696 0.615429 0.769932 0.614495 0.768301 0.613182 0.768047 0.612247 0.766416 0.610934 0.766162 0.610000 0.764531 0.607375 0.764022 0.604570 0.759131 0.604948 0.757754 0.604013 0.756124 0.604391 0.754749 0.605703 0.755003 0.607393 0.753881 0.608706 0.754135 0.613777 0.750770 0.614909 0.746642
0 0.375654 0.288649 0.374521 0.292777 0.376390 0.296039 0.377703 0.296294 0.378638 0.297924 0.379950 0.298178 0.380885 0.299809 0.383510 0.300318 0.385380 0.303579 0.386692 0.303834 0.387627 0.305464 0.388940 0.305718 0.389875 0.307348 0.391187 0.307603 0.392123 0.309234 0.396060 0.309997 0.392283 0.323758 0.388346 0.322995 0.381585 0.327481 0.380273 0.327227 0.376892 0.329470 0.375759 0.333598 0.360009 0.330545 0.361142 0.326417 0.358337 0.321526 0.357025 0.321271 0.350481 0.309857 0.350859 0.308481 0.348054 0.303589 0.348431 0.302212 0.346562 0.298951 0.346939 0.297575 0.346005 0.295945 0.347138 0.291817 0.348827 0.290695 0.350716 0.283814
0 0.084720 0.296015 0.075657 0.329042 0.069095 0.327770 0.067404 0.328892 0.064779 0.328383 0.063089 0.329504 0.059152 0.328741 0.055771 0.330984 0.054638 0.335113 0.045451 0.333332 0.057158 0.290672
0 0.299384 0.662281 0.296362 0.673290 0.291112 0.672272 0.289422 0.673393 0.288110 0.673139 0.286419 0.674261 0.286042 0.675637 0.284352 0.676759 0.283040 0.676504 0.276279 0.680991 0.274966 0.680736 0.273276 0.681859 0.271963 0.681604 0.270273 0.682725 0.268961 0.682471 0.267271 0.683592 0.262021 0.682574 0.261086 0.680944 0.259773 0.680689 0.258838 0.679059 0.257525 0.678805 0.256591 0.677174 0.252653 0.676411 0.254163 0.670906 0.258101 0.671670 0.266552 0.666062 0.267865 0.666316 0.269554 0.665194 0.270867 0.665449 0.274248 0.663205 0.275758 0.657701
0 0.630434 0.564139 0.629301 0.568266 0.630236 0.569898 0.634174 0.570661 0.628509 0.591303 0.623259 0.590285 0.621568 0.591406 0.620435 0.595534 0.615185 0.594516 0.616318 0.590388 0.615384 0.588758 0.614071 0.588504 0.613136 0.586873 0.611824 0.586618 0.608084 0.580096 0.608461 0.578720 0.607527 0.577089 0.609415 0.570208 0.611105 0.569087 0.612418 0.569342 0.615798 0.567098 0.617309 0.561594
0 0.096859 0.634612 0.091572 0.653877 0.081072 0.651842 0.080137 0.650211 0.078825 0.649957 0.077890 0.648326 0.076577 0.648072 0.075642 0.646441 0.076020 0.645065 0.074150 0.641804 0.074528 0.640427 0.073593 0.638797 0.069655 0.638034 0.071921 0.629777
0 0.765573 0.514973 0.761797 0.528735 0.757860 0.527971 0.754479 0.530215 0.753166 0.529960 0.749786 0.532203 0.748474 0.531949 0.746783 0.533070 0.745273 0.538575 0.734773 0.536539 0.735906 0.532411 0.733100 0.527520 0.731788 0.527265 0.730854 0.525634 0.725603 0.524616 0.727869 0.516360 0.733120 0.517378 0.738190 0.514013 0.739323 0.509884
0 0.663721 0.825673 0.660322 0.838058 0.652447 0.836532 0.650757 0.837653 0.647952 0.832761 0.648330 0.831385 0.646460 0.828124 0.642522 0.827360 0.644033 0.821856
0 0.315208 0.624768 0.313697 0.630272 0.318371 0.638426 0.319684 0.638680 0.321554 0.641941 0.326804 0.642959 0.323405 0.655344 0.318155 0.654326 0.316465 0.655448 0.315152 0.655193 0.313462 0.656315 0.312150 0.656060 0.308769 0.658303 0.307636 0.662431 0.295824 0.660141 0.296957 0.656013 0.288543 0.641339 0.288920 0.639962 0.287051 0.636701 0.287428 0.635325 0.286494 0.633694 0.287249 0.630942 0.292319 0.627578 0.293631 0.627832 0.297012 0.625588 0.298145 0.621460
0 0.515282 0.762111 0.509617 0.782752 0.497804 0.780462 0.498937 0.776334 0.498002 0.774703 0.496690 0.774449 0.495755 0.772818 0.494443 0.772564 0.493508 0.770933 0.493885 0.769557 0.492951 0.767927 0.493706 0.765174 0.492771 0.763544 0.488833 0.762780 0.490343 0.757276
0 0.627118 0.737414 0.623341 0.751175 0.616778 0.749903 0.615089 0.751024 0.613777 0.750770 0.605325 0.756379 0.604948 0.757754 0.603258 0.758876 0.601945 0.758622 0.600254 0.759744 0.597629 0.759235 0.596695 0.757604 0.592757 0.756841 0.590887 0.753579 0.585638 0.752562 0.591680 0.730544
0 0.370361 0.826771 0.366207 0.841908 0.355707 0.839872 0.354771 0.838242 0.346896 0.836715 0.350672 0.822954
0 0.606809 0.559558 0.605676 0.563686 0.607545 0.566948 0.612795 0.567966 0.609774 0.578975 0.604524 0.577957 0.602835 0.579078 0.591021 0.576788 0.590087 0.575158 0.588774 0.574903 0.586904 0.571641 0.585592 0.571387 0.581853 0.564865 0.576603 0.563847 0.579246 0.554215
0 0.731622 0.618540 0.730490 0.622668 0.732359 0.625930 0.734984 0.626439 0.735920 0.628069 0.737232 0.628323 0.738166 0.629953 0.739479 0.630208 0.740414 0.631839 0.744352 0.632602 0.739065 0.651868 0.733814 0.650850 0.728744 0.654216 0.727431 0.653961 0.722361 0.657326 0.721048 0.657071 0.719359 0.658193 0.718046 0.657939 0.716355 0.659060 0.712418 0.658296 0.710727 0.659418 0.709793 0.657788 0.707168 0.657279 0.706233 0.655649 0.704920 0.655394 0.696507 0.640719 0.695194 0.640464 0.691455 0.633942 0.690142 0.633687 0.689207 0.632057 0.685270 0.631294 0.688669 0.618908 0.692606 0.619672 0.697677 0.616306 0.698810 0.612178
0 0.381156 0.666540 0.375114 0.688558 0.369864 0.687540 0.358032 0.695391 0.356720 0.695137 0.355030 0.696259 0.343217 0.693968 0.342283 0.692338 0.337032 0.691320 0.334228 0.686428 0.332915 0.686174 0.333292 0.684797 0.330488 0.679906 0.329176 0.679652 0.328240 0.678021 0.324303 0.677258 0.329968 0.656616
0 0.220435 0.652772 0.219302 0.656901 0.220236 0.658531 0.219859 0.659907 0.220793 0.661538 0.220416 0.662914 0.221351 0.664545 0.220973 0.665921 0.222843 0.669181 0.222465 0.670558 0.225270 0.675449 0.229207 0.676213 0.223165 0.698230 0.207415 0.695177 0.208926 0.689672 0.207056 0.686411 0.205744 0.686157 0.201069 0.678004 0.197131 0.677241 0.204684 0.649719
0 0.608366 0.322171 0.603079 0.341437 0.599142 0.340673 0.594071 0.344039 0.593693 0.345414 0.592003 0.346535 0.591625 0.347912 0.589935 0.349033 0.589558 0.350410 0.586177 0.352653 0.585799 0.354030 0.580730 0.357394 0.579417 0.357140 0.576036 0.359383 0.569473 0.358111 0.568539 0.356480 0.565914 0.355971 0.564979 0.354341 0.563666 0.354086 0.562731 0.352455 0.561419 0.352201 0.559549 0.348940 0.558237 0.348686 0.557302 0.347055 0.555990 0.346801 0.554120 0.343539 0.552807 0.343285 0.550937 0.340024 0.549624 0.339769 0.548690 0.338138 0.544753 0.337375 0.547018 0.329119 0.550956 0.329883 0.552645 0.328760 0.555270 0.329269 0.556961 0.328147 0.562211 0.329165 0.563902 0.328044 0.567839 0.328807 0.569529 0.327685 0.573467 0.328449 0.575157 0.327327 0.576469 0.327582 0.578159 0.326460 0.580784 0.326969 0.582475 0.325847 0.583787 0.326102 0.585477 0.324981 0.586790 0.325235 0.588480 0.324113 0.589991 0.318609
0 0.494006 0.497108 0.486830 0.523254 0.461892 0.518419 0.463025 0.514291 0.461155 0.511030 0.459843 0.510775 0.458909 0.509144 0.453659 0.508126 0.457057 0.495742 0.460995 0.496505 0.462685 0.495383 0.463818 0.491255
0 0.367607 0.484197 0.366097 0.489702 0.367032 0.491332 0.368344 0.491586 0.369280 0.493217 0.370592 0.493472 0.372462 0.496733 0.377712 0.497751 0.373935 0.511512 0.364748 0.509731 0.363057 0.510853 0.361744 0.510598 0.360055 0.511719 0.358922 0.515847 0.348422 0.513812 0.349555 0.509684 0.347685 0.506423 0.346372 0.506168 0.345437 0.504537 0.344125 0.504283 0.343190 0.502653 0.343945 0.499900 0.343010 0.498270 0.344520 0.492766 0.343586 0.491135 0.345097 0.485630 0.344162 0.483999 0.345295 0.479871
0 0.053496 0.550840 0.048586 0.568729 0.043336 0.567711 0.034886 0.573320 0.033573 0.573065 0.028503 0.576431 0.027190 0.576176 0.025500 0.577298 0.007125 0.573735 0.005434 0.574856 0.002809 0.574347 0.001119 0.575469 0.000000 0.579598 0.000000 0.577054 0.000000 0.560539 0.000000 0.561557 0.000000 0.560436 0.000000 0.560690 0.001336 0.559568 0.002649 0.559823 0.006029 0.557580 0.007341 0.557835 0.009031 0.556713 0.010344 0.556967 0.012034 0.555845 0.013346 0.556100 0.016726 0.553857 0.018039 0.554112 0.019729 0.552990 0.021042 0.553244 0.026112 0.549879 0.027245 0.545751
0 0.509111 0.442063 0.503824 0.461329 0.498574 0.460311 0.495194 0.462554 0.494061 0.466683 0.466498 0.461340 0.470652 0.446202 0.474590 0.446965 0.476280 0.445844 0.477592 0.446098 0.479282 0.444976 0.480595 0.445231 0.482285 0.444109 0.483598 0.444363 0.485288 0.443242 0.486799 0.437738
0 0.558665 0.422684 0.557532 0.426812 0.558467 0.428443 0.559779 0.428697 0.560715 0.430328 0.567277 0.431600 0.563123 0.446737 0.559186 0.445974 0.557495 0.447096 0.556183 0.446842 0.552802 0.449085 0.552425 0.450461 0.550734 0.451583 0.549421 0.451328 0.546041 0.453571 0.544530 0.459076 0.523531 0.455005 0.525042 0.449499 0.523171 0.446239 0.523549 0.444862 0.521679 0.441601 0.522056 0.440226 0.514577 0.427181 0.509328 0.426163 0.512727 0.413778
0 0.189850 0.658437 0.186451 0.670823 0.181201 0.669805 0.176130 0.673170 0.174818 0.672915 0.171438 0.675158 0.170125 0.674904 0.166746 0.677147 0.165613 0.681275 0.140674 0.676440 0.142185 0.670937 0.141250 0.669306 0.141628 0.667929 0.136953 0.659777 0.135641 0.659522 0.133771 0.656261 0.134148 0.654885 0.133214 0.653255 0.134724 0.647750
0 0.360672 0.378501 0.352364 0.408776 0.345801 0.407503 0.344111 0.408626 0.341486 0.408117 0.340551 0.406486 0.339239 0.406231 0.338304 0.404601 0.336991 0.404347 0.336056 0.402715 0.336434 0.401339 0.335499 0.399709 0.335877 0.398332 0.334942 0.396702 0.335697 0.393950 0.334762 0.392320 0.335140 0.390943 0.334206 0.389313 0.334583 0.387937 0.332713 0.384675 0.327463 0.383658 0.330485 0.372649
0 0.360579 0.842267 0.356425 0.857404 0.341987 0.854605 0.346141 0.839468
0 0.302331 0.691839 0.297799 0.708352 0.292549 0.707334 0.279028 0.716308 0.277715 0.716053 0.274335 0.718296 0.269085 0.717279 0.267395 0.718401 0.262145 0.717383 0.261209 0.715752 0.237585 0.711172 0.240983 0.698787 0.248859 0.700314 0.250548 0.699192 0.251861 0.699446 0.253551 0.698324 0.254863 0.698579 0.256554 0.697457 0.256932 0.696081 0.258622 0.694960 0.259934 0.695214 0.261624 0.694093 0.262937 0.694347 0.264627 0.693225 0.265940 0.693480 0.269320 0.691236 0.270830 0.685732
0 0.512827 0.564527 0.511316 0.570031 0.512252 0.571662 0.517502 0.572679 0.512970 0.589194 0.507720 0.588176 0.494199 0.597148 0.492886 0.596894 0.489506 0.599137 0.489129 0.600514 0.487816 0.600259 0.484435 0.602502 0.483123 0.602248 0.479742 0.604491 0.478609 0.608619 0.468110 0.606583 0.469243 0.602456 0.466438 0.597564 0.466815 0.596188 0.460272 0.584773 0.458959 0.584519 0.456154 0.579627 0.454842 0.579373 0.453906 0.577743 0.454284 0.576366 0.453350 0.574735 0.456730 0.572493 0.457107 0.571116 0.458420 0.571371 0.460110 0.570249 0.462735 0.570758 0.464426 0.569637 0.465738 0.569891 0.467428 0.568770 0.468740 0.569024 0.473811 0.565659 0.475124 0.565913 0.480194 0.562549 0.481327 0.558420
0 0.170900 0.717899 0.148074 0.709062 0.129922 0.704660 0.122137 0.714624 0.132395 0.726320 0.138898 0.730229 0.155002 0.729821
0 0.179857 0.691395 0.141276 0.678621 0.130656 0.677445 0.126977 0.690851 0.132101 0.699788 0.146366 0.706083 0.168174 0.709428 0.173659 0.707845
0 0.174652 0.538596 0.150557 0.537455 0.136838 0.544502 0.138753 0.558993 0.157813 0.566220 0.173579 0.563980 0.189016 0.553736 0.197128 0.551779 0.179436 0.545700
0 0.212174 0.506158 0.183281 0.504087 0.177774 0.518020 0.171674 0.543314 0.194040 0.553827 0.214492 0.549850 0.217240 0.545970 0.211921 0.519346 0.211363 0.512178
0 0.440514 0.615731 0.430342 0.619056 0.418211 0.632588 0.417740 0.640439 0.428359 0.641616 0.439089 0.645461 0.444803 0.643039 0.438990 0.636617 0.439231 0.629604 0.445987 0.620323
0 0.507462 0.604884 0.503224 0.611122 0.489966 0.616494 0.476719 0.615691 0.474310 0.621402 0.480123 0.627824 0.500443 0.633528 0.502040 0.633838 0.513373 0.620150 0.516012 0.613601
0 0.559485 0.636150 0.562693 0.630593 0.553684 0.623552 0.545691 0.622003 0.547432 0.606456 0.548812 0.601428 0.536617 0.587590 0.522232 0.584801 0.512291 0.587288 0.507943 0.590856 0.501189 0.600137 0.516702 0.611087 0.523883 0.618658 0.524999 0.632994 0.539712 0.643790 0.553190 0.643755
0 0.430967 0.589171 0.422308 0.577784 0.415696 0.571209 0.408272 0.570651 0.406662 0.576517 0.406651 0.582691 0.407791 0.584678 0.411437 0.589798 0.419199 0.592184 0.428910 0.590537
0 0.261302 0.661904 0.259817 0.648896 0.249954 0.640624 0.239125 0.635874 0.231031 0.635894 0.226145 0.644488 0.224488 0.650526 0.232642 0.655817 0.236002 0.656468 0.238934 0.666047 0.239545 0.669346 0.249079 0.669604 0.256081 0.666192
0 0.255054 0.552040 0.260275 0.547752 0.257547 0.539273 0.249401 0.530274 0.236040 0.521853 0.226716 0.518986 0.218418 0.517907 0.222501 0.536189 0.225790 0.538946 0.230436 0.547798 0.231870 0.551786 0.240647 0.552958 0.253338 0.552768
0 0.392173 0.551594 0.395039 0.559568 0.391942 0.565329 0.380685 0.569507 0.369508 0.567869 0.364504 0.565839 0.369113 0.558252 0.375978 0.555344 0.387779 0.552862
0 0.450682 0.588907 0.459177 0.594794 0.460123 0.602398 0.457164 0.607655 0.449420 0.604564 0.447718 0.597872 0.449032 0.591237
0 0.530097 0.547560 0.530078 0.558716 0.522433 0.564410 0.510050 0.565197 0.504176 0.561667 0.503673 0.555191 0.508222 0.549696 0.517923 0.547592 0.528862 0.546522
0 0.564357 0.544635 0.571260 0.549959 0.567225 0.556352 0.562161 0.560951 0.553694 0.564092 0.546268 0.563449 0.543082 0.555657 0.548148 0.551059 0.557029 0.546403
0 0.579371 0.514861 0.568325 0.519096 0.556971 0.521678 0.549849 0.522690 0.542521 0.524457 0.547258 0.529361 0.564378 0.533478 0.572734 0.533504 0.586056 0.526520 0.592673 0.519034
0 0.544223 0.496088 0.555042 0.503765 0.563696 0.511024 0.563686 0.516602 0.555942 0.519884 0.549958 0.519521 0.541414 0.509096 0.541315 0.506685
0 0.587176 0.478107 0.570037 0.485149 0.561570 0.488290 0.557437 0.492271 0.562994 0.499728 0.572379 0.501547 0.586107 0.498627 0.591587 0.492515 0.589856 0.479424
0 0.615261 0.522616 0.611336 0.525840 0.602453 0.530495 0.596777 0.531788 0.590793 0.531425 0.587391 0.529968 0.588637 0.525426 0.598143 0.518500 0.606608 0.515357 0.612494 0.513310 0.613937 0.513590 0.616092 0.519587
0 0.682448 0.455123 0.662606 0.472005 0.644725 0.490062 0.636971 0.498922 0.620127 0.513195 0.601249 0.512723 0.587640 0.506897 0.588085 0.488648 0.607618 0.470112 0.636855 0.449473 0.658237 0.435282 0.674843 0.438502 0.679460 0.452152 0.679450 0.457731
0 0.666405 0.483104 0.669183 0.486831 0.666997 0.497568 0.659352 0.503262 0.648829 0.502816 0.645842 0.499846 0.651431 0.490564 0.667235 0.480076
0 0.763025 0.568802 0.742899 0.572871 0.729368 0.580612 0.719460 0.583474 0.705830 0.588804 0.698087 0.592085 0.697552 0.602346 0.702289 0.607250 0.712495 0.611621 0.726530 0.610356 0.748733 0.598716 0.759572 0.595237
0 0.769702 0.527843 0.756074 0.533173 0.746056 0.539204 0.740785 0.544559 0.738092 0.548821 0.742929 0.556135 0.752206 0.561123 0.765410 0.562885 0.777593 0.557276 0.782876 0.546342 0.776912 0.534822 0.770523 0.530395
0 0.846645 0.541167 0.847180 0.530906 0.843997 0.523115 0.822249 0.510926 0.808433 0.505856 0.794924 0.502440 0.783362 0.505779 0.767864 0.517920 0.767636 0.529835 0.769178 0.532525 0.775042 0.541635 0.784319 0.546622 0.792982 0.548302 0.810518 0.550904 0.827439 0.550199 0.844776 0.547978
0 0.759689 0.417482 0.768145 0.419918 0.767641 0.413443 0.754043 0.402038 0.740029 0.392146 0.736627 0.390690 0.739297 0.397584 0.748454 0.411318
0 0.746010 0.450705 0.757333 0.464859 0.757224 0.468026 0.754633 0.474698 0.748847 0.479157 0.731619 0.478209 0.723994 0.472745 0.720088 0.464812 0.720098 0.459233
0 0.491735 0.537730 0.477177 0.543677 0.470462 0.548752 0.465705 0.555005 0.456199 0.561933 0.449178 0.565354 0.440197 0.567599 0.426787 0.566593 0.411834 0.562897 0.406067 0.556199 0.410826 0.549946 0.421456 0.547225 0.438280 0.544109 0.461294 0.540598 0.474299 0.537540 0.488542 0.535516
0 0.259336 0.453612 0.253035 0.457173 0.242306 0.457485 0.228687 0.457236 0.222209 0.444819 0.224079 0.438007 0.235126 0.433772 0.242969 0.432899 0.259277 0.428886 0.267121 0.428016 0.271431 0.440013 0.268108 0.452122 0.267692 0.453637
0 0.286109 0.425319 0.282816 0.420695 0.275082 0.418398 0.267764 0.414588 0.253433 0.408621 0.250753 0.407305 0.242486 0.415267 0.245363 0.421406 0.252682 0.425216 0.261858 0.427793 0.274754 0.427902
0 0.256263 0.384456 0.215960 0.420488 0.179724 0.433393 0.161959 0.442704 0.139283 0.431134 0.137750 0.422864 0.163366 0.407103 0.199001 0.385312 0.231825 0.376530 0.243792 0.377255 0.257193 0.383839
0 0.355792 0.459557 0.362595 0.462469 0.367661 0.457870 0.364684 0.449322 0.355615 0.443579 0.349314 0.447140 0.350847 0.455409 0.354141 0.460033
0 0.443544 0.486135 0.446967 0.476435 0.454600 0.476322 0.461307 0.476824 0.464808 0.480692 0.463245 0.489157 0.459002 0.496307 0.455283 0.498775 0.446411 0.497852 0.442911 0.493985
0 0.432619 0.423429 0.422085 0.428562 0.412175 0.431424 0.399071 0.432072 0.390102 0.428739 0.385988 0.421564 0.389113 0.404632 0.393871 0.398379 0.405432 0.395040 0.416459 0.401961 0.420990 0.407622 0.438503 0.421382
0 0.321904 0.372468 0.309402 0.382003 0.304240 0.384190 0.297731 0.388509 0.300402 0.395404 0.309164 0.399494 0.320715 0.401734 0.325878 0.399547 0.329093 0.390603 0.328697 0.380960 0.327570 0.376755
0 0.338934 0.368595 0.345659 0.357941 0.342683 0.349392 0.333012 0.334761 0.331775 0.333724 0.319284 0.337680 0.316178 0.343455 0.312243 0.352259 0.311816 0.359351 0.320985 0.367507 0.327273 0.369524
0 0.402150 0.384837 0.380916 0.373545 0.361652 0.357853 0.358685 0.343725 0.374282 0.333994 0.383984 0.331889 0.393577 0.332950 0.407591 0.342843 0.416135 0.353269 0.416935 0.366977 0.411348 0.376256 0.406175 0.384023
0 0.332173 0.285172 0.324112 0.292379 0.319464 0.295464 0.323884 0.304291 0.330995 0.308860 0.334397 0.310317 0.337611 0.301373 0.334843 0.292067
0 0.305539 0.293561 0.293978 0.296900 0.287055 0.302733 0.282297 0.308985 0.282900 0.317872 0.289387 0.324709 0.299287 0.327426 0.304241 0.325994 0.312105 0.313967 0.317704 0.299107 0.317091 0.295800 0.307081 0.296251
0 0.293487 0.226650 0.279482 0.211181 0.259694 0.200169 0.229698 0.184786 0.218256 0.179379 0.208059 0.169432 0.199188 0.168509 0.195657 0.181377 0.193788 0.188188 0.195933 0.199765 0.213349 0.211113 0.231585 0.225013 0.252086 0.241743 0.259187 0.251890 0.262272 0.257270 0.272904 0.254549 0.285722 0.241089 0.292141 0.228782
0 0.264505 0.335032 0.244892 0.339999 0.224864 0.346480 0.213402 0.352230 0.201524 0.359494 0.199971 0.362381 0.208722 0.372051 0.214805 0.374824 0.226258 0.374653 0.240510 0.367052 0.258262 0.363318 0.267558 0.357149 0.275620 0.349943 0.277084 0.339065
0 0.277006 0.325498 0.264505 0.335032 0.249431 0.340082 0.231788 0.340647 0.216834 0.336951 0.211168 0.332664 0.217982 0.329999 0.226754 0.328510 0.231106 0.318194 0.234310 0.314828 0.242263 0.310790 0.269708 0.310530 0.274246 0.310614 0.277431 0.318405 0.277104 0.327908
0 0.189709 0.275090 0.175556 0.285101 0.153383 0.280006 0.144938 0.271992 0.146916 0.262011 0.157765 0.252953 0.176754 0.250258 0.187069 0.251460 0.191796 0.261942 0.190540 0.272062
0 0.123182 0.207185 0.105488 0.235643 0.097319 0.246017 0.088031 0.246609 0.077617 0.242996 0.072484 0.234825 0.073938 0.229527 0.083049 0.206580 0.085957 0.195983 0.089785 0.190347 0.098044 0.187961 0.111958 0.195443 0.119584 0.200907 0.120611 0.202701
0 0.070959 0.330992 0.072086 0.335196 0.068653 0.350474 0.059869 0.357542 0.044699 0.360181 0.040061 0.357687 0.042779 0.343067 0.044857 0.335497
0 0.720194 0.519840 0.713270 0.525673 0.701916 0.528254 0.695004 0.528509 0.688812 0.528903 0.685498 0.535436 0.691473 0.541377 0.700335 0.547877 0.711579 0.548464 0.722111 0.543331 0.728115 0.532537 0.724931 0.524744
0 0.700503 0.511240 0.695528 0.523828 0.693145 0.529743 0.688596 0.535239 0.679615 0.537483 0.669605 0.537935 0.658568 0.536592 0.653110 0.531548 0.650657 0.518317 0.652518 0.517084 0.668707 0.521816 0.685312 0.525035 0.697922 0.512334
0 0.728637 0.358847 0.717283 0.361429 0.702637 0.359386 0.695635 0.351651 0.693381 0.343242 0.693588 0.342485 0.689356 0.344056 0.682838 0.353953 0.684479 0.359054 0.682926 0.361943 0.676319 0.363850 0.673214 0.369625 0.683202 0.380332 0.689809 0.378424 0.700648 0.374944 0.711477 0.377044 0.714781 0.376090 0.723870 0.370678
0 0.632447 0.376869 0.611204 0.371156 0.589654 0.363790 0.586667 0.360820 0.575926 0.366708 0.576025 0.369120 0.580862 0.376435 0.586725 0.385544 0.596516 0.391428 0.608790 0.393808 0.620658 0.392123 0.629440 0.385056
0 0.910341 0.237025 0.892094 0.228704 0.878081 0.218811 0.865205 0.207546 0.860992 0.197960 0.869468 0.189239 0.877934 0.186098 0.891651 0.188757 0.908969 0.197694 0.915979 0.199851 0.915871 0.203018 0.915021 0.217203
1 0.323588 0.676420 0.205257 0.618281 0.194991 0.696464 0.227109 0.708556
1 0.727763 0.386176 0.426146 0.571155 0.454297 0.607899 0.771985 0.422127
1 0.425068 0.259053 0.279916 0.268065 0.333989 0.522978 0.387587 0.551947 0.457612 0.524457
0 0.572722 0.308497 0.560241 0.295207 0.551340 0.289858 0.543221 0.285870 0.528042 0.295004 0.524746 0.302819 0.525044 0.310124 0.532851 0.315260 0.543788 0.317381 0.551445 0.318865 0.562548 0.316187
