0 0.318692 0.479582 0.320860 0.498121 0.316002 0.499001 0.304778 0.516184 0.304995 0.518038 0.300786 0.524484 0.301002 0.526340 0.292582 0.539231 0.290961 0.539525 0.286751 0.545973 0.287400 0.551541 0.269579 0.554769 0.268931 0.549201 0.265258 0.546077 0.262019 0.546663 0.258346 0.543539 0.256726 0.543832 0.253055 0.540708 0.251435 0.541002 0.249600 0.539440 0.247979 0.539734 0.246144 0.538171 0.244525 0.538464 0.242689 0.536903 0.242473 0.535047 0.238803 0.531923 0.233944 0.532803 0.233729 0.530948 0.240207 0.529774 0.245824 0.521182 0.247444 0.520888 0.250252 0.516592 0.251872 0.516299 0.253275 0.514150 0.254894 0.513857 0.256298 0.511708 0.257919 0.511415 0.259322 0.509268 0.260941 0.508974 0.262345 0.506826 0.263965 0.506533 0.266772 0.502237 0.268391 0.501944 0.271198 0.497650 0.272818 0.497357 0.274220 0.495209 0.273357 0.487793
0 0.237320 0.790420 0.237968 0.796013 0.239808 0.797583 0.241432 0.797288 0.243271 0.798858 0.244895 0.798563 0.246735 0.800134 0.249983 0.799545 0.251823 0.801116 0.255070 0.800527 0.256910 0.802097 0.260158 0.801508 0.261998 0.803078 0.265246 0.802489 0.267086 0.804060 0.268711 0.803766 0.270551 0.805336 0.272174 0.805041 0.274015 0.806612 0.277263 0.806023 0.279103 0.807594 0.280727 0.807300 0.282568 0.808870 0.284192 0.808576 0.286033 0.810145 0.287657 0.809851 0.289497 0.811422 0.291122 0.811128 0.292963 0.812699 0.294587 0.812405 0.298269 0.815545 0.299893 0.815250 0.301734 0.816822 0.303359 0.816527 0.307040 0.819669 0.308665 0.819374 0.314189 0.824087 0.315814 0.823792 0.319497 0.826935 0.321122 0.826641 0.324804 0.829782 0.326429 0.829488 0.328272 0.831059 0.333144 0.830176 0.335757 0.852569 0.329258 0.853748 0.325037 0.860230 0.323412 0.860525 0.320597 0.864849 0.318972 0.865144 0.314750 0.871628 0.313125 0.871922 0.310311 0.876246 0.310963 0.881847 0.275210 0.888330 0.274560 0.882728 0.272717 0.881154 0.271092 0.881449 0.269251 0.879877 0.261126 0.881350 0.259284 0.879777 0.256034 0.880366 0.254192 0.878794 0.252568 0.879088 0.252351 0.877222 0.250511 0.875649 0.250294 0.873781 0.248453 0.872209 0.247804 0.866609 0.245962 0.865037 0.245098 0.857570 0.243257 0.855998 0.243041 0.854132 0.241201 0.852561 0.240985 0.850694 0.224421 0.836551 0.222797 0.836846 0.217277 0.832132 0.215652 0.832426 0.211974 0.829284 0.210349 0.829578 0.206670 0.826437 0.205046 0.826731 0.203206 0.825159 0.201582 0.825454 0.199742 0.823884 0.198118 0.824178 0.196279 0.822608 0.194656 0.822902 0.190976 0.819760 0.189352 0.820054 0.185674 0.816913 0.184050 0.817207 0.182211 0.815637 0.180587 0.815932 0.173232 0.809650 0.172373 0.802192
0 0.125389 0.408690 0.127947 0.430903 0.121475 0.432075 0.115855 0.440654 0.114236 0.440947 0.107210 0.451673 0.105591 0.451966 0.078877 0.492739 0.079515 0.498299 0.060086 0.501818 0.059449 0.496257 0.048463 0.486896 0.046844 0.487189 0.045013 0.485630 0.043394 0.485923 0.041564 0.484362 0.039946 0.484656 0.038115 0.483096 0.036495 0.483390 0.032835 0.480270 0.031216 0.480563 0.029386 0.479003 0.028963 0.475297 0.030369 0.473150 0.030158 0.471298 0.031565 0.469152 0.033183 0.468859 0.035997 0.464569 0.037616 0.464276 0.040428 0.459985 0.042047 0.459692 0.047673 0.451110 0.049291 0.450817 0.053511 0.444383 0.055129 0.444090 0.059348 0.437656 0.060966 0.437363 0.063777 0.433073 0.065396 0.432780 0.066802 0.430636 0.068420 0.430343 0.071231 0.426055 0.070382 0.418650
0 0.430200 0.247811 0.433038 0.271813 0.428190 0.272691 0.418403 0.287668 0.416786 0.287960 0.413990 0.292240 0.414208 0.294087 0.405817 0.306930 0.406035 0.308777 0.403236 0.313059 0.403890 0.318604 0.361853 0.326215 0.361202 0.320669 0.359367 0.319113 0.354516 0.319992 0.352563 0.303361 0.357413 0.302483 0.361611 0.296062 0.363228 0.295770 0.367425 0.289351 0.369042 0.289058 0.374638 0.280499 0.376254 0.280207 0.381849 0.271650 0.383465 0.271357 0.387661 0.264939 0.389277 0.264647 0.390675 0.262509 0.389805 0.255124
0 0.479439 0.412626 0.480097 0.418181 0.496640 0.432211 0.498259 0.431918 0.505613 0.438155 0.507231 0.437862 0.512748 0.442540 0.519223 0.441367 0.521865 0.463605 0.517009 0.464484 0.515609 0.466632 0.513990 0.466925 0.511191 0.471219 0.509573 0.471512 0.506774 0.475807 0.507434 0.481368 0.462091 0.489582 0.461214 0.482166 0.446508 0.469681 0.446289 0.467828 0.440774 0.463149 0.440556 0.461295 0.436880 0.458175 0.436661 0.456321 0.434824 0.454762 0.434606 0.452910 0.430931 0.449790 0.430712 0.447937 0.428874 0.446378 0.428655 0.444525 0.423144 0.439846 0.422926 0.437994 0.421089 0.436434 0.420871 0.434583 0.419033 0.433024 0.414178 0.433904 0.413087 0.424643
0 0.079447 0.598690 0.080723 0.609834 0.082556 0.611398 0.083195 0.616971 0.085028 0.618535 0.085454 0.622252 0.087288 0.623815 0.087501 0.625674 0.089336 0.627238 0.089549 0.629097 0.091382 0.630661 0.091595 0.632518 0.095264 0.635648 0.095477 0.637507 0.104648 0.645331 0.106270 0.645037 0.109940 0.648168 0.111560 0.647875 0.115231 0.651004 0.116852 0.650710 0.118687 0.652276 0.120308 0.651982 0.123978 0.655113 0.125600 0.654819 0.129270 0.657950 0.130892 0.657656 0.132727 0.659222 0.134349 0.658929 0.136185 0.660493 0.137806 0.660200 0.139641 0.661766 0.141263 0.661472 0.143099 0.663037 0.147963 0.662156 0.150318 0.682613 0.143831 0.683789 0.139607 0.690252 0.136362 0.690840 0.133546 0.695149 0.134188 0.700732 0.113100 0.704553 0.112459 0.698970 0.103281 0.691137 0.103068 0.689277 0.090223 0.678314 0.090010 0.676453 0.084506 0.671756 0.084293 0.669896 0.080623 0.666764 0.080410 0.664904 0.074907 0.660208 0.073286 0.660502 0.071452 0.658936 0.068209 0.659524 0.066374 0.657959 0.064753 0.658253 0.062919 0.656688 0.059677 0.657275 0.057843 0.655709 0.056221 0.656003 0.054387 0.654437 0.052766 0.654731 0.050932 0.653166 0.049311 0.653460 0.041977 0.647200 0.040355 0.647494 0.036689 0.644364 0.035068 0.644657 0.029568 0.639964 0.027946 0.640257 0.016950 0.630868 0.016738 0.629011 0.013073 0.625882 0.006590 0.627057 0.006378 0.625198 0.017724 0.623143 0.020542 0.618841 0.022163 0.618548 0.024980 0.614245 0.024345 0.608672
0 0.501061 0.735003 0.503927 0.759225 0.499056 0.760107 0.493445 0.768741 0.493665 0.770604 0.490857 0.774921 0.491518 0.780514 0.476904 0.783163 0.476244 0.777570 0.467025 0.769721 0.465402 0.770015 0.461715 0.766876 0.460092 0.767170 0.458248 0.765601 0.453378 0.766484 0.450743 0.744124
0 0.637264 0.543140 0.641715 0.580283 0.635231 0.581458 0.633833 0.583608 0.632212 0.583902 0.629414 0.588206 0.627793 0.588500 0.626395 0.590652 0.624773 0.590946 0.619178 0.599554 0.619845 0.605129 0.611738 0.606598 0.610849 0.599164 0.607163 0.596036 0.605542 0.596329 0.603698 0.594764 0.603476 0.592906 0.596104 0.586650 0.591241 0.587531 0.587029 0.552242
0 0.288982 0.964071 0.293110 0.999617 0.273588 1.000000 0.272720 0.995672 0.270876 0.994096 0.269249 0.994391 0.263720 0.989663 0.262092 0.989958 0.258406 0.986805 0.253526 0.987690 0.251577 0.970854
0 0.876566 0.333138 0.879282 0.355341 0.871192 0.356806 0.868408 0.361093 0.866790 0.361386 0.865399 0.363530 0.863780 0.363823 0.859604 0.370255 0.857986 0.370548 0.856594 0.372693 0.857498 0.380097 0.841315 0.383028 0.840638 0.377475 0.831419 0.369684 0.831193 0.367834 0.829349 0.366275 0.829123 0.364425 0.825436 0.361310 0.825211 0.359460 0.823368 0.357902 0.822918 0.354201 0.821075 0.352643 0.819948 0.343392
0 0.291080 0.032192 0.291942 0.039545 0.295598 0.042638 0.300436 0.041763 0.305826 0.087745 0.297759 0.089205 0.294964 0.093468 0.293351 0.093760 0.291954 0.095893 0.290340 0.096185 0.287544 0.100449 0.288190 0.105972 0.257533 0.111519 0.256889 0.105997 0.253233 0.102899 0.251619 0.103191 0.249791 0.101642 0.248177 0.101934 0.242694 0.097290 0.236241 0.098457 0.234739 0.085576 0.239578 0.084701 0.259153 0.054865 0.258938 0.053026 0.264529 0.044504 0.263670 0.037151
0 0.464405 0.817812 0.467265 0.842070 0.460766 0.843248 0.456552 0.849732 0.457212 0.855332 0.442587 0.857983 0.441928 0.852383 0.436396 0.847666 0.434770 0.847961 0.429238 0.843246 0.427613 0.843540 0.425769 0.841968 0.424145 0.842263 0.420457 0.839120 0.415583 0.840004 0.414049 0.826941
0 0.406517 0.607716 0.409140 0.630019 0.397790 0.632075 0.396386 0.634229 0.394764 0.634523 0.384942 0.649594 0.385160 0.651454 0.380950 0.657915 0.381604 0.663495 0.371872 0.665259 0.371218 0.659678 0.367539 0.656546 0.365917 0.656840 0.360397 0.652142 0.358776 0.652436 0.356937 0.650871 0.355315 0.651165 0.353475 0.649600 0.351854 0.649893 0.348175 0.646761 0.346554 0.647055 0.344714 0.645490 0.343092 0.645784 0.341254 0.644219 0.339633 0.644513 0.337793 0.642947 0.336171 0.643241 0.334333 0.641674 0.332712 0.641968 0.330872 0.640404 0.329250 0.640697 0.327412 0.639131 0.325790 0.639425 0.323952 0.637861 0.319087 0.638742 0.317351 0.623872
0 0.393419 0.496340 0.396473 0.522307 0.391614 0.523187 0.390211 0.525335 0.388591 0.525629 0.387190 0.527778 0.387844 0.533345 0.366784 0.537160 0.366131 0.531593 0.364293 0.530030 0.362672 0.530324 0.360836 0.528762 0.357596 0.529349 0.355758 0.527787 0.354138 0.528080 0.352302 0.526519 0.350681 0.526812 0.348844 0.525250 0.347224 0.525543 0.343550 0.522421 0.341931 0.522714 0.340094 0.521152 0.338356 0.506314
0 0.782571 0.000000 0.786602 0.028936 0.776924 0.030687 0.775535 0.032818 0.762630 0.035153 0.760794 0.033606 0.755955 0.034482 0.754119 0.032934 0.752505 0.033226 0.752282 0.031387 0.746774 0.026746 0.746550 0.024907 0.741042 0.020266 0.734591 0.021434 0.732584 0.004887
0 0.322350 0.004014 0.324508 0.022390 0.316447 0.023848 0.313653 0.028108 0.312041 0.028399 0.310645 0.030528 0.307420 0.031112 0.306023 0.033242 0.299574 0.034409 0.297745 0.032862 0.294521 0.033446 0.289038 0.028807 0.287425 0.029099 0.283771 0.026006 0.282158 0.026298 0.278503 0.023206 0.273667 0.024081 0.272377 0.013055
0 0.502186 0.856713 0.504835 0.879121 0.499960 0.880005 0.498555 0.882169 0.496929 0.882463 0.494120 0.886788 0.495003 0.894260 0.464117 0.899860 0.463237 0.892387 0.461392 0.890814 0.454889 0.891994 0.451810 0.865846
0 0.256060 0.680546 0.258005 0.697293 0.251516 0.698468 0.250109 0.700623 0.248487 0.700917 0.247081 0.703071 0.245458 0.703365 0.239832 0.711987 0.236587 0.712575 0.235180 0.714731 0.235827 0.720316 0.232583 0.720904 0.231936 0.715319 0.230097 0.713751 0.228474 0.714045 0.226637 0.712478 0.225015 0.712772 0.223176 0.711205 0.221554 0.711499 0.219716 0.709931 0.218093 0.710225 0.216256 0.708658 0.214634 0.708951 0.212796 0.707385 0.211173 0.707679 0.209336 0.706112 0.207714 0.706406 0.198526 0.698571 0.193659 0.699453 0.192799 0.692010
0 0.708298 0.144709 0.711642 0.172361 0.684187 0.177331 0.683520 0.171798 0.678007 0.167143 0.676391 0.167436 0.672717 0.164333 0.672495 0.162490 0.670658 0.160940 0.665814 0.161817 0.664703 0.152600
0 0.602000 0.747159 0.605335 0.775118 0.598840 0.776296 0.597438 0.778454 0.598104 0.784048 0.580241 0.787286 0.579575 0.781693 0.575883 0.778552 0.574260 0.778847 0.572413 0.777276 0.570790 0.777570 0.567098 0.774432 0.565475 0.774726 0.559939 0.770016 0.553444 0.771193 0.551673 0.756282
0 0.711511 0.431147 0.712405 0.438559 0.719776 0.444798 0.724632 0.443919 0.728438 0.475434 0.723580 0.476314 0.722184 0.478462 0.720565 0.478755 0.716376 0.485198 0.714756 0.485492 0.710569 0.491937 0.711240 0.497501 0.701520 0.499262 0.700850 0.493698 0.699006 0.492137 0.695767 0.492724 0.693924 0.491162 0.684206 0.492922 0.682362 0.491360 0.677503 0.492241 0.675660 0.490680 0.672422 0.491267 0.670578 0.489705 0.665719 0.490585 0.663877 0.489024 0.657398 0.490198 0.655556 0.488637 0.645837 0.490398 0.644502 0.479270 0.649361 0.478390 0.650759 0.476242 0.653998 0.475656 0.656791 0.471361 0.660029 0.470774 0.661426 0.468626 0.663045 0.468333 0.664442 0.466186 0.667681 0.465599 0.669078 0.463453 0.670697 0.463159 0.673489 0.458865 0.675108 0.458572 0.676505 0.456424 0.678123 0.456131 0.680917 0.451837 0.682535 0.451544 0.685327 0.447251 0.686947 0.446957 0.689738 0.442665 0.688845 0.435252
0 0.800516 0.210941 0.801415 0.218324 0.803256 0.219876 0.809719 0.218706 0.813318 0.248247 0.806853 0.249417 0.799894 0.260115 0.798278 0.260408 0.795495 0.264687 0.796169 0.270230 0.780003 0.273157 0.779330 0.267614 0.775648 0.264505 0.774031 0.264798 0.761148 0.253918 0.760924 0.252071 0.757243 0.248962 0.757019 0.247115 0.755178 0.245562 0.754955 0.243716 0.753115 0.242162 0.748266 0.243040 0.747147 0.233808 0.751996 0.232930 0.754780 0.228653 0.754556 0.226807 0.755948 0.224668 0.755277 0.219132
0 0.539150 0.553329 0.540475 0.564470 0.535613 0.565351 0.534213 0.567501 0.532592 0.567795 0.529792 0.572098 0.528171 0.572391 0.526770 0.574542 0.525150 0.574835 0.520949 0.581289 0.519329 0.581583 0.517929 0.583734 0.514687 0.584321 0.513286 0.586472 0.506802 0.587647 0.504961 0.586083 0.503340 0.586377 0.501498 0.584814 0.499878 0.585107 0.494354 0.580415 0.492734 0.580709 0.481690 0.571327 0.480070 0.571620 0.479191 0.564192
0 0.538548 0.659753 0.541642 0.685804 0.536774 0.686686 0.535373 0.688840 0.533750 0.689135 0.526742 0.699913 0.527405 0.705499 0.503063 0.709910 0.502402 0.704324 0.498716 0.701189 0.497094 0.701483 0.495251 0.699916 0.493628 0.700210 0.491785 0.698642 0.490163 0.698936 0.488320 0.697368 0.486697 0.697662 0.484855 0.696095 0.481609 0.696684 0.479767 0.695117 0.476522 0.695705 0.472837 0.692569 0.471958 0.685126 0.473580 0.684832 0.474983 0.682676 0.476606 0.682382 0.478007 0.680227 0.481252 0.679639 0.484057 0.675330 0.483396 0.669748
0 0.266880 0.488966 0.268607 0.503799 0.260509 0.505266 0.257703 0.509561 0.256083 0.509854 0.254678 0.512002 0.253060 0.512295 0.251656 0.514443 0.248416 0.515030 0.245608 0.519326 0.243989 0.519620 0.242585 0.521768 0.240965 0.522062 0.236753 0.528506 0.230273 0.529680 0.228869 0.531828 0.211052 0.535055 0.209217 0.533494 0.202738 0.534668 0.200904 0.533107 0.197663 0.533694 0.195829 0.532131 0.194210 0.532424 0.192375 0.530863 0.189136 0.531450 0.187302 0.529888 0.184061 0.530475 0.182228 0.528914 0.180608 0.529207 0.178774 0.527645 0.177155 0.527938 0.171653 0.523253 0.166795 0.524133 0.166152 0.518570 0.172629 0.517397 0.174035 0.515249 0.173821 0.513394 0.175226 0.511247 0.174584 0.505684
0 0.538772 0.009905 0.539430 0.015419 0.543095 0.018513 0.544708 0.018221 0.546541 0.019767 0.554603 0.018308 0.557683 0.044050 0.551231 0.045218 0.545659 0.053742 0.544045 0.054034 0.538473 0.062560 0.539132 0.068079 0.524613 0.070707 0.523954 0.065187 0.522122 0.063640 0.517282 0.064516 0.515449 0.062968 0.504157 0.065011 0.502326 0.063464 0.500712 0.063756 0.495215 0.059112 0.493603 0.059404 0.488108 0.054761 0.484881 0.055345 0.483049 0.053797 0.481436 0.054089 0.479605 0.052542 0.474766 0.053418 0.472581 0.035028 0.477418 0.034153 0.482994 0.025631 0.482338 0.020116
0 0.718625 0.558755 0.720865 0.577330 0.716002 0.578212 0.710413 0.586819 0.707170 0.587406 0.705773 0.589558 0.687939 0.592789 0.686542 0.594942 0.687212 0.600518 0.683969 0.601106 0.683299 0.595530 0.681455 0.593964 0.679833 0.594258 0.677988 0.592694 0.671504 0.593869 0.668380 0.567859
0 0.632942 0.673059 0.635837 0.697257 0.627724 0.698727 0.626323 0.700884 0.616586 0.702649 0.614741 0.701080 0.609873 0.701963 0.608027 0.700396 0.604782 0.700984 0.602937 0.699417 0.601314 0.699711 0.595780 0.695007 0.590911 0.695890 0.589136 0.680999
0 0.247450 0.492486 0.250252 0.516592 0.243773 0.517766 0.242370 0.519913 0.240750 0.520206 0.239345 0.522355 0.232867 0.523529 0.230058 0.527826 0.228438 0.528119 0.227034 0.530267 0.225414 0.530560 0.224009 0.532708 0.215911 0.534175 0.214505 0.536325 0.215150 0.541891 0.214505 0.536325 0.212671 0.534762 0.207811 0.535642 0.205977 0.534081 0.199498 0.535255 0.197663 0.533694 0.196044 0.533987 0.194210 0.532424 0.190969 0.533011 0.189136 0.531450 0.187516 0.531743 0.185682 0.530181 0.182442 0.530768 0.180608 0.529207 0.178989 0.529501 0.171653 0.523253 0.166795 0.524133 0.166152 0.518570 0.171010 0.517690 0.173821 0.513394 0.172964 0.505977
0 0.117773 0.918781 0.121841 0.954290 0.100703 0.958123 0.100062 0.952515 0.094544 0.947790 0.092918 0.948085 0.089239 0.944938 0.082737 0.946116 0.080389 0.925559
0 0.291899 0.363427 0.294059 0.381925 0.289206 0.382804 0.287805 0.384947 0.284570 0.385533 0.283168 0.387676 0.279932 0.388262 0.278531 0.390405 0.270442 0.391870 0.269040 0.394014 0.267206 0.392456 0.262353 0.393335 0.255021 0.387106 0.250168 0.387985 0.248231 0.371334
0 0.521013 0.095800 0.521671 0.101324 0.523505 0.102872 0.523725 0.104714 0.527391 0.107811 0.527611 0.109653 0.533111 0.114300 0.533331 0.116143 0.542501 0.123890 0.542721 0.125732 0.546389 0.128832 0.548003 0.128540 0.549837 0.130090 0.550057 0.131932 0.551891 0.133482 0.553505 0.133189 0.557174 0.136291 0.557394 0.138133 0.561064 0.141233 0.562678 0.140941 0.573687 0.150243 0.575301 0.149951 0.582643 0.156154 0.584257 0.155862 0.586093 0.157413 0.590937 0.156536 0.592925 0.173126 0.588081 0.174003 0.586686 0.176140 0.585072 0.176432 0.582283 0.180703 0.580668 0.180996 0.575090 0.189542 0.573475 0.189835 0.572081 0.191971 0.572743 0.197504 0.553360 0.201013 0.552699 0.195479 0.549028 0.192375 0.545798 0.192960 0.543962 0.191408 0.542348 0.191700 0.538677 0.188596 0.537063 0.188889 0.535227 0.187338 0.535008 0.185494 0.531338 0.182390 0.531118 0.180547 0.527449 0.177444 0.527229 0.175600 0.525394 0.174049 0.524735 0.168519 0.522901 0.166968 0.520484 0.146695 0.514983 0.142044 0.514764 0.140201 0.496429 0.124702 0.494815 0.124994 0.489315 0.120346 0.482860 0.121514 0.480672 0.103101
0 0.585357 0.385878 0.589562 0.421059 0.566901 0.425163 0.566238 0.419606 0.564399 0.418046 0.562780 0.418339 0.560942 0.416781 0.559323 0.417074 0.557483 0.415515 0.555865 0.415808 0.552186 0.412691 0.550569 0.412984 0.545051 0.408308 0.544610 0.404605 0.546008 0.402460 0.545788 0.400609 0.547185 0.398464 0.546523 0.392911
0 0.091455 0.717974 0.092094 0.723557 0.095766 0.726693 0.097388 0.726399 0.102896 0.731102 0.109386 0.729925 0.112590 0.757858 0.107720 0.758741 0.104903 0.763056 0.105116 0.764918 0.103706 0.767075 0.103919 0.768938 0.101100 0.773253 0.101313 0.775116 0.098494 0.779432 0.098707 0.781295 0.097298 0.783453 0.098152 0.790908 0.072175 0.795616 0.071536 0.790024 0.062355 0.782176 0.062142 0.780314 0.056635 0.775606 0.056422 0.773743 0.054586 0.772175 0.049717 0.773057 0.047592 0.754429 0.052460 0.753547 0.053871 0.751390 0.053020 0.743941 0.054430 0.741786 0.052517 0.725030
0 0.393033 0.156588 0.395425 0.176860 0.390581 0.177737 0.389184 0.179873 0.387568 0.180165 0.384775 0.184437 0.383159 0.184729 0.380364 0.189001 0.381016 0.194533 0.371326 0.196287 0.370675 0.190755 0.365179 0.186100 0.363565 0.186392 0.359901 0.183290 0.358287 0.183582 0.350962 0.177377 0.350528 0.173692 0.351926 0.171556 0.351059 0.164185
0 0.586188 0.227114 0.589282 0.252957 0.584433 0.253835 0.583039 0.255973 0.581422 0.256266 0.580027 0.258406 0.580690 0.263945 0.551598 0.269212 0.550937 0.263672 0.547264 0.260564 0.539183 0.262027 0.536101 0.236181
0 0.824899 0.615460 0.825577 0.621039 0.827425 0.622605 0.829047 0.622310 0.830895 0.623876 0.834138 0.623288 0.835987 0.624854 0.839231 0.624266 0.841079 0.625831 0.842701 0.625538 0.844549 0.627104 0.846171 0.626810 0.848020 0.628377 0.852885 0.627495 0.857189 0.662844 0.852322 0.663726 0.850926 0.665882 0.849303 0.666176 0.846511 0.670486 0.844888 0.670780 0.843492 0.672936 0.841869 0.673230 0.840472 0.675386 0.838850 0.675680 0.837454 0.677835 0.835831 0.678129 0.833038 0.682441 0.831415 0.682735 0.828623 0.687047 0.826999 0.687341 0.824205 0.691654 0.822583 0.691948 0.821186 0.694103 0.819562 0.694398 0.816769 0.698711 0.815146 0.699006 0.810954 0.705475 0.809331 0.705769 0.807935 0.707925 0.806311 0.708220 0.804913 0.710377 0.805590 0.715965 0.803968 0.716259 0.803290 0.710671 0.801441 0.709102 0.798196 0.709691 0.796347 0.708123 0.794723 0.708417 0.789178 0.703713 0.787554 0.704007 0.782009 0.699302 0.780387 0.699596 0.778538 0.698029 0.776916 0.698323 0.771371 0.693619 0.769747 0.693913 0.767900 0.692345 0.767675 0.690483 0.760284 0.684213 0.760059 0.682352 0.758212 0.680784 0.757987 0.678922 0.754291 0.675787 0.754066 0.673926 0.752219 0.672360 0.751995 0.670498 0.750147 0.668930 0.749922 0.667070 0.748076 0.665503 0.747851 0.663642 0.746004 0.662076 0.745780 0.660214 0.743932 0.658647 0.743708 0.656787 0.732628 0.647388 0.731005 0.647682 0.729159 0.646115 0.724293 0.646997 0.722724 0.633977
0 0.432610 0.059166 0.433264 0.064685 0.436927 0.067780 0.440152 0.067196 0.441984 0.068744 0.448436 0.067577 0.451055 0.089658 0.446215 0.090534 0.444819 0.092666 0.443205 0.092958 0.439020 0.099356 0.437406 0.099648 0.434615 0.103914 0.435269 0.109436 0.422359 0.111773 0.421705 0.106250 0.418043 0.103152 0.416429 0.103444 0.414599 0.101896 0.411370 0.102480 0.409540 0.100931 0.407927 0.101223 0.404264 0.098125 0.402651 0.098417 0.397157 0.093771 0.395544 0.094063 0.391883 0.090967 0.390270 0.091259 0.388439 0.089710 0.387788 0.084190 0.389184 0.082057 0.388967 0.080217 0.394550 0.071691 0.393898 0.066171
0 0.560048 0.284666 0.563357 0.312386 0.535870 0.317363 0.535209 0.311817 0.533372 0.310261 0.531755 0.310554 0.529918 0.308999 0.526684 0.309584 0.524847 0.308028 0.523231 0.308321 0.515884 0.302101 0.511034 0.302979 0.509935 0.293740
0 0.389182 0.869573 0.389839 0.875174 0.393528 0.878321 0.395152 0.878026 0.398840 0.881172 0.400466 0.880878 0.404153 0.884023 0.405779 0.883728 0.409468 0.886875 0.411094 0.886580 0.418472 0.892872 0.420097 0.892578 0.436703 0.906740 0.441579 0.905856 0.446196 0.945111 0.441317 0.945996 0.423029 0.974145 0.421403 0.974440 0.411552 0.989604 0.409925 0.989899 0.408518 0.992065 0.397130 0.994130 0.395283 0.992554 0.393656 0.992850 0.382582 0.983391 0.382363 0.981520 0.376827 0.976792 0.376608 0.974922 0.372918 0.971770 0.372480 0.968029 0.370636 0.966452 0.368231 0.945881 0.366386 0.944307 0.365731 0.938698 0.363886 0.937123 0.363667 0.935254 0.361824 0.933679 0.361605 0.931810 0.356073 0.927087 0.354447 0.927382 0.350759 0.924233 0.349134 0.924528 0.347289 0.922953 0.345664 0.923248 0.343819 0.921673 0.342193 0.921968 0.340350 0.920395 0.338725 0.920689 0.336881 0.919116 0.335255 0.919411 0.331568 0.916262 0.329942 0.916556 0.328098 0.914983 0.326473 0.915278 0.324630 0.913705 0.323004 0.913999 0.319318 0.910851 0.317692 0.911145 0.315849 0.909572 0.314224 0.909867 0.312381 0.908293 0.310756 0.908587 0.307069 0.905442 0.305444 0.905736 0.301759 0.902588 0.300133 0.902883 0.298291 0.901310 0.290163 0.902784 0.288427 0.887841
0 0.753002 0.023739 0.754119 0.032934 0.747667 0.034102 0.746277 0.036233 0.744664 0.036525 0.743275 0.038656 0.741661 0.038948 0.740271 0.041080 0.740941 0.046599 0.731262 0.048351 0.730592 0.042831 0.725085 0.038188 0.724862 0.036349 0.723025 0.034802 0.722357 0.029285
0 0.091455 0.717974 0.092094 0.723557 0.095766 0.726693 0.097388 0.726399 0.101060 0.729533 0.102682 0.729239 0.104518 0.730808 0.109386 0.729925 0.112804 0.759722 0.106312 0.760898 0.104903 0.763056 0.105116 0.764918 0.103706 0.767075 0.103919 0.768938 0.102509 0.771096 0.102723 0.772959 0.099904 0.777274 0.100118 0.779138 0.097298 0.783453 0.097511 0.785316 0.096101 0.787473 0.094477 0.787768 0.090247 0.794242 0.090887 0.799834 0.081145 0.801600 0.080506 0.796008 0.076833 0.792869 0.075210 0.793163 0.055011 0.775900 0.050142 0.776782 0.047167 0.750705 0.052035 0.749823 0.053445 0.747666 0.053020 0.743941 0.054430 0.741786 0.052517 0.725030
0 1.000000 0.420189 1.000000 0.462828 0.995804 0.468697 0.995118 0.463134 0.991421 0.460012 0.988182 0.460599 0.986335 0.459038 0.984715 0.459332 0.982866 0.457770 0.981247 0.458064 0.979399 0.456502 0.976159 0.457089 0.974312 0.455529 0.972692 0.455822 0.970844 0.454261 0.967605 0.454848 0.965757 0.453287 0.964138 0.453581 0.958596 0.448899 0.952118 0.450073 0.950068 0.433389
0 0.389182 0.869573 0.389839 0.875174 0.393528 0.878321 0.395152 0.878026 0.398840 0.881172 0.400466 0.880878 0.404153 0.884023 0.405779 0.883728 0.409468 0.886875 0.411094 0.886580 0.418472 0.892872 0.420097 0.892578 0.436703 0.906740 0.441579 0.905856 0.446196 0.945111 0.441317 0.945996 0.423029 0.974145 0.421403 0.974440 0.411552 0.989604 0.409925 0.989899 0.408518 0.992065 0.397130 0.994130 0.395283 0.992554 0.393656 0.992850 0.382582 0.983391 0.382363 0.981520 0.376827 0.976792 0.376608 0.974922 0.372918 0.971770 0.372480 0.968029 0.370636 0.966452 0.368013 0.944012 0.366168 0.942437 0.365731 0.938698 0.363886 0.937123 0.363667 0.935254 0.361824 0.933679 0.361605 0.931810 0.356073 0.927087 0.354447 0.927382 0.350759 0.924233 0.349134 0.924528 0.347289 0.922953 0.345664 0.923248 0.343819 0.921673 0.342193 0.921968 0.340350 0.920395 0.338725 0.920689 0.336881 0.919116 0.335255 0.919411 0.331568 0.916262 0.329942 0.916556 0.328098 0.914983 0.326473 0.915278 0.324630 0.913705 0.323004 0.913999 0.319318 0.910851 0.317692 0.911145 0.315849 0.909572 0.314224 0.909867 0.312381 0.908293 0.310756 0.908587 0.307069 0.905442 0.305444 0.905736 0.301759 0.902588 0.300133 0.902883 0.298291 0.901310 0.296666 0.901605 0.294823 0.900032 0.293197 0.900327 0.292980 0.898458 0.289295 0.895312 0.288427 0.887841
0 0.585357 0.385878 0.589562 0.421059 0.565283 0.425456 0.564620 0.419899 0.560942 0.416781 0.559323 0.417074 0.557483 0.415515 0.555865 0.415808 0.554025 0.414250 0.552407 0.414543 0.550569 0.412984 0.544095 0.414156 0.541669 0.393790
1 0.815036 0.129155 0.575887 0.141060 0.895190 0.514747
0 1.000000 0.309426 0.978430 0.316582 0.975905 0.329646 0.991496 0.333125 1.000000 0.330927 1.000000 0.329462
0 0.998774 0.224732 0.972218 0.232688 0.971648 0.228072 0.975517 0.214789 0.988620 0.198264 0.995163 0.195507
0 0.946312 0.100685 0.948266 0.083071 0.934061 0.079368 0.919077 0.080513 0.904471 0.084724 0.896188 0.095636 0.893094 0.104041 0.894036 0.111715 0.902485 0.113325 0.929958 0.113061 0.949949 0.107874
0 0.192619 0.164949 0.174875 0.154054 0.100118 0.148779 0.020064 0.156996 0.000000 0.177742 0.000000 0.377898 0.000000 0.384999 0.003635 0.386038 0.032114 0.382456 0.079638 0.376998 0.111096 0.363437 0.150735 0.337387 0.188120 0.303893 0.199025 0.243800 0.196997 0.190813
0 0.848623 0.403617 0.857773 0.400973 0.862438 0.410968 0.872278 0.421014 0.861910 0.427820 0.855912 0.421020
0 0.479251 0.170773 0.468868 0.162853 0.452218 0.159987 0.423873 0.167077 0.406630 0.180976 0.410740 0.193955 0.427005 0.200815 0.443317 0.200804 0.470602 0.191943 0.481958 0.179103
