0 0.193125 0.610226 0.193124 0.615547 0.194866 0.617365 0.196609 0.617409 0.198351 0.619227 0.200093 0.619271 0.201834 0.621088 0.203576 0.621132 0.205318 0.622950 0.207059 0.622993 0.208801 0.624810 0.210541 0.624853 0.214023 0.628486 0.215763 0.628529 0.217503 0.630346 0.224460 0.630518 0.224478 0.653582 0.219257 0.653459 0.217517 0.655194 0.215777 0.655154 0.212294 0.658626 0.210552 0.658585 0.207068 0.662058 0.203581 0.661977 0.201837 0.663716 0.200093 0.663675 0.196604 0.667153 0.196603 0.672492 0.124801 0.670864 0.124813 0.665508 0.121309 0.661857 0.119551 0.661816 0.117798 0.659990 0.116040 0.659949 0.105519 0.648991 0.100241 0.648866 0.100303 0.629238 0.105578 0.629368 0.114388 0.620677 0.116144 0.620721 0.119664 0.617247 0.121420 0.617292 0.124936 0.613820 0.124949 0.608483
0 0.142792 0.432184 0.142782 0.437459 0.144521 0.439275 0.146262 0.439333 0.147999 0.441150 0.154960 0.441382 0.156697 0.443198 0.165390 0.443487 0.167125 0.445301 0.175811 0.445590 0.177545 0.447405 0.191426 0.447865 0.193159 0.449677 0.217403 0.450479 0.219133 0.452290 0.258840 0.453601 0.258896 0.483382 0.107776 0.478607 0.107792 0.473311 0.106048 0.471491 0.104299 0.471435 0.102555 0.469613 0.093803 0.469333 0.093910 0.437580 0.099156 0.437755 0.100911 0.436053 0.100927 0.430769
0 0.854779 0.146760 0.855410 0.176789 0.848959 0.176484 0.847379 0.178078 0.847414 0.179749 0.836351 0.190924 0.834736 0.190849 0.828403 0.197243 0.826785 0.197168 0.823616 0.200369 0.821996 0.200294 0.818826 0.203496 0.817206 0.203421 0.814032 0.206626 0.812411 0.206552 0.809234 0.209757 0.807613 0.209683 0.806024 0.211287 0.804402 0.211213 0.802812 0.212817 0.801189 0.212743 0.798007 0.215955 0.796384 0.215881 0.794792 0.217486 0.791543 0.217339 0.789950 0.218945 0.788325 0.218872 0.786732 0.220480 0.785106 0.220406 0.781917 0.223622 0.782011 0.228666 0.754321 0.227429 0.754231 0.222379 0.750909 0.218866 0.747646 0.218719 0.745985 0.216962 0.744353 0.216888 0.742692 0.215131 0.739427 0.214984 0.736103 0.211468 0.734470 0.211394 0.732808 0.209636 0.727905 0.209413 0.727706 0.197629 0.734240 0.197930 0.737446 0.194716 0.739078 0.194792 0.740681 0.193185 0.742311 0.193261 0.743913 0.191656 0.745544 0.191731 0.747144 0.190127 0.748775 0.190203 0.750375 0.188598 0.752004 0.188673 0.753604 0.187070 0.755233 0.187146 0.756831 0.185542 0.758459 0.185618 0.760057 0.184015 0.761685 0.184091 0.764879 0.180888 0.768132 0.181040 0.769728 0.179439 0.771353 0.179515 0.774542 0.176314 0.776167 0.176391 0.777761 0.174791 0.779385 0.174867 0.780978 0.173269 0.782601 0.173345 0.784194 0.171747 0.785818 0.171824 0.788999 0.168628 0.790622 0.168705 0.793802 0.165512 0.795424 0.165589 0.798600 0.162396 0.800221 0.162474 0.801809 0.160879 0.803429 0.160957 0.805016 0.159363 0.806635 0.159441 0.809807 0.156253 0.811426 0.156331 0.813011 0.154737 0.814628 0.154815 0.816213 0.153222 0.817830 0.153300 0.820996 0.150117 0.820896 0.145108
0 0.924566 0.601556 0.924684 0.606689 0.928010 0.610197 0.929635 0.610240 0.931298 0.611995 0.932921 0.612038 0.934584 0.613792 0.936207 0.613835 0.937869 0.615588 0.942736 0.615716 0.943219 0.636257 0.936725 0.636093 0.935141 0.637766 0.933517 0.637725 0.931932 0.639398 0.927056 0.639276 0.925469 0.640950 0.923843 0.640910 0.922256 0.642584 0.922373 0.647731 0.897943 0.647129 0.897830 0.641975 0.896161 0.640218 0.894531 0.640177 0.892863 0.638418 0.889599 0.638337 0.887931 0.636578 0.884667 0.636496 0.882997 0.634737 0.881365 0.634696 0.879696 0.632936 0.878062 0.632895 0.873052 0.627616 0.866516 0.627449 0.866154 0.610275 0.871054 0.610404 0.872650 0.608731 0.874283 0.608774 0.877474 0.605431 0.877364 0.600286
0 0.469709 0.381053 0.469754 0.386227 0.473154 0.389800 0.474838 0.389861 0.476538 0.391648 0.478223 0.391709 0.479922 0.393495 0.481606 0.393556 0.485003 0.397128 0.486687 0.397188 0.490084 0.400758 0.496813 0.401000 0.496993 0.419981 0.490260 0.419745 0.486923 0.423082 0.486971 0.428267 0.432922 0.426399 0.432883 0.421202 0.429471 0.417620 0.424389 0.417442 0.424241 0.396668 0.429320 0.396850 0.431000 0.395182 0.430987 0.393452 0.434343 0.390117 0.434330 0.388388 0.437687 0.385056 0.437648 0.379874
0 0.182737 0.475698 0.182735 0.480975 0.186207 0.484604 0.187943 0.484659 0.189679 0.486474 0.196622 0.486691 0.196620 0.502531 0.191412 0.502372 0.189673 0.504081 0.187936 0.504028 0.184458 0.507446 0.182720 0.507393 0.180981 0.509103 0.179241 0.509050 0.177500 0.510761 0.177496 0.516053 0.126920 0.514538 0.126932 0.509234 0.123445 0.505593 0.121697 0.505540 0.118207 0.501899 0.116459 0.501845 0.114714 0.500024 0.107714 0.499809 0.107792 0.473311
0 0.888317 0.504976 0.888466 0.511789 0.890128 0.513543 0.891752 0.513594 0.895076 0.517102 0.901571 0.517303 0.902254 0.547993 0.895753 0.547801 0.894164 0.549461 0.884404 0.549174 0.882813 0.550835 0.879557 0.550739 0.877966 0.552401 0.878076 0.557529 0.863404 0.557104 0.863296 0.551972 0.861628 0.550214 0.856734 0.550070 0.855066 0.548312 0.850169 0.548169 0.848500 0.546409 0.846867 0.546361 0.845199 0.544602 0.843565 0.544554 0.840227 0.541035 0.838593 0.540986 0.833586 0.535707 0.833551 0.533996 0.830213 0.530475 0.825307 0.530327 0.825171 0.523484 0.830076 0.523634 0.836475 0.516997 0.836441 0.515288 0.838039 0.513631 0.839672 0.513681 0.844465 0.508711 0.844360 0.503590
0 0.427666 0.637285 0.427704 0.642555 0.431141 0.646153 0.437961 0.646318 0.438146 0.670931 0.383419 0.669672 0.383388 0.664380 0.379939 0.660774 0.378224 0.660734 0.376499 0.658931 0.371353 0.658810 0.371229 0.635898
0 0.120790 0.173166 0.120777 0.178358 0.124229 0.181978 0.125959 0.182057 0.127685 0.183867 0.134602 0.184181 0.134566 0.201497 0.129376 0.201266 0.122435 0.207893 0.122422 0.213097 0.059880 0.210345 0.059966 0.191220 0.066929 0.191532 0.077405 0.181586 0.079142 0.181665 0.080886 0.180008 0.082624 0.180087 0.086110 0.176777 0.086129 0.171577
0 0.759237 0.412114 0.759328 0.417226 0.762670 0.420752 0.769228 0.420984 0.769660 0.444854 0.764738 0.444686 0.761516 0.447988 0.759875 0.447932 0.758264 0.449585 0.754978 0.449473 0.753365 0.451125 0.750078 0.451014 0.748464 0.452667 0.748553 0.457796 0.737037 0.457409 0.736950 0.452278 0.735274 0.450512 0.731981 0.450400 0.730306 0.448635 0.727012 0.448523 0.725337 0.446756 0.723689 0.446700 0.722013 0.444933 0.720365 0.444877 0.718688 0.443110 0.712094 0.442884 0.711704 0.418949 0.719941 0.419240 0.721559 0.417590 0.723205 0.417649 0.724823 0.416000 0.724738 0.410880
0 0.836199 0.503333 0.836579 0.522124 0.831676 0.521973 0.828475 0.525295 0.825205 0.525195 0.823602 0.526856 0.820330 0.526756 0.817123 0.530080 0.817224 0.535217 0.790990 0.534431 0.790894 0.529288 0.785873 0.523997 0.779304 0.523798 0.778895 0.501527
0 0.795817 0.529437 0.795914 0.534579 0.799260 0.538104 0.804181 0.538250 0.804477 0.553683 0.797912 0.553492 0.794693 0.556830 0.794790 0.561980 0.755295 0.560849 0.755205 0.555689 0.753525 0.553921 0.746930 0.553730 0.746483 0.527947
0 0.607571 0.304130 0.607660 0.310949 0.609341 0.312722 0.615974 0.312989 0.616132 0.324926 0.609497 0.324663 0.606222 0.327945 0.604562 0.327880 0.601284 0.331164 0.599623 0.331099 0.597983 0.332742 0.594659 0.332611 0.593019 0.334255 0.591356 0.334189 0.589714 0.335833 0.588051 0.335768 0.586408 0.337413 0.586472 0.342543 0.573151 0.342026 0.573090 0.336893 0.569717 0.333341 0.568050 0.333276 0.566364 0.331500 0.564697 0.331434 0.563010 0.329657 0.561343 0.329591 0.559656 0.327815 0.557989 0.327749 0.556301 0.325972 0.551295 0.325774 0.551027 0.301830
0 0.735901 0.390839 0.736337 0.416409 0.691854 0.414828 0.691587 0.397741 0.696536 0.397921 0.698157 0.396274 0.699807 0.396334 0.701428 0.394687 0.701346 0.389568
0 0.288438 0.577396 0.288453 0.582681 0.291913 0.586299 0.300535 0.586531 0.300569 0.597104 0.295396 0.596967 0.293675 0.598685 0.291949 0.598640 0.290229 0.600358 0.286776 0.600267 0.285055 0.601987 0.283327 0.601942 0.281604 0.603662 0.279876 0.603617 0.278153 0.605338 0.278166 0.610635 0.219229 0.609123 0.219209 0.575511
0 0.290772 0.194703 0.290792 0.201579 0.292502 0.203376 0.299316 0.203681 0.299370 0.220881 0.253268 0.218853 0.253259 0.213680 0.251546 0.211881 0.246411 0.211654 0.246400 0.204756 0.251534 0.204985 0.258362 0.198403 0.258352 0.193237
0 0.818735 0.612462 0.819241 0.638295 0.781391 0.637349 0.780915 0.611470
0 0.802446 0.447680 0.802936 0.473261 0.773438 0.472290 0.773345 0.467163 0.771673 0.465399 0.765106 0.465181 0.764769 0.446393
0 0.715721 0.362859 0.716254 0.395228 0.665099 0.393360 0.664618 0.360914
0 1.000000 0.597618 1.000000 0.602722 1.000000 0.604468 1.000000 0.604511 1.000000 0.606256 1.000000 0.606343 1.000000 0.608087 1.000000 0.608129 1.000000 0.611618 1.000000 0.611703 1.000000 0.632132 1.000000 0.632050 1.000000 0.633713 1.000000 0.633672 1.000000 0.635335 1.000000 0.635253 1.000000 0.638582 1.000000 0.643699 0.995149 0.642692 0.995020 0.637565 0.993362 0.635815 0.991747 0.635774 0.990089 0.634025 0.986859 0.633943 0.983542 0.630442 0.981925 0.630401 0.980267 0.628650 0.980225 0.626942 0.978566 0.625192 0.978481 0.621774 0.976823 0.620024 0.976781 0.618315 0.975122 0.616565 0.970270 0.616438 0.970229 0.614730 0.976697 0.614901 0.979845 0.611570 0.979803 0.609864 0.981376 0.608200 0.982992 0.608243 0.986137 0.604917 0.987750 0.604961 0.990893 0.601636 0.990765 0.596522
0 0.205231 0.115096 0.205232 0.120249 0.206945 0.122050 0.208659 0.122133 0.210372 0.123933 0.212084 0.124015 0.213798 0.125816 0.215511 0.125899 0.218936 0.129499 0.220648 0.129581 0.222360 0.131382 0.224072 0.131464 0.230921 0.138662 0.237760 0.138988 0.237794 0.166486 0.232661 0.166248 0.230950 0.167889 0.229237 0.167809 0.224104 0.172737 0.222390 0.172658 0.220678 0.174301 0.218963 0.174222 0.217250 0.175865 0.215536 0.175786 0.213821 0.177431 0.213823 0.182602 0.157058 0.180013 0.157065 0.174829 0.153620 0.171215 0.150170 0.171056 0.148448 0.169250 0.146723 0.169170 0.143276 0.165554 0.141550 0.165474 0.134656 0.158243 0.129474 0.158001 0.129544 0.126924 0.136447 0.127256 0.141630 0.122333 0.143354 0.122416 0.145081 0.120776 0.146805 0.120860 0.148530 0.119221 0.150252 0.119304 0.151978 0.117666 0.151986 0.112501
0 0.751495 0.721524 0.751585 0.726740 0.756650 0.732060 0.756680 0.733799 0.758369 0.735573 0.758400 0.737313 0.761776 0.740859 0.768404 0.740992 0.768840 0.765360 0.762208 0.765235 0.760580 0.766946 0.758921 0.766915 0.757291 0.768627 0.755632 0.768596 0.754002 0.770309 0.754093 0.775541 0.699154 0.774534 0.699072 0.769288 0.695679 0.765729 0.690669 0.765635 0.690480 0.753399 0.695488 0.753496 0.697130 0.751783 0.697102 0.750036 0.698742 0.748323 0.698715 0.746577 0.700355 0.744864 0.700327 0.743118 0.701967 0.741407 0.701940 0.739662 0.703578 0.737951 0.703523 0.734462 0.705162 0.732752 0.705134 0.731009 0.706772 0.729300 0.706744 0.727556 0.708382 0.725847 0.708298 0.720621
0 0.683411 0.402567 0.683490 0.407695 0.686846 0.411232 0.688498 0.411291 0.690176 0.413060 0.691828 0.413119 0.693505 0.414887 0.695155 0.414945 0.695182 0.416655 0.696860 0.418424 0.703460 0.418657 0.703788 0.439180 0.698835 0.439009 0.697212 0.440664 0.695559 0.440607 0.692310 0.443919 0.690657 0.443863 0.687404 0.447177 0.685749 0.447120 0.682494 0.450436 0.682573 0.455581 0.646106 0.454356 0.646033 0.449203 0.642664 0.445656 0.641003 0.445600 0.639318 0.443826 0.637656 0.443769 0.635971 0.441995 0.634310 0.441939 0.629252 0.436616 0.627591 0.436559 0.624219 0.433010 0.619228 0.432837 0.618999 0.415670 0.623987 0.415846 0.627264 0.412533 0.628924 0.412592 0.632199 0.409281 0.633859 0.409340 0.637131 0.406032 0.637060 0.400894
0 0.708298 0.720621 0.708549 0.736308 0.703551 0.736207 0.698633 0.741340 0.698660 0.743085 0.697020 0.744798 0.693684 0.744732 0.690399 0.748159 0.690480 0.753399 0.672100 0.753044 0.672022 0.747799 0.670323 0.746019 0.668651 0.745986 0.666952 0.744204 0.658586 0.744039 0.656936 0.745755 0.655262 0.745723 0.653612 0.747439 0.653687 0.752688 0.630206 0.752234 0.630135 0.746979 0.623323 0.739840 0.616603 0.739706 0.616328 0.718697
0 0.586796 0.641197 0.586860 0.646428 0.588561 0.648213 0.593601 0.648336 0.593839 0.667529 0.555118 0.666625 0.554824 0.640411
0 0.960536 0.548010 0.961110 0.571852 0.948169 0.571484 0.946591 0.573145 0.920654 0.572410 0.919071 0.574072 0.919187 0.579198 0.876886 0.578014 0.876740 0.571167 0.875073 0.569409 0.873443 0.569363 0.870109 0.565847 0.865215 0.565708 0.864962 0.553731 0.871484 0.553921 0.873078 0.552258 0.874708 0.552306 0.876300 0.550644 0.876190 0.545518
0 0.025745 0.071754 0.025716 0.076937 0.032638 0.084197 0.037856 0.084456 0.037748 0.105201 0.022075 0.104436 0.020342 0.102620 0.006391 0.101938 0.004656 0.100121 0.000000 0.099693 0.000000 0.097874 0.000000 0.097788 0.000000 0.095969 0.000000 0.095626 0.000000 0.085230 0.000000 0.085577 0.000000 0.083931 0.000000 0.082200 0.000000 0.078912 0.000000 0.078999 0.001320 0.075715 0.001353 0.070526
0 0.624347 0.690913 0.624417 0.696151 0.627818 0.699719 0.634523 0.699865 0.634858 0.724327 0.602948 0.723668 0.602526 0.690428
0 0.620345 0.642022 0.620692 0.668155 0.593839 0.667529 0.593774 0.662292 0.592073 0.660506 0.592051 0.658762 0.590349 0.656977 0.590284 0.651743 0.586881 0.648173 0.581839 0.648050 0.581755 0.641073
0 0.467026 0.264151 0.467070 0.269287 0.477233 0.279984 0.482266 0.280194 0.482420 0.297325 0.437008 0.295475 0.436852 0.274876 0.441904 0.275087 0.448582 0.268509 0.448541 0.263369
0 0.970104 0.609606 0.970229 0.614730 0.975206 0.619982 0.981672 0.620150 0.982052 0.635528 0.956152 0.634872 0.956030 0.629739 0.954368 0.627986 0.952748 0.627944 0.951086 0.626192 0.947844 0.626108 0.946181 0.624356 0.944560 0.624314 0.942897 0.622560 0.938029 0.622434 0.937709 0.608745
0 0.774861 0.460385 0.774955 0.465509 0.778298 0.469034 0.783217 0.469197 0.783375 0.477739 0.776814 0.477525 0.775204 0.479180 0.775329 0.486021 0.745740 0.485066 0.745295 0.459395
1 1.000000 0.816780 1.000000 0.823736 0.990881 0.861121 0.939000 0.874281 0.679157 0.777667 0.684067 0.770759 0.704105 0.771130
0 0.836313 0.671461 0.834843 0.680056 0.816728 0.677911 0.821493 0.669389
0 0.061996 0.523237 0.067251 0.528717 0.063702 0.535715 0.047852 0.535258 0.037319 0.526064 0.046168 0.519220
0 0.282529 0.299563 0.280835 0.306420 0.263706 0.305736 0.251686 0.296587
0 0.261955 0.286610 0.261972 0.295269 0.232790 0.288887
0 0.061390 0.262701 0.064842 0.271574 0.057844 0.274780 0.033453 0.258044 0.050949 0.255281
0 0.077098 0.259865 0.064872 0.264590 0.047464 0.253389 0.059700 0.250413
