0 0.813832 0.336955 0.808060 0.365172 0.801019 0.364040 0.782701 0.373587 0.782426 0.374930 0.774286 0.379174 0.772525 0.378891 0.770489 0.379952 0.770215 0.381295 0.766695 0.380729 0.763723 0.377476 0.754921 0.376062 0.752886 0.377123 0.749365 0.376557 0.746394 0.373304 0.744634 0.373021 0.737207 0.364889 0.735446 0.364606 0.733960 0.362979 0.732200 0.362696 0.729229 0.359443 0.727468 0.359160 0.725983 0.357534 0.724223 0.357251 0.722737 0.355624 0.720977 0.355341 0.716520 0.350460 0.711239 0.349612 0.713438 0.338863 0.718719 0.339712 0.728895 0.334408 0.730655 0.334691 0.734726 0.332569 0.736486 0.332852 0.738521 0.331792 0.740281 0.332074 0.744353 0.329953 0.745177 0.325922
0 0.625935 0.473300 0.624836 0.478675 0.626322 0.480302 0.626047 0.481645 0.627532 0.483271 0.627257 0.484615 0.628742 0.486241 0.628468 0.487585 0.629953 0.489212 0.629129 0.493243 0.630614 0.494869 0.630339 0.496213 0.631825 0.497839 0.631276 0.500527 0.632761 0.502154 0.632486 0.503498 0.633972 0.505124 0.633422 0.507811 0.634908 0.509438 0.634633 0.510782 0.637604 0.514035 0.637330 0.515378 0.640301 0.518632 0.645581 0.519481 0.639260 0.550385 0.632218 0.549253 0.630183 0.550314 0.629909 0.551658 0.625838 0.553779 0.625563 0.555122 0.621491 0.557245 0.621217 0.558588 0.617146 0.560709 0.616597 0.563397 0.610491 0.566579 0.610217 0.567923 0.608182 0.568984 0.607907 0.570327 0.589589 0.579875 0.587829 0.579592 0.581723 0.582774 0.579962 0.582491 0.577927 0.583552 0.576166 0.583269 0.572096 0.585390 0.570336 0.585107 0.566266 0.587228 0.564506 0.586945 0.562470 0.588006 0.560709 0.587723 0.558674 0.588785 0.556913 0.588502 0.554879 0.589562 0.551358 0.588996 0.549323 0.590057 0.535239 0.587793 0.532269 0.584541 0.532819 0.581853 0.531333 0.580227 0.532982 0.572165 0.531497 0.570539 0.531772 0.569195 0.530286 0.567568 0.530835 0.564880 0.529349 0.563254 0.522309 0.562123 0.526706 0.540624 0.533747 0.541755 0.538204 0.546635 0.543485 0.547484 0.551626 0.543240 0.551900 0.541897 0.555972 0.539776 0.556247 0.538432 0.558282 0.537371 0.558556 0.536028 0.560592 0.534967 0.561142 0.532279 0.563177 0.531218 0.563451 0.529875 0.565487 0.528814 0.565762 0.527470 0.567797 0.526410 0.568346 0.523723 0.570381 0.522661 0.570931 0.519974 0.572967 0.518913 0.573517 0.516226 0.575551 0.515165 0.575826 0.513821 0.577862 0.512761 0.578411 0.510074 0.582482 0.507952 0.582757 0.506608 0.584793 0.505548 0.585342 0.502860 0.589412 0.500739 0.589686 0.499395 0.591722 0.498334 0.591997 0.496991 0.594032 0.495930 0.594582 0.493242 0.598652 0.491121 0.598927 0.489777 0.600963 0.488717 0.601238 0.487373 0.603273 0.486312 0.603823 0.483625 0.605858 0.482563 0.606133 0.481220 0.610203 0.479099 0.610753 0.476411 0.612788 0.475351 0.613613 0.471320
0 0.128810 0.165803 0.122489 0.196708 0.083760 0.190484 0.084585 0.186452 0.081614 0.183199 0.076333 0.182351 0.077982 0.174289 0.083263 0.175137 0.085298 0.174077 0.087058 0.174360 0.091129 0.172238 0.092890 0.172521 0.105101 0.166157 0.105926 0.162125
0 0.046092 0.285743 0.041969 0.305897 0.036688 0.305048 0.034653 0.306110 0.033828 0.310141 0.007422 0.305897 0.008246 0.301866 0.005276 0.298613 0.003515 0.298330 0.000544 0.295077 0.000000 0.294228 0.000000 0.288854 0.001644 0.289702 0.003678 0.288641 0.005439 0.288924 0.013580 0.284681 0.014405 0.280650
0 0.629705 0.668204 0.623384 0.699108 0.588176 0.693450 0.589001 0.689419 0.586030 0.686166 0.584270 0.685883 0.582784 0.684257 0.583058 0.682913 0.580087 0.679660 0.580362 0.678316 0.577391 0.675063 0.572110 0.674215 0.575134 0.659434
0 0.783311 0.770608 0.776990 0.801512 0.750584 0.797269 0.751408 0.793238 0.749923 0.791611 0.748162 0.791328 0.743706 0.786449 0.738425 0.785600 0.742823 0.764102
0 0.714859 0.643029 0.712385 0.655122 0.705343 0.653991 0.695167 0.659294 0.693407 0.659011 0.691371 0.660072 0.690272 0.665447 0.684991 0.664598 0.685815 0.660567 0.684330 0.658941 0.682569 0.658658 0.676627 0.652151 0.671346 0.651302 0.674369 0.636522
0 0.741427 0.264254 0.740602 0.268285 0.742088 0.269912 0.747369 0.270760 0.742147 0.296290 0.735105 0.295159 0.731035 0.297279 0.729274 0.296996 0.723169 0.300179 0.721409 0.299896 0.717338 0.302018 0.715577 0.301735 0.711507 0.303857 0.709746 0.303574 0.705675 0.305695 0.703916 0.305412 0.701880 0.306472 0.700120 0.306190 0.694015 0.309372 0.692254 0.309089 0.690218 0.310150 0.688458 0.309867 0.686972 0.308241 0.685212 0.307958 0.683727 0.306332 0.671404 0.304351 0.669368 0.305412 0.665847 0.304846 0.661391 0.299966 0.656110 0.299117 0.661607 0.272243 0.666888 0.273092 0.668924 0.272032 0.669199 0.270689 0.671234 0.269628 0.671508 0.268284 0.675579 0.266163 0.675854 0.264819 0.683995 0.260576 0.685094 0.255201
0 0.803127 0.851512 0.797905 0.877042 0.767978 0.872233 0.769077 0.866858 0.764621 0.861978 0.759341 0.861129 0.762639 0.845005
0 0.870616 0.423800 0.869791 0.427830 0.874249 0.432710 0.881290 0.433842 0.877717 0.451309 0.849551 0.446783 0.850650 0.441409 0.849164 0.439782 0.847404 0.439499 0.842947 0.434619 0.841187 0.434336 0.841462 0.432993 0.839977 0.431367 0.832934 0.430235 0.835408 0.418141
0 0.815457 0.897904 0.810235 0.923434 0.799673 0.921736 0.798187 0.920110 0.794666 0.919544 0.793181 0.917918 0.791420 0.917635 0.789935 0.916008 0.788174 0.915725 0.783717 0.910846 0.778437 0.909997 0.782010 0.892529
0 0.167168 0.627180 0.166069 0.632554 0.167554 0.634180 0.169314 0.634463 0.172285 0.637717 0.177566 0.638566 0.172069 0.665439 0.165027 0.664308 0.158922 0.667490 0.155401 0.666924 0.151330 0.669045 0.150506 0.673076 0.136424 0.670813 0.137248 0.666782 0.135762 0.665155 0.132241 0.664589 0.130756 0.662963 0.127234 0.662397 0.125749 0.660770 0.122229 0.660205 0.119257 0.656952 0.117496 0.656669 0.116011 0.655042 0.114252 0.654760 0.108309 0.648253 0.106549 0.647970 0.103577 0.644717 0.101816 0.644434 0.094389 0.636301 0.095214 0.632270 0.105389 0.626967 0.107150 0.627250 0.109186 0.626189 0.110946 0.626472 0.112982 0.625410 0.114742 0.625693 0.118812 0.623573 0.119637 0.619541
0 0.737482 0.363544 0.736657 0.367575 0.739628 0.370829 0.739353 0.372172 0.748265 0.381932 0.753547 0.382780 0.751623 0.392186 0.746342 0.391337 0.744307 0.392398 0.742546 0.392115 0.738476 0.394237 0.736715 0.393954 0.734681 0.395015 0.734406 0.396358 0.730335 0.398480 0.728574 0.398197 0.726539 0.399257 0.726264 0.400601 0.718123 0.404844 0.717298 0.408876 0.699695 0.406047 0.700520 0.402016 0.699034 0.400388 0.690231 0.398974 0.687260 0.395721 0.685501 0.395438 0.684014 0.393812 0.673452 0.392114 0.675926 0.380021 0.681208 0.380869 0.685278 0.378749 0.685828 0.376061 0.687862 0.375000 0.688687 0.370970 0.690723 0.369909 0.691547 0.365877 0.693582 0.364817 0.695231 0.356755
0 0.042585 0.374001 0.037362 0.399530 0.012717 0.395569 0.013541 0.391539 0.010570 0.388286 0.008809 0.388003 0.002867 0.381496 0.001107 0.381214 0.000000 0.379588 0.000000 0.378456 0.000000 0.366362
0 0.661797 0.440204 0.658499 0.456328 0.653219 0.455479 0.651183 0.456540 0.649423 0.456257 0.645353 0.458378 0.644253 0.463754 0.624888 0.460641 0.626537 0.452579 0.625051 0.450952 0.625876 0.446922 0.627912 0.445861 0.630110 0.435111
0 0.167168 0.627180 0.166343 0.631211 0.170799 0.636090 0.177841 0.637222 0.172069 0.665439 0.166788 0.664591 0.164753 0.665651 0.162992 0.665368 0.158922 0.667490 0.157161 0.667207 0.155126 0.668267 0.153366 0.667984 0.151330 0.669045 0.150506 0.673076 0.134663 0.670530 0.135487 0.666499 0.134001 0.664872 0.132241 0.664589 0.130756 0.662963 0.125474 0.662115 0.123989 0.660488 0.122229 0.660205 0.120742 0.658578 0.118983 0.658296 0.116011 0.655042 0.114252 0.654760 0.108309 0.648253 0.106549 0.647970 0.103577 0.644717 0.101816 0.644434 0.098846 0.641181 0.091805 0.640050 0.094279 0.627956 0.101320 0.629088 0.105389 0.626967 0.107150 0.627250 0.109186 0.626189 0.110946 0.626472 0.112982 0.625410 0.114742 0.625693 0.118812 0.623573 0.119637 0.619541
0 0.199226 0.177119 0.195653 0.194587 0.181570 0.192324 0.180084 0.190697 0.180358 0.189354 0.172931 0.181220 0.173206 0.179876 0.170235 0.176624 0.164954 0.175775 0.165779 0.171744
0 0.319823 0.263116 0.315700 0.283272 0.308658 0.282140 0.307172 0.280513 0.305413 0.280230 0.299470 0.273724 0.297710 0.273441 0.293254 0.268561 0.293803 0.265874 0.292318 0.264247 0.293418 0.258873
0 0.130146 0.265942 0.127122 0.280723 0.097195 0.275914 0.098020 0.271882 0.096535 0.270255 0.091253 0.269406 0.089768 0.267780 0.084487 0.266932 0.083001 0.265305 0.081240 0.265022 0.079755 0.263396 0.074475 0.262547 0.075574 0.257172
0 0.580388 0.482634 0.577364 0.497415 0.566802 0.495718 0.567627 0.491686 0.566142 0.490059 0.559099 0.488928 0.561023 0.479522
0 0.110356 0.362687 0.107608 0.376123 0.097045 0.374426 0.095010 0.375487 0.091490 0.374921 0.089454 0.375982 0.088630 0.380012 0.065744 0.376334 0.069867 0.356180
0 0.454503 0.351376 0.451479 0.366157 0.442677 0.364743 0.443777 0.359367 0.442291 0.357741 0.442566 0.356397 0.441081 0.354771 0.442181 0.349396
0 0.910457 0.513473 0.909633 0.517503 0.914090 0.522384 0.921132 0.523515 0.916459 0.546357 0.907657 0.544943 0.908481 0.540912 0.905510 0.537659 0.903750 0.537376 0.902264 0.535750 0.898744 0.535184 0.894287 0.530304 0.892527 0.530021 0.889555 0.526768 0.887795 0.526485 0.886309 0.524858 0.879269 0.523727 0.882292 0.508947
0 0.416705 0.678384 0.414781 0.687790 0.407739 0.686658 0.406253 0.685032 0.402733 0.684466 0.399762 0.681213 0.398001 0.680930 0.399101 0.675555
0 0.772211 0.724191 0.786560 0.730153 0.796740 0.727218 0.789094 0.717764 0.779999 0.715389
0 0.083056 0.563169 0.063240 0.566382 0.028458 0.560793 0.000000 0.560000 0.000000 0.563679 0.019475 0.581286 0.041505 0.584826 0.063097 0.584640 0.084978 0.577188 0.088492 0.565871
0 0.815443 0.496323 0.825477 0.499288 0.832275 0.509405 0.830238 0.513589 0.821385 0.513521 0.812852 0.508991 0.809437 0.502577
0 0.804984 0.504117 0.821313 0.508094 0.827143 0.517153 0.823193 0.527798 0.815647 0.532902 0.800677 0.530947 0.799461 0.525338
0 0.887977 0.817946 0.865729 0.819786 0.870058 0.830408 0.873207 0.838133 0.897046 0.834294 0.889142 0.826705
1 0.544198 0.228527 0.487564 0.233298 0.429313 0.240411 0.442131 0.227732 0.480001 0.214743 0.525777 0.218631
1 0.565334 0.236259 0.618773 0.458129 0.495365 0.461705 0.435569 0.243149 0.464436 0.240852
1 0.626471 0.459366 0.575032 0.510922 0.506947 0.466167
1 0.477523 0.426760 0.503791 0.503809 0.166212 0.493775 0.162154 0.463645 0.167406 0.432411 0.173007 0.427242
1 0.166925 0.423662 0.156069 0.460066 0.166590 0.480830 0.159475 0.482288 0.140672 0.457592 0.147681 0.434443 0.162354 0.423795
1 0.324365 0.503585 0.340012 0.565922 0.044226 0.562604 0.024596 0.530839 0.038921 0.494126 0.042393 0.493818
1 0.826896 0.484639 0.731600 0.484065 0.782814 0.539113
1 0.916911 0.555461 0.962626 0.609625 0.894822 0.613468
1 0.895579 0.615324 0.938579 0.671652 0.889986 0.675982
1 0.890669 0.644878 0.887100 0.678986 0.870333 0.710971 0.799293 0.664007
1 0.865101 0.647706 0.886515 0.676292 0.821561 0.660650
1 0.858964 0.749894 0.773431 0.768226 0.841345 0.813820 0.864675 0.794160
1 0.867219 0.792836 0.888634 0.821420 0.869594 0.820095 0.873204 0.830212 0.861762 0.836176 0.843136 0.838384 0.831517 0.817444 0.862134 0.795487
0 0.653090 0.590226 0.648276 0.585984 0.637279 0.584217 0.634222 0.588062 0.634464 0.592434 0.639790 0.594158
