0 0.940935 0.412394 0.941823 0.417577 0.947697 0.422648 0.949358 0.422611 0.949654 0.424338 0.959426 0.432774 0.964397 0.432657 0.970292 0.467121 0.965327 0.467253 0.954427 0.481407 0.955314 0.486581 0.928703 0.487336 0.920983 0.442366 0.925989 0.442245 0.927360 0.440474 0.925283 0.428365 0.926653 0.426596 0.925465 0.419675 0.926836 0.417908 0.925945 0.412717
0 0.068330 0.124260 0.069695 0.131747 0.076529 0.137380 0.076870 0.139251 0.083695 0.144877 0.084035 0.146747 0.086308 0.148621 0.086648 0.150489 0.088921 0.152361 0.089261 0.154229 0.091531 0.156100 0.099248 0.156114 0.105699 0.191560 0.099918 0.191567 0.093562 0.199043 0.094583 0.204643 0.022747 0.204814 0.021715 0.199181 0.019418 0.197306 0.017462 0.197309 0.015163 0.195434 0.011249 0.195440 0.008948 0.193563 0.005031 0.193569 0.000000 0.186053 0.000000 0.186058 0.000000 0.182291 0.000000 0.182289 0.000000 0.180405 0.000000 0.180404 0.000311 0.178523 0.002272 0.178522 0.003888 0.176640 0.009762 0.176640 0.011376 0.174760 0.017243 0.174761 0.018853 0.172883 0.020808 0.172883 0.022418 0.171006 0.024371 0.171007 0.025979 0.169130 0.027931 0.169131 0.031146 0.165379 0.033097 0.165381 0.034702 0.163506 0.036651 0.163508 0.038257 0.161635 0.040205 0.161637 0.043412 0.157892 0.045358 0.157895 0.046962 0.156023 0.048906 0.156026 0.050509 0.154156 0.050166 0.152281 0.051767 0.150412 0.051425 0.148538 0.053026 0.146668 0.051657 0.139172 0.053258 0.137303 0.050863 0.124183
0 0.756273 0.493996 0.757190 0.499263 0.759215 0.500968 0.760935 0.500918 0.762958 0.502622 0.768110 0.502470 0.770131 0.504174 0.775275 0.504022 0.777294 0.505723 0.782433 0.505571 0.784449 0.507271 0.787871 0.507169 0.789884 0.508869 0.793303 0.508767 0.795315 0.510464 0.802143 0.510258 0.811232 0.562664 0.804414 0.562902 0.803011 0.564708 0.801305 0.564768 0.799901 0.566575 0.796486 0.566696 0.795082 0.568504 0.791664 0.568625 0.790259 0.570434 0.791170 0.575680 0.739642 0.577535 0.726761 0.503684 0.731946 0.503532 0.733367 0.501723 0.732140 0.494685
0 0.785613 0.296157 0.786828 0.303176 0.788841 0.304911 0.790551 0.304891 0.790855 0.306645 0.796888 0.311844 0.802007 0.311782 0.808065 0.346805 0.801246 0.346910 0.799844 0.348687 0.800147 0.350438 0.794531 0.357556 0.795745 0.364564 0.771790 0.364970 0.770876 0.359703 0.768856 0.357976 0.763706 0.358060 0.754854 0.307067 0.760012 0.307007 0.762837 0.303450 0.761617 0.296416
0 0.468701 0.625321 0.472225 0.645098 0.415846 0.647415 0.412290 0.627541
0 0.175531 0.154393 0.179892 0.178492 0.174184 0.178493 0.171048 0.182203 0.171720 0.185912 0.170150 0.187768 0.168245 0.187769 0.165104 0.191484 0.166113 0.197049 0.152754 0.197072 0.151406 0.189643 0.146909 0.185932 0.146571 0.184073 0.142070 0.180357 0.141733 0.178499 0.137228 0.174778 0.136890 0.172919 0.134636 0.171058 0.126966 0.171055 0.123921 0.154295
0 0.766039 0.818310 0.768480 0.832289 0.761605 0.832695 0.760190 0.834545 0.758470 0.834647 0.755639 0.838348 0.756862 0.845344 0.734441 0.846693 0.733520 0.841436 0.729447 0.838136 0.727718 0.838239 0.723641 0.834937 0.714977 0.835448 0.712514 0.821402
0 0.888485 0.302015 0.891471 0.319396 0.886435 0.319461 0.878144 0.330032 0.879041 0.335249 0.865572 0.335444 0.864672 0.330220 0.858711 0.325063 0.853645 0.325131 0.849738 0.302457
0 0.396262 0.373165 0.397558 0.380424 0.399714 0.382206 0.401546 0.382174 0.412310 0.391070 0.414138 0.391036 0.422733 0.398141 0.428204 0.398035 0.431104 0.414315 0.398217 0.414999 0.397245 0.409558 0.390771 0.404225 0.390446 0.402409 0.388287 0.400630 0.387963 0.398814 0.383641 0.395252 0.378128 0.395357 0.374227 0.373543
0 0.681253 0.773406 0.685894 0.799826 0.638631 0.802459 0.633954 0.775929
0 0.079859 0.049576 0.082583 0.064547 0.074846 0.064473 0.068464 0.071893 0.066525 0.071876 0.056936 0.083022 0.054994 0.083007 0.046988 0.092312 0.045042 0.092298 0.040232 0.097888 0.038284 0.097875 0.035073 0.101604 0.036102 0.107237 0.022447 0.107157 0.018321 0.084595 0.024180 0.084641 0.029003 0.079048 0.028660 0.077169 0.030268 0.075307 0.032218 0.075323 0.040244 0.066020 0.042192 0.066038 0.043794 0.064178 0.043452 0.062301 0.046658 0.058586 0.048602 0.058605 0.050204 0.056748 0.048835 0.049242
0 0.768662 0.634679 0.774149 0.666182 0.767284 0.666485 0.764458 0.670139 0.765374 0.675391 0.736090 0.676706 0.733637 0.662661 0.740544 0.662359 0.749052 0.651389 0.748746 0.649634 0.751581 0.645981 0.751275 0.644227 0.752690 0.642402 0.751467 0.635388
0 0.464019 0.640000 0.465943 0.650791 0.458691 0.651092 0.455705 0.654843 0.456668 0.660241 0.433028 0.661243 0.429482 0.641402
0 0.592936 0.512983 0.597329 0.537909 0.590246 0.538136 0.588787 0.539975 0.590043 0.547098 0.565180 0.547914 0.561395 0.526492 0.566735 0.526326 0.571126 0.520809 0.569866 0.513671
1 0.527938 0.631999 0.544044 0.631352 0.544993 0.636710 0.519231 0.715302 0.443432 0.698926 0.427360 0.701479 0.287238 0.667419
1 0.529094 0.455478 0.536478 0.476883 0.516244 0.484628 0.366887 0.466768 0.367754 0.461270 0.493671 0.418432 0.510503 0.421680
0 0.401938 0.271194 0.405385 0.280257 0.398386 0.282140 0.388136 0.265844
0 0.466115 0.344830 0.467716 0.353850 0.458980 0.355796 0.445200 0.339700 0.457264 0.335907
