0 0.398507 0.779324 0.396636 0.819513 0.390600 0.819172 0.388513 0.820663 0.386500 0.820550 0.373982 0.829501 0.373761 0.834315 0.315319 0.831032 0.315530 0.826212 0.305787 0.817604 0.305857 0.815994 0.301958 0.812548 0.302028 0.810938 0.300076 0.809215 0.294014 0.808871 0.294500 0.797597 0.302587 0.798057 0.304677 0.796562 0.304747 0.794951 0.317296 0.785975 0.319316 0.786091 0.321408 0.784594 0.323429 0.784710 0.329703 0.780221 0.329917 0.775385
0 0.138664 0.396191 0.138478 0.401171 0.140479 0.402966 0.140417 0.404626 0.146417 0.410007 0.146355 0.411666 0.152350 0.417043 0.152287 0.418700 0.160275 0.425865 0.168511 0.426400 0.167684 0.447913 0.159454 0.447382 0.155211 0.450425 0.155023 0.455386 0.115889 0.452868 0.116071 0.447902 0.114071 0.446113 0.112009 0.445981 0.110007 0.444192 0.107943 0.444059 0.105941 0.442270 0.103879 0.442137 0.101875 0.440347 0.099811 0.440213 0.097807 0.438424 0.095743 0.438290 0.091734 0.434708 0.089669 0.434575 0.079636 0.425613 0.077569 0.425479 0.067524 0.416508 0.065456 0.416374 0.061435 0.412782 0.059365 0.412647 0.055342 0.409054 0.053273 0.408919 0.047233 0.403527 0.038949 0.402986 0.039404 0.389677
0 0.519150 0.381499 0.518903 0.386446 0.522799 0.390012 0.530920 0.390551 0.529593 0.416896 0.523509 0.416496 0.519286 0.419519 0.517258 0.419386 0.470824 0.452643 0.468793 0.452512 0.466683 0.454024 0.438233 0.452180 0.436121 0.453692 0.430020 0.453296 0.428063 0.451521 0.417889 0.450861 0.415930 0.449084 0.413895 0.448952 0.411936 0.447174 0.407864 0.446910 0.405903 0.445131 0.399792 0.444735 0.400552 0.428264 0.406665 0.428663 0.415122 0.422603 0.415199 0.420954 0.423657 0.414894 0.423734 0.413245 0.427963 0.410215 0.428041 0.408565 0.434386 0.404019 0.434464 0.402369 0.440809 0.397823 0.440887 0.396172 0.457811 0.384046 0.458127 0.377440
0 0.264882 0.337933 0.264675 0.342920 0.276590 0.353714 0.278645 0.353851 0.280630 0.355648 0.286790 0.356059 0.285809 0.379280 0.275547 0.378600 0.271304 0.381644 0.267197 0.381372 0.265076 0.382895 0.263022 0.382759 0.260900 0.384280 0.254738 0.383873 0.252616 0.385396 0.242342 0.384717 0.240220 0.386239 0.205254 0.383932 0.203261 0.382137 0.201201 0.382001 0.197215 0.378408 0.195155 0.378272 0.185176 0.369284 0.183116 0.369147 0.179121 0.365549 0.177060 0.365413 0.163064 0.352807 0.156871 0.352395 0.156997 0.349065 0.163191 0.349478 0.171703 0.343371 0.173767 0.343509 0.175896 0.341981 0.180023 0.342257 0.182150 0.340731 0.186277 0.341007 0.190534 0.337952 0.190729 0.332957
0 0.882674 0.326684 0.882369 0.331612 0.889973 0.338728 0.897981 0.339273 0.896345 0.365511 0.888344 0.364971 0.873630 0.375498 0.871628 0.375364 0.837998 0.399421 0.835995 0.399288 0.831793 0.402295 0.831695 0.403932 0.829691 0.403799 0.821286 0.409811 0.817279 0.409545 0.815178 0.411049 0.797136 0.409853 0.795227 0.408083 0.793222 0.407950 0.791313 0.406180 0.789306 0.406047 0.787397 0.404275 0.779368 0.403742 0.777457 0.401971 0.771434 0.401571 0.769520 0.399799 0.767513 0.399665 0.765599 0.397892 0.763589 0.397758 0.757846 0.392437 0.751816 0.392035 0.752100 0.387114 0.758131 0.387516 0.764445 0.382997 0.766456 0.383131 0.774877 0.377104 0.776887 0.377239 0.778992 0.375732 0.779088 0.374091 0.793827 0.363543 0.795835 0.363679 0.806362 0.356145 0.808371 0.356280 0.846279 0.329151 0.846578 0.324218
0 0.614492 0.348157 0.614229 0.353106 0.618104 0.356676 0.620127 0.356812 0.622064 0.358597 0.624088 0.358732 0.627960 0.362300 0.632006 0.362572 0.633939 0.364355 0.637984 0.364626 0.639917 0.366409 0.645982 0.366816 0.645270 0.379984 0.639207 0.379579 0.626550 0.388643 0.626287 0.393576 0.593922 0.391427 0.594181 0.386490 0.592244 0.384709 0.590219 0.384574 0.588280 0.382792 0.584229 0.382523 0.582288 0.380740 0.580263 0.380605 0.576381 0.377039 0.574355 0.376904 0.572413 0.375121 0.568358 0.374851 0.566416 0.373067 0.564387 0.372932 0.562443 0.371147 0.560415 0.371012 0.558471 0.369227 0.556443 0.369092 0.554497 0.367306 0.550440 0.367034 0.546548 0.363462 0.544517 0.363326 0.544684 0.360025 0.542737 0.358237 0.542904 0.354935 0.551365 0.348875 0.551617 0.343918
0 0.942002 0.435828 0.941689 0.440715 0.947346 0.445993 0.955305 0.446515 0.953837 0.469286 0.945885 0.468767 0.941699 0.471759 0.939711 0.471630 0.937617 0.473126 0.931650 0.472738 0.929557 0.474233 0.917616 0.473457 0.915727 0.471702 0.913634 0.473198 0.903676 0.472550 0.901583 0.474048 0.897599 0.473789 0.891317 0.478280 0.891012 0.483157 0.865097 0.481479 0.865398 0.476598 0.861607 0.473083 0.859611 0.472954 0.855819 0.469438 0.853823 0.469308 0.853923 0.467680 0.850128 0.464161 0.844137 0.463771 0.844632 0.455622 0.850625 0.456013 0.863208 0.447015 0.865205 0.447146 0.871497 0.442646 0.873493 0.442777 0.881883 0.436779 0.882187 0.431885
0 0.310830 0.748392 0.309633 0.775838 0.301543 0.775374 0.282709 0.788847 0.280685 0.788732 0.276500 0.791726 0.276294 0.796562 0.260100 0.795641 0.260303 0.790803 0.258344 0.789075 0.256319 0.788959 0.254361 0.787230 0.252334 0.787114 0.250374 0.785384 0.248348 0.785268 0.244428 0.781809 0.242401 0.781693 0.240439 0.779962 0.230298 0.779382 0.230960 0.763221 0.237048 0.763572 0.239144 0.762071 0.241174 0.762188 0.243270 0.760689 0.245298 0.760806 0.247393 0.759305 0.249423 0.759422 0.251518 0.757923 0.253547 0.758040 0.255643 0.756541 0.257671 0.756658 0.259766 0.755158 0.261794 0.755275 0.263890 0.753775 0.267944 0.754009 0.270040 0.752510 0.270314 0.746042
0 0.082288 0.754662 0.081471 0.777364 0.073302 0.776898 0.069101 0.779906 0.068928 0.784766 0.034180 0.782789 0.035241 0.751953
0 0.211379 0.794488 0.210208 0.823515 0.196011 0.822717 0.193918 0.824214 0.183771 0.823644 0.181806 0.821919 0.147269 0.819978 0.145173 0.821476 0.132971 0.820791 0.130876 0.822291 0.130693 0.827131 0.102197 0.825535 0.102493 0.817461 0.100516 0.815731 0.101524 0.788243
0 0.076255 0.345352 0.076078 0.350356 0.080104 0.353966 0.088388 0.354517 0.087139 0.389476 0.076795 0.388797 0.074667 0.390324 0.068457 0.389916 0.066330 0.391444 0.066155 0.396433 0.043377 0.394940 0.043548 0.389949 0.033467 0.380944 0.033524 0.379277 0.027469 0.373868 0.027526 0.372202 0.025507 0.370399 0.025676 0.365396 0.023657 0.363592 0.024386 0.341894
0 0.564108 0.535796 0.563434 0.548838 0.555369 0.548331 0.551168 0.551337 0.551084 0.552966 0.544783 0.557475 0.544700 0.559104 0.540501 0.562110 0.540418 0.563738 0.538400 0.563613 0.536301 0.565115 0.534283 0.564989 0.532183 0.566492 0.531935 0.571377 0.532183 0.566492 0.528313 0.562982 0.526295 0.562856 0.522422 0.559345 0.522504 0.557715 0.518629 0.554203 0.518957 0.547679 0.523161 0.544672 0.525181 0.544799 0.529384 0.541789 0.531403 0.541916 0.533504 0.540413 0.533835 0.533886
0 0.203684 0.578879 0.202837 0.600159 0.196706 0.599784 0.194596 0.601294 0.192551 0.601169 0.188335 0.604191 0.188142 0.609097 0.165643 0.607726 0.165895 0.601180 0.153986 0.590602 0.147841 0.590225 0.148401 0.575471
0 1.000000 0.764552 1.000000 0.793154 1.000000 0.792246 1.000000 0.790544 1.000000 0.790317 1.000000 0.785208 0.998583 0.785094 0.989295 0.776574 0.983402 0.776231 0.984349 0.761906
0 0.853833 0.534563 0.852443 0.557246 0.846471 0.556869 0.838112 0.562844 0.826159 0.562092 0.816682 0.553365 0.816780 0.551744 0.814882 0.549998 0.815077 0.546755 0.813180 0.545007 0.807196 0.544629 0.813180 0.545007 0.817364 0.542016 0.817559 0.538772 0.819652 0.537276 0.819945 0.532409
0 0.884237 0.813602 0.883338 0.827905 0.875459 0.827456 0.873389 0.828933 0.871419 0.828821 0.869350 0.830297 0.861466 0.829849 0.857722 0.826446 0.855750 0.826334 0.846379 0.817821 0.838484 0.817370 0.838874 0.811004
0 0.501577 0.571121 0.501254 0.577635 0.503192 0.579388 0.505211 0.579514 0.507149 0.581267 0.513204 0.581643 0.511982 0.606036 0.503915 0.605540 0.501816 0.607041 0.499799 0.606917 0.495603 0.609920 0.493586 0.609796 0.489389 0.612799 0.487371 0.612675 0.483175 0.615677 0.482935 0.620551 0.454666 0.618823 0.454901 0.613947 0.449072 0.608696 0.447050 0.608572 0.437325 0.599815 0.437480 0.596558 0.435535 0.594806 0.435767 0.589918 0.437868 0.588414 0.438023 0.585155 0.442228 0.582147 0.442306 0.580516 0.444407 0.579011 0.446432 0.579137 0.454840 0.573119 0.455075 0.568227
0 0.708909 0.400711 0.708171 0.413832 0.702131 0.413433 0.700027 0.414940 0.698013 0.414807 0.695908 0.416314 0.693895 0.416181 0.687579 0.420700 0.685565 0.420568 0.683460 0.422075 0.681445 0.421942 0.677234 0.424956 0.676963 0.429872 0.644711 0.427755 0.644978 0.422834 0.635329 0.413963 0.629271 0.413563 0.630240 0.395490
0 0.660298 0.658947 0.660031 0.663788 0.663852 0.667257 0.665852 0.667378 0.669671 0.670843 0.677663 0.671325 0.676048 0.700319 0.670060 0.699962 0.655461 0.710394 0.655372 0.712002 0.649117 0.716473 0.648853 0.721297 0.600879 0.718464 0.601136 0.713634 0.597305 0.710177 0.597390 0.708565 0.587802 0.699914 0.587888 0.698301 0.572528 0.684438 0.566509 0.684078 0.567097 0.672773 0.573118 0.673134 0.579390 0.668649 0.579475 0.667033 0.581567 0.665537 0.583572 0.665658 0.587754 0.662669 0.589761 0.662790 0.591853 0.661294 0.592194 0.654828
0 0.630250 0.805472 0.629381 0.821456 0.617429 0.820777 0.615350 0.822261 0.613357 0.822148 0.611450 0.820438 0.607464 0.820211 0.603648 0.816787 0.601653 0.816674 0.597835 0.813249 0.591851 0.812908 0.592360 0.803307
0 0.530650 0.715934 0.529912 0.730438 0.523892 0.730084 0.517627 0.734563 0.515621 0.734446 0.505178 0.741911 0.505097 0.743521 0.503009 0.745014 0.501002 0.744897 0.498914 0.746390 0.498673 0.751219 0.470548 0.749582 0.470785 0.744750 0.463055 0.737834 0.463134 0.736223 0.457333 0.731031 0.455320 0.730913 0.445642 0.722253 0.445720 0.720639 0.441846 0.717173 0.435801 0.716817 0.436109 0.710354
0 0.582378 0.802737 0.581112 0.826733 0.561150 0.825604 0.561400 0.820805 0.555656 0.815665 0.555739 0.814064 0.553824 0.812349 0.554405 0.801138
0 0.728998 0.753376 0.728722 0.758180 0.732511 0.761614 0.736484 0.761846 0.738378 0.763561 0.742350 0.763792 0.744243 0.765507 0.752183 0.765970 0.750971 0.786749 0.743036 0.786291 0.726421 0.798155 0.726145 0.802945 0.704306 0.801693 0.704578 0.796901 0.700784 0.793477 0.698797 0.793362 0.691206 0.786509 0.689218 0.786395 0.685420 0.782966 0.685510 0.781367 0.683610 0.779651 0.681619 0.779536 0.668309 0.767520 0.668487 0.764316 0.664680 0.760878 0.658701 0.760530 0.659321 0.749304
0 0.039587 0.804198 0.038971 0.821993 0.014448 0.820619 0.014667 0.814147 0.006703 0.807212 0.000562 0.806866 0.000724 0.802005
0 0.660298 0.658947 0.660031 0.663788 0.665763 0.668990 0.667761 0.669111 0.669671 0.670843 0.677663 0.671325 0.676048 0.700319 0.670060 0.699962 0.653376 0.711884 0.653288 0.713493 0.649117 0.716473 0.648853 0.721297 0.602880 0.718582 0.603137 0.713753 0.597390 0.708565 0.597476 0.706955 0.580211 0.691372 0.580295 0.689760 0.574534 0.684558 0.566509 0.684078 0.567097 0.672773 0.573118 0.673134 0.585664 0.664163 0.587669 0.664284 0.591853 0.661294 0.592194 0.654828
0 0.612467 0.348020 0.612205 0.352970 0.616080 0.356540 0.618104 0.356676 0.620040 0.358460 0.622064 0.358597 0.625936 0.362165 0.629982 0.362436 0.631917 0.364219 0.635961 0.364490 0.637896 0.366274 0.645982 0.366816 0.645270 0.379984 0.637187 0.379444 0.624528 0.388508 0.624265 0.393442 0.595947 0.391562 0.596206 0.386624 0.594268 0.384844 0.592244 0.384709 0.590305 0.382927 0.586255 0.382657 0.584315 0.380875 0.582288 0.380740 0.578407 0.377175 0.576381 0.377039 0.574440 0.375257 0.570386 0.374986 0.568443 0.373203 0.564387 0.372932 0.562443 0.371147 0.560415 0.371012 0.556527 0.367441 0.552469 0.367170 0.550524 0.365385 0.548493 0.365249 0.544601 0.361675 0.545020 0.353420 0.551365 0.348875 0.551617 0.343918
0 0.929557 0.474233 0.928006 0.498595 0.898166 0.496671 0.898573 0.490175 0.894792 0.486667 0.894894 0.485041 0.893004 0.483286 0.893106 0.481661 0.889324 0.478150 0.883344 0.477762 0.883748 0.471254
0 0.202894 0.400129 0.241246 0.470303 0.189415 0.480765 0.161283 0.408485
0 0.773045 0.362690 0.744467 0.353975 0.723185 0.347782 0.708514 0.356986 0.711262 0.367360 0.724370 0.370956 0.740821 0.374094 0.759026 0.375314 0.772494 0.372149 0.774582 0.364828
1 0.037656 0.252358 0.337660 0.377164 0.199523 0.507813 0.021877 0.389885
