0 0.870805 0.578872 0.869971 0.584491 0.866683 0.586694 0.866265 0.589503 0.864622 0.590604 0.864413 0.592009 0.862769 0.593110 0.862561 0.594515 0.859274 0.596718 0.854967 0.595807 0.849545 0.632330 0.853852 0.633240 0.858759 0.640072 0.858133 0.644287 0.879666 0.648838 0.880291 0.644623 0.881936 0.643522 0.887677 0.644736 0.889321 0.643634 0.895063 0.644848 0.896707 0.643747 0.898142 0.644050 0.899786 0.642949 0.901222 0.643252 0.904510 0.641049 0.905946 0.641353 0.907589 0.640252 0.909024 0.640555 0.910669 0.639454 0.912104 0.639757 0.913748 0.638655 0.918054 0.639565 0.920556 0.622710 0.914815 0.621497 0.898865 0.599291 0.897429 0.598987 0.891294 0.590446 0.889859 0.590143 0.888632 0.588435 0.889466 0.582817
0 0.328338 0.493190 0.327713 0.497404 0.317849 0.504011 0.317641 0.505417 0.309421 0.510923 0.309213 0.512328 0.296061 0.521138 0.291754 0.520228 0.290295 0.530060 0.296036 0.531274 0.297264 0.532983 0.300134 0.533589 0.301361 0.535298 0.304232 0.535905 0.306686 0.539320 0.309557 0.539927 0.310783 0.541635 0.315090 0.542546 0.316317 0.544254 0.319188 0.544861 0.320415 0.546568 0.321851 0.546872 0.323077 0.548580 0.325948 0.549186 0.327175 0.550895 0.330046 0.551502 0.331273 0.553210 0.334144 0.553817 0.335371 0.555525 0.336806 0.555828 0.338033 0.557537 0.339469 0.557840 0.341923 0.561255 0.343358 0.561559 0.347039 0.566683 0.346413 0.570897 0.365074 0.574841 0.372163 0.527082 0.367857 0.526172 0.366631 0.524464 0.366839 0.523059 0.365612 0.521351 0.365820 0.519947 0.364593 0.518238 0.364802 0.516833 0.354987 0.503169 0.355613 0.498955
0 0.819651 0.434773 0.815689 0.461463 0.828609 0.464194 0.829234 0.459979 0.832521 0.457776 0.833957 0.458080 0.838889 0.454776 0.840324 0.455080 0.841969 0.453978 0.843404 0.454282 0.845048 0.453181 0.850790 0.454394 0.852667 0.441752
0 0.772399 0.633409 0.769897 0.650265 0.775639 0.651479 0.789136 0.670268 0.788927 0.671673 0.793834 0.678505 0.793626 0.679910 0.796080 0.683327 0.795872 0.684731 0.798325 0.688147 0.798116 0.689552 0.799344 0.691260 0.799135 0.692664 0.802816 0.697789 0.802607 0.699194 0.805062 0.702609 0.804854 0.704014 0.808534 0.709138 0.807700 0.714758 0.823489 0.718095 0.826826 0.695620 0.822520 0.694710 0.821292 0.693001 0.821501 0.691596 0.820274 0.689889 0.820483 0.688484 0.816803 0.683360 0.817011 0.681955 0.815784 0.680247 0.815992 0.678843 0.814765 0.677134 0.814973 0.675729 0.813747 0.674021 0.813955 0.672617 0.812729 0.670909 0.812937 0.669503 0.809256 0.664379 0.809464 0.662975 0.807011 0.659558 0.807219 0.658154 0.801085 0.649613 0.799649 0.649310 0.798422 0.647602 0.796987 0.647298 0.793306 0.642174 0.793932 0.637960
0 0.832961 0.704160 0.831501 0.713993 0.842985 0.716420 0.844629 0.715319 0.846064 0.715622 0.849352 0.713420 0.853658 0.714330 0.854492 0.708711
0 0.767588 0.586031 0.766337 0.594460 0.774950 0.596280 0.776176 0.597988 0.781918 0.599202 0.783378 0.589369
0 0.813812 0.474105 0.811727 0.488152 0.817469 0.489365 0.819923 0.492782 0.819298 0.496995 0.822169 0.497602 0.822794 0.493388 0.826082 0.491186 0.826291 0.489781 0.829578 0.487578 0.833884 0.488488 0.835344 0.478656
1 0.111698 0.428325 0.132018 0.582326 0.354656 0.570225
1 0.074941 0.642701 0.148545 0.678781 0.093224 0.719004
1 0.236766 0.608088 0.324109 0.618098 0.362768 0.681805 0.215748 0.674876
1 0.105021 0.647850 0.491165 0.539920 0.451776 0.639046 0.387387 0.682179 0.274996 0.707924
1 0.497685 0.537671 0.708209 0.476250 0.697885 0.545798 0.663149 0.581360 0.582059 0.587682
1 0.543947 0.525997 0.597573 0.570850 0.658317 0.576985 0.692968 0.537384 0.691194 0.484720
1 0.516870 0.587982 0.553627 0.580333 0.539130 0.608776
1 0.461736 0.604484 0.426788 0.609164 0.391325 0.631165 0.456439 0.635543
0 0.451141 0.588167 0.443170 0.586482 0.434343 0.585958 0.431010 0.589946 0.433560 0.595848 0.443427 0.598603 0.451397 0.600288 0.454825 0.595650
0 0.462103 0.569703 0.452997 0.566438 0.445595 0.565543 0.436562 0.571007 0.434933 0.577367 0.435587 0.582198 0.444789 0.584813 0.453241 0.583249 0.459327 0.579172 0.460666 0.574762
0 0.174854 0.478822 0.176076 0.484443 0.178721 0.489694 0.183648 0.493417 0.188866 0.495191 0.191813 0.493803 0.192006 0.492502 0.189263 0.487900 0.186231 0.485249 0.182439 0.483106 0.176848 0.479244
0 0.573473 0.525534 0.570912 0.524323 0.562278 0.522498 0.557243 0.524114 0.555527 0.526433 0.557605 0.530896 0.562727 0.533318 0.568704 0.534581 0.574683 0.535845 0.577822 0.533157 0.576601 0.527537
0 0.263930 0.427931 0.277163 0.412627 0.282862 0.411150 0.292258 0.412466 0.296510 0.420739 0.299338 0.429380 0.305475 0.443415 0.315501 0.458941 0.328473 0.473080 0.333873 0.478244 0.319227 0.489226 0.305415 0.508429 0.287288 0.505938 0.281236 0.495944 0.271920 0.461796 0.268910 0.449765
0 0.545312 0.518806 0.542300 0.511036 0.543620 0.502146 0.547196 0.485072 0.544259 0.476808 0.539879 0.467732 0.541907 0.464596 0.548257 0.463899 0.553883 0.464578 0.565923 0.467633 0.572044 0.471984 0.575349 0.477776 0.577930 0.484944 0.583033 0.492647 0.587569 0.497171 0.589643 0.504231 0.587038 0.507756 0.576356 0.509574 0.568271 0.511432 0.556214 0.515506 0.544229 0.519085
0 0.700404 0.533568 0.703288 0.539761 0.710504 0.542402 0.718933 0.544555 0.723572 0.544049 0.723478 0.539560 0.719219 0.534938 0.711379 0.528815 0.707597 0.523549 0.703600 0.519725 0.701535 0.523383 0.700470 0.527998 0.700564 0.532484
0 0.808437 0.612980 0.812864 0.613916 0.813641 0.618920 0.812737 0.622452 0.812153 0.623816 0.813730 0.626011 0.815943 0.626479 0.819161 0.625297 0.820327 0.622567 0.820393 0.616997 0.819239 0.614519 0.817295 0.612248 0.813400 0.610308 0.808182 0.609578
0 0.924733 0.647077 0.924800 0.654990 0.924013 0.660291 0.923391 0.668666 0.921827 0.675017 0.918818 0.674380 0.916333 0.670211 0.912304 0.663891 0.908013 0.659339 0.908548 0.651554 0.912947 0.647016 0.919403 0.645343 0.923102 0.645518
0 0.935285 0.659636 0.932276 0.659000 0.926936 0.661516 0.925032 0.665974 0.924245 0.671276 0.924488 0.678010 0.925516 0.679441 0.928439 0.680667 0.931536 0.680714 0.933110 0.670111 0.934586 0.664349 0.935699 0.660331
1 0.690331 0.339943 0.718983 0.339317 0.714217 0.317047 0.688566 0.322560 0.684826 0.339388
0 0.391702 0.557500 0.684662 0.336315 0.687837 0.340024 0.397537 0.564201 0.390751 0.559730
0 0.522356 0.253150 0.526582 0.261839 0.529669 0.267890 0.535012 0.271118 0.538669 0.269192 0.538084 0.264870 0.534913 0.259402 0.532924 0.256283
0 0.689886 0.297370 0.691848 0.299245 0.696156 0.300400 0.701088 0.300711 0.705024 0.299351 0.713034 0.295686 0.716385 0.293228 0.716533 0.288876 0.713884 0.286611 0.708402 0.284966 0.703888 0.283524 0.702067 0.280703 0.700140 0.278593 0.693936 0.276793 0.688518 0.278083 0.686162 0.282212 0.686668 0.287191 0.687524 0.289807 0.688648 0.295646
0 0.723495 0.262095 0.723350 0.264744 0.723681 0.270902 0.722053 0.273481 0.721556 0.280195 0.724412 0.282747 0.727342 0.283124 0.732585 0.283012 0.736073 0.281315 0.742873 0.279100 0.748260 0.276341 0.751062 0.272550 0.751895 0.270290 0.749697 0.266660 0.742356 0.264133 0.736048 0.263044 0.733124 0.259260 0.728022 0.258425 0.723600 0.261387
0 0.722781 0.243435 0.727599 0.247862 0.727450 0.252215 0.729306 0.254799 0.733269 0.256612 0.736683 0.257090 0.741271 0.256354 0.746834 0.252416 0.754222 0.249593 0.753470 0.246268 0.751614 0.243684 0.742269 0.242927 0.740096 0.242468 0.737377 0.240674 0.731830 0.237798 0.727416 0.237352 0.723272 0.240128 0.723333 0.243065
0 0.762958 0.215881 0.760953 0.217649 0.759428 0.221225 0.758485 0.225896 0.759680 0.231262 0.762361 0.234996 0.765907 0.237938 0.771870 0.239685 0.782223 0.237003 0.789483 0.230012 0.789152 0.223853 0.785777 0.221435 0.779641 0.220869 0.775638 0.220997 0.772259 0.220283 0.769298 0.218440 0.763234 0.215696
0 0.759520 0.197132 0.759131 0.201434 0.759157 0.204607 0.761386 0.209705 0.764419 0.211076 0.767245 0.212160 0.773066 0.214852 0.777757 0.215112 0.782345 0.214378 0.788114 0.210727 0.792574 0.205824 0.789692 0.200100 0.785418 0.198710 0.775933 0.198896 0.767899 0.197686 0.764697 0.195791 0.758625 0.196456
0 0.794469 0.177973 0.795357 0.182057 0.797890 0.190143 0.798644 0.191763 0.807499 0.195827 0.814536 0.195365 0.822586 0.189760 0.826567 0.183052 0.823303 0.178222 0.817581 0.176526 0.808201 0.176004 0.800647 0.176599 0.795645 0.176760
