0 0.876910 0.658748 0.877546 0.663198 0.879269 0.664608 0.883805 0.664390 0.886981 0.686637 0.882444 0.686856 0.878544 0.691524 0.877032 0.691597 0.875732 0.693153 0.876579 0.699086 0.858434 0.699960 0.857799 0.695510 0.852628 0.691279 0.851116 0.691352 0.844221 0.685710 0.842709 0.685783 0.839262 0.682962 0.837750 0.683034 0.834303 0.680215 0.832791 0.680287 0.831067 0.678877 0.826531 0.679095 0.823991 0.661297
0 0.361192 0.277384 0.361827 0.281833 0.365274 0.284654 0.366786 0.284581 0.370234 0.287402 0.371745 0.287329 0.375194 0.290150 0.379729 0.289932 0.383328 0.315146 0.378792 0.315364 0.377492 0.316920 0.375979 0.316992 0.374679 0.318549 0.373168 0.318622 0.371867 0.320178 0.368843 0.320324 0.367543 0.321879 0.361494 0.322171 0.360195 0.323727 0.355658 0.323945 0.354358 0.325501 0.354993 0.329950 0.326265 0.331333 0.325630 0.326884 0.311841 0.315601 0.305793 0.315893 0.303041 0.296612 0.307577 0.296393 0.316679 0.285501 0.315832 0.279568
0 0.743725 0.109625 0.746477 0.128907 0.741941 0.129125 0.739341 0.132236 0.739553 0.133720 0.738252 0.135277 0.738464 0.136759 0.737163 0.138315 0.737375 0.139799 0.734774 0.142911 0.733262 0.142983 0.730662 0.146095 0.731297 0.150545 0.725249 0.150837 0.724614 0.146387 0.721166 0.143566 0.719655 0.143639 0.714483 0.139407 0.714272 0.137924 0.710824 0.135104 0.706288 0.135322 0.702901 0.111591
0 0.384353 0.109010 0.386893 0.126808 0.382358 0.127027 0.381057 0.128583 0.381269 0.130066 0.379968 0.131621 0.380180 0.133105 0.378880 0.134661 0.379092 0.136144 0.377792 0.137701 0.378004 0.139183 0.372802 0.145407 0.373437 0.149856 0.367388 0.150148 0.366753 0.145699 0.361583 0.141467 0.361371 0.139984 0.354476 0.134343 0.354264 0.132859 0.350817 0.130039 0.346282 0.130258 0.343529 0.110976
0 0.499269 0.402152 0.503292 0.430332 0.494220 0.430769 0.493585 0.426320 0.491860 0.424909 0.487325 0.425127 0.485602 0.423717 0.482578 0.423863 0.480854 0.422453 0.479342 0.422526 0.477618 0.421115 0.473081 0.421334 0.470541 0.403535
0 0.926382 0.578710 0.929557 0.600959 0.923509 0.601250 0.922209 0.602805 0.922420 0.604288 0.919821 0.607401 0.920032 0.608884 0.918731 0.610439 0.918943 0.611923 0.917643 0.613479 0.918490 0.619411 0.895810 0.620503 0.894963 0.614571 0.891516 0.611750 0.890003 0.611823 0.883109 0.606181 0.881597 0.606254 0.878150 0.603434 0.876638 0.603507 0.874914 0.602096 0.873401 0.602169 0.871678 0.600759 0.870166 0.600832 0.868442 0.599421 0.866931 0.599494 0.863483 0.596673 0.857434 0.596964 0.855317 0.582133
0 0.359920 0.193816 0.364154 0.223479 0.359619 0.223698 0.355717 0.228365 0.356564 0.234299 0.345981 0.234809 0.345134 0.228875 0.336515 0.221824 0.336303 0.220341 0.332856 0.217520 0.332644 0.216037 0.329197 0.213216 0.327715 0.202833 0.329015 0.201278 0.328168 0.195345
0 0.399959 0.239676 0.400806 0.245609 0.404253 0.248429 0.410301 0.248138 0.413688 0.271869 0.407640 0.272160 0.403740 0.276829 0.402227 0.276902 0.400927 0.278457 0.399415 0.278530 0.396814 0.281642 0.397450 0.286091 0.371745 0.287329 0.371110 0.282880 0.369387 0.281469 0.367875 0.281542 0.366151 0.280132 0.363127 0.280277 0.361404 0.278867 0.359891 0.278940 0.356444 0.276119 0.354932 0.276192 0.351485 0.273371 0.349973 0.273443 0.348248 0.272034 0.346737 0.272106 0.345014 0.270695 0.343501 0.270768 0.341778 0.269358 0.335730 0.269650 0.334036 0.257784 0.338572 0.257566 0.341172 0.254454 0.340961 0.252970 0.346162 0.246747 0.345527 0.242297
0 0.292786 0.107446 0.294903 0.122278 0.285831 0.122715 0.284531 0.124270 0.278483 0.124561 0.277183 0.126118 0.275670 0.126191 0.274370 0.127747 0.272858 0.127820 0.271558 0.129375 0.268534 0.129521 0.267233 0.131077 0.265722 0.131149 0.264422 0.132706 0.265057 0.137155 0.259008 0.137446 0.258373 0.132997 0.256650 0.131586 0.255138 0.131659 0.253414 0.130249 0.251902 0.130322 0.248455 0.127501 0.242406 0.127792 0.241559 0.121860 0.247608 0.121568 0.250208 0.118457 0.251721 0.118384 0.255621 0.113716 0.254986 0.109266
0 0.166505 0.161315 0.171374 0.195428 0.159278 0.196010 0.158643 0.191561 0.153471 0.187331 0.153260 0.185847 0.148089 0.181615 0.146577 0.181688 0.137959 0.174637 0.133423 0.174855 0.131729 0.162990
0 0.392344 0.634294 0.396367 0.662475 0.382758 0.663131 0.382123 0.658681 0.378676 0.655860 0.377164 0.655933 0.373717 0.653112 0.373505 0.651628 0.371781 0.650218 0.365734 0.650510 0.363617 0.635678
0 0.461107 0.380096 0.461742 0.384545 0.466912 0.388776 0.472960 0.388485 0.474654 0.400351 0.461047 0.401006 0.459746 0.402561 0.456722 0.402707 0.455421 0.404263 0.453909 0.404336 0.452610 0.405893 0.451097 0.405966 0.449797 0.407521 0.448285 0.407594 0.446985 0.409150 0.442449 0.409369 0.440724 0.407958 0.439213 0.408031 0.434042 0.403799 0.433619 0.400833 0.431895 0.399423 0.427358 0.399641 0.427146 0.398158 0.431683 0.397939 0.432984 0.396384 0.432772 0.394901 0.434072 0.393344 0.433860 0.391862 0.437761 0.387193 0.436914 0.381261
0 0.604505 0.456819 0.606834 0.473135 0.579618 0.474446 0.578771 0.468513 0.575324 0.465692 0.570788 0.465911 0.569729 0.458494
0 0.183691 0.793680 0.186020 0.809995 0.170900 0.810723 0.170265 0.806273 0.166817 0.803453 0.162282 0.803671 0.161011 0.794772
0 0.759329 0.090953 0.760599 0.099852 0.739431 0.100872 0.738130 0.102427 0.734684 0.099607 0.734472 0.098124 0.732748 0.096714 0.732113 0.092264
0 0.276706 0.592075 0.279881 0.614322 0.257202 0.615414 0.256567 0.610965 0.254843 0.609555 0.250306 0.609774 0.247978 0.593458
0 0.699580 0.440294 0.702755 0.462542 0.680075 0.463635 0.676899 0.441386
0 0.711680 0.738387 0.712739 0.745804 0.700643 0.746386 0.699342 0.747942 0.696319 0.748087 0.695018 0.749643 0.684435 0.750152 0.682953 0.739771
0 0.312869 0.333472 0.314351 0.343854 0.309815 0.344073 0.307214 0.347185 0.305702 0.347257 0.304402 0.348814 0.299866 0.349032 0.298565 0.350588 0.296842 0.349178 0.295331 0.349251 0.293606 0.347840 0.292095 0.347913 0.290371 0.346503 0.285835 0.346721 0.284142 0.334856
0 0.876607 0.539293 0.877242 0.543743 0.882412 0.547973 0.883924 0.547901 0.885648 0.549311 0.891696 0.549020 0.894660 0.569785 0.888612 0.570076 0.887311 0.571632 0.885800 0.571704 0.884499 0.573261 0.882987 0.573334 0.881688 0.574889 0.880175 0.574962 0.878875 0.576518 0.875851 0.576663 0.874551 0.578220 0.873039 0.578292 0.871738 0.579849 0.867202 0.580067 0.865902 0.581623 0.862878 0.581768 0.860277 0.584880 0.855741 0.585099 0.852293 0.582278 0.852082 0.580795 0.850358 0.579385 0.848847 0.579457 0.835056 0.568174 0.833545 0.568247 0.831822 0.566837 0.830309 0.566910 0.828586 0.565499 0.825561 0.565645 0.822114 0.562824 0.816067 0.563115 0.814373 0.551250 0.820420 0.550959 0.823021 0.547847 0.822174 0.541914
0 0.211626 0.392109 0.213955 0.408424 0.206395 0.408788 0.205760 0.404339 0.200589 0.400107 0.196053 0.400326 0.194995 0.392910
0 0.023778 0.526599 0.026106 0.542913 0.003427 0.544006 0.001098 0.527691
0 0.102277 0.265958 0.103335 0.273374 0.097287 0.273665 0.095986 0.275221 0.094475 0.275294 0.093175 0.276850 0.094022 0.282782 0.081925 0.283364 0.079596 0.267050
0 0.757154 0.246369 0.760329 0.268617 0.755793 0.268835 0.749292 0.276615 0.749927 0.281065 0.736319 0.281720 0.735684 0.277271 0.732236 0.274450 0.730724 0.274523 0.727277 0.271702 0.727065 0.270218 0.725341 0.268809 0.722377 0.248044
0 0.464434 0.499406 0.465705 0.508305 0.453609 0.508887 0.450161 0.506066 0.448650 0.506139 0.446926 0.504729 0.442389 0.504948 0.441754 0.500498
0 0.617453 0.760845 0.620628 0.783093 0.591901 0.784476 0.588725 0.762229
0 0.224454 0.737955 0.226359 0.751304 0.214263 0.751887 0.210815 0.749065 0.209334 0.738683
0 0.305854 0.369651 0.308183 0.385967 0.294574 0.386622 0.293939 0.382172 0.292216 0.380761 0.292004 0.379278 0.288557 0.376458 0.284021 0.376676 0.283174 0.370743
0 0.865291 0.193374 0.866773 0.203756 0.860725 0.204047 0.859002 0.202637 0.854465 0.202855 0.851018 0.200035 0.849506 0.200108 0.848660 0.194175
0 0.867350 0.378454 0.869467 0.393285 0.854347 0.394014 0.852624 0.392604 0.851112 0.392676 0.849388 0.391266 0.847876 0.391338 0.844429 0.388518 0.839892 0.388736 0.838622 0.379837
0 0.159976 0.328888 0.162304 0.345203 0.142649 0.346150 0.141802 0.340216 0.140078 0.338806 0.139866 0.337324 0.138143 0.335913 0.137296 0.329980
0 0.939325 0.584061 0.945041 0.624106 0.929921 0.624834 0.929286 0.620385 0.925838 0.617564 0.921303 0.617783 0.918974 0.601468 0.925021 0.601177 0.928922 0.596509 0.928499 0.593542 0.929799 0.591987 0.928740 0.584570
0 0.464800 0.672620 0.468822 0.700800 0.452191 0.701601 0.451556 0.697152 0.448107 0.694331 0.446596 0.694404 0.444872 0.692993 0.438824 0.693284 0.436072 0.674003
0 0.234370 0.594114 0.237546 0.616361 0.217890 0.617307 0.217255 0.612858 0.215531 0.611448 0.215107 0.608481 0.213383 0.607071 0.212748 0.602622 0.211025 0.601211 0.206489 0.601430 0.205643 0.595497
0 0.653736 0.460422 0.656065 0.476737 0.639433 0.477538 0.638798 0.473089 0.630179 0.466037 0.625644 0.466256 0.625009 0.461806
0 0.025467 0.239789 0.026949 0.250172 0.020901 0.250463 0.019177 0.249052 0.010105 0.249489 0.008834 0.240590
0 0.630997 0.557094 0.634173 0.579341 0.617540 0.580142 0.616905 0.575693 0.613458 0.572872 0.613246 0.571389 0.611523 0.569978 0.611099 0.567012 0.609376 0.565601 0.608318 0.558186
0 0.891061 0.544570 0.894872 0.571268 0.888824 0.571559 0.887523 0.573115 0.886011 0.573188 0.884711 0.574744 0.883199 0.574816 0.880598 0.577928 0.879087 0.578001 0.877786 0.579558 0.876275 0.579630 0.874974 0.581186 0.875609 0.585635 0.852929 0.586727 0.852082 0.580795 0.850358 0.579385 0.848847 0.579457 0.836781 0.569584 0.835268 0.569657 0.833545 0.568247 0.832033 0.568320 0.828586 0.565499 0.825561 0.565645 0.822114 0.562824 0.816067 0.563115 0.813950 0.548284
0 0.528297 0.221549 0.530414 0.236381 0.524366 0.236672 0.521765 0.239784 0.522401 0.244233 0.517865 0.244451 0.517018 0.238520 0.513571 0.235698 0.507522 0.235989 0.505617 0.222641
0 0.586602 0.374052 0.588931 0.390367 0.578346 0.390877 0.577711 0.386428 0.574264 0.383607 0.574052 0.382123 0.572329 0.380713 0.571482 0.374781
0 0.280579 0.747200 0.283755 0.769447 0.270147 0.770102 0.269512 0.765653 0.267788 0.764242 0.266275 0.764315 0.264552 0.762905 0.260017 0.763124 0.257900 0.748292
0 0.905452 0.346751 0.910321 0.380864 0.899737 0.381374 0.898890 0.375441 0.891995 0.369800 0.890484 0.369873 0.888760 0.368462 0.887248 0.368535 0.885525 0.367124 0.884012 0.367197 0.880565 0.364376 0.877541 0.364522 0.874094 0.361702 0.872582 0.361775 0.870858 0.360364 0.866322 0.360583 0.864629 0.348717
0 0.584663 0.147152 0.586357 0.159018 0.578797 0.159382 0.577497 0.160937 0.569937 0.161301 0.566490 0.158482 0.566278 0.156998 0.564554 0.155587 0.563495 0.148172
0 0.141350 0.497043 0.142832 0.507425 0.135273 0.507789 0.133972 0.509345 0.134607 0.513795 0.131583 0.513940 0.130948 0.509491 0.129224 0.508080 0.129012 0.506598 0.125566 0.503777 0.124719 0.497844
0 0.623256 0.545519 0.624738 0.555902 0.611129 0.556557 0.609647 0.546175
0 0.441089 0.506503 0.442148 0.513919 0.436100 0.514210 0.434799 0.515767 0.433288 0.515839 0.430687 0.518951 0.431322 0.523400 0.430687 0.518951 0.427240 0.516131 0.419679 0.516495 0.418409 0.507595
0 0.507974 0.079163 0.509244 0.088062 0.494124 0.088790 0.492401 0.087380 0.486352 0.087672 0.485293 0.080255
0 0.059584 0.692133 0.060855 0.701032 0.053294 0.701396 0.051994 0.702953 0.044434 0.703317 0.042952 0.692934
0 0.052565 0.429636 0.054893 0.445951 0.032214 0.447043 0.029885 0.430729
0 0.441089 0.506503 0.441936 0.512436 0.435888 0.512727 0.433288 0.515839 0.431776 0.515912 0.430475 0.517468 0.428751 0.516058 0.427240 0.516131 0.425516 0.514720 0.419467 0.515011 0.418409 0.507595
0 0.280579 0.747200 0.283755 0.769447 0.276194 0.769811 0.275559 0.765362 0.273836 0.763951 0.270812 0.764097 0.269089 0.762687 0.267576 0.762760 0.264129 0.759939 0.259593 0.760157 0.257900 0.748292
0 0.243685 0.659374 0.246014 0.675688 0.238453 0.676052 0.237818 0.671603 0.232647 0.667372 0.228111 0.667590 0.227053 0.660175
0 0.150781 0.221807 0.153110 0.238122 0.145549 0.238486 0.144914 0.234037 0.139744 0.229806 0.135207 0.230025 0.134149 0.222608
0 0.140504 0.491110 0.142621 0.505942 0.129012 0.506598 0.127289 0.505188 0.127077 0.503704 0.125354 0.502293 0.123872 0.491911
0 0.440479 0.118254 0.442807 0.134570 0.433735 0.135007 0.433100 0.130557 0.429653 0.127736 0.425117 0.127954 0.423847 0.119055
0 0.753040 0.174885 0.757062 0.203065 0.751014 0.203357 0.749291 0.201947 0.747779 0.202019 0.742607 0.197789 0.742395 0.196305 0.740672 0.194895 0.740460 0.193412 0.738737 0.192001 0.738525 0.190518 0.736801 0.189108 0.732266 0.189327 0.730360 0.175977
0 0.508820 0.085096 0.511996 0.107344 0.496876 0.108072 0.495606 0.099172 0.493883 0.097762 0.493036 0.091829 0.491312 0.090419 0.486775 0.090637 0.486140 0.086188
0 0.464434 0.499406 0.465705 0.508305 0.455120 0.508814 0.453397 0.507404 0.451884 0.507476 0.448438 0.504657 0.447803 0.500207
0 0.809526 0.058668 0.811220 0.070534 0.791565 0.071480 0.789840 0.070070 0.786816 0.070216 0.781645 0.065985 0.775598 0.066276 0.774751 0.060343
0 0.860456 0.372812 0.862784 0.389128 0.846153 0.389928 0.843824 0.373613
0 0.537555 0.672641 0.261150 0.561568 0.250168 0.581974 0.527135 0.696998 0.536945 0.684598
0 0.215503 0.525711 0.158733 0.501184 0.145219 0.516033 0.210350 0.546407 0.220494 0.532286
0 0.457058 0.615745 0.463291 0.618854 0.465327 0.625002 0.450951 0.625695 0.449985 0.618927
0 0.442383 0.606228 0.421750 0.611767 0.411641 0.613958 0.419714 0.605616 0.430733 0.601678 0.440417 0.604619
0 0.211903 0.549171 0.184830 0.537980 0.188488 0.551435 0.203508 0.555256 0.212961 0.552528
0 0.094615 0.490072 0.085841 0.485383 0.079412 0.493075 0.093362 0.497516 0.096743 0.492809
