0 0.565625 0.6000000000000001 0.5593750000000001 0.6000000000000001 0.5593750000000001 0.625 0.5671875000000001 0.625 0.5703125000000001 0.628125 0.5703125000000001 0.6328125 0.5890625 0.6328125 0.5890625 0.6265625 0.5921875000000001 0.6234375000000001 0.59375 0.6234375000000001 0.596875 0.6203125 0.5984375000000001 0.6203125 0.6000000000000001 0.61875 0.6015625 0.61875 0.603125 0.6171875 0.6046875 0.6171875 0.6062500000000001 0.6156250000000001 0.6078125000000001 0.6156250000000001 0.609375 0.6140625000000001 0.6140625000000001 0.6140625000000001 0.6140625000000001 0.6000000000000001 0.609375 0.6000000000000001 0.6078125000000001 0.5984375000000001 0.6078125000000001 0.596875 0.6062500000000001 0.5953125 0.6046875 0.5953125 0.5984375000000001 0.5890625 0.5984375000000001 0.5843750000000001 0.5765625000000001 0.5843750000000001 0.5765625000000001 0.5890625 0.565625 0.6000000000000001
0 0.4890625 0.7250000000000001 0.484375 0.7250000000000001 0.484375 0.7546875000000001 0.49062500000000003 0.7546875000000001 0.49375 0.7578125 0.49375 0.759375 0.49531250000000004 0.7609375 0.49531250000000004 0.7625000000000001 0.496875 0.7640625000000001 0.49843750000000003 0.7640625000000001 0.5 0.765625 0.5 0.7703125000000001 0.5046875000000001 0.7703125000000001 0.5046875000000001 0.765625 0.5062500000000001 0.7640625000000001 0.509375 0.7640625000000001 0.5109375 0.7625000000000001 0.5125000000000001 0.7625000000000001 0.5171875 0.7578125 0.51875 0.7578125 0.5218750000000001 0.7546875000000001 0.5234375000000001 0.7546875000000001 0.5265625 0.7515625 0.5265625 0.7484375000000001 0.5281250000000001 0.7468750000000001 0.5328125 0.7468750000000001 0.5328125 0.7265625 0.5281250000000001 0.7265625 0.5265625 0.7250000000000001 0.5265625 0.7234375000000001 0.525 0.721875 0.525 0.7156250000000001 0.49375 0.7156250000000001 0.49375 0.7203125 0.4890625 0.7250000000000001
0 0.5234375000000001 0.946875 0.5234375000000001 0.9484375 0.5203125000000001 0.9515625000000001 0.5156250000000001 0.9515625000000001 0.5156250000000001 0.9734375000000001 0.5218750000000001 0.9734375000000001 0.5234375000000001 0.9750000000000001 0.525 0.9750000000000001 0.5265625 0.9765625 0.5281250000000001 0.9765625 0.5296875000000001 0.978125 0.5296875000000001 0.9828125000000001 0.5390625000000001 0.9828125000000001 0.5390625000000001 0.978125 0.540625 0.9765625 0.55 0.9765625 0.5515625000000001 0.978125 0.5546875000000001 0.9750000000000001 0.55625 0.9750000000000001 0.5593750000000001 0.971875 0.5593750000000001 0.96875 0.5609375000000001 0.9671875000000001 0.5609375000000001 0.9546875 0.5593750000000001 0.953125 0.5593750000000001 0.9515625000000001 0.5578125 0.9515625000000001 0.5546875000000001 0.9484375 0.5531250000000001 0.9484375 0.5515625000000001 0.946875 0.5515625000000001 0.940625 0.525 0.940625 0.525 0.9453125 0.5234375000000001 0.946875
0 0.27968750000000003 0.6515625 0.27968750000000003 0.6453125000000001 0.28125000000000006 0.64375 0.28125000000000006 0.6312500000000001 0.27968750000000003 0.6296875000000001 0.27968750000000003 0.625 0.278125 0.6234375000000001 0.278125 0.6218750000000001 0.27656250000000004 0.6203125 0.27656250000000004 0.6171875 0.275 0.6156250000000001 0.275 0.609375 0.25312500000000004 0.609375 0.25312500000000004 0.6515625 0.27968750000000003 0.6515625
0 0.33906250000000004 0.7203125 0.33437500000000003 0.7203125 0.33437500000000003 0.7359375 0.340625 0.7359375 0.34218750000000003 0.7375 0.34375 0.7375 0.3453125 0.7390625000000001 0.3453125 0.7453125 0.35781250000000003 0.7453125 0.35781250000000003 0.7390625000000001 0.3609375 0.7359375 0.36250000000000004 0.7359375 0.3640625 0.734375 0.36562500000000003 0.734375 0.37031250000000004 0.7296875 0.371875 0.7296875 0.375 0.7265625 0.375 0.7093750000000001 0.34375 0.7093750000000001 0.34375 0.7156250000000001 0.33906250000000004 0.7203125
0 0.6671875 0.48281250000000003 0.6671875 0.478125 0.6703125000000001 0.47500000000000003 0.6843750000000001 0.47500000000000003 0.6937500000000001 0.465625 0.6937500000000001 0.4625 0.6953125 0.4609375 0.6953125 0.45156250000000003 0.6921875000000001 0.44843750000000004 0.690625 0.44843750000000004 0.6875 0.4453125 0.6875 0.44062500000000004 0.6531250000000001 0.44062500000000004 0.6531250000000001 0.48281250000000003 0.6671875 0.48281250000000003
0 0.353125 0.9046875000000001 0.34687500000000004 0.9046875000000001 0.34687500000000004 0.9187500000000001 0.3515625 0.9187500000000001 0.35781250000000003 0.925 0.35781250000000003 0.9265625000000001 0.36250000000000004 0.9265625000000001 0.3640625 0.925 0.37031250000000004 0.93125 0.37031250000000004 0.9328125 0.371875 0.9343750000000001 0.371875 0.9390625 0.3828125 0.9390625 0.3828125 0.9328125 0.384375 0.93125 0.38593750000000004 0.93125 0.38906250000000003 0.9281250000000001 0.390625 0.9281250000000001 0.3921875 0.9265625000000001 0.3921875 0.925 0.39687500000000003 0.9203125000000001 0.40156250000000004 0.9203125000000001 0.40156250000000004 0.9171875 0.39687500000000003 0.9171875 0.3953125 0.915625 0.3953125 0.9140625 0.39687500000000003 0.9125000000000001 0.40156250000000004 0.9125000000000001 0.40156250000000004 0.8968750000000001 0.35468750000000004 0.8968750000000001 0.35468750000000004 0.9031250000000001 0.353125 0.9046875000000001
0 0.446875 0.5078125000000001 0.446875 0.5015625 0.45 0.49843750000000003 0.45 0.496875 0.45156250000000003 0.49531250000000004 0.45156250000000003 0.49062500000000003 0.44062500000000004 0.49062500000000003 0.44062500000000004 0.5078125000000001 0.446875 0.5078125000000001
0 0.6843750000000001 0.7468750000000001 0.6859375000000001 0.7484375000000001 0.690625 0.7484375000000001 0.6921875000000001 0.75 0.696875 0.75 0.7000000000000001 0.753125 0.7000000000000001 0.7546875000000001 0.703125 0.7578125 0.7046875 0.7578125 0.70625 0.759375 0.70625 0.7640625000000001 0.7171875000000001 0.7640625000000001 0.7171875000000001 0.7578125 0.7203125 0.7546875000000001 0.7203125 0.75 0.721875 0.7484375000000001 0.721875 0.7468750000000001 0.7250000000000001 0.74375 0.7250000000000001 0.7406250000000001 0.7265625 0.7390625000000001 0.7265625 0.7265625 0.7250000000000001 0.7250000000000001 0.7250000000000001 0.7234375000000001 0.7234375000000001 0.721875 0.7234375000000001 0.7156250000000001 0.6781250000000001 0.7156250000000001 0.6781250000000001 0.7468750000000001 0.6843750000000001 0.7468750000000001
0 0.628125 0.2015625 0.6218750000000001 0.2015625 0.6218750000000001 0.234375 0.6265625 0.234375 0.634375 0.2421875 0.6359375 0.2421875 0.6375000000000001 0.24375000000000002 0.6578125 0.24375000000000002 0.6640625 0.23750000000000002 0.6640625 0.23593750000000002 0.671875 0.22812500000000002 0.6734375 0.22812500000000002 0.6765625000000001 0.225 0.6781250000000001 0.225 0.6796875 0.2234375 0.68125 0.2234375 0.6828125 0.22187500000000002 0.6890625 0.22187500000000002 0.6890625 0.203125 0.6843750000000001 0.203125 0.6765625000000001 0.1953125 0.6765625000000001 0.19062500000000002 0.634375 0.19062500000000002 0.634375 0.1953125 0.628125 0.2015625
0 0.4140625 0.3020828125 0.421875 0.3125 0.4361984375 0.3072921875 0.4518234375 0.3046875 0.4557296875 0.2942703125 0.4466140625000001 0.28385468750000004 0.4309890625000001 0.27604218750000004 0.4244796875 0.28776093750000004 0.4140625 0.3020828125
0 0.5299484375 0.375 0.5494796875 0.3736984375 0.5598953125 0.3854171875 0.5729171875 0.3658859375 0.5781250000000001 0.3528640625 0.5572921875 0.34765625 0.5455734375 0.3541671875 0.5390625000000001 0.359375 0.5299484375 0.375
0 0.4361984375 0.6184890625000001 0.4505203125000001 0.6015625 0.4427078125000001 0.5859375000000001 0.4348953125000001 0.5924484375 0.4205734375 0.5924484375 0.4127609375 0.6080734375 0.42578125 0.6106765625000001 0.4361984375 0.6184890625000001
0 0.296875 0.8385421875000001 0.3059890625 0.8229171875000001 0.3059890625 0.8072921875000001 0.2981765625 0.8072921875000001 0.2864578125 0.80078125 0.27604218750000004 0.8111984375000001 0.27994843750000004 0.8216140625 0.2903640625 0.8268234375000001 0.296875 0.8385421875000001
0 0.62109375 0.859375 0.6236984375 0.8528640625 0.6223953125000001 0.8333328125 0.6106765625000001 0.828125 0.59765625 0.828125 0.5911453125 0.8424484375000001 0.60546875 0.8489578125 0.62109375 0.859375