0 0.600160 0.205205 0.599577 0.209394 0.601911 0.212344 0.607358 0.212656 0.602497 0.247568 0.598412 0.247334 0.590630 0.253927 0.590241 0.256719 0.588685 0.258038 0.588490 0.259435 0.586934 0.260753 0.586351 0.264942 0.559115 0.263382 0.559698 0.259193 0.557364 0.256244 0.556002 0.256166 0.554835 0.254691 0.553473 0.254613 0.552306 0.253139 0.550944 0.253061 0.549777 0.251587 0.548415 0.251509 0.546080 0.248559 0.544718 0.248481 0.542384 0.245532 0.541022 0.245454 0.541216 0.244058 0.538882 0.241109 0.533434 0.240796 0.534795 0.231021 0.538881 0.231255 0.540438 0.229937 0.541799 0.230015 0.552694 0.220785 0.552888 0.219389 0.554444 0.218070 0.554638 0.216674 0.560863 0.211400 0.563587 0.211556 0.568255 0.207600 0.568839 0.203411
0 0.416732 0.684557 0.416149 0.688746 0.419651 0.693170 0.425098 0.693482 0.421987 0.715826 0.416540 0.715514 0.413427 0.718151 0.412844 0.722340 0.382885 0.720623 0.383468 0.716434 0.379966 0.712010 0.380160 0.710614 0.378993 0.709140 0.377632 0.709062 0.370628 0.700215 0.365181 0.699903 0.366736 0.688731 0.370821 0.688965 0.372378 0.687646 0.373156 0.682060
0 0.468671 0.597443 0.468087 0.601633 0.470422 0.604581 0.471784 0.604659 0.484624 0.620879 0.490071 0.621191 0.487154 0.642138 0.481707 0.641826 0.480150 0.643145 0.479956 0.644542 0.478400 0.645860 0.478206 0.647256 0.476649 0.648575 0.476454 0.649972 0.474899 0.651290 0.474704 0.652687 0.473148 0.654005 0.472954 0.655401 0.471397 0.656720 0.469841 0.667892 0.468285 0.669210 0.467312 0.676193 0.465756 0.677512 0.465562 0.678908 0.464006 0.680227 0.463812 0.681623 0.462255 0.682941 0.460894 0.682863 0.456224 0.686819 0.454863 0.686741 0.453306 0.688059 0.451944 0.687981 0.450388 0.689300 0.449027 0.689222 0.445914 0.691859 0.444552 0.691781 0.442996 0.693100 0.441634 0.693022 0.440078 0.694340 0.429183 0.693716 0.428016 0.692242 0.426655 0.692164 0.416149 0.678893 0.412063 0.678658 0.415563 0.653521 0.419649 0.653756 0.421205 0.652437 0.421400 0.651041 0.422956 0.649722 0.423151 0.648326 0.424706 0.647008 0.425290 0.642818 0.426847 0.641499 0.427236 0.638706 0.428792 0.637388 0.432098 0.613648 0.433654 0.612329 0.434237 0.608140 0.435793 0.606821 0.436182 0.604028 0.437739 0.602709 0.437933 0.601313 0.439490 0.599995 0.440073 0.595805
0 0.279960 0.474020 0.277043 0.494968 0.271596 0.494656 0.270040 0.495974 0.268678 0.495896 0.267122 0.497215 0.264398 0.497059 0.259729 0.501014 0.259146 0.505204 0.245528 0.504424 0.246111 0.500234 0.244944 0.498759 0.243582 0.498681 0.242415 0.497207 0.238330 0.496973 0.237162 0.495499 0.233077 0.495265 0.231909 0.493790 0.230548 0.493712 0.229381 0.492238 0.223933 0.491926 0.225878 0.477961 0.231326 0.478273 0.234437 0.475636 0.235021 0.471446
0 0.507949 0.216814 0.504837 0.239158 0.500751 0.238924 0.499195 0.240243 0.497834 0.240165 0.491608 0.245438 0.490247 0.245360 0.480909 0.253272 0.476824 0.253038 0.475268 0.254356 0.474684 0.258545 0.473323 0.258467 0.473906 0.254278 0.472739 0.252804 0.468654 0.252570 0.467486 0.251095 0.466125 0.251017 0.464957 0.249542 0.463595 0.249464 0.455424 0.239143 0.451338 0.238909 0.452699 0.229133 0.456785 0.229367 0.461453 0.225412 0.461648 0.224016 0.463010 0.224094 0.467678 0.220138 0.468456 0.214552
0 0.418467 0.346822 0.416716 0.359391 0.411269 0.359078 0.409713 0.360396 0.408351 0.360318 0.405239 0.362955 0.403877 0.362877 0.399208 0.366832 0.397847 0.366754 0.393178 0.370710 0.391815 0.370632 0.388704 0.373269 0.387341 0.373191 0.385785 0.374510 0.384423 0.374432 0.382868 0.375750 0.381505 0.375672 0.379949 0.376990 0.378587 0.376912 0.375475 0.379549 0.374113 0.379471 0.367888 0.384746 0.367694 0.386142 0.364581 0.388779 0.364387 0.390176 0.361274 0.392812 0.361079 0.394209 0.359523 0.395527 0.359329 0.396924 0.357773 0.398243 0.357578 0.399639 0.356022 0.400958 0.355827 0.402354 0.354271 0.403672 0.353882 0.406465 0.352326 0.407784 0.352131 0.409180 0.350576 0.410499 0.350381 0.411896 0.348824 0.413214 0.348630 0.414611 0.345517 0.417248 0.345323 0.418644 0.342210 0.421281 0.341822 0.424074 0.340266 0.425393 0.340071 0.426789 0.338514 0.428108 0.338320 0.429504 0.335208 0.432141 0.335013 0.433537 0.333457 0.434856 0.333263 0.436252 0.331706 0.437571 0.331512 0.438968 0.329956 0.440286 0.329761 0.441683 0.328205 0.443001 0.327621 0.447190 0.320812 0.446800 0.321395 0.442611 0.316726 0.436713 0.316921 0.435316 0.315754 0.433842 0.317115 0.424067 0.318671 0.422748 0.319060 0.419955 0.320616 0.418636 0.321200 0.414447 0.320032 0.412973 0.320615 0.408783 0.319449 0.407308 0.320032 0.403119 0.318864 0.401644 0.321392 0.383490 0.322949 0.382172 0.323532 0.377982 0.325088 0.376663 0.325477 0.373870 0.327034 0.372552 0.327228 0.371156 0.328785 0.369837 0.328979 0.368441 0.332091 0.365803 0.332286 0.364407 0.347848 0.351222 0.349210 0.351300 0.353879 0.347344 0.354462 0.343155
0 0.639476 0.573445 0.635975 0.598582 0.630528 0.598270 0.625859 0.602225 0.624498 0.602148 0.622941 0.603466 0.621580 0.603388 0.618467 0.606025 0.617884 0.610214 0.606989 0.609590 0.607573 0.605400 0.604071 0.600977 0.602709 0.600899 0.595705 0.592051 0.595900 0.590655 0.593565 0.587706 0.589479 0.587472 0.589868 0.584679 0.593954 0.584913 0.595511 0.583594 0.595705 0.582198 0.597261 0.580880 0.597650 0.578086 0.600762 0.575450 0.601346 0.571260
0 0.746085 0.596444 0.742585 0.621581 0.738500 0.621347 0.732274 0.626621 0.730912 0.626543 0.729356 0.627861 0.728578 0.633447 0.705428 0.632121 0.706011 0.627932 0.703677 0.624983 0.702315 0.624905 0.697646 0.619006 0.696284 0.618928 0.696478 0.617532 0.695311 0.616057 0.689864 0.615745 0.692976 0.593401
0 0.188717 0.389965 0.188134 0.394154 0.192803 0.400052 0.192608 0.401449 0.194942 0.404398 0.194748 0.405795 0.197083 0.408744 0.201168 0.408978 0.199029 0.424339 0.194944 0.424105 0.191831 0.426742 0.191636 0.428138 0.183855 0.434731 0.183661 0.436128 0.180548 0.438764 0.179381 0.437290 0.178019 0.437212 0.175685 0.434263 0.174323 0.434185 0.170821 0.429762 0.169459 0.429684 0.168292 0.428209 0.166930 0.428131 0.162261 0.422233 0.160899 0.422155 0.156230 0.416257 0.152144 0.416023 0.152727 0.411833 0.158175 0.412145 0.164400 0.406872 0.164595 0.405475 0.166150 0.404157 0.166345 0.402760 0.167901 0.401442 0.168095 0.400045 0.169652 0.398726 0.169846 0.397330 0.171403 0.396011 0.172375 0.389029
0 0.180366 0.676646 0.176671 0.703179 0.148073 0.701541 0.148851 0.695956 0.145349 0.691532 0.141263 0.691298 0.143597 0.674540
0 0.986524 0.328690 0.982634 0.356620 0.977187 0.356308 0.972519 0.360263 0.969794 0.360107 0.968239 0.361426 0.967655 0.365616 0.958122 0.365069 0.958706 0.360879 0.957539 0.359405 0.956177 0.359326 0.955010 0.357852 0.953648 0.357774 0.945477 0.347453 0.941391 0.347219 0.944308 0.326271
0 0.163242 0.602468 0.159936 0.626209 0.153127 0.625818 0.151571 0.627137 0.144762 0.626746 0.143595 0.625272 0.142234 0.625194 0.141066 0.623719 0.138342 0.623563 0.136008 0.620614 0.134646 0.620536 0.131144 0.616112 0.131338 0.614716 0.130172 0.613241 0.130560 0.610449 0.133672 0.607811 0.133867 0.606415 0.135423 0.605097 0.136007 0.600907
0 0.168692 0.642194 0.165969 0.661745 0.160522 0.661433 0.158965 0.662752 0.148071 0.662128 0.146904 0.660653 0.144180 0.660497 0.143013 0.659022 0.141651 0.658944 0.140484 0.657469 0.135037 0.657157 0.137371 0.640399
0 0.357968 0.416553 0.357190 0.422139 0.358357 0.423613 0.357968 0.426407 0.359136 0.427881 0.358942 0.429278 0.360109 0.430752 0.359914 0.432148 0.362249 0.435097 0.362054 0.436494 0.363221 0.437968 0.363027 0.439365 0.374700 0.454110 0.376062 0.454188 0.378397 0.457137 0.379758 0.457215 0.382094 0.460165 0.383455 0.460243 0.385790 0.463192 0.387151 0.463270 0.388319 0.464744 0.396490 0.465212 0.394350 0.480574 0.387542 0.480184 0.384428 0.482821 0.383067 0.482743 0.381511 0.484062 0.380149 0.483984 0.378593 0.485302 0.377231 0.485224 0.375674 0.486542 0.374313 0.486464 0.372757 0.487783 0.361862 0.487158 0.360695 0.485684 0.356609 0.485450 0.349605 0.476602 0.349800 0.475206 0.345131 0.469308 0.345325 0.467912 0.344158 0.466437 0.342797 0.466359 0.342991 0.464962 0.334820 0.454641 0.335014 0.453245 0.333846 0.451770 0.334624 0.446184 0.336181 0.444866 0.337542 0.435090 0.342211 0.431134 0.342599 0.428342 0.344156 0.427023 0.344351 0.425627 0.345906 0.424308 0.346101 0.422911 0.347658 0.421593 0.348435 0.416007
0 0.846460 0.427646 0.843348 0.449991 0.839262 0.449756 0.837706 0.451075 0.836344 0.450996 0.833232 0.453634 0.831870 0.453556 0.828758 0.456193 0.827396 0.456115 0.825840 0.457433 0.824672 0.455959 0.819226 0.455647 0.817669 0.456965 0.802689 0.456107 0.798020 0.450209 0.798214 0.448812 0.797047 0.447338 0.797825 0.441752 0.811831 0.429885 0.812414 0.425696
0 0.220814 0.346759 0.219063 0.359327 0.213616 0.359015 0.212060 0.360334 0.210698 0.360256 0.207586 0.362893 0.206224 0.362815 0.203112 0.365452 0.201749 0.365374 0.198637 0.368011 0.197276 0.367933 0.187937 0.375844 0.187743 0.377241 0.184630 0.379878 0.184436 0.381274 0.176655 0.387867 0.175293 0.387789 0.170624 0.391744 0.170430 0.393140 0.167317 0.395777 0.167123 0.397174 0.165567 0.398492 0.165373 0.399889 0.163816 0.401208 0.163232 0.405397 0.161676 0.406716 0.161287 0.409508 0.159731 0.410827 0.159342 0.413620 0.157786 0.414939 0.157592 0.416335 0.153506 0.416101 0.152338 0.414627 0.150977 0.414549 0.148642 0.411599 0.147280 0.411521 0.140276 0.402675 0.140471 0.401278 0.136969 0.396854 0.132884 0.396620 0.135218 0.379862 0.139303 0.380096 0.140859 0.378778 0.141054 0.377382 0.142610 0.376063 0.142804 0.374667 0.145917 0.372030 0.146111 0.370633 0.150780 0.366677 0.150975 0.365281 0.152531 0.363962 0.153892 0.364040 0.164786 0.354811 0.166148 0.354889 0.169260 0.352252 0.170622 0.352330 0.172179 0.351012 0.173540 0.351090 0.176653 0.348453 0.177236 0.344263
0 0.316725 0.397299 0.315947 0.402885 0.317114 0.404359 0.322561 0.404671 0.319449 0.427016 0.314002 0.426704 0.303109 0.435933 0.302526 0.440123 0.290269 0.439420 0.291630 0.429644 0.288128 0.425221 0.288322 0.423824 0.285989 0.420875 0.286183 0.419478 0.285015 0.418004 0.285210 0.416607 0.284042 0.415133 0.284431 0.412340 0.283264 0.410866 0.279179 0.410632 0.283264 0.410866 0.284820 0.409547 0.285404 0.405357 0.286960 0.404039 0.287349 0.401246 0.288906 0.399927 0.289489 0.395738
0 0.269834 0.270740 0.266528 0.294481 0.261081 0.294169 0.253299 0.300761 0.250575 0.300605 0.247464 0.303242 0.246880 0.307432 0.233262 0.306651 0.233846 0.302461 0.229177 0.296563 0.227814 0.296485 0.226647 0.295011 0.226841 0.293614 0.223340 0.289190 0.219254 0.288956 0.220615 0.279181 0.224701 0.279415 0.230926 0.274141 0.231704 0.268555
0 0.470598 0.248458 0.470015 0.252648 0.471182 0.254122 0.475268 0.254356 0.472351 0.275304 0.468265 0.275070 0.465153 0.277706 0.463791 0.277628 0.454454 0.285539 0.453091 0.285461 0.451535 0.286780 0.450174 0.286702 0.448617 0.288021 0.447255 0.287943 0.445699 0.289261 0.442976 0.289105 0.441420 0.290424 0.435973 0.290112 0.434416 0.291430 0.433833 0.295619 0.412044 0.294370 0.412628 0.290181 0.411460 0.288707 0.410098 0.288629 0.408931 0.287154 0.407569 0.287076 0.406402 0.285602 0.405040 0.285524 0.399203 0.278151 0.397842 0.278073 0.396675 0.276599 0.396869 0.275202 0.393367 0.270779 0.393561 0.269382 0.392394 0.267907 0.392588 0.266511 0.391421 0.265036 0.387336 0.264802 0.387919 0.260613 0.392005 0.260847 0.396673 0.256892 0.396868 0.255495 0.398230 0.255573 0.401342 0.252936 0.402704 0.253014 0.407373 0.249059 0.407956 0.244869
0 0.214786 0.419612 0.213619 0.427991 0.214787 0.429465 0.214398 0.432259 0.215566 0.433733 0.219651 0.433967 0.213233 0.480051 0.199615 0.479271 0.200393 0.473686 0.199225 0.472211 0.197864 0.472133 0.198059 0.470736 0.184051 0.453041 0.182689 0.452963 0.181522 0.451489 0.181716 0.450092 0.179381 0.447144 0.175296 0.446910 0.177240 0.432945 0.182688 0.433257 0.190469 0.426664 0.190664 0.425267 0.193776 0.422630 0.194360 0.418441
0 0.769435 0.704763 0.765935 0.729900 0.760488 0.729588 0.758931 0.730906 0.757570 0.730828 0.756014 0.732147 0.755431 0.736336 0.752707 0.736180 0.753290 0.731990 0.752123 0.730516 0.748038 0.730282 0.746870 0.728807 0.744146 0.728651 0.742979 0.727176 0.741617 0.727098 0.739283 0.724150 0.737920 0.724072 0.736754 0.722597 0.736948 0.721201 0.734613 0.718251 0.730529 0.718017 0.732668 0.702656
0 0.357002 0.551632 0.354474 0.569786 0.347666 0.569396 0.346109 0.570714 0.343385 0.570558 0.341829 0.571877 0.330934 0.571252 0.329378 0.572571 0.328795 0.576760 0.316539 0.576058 0.318678 0.560697 0.324125 0.561009 0.325681 0.559691 0.327043 0.559769 0.328600 0.558450 0.329962 0.558528 0.331518 0.557210 0.332879 0.557288 0.335992 0.554650 0.336576 0.550461
0 0.192814 0.626684 0.190286 0.644838 0.184839 0.644526 0.183282 0.645845 0.181920 0.645767 0.178808 0.648404 0.178225 0.652593 0.174139 0.652359 0.174722 0.648170 0.172388 0.645221 0.171026 0.645143 0.167525 0.640720 0.166162 0.640642 0.162660 0.636218 0.161299 0.636140 0.160132 0.634666 0.160715 0.630476 0.159548 0.629001 0.155463 0.628767 0.156046 0.624578
0 0.129778 0.527353 0.129000 0.532939 0.132502 0.537362 0.132308 0.538759 0.133475 0.540234 0.138922 0.540546 0.136394 0.558700 0.125499 0.558076 0.123944 0.559394 0.121220 0.559238 0.119663 0.560557 0.119080 0.564746 0.106823 0.564044 0.107796 0.557062 0.106629 0.555587 0.107407 0.550001 0.106239 0.548527 0.106628 0.545734 0.105461 0.544260 0.104100 0.544182 0.106628 0.526027
0 0.901121 0.340689 0.900537 0.344879 0.902872 0.347828 0.904234 0.347906 0.905401 0.349380 0.906763 0.349458 0.912599 0.356830 0.913962 0.356908 0.917464 0.361332 0.921549 0.361566 0.916298 0.399271 0.910851 0.398959 0.909294 0.400278 0.909100 0.401675 0.901319 0.408267 0.899958 0.408189 0.895288 0.412144 0.893926 0.412066 0.889258 0.416022 0.887896 0.415944 0.886340 0.417263 0.884978 0.417185 0.881866 0.419822 0.880504 0.419744 0.878948 0.421062 0.877586 0.420984 0.876029 0.422302 0.873306 0.422146 0.871750 0.423465 0.871166 0.427655 0.850740 0.426484 0.851323 0.422295 0.850156 0.420820 0.847432 0.420663 0.846265 0.419189 0.842179 0.418955 0.841011 0.417481 0.839650 0.417403 0.838483 0.415928 0.837121 0.415850 0.835953 0.414376 0.834592 0.414298 0.833425 0.412823 0.832063 0.412745 0.830895 0.411271 0.829534 0.411193 0.824864 0.405294 0.823502 0.405216 0.815331 0.394895 0.815526 0.393498 0.814359 0.392024 0.808912 0.391712 0.812218 0.367972 0.816303 0.368206 0.828753 0.357658 0.830114 0.357736 0.842565 0.347187 0.843927 0.347265 0.845482 0.345947 0.846844 0.346025 0.848401 0.344707 0.849762 0.344785 0.852875 0.342148 0.853458 0.337958
0 0.560098 0.473178 0.558348 0.485746 0.551540 0.485356 0.549983 0.486674 0.548621 0.486596 0.547065 0.487914 0.545898 0.486440 0.539089 0.486050 0.537922 0.484576 0.535197 0.484420 0.532863 0.481471 0.531501 0.481393 0.529167 0.478444 0.529361 0.477047 0.528193 0.475572 0.528777 0.471383
0 0.190478 0.604028 0.187756 0.623579 0.174138 0.622799 0.172581 0.624117 0.171414 0.622643 0.165967 0.622331 0.166161 0.620935 0.164994 0.619460 0.165188 0.618063 0.164021 0.616589 0.164410 0.613796 0.163243 0.612322 0.164605 0.602546
0 0.803654 0.301322 0.801126 0.319476 0.797041 0.319242 0.792372 0.323198 0.792177 0.324595 0.789065 0.327231 0.788287 0.332817 0.774669 0.332036 0.775447 0.326451 0.771945 0.322027 0.772334 0.319234 0.771167 0.317759 0.771361 0.316363 0.770195 0.314888 0.770778 0.310699 0.772334 0.309381 0.772917 0.305191 0.774473 0.303872 0.775056 0.299683
0 0.469045 0.299044 0.465350 0.325577 0.459903 0.325265 0.449009 0.334495 0.447647 0.334417 0.444534 0.337054 0.443951 0.341243 0.428972 0.340385 0.429750 0.334800 0.427415 0.331851 0.427610 0.330454 0.424107 0.326030 0.422746 0.325952 0.421578 0.324478 0.407960 0.323697 0.406793 0.322222 0.391813 0.321364 0.390646 0.319890 0.382476 0.319422 0.381308 0.317948 0.374499 0.317558 0.375472 0.310575 0.379557 0.310809 0.381113 0.309490 0.382475 0.309568 0.384031 0.308250 0.385393 0.308328 0.391618 0.303054 0.392980 0.303132 0.397648 0.299176 0.398232 0.294987
0 0.126670 0.628525 0.124531 0.643886 0.120445 0.643652 0.118889 0.644971 0.117528 0.644893 0.106634 0.654122 0.105272 0.654044 0.102160 0.656682 0.100798 0.656604 0.098463 0.653654 0.098852 0.650862 0.097685 0.649387 0.098074 0.646594 0.096906 0.645120 0.092820 0.644886 0.095349 0.626731
0 0.492383 0.170878 0.489466 0.191826 0.485380 0.191592 0.477599 0.198184 0.477016 0.202373 0.471569 0.202061 0.472152 0.197872 0.466315 0.190499 0.466510 0.189103 0.461840 0.183204 0.462035 0.181808 0.460868 0.180333 0.461451 0.176144 0.460284 0.174669 0.461062 0.169083
0 0.277629 0.530193 0.274128 0.555330 0.268681 0.555018 0.265568 0.557655 0.264985 0.561844 0.237749 0.560284 0.238333 0.556094 0.234831 0.551671 0.233469 0.551593 0.231134 0.548643 0.231329 0.547247 0.227827 0.542823 0.228216 0.540031 0.227048 0.538556 0.222964 0.538322 0.223158 0.536925 0.228605 0.537237 0.230161 0.535919 0.231522 0.535997 0.233079 0.534678 0.234441 0.534756 0.237554 0.532120 0.238137 0.527930
0 0.254266 0.185389 0.249794 0.217508 0.234814 0.216650 0.235591 0.211065 0.234424 0.209590 0.233063 0.209512 0.231895 0.208037 0.232090 0.206641 0.229755 0.203692 0.228394 0.203614 0.227226 0.202139 0.227421 0.200743 0.226254 0.199268 0.220807 0.198956 0.222946 0.183595
0 0.912609 0.544048 0.910859 0.556616 0.906774 0.556382 0.905217 0.557701 0.903855 0.557622 0.902299 0.558941 0.900937 0.558863 0.896269 0.562818 0.888098 0.562350 0.886541 0.563669 0.885180 0.563591 0.883623 0.564909 0.883040 0.569099 0.853081 0.567383 0.853665 0.563193 0.852497 0.561719 0.851135 0.561641 0.849968 0.560166 0.848606 0.560088 0.847439 0.558614 0.846077 0.558536 0.844910 0.557061 0.843548 0.556983 0.842381 0.555508 0.841019 0.555430 0.839851 0.553956 0.838489 0.553878 0.837322 0.552404 0.835961 0.552326 0.834793 0.550851 0.830708 0.550617 0.832263 0.539445
0 0.677594 0.339144 0.675260 0.355902 0.669813 0.355590 0.668257 0.356908 0.666895 0.356830 0.665339 0.358149 0.662615 0.357993 0.661059 0.359312 0.659697 0.359234 0.658141 0.360552 0.656779 0.360474 0.655223 0.361793 0.648414 0.361403 0.646858 0.362721 0.634601 0.362019 0.633434 0.360545 0.629349 0.360311 0.628182 0.358836 0.626820 0.358758 0.625653 0.357284 0.624291 0.357206 0.621956 0.354256 0.616510 0.353944 0.617871 0.344169 0.623317 0.344481 0.624874 0.343163 0.626236 0.343241 0.627792 0.341922 0.628570 0.336336
0 0.231712 0.426212 0.230934 0.431798 0.232101 0.433273 0.231906 0.434669 0.233074 0.436144 0.232880 0.437540 0.234046 0.439015 0.233852 0.440411 0.235020 0.441885 0.234825 0.443282 0.235993 0.444756 0.240078 0.444990 0.236772 0.468731 0.229963 0.468341 0.226850 0.470978 0.226267 0.475168 0.223544 0.475012 0.224127 0.470822 0.222960 0.469347 0.221597 0.469269 0.221792 0.467873 0.220625 0.466399 0.220819 0.465002 0.219652 0.463528 0.220041 0.460735 0.218874 0.459260 0.219263 0.456467 0.218096 0.454992 0.218679 0.450803 0.217511 0.449329 0.218095 0.445139 0.216927 0.443664 0.217316 0.440871 0.216149 0.439397 0.216927 0.433811 0.215760 0.432337 0.215955 0.430940 0.214787 0.429465 0.210702 0.429231 0.211285 0.425042
0 0.742192 0.545546 0.738497 0.572079 0.716708 0.570831 0.717292 0.566642 0.709121 0.556320 0.703673 0.556007 0.705423 0.543439
0 0.522732 0.189508 0.521371 0.199284 0.515924 0.198972 0.512811 0.201609 0.511449 0.201531 0.509893 0.202849 0.507170 0.202693 0.505613 0.204011 0.504252 0.203933 0.500750 0.199510 0.500945 0.198114 0.502500 0.196795 0.503667 0.188416
0 0.467883 0.405958 0.467299 0.410147 0.474303 0.418995 0.475665 0.419073 0.481502 0.426445 0.481307 0.427842 0.483642 0.430791 0.483447 0.432188 0.485782 0.435137 0.485587 0.436533 0.487922 0.439482 0.487728 0.440879 0.488895 0.442353 0.492980 0.442587 0.491036 0.456552 0.485589 0.456240 0.480920 0.460196 0.480726 0.461593 0.468275 0.472140 0.466913 0.472062 0.465358 0.473380 0.463995 0.473302 0.462439 0.474621 0.459715 0.474465 0.458159 0.475783 0.448626 0.475237 0.447071 0.476556 0.445708 0.476478 0.444152 0.477796 0.443569 0.481985 0.421781 0.480737 0.422364 0.476548 0.421196 0.475074 0.419835 0.474996 0.418667 0.473521 0.414582 0.473287 0.413414 0.471813 0.406606 0.471423 0.405438 0.469948 0.402715 0.469792 0.401548 0.468317 0.400185 0.468239 0.397852 0.465290 0.396490 0.465212 0.391820 0.459315 0.390459 0.459237 0.384622 0.451864 0.384816 0.450467 0.381314 0.446043 0.381508 0.444647 0.380341 0.443172 0.380536 0.441776 0.379369 0.440301 0.379564 0.438904 0.381119 0.437586 0.381508 0.434793 0.383064 0.433474 0.383259 0.432078 0.384815 0.430760 0.385010 0.429363 0.389679 0.425408 0.389873 0.424011 0.391235 0.424089 0.405242 0.412223 0.406603 0.412301 0.412828 0.407027 0.413411 0.402838
0 0.885357 0.227174 0.881857 0.252311 0.877772 0.252077 0.871546 0.257351 0.870185 0.257273 0.868629 0.258591 0.867267 0.258513 0.865710 0.259832 0.865127 0.264021 0.863765 0.263943 0.864349 0.259754 0.863181 0.258279 0.860458 0.258123 0.854621 0.250751 0.854816 0.249355 0.852481 0.246406 0.852870 0.243612 0.850535 0.240664 0.846450 0.240430 0.847422 0.233447 0.851508 0.233681 0.854620 0.231044 0.855398 0.225458
0 0.778752 0.283003 0.776224 0.301158 0.769415 0.300768 0.767859 0.302086 0.766497 0.302008 0.764941 0.303326 0.763579 0.303248 0.762023 0.304567 0.760661 0.304489 0.757549 0.307126 0.754825 0.306970 0.751712 0.309607 0.751129 0.313796 0.718446 0.311924 0.719029 0.307735 0.716695 0.304786 0.711247 0.304474 0.712803 0.293302 0.718251 0.293614 0.721363 0.290977 0.722725 0.291055 0.724281 0.289737 0.725643 0.289815 0.727199 0.288496 0.729923 0.288652 0.731479 0.287333 0.734203 0.287489 0.735759 0.286171 0.738482 0.286327 0.740039 0.285008 0.740622 0.280819
0 0.912609 0.544048 0.910859 0.556616 0.906774 0.556382 0.905217 0.557701 0.903855 0.557622 0.902299 0.558941 0.900937 0.558863 0.897824 0.561500 0.896463 0.561422 0.894907 0.562740 0.886736 0.562272 0.885180 0.563591 0.883818 0.563513 0.882262 0.564831 0.881678 0.569021 0.853081 0.567383 0.853665 0.563193 0.851329 0.560244 0.848606 0.560088 0.847439 0.558614 0.846077 0.558536 0.844910 0.557061 0.843548 0.556983 0.842381 0.555508 0.841019 0.555430 0.839851 0.553956 0.838489 0.553878 0.837322 0.552404 0.835961 0.552326 0.834793 0.550851 0.830708 0.550617 0.832263 0.539445
0 0.553082 0.208139 0.550942 0.223501 0.545495 0.223188 0.543939 0.224506 0.543355 0.228696 0.522929 0.227526 0.523512 0.223336 0.521178 0.220387 0.521372 0.218990 0.519037 0.216041 0.514952 0.215807 0.519037 0.216041 0.520594 0.214723 0.521761 0.206344
0 0.353093 0.185420 0.349398 0.211954 0.337142 0.211252 0.337726 0.207062 0.328386 0.195266 0.327025 0.195188 0.327219 0.193791 0.324885 0.190843 0.320799 0.190609 0.321771 0.183626
0 0.271394 0.338396 0.267699 0.364930 0.262251 0.364618 0.259139 0.367255 0.258945 0.368651 0.257389 0.369969 0.255053 0.367021 0.253692 0.366943 0.252525 0.365468 0.251163 0.365390 0.251357 0.363994 0.249023 0.361044 0.249217 0.359648 0.248050 0.358173 0.249023 0.351191 0.250578 0.349873 0.250967 0.347079 0.252523 0.345761 0.252718 0.344364 0.254274 0.343046 0.255052 0.337460
0 1.000000 0.222556 0.997025 0.253279 0.991578 0.252966 0.986909 0.256922 0.981462 0.256610 0.979906 0.257928 0.974459 0.257616 0.972902 0.258934 0.971541 0.258856 0.969984 0.260175 0.969401 0.264364 0.963954 0.264052 0.964538 0.259863 0.962203 0.256914 0.960841 0.256836 0.949168 0.242091 0.947805 0.242013 0.944304 0.237590 0.940219 0.237356 0.942747 0.219201
0 0.518077 0.459509 0.515938 0.474870 0.495511 0.473700 0.497650 0.458339
0 0.365561 0.529600 0.362838 0.549151 0.357391 0.548839 0.352722 0.542940 0.348636 0.542706 0.350581 0.528741
0 0.172561 0.220122 0.166144 0.266207 0.162059 0.265973 0.158945 0.268609 0.157584 0.268531 0.156028 0.269850 0.153304 0.269694 0.150970 0.266745 0.149608 0.266667 0.148440 0.265193 0.147079 0.265115 0.145911 0.263640 0.143188 0.263484 0.147855 0.229968 0.150578 0.230124 0.155247 0.226168 0.156610 0.226246 0.158165 0.224928 0.158943 0.219342
0 0.353871 0.179834 0.349398 0.211954 0.337142 0.211252 0.337726 0.207062 0.328386 0.195266 0.327025 0.195188 0.327219 0.193791 0.324885 0.190843 0.320799 0.190609 0.322549 0.178040
0 0.455033 0.202521 0.452894 0.217883 0.447447 0.217571 0.448030 0.213381 0.446863 0.211907 0.447058 0.210510 0.444723 0.207561 0.439276 0.207249 0.440054 0.201663
0 0.516513 0.313025 0.515346 0.321404 0.516513 0.322878 0.515930 0.327068 0.518265 0.330017 0.518071 0.331413 0.519238 0.332888 0.518849 0.335681 0.520016 0.337156 0.519821 0.338552 0.520989 0.340027 0.520795 0.341423 0.521961 0.342898 0.521767 0.344294 0.522935 0.345768 0.522740 0.347165 0.523908 0.348639 0.523519 0.351433 0.528188 0.357330 0.527994 0.358727 0.530328 0.361676 0.530133 0.363072 0.532469 0.366022 0.536553 0.366256 0.534609 0.380221 0.516905 0.379207 0.517489 0.375017 0.512820 0.369119 0.513015 0.367723 0.500174 0.351502 0.500368 0.350106 0.499201 0.348631 0.499395 0.347234 0.498228 0.345760 0.498811 0.341571 0.497645 0.340096 0.501534 0.312166
0 0.276841 0.338708 0.274701 0.354070 0.270616 0.353836 0.269060 0.355154 0.268671 0.357947 0.267115 0.359265 0.269449 0.362214 0.273535 0.362448 0.271590 0.376413 0.267504 0.376179 0.266337 0.374705 0.263614 0.374549 0.262446 0.373074 0.259723 0.372918 0.258556 0.371444 0.255832 0.371288 0.256027 0.369891 0.252525 0.365468 0.251163 0.365390 0.249995 0.363916 0.250189 0.362519 0.249023 0.361044 0.249217 0.359648 0.248050 0.358173 0.248634 0.353984 0.250189 0.352666 0.250967 0.347079 0.252523 0.345761 0.252718 0.344364 0.254274 0.343046 0.255052 0.337460
0 0.851909 0.467373 0.849964 0.481338 0.844517 0.481026 0.842961 0.482345 0.841599 0.482267 0.838486 0.484904 0.837125 0.484826 0.830899 0.490099 0.829538 0.490021 0.827982 0.491339 0.826620 0.491261 0.823507 0.493898 0.822924 0.498088 0.795688 0.496528 0.796271 0.492338 0.793937 0.489389 0.792575 0.489311 0.789073 0.484887 0.787712 0.484809 0.785376 0.481861 0.784015 0.481783 0.782848 0.480308 0.781486 0.480230 0.781875 0.477437 0.780707 0.475962 0.780901 0.474566 0.785570 0.470611 0.786932 0.470689 0.788489 0.469370 0.789266 0.463784
0 0.104884 0.666691 0.100411 0.698810 0.094964 0.698498 0.095547 0.694309 0.094379 0.692835 0.094574 0.691438 0.093407 0.689963 0.096713 0.666223
0 0.395132 0.553816 0.393965 0.562195 0.388518 0.561883 0.386961 0.563202 0.386767 0.564598 0.371204 0.577783 0.371010 0.579179 0.369454 0.580498 0.369065 0.583291 0.367509 0.584609 0.367315 0.586006 0.365758 0.587325 0.365564 0.588721 0.364008 0.590040 0.362646 0.589962 0.357976 0.584063 0.358171 0.582667 0.354669 0.578243 0.355642 0.571261 0.358753 0.568624 0.359142 0.565831 0.360699 0.564512 0.362449 0.551944
0 0.547648 0.483725 0.547065 0.487914 0.549400 0.490864 0.550762 0.490942 0.551929 0.492416 0.554652 0.492572 0.555819 0.494047 0.557181 0.494125 0.558348 0.495600 0.561072 0.495756 0.562239 0.497230 0.564963 0.497387 0.566131 0.498861 0.567492 0.498939 0.568660 0.500413 0.572745 0.500647 0.567300 0.539749 0.538703 0.538111 0.539480 0.532525 0.538313 0.531050 0.536951 0.530972 0.534616 0.528023 0.533255 0.527945 0.530920 0.524996 0.520026 0.524372 0.518859 0.522897 0.513412 0.522585 0.512244 0.521111 0.509520 0.520955 0.508352 0.519481 0.505630 0.519325 0.504462 0.517850 0.503100 0.517772 0.501933 0.516297 0.500572 0.516219 0.499404 0.514745 0.498042 0.514667 0.496875 0.513192 0.495513 0.513114 0.494346 0.511640 0.492984 0.511562 0.491816 0.510088 0.489093 0.509932 0.487926 0.508457 0.485202 0.508301 0.484035 0.506827 0.482672 0.506749 0.479171 0.502325 0.475086 0.502091 0.476642 0.490919 0.482089 0.491231 0.485201 0.488594 0.485395 0.487197 0.488509 0.484560 0.489092 0.480371
0 0.683041 0.339456 0.681096 0.353421 0.675649 0.353109 0.674093 0.354427 0.672731 0.354349 0.671175 0.355668 0.669813 0.355590 0.668257 0.356908 0.666895 0.356830 0.665339 0.358149 0.663977 0.358071 0.662420 0.359390 0.659697 0.359234 0.658141 0.360552 0.656779 0.360474 0.655223 0.361793 0.648414 0.361403 0.646858 0.362721 0.633240 0.361941 0.632072 0.360467 0.629349 0.360311 0.628182 0.358836 0.626820 0.358758 0.625653 0.357284 0.624291 0.357206 0.623124 0.355731 0.621761 0.355653 0.620595 0.354178 0.616510 0.353944 0.617871 0.344169 0.621956 0.344403 0.626625 0.340447 0.627208 0.336258
0 0.327427 0.448587 0.326066 0.458362 0.311085 0.457504 0.312447 0.447729
0 0.131329 0.437353 0.127635 0.463886 0.115379 0.463184 0.119074 0.436651
0 0.178008 0.220434 0.173924 0.249762 0.169839 0.249527 0.166727 0.252164 0.166338 0.254957 0.164781 0.256275 0.163809 0.263258 0.162253 0.264577 0.162059 0.265973 0.157389 0.269928 0.153304 0.269694 0.152137 0.268219 0.150775 0.268141 0.148440 0.265193 0.147079 0.265115 0.144744 0.262166 0.143383 0.262088 0.147661 0.231364 0.150384 0.231520 0.158165 0.224928 0.158943 0.219342
0 0.635590 0.680203 0.632673 0.701150 0.625864 0.700760 0.626642 0.695175 0.620806 0.687802 0.621000 0.686406 0.619833 0.684931 0.620611 0.679345
0 0.518855 0.453923 0.515938 0.474870 0.495511 0.473700 0.497455 0.459735 0.501541 0.459969 0.504654 0.457332 0.505237 0.453143
0 0.545307 0.342827 0.543168 0.358188 0.529550 0.357408 0.530133 0.353219 0.528966 0.351745 0.529161 0.350348 0.527993 0.348873 0.523908 0.348639 0.524880 0.341657
0 0.637136 0.471960 0.633052 0.501287 0.628967 0.501053 0.624298 0.505008 0.622937 0.504930 0.612043 0.514160 0.610680 0.514082 0.601344 0.521992 0.599982 0.521914 0.595312 0.525870 0.593951 0.525792 0.590839 0.528429 0.589477 0.528351 0.586365 0.530988 0.585002 0.530910 0.583446 0.532229 0.582084 0.532151 0.580528 0.533469 0.579166 0.533391 0.577610 0.534709 0.576248 0.534631 0.574692 0.535950 0.573330 0.535872 0.571774 0.537191 0.570412 0.537113 0.568856 0.538431 0.567494 0.538353 0.564382 0.540990 0.563798 0.545180 0.540647 0.543853 0.543953 0.520112 0.549401 0.520425 0.550957 0.519106 0.552319 0.519184 0.553875 0.517866 0.554070 0.516469 0.555626 0.515151 0.555820 0.513755 0.557377 0.512436 0.557571 0.511039 0.559127 0.509721 0.559321 0.508325 0.560878 0.507006 0.561073 0.505609 0.562629 0.504291 0.562824 0.502894 0.564380 0.501576 0.564574 0.500179 0.566131 0.498861 0.567492 0.498939 0.579942 0.488391 0.580137 0.486995 0.584805 0.483039 0.584999 0.481643 0.588112 0.479005 0.588307 0.477609 0.591419 0.474972 0.592197 0.469386
0 0.545307 0.342827 0.543168 0.358188 0.529550 0.357408 0.530522 0.350426 0.529355 0.348951 0.530328 0.341969
0 0.653586 0.488493 0.635905 0.498604 0.615535 0.521541 0.591064 0.541462 0.554807 0.548655 0.540969 0.550644 0.552244 0.560560 0.593115 0.565683 0.637830 0.556193 0.656278 0.521094 0.659223 0.493451
0 0.788502 0.532376 0.771846 0.522152 0.753397 0.518313 0.733665 0.530163 0.739303 0.535122 0.766977 0.537633
0 0.786196 0.535954 0.779406 0.545761 0.754039 0.546162 0.729694 0.539206 0.742762 0.536246 0.776074 0.537228
0 0.708805 0.442520 0.733788 0.425411 0.735581 0.412535 0.718284 0.400419 0.699450 0.392851 0.681000 0.401991 0.668956 0.404082 0.644613 0.403615 0.622449 0.400492 0.603230 0.408662 0.587087 0.427204 0.584013 0.449278 0.603104 0.455006 0.637440 0.442141 0.674340 0.443328 0.694967 0.444510
0 0.719186 0.491323 0.708934 0.474049 0.698811 0.462345 0.674212 0.444248 0.664218 0.444601 0.640387 0.453435 0.643848 0.467540 0.654994 0.471885 0.661656 0.475976 0.672163 0.478432 0.680619 0.482624 0.682031 0.498465 0.674343 0.501734 0.679596 0.509450 0.697405 0.504909 0.721876 0.497968
0 0.678698 0.483442 0.671139 0.479299 0.661786 0.481545 0.656789 0.491457 0.664733 0.499329 0.671780 0.500659 0.682031 0.498465 0.685489 0.493101 0.679339 0.485332
0 0.279850 0.504164 0.260120 0.496545 0.228217 0.498425 0.200927 0.512621 0.189782 0.534232 0.188244 0.551759 0.211820 0.551256 0.224888 0.535317 0.247052 0.518973 0.272164 0.513921
0 0.199250 0.290957 0.191819 0.285895 0.186566 0.284667 0.177469 0.291562 0.180800 0.300096 0.185285 0.306844 0.190667 0.307153
0 0.597422 0.247022 0.601905 0.247278 0.603746 0.250279 0.602946 0.256025 0.601425 0.258833 0.595502 0.260809 0.591021 0.260552 0.589901 0.256434 0.591741 0.251329 0.594942 0.248617
0 0.391308 0.360350 0.392226 0.362476 0.391938 0.367437 0.389761 0.371459 0.382883 0.374383 0.377323 0.373649 0.376635 0.366975 0.379730 0.365078 0.387639 0.360555 0.391823 0.359550
0 0.341502 0.404361 0.349068 0.408113 0.349641 0.409803 0.347808 0.414261 0.344885 0.417825 0.339841 0.419196 0.333937 0.415124 0.333079 0.412588 0.333994 0.408907 0.339497 0.404246
