1 0.901452 0.414781 0.672772 0.540309 0.935988 0.739760
1 0.467908 0.484231 0.669520 0.734073 0.659428 0.744366 0.354956 0.838153 0.348102 0.834101
1 0.844005 0.376753 0.626968 0.531812 0.610351 0.258944 0.715668 0.284043 0.838682 0.368379
1 0.578789 0.241445 0.513260 0.283419 0.356563 0.383854 0.602392 0.514089
1 0.813940 0.176938 0.735588 0.272012 0.877015 0.303071
1 0.813192 0.111461 0.744844 0.199092 0.686690 0.094162 0.766745 0.078776
1 0.691703 0.112511 0.680301 0.119998 0.593101 0.185451 0.727140 0.229564
1 0.523876 0.122170 0.470056 0.236392 0.606051 0.217786
1 0.673161 0.080356 0.614628 0.032396 0.561168 0.045504 0.580503 0.141712
1 0.494503 0.168681 0.360666 0.073299 0.305899 0.083601 0.279755 0.295186
1 0.265819 0.070647 0.239813 0.188248 0.135786 0.121811 0.203111 0.066964
1 0.508548 0.121239 0.332431 0.038605 0.451400 0.000000 0.512399 0.000000
1 0.721938 0.083062 0.625851 0.030612 0.706838 0.000000 0.733080 0.000000 0.735957 0.081187
1 0.196176 1.000000 0.878559 0.745875 0.900524 0.981548 0.812485 0.984374
1 0.373885 0.410355 0.364725 0.703985 0.138880 1.000000 0.000000 1.000000 0.000000 0.612580
1 0.363798 0.330936 0.151507 0.512898 0.000000 0.504117 0.000000 0.260463 0.000000 0.147857
1 1.000000 0.164947 0.954606 0.321940 0.877798 0.233272 1.000000 0.043710 1.000000 0.049445
1 1.000000 0.000000 0.898785 0.187031 0.832577 0.116534 0.964593 0.000000 1.000000 0.000000
1 0.995361 0.000000 0.835043 0.082280 0.778440 0.017171 0.901002 0.000000 0.986290 0.000000
0 0.581489 0.020644 0.596993 0.015874 0.600188 0.002956 0.568492 0.000000 0.562502 0.002742 0.563321 0.021227 0.577164 0.025054
