0 0.335960 0.499777 0.335291 0.505133 0.336574 0.506510 0.342375 0.506664 0.338860 0.534783 0.333058 0.534628 0.326587 0.539830 0.326420 0.541168 0.319949 0.546370 0.319781 0.547709 0.316546 0.550310 0.316378 0.551650 0.313143 0.554250 0.312975 0.555589 0.309740 0.558190 0.309572 0.559528 0.307955 0.560829 0.307788 0.562168 0.302934 0.566069 0.302766 0.567408 0.301149 0.568709 0.299698 0.568670 0.296463 0.571271 0.295012 0.571232 0.291777 0.573833 0.291275 0.577850 0.257916 0.576963 0.258419 0.572946 0.255853 0.570191 0.254403 0.570152 0.253119 0.568775 0.251669 0.568737 0.250386 0.567359 0.248936 0.567320 0.247653 0.565942 0.246202 0.565903 0.244919 0.564526 0.243470 0.564488 0.242186 0.563111 0.237835 0.562995 0.239174 0.552282 0.243526 0.552398 0.245144 0.551098 0.246594 0.551137 0.267625 0.534231 0.267793 0.532893 0.280734 0.522489 0.282185 0.522528 0.291891 0.514726 0.293342 0.514764 0.296577 0.512163 0.298028 0.512202 0.299646 0.510902 0.301096 0.510941 0.305949 0.507039 0.307399 0.507078 0.309018 0.505777 0.310468 0.505815 0.313703 0.503215 0.314205 0.499198
0 0.765159 0.430586 0.762313 0.453349 0.756512 0.453195 0.746805 0.460997 0.745355 0.460958 0.737266 0.467460 0.735815 0.467421 0.730962 0.471322 0.729512 0.471284 0.723041 0.476486 0.721590 0.476447 0.718355 0.479048 0.716904 0.479010 0.710433 0.484210 0.708983 0.484172 0.707365 0.485473 0.705915 0.485434 0.704297 0.486735 0.698496 0.486581 0.697213 0.485203 0.676908 0.484663 0.675624 0.483285 0.672724 0.483208 0.671441 0.481830 0.671943 0.477814 0.670661 0.476436 0.670828 0.475097 0.672446 0.473797 0.672780 0.471119 0.676016 0.468518 0.676183 0.467178 0.682654 0.461978 0.682822 0.460638 0.699000 0.447634 0.700450 0.447673 0.703686 0.445072 0.705136 0.445111 0.709989 0.441209 0.711440 0.441248 0.713057 0.439948 0.714508 0.439986 0.717743 0.437386 0.719194 0.437424 0.720811 0.436124 0.722261 0.436163 0.725497 0.433562 0.725999 0.429545
0 0.608753 0.238348 0.608083 0.243704 0.610649 0.246459 0.610482 0.247797 0.615613 0.253308 0.615446 0.254647 0.620578 0.260157 0.620410 0.261496 0.629390 0.271139 0.633742 0.271254 0.631063 0.292678 0.625262 0.292524 0.615555 0.300326 0.614104 0.300287 0.607634 0.305489 0.606183 0.305450 0.602948 0.308051 0.601498 0.308013 0.598262 0.310613 0.596812 0.310575 0.593576 0.313176 0.592125 0.313137 0.588891 0.315738 0.585990 0.315661 0.584372 0.316961 0.581471 0.316884 0.579853 0.318184 0.579350 0.322202 0.569198 0.321932 0.569701 0.317914 0.567135 0.315159 0.564234 0.315082 0.562951 0.313705 0.561501 0.313666 0.540974 0.291626 0.541141 0.290286 0.538575 0.287531 0.538743 0.286193 0.537459 0.284815 0.537794 0.282137 0.536512 0.280759 0.536679 0.279420 0.534113 0.276665 0.529762 0.276550 0.531268 0.264499 0.535620 0.264615 0.542091 0.259413 0.542258 0.258074 0.543876 0.256774 0.545326 0.256813 0.553416 0.250310 0.554866 0.250349 0.558101 0.247748 0.559551 0.247787 0.561169 0.246486 0.562619 0.246524 0.565856 0.243924 0.567306 0.243963 0.570541 0.241361 0.571043 0.237345
0 0.446423 0.244778 0.445754 0.250134 0.447037 0.251511 0.446870 0.252850 0.449435 0.255605 0.449268 0.256945 0.451834 0.259699 0.451666 0.261038 0.455516 0.265171 0.455348 0.266510 0.459197 0.270642 0.459029 0.271982 0.461595 0.274737 0.461428 0.276076 0.465277 0.280208 0.469628 0.280324 0.466782 0.303086 0.462431 0.302970 0.460813 0.304271 0.459362 0.304233 0.441567 0.318537 0.440117 0.318499 0.435263 0.322399 0.432363 0.322322 0.430745 0.323622 0.423493 0.323429 0.422210 0.322052 0.420760 0.322014 0.419477 0.320637 0.418026 0.320598 0.415460 0.317843 0.414010 0.317804 0.405029 0.308161 0.405197 0.306823 0.392367 0.293047 0.388016 0.292932 0.391029 0.268829 0.395381 0.268945 0.403470 0.262443 0.403638 0.261105 0.413344 0.253303 0.413512 0.251963 0.418365 0.248062 0.418867 0.244045
0 0.410061 0.093348 0.409391 0.098704 0.410674 0.100081 0.412124 0.100120 0.414690 0.102875 0.416140 0.102914 0.417424 0.104291 0.418874 0.104330 0.421440 0.107085 0.422890 0.107123 0.425455 0.109878 0.426906 0.109917 0.430756 0.114049 0.432205 0.114088 0.433488 0.115466 0.437839 0.115581 0.433654 0.149056 0.429302 0.148940 0.426068 0.151541 0.424617 0.151503 0.421381 0.154103 0.421214 0.155442 0.406654 0.167146 0.405204 0.167107 0.401968 0.169707 0.400518 0.169669 0.398900 0.170969 0.397449 0.170931 0.395832 0.172231 0.392931 0.172154 0.391314 0.173455 0.390812 0.177472 0.379209 0.177163 0.379711 0.173146 0.375862 0.169013 0.374411 0.168974 0.373128 0.167597 0.373296 0.166259 0.368164 0.160748 0.368332 0.159409 0.358068 0.148389 0.353717 0.148273 0.354554 0.141578 0.360356 0.141732 0.363590 0.139132 0.363758 0.137793 0.368612 0.133891 0.368947 0.131213 0.370565 0.129913 0.371234 0.124557 0.372852 0.123257 0.373521 0.117901 0.375139 0.116601 0.375306 0.115262 0.376924 0.113961 0.377259 0.111283 0.382112 0.107382 0.382279 0.106043 0.387133 0.102143 0.387301 0.100803 0.388919 0.099502 0.389756 0.092808
0 0.153879 0.629276 0.153376 0.633293 0.155942 0.636048 0.158843 0.636125 0.160126 0.637503 0.161576 0.637541 0.162859 0.638918 0.164309 0.638957 0.165592 0.640335 0.167043 0.640374 0.168325 0.641751 0.171226 0.641829 0.172509 0.643206 0.173959 0.643244 0.175243 0.644621 0.179594 0.644737 0.177082 0.664822 0.172732 0.664706 0.164642 0.671208 0.164475 0.672547 0.162858 0.673848 0.162690 0.675187 0.159454 0.677787 0.159119 0.680465 0.157502 0.681766 0.157334 0.683105 0.155717 0.684405 0.155549 0.685744 0.153931 0.687045 0.153764 0.688383 0.150528 0.690984 0.150361 0.692323 0.148743 0.693624 0.148575 0.694963 0.146958 0.696263 0.146791 0.697602 0.143555 0.700203 0.143388 0.701542 0.138535 0.705443 0.138367 0.706782 0.135131 0.709383 0.133681 0.709344 0.132063 0.710644 0.120461 0.710335 0.119177 0.708958 0.117726 0.708920 0.116444 0.707543 0.114994 0.707504 0.113711 0.706126 0.110810 0.706049 0.109527 0.704672 0.108077 0.704633 0.106793 0.703255 0.103893 0.703178 0.102610 0.701800 0.099709 0.701723 0.098426 0.700346 0.096976 0.700307 0.095693 0.698930 0.092793 0.698853 0.091509 0.697475 0.090059 0.697437 0.087494 0.694682 0.086043 0.694643 0.084759 0.693266 0.083309 0.693227 0.082027 0.691849 0.080576 0.691811 0.079293 0.690433 0.077843 0.690394 0.075277 0.687639 0.070926 0.687523 0.072600 0.674134 0.076951 0.674249 0.080187 0.671650 0.080354 0.670310 0.081972 0.669009 0.082139 0.667671 0.085375 0.665070 0.085710 0.662392 0.087328 0.661091 0.087662 0.658414 0.089280 0.657113 0.089447 0.655774 0.091065 0.654474 0.091400 0.651796 0.093018 0.650496 0.093186 0.649157 0.102892 0.641354 0.103060 0.640016 0.109531 0.634813 0.110981 0.634852 0.114216 0.632252 0.114719 0.628235
0 0.253391 0.717901 0.252722 0.723257 0.254004 0.724635 0.253837 0.725974 0.256403 0.728729 0.256235 0.730068 0.257519 0.731445 0.257351 0.732784 0.270181 0.746559 0.271631 0.746598 0.274197 0.749353 0.275646 0.749392 0.278213 0.752147 0.282564 0.752263 0.280220 0.771009 0.275869 0.770893 0.269397 0.776094 0.269230 0.777433 0.264377 0.781334 0.264210 0.782673 0.249650 0.794376 0.249483 0.795716 0.243012 0.800917 0.241561 0.800879 0.238325 0.803480 0.237823 0.807496 0.229121 0.807265 0.229623 0.803248 0.228341 0.801870 0.226890 0.801832 0.224324 0.799077 0.222873 0.799038 0.217741 0.793528 0.218076 0.790851 0.216794 0.789473 0.218133 0.778761 0.219750 0.777461 0.220922 0.768088 0.219640 0.766710 0.219807 0.765371 0.212110 0.757106 0.207758 0.756990 0.210437 0.735567 0.214788 0.735683 0.218024 0.733082 0.218191 0.731742 0.219641 0.731781 0.222877 0.729181 0.223045 0.727842 0.229516 0.722640 0.230186 0.717284
0 0.426896 0.319490 0.426394 0.323507 0.434091 0.331773 0.439893 0.331927 0.438219 0.345317 0.433867 0.345201 0.432250 0.346501 0.430800 0.346462 0.427564 0.349063 0.426114 0.349025 0.416407 0.356827 0.416239 0.358166 0.411386 0.362067 0.411218 0.363406 0.407983 0.366006 0.407313 0.371363 0.384108 0.370746 0.384610 0.366729 0.382044 0.363974 0.379143 0.363896 0.376578 0.361141 0.375127 0.361103 0.371279 0.356971 0.369828 0.356932 0.363414 0.350044 0.361963 0.350005 0.351699 0.338985 0.350249 0.338946 0.348966 0.337568 0.349133 0.336230 0.346568 0.333475 0.342217 0.333359 0.342384 0.332021 0.348185 0.332175 0.354656 0.326972 0.356107 0.327011 0.357724 0.325711 0.359175 0.325750 0.360793 0.324449 0.363693 0.324526 0.366929 0.321925 0.367432 0.317909
0 0.859752 0.744775 0.858078 0.758165 0.852276 0.758010 0.849041 0.760611 0.847591 0.760573 0.844355 0.763173 0.842904 0.763135 0.841287 0.764435 0.839836 0.764396 0.836601 0.766998 0.824998 0.766689 0.823714 0.765311 0.819364 0.765196 0.818081 0.763818 0.816631 0.763779 0.815348 0.762402 0.813897 0.762363 0.811331 0.759608 0.806980 0.759492 0.807650 0.754137 0.813452 0.754291 0.816687 0.751690 0.818137 0.751729 0.822990 0.747827 0.823492 0.743811
0 0.827396 0.770783 0.825890 0.782833 0.821538 0.782717 0.819921 0.784018 0.818470 0.783980 0.808764 0.791782 0.808262 0.795798 0.779255 0.795027 0.781599 0.776282 0.785949 0.776398 0.787568 0.775097 0.788237 0.769741
0 0.497516 0.348237 0.497014 0.352253 0.511126 0.367406 0.516927 0.367561 0.515086 0.382289 0.509284 0.382135 0.504432 0.386036 0.502981 0.385998 0.496510 0.391199 0.495059 0.391161 0.482118 0.401564 0.480667 0.401525 0.477431 0.404126 0.475980 0.404087 0.472746 0.406688 0.472244 0.410705 0.446136 0.410010 0.446638 0.405994 0.444073 0.403239 0.442623 0.403200 0.442790 0.401862 0.427395 0.385331 0.425945 0.385293 0.423379 0.382537 0.421928 0.382498 0.418080 0.378366 0.412278 0.378212 0.413283 0.370178 0.419084 0.370332 0.423937 0.366431 0.425388 0.366469 0.428623 0.363869 0.430073 0.363908 0.433309 0.361307 0.434760 0.361346 0.436377 0.360045 0.437827 0.360083 0.439445 0.358783 0.440895 0.358822 0.442513 0.357521 0.443964 0.357560 0.445582 0.356259 0.448482 0.356336 0.450100 0.355036 0.451550 0.355075 0.456404 0.351173 0.456906 0.347157
0 0.241670 0.846558 0.239829 0.861286 0.235478 0.861170 0.233860 0.862471 0.232409 0.862433 0.229173 0.865033 0.227724 0.864995 0.222870 0.868896 0.221420 0.868858 0.219803 0.870158 0.218352 0.870119 0.216734 0.871420 0.215284 0.871382 0.213665 0.872682 0.213163 0.876699 0.191408 0.876120 0.191910 0.872103 0.190628 0.870726 0.189177 0.870687 0.187895 0.869309 0.182093 0.869155 0.183433 0.858443 0.189234 0.858598 0.192469 0.855997 0.193919 0.856035 0.195537 0.854735 0.198438 0.854812 0.200056 0.853512 0.202956 0.853589 0.204574 0.852288 0.207475 0.852365 0.210710 0.849765 0.211212 0.845748
0 0.508570 0.155078 0.507566 0.163112 0.505948 0.164412 0.508514 0.167168 0.509964 0.167207 0.512530 0.169962 0.518332 0.170116 0.514649 0.199572 0.508847 0.199418 0.507230 0.200719 0.507062 0.202058 0.503827 0.204659 0.503659 0.205998 0.497188 0.211199 0.494287 0.211122 0.492669 0.212422 0.488318 0.212306 0.487035 0.210929 0.484135 0.210852 0.481569 0.208097 0.480118 0.208058 0.478836 0.206680 0.479003 0.205342 0.467456 0.192944 0.467623 0.191605 0.466341 0.190227 0.466676 0.187550 0.465393 0.186172 0.466398 0.178138 0.468015 0.176838 0.468517 0.172821 0.470135 0.171520 0.470469 0.168843 0.473706 0.166242 0.473873 0.164903 0.475491 0.163602 0.475658 0.162263 0.478894 0.159663 0.479563 0.154307
0 0.308750 0.251864 0.308248 0.255880 0.317229 0.265524 0.318679 0.265562 0.319962 0.266939 0.321413 0.266978 0.322696 0.268356 0.324146 0.268394 0.325429 0.269772 0.331230 0.269926 0.327547 0.299383 0.321746 0.299229 0.318510 0.301830 0.317060 0.301792 0.312207 0.305693 0.312039 0.307032 0.308804 0.309632 0.308636 0.310971 0.302165 0.316173 0.301998 0.317512 0.300379 0.318812 0.300212 0.320151 0.296977 0.322752 0.296809 0.324091 0.295192 0.325391 0.295024 0.326730 0.291789 0.329331 0.291621 0.330670 0.286768 0.334571 0.286601 0.335910 0.284983 0.337211 0.284816 0.338549 0.283198 0.339850 0.283031 0.341189 0.279794 0.343790 0.279627 0.345129 0.269921 0.352931 0.267019 0.352854 0.265402 0.354155 0.255250 0.353885 0.253967 0.352507 0.251066 0.352430 0.249783 0.351052 0.246883 0.350975 0.245599 0.349597 0.244149 0.349559 0.242866 0.348181 0.241416 0.348142 0.240133 0.346765 0.237232 0.346688 0.235949 0.345310 0.233049 0.345233 0.231765 0.343856 0.230315 0.343817 0.229032 0.342440 0.227582 0.342402 0.226299 0.341024 0.223398 0.340946 0.220832 0.338191 0.219382 0.338153 0.218099 0.336775 0.216648 0.336736 0.214083 0.333981 0.212632 0.333943 0.210066 0.331188 0.210234 0.329849 0.207668 0.327094 0.203316 0.326978 0.203986 0.321622 0.208338 0.321738 0.209955 0.320437 0.210122 0.319099 0.213358 0.316498 0.213525 0.315159 0.218379 0.311258 0.218547 0.309918 0.228253 0.302117 0.228421 0.300777 0.238127 0.292975 0.238295 0.291636 0.243148 0.287735 0.243315 0.286396 0.246550 0.283796 0.246718 0.282456 0.249954 0.279855 0.250122 0.278517 0.253356 0.275916 0.253691 0.273237 0.256928 0.270637 0.257095 0.269298 0.260330 0.266697 0.260497 0.265358 0.265351 0.261457 0.265518 0.260118 0.268754 0.257518 0.269591 0.250822
0 0.918887 0.644248 0.915706 0.669688 0.889600 0.668993 0.890269 0.663638 0.887703 0.660883 0.883353 0.660768 0.884357 0.652734 0.888708 0.652850 0.895179 0.647648 0.895681 0.643631
0 0.179786 0.119466 0.179284 0.123482 0.181851 0.126237 0.186201 0.126353 0.182853 0.153132 0.178502 0.153017 0.176884 0.154318 0.175433 0.154279 0.170580 0.158181 0.169131 0.158142 0.165894 0.160743 0.164444 0.160704 0.162827 0.162004 0.162325 0.166021 0.149271 0.165674 0.149773 0.161657 0.147207 0.158902 0.145757 0.158863 0.139342 0.151975 0.137892 0.151937 0.131477 0.145049 0.127127 0.144934 0.128633 0.132884 0.134435 0.133038 0.140905 0.127835 0.142356 0.127874 0.145591 0.125273 0.147041 0.125312 0.148659 0.124012 0.149329 0.118656
0 0.683834 0.277960 0.682997 0.284655 0.685563 0.287411 0.685396 0.288749 0.687962 0.291504 0.687794 0.292843 0.690361 0.295599 0.694712 0.295714 0.691029 0.325172 0.685227 0.325017 0.681992 0.327618 0.680541 0.327580 0.677305 0.330180 0.677138 0.331519 0.665814 0.340622 0.664363 0.340584 0.662746 0.341884 0.661296 0.341845 0.659678 0.343146 0.655327 0.343030 0.653709 0.344330 0.650808 0.344253 0.649525 0.342876 0.639372 0.342606 0.638089 0.341228 0.635188 0.341151 0.633906 0.339774 0.632456 0.339735 0.629890 0.336980 0.628439 0.336941 0.625874 0.334185 0.621522 0.334070 0.624201 0.312647 0.628552 0.312763 0.633406 0.308861 0.633573 0.307522 0.636809 0.304921 0.636976 0.303582 0.638594 0.302282 0.638761 0.300943 0.640378 0.299643 0.640546 0.298304 0.642164 0.297004 0.642331 0.295664 0.643949 0.294364 0.644116 0.293025 0.645734 0.291724 0.646069 0.289047 0.650923 0.285146 0.651090 0.283806 0.654325 0.281206 0.654827 0.277189
0 0.295031 0.187015 0.292185 0.209778 0.286384 0.209624 0.283148 0.212223 0.281697 0.212185 0.273609 0.218687 0.273107 0.222705 0.258603 0.222319 0.259105 0.218302 0.256539 0.215546 0.255089 0.215508 0.248674 0.208621 0.247224 0.208582 0.240809 0.201694 0.239358 0.201655 0.235510 0.197523 0.231159 0.197407 0.232666 0.185356
0 0.872475 0.643014 0.869127 0.669793 0.861876 0.669600 0.858640 0.672201 0.858473 0.673540 0.856855 0.674840 0.855405 0.674802 0.852169 0.677402 0.852002 0.678742 0.835823 0.691746 0.835656 0.693084 0.829185 0.698286 0.827735 0.698247 0.824499 0.700848 0.824332 0.702187 0.822882 0.702148 0.819646 0.704750 0.818977 0.710105 0.811724 0.709912 0.812226 0.705895 0.808378 0.701762 0.808546 0.700424 0.807262 0.699047 0.807430 0.697707 0.806146 0.696330 0.806314 0.694991 0.805031 0.693613 0.805868 0.686918 0.807485 0.685618 0.807820 0.682940 0.811057 0.680339 0.811392 0.677662 0.813009 0.676361 0.813176 0.675022 0.816412 0.672422 0.816579 0.671082 0.819815 0.668481 0.819982 0.667142 0.823218 0.664542 0.824669 0.664581 0.826286 0.663280 0.826453 0.661940 0.832924 0.656739 0.833092 0.655400 0.834709 0.654099 0.836160 0.654138 0.839396 0.651538 0.839563 0.650199 0.842799 0.647598 0.843468 0.642242
0 0.186581 0.356088 0.184237 0.374834 0.171184 0.374487 0.169901 0.373109 0.168450 0.373070 0.164601 0.368938 0.163151 0.368899 0.161868 0.367522 0.157517 0.367407 0.159024 0.355355
0 0.407358 0.603775 0.406688 0.609131 0.407971 0.610508 0.407804 0.611848 0.410370 0.614603 0.410202 0.615941 0.423032 0.629717 0.424483 0.629755 0.427047 0.632511 0.428498 0.632550 0.429782 0.633927 0.437033 0.634120 0.435359 0.647509 0.419405 0.647085 0.417787 0.648386 0.413436 0.648270 0.411818 0.649570 0.407468 0.649454 0.405849 0.650754 0.402949 0.650677 0.401331 0.651978 0.400828 0.655995 0.374722 0.655300 0.375224 0.651284 0.373942 0.649906 0.374611 0.644550 0.373328 0.643173 0.373663 0.640495 0.372380 0.639118 0.372548 0.637778 0.371265 0.636400 0.371432 0.635062 0.370149 0.633685 0.370484 0.631007 0.369201 0.629629 0.369870 0.624273 0.373107 0.621672 0.373274 0.620334 0.376509 0.617732 0.377960 0.617771 0.381195 0.615170 0.382646 0.615208 0.385880 0.612608 0.387331 0.612647 0.392184 0.608745 0.392854 0.603390
0 0.616570 0.082719 0.615900 0.088075 0.611549 0.087959 0.608313 0.090560 0.606863 0.090521 0.598775 0.097024 0.597324 0.096985 0.595706 0.098285 0.594256 0.098247 0.592638 0.099547 0.591188 0.099509 0.589570 0.100809 0.570715 0.100307 0.569433 0.098930 0.566531 0.098853 0.565249 0.097475 0.563798 0.097437 0.559950 0.093304 0.558500 0.093266 0.550801 0.085000 0.551303 0.080983
0 0.631965 0.099250 0.628952 0.123351 0.624601 0.123235 0.621365 0.125836 0.619915 0.125797 0.615061 0.129699 0.614392 0.135054 0.591186 0.134437 0.591855 0.129082 0.590573 0.127704 0.589122 0.127665 0.587840 0.126288 0.586389 0.126250 0.583824 0.123494 0.578022 0.123339 0.580198 0.105933 0.584549 0.106049 0.586168 0.104748 0.587618 0.104787 0.590853 0.102186 0.591355 0.098170
0 0.272815 0.492724 0.272313 0.496740 0.276161 0.500873 0.277611 0.500912 0.278894 0.502290 0.284696 0.502444 0.282687 0.518511 0.276885 0.518356 0.275267 0.519657 0.273817 0.519619 0.272199 0.520919 0.270749 0.520881 0.269132 0.522181 0.258979 0.521911 0.257695 0.520534 0.256246 0.520495 0.254963 0.519117 0.253512 0.519079 0.253680 0.517739 0.251114 0.514985 0.251449 0.512306 0.250166 0.510929 0.250333 0.509591 0.249050 0.508213 0.244699 0.508097 0.245033 0.505419 0.249385 0.505535 0.251003 0.504234 0.251338 0.501557 0.252955 0.500256 0.253123 0.498917 0.254740 0.497617 0.255410 0.492261
0 0.616905 0.080041 0.615900 0.088075 0.610099 0.087921 0.598775 0.097024 0.597324 0.096985 0.594089 0.099586 0.592638 0.099547 0.591020 0.100847 0.573616 0.100385 0.572334 0.099007 0.567982 0.098892 0.566699 0.097514 0.565249 0.097475 0.563965 0.096098 0.562516 0.096060 0.553535 0.086416 0.547734 0.086262 0.548738 0.078228
0 0.190797 0.834458 0.188453 0.853203 0.182651 0.853049 0.181033 0.854349 0.179583 0.854310 0.177966 0.855611 0.175064 0.855534 0.173447 0.856835 0.170546 0.856758 0.168929 0.858057 0.147173 0.857479 0.145890 0.856102 0.142989 0.856025 0.141707 0.854647 0.140257 0.854608 0.137690 0.851853 0.136240 0.851815 0.134957 0.850437 0.133507 0.850398 0.132224 0.849021 0.126423 0.848867 0.127260 0.842172 0.133061 0.842326 0.134678 0.841026 0.136129 0.841064 0.140982 0.837163 0.141484 0.833146
0 0.743054 0.747045 0.741379 0.760435 0.734127 0.760242 0.730892 0.762843 0.730390 0.766859 0.714436 0.766435 0.715106 0.761079 0.712540 0.758324 0.711089 0.758285 0.711256 0.756947 0.709974 0.755570 0.710141 0.754230 0.711759 0.752929 0.712596 0.746235
0 0.117179 0.515453 0.116676 0.519470 0.120525 0.523602 0.121976 0.523641 0.124541 0.526396 0.125991 0.526435 0.128557 0.529190 0.135809 0.529383 0.134135 0.542772 0.123982 0.542502 0.122700 0.541124 0.111097 0.540816 0.109479 0.542116 0.108029 0.542078 0.106411 0.543379 0.104961 0.543340 0.103342 0.544640 0.101893 0.544602 0.098657 0.547202 0.098155 0.551220 0.092353 0.551065 0.092856 0.547048 0.091573 0.545671 0.090122 0.545632 0.088839 0.544254 0.074335 0.543869 0.073053 0.542492 0.071603 0.542453 0.070320 0.541075 0.065968 0.540959 0.066972 0.532925 0.071324 0.533041 0.076177 0.529140 0.077628 0.529178 0.080863 0.526577 0.082313 0.526616 0.087167 0.522715 0.088618 0.522754 0.093471 0.518853 0.093973 0.514836
0 0.265129 0.239956 0.262115 0.264058 0.257765 0.263942 0.254528 0.266543 0.253078 0.266504 0.249843 0.269105 0.248392 0.269067 0.245157 0.271667 0.243707 0.271629 0.242089 0.272929 0.239188 0.272852 0.237570 0.274152 0.230318 0.273960 0.229036 0.272582 0.226135 0.272504 0.223569 0.269750 0.222119 0.269712 0.218270 0.265579 0.216819 0.265540 0.209122 0.257275 0.209290 0.255936 0.208006 0.254558 0.208341 0.251880 0.207059 0.250503 0.207561 0.246486 0.209178 0.245185 0.210015 0.238491
0 0.699328 0.584672 0.697653 0.598062 0.691852 0.597907 0.690234 0.599207 0.687334 0.599130 0.685716 0.600431 0.684266 0.600392 0.682648 0.601693 0.681198 0.601655 0.679579 0.602955 0.678129 0.602916 0.674893 0.605517 0.674391 0.609533 0.671490 0.609456 0.671992 0.605440 0.670710 0.604062 0.669260 0.604023 0.667977 0.602646 0.666527 0.602607 0.663960 0.599852 0.662510 0.599814 0.662677 0.598474 0.658829 0.594342 0.653028 0.594188 0.654367 0.583476
0 0.039189 0.615479 0.038687 0.619495 0.039970 0.620873 0.041420 0.620912 0.042703 0.622290 0.044154 0.622328 0.045436 0.623705 0.048337 0.623782 0.049619 0.625160 0.051070 0.625199 0.052354 0.626576 0.053804 0.626615 0.055086 0.627992 0.057987 0.628069 0.059270 0.629447 0.062171 0.629524 0.063453 0.630902 0.070706 0.631095 0.069031 0.644484 0.064681 0.644369 0.063063 0.645669 0.061612 0.645630 0.058377 0.648231 0.056926 0.648192 0.047220 0.655995 0.045769 0.655956 0.040916 0.659857 0.039466 0.659818 0.037848 0.661119 0.034947 0.661042 0.033330 0.662342 0.030428 0.662265 0.028811 0.663566 0.028309 0.667582 0.008004 0.667042 0.009510 0.654992 0.008227 0.653614 0.008729 0.649597 0.007447 0.648220 0.007949 0.644203 0.006666 0.642826 0.006834 0.641486 0.005551 0.640108 0.001200 0.639993 0.004381 0.614553
0 0.107008 0.864471 0.106339 0.869827 0.110188 0.873960 0.115989 0.874115 0.112809 0.899554 0.107007 0.899400 0.105390 0.900701 0.105222 0.902040 0.103772 0.902001 0.095683 0.908503 0.095516 0.909842 0.094065 0.909803 0.084358 0.917606 0.083856 0.921623 0.075154 0.921392 0.075656 0.917374 0.073090 0.914619 0.071640 0.914581 0.070357 0.913203 0.070524 0.911864 0.067959 0.909109 0.068126 0.907771 0.066843 0.906392 0.067011 0.905053 0.065728 0.903676 0.065895 0.902337 0.064612 0.900959 0.064779 0.899621 0.063496 0.898243 0.064333 0.891549 0.063051 0.890171 0.064668 0.888870 0.065338 0.883514 0.066955 0.882214 0.067290 0.879536 0.068908 0.878235 0.069243 0.875557 0.070861 0.874257 0.071029 0.872919 0.074264 0.870317 0.074432 0.868979 0.076049 0.867679 0.076551 0.863661
0 0.891341 0.433942 0.890838 0.437959 0.894687 0.442091 0.896137 0.442130 0.898704 0.444885 0.900154 0.444924 0.902719 0.447679 0.904170 0.447717 0.905453 0.449094 0.906903 0.449133 0.909469 0.451889 0.910919 0.451927 0.913485 0.454682 0.914935 0.454721 0.917502 0.457476 0.918952 0.457515 0.921518 0.460269 0.922968 0.460308 0.928099 0.465819 0.929550 0.465857 0.934682 0.471366 0.940483 0.471521 0.935628 0.510351 0.929827 0.510197 0.928209 0.511498 0.926759 0.511459 0.925141 0.512759 0.922240 0.512682 0.920957 0.511305 0.916606 0.511189 0.915323 0.509811 0.909522 0.509657 0.908238 0.508280 0.906789 0.508241 0.905506 0.506863 0.905673 0.505525 0.899258 0.498637 0.899426 0.497297 0.898143 0.495920 0.898645 0.491904 0.897362 0.490526 0.897697 0.487848 0.895131 0.485093 0.895298 0.483754 0.887601 0.475488 0.886151 0.475449 0.884868 0.474072 0.883418 0.474034 0.882134 0.472656 0.880684 0.472617 0.879401 0.471240 0.877951 0.471202 0.876668 0.469824 0.875217 0.469785 0.872651 0.467031 0.871201 0.466992 0.869919 0.465614 0.868468 0.465576 0.867185 0.464198 0.859933 0.464006 0.858315 0.465306 0.856865 0.465267 0.855247 0.466568 0.852347 0.466491 0.851063 0.465113 0.843811 0.464920 0.845318 0.452870 0.851120 0.453024 0.852738 0.451723 0.852905 0.450385 0.854523 0.449084 0.854691 0.447744 0.862779 0.441243 0.862946 0.439904 0.866182 0.437303 0.866684 0.433286
0 0.783001 0.613766 0.780657 0.632511 0.774856 0.632357 0.771620 0.634958 0.771118 0.638974 0.758064 0.638627 0.761245 0.613187
0 0.307720 0.783830 0.304540 0.809270 0.288585 0.808846 0.289087 0.804830 0.283957 0.799319 0.282506 0.799281 0.282673 0.797942 0.278825 0.793809 0.278992 0.792471 0.280610 0.791170 0.281614 0.783136
0 0.940993 0.327789 0.937979 0.351890 0.927826 0.351620 0.926544 0.350243 0.925094 0.350205 0.923810 0.348827 0.922360 0.348788 0.921077 0.347411 0.919626 0.347372 0.918344 0.345994 0.916894 0.345956 0.910479 0.339068 0.906127 0.338952 0.907634 0.326902
0 0.146064 0.715047 0.145394 0.720403 0.146678 0.721781 0.148128 0.721819 0.149411 0.723197 0.150862 0.723235 0.152144 0.724612 0.157946 0.724767 0.156272 0.738156 0.150470 0.738002 0.148853 0.739303 0.134349 0.738917 0.132731 0.740218 0.128379 0.740102 0.127097 0.738724 0.122745 0.738608 0.118897 0.734476 0.119065 0.733137 0.115215 0.729004 0.115383 0.727665 0.114100 0.726288 0.114268 0.724949 0.112985 0.723571 0.107184 0.723417 0.108356 0.714044
0 0.035181 0.438041 0.034511 0.443397 0.035794 0.444774 0.035627 0.446113 0.036911 0.447490 0.036743 0.448830 0.040592 0.452962 0.040424 0.454301 0.042990 0.457056 0.042822 0.458396 0.045388 0.461151 0.045221 0.462489 0.046504 0.463866 0.046169 0.466544 0.047452 0.467922 0.047117 0.470600 0.048400 0.471978 0.048232 0.473317 0.049516 0.474694 0.055317 0.474848 0.052471 0.497611 0.046670 0.497457 0.045051 0.498757 0.043602 0.498718 0.016100 0.520825 0.014649 0.520787 0.011413 0.523387 0.010911 0.527404 0.006561 0.527288 0.017777 0.437578
0 0.252634 0.223503 0.251965 0.228859 0.253247 0.230237 0.253080 0.231575 0.254363 0.232953 0.254196 0.234292 0.255479 0.235670 0.255312 0.237009 0.259160 0.241141 0.270763 0.241449 0.268252 0.261534 0.262450 0.261380 0.259215 0.263981 0.257765 0.263942 0.252911 0.267843 0.251461 0.267804 0.246607 0.271706 0.245157 0.271667 0.243539 0.272967 0.242089 0.272929 0.240471 0.274230 0.228868 0.273921 0.227586 0.272543 0.226135 0.272504 0.224851 0.271127 0.223402 0.271089 0.219552 0.266956 0.218102 0.266917 0.215537 0.264162 0.214087 0.264124 0.210237 0.259991 0.208787 0.259953 0.203655 0.254443 0.202205 0.254404 0.202372 0.253065 0.199806 0.250310 0.195456 0.250195 0.196125 0.244838 0.200476 0.244954 0.202094 0.243654 0.202262 0.242315 0.203879 0.241014 0.204214 0.238336 0.205831 0.237036 0.206333 0.233019 0.207952 0.231718 0.208119 0.230380 0.209737 0.229080 0.210574 0.222385
0 0.463245 0.750351 0.461571 0.763741 0.454319 0.763548 0.452702 0.764848 0.451251 0.764809 0.449634 0.766110 0.449131 0.770127 0.418673 0.769317 0.419343 0.763961 0.415495 0.759828 0.411143 0.759713 0.411310 0.758373 0.417112 0.758528 0.421966 0.754627 0.422635 0.749271
0 0.881406 0.525030 0.879732 0.538420 0.871030 0.538188 0.869748 0.536811 0.866846 0.536734 0.865564 0.535356 0.864113 0.535318 0.864280 0.533978 0.865898 0.532678 0.866903 0.524644
0 0.057808 0.873910 0.053957 0.904706 0.049606 0.904590 0.046371 0.907192 0.046204 0.908531 0.044585 0.909830 0.044418 0.911170 0.041182 0.913771 0.041015 0.915109 0.039398 0.916410 0.039230 0.917749 0.037612 0.919049 0.037445 0.920389 0.035827 0.921689 0.035660 0.923027 0.021156 0.922641 0.021323 0.921303 0.018757 0.918548 0.018924 0.917209 0.015076 0.913076 0.015243 0.911738 0.013960 0.910360 0.014128 0.909020 0.012845 0.907643 0.008494 0.907528 0.010168 0.894138 0.014519 0.894254 0.017755 0.891653 0.017922 0.890314 0.019540 0.889013 0.019708 0.887674 0.022942 0.885074 0.023110 0.883735 0.024728 0.882434 0.024895 0.881095 0.026513 0.879795 0.027350 0.873100
0 0.096211 0.380553 0.093867 0.399299 0.088066 0.399145 0.084830 0.401745 0.084328 0.405763 0.075626 0.405531 0.076295 0.400175 0.073729 0.397419 0.072279 0.397381 0.069713 0.394626 0.069880 0.393287 0.068598 0.391910 0.069267 0.386553 0.070885 0.385253 0.071554 0.379898
0 0.455654 0.857622 0.453812 0.872351 0.426255 0.871618 0.428096 0.856890
0 0.531085 0.781935 0.513699 0.794907 0.482552 0.820947 0.488780 0.839024 0.503145 0.840525 0.530898 0.822232 0.536337 0.807822 0.543962 0.785635
0 0.444248 0.797537 0.431093 0.796068 0.418959 0.805821 0.422819 0.813760 0.438391 0.815293 0.449037 0.807740
0 0.401758 0.865817 0.386836 0.868779 0.394459 0.875699 0.408684 0.878315 0.415564 0.871781 0.411565 0.864958 0.405663 0.863682
0 0.041031 0.773380 0.052281 0.780395 0.055070 0.787187 0.055302 0.795029 0.046842 0.794804 0.039590 0.794611 0.032757 0.791071 0.032663 0.782113
0 0.008443 0.791545 0.052605 0.797196 0.050930 0.810587 0.037820 0.828149 0.019784 0.836627 0.008907 0.836338
0 0.151718 0.712511 0.175332 0.717616 0.185512 0.723485 0.184396 0.732412 0.175888 0.742262 0.164500 0.736361 0.156226 0.724945
0 0.761658 0.732090 0.753987 0.735245 0.751385 0.746371 0.760355 0.752207 0.772581 0.751413 0.773418 0.744719 0.768351 0.736746
0 0.911072 0.574854 0.906330 0.583684 0.899960 0.595828 0.914464 0.596214 0.917997 0.587353 0.918974 0.579542
0 0.926550 0.596536 0.918183 0.605270 0.915857 0.614165 0.924179 0.615505 0.926085 0.609957
0 0.911771 0.540168 0.902333 0.547753 0.892338 0.559803 0.887317 0.570864 0.895498 0.573321 0.907585 0.573642 0.918928 0.560510 0.914559 0.546959
0 0.791836 0.568324 0.782166 0.568067 0.778214 0.580277 0.785187 0.582701 0.802108 0.583151 0.805781 0.573173 0.796810 0.567337
0 0.770781 0.503952 0.760274 0.510390 0.755393 0.520335 0.756555 0.530442 0.767293 0.531847 0.772035 0.523017 0.775057 0.508543
0 0.604268 0.526392 0.586369 0.533752 0.580465 0.532476 0.570331 0.545641 0.570982 0.550136 0.579024 0.553708 0.596502 0.549695 0.612261 0.540038
0 0.621325 0.554833 0.583951 0.562796 0.574374 0.571497 0.572561 0.586003 0.588645 0.593147 0.593618 0.592161 0.618721 0.565960 0.622535 0.554865
0 0.209321 0.571865 0.200162 0.577217 0.185100 0.581296 0.196861 0.593923 0.209086 0.593129 0.217315 0.585511 0.216014 0.576520
0 0.435106 0.511817 0.421531 0.513696 0.416929 0.521409 0.415254 0.534799 0.416975 0.540443 0.424087 0.541751 0.431339 0.541944 0.435615 0.546536 0.447561 0.547974 0.453233 0.541407 0.460300 0.523682 0.450817 0.512235 0.441566 0.508630
0 0.580189 0.476492 0.549416 0.480153 0.542116 0.490034 0.528636 0.500871 0.517850 0.509541 0.504648 0.518144 0.494793 0.529078 0.492327 0.539089 0.504925 0.545020 0.522776 0.547734 0.550900 0.536168 0.567589 0.528775 0.583070 0.521350 0.593901 0.502607 0.589950 0.485708 0.587813 0.483413
0 0.485445 0.603837 0.503342 0.596477 0.502739 0.581906 0.484795 0.570234 0.460763 0.568476 0.453464 0.578358 0.453510 0.597389 0.468663 0.602272 0.481680 0.604856
0 0.508967 0.599984 0.488792 0.606166 0.463411 0.605490 0.458854 0.603130 0.460573 0.637880 0.458947 0.641196 0.487675 0.644199 0.514264 0.644906 0.534858 0.635378 0.535602 0.619724 0.524354 0.612708 0.517659 0.608053
0 0.913871 0.377893 0.894671 0.376264 0.891928 0.388506 0.900109 0.390961 0.915823 0.391379 0.920006 0.387013
0 0.622126 0.354462 0.629889 0.360265 0.638861 0.366101 0.634118 0.374932 0.624170 0.376906 0.618126 0.376745 0.619521 0.365587
0 0.933306 0.270936 0.918244 0.275014 0.910714 0.277053 0.902625 0.283555 0.903927 0.292546 0.907087 0.306064 0.916477 0.308553 0.924937 0.308778 0.933304 0.300044 0.938234 0.280024 0.940000 0.275593
0 0.165955 0.453162 0.158470 0.445126 0.139272 0.443496 0.109567 0.448304 0.085766 0.454388 0.083441 0.463281 0.082743 0.468861 0.084045 0.477852 0.098130 0.481585 0.113982 0.480886 0.146801 0.470564 0.156889 0.467474
0 0.088930 0.409690 0.072287 0.407010 0.042072 0.406206 0.022735 0.405692 0.020930 0.412361 0.018698 0.430213 0.020547 0.442578 0.039746 0.444207 0.055458 0.444625 0.066336 0.444914 0.079956 0.432962 0.083071 0.427447
0 0.287242 0.336599 0.273761 0.347435 0.252329 0.363658 0.235083 0.375515 0.219464 0.384056 0.201147 0.394763 0.184598 0.401040 0.192965 0.421414 0.207096 0.444180 0.216299 0.457859 0.223970 0.454705 0.249537 0.444189 0.272268 0.436957 0.304112 0.434446 0.315268 0.432502 0.329029 0.419434 0.332516 0.391540 0.322152 0.367754 0.308253 0.352831 0.297143 0.344699
0 0.130865 0.287660 0.151924 0.293816 0.158059 0.302937 0.155595 0.312946 0.140905 0.323751 0.126261 0.324482 0.110829 0.321832 0.103531 0.302605 0.116083 0.289505
0 0.033905 0.308591 0.049376 0.309003 0.062670 0.309356 0.076755 0.313089 0.079544 0.319880 0.072245 0.329762 0.059601 0.333903 0.043330 0.337948 0.033243 0.341039 0.033429 0.329849 0.033617 0.318659
0 0.864841 0.091113 0.876371 0.095898 0.879159 0.102690 0.879622 0.118374 0.875578 0.121625 0.860516 0.125703 0.856891 0.125607 0.858565 0.112217 0.856612 0.098731 0.856940 0.086425
0 0.899753 0.093162 0.877206 0.118310 0.856193 0.131185 0.833042 0.141766 0.803152 0.157763 0.784556 0.170703 0.755362 0.181121 0.720405 0.189148 0.689214 0.196154 0.673036 0.209159 0.667595 0.223567 0.670197 0.241549 0.677774 0.258544 0.689767 0.279014 0.705432 0.289506 0.733091 0.291361 0.768467 0.279987 0.791617 0.269408 0.821230 0.255642 0.856421 0.226351 0.884872 0.202477 0.903840 0.167158 0.923737 0.134102 0.921693 0.111657 0.908864 0.097882 0.903239 0.094373
1 0.519758 0.474885 0.338090 0.492444 0.419528 0.597606
