0 0.223201 0.235652 0.222926 0.240514 0.225671 0.243745 0.228599 0.243734 0.229972 0.245351 0.231435 0.245345 0.232808 0.246961 0.234272 0.246956 0.235644 0.248571 0.237108 0.248566 0.238481 0.250182 0.239944 0.250177 0.241316 0.251792 0.242781 0.251787 0.244153 0.253402 0.245617 0.253397 0.249734 0.258244 0.251198 0.258239 0.259432 0.267933 0.260897 0.267927 0.267758 0.276005 0.273614 0.275984 0.271505 0.313264 0.267113 0.313280 0.254668 0.326288 0.254576 0.327910 0.249909 0.332788 0.249634 0.337650 0.233530 0.337707 0.233805 0.332845 0.231059 0.329614 0.231151 0.327993 0.229779 0.326377 0.229871 0.324756 0.228499 0.323141 0.228590 0.321519 0.227218 0.319904 0.227309 0.318283 0.225937 0.316668 0.226029 0.315048 0.224656 0.313431 0.224748 0.311811 0.222003 0.308579 0.222095 0.306959 0.212488 0.295650 0.211024 0.295655 0.208280 0.292423 0.206816 0.292428 0.205443 0.290813 0.203979 0.290818 0.199862 0.285971 0.198399 0.285976 0.195653 0.282746 0.194190 0.282751 0.190072 0.277903 0.188609 0.277909 0.183119 0.271446 0.181655 0.271451 0.178911 0.268220 0.177446 0.268225 0.176074 0.266610 0.174610 0.266616 0.173238 0.264999 0.171774 0.265005 0.170402 0.263390 0.167473 0.263400 0.166101 0.261784 0.164637 0.261789 0.163265 0.260173 0.161800 0.260178 0.160428 0.258563 0.157500 0.258574 0.156127 0.256957 0.154664 0.256963 0.153291 0.255348 0.150364 0.255358 0.148991 0.253742 0.147527 0.253747 0.146155 0.252132 0.143227 0.252142 0.141855 0.250527 0.140390 0.250533 0.139017 0.248916 0.136090 0.248927 0.134717 0.247312 0.134809 0.245690 0.133436 0.244074 0.133895 0.235971
0 0.174518 0.268236 0.174243 0.273098 0.176988 0.276329 0.178453 0.276324 0.179824 0.277940 0.181288 0.277935 0.182661 0.279551 0.184124 0.279546 0.186870 0.282777 0.188333 0.282772 0.199312 0.295697 0.200777 0.295692 0.203520 0.298923 0.207913 0.298907 0.206263 0.328082 0.201870 0.328098 0.192536 0.337853 0.191072 0.337859 0.187961 0.341111 0.186496 0.341116 0.184941 0.342743 0.183477 0.342748 0.181921 0.344375 0.180457 0.344380 0.178902 0.346005 0.177437 0.346011 0.175882 0.347637 0.174418 0.347642 0.172862 0.349268 0.168470 0.349284 0.166914 0.350909 0.165451 0.350914 0.163894 0.352541 0.163619 0.357403 0.150443 0.357450 0.150718 0.352588 0.149346 0.350972 0.147881 0.350977 0.146509 0.349362 0.143581 0.349372 0.142209 0.347757 0.140745 0.347763 0.139373 0.346146 0.137909 0.346152 0.136537 0.344537 0.133608 0.344547 0.132236 0.342931 0.130772 0.342936 0.129399 0.341320 0.126471 0.341331 0.125100 0.339715 0.120707 0.339731 0.119334 0.338115 0.113478 0.338136 0.112106 0.336521 0.109178 0.336531 0.107806 0.334916 0.103414 0.334932 0.102042 0.333316 0.099113 0.333326 0.097741 0.331711 0.096277 0.331716 0.094905 0.330100 0.093440 0.330105 0.092068 0.328490 0.090604 0.328495 0.089232 0.326879 0.084839 0.326895 0.085848 0.309065 0.091704 0.309044 0.101038 0.299289 0.102503 0.299284 0.111837 0.289526 0.113302 0.289521 0.119524 0.283018 0.120988 0.283012 0.125655 0.278134 0.127119 0.278128 0.130231 0.274876 0.131694 0.274871 0.133250 0.273244 0.133525 0.268382
0 0.129491 0.339700 0.129216 0.344563 0.131961 0.347794 0.134889 0.347784 0.137634 0.351014 0.139098 0.351009 0.140470 0.352625 0.143398 0.352614 0.144771 0.354229 0.146234 0.354224 0.147606 0.355840 0.149071 0.355835 0.151815 0.359066 0.157672 0.359045 0.156296 0.383358 0.151905 0.383373 0.150348 0.385000 0.148884 0.385005 0.134883 0.399640 0.133419 0.399645 0.130307 0.402897 0.128843 0.402902 0.125732 0.406154 0.124267 0.406159 0.122712 0.407786 0.121249 0.407791 0.119692 0.409418 0.118228 0.409423 0.116673 0.411048 0.115208 0.411054 0.113653 0.412680 0.110725 0.412691 0.109169 0.414316 0.107705 0.414321 0.106150 0.415947 0.103222 0.415958 0.101666 0.417584 0.101391 0.422446 0.094070 0.422472 0.094345 0.417610 0.092973 0.415994 0.090045 0.416005 0.088672 0.414389 0.084281 0.414405 0.082909 0.412790 0.079980 0.412801 0.078608 0.411184 0.077144 0.411190 0.075771 0.409575 0.074308 0.409580 0.071562 0.406348 0.070099 0.406353 0.065981 0.401506 0.064518 0.401512 0.061773 0.398280 0.060308 0.398286 0.057564 0.395054 0.056100 0.395060 0.054728 0.393444 0.053264 0.393450 0.051891 0.391834 0.050427 0.391839 0.047683 0.388608 0.046219 0.388613 0.043474 0.385382 0.042010 0.385387 0.040638 0.383771 0.039174 0.383776 0.033684 0.377314 0.029292 0.377330 0.029934 0.365984 0.035791 0.365963 0.042013 0.359458 0.043477 0.359453 0.045032 0.357827 0.046497 0.357821 0.048053 0.356196 0.049517 0.356191 0.052628 0.352938 0.054092 0.352933 0.055648 0.351307 0.057112 0.351301 0.060223 0.348050 0.061687 0.348045 0.064799 0.344793 0.065074 0.339930
0 0.488940 0.092097 0.488573 0.098580 0.489945 0.100195 0.491409 0.100190 0.498271 0.108268 0.499735 0.108263 0.501108 0.109878 0.505499 0.109863 0.504399 0.129314 0.491222 0.129361 0.489667 0.130986 0.489392 0.135850 0.461575 0.135949 0.461850 0.131086 0.459105 0.127855 0.457642 0.127860 0.452152 0.121397 0.447760 0.121413 0.448218 0.113309 0.452611 0.113294 0.455722 0.110040 0.457186 0.110035 0.464965 0.101905 0.465057 0.100284 0.468168 0.097033 0.468443 0.092170
1 0.257204 0.540188 0.256929 0.545050 0.255374 0.546677 0.252446 0.546687 0.250891 0.548314 0.249426 0.548319 0.247870 0.549945 0.246407 0.549950 0.243295 0.553202 0.241832 0.553207 0.240275 0.554834 0.238811 0.554839 0.237256 0.556465 0.235792 0.556470 0.232680 0.559722 0.231216 0.559727 0.229661 0.561354 0.228196 0.561359 0.226640 0.562985 0.225177 0.562990 0.222065 0.566242 0.220602 0.566247 0.219045 0.567873 0.217581 0.567878 0.216026 0.569505 0.214562 0.569510 0.211451 0.572762 0.208522 0.572773 0.205411 0.576025 0.203947 0.576030 0.200835 0.579282 0.199372 0.579287 0.197815 0.580914 0.196351 0.580919 0.194796 0.582545 0.193331 0.582550 0.190221 0.585802 0.187292 0.585813 0.185736 0.587439 0.184273 0.587444 0.181161 0.590696 0.179697 0.590701 0.178141 0.592327 0.176677 0.592333 0.175122 0.593959 0.173657 0.593964 0.170546 0.597217 0.169082 0.597222 0.167526 0.598847 0.166062 0.598853 0.164506 0.600478 0.163042 0.600483 0.161487 0.602110 0.160023 0.602115 0.158467 0.603742 0.157002 0.603747 0.155447 0.605373 0.153984 0.605378 0.150872 0.608630 0.149408 0.608635 0.146296 0.611887 0.144833 0.611893 0.143276 0.613519 0.141812 0.613524 0.140257 0.615150 0.138793 0.615155 0.137237 0.616781 0.135773 0.616786 0.132661 0.620039 0.131197 0.620044 0.129642 0.621670 0.128178 0.621675 0.125066 0.624927 0.123603 0.624933 0.122046 0.626559 0.120583 0.626564 0.119027 0.628190 0.114635 0.628206 0.113079 0.629832 0.107223 0.629853 0.105850 0.628237 0.101458 0.628253 0.100086 0.626638 0.095694 0.626653 0.094322 0.625037 0.089929 0.625053 0.088557 0.623437 0.085630 0.623447 0.084257 0.621832 0.074008 0.621869 0.072636 0.620254 0.068244 0.620269 0.066872 0.618653 0.063944 0.618664 0.062572 0.617047 0.061107 0.617053 0.059734 0.615438 0.053878 0.615458 0.052506 0.613843 0.048114 0.613859 0.046742 0.612243 0.043814 0.612253 0.042442 0.610637 0.040978 0.610642 0.039605 0.609027 0.038141 0.609033 0.036769 0.607416 0.033841 0.607427 0.032468 0.605812 0.028077 0.605827 0.026704 0.604212 0.025239 0.604218 0.023868 0.602601 0.020940 0.602612 0.019567 0.600996 0.018103 0.601001 0.016730 0.599386 0.012339 0.599402 0.010966 0.597786 0.008039 0.597797 0.006666 0.596181 0.003738 0.596191 0.002365 0.594576 0.000901 0.594581 0.000000 0.592965 0.000000 0.592981 0.000000 0.591365 0.000000 0.591370 0.000000 0.589755 0.000000 0.589760 0.000000 0.588145 0.000000 0.588156 0.000000 0.586539 0.000000 0.586566 0.000000 0.584949 0.000000 0.584965 0.000000 0.580119 0.000000 0.578497 0.000000 0.576882 0.000000 0.554190 0.000000 0.554169 0.000000 0.552543 0.000000 0.552538 0.000000 0.550912 0.000000 0.550902 0.000000 0.549276 0.000000 0.549219 0.000000 0.547592 0.038697 0.547451 0.040070 0.549067 0.051781 0.549025 0.053338 0.547398 0.060658 0.547372 0.062214 0.545746 0.062489 0.540884
0 0.781332 0.512388 0.780231 0.531838 0.775840 0.531854 0.774284 0.533479 0.772819 0.533485 0.771264 0.535111 0.769800 0.535116 0.766689 0.538369 0.765224 0.538374 0.759001 0.544878 0.757537 0.544883 0.755982 0.546510 0.753054 0.546520 0.751498 0.548146 0.748569 0.548156 0.747014 0.549782 0.745551 0.549787 0.743994 0.551414 0.741066 0.551424 0.739511 0.553051 0.736583 0.553061 0.735027 0.554687 0.730635 0.554703 0.729079 0.556328 0.723223 0.556349 0.721668 0.557976 0.699707 0.558054 0.698150 0.559681 0.696687 0.559686 0.695314 0.558070 0.674818 0.558143 0.673446 0.556527 0.669053 0.556543 0.667681 0.554927 0.664753 0.554938 0.663381 0.553323 0.661917 0.553328 0.660544 0.551712 0.659080 0.551717 0.657708 0.550101 0.656244 0.550106 0.654871 0.548491 0.653408 0.548496 0.652036 0.546881 0.650571 0.546886 0.649199 0.545270 0.647735 0.545276 0.644990 0.542044 0.643526 0.542050 0.642154 0.540433 0.640689 0.540439 0.639318 0.538824 0.639776 0.530720 0.641331 0.529093 0.641423 0.527473 0.644534 0.524220 0.647463 0.524209 0.649019 0.522584 0.654875 0.522563 0.656247 0.524178 0.665032 0.524147 0.666404 0.525763 0.685436 0.525695 0.686992 0.524068 0.697240 0.524031 0.698796 0.522406 0.720756 0.522327 0.722312 0.520702 0.736952 0.520650 0.738508 0.519023 0.741436 0.519013 0.742992 0.517386 0.743267 0.512524
0 0.345801 0.345409 0.344884 0.361618 0.339028 0.361639 0.335917 0.364891 0.334453 0.364896 0.331341 0.368148 0.329877 0.368153 0.328322 0.369779 0.326858 0.369784 0.325301 0.371411 0.323838 0.371416 0.322282 0.373042 0.319354 0.373052 0.317798 0.374679 0.313407 0.374694 0.311850 0.376321 0.307458 0.376337 0.306086 0.374720 0.298766 0.374747 0.299867 0.355296 0.304258 0.355281 0.308925 0.350402 0.309200 0.345540
0 0.385714 0.183214 0.385439 0.188076 0.393673 0.197771 0.395138 0.197766 0.396511 0.199381 0.400902 0.199365 0.399710 0.220436 0.390926 0.220467 0.389370 0.222094 0.389095 0.226956 0.358351 0.227066 0.358717 0.220582 0.357346 0.218967 0.355881 0.218972 0.347647 0.209279 0.343255 0.209294 0.343439 0.206053 0.347830 0.206037 0.350942 0.202785 0.351033 0.201165 0.352498 0.201159 0.358721 0.194654 0.360184 0.194649 0.364851 0.189771 0.365218 0.183288
0 0.708139 0.434864 0.707864 0.439727 0.711981 0.444574 0.713445 0.444568 0.713354 0.446189 0.714726 0.447805 0.720582 0.447784 0.718198 0.489926 0.712342 0.489947 0.707674 0.494826 0.706211 0.494831 0.698431 0.502961 0.696968 0.502966 0.693856 0.506218 0.692392 0.506224 0.689281 0.509476 0.687817 0.509481 0.686261 0.511106 0.684797 0.511112 0.681686 0.514365 0.678758 0.514375 0.677202 0.516001 0.672810 0.516017 0.671254 0.517642 0.666862 0.517658 0.665307 0.519284 0.665032 0.524147 0.637215 0.524246 0.637490 0.519384 0.636118 0.517768 0.628797 0.517794 0.627424 0.516179 0.625961 0.516184 0.624589 0.514569 0.623124 0.514574 0.621753 0.512958 0.618824 0.512968 0.613334 0.506506 0.607479 0.506527 0.607754 0.501664 0.612146 0.501648 0.613701 0.500023 0.615165 0.500017 0.616721 0.498392 0.619650 0.498381 0.621205 0.496755 0.622669 0.496749 0.624225 0.495124 0.627153 0.495113 0.628708 0.493487 0.631636 0.493476 0.633192 0.491850 0.636120 0.491839 0.637677 0.490214 0.640604 0.490203 0.643715 0.486951 0.646643 0.486941 0.648199 0.485314 0.649664 0.485309 0.651219 0.483683 0.652684 0.483678 0.654239 0.482052 0.655703 0.482047 0.660370 0.477168 0.661834 0.477163 0.664945 0.473911 0.665037 0.472291 0.669704 0.467412 0.669796 0.465792 0.672907 0.462540 0.672999 0.460918 0.674555 0.459292 0.674646 0.457671 0.676202 0.456046 0.676294 0.454424 0.677850 0.452798 0.677942 0.451177 0.679497 0.449552 0.679681 0.446309 0.681236 0.444684 0.681786 0.434958
0 0.634532 0.778678 0.634257 0.783540 0.637001 0.786772 0.642858 0.786751 0.641757 0.806202 0.635901 0.806222 0.629678 0.812727 0.628214 0.812732 0.625102 0.815983 0.623639 0.815988 0.620527 0.819241 0.619064 0.819247 0.617508 0.820872 0.601404 0.820930 0.600031 0.819315 0.598566 0.819320 0.597194 0.817704 0.595730 0.817709 0.592985 0.814478 0.591522 0.814483 0.584660 0.806405 0.583196 0.806411 0.580451 0.803178 0.580543 0.801558 0.577798 0.798327 0.573407 0.798342 0.573865 0.790239 0.578257 0.790223 0.584480 0.783718 0.584755 0.778856
0 0.491069 0.675477 0.489326 0.706272 0.455653 0.706393 0.457395 0.675597
0 0.752761 0.706953 0.751844 0.723161 0.747451 0.723177 0.744340 0.726429 0.744065 0.731292 0.729425 0.731344 0.729792 0.724861 0.727047 0.721630 0.727139 0.720008 0.723022 0.715162 0.718629 0.715178 0.719088 0.707073
0 0.365534 0.617586 0.363792 0.648382 0.324264 0.648523 0.326006 0.617728
0 0.661251 0.772100 0.660426 0.786688 0.656033 0.786704 0.654478 0.788330 0.653014 0.788335 0.649903 0.791587 0.649628 0.796450 0.645235 0.796466 0.645511 0.791603 0.644138 0.789988 0.642674 0.789993 0.641301 0.788377 0.639838 0.788382 0.637093 0.785151 0.635630 0.785156 0.631512 0.780310 0.627119 0.780325 0.627578 0.772221
0 0.358247 0.332401 0.357605 0.343747 0.350285 0.343773 0.348729 0.345399 0.347265 0.345404 0.345710 0.347031 0.339853 0.347051 0.338481 0.345435 0.331161 0.345461 0.329606 0.347088 0.328141 0.347093 0.326768 0.345477 0.319449 0.345503 0.318076 0.343888 0.312221 0.343909 0.312862 0.332563
0 0.410928 0.539639 0.410011 0.555848 0.402691 0.555874 0.399579 0.559126 0.399304 0.563989 0.391985 0.564015 0.392351 0.557531 0.389607 0.554301 0.389698 0.552679 0.384209 0.546217 0.384576 0.539733
0 0.531701 0.629957 0.531334 0.636441 0.534079 0.639672 0.535542 0.639667 0.538288 0.642898 0.539751 0.642893 0.541124 0.644509 0.545516 0.644493 0.544049 0.670426 0.538193 0.670446 0.531970 0.676952 0.530505 0.676957 0.527395 0.680208 0.525930 0.680213 0.524375 0.681840 0.522910 0.681845 0.521355 0.683472 0.519891 0.683477 0.518335 0.685103 0.511015 0.685129 0.509643 0.683514 0.508178 0.683519 0.506807 0.681903 0.505342 0.681908 0.498481 0.673829 0.497016 0.673835 0.494272 0.670603 0.492808 0.670609 0.491435 0.668993 0.489971 0.668999 0.485854 0.664151 0.481463 0.664167 0.482379 0.647959 0.486771 0.647943 0.491438 0.643065 0.492902 0.643060 0.499125 0.636556 0.499492 0.630072
0 0.739227 0.635698 0.738585 0.647043 0.734193 0.647059 0.732820 0.645444 0.725501 0.645470 0.722755 0.642239 0.716900 0.642260 0.717267 0.635776
0 0.634195 0.525878 0.633186 0.543707 0.620011 0.543754 0.620286 0.538891 0.617541 0.535660 0.616076 0.535665 0.613332 0.532434 0.613698 0.525951
0 0.174518 0.268236 0.174243 0.273098 0.175615 0.274714 0.177080 0.274709 0.178453 0.276324 0.179916 0.276319 0.181288 0.277935 0.182752 0.277930 0.185497 0.281161 0.186962 0.281156 0.189705 0.284387 0.191170 0.284382 0.200777 0.295692 0.202240 0.295686 0.203612 0.297301 0.208005 0.297286 0.206171 0.329703 0.200315 0.329724 0.198760 0.331350 0.198668 0.332971 0.197203 0.332976 0.190981 0.339480 0.189517 0.339485 0.186405 0.342737 0.184941 0.342743 0.183386 0.344369 0.181921 0.344375 0.180365 0.346000 0.178902 0.346005 0.177345 0.347632 0.175882 0.347637 0.174326 0.349263 0.171398 0.349273 0.169842 0.350899 0.168379 0.350904 0.166823 0.352531 0.166547 0.357393 0.148979 0.357455 0.149254 0.352593 0.146509 0.349362 0.143581 0.349372 0.142209 0.347757 0.140745 0.347763 0.139373 0.346146 0.136445 0.346157 0.135072 0.344542 0.133608 0.344547 0.132236 0.342931 0.130772 0.342936 0.129399 0.341320 0.125008 0.341336 0.123635 0.339721 0.119242 0.339736 0.117871 0.338120 0.113478 0.338136 0.112106 0.336521 0.109178 0.336531 0.107806 0.334916 0.103414 0.334932 0.102042 0.333316 0.099113 0.333326 0.097741 0.331711 0.096277 0.331716 0.094905 0.330100 0.093440 0.330105 0.092068 0.328490 0.090604 0.328495 0.089232 0.326879 0.087768 0.326885 0.086395 0.325268 0.086487 0.323648 0.083742 0.320417 0.079351 0.320432 0.079534 0.317191 0.083926 0.317175 0.085481 0.315550 0.085573 0.313928 0.091796 0.307424 0.093260 0.307419 0.102594 0.297662 0.104059 0.297657 0.113393 0.287900 0.114857 0.287895 0.121080 0.281391 0.122543 0.281386 0.130322 0.273255 0.130597 0.268393
1 0.858287 0.221500 0.627301 0.401933 0.837301 0.376874
1 0.702951 0.336842 0.553511 0.218537 0.580480 0.431808
1 0.564471 0.391353 0.588408 0.442584 0.590688 0.510099 0.362481 0.382621
0 0.596191 0.391240 0.581551 0.391292 0.573925 0.396722 0.575983 0.403465 0.586657 0.408831 0.596419 0.408796
0 0.834969 0.094641 0.820787 0.086590 0.797760 0.083972 0.768174 0.089478 0.732028 0.103112 0.702898 0.122122 0.699389 0.141041 0.710213 0.165311 0.735907 0.185475 0.756113 0.194856 0.805829 0.200080 0.822377 0.187866 0.809720 0.174408 0.784712 0.163693 0.772438 0.143480 0.794094 0.127197 0.811863 0.114981
0 0.679423 0.041181 0.676141 0.056047 0.663483 0.064194 0.642360 0.071022 0.610715 0.069784 0.588758 0.048256 0.569392 0.024018 0.553306 0.006519 0.550716 0.000000 0.571459 0.000000 0.595556 0.000000 0.653432 0.000000 0.676612 0.000000 0.683550 0.000000 0.670280 0.000000 0.652665 0.000000 0.644962 0.000000 0.640538 0.000000 0.649077 0.016981 0.654795 0.023713
0 0.652512 0.000000 0.664714 0.000000 0.677675 0.000000 0.684307 0.000000 0.682629 0.006057 0.677444 0.011478 0.661277 0.016937 0.644350 0.014296 0.637794 0.000816 0.638252 0.000000 0.641073 0.000000
0 0.038381 0.782078 0.028363 0.777460 0.013089 0.774928 0.000000 0.765710 0.000000 0.760070 0.000000 0.764735 0.000000 0.773007 0.000000 0.780730 0.000000 0.785862 0.015249 0.786299 0.037152 0.787254
0 0.057207 0.870457 0.060684 0.858548 0.055427 0.852360 0.041410 0.844134 0.019390 0.836972 0.000000 0.832928 0.000000 0.831938 0.000000 0.843774 0.015008 0.848365 0.030778 0.858655 0.041056 0.866894 0.055280 0.871498
