0 0.354050 0.244754 0.352378 0.251649 0.350134 0.253101 0.349716 0.254826 0.345230 0.257730 0.339761 0.256912 0.335991 0.272432 0.343286 0.273535 0.344691 0.275538 0.344272 0.277267 0.348496 0.283284 0.350325 0.283562 0.351735 0.285569 0.357227 0.286406 0.358639 0.288417 0.357382 0.293613 0.359214 0.293893 0.360471 0.288696 0.362724 0.287242 0.364557 0.287521 0.366810 0.286068 0.370481 0.286627 0.388534 0.274982 0.394061 0.275814 0.396565 0.265407 0.389198 0.264305 0.387776 0.262298 0.385937 0.262023 0.384516 0.260018 0.384934 0.258287 0.382094 0.254280 0.383345 0.249093
0 0.458483 0.501907 0.450892 0.534092 0.456573 0.535089 0.465425 0.547851 0.464159 0.553239 0.485098 0.556946 0.486363 0.551546 0.491021 0.548621 0.492930 0.548957 0.504590 0.541636 0.506503 0.541971 0.511172 0.539039 0.518837 0.540379 0.523035 0.522369 0.517287 0.521374 0.515792 0.519246 0.517470 0.512056
0 0.792794 0.644321 0.786600 0.672322 0.794727 0.673809 0.796347 0.676053 0.798382 0.676425 0.800005 0.678671 0.802041 0.679044 0.803665 0.681290 0.807741 0.682038 0.809369 0.684288 0.815492 0.685413 0.817948 0.683912 0.819992 0.684287 0.822448 0.682786 0.822861 0.680909 0.830235 0.676403 0.831058 0.672650 0.833516 0.671147 0.833928 0.669272 0.836388 0.667767 0.836799 0.665891 0.835162 0.663645 0.837629 0.652400
0 0.799624 0.537581 0.793061 0.567156 0.799124 0.568204 0.800737 0.570405 0.802762 0.570755 0.807606 0.577370 0.806375 0.582935 0.818551 0.585055 0.819781 0.579483 0.824664 0.576473 0.826697 0.576825 0.829141 0.575319 0.831176 0.575670 0.838512 0.571151 0.838921 0.569293 0.843815 0.566278 0.849934 0.567329 0.851567 0.559892 0.845449 0.558845 0.840564 0.552232 0.842197 0.544812
0 0.885589 0.376298 0.883979 0.383622 0.876679 0.388177 0.876276 0.390009 0.873843 0.391526 0.865734 0.390271 0.860886 0.412250 0.866968 0.413205 0.868594 0.415358 0.874687 0.416315 0.876316 0.418471 0.878754 0.416954 0.884858 0.417913 0.886491 0.420072 0.890567 0.420713 0.892202 0.422873 0.894241 0.423194 0.895879 0.425357 0.899962 0.426000 0.902408 0.424480 0.904452 0.424801 0.906899 0.423281 0.908945 0.423603 0.911394 0.422081 0.913440 0.422403 0.915890 0.420882 0.917938 0.421203 0.920390 0.419680 0.922440 0.420001 0.924892 0.418478 0.933103 0.419763 0.937518 0.399475 0.929310 0.398206 0.927662 0.396048 0.928063 0.394208 0.923123 0.387745 0.924327 0.382230
0 0.393641 0.609775 0.388523 0.631333 0.394171 0.632385 0.398547 0.638839 0.398120 0.640641 0.403964 0.649265 0.402683 0.654678 0.412139 0.656458 0.413419 0.651039 0.418060 0.648138 0.419954 0.648493 0.433890 0.639779 0.439591 0.640841 0.444691 0.619165
0 0.379011 0.219864 0.372757 0.245736 0.378257 0.246550 0.386771 0.258561 0.388611 0.258835 0.391456 0.262848 0.398825 0.263948 0.405608 0.259572 0.407454 0.259846 0.423304 0.249619 0.430711 0.250712 0.433619 0.238563 0.428064 0.237750 0.425195 0.233743 0.426856 0.226814
0 0.315183 0.203507 0.313510 0.210349 0.306834 0.214693 0.297814 0.213378 0.293203 0.232193 0.300420 0.233259 0.301806 0.235240 0.300129 0.242095 0.310980 0.243708 0.312656 0.236845 0.319347 0.232500 0.321159 0.232767 0.323391 0.231317 0.323810 0.229602 0.328274 0.226702 0.330090 0.226969 0.341263 0.219712 0.346721 0.220508 0.347556 0.217073 0.342098 0.216279 0.340697 0.214299 0.342367 0.207437
0 0.852771 0.103953 0.851182 0.111060 0.846414 0.114104 0.846016 0.115881 0.841251 0.118924 0.840853 0.120701 0.836088 0.123741 0.834893 0.129074 0.832512 0.130594 0.832113 0.132372 0.829733 0.133891 0.829334 0.135668 0.826953 0.137187 0.825755 0.142524 0.823376 0.144041 0.821778 0.151159 0.819397 0.152676 0.818997 0.154456 0.816617 0.155972 0.810681 0.155182 0.795840 0.221178 0.801782 0.222007 0.803364 0.224075 0.802962 0.225864 0.804544 0.227932 0.803740 0.231516 0.805322 0.233586 0.804517 0.237171 0.806101 0.239245 0.805297 0.242830 0.806880 0.244906 0.806075 0.248496 0.807659 0.250574 0.806854 0.254164 0.808441 0.256245 0.808038 0.258042 0.809625 0.260124 0.808820 0.263720 0.810407 0.265803 0.809601 0.269402 0.812779 0.273576 0.812376 0.275376 0.813965 0.277466 0.813562 0.279267 0.819931 0.287638 0.821929 0.287929 0.825120 0.292122 0.823911 0.297541 0.827911 0.298127 0.829522 0.290899 0.831926 0.289384 0.833927 0.289676 0.838737 0.286645 0.840741 0.286936 0.847963 0.282386 0.853984 0.283258 0.869998 0.211120 0.855976 0.209190 0.852777 0.205049 0.854375 0.197874 0.852777 0.195808 0.854374 0.188639 0.852776 0.186577 0.855170 0.175835 0.853573 0.173778 0.855965 0.163049 0.854370 0.160996 0.859546 0.137790 0.861937 0.136268 0.863925 0.127353 0.866317 0.125830 0.867905 0.118701 0.866308 0.116664 0.866705 0.114883 0.865110 0.112848 0.866698 0.105731
0 0.851572 0.416475 0.841840 0.460531 0.847920 0.461515 0.856039 0.472371 0.858072 0.472701 0.861326 0.477051 0.863362 0.477383 0.875575 0.469812 0.875980 0.467966 0.880869 0.464934 0.881274 0.463089 0.886163 0.460056 0.886568 0.458211 0.891462 0.455176 0.891866 0.453330 0.894313 0.451811 0.895121 0.448120 0.897568 0.446602 0.899585 0.437380 0.897543 0.437056 0.895904 0.434888 0.893862 0.434565 0.888953 0.428071 0.890164 0.422552
0 0.472939 0.815348 0.468220 0.835657 0.474025 0.836847 0.475531 0.839094 0.474243 0.844643 0.511179 0.852241 0.515030 0.835532 0.509181 0.834339 0.506142 0.829838 0.507853 0.822429
0 0.839692 0.080415 0.838103 0.087498 0.828600 0.093579 0.828202 0.095350 0.821080 0.099907 0.820681 0.101679 0.813565 0.106232 0.805680 0.105220 0.796887 0.144203 0.806753 0.145508 0.809128 0.143991 0.813081 0.144513 0.815458 0.142997 0.815858 0.141221 0.820613 0.138185 0.821012 0.136408 0.823391 0.134890 0.823790 0.133114 0.826169 0.131596 0.826568 0.129818 0.831328 0.126781 0.832125 0.123227 0.834505 0.121708 0.835301 0.118155 0.837681 0.116634 0.838080 0.114858 0.840461 0.113338 0.840859 0.111561 0.845622 0.108520 0.846020 0.106743 0.872258 0.089984 0.873446 0.084654
0 0.838588 0.475251 0.829219 0.517667 0.851568 0.521410 0.852790 0.515857 0.857679 0.512835 0.859716 0.513174 0.862160 0.511662 0.862567 0.509811 0.872355 0.503759 0.872761 0.501907 0.871125 0.499719 0.871531 0.497869 0.866630 0.491313 0.867036 0.489465 0.865405 0.487282 0.867028 0.479894
0 0.880436 0.210701 0.853588 0.331875 0.869727 0.334286 0.871335 0.327006 0.873757 0.325488 0.874158 0.323669 0.876582 0.322149 0.877385 0.318511 0.879809 0.316990 0.881013 0.311535 0.883435 0.310015 0.885039 0.302744 0.887462 0.301222 0.890265 0.288509 0.892688 0.286985 0.897486 0.265219 0.895862 0.263120 0.897060 0.257686 0.895440 0.255588 0.896238 0.251970 0.894618 0.249875 0.895416 0.246257 0.893795 0.244166 0.894594 0.240549 0.892974 0.238460 0.893373 0.236654 0.891755 0.234566 0.892553 0.230955 0.890936 0.228869 0.891335 0.227065 0.889718 0.224981 0.890117 0.223177 0.888502 0.221095 0.888900 0.219293 0.887285 0.217212 0.888481 0.211807
0 0.870807 0.216793 0.847149 0.323411 0.853184 0.324308 0.854796 0.326425 0.853588 0.331875 0.867708 0.333984 0.868914 0.328526 0.871335 0.327006 0.871737 0.325188 0.874158 0.323669 0.874560 0.321849 0.876983 0.320330 0.877787 0.316692 0.880210 0.315172 0.881414 0.309718 0.883836 0.308196 0.885440 0.300927 0.887862 0.299404 0.893465 0.273994 0.895887 0.272470 0.894264 0.270369 0.896661 0.259496 0.895040 0.257399 0.895839 0.253779 0.894218 0.251685 0.895017 0.248065 0.893396 0.245973 0.894594 0.240549 0.892974 0.238460 0.893373 0.236654 0.891755 0.234566 0.892553 0.230955 0.890936 0.228869 0.891335 0.227065 0.889718 0.224981 0.890914 0.219571
0 0.891866 0.453330 0.890249 0.460714 0.882909 0.465264 0.882504 0.467111 0.872725 0.473173 0.864579 0.471849 0.860926 0.488462 0.867036 0.489465 0.871937 0.496018 0.871531 0.497869 0.876439 0.504434 0.875221 0.509993 0.895696 0.513392 0.896912 0.507822 0.901827 0.504787 0.903880 0.505126 0.916180 0.497533 0.918237 0.497871 0.928090 0.491787 0.934276 0.492798 0.938306 0.474218 0.932123 0.473219 0.930467 0.471031 0.928407 0.470699 0.925098 0.466328 0.926710 0.458917
0 0.333721 0.227501 0.332048 0.234372 0.329813 0.235822 0.322554 0.234750 0.317526 0.255370 0.330240 0.257274 0.336956 0.252923 0.338777 0.253194 0.341017 0.251743 0.342840 0.252014 0.345080 0.250563 0.345499 0.248840 0.347740 0.247388 0.349564 0.247659 0.356293 0.243301 0.363605 0.244382 0.366527 0.232313
0 0.849202 0.074326 0.848012 0.079638 0.838500 0.085727 0.838103 0.087498 0.828600 0.093579 0.828202 0.095350 0.821080 0.099907 0.820681 0.101679 0.813565 0.106232 0.805680 0.105220 0.796887 0.144203 0.810703 0.146030 0.813081 0.144513 0.815059 0.144774 0.817436 0.143258 0.817835 0.141481 0.820213 0.139963 0.820613 0.138185 0.822992 0.136668 0.823391 0.134890 0.825771 0.133373 0.826169 0.131596 0.828549 0.130077 0.828947 0.128299 0.831328 0.126781 0.832125 0.123227 0.834505 0.121708 0.834903 0.119931 0.837283 0.118411 0.837681 0.116634 0.840063 0.115113 0.840859 0.111561 0.843241 0.110041 0.843639 0.108266 0.865096 0.094558 0.871069 0.095315 0.875030 0.077552
0 0.891866 0.453330 0.890249 0.460714 0.882909 0.465264 0.882504 0.467111 0.872725 0.473173 0.864579 0.471849 0.860926 0.488462 0.867036 0.489465 0.871937 0.496018 0.871531 0.497869 0.876439 0.504434 0.875221 0.509993 0.897748 0.513733 0.898964 0.508161 0.913718 0.499052 0.915776 0.499390 0.925626 0.493309 0.933872 0.494658 0.938306 0.474218 0.932123 0.473219 0.930467 0.471031 0.928407 0.470699 0.925098 0.466328 0.926710 0.458917
0 0.522722 0.740454 0.518894 0.757018 0.528617 0.758925 0.530139 0.761151 0.534035 0.761916 0.536409 0.760453 0.538359 0.760836 0.540734 0.759373 0.548544 0.760904 0.551939 0.746136
0 0.208270 0.365172 0.203585 0.384128 0.214332 0.385896 0.215609 0.380717 0.220048 0.377853 0.225432 0.378734 0.227984 0.368376
0 0.051488 0.276492 0.050205 0.281537 0.048053 0.282950 0.047624 0.284633 0.041168 0.288866 0.040739 0.290549 0.036437 0.293369 0.029555 0.292281 0.021397 0.324262 0.028282 0.325373 0.032164 0.331271 0.031734 0.332960 0.033459 0.333240 0.036051 0.337179 0.034762 0.342249 0.038216 0.342813 0.039935 0.336051 0.044252 0.333229 0.045110 0.329849 0.047268 0.328439 0.047697 0.326749 0.049857 0.325338 0.050715 0.321958 0.052875 0.320547 0.053304 0.318857 0.055463 0.317444 0.055892 0.315756 0.064534 0.310104 0.068002 0.310656 0.070164 0.309243 0.075373 0.310071 0.077539 0.308656 0.079276 0.308932 0.083609 0.306100 0.088829 0.306928 0.090539 0.300158 0.085319 0.299334 0.081387 0.293443 0.081815 0.291753 0.080078 0.291480 0.077461 0.287559 0.079169 0.280810
0 0.051588 0.325616 0.049871 0.332379 0.045551 0.335201 0.040365 0.334360 0.026154 0.390258 0.033076 0.391422 0.039585 0.401385 0.038290 0.406492 0.052190 0.408850 0.053915 0.402031 0.058258 0.399211 0.059999 0.399504 0.070868 0.392445 0.072612 0.392737 0.073043 0.391031 0.075219 0.389619 0.075649 0.387913 0.077824 0.386500 0.083065 0.387375 0.077824 0.386500 0.076509 0.384503 0.076939 0.382800 0.075623 0.380805 0.076053 0.379101 0.074739 0.377109 0.075169 0.375405 0.073854 0.373413 0.074714 0.370009 0.073400 0.368020 0.074688 0.362918 0.073376 0.360931 0.076381 0.349037 0.078551 0.347623 0.079409 0.344227 0.081581 0.342812 0.084580 0.330931
0 0.096466 0.237494 0.104599 0.245485 0.107577 0.258870 0.118303 0.259280 0.134572 0.258067 0.131415 0.268086 0.127375 0.284167 0.117726 0.289474 0.097658 0.293138 0.087231 0.286560 0.078015 0.270329 0.069608 0.258575 0.076866 0.247407 0.098285 0.235311
0 0.072150 0.429789 0.077074 0.430633 0.082637 0.436620 0.085287 0.443999 0.079279 0.444850 0.070033 0.440737 0.066951 0.437691
0 0.038333 0.462257 0.046605 0.464967 0.046001 0.469897 0.044934 0.474120 0.035743 0.475015 0.033599 0.473377 0.034204 0.465932
0 0.063951 0.575304 0.065805 0.573092 0.072619 0.571804 0.077434 0.573340 0.078379 0.577356 0.077767 0.579802 0.073426 0.581551 0.067842 0.580506 0.065513 0.579430
0 0.095090 0.625481 0.097108 0.622642 0.106640 0.621236 0.109314 0.623682 0.108089 0.628612 0.101527 0.631228 0.097145 0.630388
0 0.156800 0.548872 0.158036 0.546528 0.162273 0.545374 0.166687 0.546176 0.173836 0.551975 0.176391 0.555012 0.177530 0.558437 0.169359 0.562090 0.167311 0.562358 0.161781 0.560701 0.156364 0.553285
0 0.174821 0.572109 0.180318 0.568610 0.184754 0.569425 0.189857 0.572943 0.192757 0.577350 0.193600 0.582030 0.188878 0.585033 0.183646 0.584711 0.181108 0.584240 0.176467 0.578863
0 0.461767 0.362498 0.448879 0.359176 0.443096 0.363394 0.446815 0.373617 0.450768 0.374247 0.459711 0.371172
0 0.755846 0.584755 0.771263 0.588130 0.786701 0.598287 0.788070 0.612098 0.786307 0.626735 0.772879 0.637251 0.755957 0.640321 0.741099 0.637640 0.729977 0.631568 0.720924 0.616407 0.721344 0.598251 0.734654 0.587784
0 0.661016 0.079666 0.652307 0.075404 0.630462 0.071365 0.620205 0.076969 0.618255 0.082376 0.626377 0.085936 0.645473 0.083982
0 0.472953 0.115942 0.474400 0.115513 0.476785 0.108345 0.466515 0.106360 0.458140 0.107737 0.449344 0.110922 0.441708 0.114879 0.444367 0.117724 0.451355 0.119285 0.465360 0.116798
0 0.409088 0.128514 0.403586 0.126524 0.393679 0.120838 0.386626 0.119884 0.376263 0.127155 0.372830 0.130407 0.366548 0.134508 0.364194 0.136044 0.385961 0.139029 0.396552 0.133643 0.408299 0.129027
0 0.356241 0.136193 0.348541 0.132660 0.340271 0.131527 0.326744 0.135851 0.322843 0.138403 0.321184 0.142500 0.338180 0.145471 0.348553 0.140711
1 0.229255 0.474618 0.417230 0.406148 0.457671 0.499164 0.469015 0.613693 0.452267 0.610628
1 0.386497 0.443597 0.401655 0.572450 0.317636 0.490579 0.285671 0.464480 0.327146 0.448422
1 0.485538 0.510504 0.767782 0.320697 0.460902 0.308569 0.393705 0.342801 0.465361 0.507679 0.490370 0.510680
1 0.529085 0.467477 0.508434 0.383447 0.610500 0.334030 0.401164 0.342698 0.515732 0.467856
1 0.813845 0.704238 0.806221 0.980758 0.616575 0.858695 0.542508 0.767183
0 0.106061 0.401894 0.124488 0.407660 0.142450 0.407337 0.162141 0.408634 0.170695 0.418791 0.164404 0.438553 0.157665 0.446143 0.139030 0.457060 0.118044 0.455442 0.104279 0.436311 0.097791 0.418498
