0 0.102388 0.545086 0.102539 0.549798 0.107396 0.554356 0.108963 0.554306 0.110582 0.555825 0.112151 0.555775 0.117006 0.560335 0.118575 0.560284 0.123430 0.564844 0.129702 0.564642 0.130862 0.600758 0.124590 0.600960 0.121554 0.604201 0.119987 0.604252 0.109362 0.615597 0.109413 0.617168 0.106276 0.617269 0.103241 0.620510 0.103392 0.625220 0.093983 0.625523 0.093832 0.620813 0.088977 0.616253 0.088926 0.614683 0.087307 0.613164 0.087257 0.611593 0.082402 0.607034 0.082351 0.605463 0.080732 0.603944 0.080682 0.602373 0.077445 0.599334 0.077394 0.597764 0.074157 0.594723 0.074107 0.593154 0.069251 0.588594 0.069200 0.587024 0.065964 0.583984 0.065914 0.582415 0.062675 0.579374 0.062625 0.577804 0.052914 0.568685 0.052863 0.567116 0.051245 0.565595 0.049677 0.565646 0.049627 0.564075 0.043153 0.557996 0.036879 0.558198 0.036526 0.547206
0 0.565321 0.247242 0.566077 0.270797 0.534715 0.271806 0.534563 0.267095 0.532944 0.265576 0.531377 0.265626 0.529759 0.264106 0.528190 0.264156 0.526572 0.262636 0.525003 0.262686 0.523384 0.261167 0.517113 0.261369 0.516709 0.248807
0 0.869793 0.734161 0.870449 0.754575 0.864176 0.754777 0.859622 0.759639 0.859774 0.764349 0.836252 0.765106 0.836101 0.760396 0.819915 0.745198 0.815211 0.745350 0.814909 0.735928
0 0.786474 0.290424 0.787230 0.313977 0.779389 0.314230 0.777872 0.315851 0.778023 0.320561 0.738820 0.321823 0.737862 0.291988
0 0.827902 0.798386 0.828659 0.821939 0.800432 0.822848 0.800281 0.818138 0.797044 0.815098 0.792340 0.815249 0.791836 0.799547
0 0.882579 0.350206 0.883335 0.373760 0.877063 0.373961 0.875546 0.375583 0.875697 0.380293 0.834925 0.381605 0.833967 0.351771
0 0.104744 0.765076 0.105500 0.788630 0.077274 0.789539 0.077123 0.784828 0.073885 0.781789 0.069181 0.781940 0.068676 0.766237
0 0.692386 0.293452 0.693344 0.323287 0.668254 0.324095 0.668102 0.319384 0.664865 0.316345 0.663297 0.316395 0.661678 0.314876 0.656975 0.315028 0.656319 0.294613
0 0.927274 0.568833 0.927829 0.586107 0.921556 0.586309 0.920038 0.587929 0.920089 0.589499 0.918571 0.591120 0.917004 0.591170 0.913968 0.594412 0.914120 0.599122 0.879620 0.600233 0.879419 0.593952 0.877800 0.592432 0.876232 0.592483 0.874613 0.590963 0.874563 0.589393 0.871325 0.586353 0.869757 0.586404 0.861665 0.578805 0.861614 0.577234 0.859996 0.575714 0.859845 0.571004
0 0.511672 0.531911 0.512429 0.555466 0.476362 0.556627 0.475606 0.533072
0 0.393925 0.384799 0.394682 0.408353 0.388409 0.408555 0.386790 0.407035 0.383655 0.407136 0.373944 0.398017 0.372375 0.398068 0.372325 0.396497 0.370706 0.394978 0.364434 0.395180 0.364131 0.385758
0 0.071202 0.307161 0.073017 0.363691 0.066744 0.363893 0.065226 0.365515 0.065277 0.367084 0.062241 0.370326 0.062292 0.371896 0.059257 0.375137 0.059308 0.376708 0.056271 0.379949 0.056322 0.381520 0.054804 0.383140 0.054855 0.384711 0.050302 0.389573 0.050454 0.394284 0.042612 0.394537 0.042461 0.389825 0.032750 0.380707 0.032699 0.379137 0.029462 0.376096 0.024757 0.376248 0.024556 0.369967 0.029260 0.369815 0.030778 0.368195 0.030677 0.365054 0.032195 0.363434 0.032094 0.360292 0.033611 0.358672 0.033511 0.355532 0.035029 0.353911 0.034928 0.350771 0.036446 0.349150 0.036345 0.346009 0.037862 0.344388 0.037762 0.341247 0.039279 0.339627 0.039228 0.338056 0.040747 0.336436 0.040646 0.333295 0.042164 0.331675 0.042113 0.330104 0.043631 0.328484 0.043530 0.325343 0.045047 0.323722 0.044997 0.322153 0.046515 0.320531 0.046464 0.318961 0.047983 0.317340 0.047932 0.315769 0.049449 0.314149 0.049248 0.307868
0 0.157950 0.857678 0.158505 0.874950 0.138119 0.875606 0.137918 0.869325 0.134679 0.866286 0.128408 0.866488 0.128156 0.858637
0 0.201695 0.460151 0.202250 0.477423 0.166183 0.478584 0.165629 0.461312
0 0.323516 0.343052 0.324272 0.366606 0.313294 0.366959 0.313093 0.360678 0.311475 0.359159 0.309907 0.359209 0.305051 0.354650 0.303483 0.354701 0.303433 0.353130 0.300196 0.350091 0.293923 0.350293 0.293721 0.344011
0 0.928126 0.644257 0.928328 0.650538 0.931565 0.653578 0.933134 0.653527 0.934753 0.655046 0.934803 0.656617 0.936421 0.658137 0.937990 0.658087 0.944463 0.664166 0.946032 0.664116 0.946536 0.679818 0.933991 0.680222 0.932372 0.678702 0.927668 0.678853 0.926049 0.677333 0.919777 0.677535 0.918259 0.679156 0.913554 0.679308 0.912037 0.680929 0.910469 0.680979 0.907434 0.684220 0.905865 0.684270 0.904347 0.685892 0.902779 0.685942 0.901262 0.687562 0.899693 0.687613 0.898175 0.689234 0.898326 0.693945 0.895191 0.694045 0.895040 0.689335 0.880472 0.675657 0.875768 0.675809 0.875365 0.663246 0.881638 0.663044 0.883155 0.661424 0.883104 0.659854 0.889175 0.653370 0.890743 0.653319 0.892261 0.651699 0.892059 0.645418
0 0.427123 0.245403 0.427375 0.253255 0.421103 0.253457 0.419585 0.255077 0.416449 0.255178 0.414931 0.256798 0.408659 0.257000 0.407039 0.255481 0.394495 0.255885 0.391460 0.259126 0.388323 0.259227 0.386705 0.257707 0.382000 0.257858 0.380382 0.256339 0.377245 0.256440 0.375626 0.254921 0.374059 0.254971 0.372440 0.253451 0.370872 0.253501 0.369254 0.251981 0.369103 0.247271
0 0.397114 0.875129 0.397870 0.898683 0.377484 0.899339 0.377332 0.894629 0.372477 0.890069 0.367773 0.890220 0.367319 0.876088
0 0.928126 0.644257 0.928328 0.650538 0.931565 0.653578 0.933134 0.653527 0.934753 0.655046 0.934803 0.656617 0.936421 0.658137 0.937990 0.658087 0.944463 0.664166 0.946032 0.664116 0.946536 0.679818 0.933991 0.680222 0.932372 0.678702 0.927668 0.678853 0.926049 0.677333 0.919777 0.677535 0.918259 0.679156 0.913554 0.679308 0.912037 0.680929 0.910469 0.680979 0.907434 0.684220 0.905865 0.684270 0.904347 0.685892 0.902779 0.685942 0.899744 0.689184 0.899895 0.693894 0.893623 0.694096 0.893421 0.687815 0.883710 0.678696 0.883659 0.677126 0.880422 0.674087 0.875718 0.674238 0.875416 0.664816 0.880119 0.664665 0.883155 0.661424 0.883104 0.659854 0.889175 0.653370 0.890743 0.653319 0.892261 0.651699 0.892059 0.645418
0 0.397114 0.875129 0.397567 0.889261 0.391295 0.889463 0.389778 0.891084 0.385073 0.891236 0.383455 0.889715 0.374046 0.890018 0.373592 0.875886
1 0.489325 0.251522 0.609923 0.300036 0.550694 0.329452
1 0.856006 0.427036 0.765460 0.418162 0.761653 0.544036
1 0.725695 0.564842 0.657581 0.480580 0.602315 0.511178
1 0.757889 0.671220 0.752543 0.586247 0.683537 0.596328
1 0.760839 0.681603 0.655170 0.568424 0.585739 0.606026
1 0.717463 0.675140 0.564871 0.608008 0.498306 0.653378 0.539568 0.716235 0.717463 0.675140
1 0.564871 0.608008 0.413629 0.542140 0.485746 0.628893 0.493079 0.653546
1 0.487851 0.653715 0.383100 0.650536 0.405914 0.546318 0.479128 0.626487
1 0.482834 0.660425 0.160400 0.640677 0.430723 0.748558
1 0.364711 0.729723 0.091691 0.619309 0.226861 0.795727
1 0.150740 0.706484 0.026360 0.540198 0.000000 0.727740
1 0.379204 0.407017 0.280358 0.343393 0.095246 0.485584
1 0.216322 0.386063 0.062377 0.358269 0.023579 0.535048 0.204602 0.387750
1 0.025986 0.487814 0.000000 0.370244 0.000000 0.331020 0.066177 0.313611 0.041641 0.323569 0.040965 0.343240 0.032701 0.371014 0.033079 0.382791 0.050235 0.387480 0.054029 0.383428
1 0.024931 0.495707 0.004604 0.595914 0.000000 0.516837 0.000000 0.482815
0 0.518412 0.305986 0.480864 0.252194 0.453602 0.258453 0.439383 0.280433 0.449635 0.302223 0.481397 0.305982
0 0.299553 0.685479 0.308442 0.683400 0.318099 0.686676 0.318850 0.691433 0.312982 0.694612 0.303458 0.695516 0.297975 0.692105
0 0.210894 0.397191 0.193115 0.419882 0.182109 0.430399 0.174876 0.428241 0.172317 0.422943 0.179225 0.414949 0.199696 0.401735
0 0.122605 0.603893 0.103271 0.615276 0.105790 0.619380 0.118892 0.618358 0.127684 0.613294
