1 0.994695 0.443411 0.971301 0.579953 0.919774 0.654292 0.827941 0.581365 0.797816 0.533369 0.799586 0.520739 0.842561 0.436637 0.916936 0.381320 0.956121 0.405128
1 0.894023 0.393096 0.835492 0.446618 0.797764 0.523630 0.790890 0.441221 0.815847 0.424975
1 0.864419 0.614378 0.860553 0.621737 0.806122 0.625785 0.800407 0.545222 0.828879 0.584790
1 0.785761 0.427254 0.751926 0.587718 0.727477 0.570009 0.615428 0.540191 0.593635 0.503538 0.621768 0.393859 0.637181 0.354685 0.774903 0.373261 0.779760 0.379066
1 0.751041 0.594033 0.728206 0.706361 0.637741 0.674239 0.625933 0.657357 0.654118 0.557417 0.743594 0.576375
1 0.727542 0.711097 0.713665 0.779756 0.656540 0.752472 0.673672 0.690929
1 0.903826 0.808492 0.903279 0.964055 0.814676 0.807435 0.826223 0.775619 0.864003 0.708348 0.900467 0.781896
1 0.840751 0.742761 0.813739 0.804010 0.847391 0.867285 0.848159 0.882027 0.828879 0.928560 0.801775 0.929795 0.791125 0.914758 0.771663 0.841261 0.773173 0.779935 0.786321 0.746808
1 0.771792 0.779667 0.773094 0.851268 0.755766 0.833317 0.746614 0.797491 0.761912 0.779374
1 0.744740 0.790641 0.752565 0.835939 0.732203 0.809293
1 0.641738 0.949056 0.641790 0.958795 0.573235 0.942270 0.556181 0.932479 0.611626 0.860523
1 0.559552 0.746654 0.436697 0.844467 0.408980 0.860177 0.437400 0.718122
1 0.580433 0.526925 0.583024 0.538778 0.537733 0.619189 0.450743 0.592605 0.444039 0.498877 0.448127 0.489940 0.527904 0.456750
1 0.475687 0.445012 0.471377 0.455528 0.389400 0.463968 0.347208 0.350392 0.443440 0.300932
1 0.482678 0.678248 0.303283 0.815375 0.286112 0.826642 0.277832 0.825037 0.274200 0.790282 0.264709 0.777092 0.290421 0.644242 0.297711 0.632682 0.346062 0.651779
1 0.350410 0.519654 0.357245 0.551788 0.299703 0.618473 0.315390 0.587461 0.292713 0.557122 0.296813 0.507649 0.291410 0.485521 0.293806 0.417880 0.330062 0.452471
1 0.309753 0.263679 0.325246 0.325057 0.283326 0.391527 0.278196 0.377561 0.292061 0.349437 0.266845 0.316985 0.284042 0.224645
1 0.249751 0.256919 0.244557 0.273750 0.230145 0.285551 0.177199 0.309346 0.219106 0.111528 0.228440 0.095500 0.234897 0.099993 0.237266 0.113424 0.237995 0.249776
1 0.289522 0.347324 0.282453 0.357305 0.217973 0.372378 0.169011 0.367756 0.243112 0.304279 0.262926 0.314604
1 0.257419 0.444883 0.272807 0.486782 0.240117 0.517744 0.222178 0.514268 0.231356 0.469021 0.250025 0.436964
1 0.287218 0.474980 0.297529 0.512652 0.284875 0.552360 0.277533 0.554181 0.268315 0.549152 0.281256 0.477068 0.283521 0.471020
1 0.289744 0.345745 0.274109 0.386497 0.199929 0.521309 0.205853 0.468945 0.216463 0.433704 0.215760 0.388164 0.201192 0.370748 0.167852 0.365910 0.243112 0.304279 0.262926 0.314604
1 0.214366 0.428434 0.213755 0.442910 0.177199 0.481230 0.174686 0.398044 0.204329 0.398922
1 0.220498 0.586912 0.238217 0.591967 0.237332 0.598282 0.144718 0.723034 0.139198 0.721965 0.131803 0.714046 0.129383 0.690875 0.127599 0.572157 0.143442 0.570361
1 0.147309 0.734887 0.154261 0.745963 0.147465 0.764106 0.086109 0.847889 0.072088 0.846795 0.070604 0.827048 0.098580 0.688150 0.105480 0.689487
1 0.221801 0.658513 0.179660 0.726561 0.154976 0.750967 0.140136 0.725390 0.194202 0.653165
1 0.243294 0.596194 0.248033 0.623057 0.229703 0.632478 0.211203 0.653217 0.203145 0.650034 0.216567 0.625067
1 0.252289 0.602801 0.256925 0.610185 0.251509 0.628595 0.211959 0.708496 0.207936 0.686636 0.220694 0.666406 0.201765 0.649766 0.240977 0.592502
1 0.301865 0.592947 0.300588 0.612159 0.292634 0.628455 0.244089 0.701749 0.265986 0.585996 0.270789 0.582062
