0 0.639062 0.328125 0.639062 0.332813 0.640625 0.334375 0.642188 0.334375 0.643750 0.335938 0.645312 0.335938 0.646875 0.337500 0.648438 0.337500 0.648438 0.339062 0.654687 0.345313 0.654687 0.346875 0.656250 0.348438 0.656250 0.350000 0.657813 0.351562 0.657813 0.353125 0.659375 0.354687 0.664062 0.354687 0.664062 0.381250 0.659375 0.381250 0.646875 0.393750 0.645312 0.393750 0.643750 0.395313 0.642188 0.395313 0.640625 0.396875 0.640625 0.401562 0.603125 0.401562 0.603125 0.396875 0.595313 0.389062 0.595313 0.387500 0.593750 0.385937 0.593750 0.384375 0.592187 0.382812 0.592187 0.381250 0.590625 0.379688 0.590625 0.378125 0.589063 0.376563 0.584375 0.376563 0.584375 0.339062 0.589063 0.339062 0.592187 0.335938 0.592187 0.334375 0.593750 0.332813 0.593750 0.328125
0 0.457813 0.065625 0.457813 0.070312 0.470313 0.082812 0.476562 0.082812 0.476562 0.140625 0.471875 0.140625 0.468750 0.143750 0.468750 0.145313 0.467187 0.146875 0.467187 0.148438 0.460938 0.154688 0.459375 0.154688 0.454688 0.159375 0.454688 0.164062 0.410938 0.164062 0.410938 0.159375 0.407813 0.156250 0.406250 0.156250 0.398438 0.148438 0.398438 0.146875 0.396875 0.145313 0.390625 0.145313 0.390625 0.093750 0.395313 0.093750 0.398438 0.090625 0.398438 0.089063 0.400000 0.087500 0.400000 0.085938 0.415625 0.070312 0.415625 0.065625
0 0.692187 0.096875 0.692187 0.101562 0.695312 0.104688 0.696875 0.104688 0.710938 0.118750 0.710938 0.120313 0.714063 0.123438 0.714063 0.125000 0.715625 0.126562 0.715625 0.128125 0.718750 0.131250 0.718750 0.132812 0.721875 0.135937 0.726562 0.135937 0.726562 0.184375 0.721875 0.184375 0.715625 0.190625 0.715625 0.195312 0.662500 0.195312 0.662500 0.190625 0.659375 0.187500 0.657813 0.187500 0.656250 0.185938 0.654687 0.185938 0.651563 0.182812 0.650000 0.182812 0.646875 0.179688 0.645312 0.179688 0.635938 0.170313 0.635938 0.168750 0.632812 0.165625 0.632812 0.164062 0.629687 0.160938 0.629687 0.159375 0.626563 0.156250 0.621875 0.156250 0.621875 0.117188 0.628125 0.117188 0.629687 0.115625 0.629687 0.114062 0.632812 0.110937 0.634375 0.110937 0.637500 0.107813 0.639062 0.107813 0.640625 0.106250 0.642188 0.106250 0.643750 0.104688 0.645312 0.104688 0.648438 0.101562 0.648438 0.096875
0 0.432812 0.415625 0.432812 0.470313 0.428125 0.470313 0.425000 0.473438 0.425000 0.475000 0.423438 0.476562 0.423438 0.479687 0.421875 0.481250 0.421875 0.482812 0.420312 0.484375 0.420312 0.485938 0.418750 0.487500 0.418750 0.489063 0.417187 0.490625 0.417187 0.492188 0.415625 0.493750 0.415625 0.495312 0.414062 0.496875 0.414062 0.498437 0.412500 0.500000 0.412500 0.501563 0.410938 0.503125 0.410938 0.504687 0.409375 0.506250 0.409375 0.507812 0.407813 0.509375 0.407813 0.510938 0.403125 0.515625 0.403125 0.520312 0.385937 0.520312 0.385937 0.515625 0.381250 0.510938 0.379688 0.510938 0.362500 0.493750 0.362500 0.492188 0.357812 0.487500 0.357812 0.485938 0.356250 0.484375 0.356250 0.482812 0.354687 0.481250 0.354687 0.479687 0.353125 0.478125 0.353125 0.476562 0.351562 0.475000 0.346875 0.475000 0.346875 0.440625 0.351562 0.440625 0.354687 0.437500 0.356250 0.437500 0.359375 0.434375 0.360938 0.434375 0.364063 0.431250 0.365625 0.431250 0.367188 0.429688 0.368750 0.429688 0.371875 0.426563 0.373437 0.426563 0.375000 0.425000 0.376563 0.425000 0.378125 0.423438 0.387500 0.423438 0.389062 0.421875 0.393750 0.421875 0.395313 0.420312 0.395313 0.415625
0 0.829688 0.709375 0.829688 0.714063 0.837500 0.721875 0.837500 0.723437 0.842187 0.728125 0.842187 0.729688 0.846875 0.734375 0.851562 0.734375 0.851562 0.776563 0.846875 0.776563 0.843750 0.779687 0.843750 0.782813 0.842187 0.784375 0.842187 0.785937 0.839063 0.789062 0.839063 0.790625 0.835938 0.793750 0.835938 0.795312 0.823438 0.807813 0.821875 0.807813 0.820312 0.809375 0.818750 0.809375 0.815625 0.812500 0.812500 0.812500 0.809375 0.815625 0.809375 0.820312 0.778125 0.820312 0.778125 0.815625 0.771875 0.809375 0.770312 0.809375 0.765625 0.804688 0.765625 0.803125 0.760938 0.798438 0.760938 0.796875 0.757812 0.793750 0.753125 0.793750 0.753125 0.753125 0.757812 0.753125 0.760938 0.750000 0.760938 0.748437 0.764062 0.745313 0.764062 0.743750 0.765625 0.742188 0.765625 0.740625 0.770312 0.735938 0.770312 0.734375 0.785937 0.718750 0.787500 0.718750 0.792188 0.714063 0.792188 0.709375
0 0.595313 0.534375 0.595313 0.539062 0.601562 0.545312 0.607812 0.545312 0.607812 0.581250 0.603125 0.581250 0.598437 0.585938 0.598437 0.587500 0.585938 0.600000 0.584375 0.600000 0.582812 0.601562 0.581250 0.601562 0.578125 0.604688 0.576562 0.604688 0.575000 0.606250 0.571875 0.606250 0.570312 0.607812 0.567187 0.607812 0.565625 0.609375 0.565625 0.614062 0.546875 0.614062 0.546875 0.609375 0.545312 0.607812 0.543750 0.607812 0.542188 0.606250 0.539062 0.606250 0.535937 0.603125 0.534375 0.603125 0.529687 0.598437 0.529687 0.596875 0.526563 0.593750 0.521875 0.593750 0.521875 0.570312 0.526563 0.570312 0.529687 0.567187 0.529687 0.564063 0.531250 0.562500 0.531250 0.560937 0.532813 0.559375 0.532813 0.557813 0.535937 0.554688 0.535937 0.553125 0.540625 0.548438 0.542188 0.548438 0.545312 0.545312 0.546875 0.545312 0.548438 0.543750 0.550000 0.543750 0.551562 0.542188 0.553125 0.542188 0.556250 0.539062 0.556250 0.534375
0 0.570312 0.065625 0.570312 0.070312 0.575000 0.075000 0.576562 0.075000 0.585938 0.084375 0.585938 0.085938 0.590625 0.090625 0.595313 0.090625 0.595313 0.137500 0.590625 0.137500 0.584375 0.143750 0.584375 0.145313 0.576562 0.153125 0.576562 0.157812 0.529687 0.157812 0.529687 0.153125 0.526563 0.150000 0.525000 0.150000 0.515625 0.140625 0.515625 0.139063 0.510938 0.134375 0.510938 0.132812 0.507812 0.129688 0.503125 0.129688 0.503125 0.095312 0.507812 0.095312 0.510938 0.092188 0.510938 0.090625 0.512500 0.089063 0.512500 0.087500 0.515625 0.084375 0.515625 0.082812 0.521875 0.076563 0.523438 0.076563 0.526563 0.073438 0.528125 0.073438 0.531250 0.070312 0.531250 0.065625
0 0.239063 0.715625 0.239063 0.720313 0.240625 0.721875 0.240625 0.723437 0.245312 0.728125 0.245312 0.729688 0.248438 0.732812 0.248438 0.734375 0.250000 0.735938 0.250000 0.737500 0.251563 0.739062 0.251563 0.742188 0.253125 0.743750 0.253125 0.746875 0.254688 0.748437 0.254688 0.753125 0.256250 0.754687 0.256250 0.764062 0.257812 0.765625 0.257812 0.768750 0.259375 0.770312 0.264062 0.770312 0.264062 0.798438 0.257812 0.798438 0.254688 0.801562 0.253125 0.801562 0.251563 0.803125 0.250000 0.803125 0.246875 0.806250 0.245312 0.806250 0.243750 0.807813 0.242188 0.807813 0.231250 0.818750 0.231250 0.820312 0.226562 0.825000 0.226562 0.826562 0.225000 0.828125 0.225000 0.832812 0.200000 0.832812 0.200000 0.828125 0.193750 0.821875 0.192188 0.821875 0.189062 0.818750 0.187500 0.818750 0.185938 0.817187 0.184375 0.817187 0.182812 0.815625 0.179688 0.815625 0.178125 0.814063 0.175000 0.814063 0.173437 0.812500 0.171875 0.812500 0.167187 0.807813 0.165625 0.807813 0.162500 0.804688 0.162500 0.803125 0.157812 0.798438 0.153125 0.798438 0.153125 0.773438 0.157812 0.773438 0.160938 0.770312 0.160938 0.768750 0.164062 0.765625 0.164062 0.764062 0.170313 0.757812 0.170313 0.756250 0.175000 0.751563 0.175000 0.750000 0.179688 0.745313 0.179688 0.743750 0.182812 0.740625 0.182812 0.739062 0.185938 0.735938 0.185938 0.734375 0.192188 0.728125 0.193750 0.728125 0.195312 0.726562 0.196875 0.726562 0.198437 0.725000 0.201563 0.725000 0.203125 0.723437 0.207813 0.723437 0.210938 0.720313 0.210938 0.715625
0 0.781250 0.553125 0.781250 0.557813 0.787500 0.564063 0.789062 0.564063 0.795312 0.570312 0.795312 0.571875 0.803125 0.579688 0.807813 0.579688 0.807813 0.620313 0.801562 0.620313 0.800000 0.621875 0.800000 0.623437 0.795312 0.628125 0.793750 0.628125 0.787500 0.634375 0.787500 0.639062 0.734375 0.639062 0.734375 0.632812 0.732812 0.631250 0.731250 0.631250 0.726562 0.626563 0.721875 0.626563 0.721875 0.589063 0.726562 0.589063 0.729688 0.585938 0.729688 0.584375 0.731250 0.582812 0.731250 0.581250 0.734375 0.578125 0.734375 0.576562 0.737500 0.573438 0.737500 0.571875 0.742188 0.567187 0.742188 0.565625 0.750000 0.557813 0.750000 0.553125
0 0.504687 0.365625 0.504687 0.370312 0.507812 0.373437 0.509375 0.373437 0.517188 0.381250 0.517188 0.382812 0.520312 0.385937 0.520312 0.387500 0.523438 0.390625 0.523438 0.392188 0.528125 0.396875 0.532813 0.396875 0.532813 0.418750 0.526563 0.418750 0.523438 0.421875 0.523438 0.426563 0.459375 0.426563 0.459375 0.421875 0.456250 0.418750 0.454688 0.418750 0.451562 0.415625 0.446875 0.415625 0.446875 0.379688 0.451562 0.379688 0.454688 0.376563 0.454688 0.375000 0.459375 0.370312 0.459375 0.365625
0 0.373437 0.603125 0.373437 0.607812 0.375000 0.609375 0.376563 0.609375 0.378125 0.610938 0.381250 0.610938 0.382812 0.612500 0.385937 0.612500 0.387500 0.614062 0.390625 0.614062 0.392188 0.615625 0.393750 0.615625 0.395313 0.617188 0.396875 0.617188 0.400000 0.620313 0.401562 0.620313 0.406250 0.625000 0.406250 0.626563 0.410938 0.631250 0.410938 0.632812 0.414062 0.635938 0.414062 0.637500 0.418750 0.642188 0.418750 0.643750 0.423438 0.648438 0.425000 0.648438 0.428125 0.651563 0.432812 0.651563 0.432812 0.664062 0.428125 0.664062 0.425000 0.667188 0.423438 0.667188 0.418750 0.671875 0.417187 0.671875 0.414062 0.675000 0.412500 0.675000 0.409375 0.678125 0.409375 0.682813 0.367188 0.682813 0.367188 0.678125 0.364063 0.675000 0.362500 0.675000 0.360938 0.673438 0.359375 0.673438 0.351562 0.665625 0.351562 0.664062 0.350000 0.662500 0.350000 0.659375 0.348438 0.657813 0.348438 0.656250 0.346875 0.654687 0.346875 0.653125 0.343750 0.650000 0.343750 0.648438 0.342187 0.646875 0.342187 0.645312 0.339062 0.642188 0.334375 0.642188 0.334375 0.625000 0.339062 0.625000 0.340625 0.623437 0.340625 0.621875 0.342187 0.620313 0.342187 0.618750 0.343750 0.617188 0.343750 0.615625 0.345313 0.614062 0.345313 0.612500 0.348438 0.609375 0.348438 0.603125
0 0.867188 0.290625 0.867188 0.295312 0.870313 0.298438 0.871875 0.298438 0.890625 0.317188 0.892188 0.317188 0.893750 0.318750 0.893750 0.320312 0.895312 0.321875 0.896875 0.321875 0.903125 0.328125 0.904687 0.328125 0.909375 0.332813 0.914062 0.332813 0.914062 0.370312 0.909375 0.370312 0.906250 0.373437 0.906250 0.376563 0.904687 0.378125 0.904687 0.379688 0.903125 0.381250 0.903125 0.382812 0.900000 0.385937 0.900000 0.387500 0.890625 0.396875 0.890625 0.401562 0.845313 0.401562 0.845313 0.396875 0.840625 0.392188 0.839063 0.392188 0.835938 0.389062 0.834375 0.389062 0.829688 0.384375 0.829688 0.382812 0.826562 0.379688 0.826562 0.378125 0.825000 0.376563 0.825000 0.375000 0.820312 0.370312 0.815625 0.370312 0.815625 0.318750 0.820312 0.318750 0.823438 0.315625 0.823438 0.314063 0.826562 0.310937 0.826562 0.309375 0.828125 0.307812 0.828125 0.306250 0.831250 0.303125 0.831250 0.301563 0.837500 0.295312 0.837500 0.290625
0 0.787500 0.390625 0.787500 0.395313 0.792188 0.400000 0.792188 0.401562 0.796875 0.406250 0.798438 0.406250 0.812500 0.420312 0.814063 0.420312 0.815625 0.421875 0.817187 0.421875 0.821875 0.426563 0.826562 0.426563 0.826562 0.473438 0.821875 0.473438 0.818750 0.476562 0.818750 0.478125 0.817187 0.479687 0.817187 0.481250 0.815625 0.482812 0.815625 0.484375 0.812500 0.487500 0.812500 0.489063 0.807813 0.493750 0.807813 0.495312 0.796875 0.506250 0.796875 0.507812 0.790625 0.514062 0.790625 0.520312 0.768750 0.520312 0.768750 0.514062 0.762500 0.507812 0.762500 0.506250 0.759375 0.503125 0.759375 0.501563 0.757812 0.500000 0.757812 0.496875 0.756250 0.495312 0.756250 0.492188 0.754687 0.490625 0.754687 0.487500 0.751563 0.484375 0.746875 0.484375 0.746875 0.410938 0.751563 0.410938 0.757812 0.404687 0.757812 0.403125 0.760938 0.400000 0.762500 0.400000 0.767188 0.395313 0.767188 0.390625
0 0.521875 0.634375 0.521875 0.639062 0.525000 0.642188 0.528125 0.642188 0.529687 0.643750 0.531250 0.643750 0.532813 0.645312 0.539062 0.645312 0.539062 0.684375 0.534375 0.684375 0.532813 0.685937 0.531250 0.685937 0.529687 0.687500 0.528125 0.687500 0.523438 0.692187 0.521875 0.692187 0.517188 0.696875 0.517188 0.701562 0.467187 0.701562 0.467187 0.696875 0.464062 0.693750 0.462500 0.693750 0.460938 0.692187 0.459375 0.692187 0.457813 0.690625 0.456250 0.690625 0.454688 0.689063 0.453125 0.689063 0.445312 0.681250 0.440625 0.681250 0.440625 0.650000 0.446875 0.650000 0.457813 0.639062 0.457813 0.634375
0 0.339062 0.103125 0.339062 0.109375 0.342187 0.112500 0.343750 0.112500 0.343750 0.114062 0.345313 0.115625 0.346875 0.115625 0.353125 0.121875 0.353125 0.123438 0.356250 0.126562 0.356250 0.128125 0.359375 0.131250 0.364063 0.131250 0.364063 0.165625 0.357812 0.165625 0.356250 0.167187 0.356250 0.168750 0.354687 0.170313 0.354687 0.171875 0.353125 0.173437 0.353125 0.175000 0.350000 0.178125 0.350000 0.179688 0.346875 0.182812 0.346875 0.184375 0.342187 0.189062 0.342187 0.190625 0.340625 0.192188 0.339062 0.192188 0.334375 0.196875 0.334375 0.201563 0.300000 0.201563 0.300000 0.196875 0.298438 0.195312 0.296875 0.195312 0.295312 0.193750 0.293750 0.193750 0.292187 0.192188 0.290625 0.192188 0.287500 0.189062 0.285938 0.189062 0.284375 0.187500 0.282813 0.187500 0.273438 0.178125 0.273438 0.176563 0.270313 0.173437 0.265625 0.173437 0.265625 0.142187 0.270313 0.142187 0.271875 0.140625 0.271875 0.139063 0.273438 0.137500 0.273438 0.132812 0.275000 0.131250 0.275000 0.129688 0.276562 0.128125 0.276562 0.126562 0.281250 0.121875 0.281250 0.120313 0.284375 0.117188 0.285938 0.117188 0.290625 0.112500 0.292187 0.112500 0.293750 0.110937 0.295312 0.110937 0.298438 0.107813 0.298438 0.103125
0 0.723437 0.653125 0.723437 0.657813 0.725000 0.659375 0.725000 0.660937 0.728125 0.664062 0.728125 0.665625 0.729688 0.667188 0.729688 0.668750 0.731250 0.670312 0.731250 0.671875 0.732812 0.673438 0.732812 0.675000 0.734375 0.676562 0.739062 0.676562 0.739062 0.712500 0.734375 0.712500 0.732812 0.714063 0.732812 0.718750 0.731250 0.720313 0.731250 0.734375 0.729688 0.735938 0.729688 0.739062 0.728125 0.740625 0.728125 0.743750 0.726562 0.745313 0.726562 0.746875 0.720313 0.753125 0.720313 0.757812 0.685937 0.757812 0.685937 0.753125 0.684375 0.751563 0.682813 0.751563 0.681250 0.750000 0.675000 0.750000 0.673438 0.748437 0.670312 0.748437 0.668750 0.746875 0.665625 0.746875 0.664062 0.745313 0.662500 0.745313 0.660937 0.743750 0.659375 0.743750 0.657813 0.742188 0.656250 0.742188 0.653125 0.739062 0.651563 0.739062 0.650000 0.737500 0.648438 0.737500 0.645312 0.734375 0.643750 0.734375 0.642188 0.732812 0.642188 0.731250 0.639062 0.728125 0.634375 0.728125 0.634375 0.712500 0.639062 0.712500 0.642188 0.709375 0.642188 0.706250 0.643750 0.704688 0.643750 0.703125 0.645312 0.701562 0.645312 0.700000 0.646875 0.698438 0.646875 0.696875 0.648438 0.695312 0.648438 0.693750 0.650000 0.692187 0.650000 0.690625 0.651563 0.689063 0.651563 0.687500 0.653125 0.685937 0.653125 0.684375 0.660937 0.676562 0.662500 0.676562 0.665625 0.673438 0.667188 0.673438 0.668750 0.671875 0.670312 0.671875 0.671875 0.670312 0.673438 0.670312 0.675000 0.668750 0.676562 0.668750 0.678125 0.667188 0.681250 0.667188 0.682813 0.665625 0.685937 0.665625 0.687500 0.664062 0.690625 0.664062 0.692187 0.662500 0.695312 0.662500 0.696875 0.660937 0.698438 0.660937 0.700000 0.659375 0.700000 0.653125
0 0.571875 0.171875 0.571875 0.176563 0.575000 0.179688 0.576562 0.179688 0.579688 0.182812 0.581250 0.182812 0.582812 0.184375 0.582812 0.185938 0.587500 0.190625 0.587500 0.192188 0.590625 0.195312 0.590625 0.196875 0.592187 0.198437 0.592187 0.200000 0.593750 0.201563 0.593750 0.203125 0.595313 0.204687 0.595313 0.206250 0.596875 0.207813 0.601562 0.207813 0.601562 0.270313 0.596875 0.270313 0.595313 0.271875 0.595313 0.276562 0.567187 0.276562 0.567187 0.271875 0.564063 0.268750 0.562500 0.268750 0.560937 0.267188 0.559375 0.267188 0.557813 0.265625 0.554688 0.265625 0.553125 0.264062 0.551562 0.264062 0.550000 0.262500 0.543750 0.262500 0.542188 0.260937 0.535937 0.260937 0.534375 0.259375 0.526563 0.259375 0.525000 0.257812 0.514062 0.257812 0.512500 0.256250 0.509375 0.256250 0.507812 0.254688 0.503125 0.254688 0.503125 0.214062 0.507812 0.214062 0.510938 0.210938 0.510938 0.206250 0.512500 0.204687 0.512500 0.201563 0.514062 0.200000 0.514062 0.196875 0.515625 0.195312 0.515625 0.193750 0.517188 0.192188 0.517188 0.190625 0.520312 0.187500 0.520312 0.185938 0.523438 0.182812 0.525000 0.182812 0.528125 0.179688 0.531250 0.179688 0.532813 0.178125 0.534375 0.178125 0.535937 0.176563 0.535937 0.171875
0 0.237500 0.171875 0.237500 0.176563 0.246875 0.185938 0.246875 0.187500 0.250000 0.190625 0.250000 0.192188 0.251563 0.193750 0.257812 0.193750 0.257812 0.254688 0.251563 0.254688 0.248438 0.257812 0.248438 0.259375 0.246875 0.260937 0.245312 0.260937 0.240625 0.265625 0.239063 0.265625 0.235937 0.268750 0.234375 0.268750 0.231250 0.271875 0.231250 0.276562 0.165625 0.276562 0.165625 0.271875 0.164062 0.270313 0.159375 0.270313 0.159375 0.217188 0.164062 0.217188 0.167187 0.214062 0.167187 0.212500 0.168750 0.210938 0.168750 0.209375 0.171875 0.206250 0.171875 0.204687 0.173437 0.203125 0.173437 0.201563 0.187500 0.187500 0.189062 0.187500 0.192188 0.184375 0.193750 0.184375 0.198437 0.179688 0.200000 0.179688 0.203125 0.176563 0.203125 0.171875
0 0.120313 0.459375 0.120313 0.464062 0.131250 0.475000 0.131250 0.476562 0.135937 0.481250 0.135937 0.482812 0.137500 0.484375 0.137500 0.485938 0.140625 0.489063 0.145313 0.489063 0.145313 0.553125 0.140625 0.553125 0.137500 0.556250 0.137500 0.557813 0.134375 0.560937 0.134375 0.562500 0.129688 0.567187 0.129688 0.568750 0.120313 0.578125 0.120313 0.582812 0.106250 0.582812 0.106250 0.578125 0.104688 0.576562 0.103125 0.576562 0.100000 0.573438 0.098437 0.573438 0.095312 0.570312 0.093750 0.570312 0.090625 0.567187 0.089063 0.567187 0.085938 0.564063 0.084375 0.564063 0.078125 0.557813 0.076563 0.557813 0.064062 0.545312 0.059375 0.545312 0.059375 0.507812 0.064062 0.507812 0.067187 0.504687 0.067187 0.503125 0.070312 0.500000 0.070312 0.498437 0.073438 0.495312 0.073438 0.493750 0.079687 0.487500 0.079687 0.485938 0.085938 0.479687 0.085938 0.478125 0.100000 0.464062 0.100000 0.459375
0 0.695312 0.403125 0.695312 0.407813 0.700000 0.412500 0.701562 0.412500 0.712500 0.423438 0.712500 0.425000 0.714063 0.426563 0.720313 0.426563 0.720313 0.478125 0.714063 0.478125 0.712500 0.479687 0.712500 0.481250 0.709375 0.484375 0.709375 0.485938 0.698438 0.496875 0.698438 0.501563 0.676562 0.501563 0.676562 0.496875 0.673438 0.493750 0.671875 0.493750 0.668750 0.490625 0.667188 0.490625 0.664062 0.487500 0.662500 0.487500 0.656250 0.481250 0.654687 0.481250 0.654687 0.479687 0.653125 0.478125 0.646875 0.478125 0.646875 0.435937 0.651563 0.435937 0.654687 0.432812 0.654687 0.431250 0.656250 0.429688 0.656250 0.428125 0.657813 0.426563 0.657813 0.425000 0.659375 0.423438 0.659375 0.421875 0.662500 0.418750 0.662500 0.417187 0.671875 0.407813 0.671875 0.403125
0 0.415625 0.309375 0.415625 0.314063 0.418750 0.317188 0.418750 0.318750 0.421875 0.321875 0.426563 0.321875 0.426563 0.368750 0.418750 0.368750 0.417187 0.370312 0.414062 0.370312 0.412500 0.371875 0.409375 0.371875 0.407813 0.373437 0.406250 0.373437 0.404687 0.375000 0.401562 0.375000 0.400000 0.376563 0.396875 0.376563 0.395313 0.378125 0.393750 0.378125 0.392188 0.379688 0.390625 0.379688 0.389062 0.381250 0.387500 0.381250 0.384375 0.384375 0.384375 0.389062 0.360938 0.389062 0.360938 0.384375 0.357812 0.381250 0.357812 0.379688 0.354687 0.376563 0.354687 0.375000 0.351562 0.371875 0.346875 0.371875 0.346875 0.342187 0.351562 0.342187 0.354687 0.339062 0.354687 0.337500 0.359375 0.332813 0.359375 0.331250 0.364063 0.326562 0.365625 0.326562 0.370312 0.321875 0.371875 0.321875 0.375000 0.318750 0.376563 0.318750 0.378125 0.317188 0.379688 0.317188 0.382812 0.314063 0.382812 0.309375
0 0.478125 0.828125 0.478125 0.834375 0.479687 0.835938 0.481250 0.835938 0.482812 0.837500 0.482812 0.839063 0.489063 0.845313 0.489063 0.846875 0.493750 0.851562 0.493750 0.853125 0.496875 0.856250 0.501563 0.856250 0.501563 0.892188 0.496875 0.892188 0.493750 0.895312 0.493750 0.896875 0.492188 0.898438 0.492188 0.900000 0.487500 0.904687 0.487500 0.906250 0.484375 0.909375 0.482812 0.909375 0.476562 0.915625 0.476562 0.920312 0.431250 0.920312 0.431250 0.914062 0.429688 0.912500 0.428125 0.912500 0.423438 0.907813 0.421875 0.907813 0.421875 0.906250 0.417187 0.901563 0.417187 0.900000 0.414062 0.896875 0.414062 0.895312 0.410938 0.892188 0.410938 0.890625 0.409375 0.889062 0.403125 0.889062 0.403125 0.854688 0.407813 0.854688 0.412500 0.850000 0.412500 0.848437 0.421875 0.839063 0.423438 0.839063 0.429688 0.832812 0.429688 0.828125
0 0.326562 0.790625 0.326562 0.795312 0.329688 0.798438 0.331250 0.798438 0.337500 0.804688 0.339062 0.804688 0.342187 0.807813 0.343750 0.807813 0.354687 0.818750 0.354687 0.820312 0.359375 0.825000 0.364063 0.825000 0.364063 0.873437 0.359375 0.873437 0.354687 0.878125 0.353125 0.878125 0.348438 0.882812 0.346875 0.882812 0.343750 0.885938 0.342187 0.885938 0.340625 0.887500 0.339062 0.887500 0.337500 0.889062 0.335938 0.889062 0.334375 0.890625 0.334375 0.895312 0.301563 0.895312 0.301563 0.890625 0.298438 0.887500 0.296875 0.887500 0.285938 0.876563 0.285938 0.875000 0.282813 0.871875 0.278125 0.871875 0.278125 0.821875 0.282813 0.821875 0.284375 0.820312 0.284375 0.818750 0.285938 0.817187 0.285938 0.815625 0.289062 0.812500 0.289062 0.810937 0.292187 0.807813 0.292187 0.806250 0.303125 0.795312 0.303125 0.790625
0 0.873437 0.578125 0.873437 0.582812 0.875000 0.584375 0.875000 0.585938 0.878125 0.589063 0.878125 0.590625 0.881250 0.593750 0.881250 0.595313 0.887500 0.601562 0.887500 0.603125 0.892188 0.607812 0.892188 0.609375 0.895312 0.612500 0.895312 0.614062 0.906250 0.625000 0.906250 0.626563 0.907813 0.628125 0.914062 0.628125 0.914062 0.646875 0.909375 0.646875 0.906250 0.650000 0.906250 0.653125 0.903125 0.656250 0.903125 0.657813 0.900000 0.660937 0.900000 0.662500 0.898438 0.664062 0.898438 0.665625 0.896875 0.667188 0.896875 0.668750 0.890625 0.675000 0.889062 0.675000 0.885938 0.678125 0.884375 0.678125 0.882812 0.679688 0.879687 0.679688 0.878125 0.681250 0.876563 0.681250 0.875000 0.682813 0.873437 0.682813 0.871875 0.684375 0.871875 0.689063 0.829688 0.689063 0.829688 0.684375 0.821875 0.676562 0.815625 0.676562 0.815625 0.637500 0.820312 0.637500 0.821875 0.635938 0.821875 0.632812 0.823438 0.631250 0.823438 0.626563 0.825000 0.625000 0.825000 0.621875 0.826562 0.620313 0.826562 0.617188 0.828125 0.615625 0.828125 0.612500 0.829688 0.610938 0.829688 0.609375 0.831250 0.607812 0.831250 0.606250 0.832812 0.604688 0.832812 0.603125 0.834375 0.601562 0.834375 0.600000 0.839063 0.595313 0.840625 0.595313 0.843750 0.592187 0.845313 0.592187 0.850000 0.587500 0.851562 0.587500 0.853125 0.585938 0.854688 0.585938 0.857812 0.582812 0.857812 0.578125
0 0.596875 0.409375 0.596875 0.414062 0.600000 0.417187 0.601562 0.417187 0.603125 0.418750 0.604688 0.418750 0.606250 0.420312 0.607812 0.420312 0.609375 0.421875 0.610938 0.421875 0.614062 0.425000 0.615625 0.425000 0.628125 0.437500 0.628125 0.439063 0.631250 0.442188 0.631250 0.443750 0.634375 0.446875 0.639062 0.446875 0.639062 0.478125 0.634375 0.478125 0.631250 0.481250 0.631250 0.482812 0.628125 0.485938 0.628125 0.487500 0.623437 0.492188 0.623437 0.493750 0.614062 0.503125 0.614062 0.507812 0.590625 0.507812 0.590625 0.503125 0.589063 0.501563 0.589063 0.500000 0.582812 0.493750 0.582812 0.492188 0.579688 0.489063 0.579688 0.487500 0.573438 0.481250 0.573438 0.479687 0.570312 0.476562 0.570312 0.475000 0.568750 0.473438 0.568750 0.471875 0.565625 0.468750 0.565625 0.467187 0.564063 0.465625 0.564063 0.464062 0.562500 0.462500 0.562500 0.459375 0.560937 0.457813 0.560937 0.456250 0.557813 0.453125 0.553125 0.453125 0.553125 0.417187 0.559375 0.417187 0.560937 0.415625 0.560937 0.409375
0 0.796875 0.171875 0.796875 0.176563 0.800000 0.179688 0.801562 0.179688 0.803125 0.181250 0.804688 0.181250 0.807813 0.184375 0.809375 0.184375 0.810937 0.185938 0.812500 0.185938 0.817187 0.190625 0.818750 0.190625 0.829688 0.201563 0.829688 0.203125 0.832812 0.206250 0.832812 0.207813 0.837500 0.212500 0.837500 0.214062 0.840625 0.217188 0.845313 0.217188 0.845313 0.240625 0.840625 0.240625 0.837500 0.243750 0.835938 0.243750 0.834375 0.245312 0.832812 0.245312 0.829688 0.248438 0.828125 0.248438 0.826562 0.250000 0.825000 0.250000 0.821875 0.253125 0.820312 0.253125 0.812500 0.260937 0.812500 0.262500 0.803125 0.271875 0.803125 0.276562 0.767188 0.276562 0.767188 0.271875 0.762500 0.267188 0.760938 0.267188 0.756250 0.262500 0.756250 0.260937 0.751563 0.256250 0.746875 0.256250 0.746875 0.215625 0.751563 0.215625 0.757812 0.209375 0.757812 0.207813 0.759375 0.206250 0.759375 0.204687 0.760938 0.203125 0.760938 0.201563 0.762500 0.200000 0.762500 0.198437 0.764062 0.196875 0.764062 0.195312 0.765625 0.193750 0.765625 0.192188 0.767188 0.190625 0.767188 0.189062 0.768750 0.187500 0.768750 0.185938 0.770312 0.184375 0.770312 0.182812 0.773438 0.179688 0.773438 0.178125 0.775000 0.176563 0.775000 0.171875
0 0.321875 0.496875 0.321875 0.501563 0.323437 0.503125 0.323437 0.504687 0.325000 0.506250 0.325000 0.507812 0.326562 0.509375 0.326562 0.510938 0.328125 0.512500 0.328125 0.514062 0.329688 0.515625 0.329688 0.517188 0.331250 0.518750 0.331250 0.520312 0.332813 0.521875 0.332813 0.523438 0.334375 0.525000 0.334375 0.526563 0.337500 0.529687 0.337500 0.531250 0.339062 0.532813 0.339062 0.534375 0.342187 0.537500 0.342187 0.539062 0.343750 0.540625 0.343750 0.542188 0.348438 0.546875 0.348438 0.548438 0.350000 0.550000 0.350000 0.551562 0.353125 0.554688 0.357812 0.554688 0.357812 0.585938 0.353125 0.585938 0.350000 0.589063 0.350000 0.592187 0.348438 0.593750 0.348438 0.595313 0.342187 0.601562 0.342187 0.607812 0.312500 0.607812 0.312500 0.603125 0.310937 0.601562 0.309375 0.601562 0.307812 0.600000 0.306250 0.600000 0.304688 0.598437 0.301563 0.598437 0.298438 0.595313 0.296875 0.595313 0.285938 0.584375 0.285938 0.582812 0.282813 0.579688 0.278125 0.579688 0.278125 0.537500 0.282813 0.537500 0.285938 0.534375 0.285938 0.532813 0.287500 0.531250 0.287500 0.529687 0.290625 0.526563 0.290625 0.525000 0.293750 0.521875 0.293750 0.520312 0.298438 0.515625 0.298438 0.514062 0.310937 0.501563 0.310937 0.496875
0 0.443750 0.721875 0.443750 0.726562 0.445312 0.728125 0.446875 0.728125 0.448437 0.729688 0.451562 0.729688 0.453125 0.731250 0.454688 0.731250 0.456250 0.732812 0.459375 0.732812 0.460938 0.734375 0.462500 0.734375 0.464062 0.735938 0.467187 0.735938 0.468750 0.737500 0.470313 0.737500 0.471875 0.739062 0.473438 0.739062 0.475000 0.740625 0.478125 0.740625 0.479687 0.742188 0.481250 0.742188 0.482812 0.743750 0.485938 0.743750 0.487500 0.745313 0.489063 0.745313 0.490625 0.746875 0.495312 0.746875 0.495312 0.765625 0.489063 0.765625 0.485938 0.768750 0.484375 0.768750 0.478125 0.775000 0.476562 0.775000 0.471875 0.779687 0.471875 0.781250 0.467187 0.785937 0.467187 0.787500 0.457813 0.796875 0.457813 0.801562 0.421875 0.801562 0.421875 0.796875 0.418750 0.793750 0.417187 0.793750 0.407813 0.784375 0.403125 0.784375 0.403125 0.721875
0 0.232813 0.459375 0.232813 0.464062 0.235937 0.467187 0.235937 0.468750 0.239063 0.471875 0.239063 0.473438 0.240625 0.475000 0.240625 0.476562 0.243750 0.479687 0.243750 0.481250 0.245312 0.482812 0.245312 0.484375 0.246875 0.485938 0.251563 0.485938 0.251563 0.545312 0.246875 0.545312 0.243750 0.548438 0.243750 0.550000 0.239063 0.554688 0.239063 0.556250 0.235937 0.559375 0.235937 0.564063 0.209375 0.564063 0.209375 0.559375 0.201563 0.551562 0.200000 0.551562 0.195312 0.546875 0.195312 0.545312 0.189062 0.539062 0.184375 0.539062 0.184375 0.484375 0.189062 0.484375 0.206250 0.467187 0.207813 0.467187 0.210938 0.464062 0.210938 0.459375
0 0.685937 0.509375 0.685937 0.514062 0.689063 0.517188 0.689063 0.518750 0.692187 0.521875 0.692187 0.523438 0.696875 0.528125 0.701562 0.528125 0.701562 0.598437 0.696875 0.598437 0.695312 0.600000 0.695312 0.601562 0.692187 0.604688 0.692187 0.606250 0.689063 0.609375 0.689063 0.610938 0.678125 0.621875 0.678125 0.626563 0.648438 0.626563 0.648438 0.621875 0.646875 0.620313 0.643750 0.620313 0.642188 0.618750 0.640625 0.618750 0.639062 0.617188 0.637500 0.617188 0.632812 0.612500 0.628125 0.612500 0.628125 0.553125 0.632812 0.553125 0.634375 0.551562 0.634375 0.550000 0.635938 0.548438 0.635938 0.546875 0.637500 0.545312 0.637500 0.543750 0.640625 0.540625 0.640625 0.539062 0.645312 0.534375 0.646875 0.534375 0.653125 0.528125 0.654687 0.528125 0.657813 0.525000 0.659375 0.525000 0.662500 0.521875 0.664062 0.521875 0.667188 0.518750 0.668750 0.518750 0.670312 0.517188 0.671875 0.517188 0.675000 0.514062 0.675000 0.509375
0 0.325000 0.671875 0.325000 0.676562 0.328125 0.679688 0.331250 0.679688 0.334375 0.682813 0.335938 0.682813 0.339062 0.685937 0.340625 0.685937 0.342187 0.687500 0.343750 0.687500 0.348438 0.692187 0.350000 0.692187 0.356250 0.698438 0.357812 0.698438 0.375000 0.715625 0.375000 0.717187 0.376563 0.718750 0.382812 0.718750 0.382812 0.750000 0.376563 0.750000 0.367188 0.759375 0.367188 0.764062 0.326562 0.764062 0.326562 0.759375 0.323437 0.756250 0.321875 0.756250 0.318750 0.753125 0.317188 0.753125 0.314063 0.750000 0.312500 0.750000 0.309375 0.746875 0.309375 0.745313 0.303125 0.739062 0.303125 0.737500 0.300000 0.734375 0.300000 0.732812 0.298438 0.731250 0.298438 0.729688 0.296875 0.728125 0.296875 0.726562 0.295312 0.725000 0.290625 0.725000 0.290625 0.687500 0.295312 0.687500 0.298438 0.684375 0.298438 0.681250 0.300000 0.679688 0.300000 0.678125 0.301563 0.676562 0.301563 0.671875
0 0.645312 0.628125 0.645312 0.664062 0.640625 0.664062 0.639062 0.665625 0.639062 0.667188 0.637500 0.668750 0.637500 0.670312 0.635938 0.671875 0.635938 0.673438 0.632812 0.676562 0.632812 0.678125 0.628125 0.682813 0.626563 0.682813 0.621875 0.687500 0.618750 0.687500 0.617188 0.689063 0.614062 0.689063 0.612500 0.690625 0.612500 0.695312 0.585938 0.695312 0.585938 0.690625 0.584375 0.689063 0.582812 0.689063 0.581250 0.687500 0.578125 0.687500 0.567187 0.676562 0.567187 0.675000 0.565625 0.673438 0.559375 0.673438 0.559375 0.640625 0.567187 0.640625 0.570312 0.637500 0.573438 0.637500 0.575000 0.635938 0.579688 0.635938 0.581250 0.634375 0.582812 0.634375 0.584375 0.632812 0.584375 0.628125
0 0.620313 0.715625 0.620313 0.784375 0.615625 0.784375 0.614062 0.785937 0.614062 0.787500 0.612500 0.789062 0.612500 0.790625 0.610938 0.792188 0.610938 0.795312 0.609375 0.796875 0.609375 0.798438 0.607812 0.800000 0.607812 0.801562 0.604688 0.804688 0.598437 0.804688 0.596875 0.806250 0.589063 0.806250 0.587500 0.807813 0.584375 0.807813 0.578125 0.814063 0.578125 0.820312 0.551562 0.820312 0.551562 0.815625 0.543750 0.807813 0.542188 0.807813 0.542188 0.806250 0.537500 0.801562 0.537500 0.800000 0.534375 0.796875 0.534375 0.793750 0.532813 0.792188 0.532813 0.790625 0.531250 0.789062 0.531250 0.785937 0.529687 0.784375 0.529687 0.781250 0.528125 0.779687 0.528125 0.773438 0.526563 0.771875 0.526563 0.767188 0.525000 0.765625 0.525000 0.762500 0.523438 0.760938 0.523438 0.759375 0.512500 0.748437 0.510938 0.748437 0.507812 0.745313 0.503125 0.745313 0.503125 0.728125 0.517188 0.728125 0.518750 0.729688 0.520312 0.729688 0.521875 0.731250 0.523438 0.731250 0.525000 0.732812 0.526563 0.732812 0.528125 0.734375 0.529687 0.734375 0.531250 0.735938 0.537500 0.735938 0.539062 0.737500 0.554688 0.737500 0.556250 0.735938 0.565625 0.735938 0.567187 0.734375 0.570312 0.734375 0.571875 0.732812 0.575000 0.732812 0.576562 0.731250 0.578125 0.731250 0.579688 0.729688 0.582812 0.729688 0.584375 0.728125 0.587500 0.728125 0.589063 0.726562 0.590625 0.726562 0.593750 0.723437 0.595313 0.723437 0.598437 0.720313 0.598437 0.715625
0 0.739062 0.803125 0.739062 0.809375 0.742188 0.812500 0.742188 0.814063 0.743750 0.815625 0.743750 0.817187 0.746875 0.820312 0.751563 0.820312 0.751563 0.856250 0.746875 0.856250 0.743750 0.859375 0.743750 0.862500 0.742188 0.864062 0.742188 0.865625 0.740625 0.867188 0.740625 0.868750 0.739062 0.870313 0.739062 0.871875 0.735938 0.875000 0.735938 0.876563 0.732812 0.879687 0.732812 0.881250 0.723437 0.890625 0.721875 0.890625 0.718750 0.893750 0.717187 0.893750 0.714063 0.896875 0.714063 0.901563 0.668750 0.901563 0.668750 0.896875 0.665625 0.893750 0.664062 0.893750 0.657813 0.887500 0.656250 0.887500 0.654687 0.885938 0.654687 0.884375 0.653125 0.882812 0.646875 0.882812 0.646875 0.831250 0.651563 0.831250 0.654687 0.828125 0.654687 0.826562 0.656250 0.825000 0.656250 0.823438 0.659375 0.820312 0.659375 0.818750 0.664062 0.814063 0.665625 0.814063 0.671875 0.807813 0.671875 0.803125
0 0.446875 0.190625 0.446875 0.195312 0.451562 0.200000 0.453125 0.200000 0.454688 0.201563 0.454688 0.203125 0.459375 0.207813 0.464062 0.207813 0.464062 0.251563 0.459375 0.251563 0.450000 0.260937 0.448437 0.260937 0.443750 0.265625 0.443750 0.270313 0.400000 0.270313 0.400000 0.265625 0.396875 0.262500 0.395313 0.262500 0.390625 0.257812 0.390625 0.256250 0.387500 0.253125 0.387500 0.251563 0.382812 0.246875 0.378125 0.246875 0.378125 0.212500 0.384375 0.212500 0.385937 0.210938 0.385937 0.209375 0.387500 0.207813 0.387500 0.206250 0.395313 0.198437 0.396875 0.198437 0.400000 0.195312 0.400000 0.190625
0 0.545312 0.290625 0.545312 0.296875 0.557813 0.309375 0.557813 0.310937 0.562500 0.315625 0.562500 0.317188 0.564063 0.318750 0.570312 0.318750 0.570312 0.357812 0.504687 0.357812 0.504687 0.353125 0.503125 0.351562 0.501563 0.351562 0.500000 0.350000 0.498437 0.350000 0.496875 0.348438 0.495312 0.348438 0.492188 0.345313 0.490625 0.345313 0.482812 0.337500 0.482812 0.335938 0.479687 0.332813 0.479687 0.331250 0.476562 0.328125 0.471875 0.328125 0.471875 0.290625
0 0.162500 0.603125 0.162500 0.609375 0.164062 0.610938 0.165625 0.610938 0.178125 0.623437 0.178125 0.625000 0.181250 0.628125 0.181250 0.629687 0.184375 0.632812 0.189062 0.632812 0.189062 0.690625 0.184375 0.690625 0.179688 0.695312 0.179688 0.696875 0.176563 0.700000 0.176563 0.701562 0.173437 0.704688 0.173437 0.706250 0.170313 0.709375 0.170313 0.714063 0.137500 0.714063 0.137500 0.709375 0.134375 0.706250 0.132812 0.706250 0.125000 0.698438 0.123438 0.698438 0.121875 0.696875 0.121875 0.695312 0.112500 0.685937 0.112500 0.684375 0.110937 0.682813 0.110937 0.681250 0.107813 0.678125 0.103125 0.678125 0.103125 0.629687 0.107813 0.629687 0.110937 0.626563 0.110937 0.625000 0.114062 0.621875 0.114062 0.620313 0.123438 0.610938 0.125000 0.610938 0.128125 0.607812 0.128125 0.603125
0 0.342187 0.246875 0.342187 0.253125 0.353125 0.264062 0.357812 0.264062 0.357812 0.292187 0.353125 0.292187 0.345313 0.300000 0.345313 0.301563 0.329688 0.317188 0.328125 0.317188 0.326562 0.318750 0.325000 0.318750 0.323437 0.320312 0.321875 0.320312 0.320312 0.321875 0.318750 0.321875 0.317188 0.323437 0.315625 0.323437 0.314063 0.325000 0.310937 0.325000 0.307812 0.328125 0.307812 0.332813 0.279687 0.332813 0.279687 0.326562 0.278125 0.325000 0.271875 0.325000 0.271875 0.292187 0.276562 0.292187 0.279687 0.289062 0.279687 0.287500 0.281250 0.285938 0.281250 0.284375 0.282813 0.282813 0.282813 0.281250 0.285938 0.278125 0.285938 0.276562 0.290625 0.271875 0.290625 0.270313 0.295312 0.265625 0.295312 0.264062 0.304688 0.254688 0.306250 0.254688 0.307812 0.253125 0.307812 0.246875
0 0.748437 0.290625 0.748437 0.295312 0.759375 0.306250 0.759375 0.307812 0.762500 0.310937 0.762500 0.312500 0.765625 0.315625 0.770312 0.315625 0.770312 0.364063 0.764062 0.364063 0.762500 0.365625 0.762500 0.367188 0.759375 0.370312 0.759375 0.376563 0.726562 0.376563 0.726562 0.371875 0.723437 0.368750 0.721875 0.368750 0.714063 0.360938 0.709375 0.360938 0.709375 0.290625
0 0.248438 0.340625 0.248438 0.345313 0.251563 0.348438 0.253125 0.348438 0.254688 0.350000 0.256250 0.350000 0.257812 0.351562 0.259375 0.351562 0.260937 0.353125 0.262500 0.353125 0.265625 0.356250 0.267188 0.356250 0.270313 0.359375 0.276562 0.359375 0.276562 0.400000 0.271875 0.400000 0.268750 0.403125 0.268750 0.404687 0.265625 0.407813 0.265625 0.409375 0.259375 0.415625 0.259375 0.417187 0.248438 0.428125 0.248438 0.432812 0.215625 0.432812 0.215625 0.428125 0.212500 0.425000 0.210938 0.425000 0.209375 0.423438 0.207813 0.423438 0.201563 0.417187 0.200000 0.417187 0.196875 0.414062 0.196875 0.412500 0.189062 0.404687 0.184375 0.404687 0.184375 0.362500 0.189062 0.362500 0.193750 0.357812 0.195312 0.357812 0.203125 0.350000 0.204687 0.350000 0.209375 0.345313 0.209375 0.340625
0 0.575000 0.834375 0.575000 0.839063 0.579688 0.843750 0.581250 0.843750 0.593750 0.856250 0.593750 0.857812 0.595313 0.859375 0.595313 0.860938 0.598437 0.864062 0.598437 0.865625 0.600000 0.867188 0.600000 0.868750 0.601562 0.870313 0.601562 0.871875 0.604688 0.875000 0.604688 0.876563 0.606250 0.878125 0.606250 0.879687 0.609375 0.882812 0.614062 0.882812 0.614062 0.915625 0.609375 0.915625 0.603125 0.921875 0.603125 0.926562 0.559375 0.926562 0.559375 0.921875 0.554688 0.917188 0.553125 0.917188 0.550000 0.914062 0.548438 0.914062 0.535937 0.901563 0.535937 0.900000 0.532813 0.896875 0.532813 0.895312 0.529687 0.892188 0.529687 0.890625 0.526563 0.887500 0.521875 0.887500 0.521875 0.843750 0.528125 0.843750 0.529687 0.842187 0.531250 0.842187 0.534375 0.839063 0.534375 0.834375
0 0.668750 0.221875 0.668750 0.226562 0.681250 0.239063 0.681250 0.240625 0.685937 0.245312 0.685937 0.246875 0.690625 0.251563 0.695312 0.251563 0.695312 0.296875 0.690625 0.296875 0.687500 0.300000 0.687500 0.301563 0.685937 0.303125 0.685937 0.304688 0.678125 0.312500 0.676562 0.312500 0.673438 0.315625 0.673438 0.320312 0.659375 0.320312 0.659375 0.315625 0.653125 0.309375 0.653125 0.307812 0.648438 0.303125 0.648438 0.301563 0.643750 0.296875 0.643750 0.295312 0.635938 0.287500 0.635938 0.285938 0.632812 0.282813 0.632812 0.281250 0.629687 0.278125 0.629687 0.276562 0.626563 0.273438 0.621875 0.273438 0.621875 0.235937 0.626563 0.235937 0.635938 0.226562 0.635938 0.221875
0 0.265625 0.578125 0.265625 0.584375 0.270313 0.589063 0.270313 0.590625 0.275000 0.595313 0.275000 0.596875 0.278125 0.600000 0.278125 0.601562 0.279687 0.603125 0.279687 0.604688 0.281250 0.606250 0.281250 0.607812 0.284375 0.610938 0.289062 0.610938 0.289062 0.650000 0.284375 0.650000 0.275000 0.659375 0.275000 0.664062 0.257812 0.664062 0.257812 0.659375 0.256250 0.657813 0.254688 0.657813 0.253125 0.656250 0.251563 0.656250 0.248438 0.653125 0.246875 0.653125 0.239063 0.645312 0.237500 0.645312 0.228125 0.635938 0.221875 0.635938 0.221875 0.604688 0.226562 0.604688 0.246875 0.584375 0.246875 0.578125
0 0.885938 0.434375 0.885938 0.439063 0.892188 0.445312 0.892188 0.446875 0.896875 0.451562 0.896875 0.453125 0.900000 0.456250 0.900000 0.457813 0.901563 0.459375 0.901563 0.462500 0.906250 0.467187 0.906250 0.468750 0.910937 0.473438 0.910937 0.475000 0.915625 0.479687 0.920312 0.479687 0.920312 0.528125 0.915625 0.528125 0.906250 0.537500 0.904687 0.537500 0.901563 0.540625 0.900000 0.540625 0.898438 0.542188 0.896875 0.542188 0.893750 0.545312 0.892188 0.545312 0.884375 0.553125 0.884375 0.557813 0.860938 0.557813 0.860938 0.551562 0.859375 0.550000 0.859375 0.548438 0.857812 0.546875 0.857812 0.545312 0.854688 0.542188 0.854688 0.540625 0.853125 0.539062 0.853125 0.537500 0.851562 0.535937 0.851562 0.534375 0.850000 0.532813 0.850000 0.531250 0.848437 0.529687 0.848437 0.528125 0.845313 0.525000 0.840625 0.525000 0.840625 0.471875 0.845313 0.471875 0.850000 0.467187 0.850000 0.465625 0.851562 0.464062 0.851562 0.462500 0.853125 0.460938 0.853125 0.459375 0.856250 0.456250 0.856250 0.454688 0.860938 0.450000 0.860938 0.448437 0.864062 0.445312 0.864062 0.443750 0.868750 0.439063 0.868750 0.434375
0 0.345313 0.403125 0.345313 0.434375 0.340625 0.434375 0.334375 0.440625 0.334375 0.442188 0.331250 0.445312 0.331250 0.446875 0.329688 0.448437 0.329688 0.450000 0.310937 0.468750 0.309375 0.468750 0.307812 0.470313 0.307812 0.476562 0.293750 0.476562 0.293750 0.470313 0.285938 0.462500 0.285938 0.460938 0.282813 0.457813 0.278125 0.457813 0.278125 0.421875 0.282813 0.421875 0.285938 0.418750 0.285938 0.417187 0.287500 0.415625 0.287500 0.414062 0.293750 0.407813 0.293750 0.403125
0 0.450000 0.534375 0.450000 0.539062 0.453125 0.542188 0.454688 0.542188 0.456250 0.543750 0.457813 0.543750 0.460938 0.546875 0.462500 0.546875 0.464062 0.548438 0.465625 0.548438 0.471875 0.554688 0.473438 0.554688 0.479687 0.560937 0.481250 0.560937 0.485938 0.565625 0.487500 0.565625 0.489063 0.567187 0.495312 0.567187 0.495312 0.593750 0.490625 0.593750 0.489063 0.595313 0.487500 0.595313 0.485938 0.596875 0.484375 0.596875 0.482812 0.598437 0.481250 0.598437 0.476562 0.603125 0.476562 0.607812 0.425000 0.607812 0.425000 0.603125 0.421875 0.600000 0.420312 0.600000 0.418750 0.598437 0.417187 0.598437 0.414062 0.595313 0.412500 0.595313 0.407813 0.590625 0.403125 0.590625 0.403125 0.534375
0 0.126562 0.290625 0.126562 0.295312 0.134375 0.303125 0.135937 0.303125 0.137500 0.304688 0.140625 0.304688 0.142187 0.306250 0.145313 0.306250 0.146875 0.307812 0.148438 0.307812 0.150000 0.309375 0.151562 0.309375 0.153125 0.310937 0.154688 0.310937 0.154688 0.312500 0.159375 0.317188 0.164062 0.317188 0.164062 0.350000 0.157812 0.350000 0.156250 0.351562 0.156250 0.353125 0.153125 0.356250 0.153125 0.357812 0.150000 0.360938 0.150000 0.362500 0.146875 0.365625 0.146875 0.367188 0.143750 0.370312 0.143750 0.373437 0.142187 0.375000 0.142187 0.376563 0.140625 0.378125 0.140625 0.381250 0.139063 0.382812 0.139063 0.384375 0.137500 0.385937 0.137500 0.389062 0.135937 0.390625 0.135937 0.398438 0.134375 0.400000 0.134375 0.412500 0.135937 0.414062 0.135937 0.420312 0.137500 0.421875 0.137500 0.439063 0.104688 0.439063 0.104688 0.432812 0.101562 0.429688 0.101562 0.426563 0.098437 0.423438 0.098437 0.421875 0.096875 0.420312 0.096875 0.418750 0.095312 0.417187 0.095312 0.414062 0.092188 0.410938 0.092188 0.409375 0.090625 0.407813 0.090625 0.406250 0.089063 0.404687 0.089063 0.403125 0.085938 0.400000 0.085938 0.398438 0.082812 0.395313 0.078125 0.395313 0.078125 0.339062 0.082812 0.339062 0.084375 0.337500 0.084375 0.335938 0.085938 0.334375 0.085938 0.329688 0.087500 0.328125 0.087500 0.323437 0.089063 0.321875 0.089063 0.314063 0.090625 0.312500 0.090625 0.307812 0.092188 0.306250 0.092188 0.304688 0.093750 0.303125 0.093750 0.301563 0.100000 0.295312 0.100000 0.290625
0 0.126562 0.290625 0.126562 0.296875 0.128125 0.298438 0.129688 0.298438 0.134375 0.303125 0.135937 0.303125 0.137500 0.304688 0.140625 0.304688 0.142187 0.306250 0.145313 0.306250 0.146875 0.307812 0.148438 0.307812 0.150000 0.309375 0.151562 0.309375 0.153125 0.310937 0.154688 0.310937 0.154688 0.312500 0.159375 0.317188 0.164062 0.317188 0.164062 0.348438 0.159375 0.348438 0.156250 0.351562 0.156250 0.353125 0.153125 0.356250 0.153125 0.357812 0.150000 0.360938 0.150000 0.362500 0.146875 0.365625 0.146875 0.367188 0.143750 0.370312 0.143750 0.373437 0.142187 0.375000 0.142187 0.376563 0.140625 0.378125 0.140625 0.379688 0.139063 0.381250 0.139063 0.384375 0.137500 0.385937 0.137500 0.389062 0.135937 0.390625 0.135937 0.396875 0.134375 0.398438 0.134375 0.412500 0.135937 0.414062 0.135937 0.420312 0.137500 0.421875 0.137500 0.432812 0.135937 0.434375 0.135937 0.439063 0.104688 0.439063 0.104688 0.432812 0.103125 0.431250 0.103125 0.429688 0.101562 0.428125 0.101562 0.426563 0.100000 0.425000 0.100000 0.423438 0.096875 0.420312 0.096875 0.418750 0.095312 0.417187 0.095312 0.414062 0.093750 0.412500 0.093750 0.410938 0.090625 0.407813 0.090625 0.406250 0.089063 0.404687 0.089063 0.403125 0.087500 0.401562 0.087500 0.400000 0.082812 0.395313 0.078125 0.395313 0.078125 0.339062 0.082812 0.339062 0.084375 0.337500 0.084375 0.335938 0.085938 0.334375 0.085938 0.329688 0.087500 0.328125 0.087500 0.323437 0.089063 0.321875 0.089063 0.315625 0.090625 0.314063 0.090625 0.307812 0.092188 0.306250 0.092188 0.304688 0.093750 0.303125 0.093750 0.301563 0.100000 0.295312 0.100000 0.290625
