0 0.661467 0.698131 0.661806 0.703309 0.666136 0.708271 0.667467 0.708200 0.680462 0.723087 0.680575 0.724814 0.686350 0.731431 0.686463 0.733157 0.690794 0.738119 0.694787 0.737904 0.698285 0.791408 0.694292 0.791624 0.693074 0.793422 0.693187 0.795148 0.691969 0.796945 0.692082 0.798671 0.689646 0.802267 0.689758 0.803993 0.687321 0.807588 0.685991 0.807660 0.683554 0.811255 0.682223 0.811327 0.679788 0.814922 0.680126 0.820100 0.638866 0.822324 0.638527 0.817146 0.632752 0.810529 0.631420 0.810601 0.631308 0.808876 0.626977 0.803912 0.626864 0.802186 0.625420 0.800532 0.625308 0.798807 0.623863 0.797152 0.623750 0.795426 0.622307 0.793772 0.622081 0.790320 0.620637 0.788665 0.620411 0.785213 0.618967 0.783560 0.618854 0.781834 0.617411 0.780179 0.613419 0.780394 0.611049 0.744149 0.615041 0.743933 0.616259 0.742136 0.616146 0.740411 0.617365 0.738613 0.617139 0.735161 0.618358 0.733362 0.618245 0.731637 0.619463 0.729840 0.619350 0.728113 0.620568 0.726315 0.620456 0.724590 0.621673 0.722793 0.621560 0.721066 0.623997 0.717471 0.623884 0.715744 0.626320 0.712150 0.627651 0.712078 0.630088 0.708482 0.631418 0.708410 0.632637 0.706613 0.633967 0.706541 0.635186 0.704744 0.634848 0.699565
0 0.545639 0.274826 0.545977 0.280004 0.548866 0.283313 0.551528 0.283170 0.552971 0.284823 0.554303 0.284752 0.557189 0.288060 0.557302 0.289787 0.558746 0.291440 0.558859 0.293166 0.560303 0.294821 0.560415 0.296546 0.561860 0.298201 0.562198 0.303379 0.563642 0.305033 0.563868 0.308485 0.565311 0.310138 0.565424 0.311865 0.566869 0.313519 0.570861 0.313303 0.574020 0.361630 0.570028 0.361846 0.566373 0.367239 0.566486 0.368966 0.561613 0.376156 0.562065 0.383059 0.518143 0.385427 0.517805 0.380249 0.514917 0.376941 0.513586 0.377013 0.512141 0.375359 0.510811 0.375431 0.503592 0.367159 0.503479 0.365432 0.499148 0.360470 0.495154 0.360685 0.490979 0.296824 0.494973 0.296609 0.503499 0.284026 0.503048 0.277122
0 0.366479 0.353764 0.366930 0.360668 0.368374 0.362323 0.369704 0.362251 0.371149 0.363905 0.371261 0.365631 0.375593 0.370593 0.375706 0.372319 0.378593 0.375627 0.378706 0.377354 0.380150 0.379009 0.380263 0.380734 0.381707 0.382389 0.381820 0.384114 0.383263 0.385768 0.383376 0.387494 0.384819 0.389148 0.385045 0.392600 0.386489 0.394255 0.386602 0.395981 0.388046 0.397635 0.388158 0.399361 0.389603 0.401015 0.389715 0.402742 0.391160 0.404395 0.395152 0.404180 0.397409 0.438699 0.393416 0.438915 0.389761 0.444307 0.389874 0.446034 0.386220 0.451427 0.386333 0.453153 0.380242 0.462141 0.378912 0.462212 0.375257 0.467606 0.373926 0.467678 0.371489 0.471273 0.370159 0.471345 0.368941 0.473143 0.367609 0.473215 0.366391 0.475012 0.365060 0.475084 0.362624 0.478679 0.361293 0.478751 0.360075 0.480548 0.358744 0.480620 0.357526 0.482418 0.356195 0.482490 0.353759 0.486085 0.354097 0.491263 0.338125 0.492123 0.337786 0.486946 0.334900 0.483637 0.333568 0.483709 0.332124 0.482054 0.330793 0.482126 0.329350 0.480472 0.328019 0.480544 0.326575 0.478889 0.325244 0.478961 0.313693 0.465727 0.309700 0.465943 0.305977 0.408986 0.309970 0.408771 0.311189 0.406974 0.311076 0.405247 0.312293 0.403450 0.312068 0.399998 0.313285 0.398200 0.313173 0.396474 0.314391 0.394676 0.314278 0.392950 0.315497 0.391153 0.315384 0.389426 0.316602 0.387629 0.316489 0.385904 0.317707 0.384106 0.317594 0.382380 0.318812 0.380582 0.318700 0.378855 0.323572 0.371666 0.324903 0.371594 0.326121 0.369796 0.327453 0.369724 0.329888 0.366129 0.332550 0.365985 0.333769 0.364188 0.335100 0.364116 0.336318 0.362318 0.337648 0.362246 0.338867 0.360448 0.338528 0.355271
0 0.486777 0.007800 0.487115 0.012977 0.490003 0.016287 0.491334 0.016215 0.492778 0.017869 0.494109 0.017797 0.496996 0.021105 0.498327 0.021034 0.502658 0.025996 0.503990 0.025924 0.516984 0.040813 0.520977 0.040597 0.524136 0.088924 0.520143 0.089140 0.511616 0.101723 0.510286 0.101795 0.509067 0.103593 0.507736 0.103665 0.506518 0.105462 0.503856 0.105605 0.502638 0.107404 0.499977 0.107547 0.498758 0.109345 0.497428 0.109417 0.496209 0.111214 0.496548 0.116393 0.468597 0.117899 0.468258 0.112721 0.465371 0.109412 0.462709 0.109556 0.458378 0.104592 0.457047 0.104664 0.455603 0.103010 0.455490 0.101285 0.451158 0.096322 0.451045 0.094596 0.449602 0.092942 0.449489 0.091216 0.446602 0.087908 0.446489 0.086181 0.443601 0.082873 0.439608 0.083088 0.438141 0.060651 0.442134 0.060436 0.443353 0.058637 0.443240 0.056912 0.444458 0.055114 0.444345 0.053388 0.445562 0.051590 0.445337 0.048138 0.446555 0.046340 0.446443 0.044615 0.447660 0.042817 0.447547 0.041091 0.448766 0.039294 0.448653 0.037567 0.451089 0.033972 0.450977 0.032245 0.458285 0.021460 0.459616 0.021389 0.464489 0.014197 0.464151 0.009019
0 0.372439 0.526647 0.372890 0.533551 0.374333 0.535206 0.375664 0.535134 0.379996 0.540097 0.380109 0.541823 0.385884 0.548439 0.385997 0.550165 0.388884 0.553474 0.388997 0.555199 0.390441 0.556854 0.390553 0.558579 0.393442 0.561889 0.393555 0.563614 0.396441 0.566923 0.400435 0.566708 0.403481 0.613309 0.399488 0.613524 0.397053 0.617119 0.397165 0.618845 0.394728 0.622441 0.394841 0.624166 0.392406 0.627761 0.391074 0.627833 0.388638 0.631430 0.387307 0.631501 0.386089 0.633299 0.384758 0.633370 0.383540 0.635167 0.382208 0.635239 0.380991 0.637037 0.381329 0.642215 0.357372 0.643506 0.357033 0.638329 0.355589 0.636674 0.354258 0.636746 0.352815 0.635092 0.351484 0.635164 0.350039 0.633510 0.347378 0.633653 0.345934 0.631999 0.344604 0.632070 0.343159 0.630416 0.341828 0.630487 0.340385 0.628834 0.339054 0.628905 0.331834 0.620634 0.331722 0.618908 0.330278 0.617255 0.324954 0.617541 0.321457 0.564036 0.325449 0.563821 0.327885 0.560226 0.327772 0.558499 0.344826 0.533331 0.344488 0.528154
0 0.600508 0.542068 0.600847 0.547245 0.603735 0.550555 0.605066 0.550483 0.622392 0.570333 0.622504 0.572059 0.626836 0.577022 0.630829 0.576806 0.634101 0.626860 0.630108 0.627075 0.627672 0.630670 0.627785 0.632397 0.625349 0.635992 0.625462 0.637718 0.621807 0.643111 0.621920 0.644837 0.614611 0.655623 0.613280 0.655695 0.610843 0.659290 0.611182 0.664467 0.577908 0.666261 0.577569 0.661083 0.566019 0.647850 0.564687 0.647921 0.561801 0.644613 0.561688 0.642886 0.554468 0.634616 0.550476 0.634831 0.546639 0.576148 0.550632 0.575933 0.554287 0.570540 0.555617 0.570469 0.559271 0.565075 0.560603 0.565003 0.561820 0.563205 0.563152 0.563133 0.565588 0.559539 0.566920 0.559467 0.568137 0.557669 0.569469 0.557597 0.570686 0.555799 0.572018 0.555727 0.574453 0.552133 0.577115 0.551990 0.579552 0.548393 0.579214 0.543216
0 0.302744 0.093928 0.303082 0.099107 0.304526 0.100761 0.305857 0.100689 0.307300 0.102344 0.309963 0.102200 0.311407 0.103854 0.312737 0.103782 0.314181 0.105436 0.315512 0.105364 0.318400 0.108674 0.319731 0.108602 0.325506 0.115218 0.325619 0.116944 0.329951 0.121906 0.333943 0.121691 0.337215 0.171745 0.331892 0.172032 0.324583 0.182818 0.323252 0.182889 0.319597 0.188283 0.318266 0.188355 0.313394 0.195546 0.312063 0.195617 0.308409 0.201010 0.305746 0.201153 0.304528 0.202951 0.303198 0.203022 0.301979 0.204821 0.302318 0.209998 0.289008 0.210715 0.288670 0.205538 0.287225 0.203883 0.285895 0.203955 0.283007 0.200647 0.281677 0.200719 0.277345 0.195756 0.277232 0.194029 0.271457 0.187413 0.271344 0.185687 0.265569 0.179070 0.265456 0.177344 0.262568 0.174036 0.262455 0.172310 0.261012 0.170655 0.260899 0.168930 0.259455 0.167276 0.259342 0.165549 0.256455 0.162241 0.252462 0.162456 0.249190 0.112404 0.253182 0.112189 0.258055 0.104998 0.257942 0.103271 0.259160 0.101474 0.258821 0.096296
0 0.701663 0.536616 0.702002 0.541794 0.703445 0.543448 0.704776 0.543377 0.706220 0.545031 0.707550 0.544960 0.708995 0.546613 0.711657 0.546470 0.713100 0.548124 0.715763 0.547980 0.717206 0.549635 0.718537 0.549563 0.719981 0.551218 0.722643 0.551074 0.724087 0.552728 0.725418 0.552656 0.728305 0.555965 0.729637 0.555893 0.735411 0.562510 0.735524 0.564235 0.736968 0.565890 0.737081 0.567617 0.738525 0.569270 0.738638 0.570996 0.740081 0.572651 0.740194 0.574376 0.741638 0.576031 0.741863 0.579483 0.744752 0.582791 0.748744 0.582576 0.751339 0.622273 0.747347 0.622488 0.744910 0.626084 0.745023 0.627810 0.742587 0.631405 0.742700 0.633131 0.737827 0.640321 0.736496 0.640393 0.734060 0.643988 0.732728 0.644060 0.731511 0.645858 0.730180 0.645930 0.728962 0.647728 0.727630 0.647800 0.726412 0.649597 0.723750 0.649741 0.721314 0.653336 0.721653 0.658514 0.701688 0.659590 0.701349 0.654412 0.699906 0.652757 0.698574 0.652829 0.697131 0.651175 0.695800 0.651247 0.694356 0.649593 0.693025 0.649665 0.691581 0.648010 0.688919 0.648154 0.687475 0.646499 0.686145 0.646571 0.684701 0.644917 0.683370 0.644989 0.680482 0.641680 0.679152 0.641752 0.674820 0.636789 0.673489 0.636861 0.669158 0.631899 0.669045 0.630173 0.667601 0.628518 0.662277 0.628805 0.658215 0.566671 0.663539 0.566384 0.665975 0.562788 0.665862 0.561063 0.670734 0.553872 0.672066 0.553800 0.679375 0.543013 0.679036 0.537836
0 0.618158 0.852885 0.618496 0.858062 0.622827 0.863026 0.624158 0.862954 0.629934 0.869571 0.631264 0.869499 0.642815 0.882733 0.642928 0.884459 0.644372 0.886113 0.644485 0.887838 0.647372 0.891147 0.651365 0.890932 0.655652 0.956518 0.651660 0.956733 0.649224 0.960329 0.649337 0.962055 0.648118 0.963854 0.648231 0.965579 0.636049 0.983556 0.636388 0.988734 0.611100 0.990097 0.610761 0.984919 0.609317 0.983265 0.607987 0.983337 0.606542 0.981682 0.605211 0.981754 0.603768 0.980100 0.602436 0.980172 0.598105 0.975209 0.597992 0.973483 0.595105 0.970174 0.594992 0.968448 0.592104 0.965140 0.591991 0.963413 0.590547 0.961760 0.590434 0.960033 0.588991 0.958380 0.588878 0.956654 0.587434 0.954999 0.587321 0.953273 0.585878 0.951619 0.585765 0.949894 0.584321 0.948239 0.584208 0.946514 0.582765 0.944859 0.582652 0.943132 0.579764 0.939825 0.575771 0.940040 0.572950 0.896890 0.576943 0.896675 0.578162 0.894877 0.578049 0.893152 0.579267 0.891353 0.579154 0.889628 0.581590 0.886033 0.581477 0.884306 0.586350 0.877116 0.587681 0.877044 0.591335 0.871651 0.592667 0.871579 0.598757 0.862591 0.600088 0.862520 0.601306 0.860721 0.600855 0.853817
0 0.815628 0.481977 0.816080 0.488881 0.826187 0.500460 0.826300 0.502186 0.830631 0.507148 0.830743 0.508875 0.833631 0.512183 0.833744 0.513909 0.836632 0.517218 0.840625 0.517003 0.844010 0.568781 0.840017 0.568996 0.837580 0.572592 0.836250 0.572664 0.832596 0.578057 0.831264 0.578128 0.828828 0.581724 0.827497 0.581796 0.826279 0.583593 0.824948 0.583665 0.822511 0.587261 0.821181 0.587333 0.819963 0.589130 0.818632 0.589202 0.816195 0.592797 0.814865 0.592869 0.813646 0.594666 0.812315 0.594738 0.809879 0.598334 0.808548 0.598406 0.807330 0.600203 0.807669 0.605380 0.791696 0.606241 0.791358 0.601064 0.788471 0.597755 0.787140 0.597827 0.784252 0.594519 0.782921 0.594590 0.780034 0.591282 0.778703 0.591354 0.774371 0.586390 0.773040 0.586462 0.770153 0.583155 0.768821 0.583226 0.764490 0.578263 0.763159 0.578335 0.761715 0.576681 0.761602 0.574955 0.760159 0.573300 0.754834 0.573587 0.752239 0.533890 0.756233 0.533675 0.757451 0.531878 0.757338 0.530151 0.758556 0.528353 0.758330 0.524902 0.759548 0.523104 0.759435 0.521379 0.760654 0.519581 0.760541 0.517854 0.762977 0.514260 0.762864 0.512533 0.771391 0.499949 0.772722 0.499877 0.775159 0.496283 0.776489 0.496211 0.777708 0.494413 0.779039 0.494341 0.780257 0.492543 0.781588 0.492471 0.782806 0.490674 0.784136 0.490602 0.785355 0.488804 0.785016 0.483627
0 0.286077 0.268031 0.286416 0.273209 0.289303 0.276517 0.290634 0.276445 0.292077 0.278100 0.293409 0.278028 0.294853 0.279683 0.296183 0.279611 0.309178 0.294499 0.313171 0.294284 0.316781 0.349515 0.312789 0.349730 0.310352 0.353325 0.310465 0.355051 0.309247 0.356849 0.309360 0.358574 0.308142 0.360372 0.308255 0.362098 0.300946 0.372885 0.299615 0.372957 0.295961 0.378349 0.296299 0.383528 0.267018 0.385106 0.266679 0.379928 0.252240 0.363385 0.252127 0.361659 0.246353 0.355043 0.246240 0.353316 0.241908 0.348353 0.237916 0.348568 0.235885 0.317502 0.239877 0.317287 0.241095 0.315489 0.240982 0.313762 0.242201 0.311965 0.241862 0.306788 0.243081 0.304989 0.242968 0.303264 0.244186 0.301466 0.244073 0.299740 0.245291 0.297942 0.245178 0.296216 0.246396 0.294418 0.246284 0.292692 0.247501 0.290895 0.247388 0.289168 0.257133 0.274787 0.256795 0.269609
0 0.227975 0.686853 0.228314 0.692032 0.232645 0.696994 0.233976 0.696922 0.235420 0.698577 0.235533 0.700302 0.242752 0.708574 0.242865 0.710300 0.251528 0.720225 0.255520 0.720010 0.257777 0.754529 0.253784 0.754744 0.252566 0.756542 0.252679 0.758268 0.251460 0.760066 0.251686 0.763517 0.250468 0.765315 0.250694 0.768767 0.249475 0.770564 0.249701 0.774016 0.248483 0.775814 0.248596 0.777541 0.247378 0.779338 0.247491 0.781064 0.246273 0.782862 0.246385 0.784588 0.228113 0.811553 0.228451 0.816731 0.204495 0.818022 0.204156 0.812844 0.201268 0.809536 0.199937 0.809608 0.198493 0.807953 0.197162 0.808025 0.195719 0.806371 0.194388 0.806443 0.192944 0.804789 0.191613 0.804861 0.190170 0.803206 0.188838 0.803278 0.187395 0.801623 0.186063 0.801695 0.183176 0.798387 0.181845 0.798459 0.177513 0.793496 0.176183 0.793568 0.168963 0.785296 0.164970 0.785511 0.161698 0.735459 0.167022 0.735172 0.168240 0.733373 0.168127 0.731648 0.175436 0.720862 0.175323 0.719136 0.185068 0.704754 0.186399 0.704682 0.191272 0.697491 0.192603 0.697420 0.193821 0.695622 0.193369 0.688719
0 0.163406 0.475560 0.163745 0.480738 0.166633 0.484047 0.167964 0.483975 0.169408 0.485629 0.170738 0.485557 0.175070 0.490519 0.176401 0.490447 0.177844 0.492102 0.179176 0.492030 0.183507 0.496994 0.184838 0.496922 0.193501 0.506846 0.198825 0.506559 0.201420 0.546257 0.196096 0.546544 0.194877 0.548341 0.194990 0.550068 0.192555 0.553663 0.192668 0.555389 0.190231 0.558984 0.190343 0.560710 0.187908 0.564306 0.188021 0.566031 0.186802 0.567829 0.186915 0.569555 0.183260 0.574948 0.183373 0.576674 0.180938 0.580270 0.181051 0.581996 0.177396 0.587389 0.176065 0.587461 0.173629 0.591056 0.172298 0.591128 0.171079 0.592925 0.171417 0.598104 0.140806 0.599754 0.140467 0.594575 0.130360 0.582996 0.130247 0.581270 0.124472 0.574653 0.124359 0.572926 0.121472 0.569618 0.121359 0.567892 0.117028 0.562929 0.113035 0.563144 0.110101 0.518270 0.114094 0.518055 0.116530 0.514460 0.116417 0.512733 0.117636 0.510935 0.117523 0.509210 0.118741 0.507411 0.118628 0.505686 0.121064 0.502091 0.120951 0.500365 0.129479 0.487781 0.130809 0.487709 0.132027 0.485912 0.133358 0.485840 0.134577 0.484042 0.135907 0.483970 0.137125 0.482173 0.136787 0.476995
0 0.635012 0.048308 0.635350 0.053485 0.638238 0.056794 0.640901 0.056650 0.642344 0.058305 0.643676 0.058233 0.645119 0.059887 0.646450 0.059815 0.647894 0.061470 0.650556 0.061326 0.651999 0.062981 0.653330 0.062909 0.654774 0.064563 0.656105 0.064491 0.661880 0.071108 0.667204 0.070821 0.672169 0.146764 0.668176 0.146979 0.665739 0.150574 0.665852 0.152301 0.664635 0.154098 0.664747 0.155823 0.661093 0.161217 0.659762 0.161289 0.657326 0.164884 0.657664 0.170063 0.621728 0.171999 0.621390 0.166821 0.618501 0.163513 0.617171 0.163584 0.614283 0.160276 0.612952 0.160348 0.611508 0.158693 0.610178 0.158765 0.602958 0.150494 0.602846 0.148769 0.601401 0.147114 0.601289 0.145388 0.599845 0.143734 0.599620 0.140282 0.596732 0.136973 0.592739 0.137188 0.589693 0.090587 0.593685 0.090372 0.594904 0.088574 0.594791 0.086849 0.596009 0.085051 0.595896 0.083325 0.597114 0.081527 0.597001 0.079802 0.599437 0.076205 0.599324 0.074480 0.612724 0.054705 0.612386 0.049527
0 0.534379 0.123013 0.534717 0.128191 0.546268 0.141426 0.546381 0.143151 0.547824 0.144805 0.547937 0.146531 0.550824 0.149840 0.550937 0.151566 0.553826 0.154873 0.553939 0.156600 0.556826 0.159908 0.560819 0.159693 0.563865 0.206294 0.558541 0.206581 0.556105 0.210177 0.556218 0.211903 0.539164 0.237070 0.537833 0.237142 0.536615 0.238939 0.537066 0.245843 0.521095 0.246704 0.520756 0.241527 0.517868 0.238218 0.516537 0.238290 0.515094 0.236636 0.513762 0.236708 0.512319 0.235053 0.510988 0.235125 0.508101 0.231816 0.506769 0.231888 0.503882 0.228580 0.502550 0.228651 0.489557 0.213764 0.485563 0.213979 0.482404 0.165651 0.486397 0.165436 0.488833 0.161842 0.488721 0.160115 0.489939 0.158317 0.489826 0.156591 0.492263 0.152996 0.492150 0.151271 0.499459 0.140483 0.500789 0.140412 0.504443 0.135019 0.505774 0.134947 0.509428 0.129554 0.509090 0.124376
0 0.477097 0.881272 0.477549 0.888176 0.480436 0.891484 0.481768 0.891413 0.484654 0.894721 0.484767 0.896447 0.493430 0.906372 0.493543 0.908098 0.499319 0.914715 0.499432 0.916442 0.500875 0.918095 0.500988 0.919822 0.503876 0.923129 0.503988 0.924856 0.506876 0.928164 0.506989 0.929890 0.508432 0.931545 0.508545 0.933270 0.511434 0.936580 0.515426 0.936364 0.517796 0.972609 0.513803 0.972824 0.506493 0.983610 0.506606 0.985337 0.500516 0.994325 0.500629 0.996051 0.493320 1.000000 0.491989 1.000000 0.490771 1.000000 0.489440 1.000000 0.487003 1.000000 0.487342 1.000000 0.463385 1.000000 0.463047 1.000000 0.461602 1.000000 0.460271 1.000000 0.458828 1.000000 0.457497 1.000000 0.456053 1.000000 0.454721 1.000000 0.450390 1.000000 0.449060 1.000000 0.438953 0.992447 0.434960 0.992662 0.429657 0.911542 0.433650 0.911326 0.437304 0.905934 0.437192 0.904207 0.439627 0.900612 0.439514 0.898886 0.445605 0.889898 0.445154 0.882994
0 0.634501 0.387816 0.634840 0.392993 0.637727 0.396302 0.639059 0.396230 0.641947 0.399540 0.643277 0.399468 0.654827 0.412701 0.654940 0.414427 0.659271 0.419390 0.663265 0.419175 0.665860 0.458872 0.661867 0.459087 0.659430 0.462682 0.659543 0.464408 0.658325 0.466206 0.658438 0.467933 0.657221 0.469730 0.657333 0.471456 0.654897 0.475051 0.655010 0.476777 0.653791 0.478574 0.653904 0.480301 0.651468 0.483896 0.651581 0.485623 0.650362 0.487420 0.650475 0.489146 0.648040 0.492742 0.648152 0.494467 0.645716 0.498063 0.646055 0.503241 0.607456 0.505321 0.607118 0.500143 0.605674 0.498488 0.604343 0.498560 0.602899 0.496906 0.598906 0.497121 0.591687 0.488851 0.591575 0.487124 0.590130 0.485469 0.590018 0.483744 0.588574 0.482089 0.588461 0.480364 0.587017 0.478709 0.583024 0.478924 0.579977 0.432324 0.583971 0.432109 0.586407 0.428513 0.586294 0.426788 0.587513 0.424989 0.587400 0.423264 0.588617 0.421466 0.588505 0.419740 0.589723 0.417942 0.589610 0.416216 0.590828 0.414419 0.590715 0.412692 0.593151 0.409097 0.593039 0.407371 0.594256 0.405574 0.594144 0.403848 0.599017 0.396657 0.598566 0.389753
0 0.391108 0.158448 0.391446 0.163625 0.394335 0.166935 0.395665 0.166863 0.397109 0.168517 0.398440 0.168445 0.401328 0.171753 0.402659 0.171682 0.409878 0.179952 0.409991 0.181679 0.411434 0.183333 0.411660 0.186784 0.414548 0.190094 0.418541 0.189879 0.422264 0.246835 0.418272 0.247050 0.413399 0.254241 0.413512 0.255967 0.409857 0.261360 0.408527 0.261432 0.406090 0.265027 0.404759 0.265099 0.403540 0.266896 0.403992 0.273801 0.378704 0.275164 0.378365 0.269985 0.375478 0.266677 0.374147 0.266749 0.364040 0.255169 0.363814 0.251717 0.362370 0.250063 0.362257 0.248336 0.360814 0.246683 0.360588 0.243231 0.357701 0.239922 0.353708 0.240138 0.350097 0.184907 0.354090 0.184692 0.365053 0.168513 0.366384 0.168441 0.368820 0.164845 0.368482 0.159667
0 0.285091 0.579852 0.285543 0.586756 0.291318 0.593373 0.291431 0.595099 0.294318 0.598407 0.294431 0.600134 0.295875 0.601788 0.295988 0.603514 0.298876 0.606822 0.298989 0.608549 0.300432 0.610202 0.300545 0.611928 0.303433 0.615237 0.307426 0.615022 0.310021 0.654719 0.306028 0.654934 0.302374 0.660328 0.302486 0.662053 0.291523 0.678233 0.291636 0.679958 0.290418 0.681755 0.289087 0.681827 0.285432 0.687221 0.284101 0.687293 0.281666 0.690888 0.282004 0.696066 0.250061 0.697788 0.249722 0.692610 0.246834 0.689301 0.245503 0.689373 0.239728 0.682756 0.238397 0.682828 0.229734 0.672902 0.229621 0.671176 0.226734 0.667867 0.221410 0.668154 0.218364 0.621554 0.222356 0.621339 0.224793 0.617743 0.224680 0.616017 0.225898 0.614220 0.225785 0.612494 0.227003 0.610696 0.226890 0.608969 0.229327 0.605375 0.229214 0.603648 0.235305 0.594661 0.236635 0.594589 0.239072 0.590992 0.240402 0.590921 0.241621 0.589123 0.242952 0.589052 0.244170 0.587255 0.243831 0.582076
0 0.260949 0.414877 0.261288 0.420056 0.262732 0.421709 0.264063 0.421638 0.265507 0.423292 0.268169 0.423149 0.269613 0.424803 0.270943 0.424731 0.281050 0.436311 0.281163 0.438036 0.284050 0.441345 0.284163 0.443071 0.285607 0.444725 0.290931 0.444438 0.294768 0.503121 0.290775 0.503336 0.287120 0.508730 0.287233 0.510455 0.279924 0.521241 0.278594 0.521313 0.273720 0.528504 0.272390 0.528576 0.271172 0.530373 0.271623 0.537277 0.242341 0.538855 0.242003 0.533677 0.239116 0.530369 0.237784 0.530441 0.236340 0.528786 0.235010 0.528858 0.230679 0.523896 0.229347 0.523967 0.222129 0.515697 0.222016 0.513970 0.216241 0.507353 0.216128 0.505627 0.210352 0.499010 0.210240 0.497284 0.208796 0.495631 0.208683 0.493904 0.207238 0.492250 0.207126 0.490524 0.205682 0.488869 0.205569 0.487144 0.202682 0.483835 0.198688 0.484051 0.196206 0.446079 0.200199 0.445864 0.202636 0.442269 0.202523 0.440543 0.203741 0.438745 0.203628 0.437019 0.212155 0.424435 0.211704 0.417531
0 0.452043 0.293727 0.452381 0.298905 0.465375 0.313793 0.469369 0.313578 0.472867 0.367082 0.468873 0.367297 0.464002 0.374489 0.464114 0.376215 0.459241 0.383406 0.459579 0.388583 0.426306 0.390376 0.425967 0.385199 0.420192 0.378582 0.418861 0.378654 0.407311 0.365420 0.405979 0.365492 0.405867 0.363766 0.404422 0.362111 0.399099 0.362398 0.396504 0.322701 0.400497 0.322485 0.401714 0.320688 0.403046 0.320617 0.405482 0.317021 0.406813 0.316949 0.408031 0.315151 0.409362 0.315079 0.410580 0.313282 0.411912 0.313211 0.413129 0.311413 0.414460 0.311342 0.416897 0.307746 0.418228 0.307675 0.419445 0.305876 0.420777 0.305805 0.421995 0.304006 0.423326 0.303935 0.425762 0.300339 0.425424 0.295162
0 0.798985 0.676863 0.799324 0.682040 0.803655 0.687003 0.804985 0.686932 0.817980 0.701820 0.818093 0.703546 0.819536 0.705199 0.819649 0.706926 0.822538 0.710234 0.826530 0.710019 0.829915 0.761798 0.825923 0.762013 0.824704 0.763811 0.824817 0.765537 0.822381 0.769132 0.822494 0.770859 0.815185 0.781645 0.813853 0.781717 0.811417 0.785311 0.810086 0.785383 0.807650 0.788979 0.806320 0.789051 0.802665 0.794443 0.803003 0.799622 0.781708 0.800770 0.781256 0.793865 0.778369 0.790557 0.777037 0.790629 0.764044 0.775740 0.763931 0.774015 0.762487 0.772360 0.757163 0.772647 0.752876 0.707061 0.756868 0.706845 0.767832 0.690666 0.769162 0.690594 0.774035 0.683403 0.773697 0.678226
0 0.734753 0.368557 0.735091 0.373734 0.737979 0.377043 0.740641 0.376900 0.742084 0.378554 0.743415 0.378482 0.746303 0.381790 0.747634 0.381719 0.753410 0.388336 0.753522 0.390061 0.756409 0.393371 0.756522 0.395096 0.757966 0.396751 0.763290 0.396464 0.766224 0.441338 0.762231 0.441553 0.753704 0.454137 0.752374 0.454209 0.749937 0.457804 0.748606 0.457876 0.747387 0.459673 0.746057 0.459745 0.744839 0.461543 0.742176 0.461687 0.739740 0.465282 0.740078 0.470460 0.705474 0.472325 0.705136 0.467147 0.702247 0.463839 0.700917 0.463911 0.693697 0.455640 0.693584 0.453913 0.690697 0.450605 0.690585 0.448880 0.689140 0.447225 0.689028 0.445498 0.687583 0.443845 0.687470 0.442118 0.686027 0.440464 0.682035 0.440680 0.680229 0.413064 0.684222 0.412849 0.686658 0.409254 0.686545 0.407527 0.690199 0.402135 0.690086 0.400409 0.693741 0.395016 0.693628 0.393289 0.705810 0.375312 0.705471 0.370135
0 0.396152 0.705502 0.396490 0.710679 0.406597 0.722260 0.406709 0.723986 0.411041 0.728948 0.411154 0.730674 0.415485 0.735637 0.415598 0.737362 0.418486 0.740672 0.422479 0.740457 0.425300 0.783605 0.421307 0.783820 0.418870 0.787416 0.418983 0.789141 0.416548 0.792738 0.416660 0.794463 0.414223 0.798059 0.414336 0.799784 0.410682 0.805177 0.410795 0.806903 0.403486 0.817690 0.402156 0.817762 0.400937 0.819559 0.398275 0.819703 0.395839 0.823298 0.396177 0.828476 0.364234 0.830198 0.363896 0.825020 0.361008 0.821711 0.358346 0.821854 0.356903 0.820201 0.355571 0.820273 0.349796 0.813656 0.348465 0.813727 0.341246 0.805456 0.337253 0.805671 0.333191 0.743536 0.337184 0.743321 0.340838 0.737929 0.340725 0.736202 0.346816 0.727214 0.348147 0.727142 0.349365 0.725344 0.350697 0.725272 0.351914 0.723474 0.353245 0.723402 0.354463 0.721605 0.355794 0.721534 0.357013 0.719736 0.359675 0.719593 0.360892 0.717795 0.362224 0.717723 0.363442 0.715926 0.366103 0.715782 0.368540 0.712186 0.368202 0.707008
0 0.332380 0.812862 0.332719 0.818039 0.342826 0.829619 0.344157 0.829548 0.351376 0.837818 0.352707 0.837746 0.357038 0.842710 0.357151 0.844435 0.361482 0.849398 0.365475 0.849183 0.368747 0.899237 0.364754 0.899452 0.359881 0.906641 0.359994 0.908368 0.352686 0.919154 0.351355 0.919226 0.348919 0.922821 0.347587 0.922893 0.346370 0.924691 0.345039 0.924763 0.343821 0.926560 0.341159 0.926704 0.339940 0.928502 0.338609 0.928574 0.337392 0.930371 0.337730 0.935549 0.316434 0.936697 0.316095 0.931519 0.313208 0.928210 0.311877 0.928282 0.310434 0.926628 0.309102 0.926700 0.306215 0.923390 0.304884 0.923462 0.303440 0.921808 0.302109 0.921880 0.297778 0.916917 0.296447 0.916989 0.286340 0.905409 0.286227 0.903684 0.283340 0.900375 0.279346 0.900590 0.276412 0.855715 0.280406 0.855500 0.281624 0.853702 0.281511 0.851977 0.282729 0.850179 0.282616 0.848452 0.285053 0.844858 0.284940 0.843131 0.289812 0.835941 0.291144 0.835869 0.293579 0.832273 0.294911 0.832202 0.296129 0.830403 0.297460 0.830332 0.299896 0.826737 0.301227 0.826666 0.302445 0.824867 0.303777 0.824796 0.307430 0.819402 0.307092 0.814225
0 0.784740 0.234227 0.785191 0.241131 0.805405 0.264290 0.805517 0.266016 0.809849 0.270979 0.813842 0.270764 0.817114 0.320817 0.813121 0.321032 0.802158 0.337211 0.802271 0.338937 0.798617 0.344330 0.797285 0.344402 0.792413 0.351593 0.792751 0.356771 0.771456 0.357919 0.771004 0.351014 0.758010 0.336126 0.757897 0.334400 0.752122 0.327784 0.752009 0.326057 0.750565 0.324404 0.750452 0.322677 0.747565 0.319369 0.743572 0.319584 0.739736 0.260901 0.743728 0.260686 0.746165 0.257091 0.746052 0.255365 0.750924 0.248173 0.750812 0.246448 0.754466 0.241055 0.754127 0.235877
0 0.483429 0.589947 0.483767 0.595125 0.486655 0.598434 0.487987 0.598362 0.500980 0.613250 0.504974 0.613035 0.510164 0.692429 0.504840 0.692716 0.497531 0.703502 0.496201 0.703574 0.494982 0.705371 0.493651 0.705443 0.492433 0.707241 0.492772 0.712419 0.462159 0.714069 0.461820 0.708891 0.458933 0.705582 0.457602 0.705654 0.448939 0.695729 0.448827 0.694002 0.444495 0.689040 0.444382 0.687315 0.440051 0.682351 0.439938 0.680626 0.435607 0.675663 0.435494 0.673936 0.434050 0.672283 0.433937 0.670557 0.431049 0.667248 0.430937 0.665522 0.429493 0.663869 0.429380 0.662142 0.427936 0.660487 0.423943 0.660703 0.420896 0.614102 0.424890 0.613887 0.435853 0.597707 0.435515 0.592530
0 0.667568 0.198973 0.667907 0.204152 0.672238 0.209114 0.673569 0.209042 0.679344 0.215659 0.679457 0.217384 0.685232 0.224002 0.685345 0.225728 0.689677 0.230690 0.693670 0.230475 0.696039 0.266720 0.690715 0.267007 0.689497 0.268805 0.689610 0.270531 0.679865 0.284913 0.678534 0.284984 0.673661 0.292175 0.672331 0.292247 0.668676 0.297640 0.667345 0.297712 0.666127 0.299509 0.664795 0.299581 0.663578 0.301378 0.662247 0.301450 0.659811 0.305045 0.658479 0.305117 0.657262 0.306915 0.655930 0.306987 0.653494 0.310582 0.653833 0.315761 0.631207 0.316980 0.630755 0.310075 0.624979 0.303459 0.624866 0.301733 0.620535 0.296771 0.620423 0.295044 0.618979 0.293390 0.613654 0.293677 0.610044 0.238446 0.614037 0.238231 0.617691 0.232838 0.617578 0.231113 0.623669 0.222124 0.625001 0.222052 0.629873 0.214861 0.631204 0.214789 0.633640 0.211194 0.634971 0.211122 0.638625 0.205730 0.638287 0.200551
1 0.052218 0.633972 0.052669 0.640876 0.054112 0.642530 0.055579 0.664968 0.057023 0.666623 0.058490 0.689060 0.059934 0.690715 0.061626 0.716604 0.063070 0.718258 0.064199 0.735518 0.065643 0.737172 0.066884 0.756157 0.068328 0.757811 0.069907 0.781975 0.071351 0.783629 0.072366 0.799163 0.073810 0.800817 0.074939 0.818076 0.076383 0.819731 0.077737 0.840442 0.079180 0.842096 0.080760 0.866260 0.082203 0.867914 0.083332 0.885174 0.084776 0.886828 0.085566 0.898910 0.087010 0.900564 0.087687 0.910919 0.089131 0.912574 0.089808 0.922930 0.091252 0.924585 0.091816 0.933214 0.093259 0.934868 0.094049 0.946950 0.095493 0.948605 0.096395 0.962411 0.097839 0.964066 0.098742 0.977874 0.100186 0.979528 0.101089 0.993336 0.102532 0.994990 0.103322 1.000000 0.104766 1.000000 0.105555 1.000000 0.107000 1.000000 0.107790 1.000000 0.109233 1.000000 0.109910 1.000000 0.111354 1.000000 0.111806 1.000000 0.113250 1.000000 0.113588 1.000000 0.115032 1.000000 0.115257 1.000000 0.116701 1.000000 0.117378 1.000000 0.080111 1.000000 0.050887 0.634044
0 0.177771 0.225371 0.178109 0.230550 0.180997 0.233857 0.182327 0.233785 0.185216 0.237095 0.186546 0.237023 0.189434 0.240332 0.190765 0.240260 0.193653 0.243567 0.194983 0.243495 0.210865 0.261693 0.210978 0.263418 0.213866 0.266728 0.213979 0.268453 0.215422 0.270108 0.220746 0.269821 0.223003 0.304340 0.219010 0.304555 0.216574 0.308151 0.216687 0.309876 0.214250 0.313471 0.214363 0.315197 0.211927 0.318793 0.212040 0.320519 0.209604 0.324114 0.209717 0.325840 0.207280 0.329435 0.207393 0.331162 0.201302 0.340151 0.199972 0.340222 0.198753 0.342019 0.197422 0.342091 0.196204 0.343889 0.194873 0.343961 0.193655 0.345758 0.190993 0.345902 0.189774 0.347699 0.187113 0.347842 0.185895 0.349641 0.186233 0.354819 0.168930 0.355752 0.168592 0.350573 0.165705 0.347265 0.163042 0.347408 0.161599 0.345755 0.160268 0.345826 0.158824 0.344171 0.157493 0.344243 0.154605 0.340935 0.153274 0.341006 0.147499 0.334390 0.147386 0.332663 0.144499 0.329355 0.144386 0.327629 0.142942 0.325976 0.142829 0.324249 0.141386 0.322595 0.141273 0.320869 0.138385 0.317560 0.134392 0.317776 0.130781 0.262545 0.134774 0.262330 0.138428 0.256937 0.138315 0.255210 0.146843 0.242627 0.148173 0.242555 0.153047 0.235363 0.154377 0.235292 0.155595 0.233495 0.155144 0.226591
0 0.528844 0.732991 0.529182 0.738169 0.530627 0.739823 0.530739 0.741550 0.535070 0.746512 0.535183 0.748238 0.538071 0.751547 0.538184 0.753272 0.539628 0.754926 0.539741 0.756653 0.542628 0.759961 0.546621 0.759746 0.549554 0.804621 0.545562 0.804836 0.543126 0.808432 0.543239 0.810158 0.540802 0.813754 0.540914 0.815479 0.538478 0.819074 0.538591 0.820801 0.536155 0.824395 0.536268 0.826122 0.533832 0.829717 0.533945 0.831444 0.520545 0.851218 0.520883 0.856396 0.488940 0.858118 0.488602 0.852939 0.482826 0.846322 0.482713 0.844596 0.481269 0.842942 0.481156 0.841217 0.479713 0.839562 0.479600 0.837835 0.478157 0.836182 0.478044 0.834456 0.476600 0.832802 0.472607 0.833017 0.470463 0.800224 0.474456 0.800009 0.476892 0.796412 0.476779 0.794687 0.477997 0.792889 0.477884 0.791163 0.479103 0.789366 0.478990 0.787640 0.480208 0.785841 0.480096 0.784116 0.481313 0.782319 0.481201 0.780592 0.482419 0.778795 0.482306 0.777069 0.483524 0.775270 0.483411 0.773545 0.485847 0.769950 0.485735 0.768223 0.486953 0.766426 0.486840 0.764700 0.489277 0.761104 0.489164 0.759379 0.491599 0.755783 0.491486 0.754058 0.498796 0.743272 0.500127 0.743200 0.502563 0.739603 0.502224 0.734426
1 0.858726 0.000000 0.890658 0.424240 0.889327 0.424312 0.889101 0.420860 0.887658 0.419205 0.886755 0.405397 0.885312 0.403744 0.883619 0.377854 0.882175 0.376200 0.881272 0.362391 0.879829 0.360737 0.878475 0.340026 0.877031 0.338372 0.875677 0.317661 0.874233 0.316006 0.873443 0.303925 0.871999 0.302270 0.871322 0.291914 0.869878 0.290259 0.869088 0.278178 0.867645 0.276523 0.866291 0.255812 0.864847 0.254158 0.864057 0.242076 0.862613 0.240422 0.861936 0.230066 0.860492 0.228412 0.859251 0.209427 0.857807 0.207772 0.856679 0.190512 0.855235 0.188859 0.854219 0.173324 0.852776 0.171671 0.851986 0.159589 0.850543 0.157935 0.849866 0.147579 0.848421 0.145924 0.847519 0.132117 0.846075 0.130463 0.845286 0.118380 0.843841 0.116727 0.843164 0.106371 0.841720 0.104716 0.840930 0.092635 0.839487 0.090981 0.838358 0.073722 0.836915 0.072067 0.836012 0.058259 0.834568 0.056606 0.833778 0.044523 0.832335 0.042868 0.831545 0.030787 0.830101 0.029132 0.829311 0.017051 0.827867 0.015397 0.826964 0.001590 0.825521 0.000000 0.824731 0.000000 0.823288 0.000000 0.822949 0.000000 0.821505 0.000000 0.817512 0.000000 0.814804 0.000000
