0 0.671875 0.403125 0.671875 0.418750 0.676562 0.418750 0.689063 0.431250 0.689063 0.432812 0.693750 0.437500 0.693750 0.439063 0.703125 0.448437 0.704688 0.448437 0.709375 0.453125 0.709375 0.457813 0.726562 0.457813 0.726562 0.453125 0.729688 0.450000 0.732812 0.450000 0.735938 0.446875 0.737500 0.446875 0.740625 0.443750 0.742188 0.443750 0.743750 0.442188 0.745313 0.442188 0.746875 0.440625 0.748437 0.440625 0.750000 0.439063 0.750000 0.437500 0.753125 0.434375 0.757812 0.434375 0.757812 0.432812 0.751563 0.432812 0.745313 0.426563 0.743750 0.426563 0.740625 0.423438 0.739062 0.423438 0.737500 0.421875 0.735938 0.421875 0.734375 0.420312 0.732812 0.420312 0.731250 0.418750 0.729688 0.418750 0.728125 0.417187 0.726562 0.417187 0.723437 0.414062 0.721875 0.414062 0.718750 0.410938 0.717187 0.410938 0.715625 0.409375 0.715625 0.403125
0 0.782813 0.646875 0.782813 0.651563 0.781250 0.653125 0.779687 0.653125 0.778125 0.654687 0.776563 0.654687 0.775000 0.656250 0.771875 0.656250 0.770312 0.657813 0.767188 0.657813 0.765625 0.659375 0.762500 0.659375 0.760938 0.660937 0.757812 0.660937 0.756250 0.662500 0.754687 0.662500 0.753125 0.664062 0.751563 0.664062 0.750000 0.665625 0.746875 0.665625 0.745313 0.667188 0.743750 0.667188 0.742188 0.668750 0.740625 0.668750 0.739062 0.670312 0.737500 0.670312 0.735938 0.671875 0.734375 0.671875 0.732812 0.673438 0.731250 0.673438 0.728125 0.676562 0.726562 0.676562 0.725000 0.678125 0.723437 0.678125 0.720313 0.681250 0.718750 0.681250 0.714063 0.685937 0.712500 0.685937 0.709375 0.689063 0.707812 0.689063 0.704688 0.692187 0.703125 0.692187 0.701562 0.693750 0.696875 0.693750 0.696875 0.712500 0.703125 0.712500 0.707812 0.717187 0.709375 0.717187 0.712500 0.720313 0.714063 0.720313 0.718750 0.725000 0.720313 0.725000 0.723437 0.728125 0.723437 0.732812 0.757812 0.732812 0.757812 0.728125 0.759375 0.726562 0.760938 0.726562 0.762500 0.725000 0.770312 0.725000 0.771875 0.723437 0.775000 0.723437 0.776563 0.721875 0.778125 0.721875 0.778125 0.720313 0.779687 0.718750 0.779687 0.717187 0.781250 0.715625 0.781250 0.710938 0.782813 0.709375 0.782813 0.703125 0.784375 0.701562 0.784375 0.700000 0.785937 0.698438 0.785937 0.696875 0.800000 0.682813 0.801562 0.682813 0.806250 0.678125 0.807813 0.678125 0.810937 0.675000 0.812500 0.675000 0.815625 0.671875 0.817187 0.671875 0.818750 0.670312 0.820312 0.670312 0.821875 0.668750 0.823438 0.668750 0.825000 0.667188 0.826562 0.667188 0.829688 0.664062 0.831250 0.664062 0.834375 0.660937 0.835938 0.660937 0.837500 0.659375 0.839063 0.659375 0.845313 0.653125 0.845313 0.646875
0 0.846875 0.315625 0.846875 0.334375 0.853125 0.334375 0.859375 0.340625 0.860938 0.340625 0.868750 0.348438 0.870313 0.348438 0.900000 0.378125 0.900000 0.382812 0.918750 0.382812 0.918750 0.378125 0.928125 0.368750 0.929688 0.368750 0.931250 0.367188 0.932813 0.367188 0.934375 0.365625 0.935937 0.365625 0.937500 0.364063 0.939063 0.364063 0.942187 0.360938 0.943750 0.360938 0.945312 0.359375 0.945312 0.356250 0.943750 0.354687 0.943750 0.353125 0.942187 0.351562 0.940625 0.351562 0.937500 0.348438 0.935937 0.348438 0.932813 0.345313 0.931250 0.345313 0.925000 0.339062 0.923438 0.339062 0.918750 0.334375 0.917188 0.334375 0.912500 0.329688 0.910937 0.329688 0.907813 0.326562 0.906250 0.326562 0.904687 0.325000 0.903125 0.325000 0.900000 0.321875 0.900000 0.315625
0 0.540625 0.228125 0.540625 0.248438 0.545312 0.248438 0.556250 0.259375 0.557813 0.259375 0.560937 0.262500 0.560937 0.264062 0.570312 0.273438 0.570312 0.275000 0.573438 0.278125 0.573438 0.282813 0.614062 0.282813 0.614062 0.278125 0.615625 0.276562 0.620313 0.276562 0.620313 0.262500 0.615625 0.262500 0.610938 0.257812 0.609375 0.257812 0.604688 0.253125 0.603125 0.253125 0.596875 0.246875 0.595313 0.246875 0.589063 0.240625 0.587500 0.240625 0.582812 0.235937 0.581250 0.235937 0.579688 0.234375 0.579688 0.228125
0 0.512500 0.371875 0.512500 0.376563 0.498437 0.390625 0.496875 0.390625 0.490625 0.396875 0.489063 0.396875 0.484375 0.401562 0.478125 0.401562 0.478125 0.420312 0.482812 0.420312 0.484375 0.421875 0.485938 0.421875 0.489063 0.425000 0.490625 0.425000 0.493750 0.428125 0.493750 0.432812 0.537500 0.432812 0.537500 0.426563 0.550000 0.414062 0.550000 0.412500 0.554688 0.407813 0.554688 0.406250 0.557813 0.403125 0.557813 0.401562 0.559375 0.400000 0.559375 0.398438 0.562500 0.395313 0.562500 0.393750 0.564063 0.392188 0.564063 0.390625 0.568750 0.385937 0.568750 0.384375 0.570312 0.382812 0.570312 0.381250 0.571875 0.379688 0.576562 0.379688 0.576562 0.371875
0 0.910937 0.465625 0.910937 0.475000 0.909375 0.476562 0.909375 0.481250 0.907813 0.482812 0.907813 0.485938 0.906250 0.487500 0.906250 0.489063 0.904687 0.490625 0.904687 0.492188 0.903125 0.493750 0.903125 0.495312 0.900000 0.498437 0.900000 0.500000 0.892188 0.507812 0.890625 0.507812 0.887500 0.510938 0.885938 0.510938 0.882812 0.514062 0.881250 0.514062 0.879687 0.515625 0.878125 0.515625 0.875000 0.518750 0.873437 0.518750 0.870313 0.521875 0.868750 0.521875 0.867188 0.523438 0.865625 0.523438 0.864062 0.525000 0.862500 0.525000 0.860938 0.526563 0.859375 0.526563 0.857812 0.528125 0.853125 0.528125 0.853125 0.545312 0.859375 0.545312 0.864062 0.550000 0.867188 0.550000 0.870313 0.553125 0.870313 0.557813 0.890625 0.557813 0.890625 0.553125 0.898438 0.545312 0.898438 0.543750 0.909375 0.532813 0.909375 0.531250 0.914062 0.526563 0.914062 0.525000 0.917188 0.521875 0.917188 0.520312 0.921875 0.515625 0.923438 0.515625 0.925000 0.514062 0.928125 0.514062 0.929688 0.512500 0.931250 0.512500 0.932813 0.510938 0.935937 0.510938 0.937500 0.509375 0.939063 0.509375 0.940625 0.507812 0.942187 0.507812 0.943750 0.506250 0.945312 0.506250 0.951562 0.500000 0.953125 0.500000 0.956250 0.496875 0.957812 0.496875 0.962500 0.492188 0.964063 0.492188 0.973437 0.482812 0.973437 0.481250 0.976562 0.478125 0.982812 0.478125 0.982812 0.476562 0.971875 0.476562 0.968750 0.473438 0.967187 0.473438 0.964063 0.470313 0.964063 0.465625
0 0.528125 0.640625 0.528125 0.660937 0.532813 0.660937 0.539062 0.667188 0.539062 0.668750 0.542188 0.671875 0.542188 0.676562 0.556250 0.676562 0.556250 0.671875 0.564063 0.664062 0.565625 0.664062 0.568750 0.660937 0.570312 0.660937 0.571875 0.659375 0.576562 0.659375 0.576562 0.640625
0 0.378125 0.503125 0.378125 0.534375 0.384375 0.534375 0.385937 0.535937 0.387500 0.535937 0.390625 0.539062 0.392188 0.539062 0.393750 0.540625 0.395313 0.540625 0.401562 0.546875 0.401562 0.551562 0.409375 0.551562 0.409375 0.545312 0.412500 0.542188 0.414062 0.542188 0.415625 0.540625 0.415625 0.539062 0.421875 0.532813 0.426563 0.532813 0.426563 0.503125
0 0.753125 0.796875 0.753125 0.826562 0.771875 0.826562 0.771875 0.820312 0.773438 0.818750 0.775000 0.818750 0.779687 0.814063 0.781250 0.814063 0.784375 0.810937 0.789062 0.810937 0.789062 0.796875
0 0.128125 0.365625 0.128125 0.384375 0.135937 0.384375 0.139063 0.387500 0.140625 0.387500 0.142187 0.389062 0.143750 0.389062 0.148438 0.393750 0.150000 0.393750 0.151562 0.395313 0.151562 0.401562 0.167187 0.401562 0.167187 0.396875 0.175000 0.389062 0.175000 0.387500 0.176563 0.385937 0.176563 0.384375 0.179688 0.381250 0.179688 0.379688 0.181250 0.378125 0.181250 0.375000 0.182812 0.373437 0.182812 0.365625
0 0.648438 0.028125 0.648438 0.034375 0.645312 0.037500 0.640625 0.037500 0.640625 0.076563 0.648438 0.076563 0.651563 0.079687 0.653125 0.079687 0.654687 0.081250 0.656250 0.081250 0.659375 0.084375 0.659375 0.089063 0.689063 0.089063 0.689063 0.084375 0.692187 0.081250 0.693750 0.081250 0.695312 0.079687 0.696875 0.079687 0.701562 0.075000 0.707812 0.075000 0.707812 0.064062 0.703125 0.064062 0.681250 0.042188 0.681250 0.040625 0.675000 0.034375 0.675000 0.028125
0 0.571875 0.703125 0.571875 0.723437 0.578125 0.723437 0.582812 0.728125 0.582812 0.732812 0.596875 0.732812 0.596875 0.728125 0.601562 0.723437 0.603125 0.723437 0.607812 0.718750 0.609375 0.718750 0.610938 0.717187 0.612500 0.717187 0.615625 0.714063 0.620313 0.714063 0.620313 0.703125
0 0.603125 0.521875 0.603125 0.540625 0.614062 0.540625 0.615625 0.542188 0.617188 0.542188 0.628125 0.553125 0.628125 0.554688 0.632812 0.559375 0.632812 0.564063 0.642188 0.564063 0.642188 0.559375 0.645312 0.556250 0.646875 0.556250 0.651563 0.551562 0.653125 0.551562 0.654687 0.550000 0.656250 0.550000 0.657813 0.548438 0.659375 0.548438 0.662500 0.545312 0.664062 0.545312 0.665625 0.543750 0.667188 0.543750 0.668750 0.542188 0.670312 0.542188 0.671875 0.540625 0.673438 0.540625 0.675000 0.539062 0.676562 0.539062 0.678125 0.537500 0.679688 0.537500 0.681250 0.535937 0.682813 0.535937 0.684375 0.534375 0.689063 0.534375 0.689063 0.521875
0 0.603125 0.428125 0.603125 0.450000 0.607812 0.450000 0.609375 0.451562 0.610938 0.451562 0.612500 0.453125 0.612500 0.457813 0.632812 0.457813 0.632812 0.453125 0.634375 0.451562 0.635938 0.451562 0.637500 0.450000 0.640625 0.450000 0.642188 0.448437 0.643750 0.448437 0.645312 0.446875 0.646875 0.446875 0.648438 0.445312 0.650000 0.445312 0.653125 0.442188 0.654687 0.442188 0.656250 0.440625 0.656250 0.428125
0 0.178125 0.071875 0.178125 0.100000 0.187500 0.100000 0.189062 0.101562 0.201563 0.101562 0.203125 0.100000 0.207813 0.100000 0.209375 0.098437 0.210938 0.098437 0.210938 0.096875 0.215625 0.092188 0.215625 0.090625 0.220312 0.085938 0.226562 0.085938 0.226562 0.071875
0 0.615625 0.009375 0.615625 0.025000 0.623437 0.025000 0.626563 0.028125 0.628125 0.028125 0.629687 0.029687 0.632812 0.029687 0.634375 0.031250 0.640625 0.031250 0.642188 0.029687 0.645312 0.029687 0.650000 0.025000 0.651563 0.025000 0.654687 0.021875 0.656250 0.021875 0.659375 0.018750 0.664062 0.018750 0.664062 0.009375
0 0.540625 0.740625 0.540625 0.759375 0.545312 0.759375 0.546875 0.760938 0.548438 0.760938 0.551562 0.764062 0.551562 0.770312 0.581250 0.770312 0.581250 0.764062 0.582812 0.762500 0.589063 0.762500 0.589063 0.740625
0 0.003125 0.815625 0.003125 0.876563 0.009375 0.876563 0.010937 0.875000 0.015625 0.875000 0.017188 0.873437 0.018750 0.873437 0.020313 0.871875 0.021875 0.871875 0.023438 0.870313 0.025000 0.870313 0.026562 0.868750 0.028125 0.868750 0.029687 0.867188 0.031250 0.867188 0.035937 0.862500 0.037500 0.862500 0.045312 0.854688 0.046875 0.854688 0.057813 0.843750 0.059375 0.843750 0.064062 0.839063 0.070312 0.839063 0.070312 0.828125 0.062500 0.828125 0.060937 0.826562 0.048438 0.826562 0.046875 0.825000 0.040625 0.825000 0.039062 0.823438 0.034375 0.823438 0.032813 0.821875 0.031250 0.821875 0.029687 0.820312 0.029687 0.815625
0 0.753125 0.559375 0.753125 0.573438 0.759375 0.573438 0.760938 0.575000 0.762500 0.575000 0.764062 0.576562 0.765625 0.576562 0.771875 0.582812 0.775000 0.582812 0.776563 0.584375 0.776563 0.589063 0.779687 0.589063 0.779687 0.584375 0.781250 0.582812 0.782813 0.582812 0.784375 0.581250 0.785937 0.581250 0.787500 0.579688 0.789062 0.579688 0.790625 0.578125 0.792188 0.578125 0.793750 0.576562 0.795312 0.576562 0.796875 0.575000 0.798438 0.575000 0.800000 0.573438 0.801562 0.573438 0.809375 0.565625 0.814063 0.565625 0.814063 0.559375
0 0.265625 0.184375 0.265625 0.207813 0.292187 0.207813 0.292187 0.203125 0.296875 0.198437 0.298438 0.198437 0.301563 0.195312 0.301563 0.193750 0.303125 0.192188 0.307812 0.192188 0.307812 0.184375
0 0.434375 0.665625 0.434375 0.689063 0.440625 0.689063 0.442188 0.690625 0.442188 0.695312 0.459375 0.695312 0.459375 0.690625 0.462500 0.687500 0.464062 0.687500 0.465625 0.685937 0.467187 0.685937 0.470313 0.682813 0.471875 0.682813 0.476562 0.678125 0.482812 0.678125 0.482812 0.665625
0 0.295312 0.421875 0.295312 0.428125 0.289062 0.434375 0.284375 0.434375 0.284375 0.460938 0.289062 0.460938 0.290625 0.462500 0.292187 0.462500 0.296875 0.467187 0.298438 0.467187 0.303125 0.471875 0.303125 0.476562 0.312500 0.476562 0.312500 0.471875 0.314063 0.470313 0.317188 0.470313 0.318750 0.468750 0.328125 0.468750 0.329688 0.467187 0.334375 0.467187 0.335938 0.465625 0.339062 0.465625 0.340625 0.464062 0.345313 0.464062 0.346875 0.462500 0.353125 0.462500 0.354687 0.460938 0.364063 0.460938 0.364063 0.451562 0.359375 0.451562 0.357812 0.450000 0.354687 0.450000 0.351562 0.446875 0.348438 0.446875 0.346875 0.445312 0.345313 0.445312 0.343750 0.443750 0.340625 0.443750 0.339062 0.442188 0.337500 0.442188 0.334375 0.439063 0.332813 0.439063 0.331250 0.437500 0.329688 0.437500 0.326562 0.434375 0.325000 0.434375 0.321875 0.431250 0.320312 0.431250 0.317188 0.428125 0.317188 0.421875
0 0.185938 0.253125 0.185938 0.259375 0.184375 0.260937 0.178125 0.260937 0.178125 0.285938 0.184375 0.285938 0.192188 0.293750 0.193750 0.293750 0.196875 0.296875 0.196875 0.301563 0.212500 0.301563 0.212500 0.296875 0.215625 0.293750 0.217188 0.293750 0.228125 0.282813 0.228125 0.281250 0.231250 0.278125 0.231250 0.276562 0.232813 0.275000 0.232813 0.273438 0.234375 0.271875 0.239063 0.271875 0.239063 0.264062 0.234375 0.264062 0.231250 0.260937 0.231250 0.259375 0.229687 0.257812 0.229687 0.253125
0 0.471875 0.496875 0.471875 0.506250 0.476562 0.506250 0.478125 0.507812 0.479687 0.507812 0.482812 0.510938 0.484375 0.510938 0.485938 0.512500 0.487500 0.512500 0.492188 0.517188 0.493750 0.517188 0.495312 0.518750 0.498437 0.518750 0.500000 0.520312 0.506250 0.520312 0.507812 0.518750 0.509375 0.518750 0.510938 0.517188 0.512500 0.517188 0.517188 0.512500 0.518750 0.512500 0.528125 0.503125 0.529687 0.503125 0.529687 0.496875
0 0.484375 0.584375 0.484375 0.606250 0.489063 0.606250 0.490625 0.607812 0.492188 0.607812 0.500000 0.615625 0.500000 0.620313 0.523438 0.620313 0.523438 0.615625 0.526563 0.612500 0.528125 0.612500 0.529687 0.610938 0.531250 0.610938 0.532813 0.609375 0.534375 0.609375 0.535937 0.607812 0.537500 0.607812 0.539062 0.606250 0.542188 0.606250 0.543750 0.604688 0.546875 0.604688 0.550000 0.601562 0.550000 0.595313 0.548438 0.595313 0.546875 0.593750 0.545312 0.593750 0.543750 0.592187 0.540625 0.592187 0.537500 0.589063 0.537500 0.584375
0 0.721875 0.403125 0.721875 0.415625 0.729688 0.415625 0.732812 0.418750 0.734375 0.418750 0.735938 0.420312 0.737500 0.420312 0.739062 0.421875 0.742188 0.421875 0.745313 0.425000 0.746875 0.425000 0.748437 0.426563 0.750000 0.426563 0.754687 0.431250 0.760938 0.431250 0.762500 0.432812 0.779687 0.432812 0.781250 0.431250 0.787500 0.431250 0.789062 0.429688 0.792188 0.429688 0.793750 0.428125 0.795312 0.428125 0.796875 0.426563 0.800000 0.426563 0.801562 0.425000 0.804688 0.425000 0.806250 0.423438 0.807813 0.423438 0.809375 0.421875 0.810937 0.421875 0.815625 0.417187 0.820312 0.417187 0.820312 0.412500 0.814063 0.412500 0.812500 0.410938 0.812500 0.409375 0.810937 0.407813 0.810937 0.403125
0 0.410938 0.046875 0.410938 0.051562 0.407813 0.054688 0.406250 0.054688 0.404687 0.056250 0.396875 0.056250 0.396875 0.078125 0.403125 0.078125 0.409375 0.084375 0.410938 0.084375 0.417187 0.090625 0.417187 0.095312 0.431250 0.095312 0.431250 0.090625 0.432812 0.089063 0.437500 0.089063 0.439063 0.087500 0.450000 0.087500 0.451562 0.085938 0.453125 0.085938 0.457813 0.081250 0.459375 0.081250 0.464062 0.076563 0.467187 0.076563 0.468750 0.075000 0.470313 0.075000 0.471875 0.073438 0.476562 0.073438 0.476562 0.057813 0.471875 0.057813 0.465625 0.051562 0.465625 0.046875
0 0.303125 0.528125 0.303125 0.543750 0.307812 0.543750 0.314063 0.550000 0.317188 0.550000 0.318750 0.551562 0.335938 0.551562 0.337500 0.553125 0.337500 0.557813 0.340625 0.557813 0.340625 0.553125 0.342187 0.551562 0.343750 0.551562 0.345313 0.550000 0.351562 0.550000 0.351562 0.528125
0 0.621875 0.865625 0.621875 0.879687 0.626563 0.879687 0.628125 0.881250 0.629687 0.881250 0.632812 0.884375 0.632812 0.889062 0.650000 0.889062 0.650000 0.884375 0.653125 0.881250 0.654687 0.881250 0.664062 0.871875 0.670312 0.871875 0.670312 0.865625
0 0.396875 0.609375 0.396875 0.629687 0.404687 0.629687 0.406250 0.631250 0.415625 0.631250 0.417187 0.629687 0.421875 0.629687 0.423438 0.628125 0.426563 0.628125 0.428125 0.626563 0.429688 0.626563 0.434375 0.621875 0.439063 0.621875 0.439063 0.609375
0 0.003125 0.759375 0.003125 0.789062 0.021875 0.789062 0.021875 0.784375 0.025000 0.781250 0.026562 0.781250 0.032813 0.775000 0.034375 0.775000 0.035937 0.773438 0.037500 0.773438 0.040625 0.770312 0.045312 0.770312 0.045312 0.759375
0 0.740625 0.403125 0.740625 0.423438 0.746875 0.423438 0.748437 0.425000 0.750000 0.425000 0.751563 0.426563 0.757812 0.426563 0.760938 0.429688 0.762500 0.429688 0.764062 0.431250 0.765625 0.431250 0.767188 0.432812 0.775000 0.432812 0.776563 0.434375 0.776563 0.439063 0.776563 0.434375 0.778125 0.432812 0.782813 0.432812 0.784375 0.431250 0.790625 0.431250 0.792188 0.429688 0.793750 0.429688 0.795312 0.428125 0.798438 0.428125 0.800000 0.426563 0.801562 0.426563 0.803125 0.425000 0.806250 0.425000 0.807813 0.423438 0.809375 0.423438 0.815625 0.417187 0.820312 0.417187 0.820312 0.412500 0.815625 0.412500 0.812500 0.409375 0.812500 0.403125
0 0.909375 0.734375 0.909375 0.764062 0.929688 0.764062 0.929688 0.759375 0.934375 0.754687 0.935937 0.754687 0.939063 0.751563 0.945312 0.751563 0.945312 0.734375
0 0.684375 0.303125 0.684375 0.318750 0.689063 0.318750 0.690625 0.320312 0.693750 0.320312 0.695312 0.321875 0.698438 0.321875 0.700000 0.323437 0.707812 0.323437 0.709375 0.325000 0.710938 0.323437 0.715625 0.323437 0.721875 0.317188 0.726562 0.317188 0.726562 0.303125
0 0.437500 0.115625 0.437500 0.120313 0.435937 0.121875 0.435937 0.123438 0.432812 0.126562 0.432812 0.128125 0.428125 0.132812 0.428125 0.134375 0.420312 0.142187 0.420312 0.143750 0.417187 0.146875 0.415625 0.146875 0.414062 0.148438 0.414062 0.150000 0.412500 0.151562 0.410938 0.151562 0.407813 0.154688 0.407813 0.156250 0.404687 0.159375 0.403125 0.159375 0.393750 0.168750 0.392188 0.168750 0.385937 0.175000 0.384375 0.175000 0.382812 0.176563 0.378125 0.176563 0.378125 0.190625 0.382812 0.190625 0.384375 0.192188 0.385937 0.192188 0.389062 0.195312 0.390625 0.195312 0.396875 0.201563 0.398438 0.201563 0.400000 0.203125 0.400000 0.207813 0.418750 0.207813 0.418750 0.203125 0.421875 0.200000 0.425000 0.200000 0.426563 0.198437 0.428125 0.198437 0.431250 0.195312 0.432812 0.195312 0.434375 0.193750 0.434375 0.192188 0.437500 0.189062 0.437500 0.187500 0.440625 0.184375 0.440625 0.182812 0.442188 0.181250 0.442188 0.176563 0.443750 0.175000 0.443750 0.157812 0.448437 0.153125 0.448437 0.151562 0.464062 0.135937 0.465625 0.135937 0.470313 0.131250 0.476562 0.131250 0.476562 0.115625
0 0.409375 0.365625 0.409375 0.395313 0.431250 0.395313 0.431250 0.390625 0.432812 0.389062 0.434375 0.389062 0.435937 0.387500 0.437500 0.387500 0.439063 0.385937 0.440625 0.385937 0.443750 0.382812 0.445312 0.382812 0.450000 0.378125 0.450000 0.375000 0.448437 0.373437 0.448437 0.371875 0.446875 0.370312 0.446875 0.365625
0 0.912500 0.565625 0.912500 0.570312 0.909375 0.573438 0.907813 0.573438 0.903125 0.578125 0.896875 0.578125 0.896875 0.601562 0.901563 0.601562 0.904687 0.604688 0.904687 0.606250 0.906250 0.607812 0.906250 0.609375 0.909375 0.612500 0.909375 0.614062 0.912500 0.617188 0.912500 0.618750 0.914062 0.620313 0.914062 0.626563 0.939063 0.626563 0.939063 0.621875 0.946875 0.614062 0.946875 0.612500 0.951562 0.607812 0.951562 0.606250 0.953125 0.604688 0.957812 0.604688 0.957812 0.589063 0.953125 0.589063 0.951562 0.587500 0.951562 0.581250 0.950000 0.579688 0.950000 0.565625
0 0.565625 0.146875 0.565625 0.164062 0.570312 0.164062 0.571875 0.165625 0.573438 0.165625 0.576562 0.168750 0.578125 0.168750 0.581250 0.171875 0.581250 0.176563 0.590625 0.176563 0.590625 0.171875 0.595313 0.167187 0.596875 0.167187 0.600000 0.164062 0.601562 0.164062 0.607812 0.157812 0.607812 0.154688 0.606250 0.153125 0.606250 0.146875
0 0.390625 0.234375 0.390625 0.256250 0.395313 0.256250 0.396875 0.257812 0.398438 0.257812 0.400000 0.259375 0.400000 0.264062 0.428125 0.264062 0.428125 0.259375 0.431250 0.256250 0.439063 0.256250 0.439063 0.234375
0 0.890625 0.803125 0.890625 0.826562 0.912500 0.826562 0.912500 0.820312 0.914062 0.818750 0.920312 0.818750 0.920312 0.803125
0 0.209375 0.590625 0.209375 0.595313 0.207813 0.596875 0.206250 0.596875 0.204687 0.598437 0.201563 0.598437 0.200000 0.600000 0.196875 0.600000 0.195312 0.601562 0.193750 0.601562 0.192188 0.603125 0.190625 0.603125 0.189062 0.604688 0.184375 0.604688 0.184375 0.634375 0.189062 0.634375 0.190625 0.635938 0.192188 0.635938 0.195312 0.639062 0.196875 0.639062 0.198437 0.640625 0.200000 0.640625 0.201563 0.642188 0.203125 0.642188 0.204687 0.643750 0.206250 0.643750 0.209375 0.646875 0.210938 0.646875 0.214062 0.650000 0.215625 0.650000 0.218750 0.653125 0.220312 0.653125 0.221875 0.654687 0.223438 0.654687 0.226562 0.657813 0.228125 0.657813 0.232813 0.662500 0.234375 0.662500 0.235937 0.664062 0.237500 0.664062 0.239063 0.665625 0.239063 0.670312 0.240625 0.670312 0.240625 0.665625 0.242188 0.664062 0.245312 0.664062 0.246875 0.662500 0.248438 0.662500 0.253125 0.657813 0.254688 0.657813 0.259375 0.653125 0.260937 0.653125 0.262500 0.651563 0.264062 0.651563 0.268750 0.646875 0.270313 0.646875 0.271875 0.645312 0.271875 0.643750 0.278125 0.637500 0.278125 0.635938 0.279687 0.634375 0.279687 0.632812 0.282813 0.629687 0.282813 0.628125 0.284375 0.626563 0.284375 0.625000 0.285938 0.623437 0.285938 0.621875 0.287500 0.620313 0.287500 0.618750 0.289062 0.617188 0.289062 0.615625 0.290625 0.614062 0.290625 0.612500 0.300000 0.603125 0.301563 0.603125 0.303125 0.601562 0.307812 0.601562 0.307812 0.590625
0 0.517188 0.071875 0.517188 0.076563 0.514062 0.079687 0.510938 0.079687 0.509375 0.081250 0.503125 0.081250 0.503125 0.100000 0.507812 0.100000 0.509375 0.101562 0.510938 0.101562 0.515625 0.106250 0.517188 0.106250 0.520312 0.109375 0.520312 0.114062 0.532813 0.114062 0.532813 0.109375 0.535937 0.106250 0.537500 0.106250 0.539062 0.104688 0.542188 0.104688 0.543750 0.103125 0.545312 0.103125 0.548438 0.100000 0.550000 0.100000 0.554688 0.095312 0.556250 0.095312 0.559375 0.092188 0.560937 0.092188 0.562500 0.090625 0.562500 0.085938 0.560937 0.084375 0.560937 0.082812 0.554688 0.076563 0.554688 0.071875
0 0.421875 0.278125 0.421875 0.301563 0.448437 0.301563 0.448437 0.296875 0.450000 0.295312 0.451562 0.295312 0.453125 0.293750 0.456250 0.293750 0.457813 0.292187 0.459375 0.292187 0.465625 0.285938 0.470313 0.285938 0.470313 0.278125
0 0.648438 0.734375 0.648438 0.739062 0.645312 0.742188 0.643750 0.742188 0.640625 0.745313 0.639062 0.745313 0.635938 0.748437 0.634375 0.748437 0.631250 0.751563 0.629687 0.751563 0.623437 0.757812 0.621875 0.757812 0.607812 0.771875 0.603125 0.771875 0.603125 0.804688 0.607812 0.804688 0.628125 0.825000 0.629687 0.825000 0.640625 0.835938 0.642188 0.835938 0.643750 0.837500 0.654687 0.837500 0.656250 0.835938 0.657813 0.835938 0.667188 0.826562 0.667188 0.825000 0.671875 0.820312 0.671875 0.818750 0.675000 0.815625 0.675000 0.812500 0.676562 0.810937 0.676562 0.793750 0.678125 0.792188 0.678125 0.787500 0.679688 0.785937 0.679688 0.784375 0.681250 0.782813 0.681250 0.781250 0.685937 0.776563 0.687500 0.776563 0.690625 0.773438 0.692187 0.773438 0.693750 0.771875 0.695312 0.771875 0.696875 0.770312 0.698438 0.770312 0.700000 0.768750 0.701562 0.768750 0.703125 0.767188 0.704688 0.767188 0.707812 0.764062 0.709375 0.764062 0.710938 0.762500 0.712500 0.762500 0.714063 0.760938 0.715625 0.760938 0.718750 0.757812 0.720313 0.757812 0.721875 0.756250 0.723437 0.756250 0.725000 0.754687 0.726562 0.754687 0.729688 0.751563 0.731250 0.751563 0.734375 0.748437 0.735938 0.748437 0.737500 0.746875 0.745313 0.746875 0.745313 0.734375
0 0.209375 0.090625 0.209375 0.098437 0.215625 0.098437 0.217188 0.100000 0.218750 0.100000 0.220312 0.101562 0.221875 0.101562 0.223438 0.103125 0.223438 0.107813 0.232813 0.107813 0.232813 0.103125 0.237500 0.098437 0.237500 0.096875 0.239063 0.095312 0.239063 0.090625
0 0.912500 0.565625 0.912500 0.570312 0.909375 0.573438 0.907813 0.573438 0.904687 0.576562 0.903125 0.576562 0.901563 0.578125 0.896875 0.578125 0.896875 0.603125 0.903125 0.603125 0.904687 0.604688 0.904687 0.606250 0.906250 0.607812 0.906250 0.609375 0.907813 0.610938 0.907813 0.612500 0.910937 0.615625 0.910937 0.617188 0.914062 0.620313 0.914062 0.621875 0.915625 0.623437 0.917188 0.623437 0.921875 0.628125 0.921875 0.632812 0.931250 0.632812 0.931250 0.628125 0.934375 0.625000 0.935937 0.625000 0.953125 0.607812 0.957812 0.607812 0.957812 0.585938 0.953125 0.585938 0.951562 0.584375 0.951562 0.581250 0.950000 0.579688 0.950000 0.565625
0 0.000000 0.459375 0.000000 0.495312 0.031250 0.495312 0.031250 0.490625 0.034375 0.487500 0.037500 0.487500 0.039062 0.485938 0.040625 0.485938 0.042188 0.484375 0.043750 0.484375 0.045312 0.482812 0.048438 0.482812 0.050000 0.481250 0.051562 0.481250 0.053125 0.479687 0.056250 0.479687 0.057813 0.478125 0.059375 0.478125 0.064062 0.473438 0.070312 0.473438 0.070312 0.459375
0 0.648438 0.734375 0.648438 0.739062 0.645312 0.742188 0.643750 0.742188 0.640625 0.745313 0.639062 0.745313 0.635938 0.748437 0.634375 0.748437 0.631250 0.751563 0.629687 0.751563 0.623437 0.757812 0.621875 0.757812 0.607812 0.771875 0.603125 0.771875 0.603125 0.804688 0.607812 0.804688 0.628125 0.825000 0.629687 0.825000 0.640625 0.835938 0.642188 0.835938 0.643750 0.837500 0.654687 0.837500 0.656250 0.835938 0.657813 0.835938 0.667188 0.826562 0.667188 0.825000 0.671875 0.820312 0.671875 0.818750 0.675000 0.815625 0.675000 0.812500 0.676562 0.810937 0.676562 0.792188 0.678125 0.790625 0.678125 0.787500 0.679688 0.785937 0.679688 0.784375 0.681250 0.782813 0.681250 0.781250 0.685937 0.776563 0.687500 0.776563 0.690625 0.773438 0.692187 0.773438 0.693750 0.771875 0.695312 0.771875 0.696875 0.770312 0.698438 0.770312 0.700000 0.768750 0.701562 0.768750 0.703125 0.767188 0.704688 0.767188 0.707812 0.764062 0.709375 0.764062 0.710938 0.762500 0.712500 0.762500 0.714063 0.760938 0.715625 0.760938 0.718750 0.757812 0.720313 0.757812 0.721875 0.756250 0.723437 0.756250 0.725000 0.754687 0.726562 0.754687 0.729688 0.751563 0.731250 0.751563 0.734375 0.748437 0.735938 0.748437 0.737500 0.746875 0.739062 0.746875 0.740625 0.745313 0.742188 0.745313 0.742188 0.743750 0.745313 0.740625 0.745313 0.734375
0 0.409375 0.365625 0.409375 0.395313 0.432812 0.395313 0.432812 0.390625 0.435937 0.387500 0.437500 0.387500 0.439063 0.385937 0.440625 0.385937 0.442188 0.384375 0.443750 0.384375 0.445312 0.382812 0.451562 0.382812 0.451562 0.365625
1 0.162761 0.187500 0.390625 0.161458 0.131511 0.518230
0 0.000000 0.365886 0.029948 0.367188 0.033855 0.377605 0.019531 0.382812 0.007812 0.382812 0.000000 0.382812
0 0.000000 0.294270 0.026042 0.296875 0.026042 0.292969 0.020833 0.282552 0.006511 0.270833 0.000000 0.269531
0 0.035156 0.183594 0.031250 0.169270 0.044270 0.164062 0.058594 0.162761 0.072917 0.164062 0.082031 0.171875 0.085938 0.178386 0.085938 0.184895 0.078125 0.187500 0.052083 0.191406 0.032552 0.190105
0 0.001302 0.100261 0.019531 0.093750 0.000000 0.082031
0 0.756511 0.123698 0.772136 0.111980 0.842448 0.096355 0.919270 0.091145 0.997395 0.096355 0.998437 0.265625 0.986980 0.273438 0.959636 0.278645 0.932292 0.279948 0.886719 0.282552 0.855469 0.276042 0.815105 0.260417 0.776042 0.238281 0.759114 0.190105 0.755208 0.145833
0 0.162656 0.419652 0.153709 0.418837 0.150456 0.427784 0.142323 0.437544 0.152897 0.441609 0.157777 0.435103
0 0.485527 0.171602 0.494473 0.163469 0.509925 0.158589 0.537577 0.160216 0.555469 0.169161 0.553028 0.180547 0.538389 0.188680 0.522938 0.191120 0.496100 0.187867 0.483900 0.178920
