1 0.623085 0.302655 0.622575 0.307132 0.619293 0.309737 0.619123 0.311229 0.617482 0.312531 0.617313 0.314024 0.615671 0.315326 0.615501 0.316819 0.613861 0.318121 0.613691 0.319614 0.612051 0.320917 0.611881 0.322409 0.610240 0.323712 0.610070 0.325204 0.608428 0.326507 0.608259 0.327999 0.606618 0.329301 0.606448 0.330794 0.603167 0.333399 0.602997 0.334892 0.601357 0.336194 0.601187 0.337687 0.597904 0.340291 0.597734 0.341784 0.596094 0.343086 0.595924 0.344579 0.592642 0.347184 0.592472 0.348677 0.590831 0.349979 0.590661 0.351472 0.587381 0.354077 0.587211 0.355569 0.585570 0.356871 0.585400 0.358364 0.580477 0.362272 0.580307 0.363764 0.578667 0.365067 0.578497 0.366559 0.575215 0.369164 0.575045 0.370656 0.573404 0.371959 0.573234 0.373451 0.571594 0.374754 0.571424 0.376247 0.569783 0.377549 0.569613 0.379042 0.567972 0.380344 0.567802 0.381837 0.566162 0.383139 0.565992 0.384631 0.564351 0.385934 0.564181 0.387425 0.562541 0.388729 0.562201 0.391713 0.558919 0.394319 0.558749 0.395810 0.557108 0.397113 0.556938 0.398605 0.555297 0.399908 0.555127 0.401400 0.553487 0.402703 0.553317 0.404196 0.550035 0.406801 0.549865 0.408293 0.548224 0.409596 0.548054 0.411088 0.546414 0.412390 0.546244 0.413883 0.542962 0.416488 0.542793 0.417981 0.541152 0.419283 0.540982 0.420776 0.539341 0.422078 0.539171 0.423570 0.537530 0.424873 0.537360 0.426365 0.535720 0.427668 0.529836 0.426910 0.526948 0.452277 0.531360 0.452846 0.532661 0.454528 0.534132 0.454718 0.535433 0.456399 0.536905 0.456589 0.539507 0.459952 0.540977 0.460142 0.542278 0.461824 0.543749 0.462014 0.545049 0.463696 0.546521 0.463885 0.547821 0.465567 0.547651 0.467059 0.549123 0.467249 0.550424 0.468930 0.551895 0.469120 0.562302 0.482574 0.563774 0.482764 0.566375 0.486127 0.576672 0.487454 0.579953 0.484849 0.580293 0.481865 0.581933 0.480561 0.582273 0.477577 0.583914 0.476275 0.584594 0.470306 0.586235 0.469004 0.586915 0.463034 0.588555 0.461731 0.588895 0.458747 0.590536 0.457445 0.591046 0.452968 0.592686 0.451664 0.595065 0.430773 0.596705 0.429471 0.597215 0.424995 0.598856 0.423691 0.599196 0.420707 0.600837 0.419404 0.601007 0.417912 0.602647 0.416610 0.602817 0.415117 0.604458 0.413815 0.604797 0.410830 0.606439 0.409527 0.606609 0.408035 0.608249 0.406732 0.608589 0.403748 0.610230 0.402445 0.610740 0.397969 0.612381 0.396666 0.612891 0.392189 0.614531 0.390886 0.614871 0.387902 0.616511 0.386599 0.617191 0.380630 0.618832 0.379327 0.619512 0.373358 0.621153 0.372056 0.621832 0.366087 0.623473 0.364784 0.623982 0.360308 0.625623 0.359005 0.625963 0.356021 0.627604 0.354718 0.628114 0.350241 0.629755 0.348938 0.630434 0.342970 0.632075 0.341667 0.632415 0.338683 0.634056 0.337380 0.634566 0.332903 0.636206 0.331600 0.636885 0.325631 0.638526 0.324329 0.639036 0.319852 0.640677 0.318549 0.642206 0.305119
1 0.671289 0.272528 0.670609 0.278497 0.668968 0.279800 0.667498 0.279610 0.664215 0.282216 0.664045 0.283707 0.662405 0.285011 0.662235 0.286502 0.660595 0.287805 0.660425 0.289297 0.658784 0.290600 0.658444 0.293584 0.656803 0.294887 0.656633 0.296380 0.654992 0.297682 0.654822 0.299175 0.653182 0.300477 0.653012 0.301970 0.651371 0.303272 0.651201 0.304764 0.649560 0.306067 0.649220 0.309051 0.647580 0.310355 0.647240 0.313339 0.645599 0.314641 0.645089 0.319117 0.643449 0.320421 0.642599 0.327882 0.640959 0.329184 0.640449 0.333661 0.638808 0.334964 0.638468 0.337948 0.636827 0.339251 0.636487 0.342236 0.634847 0.343538 0.634507 0.346523 0.632867 0.347825 0.632527 0.350809 0.630885 0.352112 0.630546 0.355097 0.628905 0.356400 0.628565 0.359385 0.625283 0.361989 0.620871 0.361420 0.615944 0.404696 0.621827 0.405454 0.623129 0.407135 0.624599 0.407325 0.625900 0.409007 0.627371 0.409197 0.628672 0.410878 0.631614 0.411257 0.632915 0.412939 0.634385 0.413129 0.635686 0.414811 0.637157 0.415001 0.646264 0.426773 0.646094 0.428265 0.647395 0.429947 0.648866 0.430136 0.651468 0.433500 0.652940 0.433690 0.655541 0.437053 0.657012 0.437243 0.658314 0.438924 0.659784 0.439114 0.662386 0.442477 0.663856 0.442667 0.666459 0.446030 0.667930 0.446220 0.670532 0.449584 0.672003 0.449774 0.673303 0.451455 0.677717 0.452024 0.682639 0.448116 0.681338 0.446434 0.681848 0.441957 0.680546 0.440276 0.684454 0.405955 0.686095 0.404652 0.686775 0.398683 0.688415 0.397380 0.689095 0.391411 0.690735 0.390108 0.691585 0.382647 0.693226 0.381344 0.693735 0.376868 0.695377 0.375565 0.695717 0.372581 0.697357 0.371277 0.697697 0.368294 0.699337 0.366991 0.699507 0.365499 0.702789 0.362893 0.708672 0.363652 0.711051 0.342759 0.706639 0.342191 0.705337 0.340509 0.705507 0.339018 0.704206 0.337335 0.704546 0.334351 0.703245 0.332670 0.703415 0.331177 0.702114 0.329495 0.703755 0.328192 0.704264 0.323715 0.702964 0.322034 0.705852 0.296665 0.704552 0.294984 0.706590 0.277077
1 0.492826 0.516016 0.491977 0.523478 0.490336 0.524780 0.489997 0.527765 0.488355 0.529067 0.488185 0.530560 0.486545 0.531863 0.486375 0.533355 0.481452 0.537262 0.481282 0.538755 0.473078 0.545269 0.472908 0.546761 0.469627 0.549366 0.469458 0.550859 0.467816 0.552161 0.467646 0.553654 0.466006 0.554956 0.465836 0.556448 0.462554 0.559054 0.462384 0.560546 0.460744 0.561848 0.460404 0.564832 0.458762 0.566135 0.458592 0.567628 0.456952 0.568930 0.456782 0.570422 0.455142 0.571725 0.454802 0.574710 0.453161 0.576012 0.452821 0.578997 0.451181 0.580300 0.451011 0.581792 0.449370 0.583095 0.449200 0.584586 0.447559 0.585889 0.447389 0.587382 0.445748 0.588684 0.445578 0.590176 0.442297 0.592781 0.442127 0.594274 0.440486 0.595577 0.440316 0.597069 0.437034 0.599674 0.436864 0.601167 0.430302 0.606378 0.425889 0.605809 0.423340 0.628192 0.429224 0.628951 0.431826 0.632314 0.433296 0.632504 0.438500 0.639231 0.439972 0.639420 0.441273 0.641103 0.442743 0.641292 0.445345 0.644655 0.446817 0.644845 0.450719 0.649890 0.450210 0.654367 0.461977 0.655883 0.462656 0.649915 0.464297 0.648612 0.464467 0.647119 0.466108 0.645817 0.466617 0.641341 0.468258 0.640038 0.469447 0.629592 0.471088 0.628289 0.471768 0.622320 0.473409 0.621018 0.474089 0.615049 0.475729 0.613746 0.475899 0.612254 0.477540 0.610951 0.477880 0.607967 0.479520 0.606664 0.479860 0.603679 0.481501 0.602377 0.481671 0.600885 0.483312 0.599582 0.483482 0.598089 0.485122 0.596787 0.485292 0.595294 0.486933 0.593992 0.487103 0.592500 0.488743 0.591197 0.489253 0.586721 0.490894 0.585418 0.492084 0.574972 0.493725 0.573669 0.494235 0.569192 0.495875 0.567890 0.496384 0.563414 0.498026 0.562111 0.498366 0.559126 0.500006 0.557824 0.500176 0.556331 0.501816 0.555029 0.501986 0.553536 0.503627 0.552233 0.503967 0.549250 0.505607 0.547946 0.505947 0.544962 0.507588 0.543660 0.507758 0.542167 0.509399 0.540864 0.509569 0.539372 0.511210 0.538069 0.511380 0.536577 0.513021 0.535275 0.513191 0.533782 0.518113 0.529875 0.522525 0.530443 0.523714 0.519997
0 0.515690 0.446285 0.511783 0.480606 0.516195 0.481174 0.517496 0.482857 0.517326 0.484348 0.518628 0.486031 0.518458 0.487522 0.519758 0.489205 0.519419 0.492189 0.520720 0.493871 0.520210 0.498348 0.521511 0.500029 0.521171 0.503013 0.522473 0.504696 0.522133 0.507680 0.523433 0.509362 0.523094 0.512346 0.524394 0.514028 0.524224 0.515521 0.525526 0.517202 0.525356 0.518694 0.526656 0.520376 0.526316 0.523361 0.527618 0.525042 0.527448 0.526535 0.528749 0.528217 0.528579 0.529709 0.529880 0.531391 0.529710 0.532883 0.531012 0.534564 0.530842 0.536057 0.532142 0.537739 0.531972 0.539231 0.533273 0.540912 0.533103 0.542405 0.535705 0.545768 0.535195 0.550245 0.542550 0.551193 0.543060 0.546716 0.546341 0.544111 0.546511 0.542618 0.548152 0.541316 0.548322 0.539824 0.549963 0.538521 0.550133 0.537028 0.553414 0.534424 0.553584 0.532931 0.556866 0.530326 0.557205 0.527342 0.558847 0.526039 0.559017 0.524547 0.560657 0.523243 0.565069 0.523812 0.567957 0.498444 0.563545 0.497876 0.560943 0.494512 0.561113 0.493020 0.559812 0.491338 0.559982 0.489845 0.557380 0.486482 0.557719 0.483498 0.552517 0.476770 0.552686 0.475279 0.551385 0.473596 0.549915 0.473407 0.543409 0.464998 0.541938 0.464809 0.536735 0.458081 0.535263 0.457892 0.532661 0.454528 0.533341 0.448559
0 0.918379 0.461841 0.917869 0.466318 0.916228 0.467621 0.916058 0.469113 0.912776 0.471718 0.912606 0.473210 0.907685 0.477118 0.907515 0.478611 0.889465 0.492941 0.887994 0.492751 0.883072 0.496659 0.881602 0.496469 0.876679 0.500377 0.875209 0.500187 0.871926 0.502792 0.870456 0.502603 0.867174 0.505209 0.865703 0.505020 0.864062 0.506322 0.862591 0.506132 0.859310 0.508738 0.857839 0.508548 0.856198 0.509851 0.854727 0.509662 0.853087 0.510964 0.848674 0.510395 0.846805 0.526809 0.854159 0.527757 0.855460 0.529439 0.877524 0.532283 0.879165 0.530980 0.883577 0.531548 0.885218 0.530246 0.888160 0.530625 0.889800 0.529322 0.891271 0.529512 0.892912 0.528209 0.894383 0.528399 0.896024 0.527097 0.897495 0.527286 0.899135 0.525983 0.900606 0.526173 0.902248 0.524871 0.903718 0.525060 0.905358 0.523757 0.906830 0.523947 0.908471 0.522643 0.909942 0.522833 0.911583 0.521531 0.913053 0.521720 0.916335 0.519115 0.917806 0.519305 0.919446 0.518002 0.920917 0.518192 0.924198 0.515586 0.925670 0.515776 0.945359 0.500144 0.949772 0.500713 0.951471 0.485790 0.947058 0.485221 0.944456 0.481857 0.944626 0.480365 0.942024 0.477002 0.942194 0.475509 0.939592 0.472146 0.938122 0.471957 0.936820 0.470274 0.937500 0.464305
0 0.149085 0.520170 0.146197 0.545537 0.152081 0.546295 0.159887 0.556386 0.159717 0.557879 0.162319 0.561243 0.163790 0.561432 0.165430 0.560130 0.166901 0.560319 0.171824 0.556411 0.171993 0.554918 0.178557 0.549708 0.178726 0.548216 0.180368 0.546914 0.180538 0.545421 0.182178 0.544119 0.186590 0.544687 0.188799 0.525288
0 0.980277 0.403196 0.979597 0.409165 0.976316 0.411771 0.974845 0.411581 0.969922 0.415490 0.968452 0.415300 0.965170 0.417904 0.963699 0.417715 0.962058 0.419018 0.960587 0.418828 0.958947 0.420131 0.956004 0.419752 0.954364 0.421055 0.952894 0.420865 0.951252 0.422167 0.949782 0.421978 0.948141 0.423281 0.946669 0.423091 0.945029 0.424395 0.943559 0.424205 0.941917 0.425507 0.940446 0.425318 0.938806 0.426621 0.937335 0.426431 0.935694 0.427733 0.932752 0.427354 0.931111 0.428657 0.929640 0.428468 0.928000 0.429770 0.926529 0.429581 0.924888 0.430883 0.923417 0.430693 0.921777 0.431996 0.918835 0.431617 0.917194 0.432919 0.915723 0.432730 0.914082 0.434033 0.911140 0.433654 0.909499 0.434957 0.908029 0.434768 0.906388 0.436070 0.903446 0.435691 0.901805 0.436994 0.898864 0.436615 0.897223 0.437917 0.892810 0.437348 0.891451 0.449286 0.897334 0.450044 0.898635 0.451727 0.901577 0.452106 0.902878 0.453787 0.904350 0.453977 0.905650 0.455659 0.908592 0.456038 0.909893 0.457719 0.912834 0.458098 0.914136 0.459780 0.928844 0.461675 0.930145 0.463358 0.929635 0.467835 0.959053 0.471626 0.959563 0.467149 0.974330 0.455424 0.974500 0.453932 0.981063 0.448722 0.981233 0.447230 0.982874 0.445927 0.983043 0.444435 0.986326 0.441829 0.986496 0.440337 0.988136 0.439034 0.988306 0.437542 0.989946 0.436240 0.990116 0.434747 0.993398 0.432142 0.993568 0.430650 0.995209 0.429347 0.995379 0.427854 0.997020 0.426552 0.997190 0.425059 0.998830 0.423757 1.000000 0.405850
0 0.762372 0.272153 0.761862 0.276630 0.758581 0.279235 0.757110 0.279045 0.753828 0.281651 0.749415 0.281083 0.747207 0.300481 0.754562 0.301429 0.755862 0.303110 0.757334 0.303300 0.758634 0.304982 0.765988 0.305930 0.767629 0.304627 0.770571 0.305006 0.777134 0.299796 0.777304 0.298304 0.783867 0.293093 0.788280 0.293661 0.790319 0.275755
0 0.983908 0.318873 0.983398 0.323350 0.978476 0.327258 0.977005 0.327068 0.972082 0.330975 0.970612 0.330786 0.968971 0.332089 0.966029 0.331710 0.964388 0.333012 0.958505 0.332254 0.956296 0.351654 0.960709 0.352222 0.962010 0.353904 0.963480 0.354094 0.964781 0.355775 0.969194 0.356344 0.970835 0.355042 0.972305 0.355231 0.973947 0.353928 0.975418 0.354118 0.976718 0.355800 0.979660 0.356179 0.980962 0.357861 0.982432 0.358050 0.985034 0.361414 0.984524 0.365890 0.997762 0.367596 0.998272 0.363120 1.000000 0.355304 1.000000 0.355493 1.000000 0.347677 1.000000 0.347867 1.000000 0.342656 1.000000 0.343414 1.000000 0.325507
0 0.128483 0.596250 0.124576 0.630572 0.136343 0.632088 0.136852 0.627611 0.145056 0.621097 0.145226 0.619605 0.148507 0.617000 0.149867 0.605062 0.148566 0.603381 0.149076 0.598903
0 0.854776 0.574775 0.854096 0.580744 0.852456 0.582046 0.846572 0.581288 0.844533 0.599196 0.850417 0.599954 0.851717 0.601636 0.856130 0.602204 0.857432 0.603887 0.864786 0.604834 0.866086 0.606516 0.865577 0.610993 0.881757 0.613078 0.882267 0.608601 0.883907 0.607299 0.886849 0.607678 0.890130 0.605072 0.896014 0.605831 0.897713 0.590907 0.891829 0.590149 0.890529 0.588468 0.889058 0.588278 0.887757 0.586596 0.886286 0.586406 0.883683 0.583044 0.884193 0.578566
0 0.995990 0.514239 0.995481 0.518715 0.990559 0.522624 0.989087 0.522434 0.984165 0.526343 0.982694 0.526153 0.977772 0.530061 0.971889 0.529303 0.969000 0.554671 0.973413 0.555240 0.974714 0.556921 0.976184 0.557111 0.980088 0.562156 0.979918 0.563648 0.981389 0.563838 0.983990 0.567201 0.983481 0.571678 0.995249 0.573194 0.995928 0.567226 1.000000 0.558107 1.000000 0.558296 1.000000 0.555691 1.000000 0.555881 1.000000 0.553275 1.000000 0.553465 1.000000 0.549556 1.000000 0.550125 1.000000 0.518789
0 0.155221 0.308982 0.152673 0.331365 0.157086 0.331933 0.159687 0.335297 0.161158 0.335486 0.170265 0.347260 0.169756 0.351736 0.190347 0.354390 0.190857 0.349913 0.194139 0.347308 0.195610 0.347498 0.198891 0.344892 0.200363 0.345082 0.205285 0.341173 0.209697 0.341742 0.211566 0.325328 0.207154 0.324759 0.203251 0.319713 0.203761 0.315237
0 0.160415 0.394442 0.159906 0.398920 0.154983 0.402827 0.150571 0.402259 0.148532 0.420165 0.152944 0.420734 0.154246 0.422415 0.155716 0.422605 0.157017 0.424287 0.158488 0.424477 0.161091 0.427841 0.162561 0.428030 0.163863 0.429712 0.163183 0.435680 0.172008 0.436818 0.172688 0.430850 0.177610 0.426941 0.177780 0.425448 0.184343 0.420239 0.184513 0.418746 0.192717 0.412232 0.192887 0.410740 0.194527 0.409437 0.193227 0.407756 0.193397 0.406264 0.192095 0.404582 0.192775 0.398613
0 0.614584 0.416634 0.609997 0.456924 0.626177 0.459010 0.626687 0.454533 0.628327 0.453229 0.628497 0.451738 0.630137 0.450435 0.630307 0.448943 0.633589 0.446337 0.633759 0.444845 0.637041 0.442239 0.637211 0.440747 0.640492 0.438142 0.640662 0.436649 0.642303 0.435347 0.646715 0.435916 0.648414 0.420993
0 0.932743 0.506088 0.929515 0.534440 0.935398 0.535198 0.936699 0.536881 0.936530 0.538373 0.940432 0.543418 0.939922 0.547895 0.954631 0.549791 0.955311 0.543821 0.965156 0.536006 0.969569 0.536575 0.971098 0.523144 0.966685 0.522575 0.964083 0.519212 0.962612 0.519022 0.960009 0.515659 0.960689 0.509690
0 0.830338 0.553456 0.829829 0.557933 0.824907 0.561841 0.823436 0.561652 0.820154 0.564257 0.818683 0.564067 0.817043 0.565371 0.812630 0.564802 0.810251 0.585692 0.829373 0.588157 0.830053 0.582188 0.831693 0.580885 0.833164 0.581075 0.834805 0.579772 0.836276 0.579961 0.837917 0.578659 0.839387 0.578849 0.841028 0.577546 0.842500 0.577736 0.844140 0.576433 0.845611 0.576622 0.847252 0.575319 0.848722 0.575509 0.850363 0.574207 0.851835 0.574396 0.855115 0.571791 0.858057 0.572170 0.859698 0.570868 0.861170 0.571057 0.864450 0.568451 0.870334 0.569209 0.871523 0.558764
0 0.623381 0.653972 0.620832 0.676355 0.626716 0.677114 0.628016 0.678796 0.627507 0.683272 0.645158 0.685547 0.645838 0.679578 0.650760 0.675670 0.655173 0.676239 0.657212 0.658332
0 0.464879 0.512415 0.464369 0.516891 0.461089 0.519497 0.460919 0.520989 0.457637 0.523595 0.457467 0.525086 0.454186 0.527693 0.454016 0.529184 0.450733 0.531790 0.450563 0.533281 0.448923 0.534585 0.448753 0.536077 0.443830 0.539985 0.443660 0.541478 0.442020 0.542780 0.441850 0.544272 0.440210 0.545575 0.440040 0.547068 0.438399 0.548370 0.438229 0.549862 0.436588 0.551165 0.436419 0.552656 0.434777 0.553960 0.434607 0.555452 0.432966 0.556754 0.432796 0.558246 0.431156 0.559549 0.430986 0.561041 0.429345 0.562344 0.429005 0.565329 0.427365 0.566631 0.427025 0.569616 0.425384 0.570919 0.425045 0.573903 0.421763 0.576508 0.417350 0.575940 0.413102 0.613246 0.424869 0.614763 0.425549 0.608794 0.427189 0.607490 0.427359 0.605999 0.429001 0.604696 0.429171 0.603203 0.432452 0.600598 0.432622 0.599106 0.435904 0.596500 0.436073 0.595009 0.439355 0.592402 0.439525 0.590911 0.442806 0.588305 0.442976 0.586813 0.444617 0.585510 0.444787 0.584018 0.446428 0.582715 0.446598 0.581224 0.448239 0.579921 0.448409 0.578429 0.450049 0.577126 0.450219 0.575633 0.451860 0.574331 0.452200 0.571346 0.453841 0.570043 0.454010 0.568551 0.455652 0.567249 0.455822 0.565756 0.457462 0.564453 0.457802 0.561469 0.459442 0.560166 0.459612 0.558675 0.462894 0.556068 0.463063 0.554577 0.464705 0.553274 0.464875 0.551782 0.466516 0.550480 0.466686 0.548987 0.468326 0.547684 0.468496 0.546192 0.470137 0.544890 0.470307 0.543397 0.471947 0.542094 0.472117 0.540602 0.473758 0.539300 0.473928 0.537807 0.478850 0.533899 0.479020 0.532407 0.482302 0.529801 0.486715 0.530370 0.488414 0.515448
0 0.134600 0.542529 0.132051 0.564912 0.137935 0.565670 0.141837 0.570716 0.143309 0.570906 0.144610 0.572588 0.146081 0.572778 0.147382 0.574459 0.146872 0.578936 0.148343 0.579126 0.148852 0.574648 0.150493 0.573346 0.153434 0.573725 0.155076 0.572422 0.156547 0.572612 0.161469 0.568703 0.165881 0.569272 0.166561 0.563303 0.162149 0.562734 0.151741 0.549281 0.152251 0.544804
0 0.880936 0.384337 0.878727 0.403737 0.884611 0.404495 0.885912 0.406177 0.905033 0.408641 0.906674 0.407339 0.908145 0.407528 0.909786 0.406225 0.911257 0.406415 0.912897 0.405112 0.913237 0.402127 0.914878 0.400825 0.919290 0.401393 0.914878 0.400825 0.910976 0.395780 0.911825 0.388318
0 0.661401 0.634646 0.658512 0.660014 0.662925 0.660583 0.664226 0.662264 0.665696 0.662454 0.666998 0.664135 0.668468 0.664325 0.669770 0.666007 0.671241 0.666197 0.672541 0.667879 0.674012 0.668068 0.675313 0.669750 0.701789 0.673162 0.703430 0.671860 0.706372 0.672239 0.708013 0.670936 0.709483 0.671125 0.711124 0.669822 0.715538 0.670391 0.716557 0.661438 0.710672 0.660680 0.708071 0.657315 0.706600 0.657126 0.705299 0.655444 0.703828 0.655255 0.702528 0.653573 0.701056 0.653383 0.693250 0.643293 0.693760 0.638816
0 0.727823 0.588697 0.727313 0.593174 0.725673 0.594477 0.719789 0.593718 0.717581 0.613118 0.726406 0.614255 0.727707 0.615937 0.730648 0.616316 0.732290 0.615013 0.748470 0.617099 0.750110 0.615795 0.753052 0.616175 0.754692 0.614871 0.757635 0.615251 0.759275 0.613948 0.760746 0.614138 0.764027 0.611532 0.765499 0.611722 0.767140 0.610419 0.767310 0.608927 0.770590 0.606322 0.770930 0.603337 0.769630 0.601655 0.770479 0.594194
1 0.276941 0.524534 0.276261 0.530503 0.274620 0.531805 0.274450 0.533298 0.272810 0.534601 0.272640 0.536093 0.266077 0.541303 0.265907 0.542796 0.264266 0.544098 0.264096 0.545590 0.260815 0.548196 0.260645 0.549688 0.259004 0.550990 0.258834 0.552483 0.252271 0.557694 0.252101 0.559186 0.248819 0.561792 0.248649 0.563284 0.247009 0.564586 0.246839 0.566079 0.243558 0.568684 0.243388 0.570177 0.240105 0.572781 0.239935 0.574274 0.236655 0.576879 0.236485 0.578371 0.233202 0.580977 0.233032 0.582469 0.231392 0.583772 0.231222 0.585264 0.227941 0.587869 0.227771 0.589362 0.226130 0.590664 0.225960 0.592156 0.224319 0.593459 0.224149 0.594951 0.222508 0.596254 0.222338 0.597747 0.220698 0.599049 0.220528 0.600541 0.218888 0.601844 0.218548 0.604828 0.216907 0.606130 0.216567 0.609116 0.214925 0.610418 0.214755 0.611911 0.213115 0.613213 0.212945 0.614705 0.211305 0.616008 0.211135 0.617501 0.209494 0.618803 0.209324 0.620295 0.207684 0.621598 0.207344 0.624582 0.205702 0.625885 0.205363 0.628869 0.203721 0.630172 0.203382 0.633156 0.201741 0.634459 0.201232 0.638936 0.199591 0.640239 0.199421 0.641731 0.197780 0.643033 0.197610 0.644526 0.195969 0.645829 0.195459 0.650305 0.193819 0.651607 0.193479 0.654593 0.191838 0.655895 0.191498 0.658879 0.189858 0.660183 0.189518 0.663166 0.187878 0.664469 0.187198 0.670438 0.185557 0.671740 0.185217 0.674726 0.183576 0.676028 0.183406 0.677520 0.181765 0.678823 0.181596 0.680315 0.179955 0.681618 0.179615 0.684602 0.177974 0.685905 0.177804 0.687397 0.176164 0.688700 0.171751 0.688132 0.168693 0.714991 0.193697 0.718214 0.194547 0.710753 0.196188 0.709450 0.196358 0.707958 0.197999 0.706656 0.198339 0.703670 0.199979 0.702368 0.200999 0.693415 0.202640 0.692113 0.202810 0.690620 0.204450 0.689317 0.204620 0.687825 0.207902 0.685220 0.208072 0.683727 0.211353 0.681121 0.211523 0.679630 0.214805 0.677024 0.214975 0.675532 0.216616 0.674229 0.216786 0.672738 0.218426 0.671434 0.218766 0.668450 0.220406 0.667147 0.220746 0.664163 0.222387 0.662860 0.222557 0.661368 0.224197 0.660065 0.224367 0.658573 0.227650 0.655967 0.227820 0.654475 0.229460 0.653172 0.229630 0.651681 0.231270 0.650378 0.231440 0.648886 0.233081 0.647582 0.233251 0.646091 0.236533 0.643485 0.236703 0.641994 0.238344 0.640690 0.238514 0.639198 0.241795 0.636593 0.241965 0.635101 0.245247 0.632495 0.245417 0.631003 0.247057 0.629700 0.247227 0.628208 0.250509 0.625602 0.250679 0.624110 0.252320 0.622808 0.252490 0.621316 0.254130 0.620012 0.254300 0.618521 0.255940 0.617218 0.256110 0.615726 0.257751 0.614423 0.257921 0.612931 0.259562 0.611628 0.259732 0.610136 0.261373 0.608834 0.261543 0.607341 0.263184 0.606038 0.263354 0.604546 0.266635 0.601941 0.266974 0.598956 0.268616 0.597653 0.268786 0.596161 0.270427 0.594859 0.270597 0.593366 0.272237 0.592063 0.272407 0.590571 0.274048 0.589269 0.274218 0.587777 0.275858 0.586474 0.276028 0.584982 0.277669 0.583678 0.277839 0.582187 0.279480 0.580884 0.279650 0.579392 0.281291 0.578089 0.281461 0.576597 0.284741 0.573991 0.284911 0.572499 0.289834 0.568591 0.290004 0.567099 0.296567 0.561889 0.296907 0.558904 0.298548 0.557601 0.299058 0.553125 0.297757 0.551443 0.298096 0.548458 0.296795 0.546777 0.296965 0.545284 0.293062 0.540238 0.293232 0.538746 0.291932 0.537065 0.292102 0.535572 0.289499 0.532209 0.290178 0.526240
0 0.619983 0.683817 0.617774 0.703216 0.626600 0.704353 0.627901 0.706035 0.651435 0.709068 0.652736 0.710750 0.660090 0.711697 0.661731 0.710395 0.667614 0.711153 0.669255 0.709850 0.675138 0.710608 0.677347 0.691210
0 0.292135 0.260004 0.289586 0.282388 0.307237 0.284663 0.307747 0.280186 0.314310 0.274975 0.318722 0.275544 0.320081 0.263606
0 0.191416 0.410551 0.190736 0.416520 0.187455 0.419125 0.187285 0.420618 0.179081 0.427131 0.178911 0.428623 0.177270 0.429926 0.171386 0.429167 0.169348 0.447074 0.175231 0.447832 0.176533 0.449515 0.175853 0.455483 0.199387 0.458516 0.200067 0.452548 0.201707 0.451244 0.201877 0.449753 0.203518 0.448450 0.203688 0.446957 0.206970 0.444352 0.207140 0.442860 0.208780 0.441557 0.211159 0.420666 0.209858 0.418984 0.210538 0.413015
1 0.710779 0.253391 0.699396 0.353370 0.703808 0.353939 0.706411 0.357303 0.706241 0.358795 0.707542 0.360477 0.709012 0.360666 0.710313 0.362349 0.711785 0.362538 0.716989 0.369265 0.718459 0.369455 0.721061 0.372819 0.724003 0.373198 0.725304 0.374879 0.728245 0.375258 0.729547 0.376940 0.732488 0.377319 0.733790 0.379001 0.739673 0.379759 0.740974 0.381441 0.743916 0.381820 0.745557 0.380517 0.747027 0.380707 0.748669 0.379405 0.754552 0.380163 0.760838 0.324951 0.756425 0.324382 0.753823 0.321017 0.753993 0.319526 0.752693 0.317843 0.752863 0.316352 0.750260 0.312988 0.750769 0.308512 0.749469 0.306829 0.749809 0.303845 0.748508 0.302163 0.748678 0.300671 0.747377 0.298989 0.747547 0.297497 0.746245 0.295815 0.747774 0.282385 0.749415 0.281083 0.751964 0.258699
0 0.236892 0.483033 0.234513 0.503925 0.243339 0.505062 0.244640 0.506743 0.246111 0.506933 0.247411 0.508615 0.246901 0.513091 0.261610 0.514987 0.263819 0.495588 0.259407 0.495020 0.256805 0.491656 0.257484 0.485687
0 0.862587 0.545499 0.860718 0.561913 0.868073 0.562861 0.869373 0.564543 0.868864 0.569020 0.887985 0.571484 0.888494 0.567008 0.891777 0.564402 0.893247 0.564592 0.896529 0.561986 0.900941 0.562555 0.902300 0.550617
0 0.867596 0.291770 0.864368 0.320122 0.895257 0.324103 0.895767 0.319627 0.900689 0.315719 0.905102 0.316288 0.906461 0.304350 0.902048 0.303781 0.899446 0.300418 0.899956 0.295940
0 0.769130 0.527398 0.767431 0.542321 0.773314 0.543079 0.774616 0.544761 0.776086 0.544950 0.777386 0.546632 0.776877 0.551108 0.800411 0.554141 0.802960 0.531758
0 0.758154 0.532041 0.757644 0.536518 0.752722 0.540425 0.752552 0.541917 0.744348 0.548431 0.744178 0.549924 0.740896 0.552528 0.736484 0.551959 0.733086 0.581804 0.744853 0.583321 0.748134 0.580716 0.749605 0.580906 0.752887 0.578300 0.753057 0.576808 0.761261 0.570294 0.761431 0.568802 0.764712 0.566197 0.764882 0.564704 0.766522 0.563402 0.766692 0.561910 0.768333 0.560607 0.768673 0.557622 0.770314 0.556319 0.771163 0.548858 0.769863 0.547177 0.770372 0.542700 0.769071 0.541018 0.769920 0.533557
0 0.127143 0.450720 0.122216 0.493995 0.133983 0.495512 0.135625 0.494209 0.135795 0.492716 0.142357 0.487506 0.142527 0.486013 0.147449 0.482106 0.151862 0.482675 0.152541 0.476705 0.148129 0.476136 0.146828 0.474455 0.146997 0.472963 0.145697 0.471281 0.145867 0.469788 0.140663 0.463061 0.140833 0.461569 0.139532 0.459887 0.140382 0.452426
0 0.150192 0.720178 0.147134 0.747038 0.157431 0.748365 0.158731 0.750047 0.169028 0.751374 0.170668 0.750071 0.173610 0.750450 0.175250 0.749148 0.181134 0.749906 0.184022 0.724538
0 0.134172 0.336552 0.131624 0.358935 0.137507 0.359693 0.144071 0.354483 0.145542 0.354673 0.145712 0.353180 0.148992 0.350575 0.150352 0.338637
0 0.772062 0.606511 0.768834 0.634863 0.782071 0.636569 0.782581 0.632093 0.785863 0.629488 0.787334 0.629677 0.793897 0.624467 0.798309 0.625035 0.800008 0.610113
0 0.701429 0.374830 0.699789 0.376134 0.699619 0.377626 0.697978 0.378929 0.697808 0.380421 0.694527 0.383026 0.690114 0.382457 0.682129 0.452593 0.689483 0.453540 0.692085 0.456904 0.691575 0.461380 0.694518 0.461760 0.695027 0.457283 0.699949 0.453376 0.700289 0.450390 0.701930 0.449088 0.702440 0.444611 0.704080 0.443309 0.705609 0.429879 0.707250 0.428576 0.708609 0.416638 0.710250 0.415335 0.710420 0.413843 0.712061 0.412541 0.712401 0.409556 0.714042 0.408253 0.714551 0.403776 0.716193 0.402474 0.716702 0.397998 0.715401 0.396315 0.715741 0.393331 0.714440 0.391649 0.714950 0.387172 0.713648 0.385490 0.713818 0.383998 0.712517 0.382317 0.712687 0.380824 0.710086 0.377461 0.707143 0.377081 0.705842 0.375399
0 0.659148 0.549564 0.657279 0.565978 0.669046 0.567495 0.669726 0.561526 0.676289 0.556316 0.680701 0.556884 0.681211 0.552407
0 0.716279 0.611436 0.715769 0.615913 0.710848 0.619820 0.704964 0.619062 0.702755 0.638461 0.715994 0.640167 0.716503 0.635691 0.718144 0.634387 0.719615 0.634577 0.721255 0.633275 0.724197 0.633654 0.725838 0.632352 0.731721 0.633110 0.733362 0.631807 0.737775 0.632375 0.739416 0.631072 0.740887 0.631262 0.742528 0.629960 0.745469 0.630339 0.750392 0.626431 0.750562 0.624939 0.752202 0.623635 0.753052 0.616175
0 0.698657 0.372960 0.697978 0.378929 0.694697 0.381534 0.690284 0.380965 0.681959 0.454085 0.699609 0.456360 0.700629 0.447406 0.702270 0.446104 0.703460 0.435658 0.705100 0.434355 0.707139 0.416448 0.708779 0.415145 0.709289 0.410669 0.710930 0.409367 0.715343 0.409935 0.719251 0.375613
0 0.646022 0.559985 0.645342 0.565954 0.643702 0.567258 0.643532 0.568749 0.640249 0.571355 0.640079 0.572847 0.636799 0.575453 0.636629 0.576945 0.630065 0.582155 0.625653 0.581587 0.621065 0.621877 0.625478 0.622445 0.625987 0.617969 0.629270 0.615364 0.632211 0.615743 0.635492 0.613137 0.636964 0.613327 0.643527 0.608116 0.644997 0.608306 0.646638 0.607004 0.646808 0.605511 0.655013 0.598998 0.655183 0.597505 0.658463 0.594900 0.658633 0.593408 0.661916 0.590802 0.663785 0.574388 0.662483 0.572705 0.662823 0.569722 0.661521 0.568039 0.662201 0.562071
0 0.591478 0.619578 0.588929 0.641961 0.594813 0.642719 0.596114 0.644402 0.597585 0.644591 0.600187 0.647955 0.603128 0.648334 0.604430 0.650015 0.607371 0.650394 0.608672 0.652077 0.608162 0.656553 0.611104 0.656932 0.611614 0.652456 0.613255 0.651153 0.614726 0.651342 0.616366 0.650040 0.617837 0.650230 0.624400 0.645019 0.628813 0.645588 0.631192 0.624696
0 0.086153 0.705869 0.084284 0.722284 0.106347 0.725127 0.108216 0.708712
0 0.764392 0.411714 0.763882 0.416191 0.762241 0.417493 0.762071 0.418986 0.755508 0.424195 0.751095 0.423627 0.748037 0.450487 0.758333 0.451814 0.758843 0.447338 0.760484 0.446036 0.760654 0.444543 0.763935 0.441938 0.764105 0.440445 0.765746 0.439143 0.765915 0.437651 0.769198 0.435046 0.769368 0.433553 0.774290 0.429644 0.775760 0.429834 0.782323 0.424623 0.783513 0.414178
0 0.837844 0.251597 0.837164 0.257566 0.835523 0.258868 0.834843 0.264838 0.833202 0.266140 0.833032 0.267632 0.831392 0.268935 0.831052 0.271919 0.829411 0.273221 0.829071 0.276207 0.827431 0.277509 0.827261 0.279001 0.825620 0.280304 0.821207 0.279735 0.816110 0.324502 0.820523 0.325071 0.823125 0.328435 0.822785 0.331419 0.824086 0.333102 0.823746 0.336086 0.825047 0.337767 0.824197 0.345228 0.837436 0.346934 0.838285 0.339473 0.839926 0.338171 0.840096 0.336678 0.841737 0.335376 0.841907 0.333883 0.845188 0.331278 0.845358 0.329785 0.846999 0.328483 0.847168 0.326991 0.848810 0.325688 0.849149 0.322704 0.850791 0.321402 0.850961 0.319909 0.852601 0.318606 0.857013 0.319174 0.861600 0.278884 0.857188 0.278316 0.855888 0.276634 0.856227 0.273650 0.854926 0.271968 0.855266 0.268983 0.853964 0.267302 0.854304 0.264317 0.853004 0.262635 0.853174 0.261142 0.851873 0.259461 0.852553 0.253492
0 0.941325 0.640438 0.939626 0.655360 0.954335 0.657256 0.955976 0.655953 0.958917 0.656332 0.960559 0.655030 0.963500 0.655409 0.965141 0.654107 0.973966 0.655244 0.975155 0.644798
0 0.296426 0.327179 0.293878 0.349562 0.301233 0.350510 0.301742 0.346034 0.306664 0.342126 0.311076 0.342695 0.312606 0.329264
0 0.073493 0.607332 0.071963 0.620763 0.077847 0.621521 0.079487 0.620218 0.080959 0.620408 0.081129 0.618915 0.084410 0.616311 0.088823 0.616879 0.089673 0.609418
0 0.077104 0.680476 0.074556 0.702859 0.089265 0.704755 0.089774 0.700279 0.097978 0.693766 0.099167 0.683320
1 0.490676 0.521796 0.489997 0.527765 0.488355 0.529067 0.488185 0.530560 0.484904 0.533165 0.484734 0.534657 0.483094 0.535960 0.482924 0.537452 0.474719 0.543966 0.474549 0.545458 0.471268 0.548063 0.471098 0.549555 0.467816 0.552161 0.467646 0.553654 0.466006 0.554956 0.465836 0.556448 0.464195 0.557751 0.464025 0.559243 0.462384 0.560546 0.462214 0.562037 0.460574 0.563341 0.460404 0.564832 0.458762 0.566135 0.458592 0.567628 0.456952 0.568930 0.456782 0.570422 0.455142 0.571725 0.454802 0.574710 0.453161 0.576012 0.452821 0.578997 0.451181 0.580300 0.451011 0.581792 0.449370 0.583095 0.449200 0.584586 0.447559 0.585889 0.447389 0.587382 0.445748 0.588684 0.445578 0.590176 0.442297 0.592781 0.442127 0.594274 0.440486 0.595577 0.440316 0.597069 0.437034 0.599674 0.436864 0.601167 0.430302 0.606378 0.425889 0.605809 0.423340 0.628192 0.429224 0.628951 0.431826 0.632314 0.433296 0.632504 0.437200 0.637550 0.438670 0.637739 0.441273 0.641103 0.442743 0.641292 0.444045 0.642974 0.445515 0.643163 0.450719 0.649890 0.450210 0.654367 0.461977 0.655883 0.462656 0.649915 0.464297 0.648612 0.464467 0.647119 0.466108 0.645817 0.466278 0.644325 0.467918 0.643022 0.468767 0.635561 0.470409 0.634258 0.471088 0.628289 0.472730 0.626986 0.473239 0.622510 0.474880 0.621208 0.475389 0.616730 0.477030 0.615428 0.477200 0.613936 0.478841 0.612633 0.479011 0.611141 0.480652 0.609838 0.480992 0.606854 0.482632 0.605551 0.482972 0.602566 0.484612 0.601264 0.484952 0.598279 0.486593 0.596976 0.486763 0.595484 0.488404 0.594181 0.488743 0.591197 0.490385 0.589894 0.491404 0.580940 0.493045 0.579638 0.494065 0.570685 0.495705 0.569382 0.496215 0.564905 0.497856 0.563603 0.498196 0.560618 0.499836 0.559316 0.500176 0.556331 0.501816 0.555029 0.501986 0.553536 0.503627 0.552233 0.503797 0.550741 0.505438 0.549439 0.505777 0.546454 0.507419 0.545151 0.507758 0.542167 0.511040 0.539562 0.511210 0.538069 0.512851 0.536767 0.513021 0.535275 0.517943 0.531366 0.522355 0.531935 0.523035 0.525966
0 0.758275 0.465434 0.755047 0.493787 0.763872 0.494925 0.764382 0.490447 0.766023 0.489144 0.767494 0.489334 0.770775 0.486728 0.772247 0.486918 0.773887 0.485616 0.774057 0.484123 0.777338 0.481519 0.777508 0.480026 0.779149 0.478724 0.785032 0.479482 0.786221 0.469036
0 0.137570 0.306707 0.135022 0.329090 0.145318 0.330417 0.145827 0.325941 0.149110 0.323335 0.150580 0.323525 0.153862 0.320919 0.155333 0.321109 0.160255 0.317201 0.164667 0.317769 0.165517 0.310308
0 0.230804 0.300553 0.230295 0.305030 0.227013 0.307635 0.221129 0.306877 0.219430 0.321798 0.234139 0.323694 0.234649 0.319218 0.244494 0.311402 0.248906 0.311970 0.249925 0.303017
0 0.147925 0.294415 0.147415 0.298891 0.148716 0.300572 0.148036 0.306542 0.153920 0.307300 0.155449 0.293870 0.149565 0.293111 0.147925 0.294415 0.142381 0.290672 0.142551 0.289179 0.144191 0.287876 0.144361 0.286384 0.147644 0.283779 0.148323 0.277810 0.123318 0.274587 0.121279 0.292494 0.134517 0.294200 0.136158 0.292898 0.139100 0.293277 0.142381 0.290672
0 0.764392 0.411714 0.763882 0.416191 0.762241 0.417493 0.762071 0.418986 0.755508 0.424195 0.751095 0.423627 0.748037 0.450487 0.759804 0.452004 0.760484 0.446036 0.762125 0.444733 0.762295 0.443240 0.765576 0.440634 0.765746 0.439143 0.767387 0.437840 0.767557 0.436348 0.779043 0.427228 0.784925 0.427987 0.786454 0.414557
0 0.063075 0.672612 0.060527 0.694995 0.061998 0.695185 0.062678 0.689217 0.069240 0.684006 0.070429 0.673559
1 0.286252 0.329149 0.250362 0.436821 0.256346 0.471661 0.268554 0.484589 0.291434 0.360100 0.298652 0.329485
0 0.348308 0.221063 0.372397 0.227952 0.402758 0.234389 0.429490 0.229000 0.443256 0.228252 0.429299 0.241595 0.416285 0.257581 0.394315 0.264845 0.377297 0.261391 0.359100 0.246427
0 0.158562 0.600290 0.163553 0.613227 0.167135 0.624344 0.165694 0.629895 0.155100 0.623612 0.153446 0.616843
0 0.816437 0.307225 0.806270 0.304274 0.801186 0.313455 0.801399 0.325775 0.807216 0.331443 0.817323 0.327828 0.819038 0.319853 0.815489 0.301364
