0 0.885938 0.721875 0.885938 0.726562 0.871875 0.740625 0.865625 0.740625 0.865625 0.764062 0.871875 0.764062 0.873437 0.765625 0.873437 0.767188 0.881250 0.775000 0.882812 0.775000 0.887500 0.779687 0.887500 0.781250 0.889062 0.781250 0.892188 0.784375 0.892188 0.785937 0.896875 0.790625 0.896875 0.795312 0.926562 0.795312 0.926562 0.790625 0.928125 0.789062 0.928125 0.787500 0.929688 0.785937 0.929688 0.784375 0.934375 0.779687 0.934375 0.778125 0.942187 0.770312 0.942187 0.768750 0.946875 0.764062 0.948438 0.764062 0.948438 0.762500 0.953125 0.757812 0.957812 0.757812 0.957812 0.743750 0.953125 0.743750 0.942187 0.732812 0.940625 0.732812 0.937500 0.729688 0.935937 0.729688 0.934375 0.728125 0.934375 0.721875
0 0.496875 0.778125 0.496875 0.814063 0.523438 0.814063 0.523438 0.809375 0.532813 0.800000 0.534375 0.800000 0.540625 0.793750 0.545312 0.793750 0.545312 0.778125
0 0.315625 0.303125 0.315625 0.323437 0.320312 0.323437 0.321875 0.325000 0.323437 0.325000 0.331250 0.332813 0.331250 0.334375 0.337500 0.340625 0.337500 0.345313 0.343750 0.345313 0.343750 0.340625 0.348438 0.335938 0.348438 0.334375 0.350000 0.332813 0.350000 0.331250 0.356250 0.325000 0.356250 0.323437 0.357812 0.321875 0.364063 0.321875 0.364063 0.303125
0 0.578125 0.546875 0.578125 0.553125 0.575000 0.556250 0.573438 0.556250 0.571875 0.557813 0.570312 0.557813 0.568750 0.559375 0.565625 0.559375 0.564063 0.560937 0.553125 0.560937 0.553125 0.571875 0.557813 0.571875 0.559375 0.573438 0.562500 0.573438 0.565625 0.576562 0.567187 0.576562 0.568750 0.578125 0.570312 0.578125 0.573438 0.581250 0.575000 0.581250 0.576562 0.582812 0.576562 0.589063 0.582812 0.589063 0.582812 0.584375 0.585938 0.581250 0.585938 0.579688 0.590625 0.575000 0.590625 0.573438 0.593750 0.570312 0.593750 0.568750 0.596875 0.565625 0.596875 0.564063 0.598437 0.562500 0.598437 0.560937 0.601562 0.557813 0.601562 0.556250 0.603125 0.554688 0.603125 0.553125 0.604688 0.551562 0.604688 0.546875
0 0.584375 0.315625 0.584375 0.339062 0.589063 0.339062 0.593750 0.343750 0.593750 0.345313 0.595313 0.346875 0.595313 0.351562 0.603125 0.351562 0.603125 0.346875 0.609375 0.340625 0.609375 0.339062 0.618750 0.329688 0.620313 0.329688 0.621875 0.328125 0.623437 0.328125 0.628125 0.323437 0.632812 0.323437 0.632812 0.315625
0 0.465625 0.415625 0.465625 0.453125 0.471875 0.453125 0.475000 0.456250 0.485938 0.456250 0.487500 0.457813 0.493750 0.457813 0.495312 0.456250 0.500000 0.456250 0.501563 0.454688 0.504687 0.454688 0.506250 0.453125 0.507812 0.453125 0.509375 0.451562 0.510938 0.451562 0.515625 0.446875 0.520312 0.446875 0.520312 0.439063 0.515625 0.439063 0.510938 0.434375 0.510938 0.432812 0.506250 0.428125 0.506250 0.426563 0.500000 0.420312 0.500000 0.415625
0 0.415625 0.471875 0.415625 0.504687 0.421875 0.504687 0.426563 0.509375 0.428125 0.509375 0.431250 0.512500 0.432812 0.512500 0.434375 0.514062 0.465625 0.514062 0.467187 0.512500 0.470313 0.512500 0.471875 0.510938 0.471875 0.509375 0.475000 0.506250 0.475000 0.504687 0.478125 0.501563 0.478125 0.500000 0.481250 0.496875 0.481250 0.493750 0.482812 0.492188 0.482812 0.490625 0.484375 0.489063 0.489063 0.489063 0.489063 0.471875 0.435937 0.471875 0.435937 0.476562 0.434375 0.478125 0.428125 0.478125 0.426563 0.476562 0.426563 0.471875
0 0.628125 0.228125 0.628125 0.254688 0.634375 0.254688 0.639062 0.259375 0.639062 0.264062 0.645312 0.264062 0.645312 0.257812 0.662500 0.240625 0.664062 0.240625 0.670312 0.234375 0.676562 0.234375 0.676562 0.228125
0 0.209375 0.640625 0.209375 0.673438 0.214062 0.673438 0.215625 0.675000 0.217188 0.675000 0.218750 0.676562 0.225000 0.676562 0.226562 0.678125 0.226562 0.682813 0.232813 0.682813 0.232813 0.678125 0.234375 0.676562 0.235937 0.676562 0.237500 0.675000 0.245312 0.675000 0.245312 0.650000 0.240625 0.650000 0.237500 0.646875 0.237500 0.640625
0 0.482812 0.709375 0.482812 0.714063 0.478125 0.718750 0.476562 0.718750 0.471875 0.723437 0.465625 0.723437 0.465625 0.754687 0.470313 0.754687 0.471875 0.756250 0.473438 0.756250 0.475000 0.757812 0.476562 0.757812 0.478125 0.759375 0.479687 0.759375 0.482812 0.762500 0.484375 0.762500 0.485938 0.764062 0.485938 0.770312 0.509375 0.770312 0.509375 0.765625 0.521875 0.753125 0.523438 0.753125 0.529687 0.746875 0.531250 0.746875 0.539062 0.739062 0.539062 0.737500 0.540625 0.735938 0.545312 0.735938 0.545312 0.732812 0.540625 0.732812 0.539062 0.731250 0.539062 0.729688 0.537500 0.728125 0.537500 0.726562 0.534375 0.723437 0.534375 0.721875 0.532813 0.721875 0.529687 0.718750 0.528125 0.718750 0.523438 0.714063 0.523438 0.709375
0 0.473438 0.609375 0.473438 0.614062 0.470313 0.617188 0.465625 0.617188 0.465625 0.635938 0.471875 0.635938 0.473438 0.634375 0.481250 0.634375 0.482812 0.635938 0.484375 0.634375 0.485938 0.634375 0.492188 0.628125 0.492188 0.626563 0.493750 0.625000 0.493750 0.623437 0.495312 0.621875 0.495312 0.609375
0 0.303125 0.559375 0.303125 0.589063 0.325000 0.589063 0.325000 0.582812 0.326562 0.581250 0.332813 0.581250 0.332813 0.559375
0 0.096875 0.396875 0.096875 0.426563 0.123438 0.426563 0.123438 0.420312 0.128125 0.415625 0.132812 0.415625 0.132812 0.406250 0.128125 0.406250 0.126562 0.404687 0.126562 0.403125 0.125000 0.401562 0.125000 0.396875
0 0.321875 0.446875 0.321875 0.501563 0.340625 0.501563 0.340625 0.495312 0.342187 0.493750 0.342187 0.490625 0.343750 0.489063 0.343750 0.482812 0.345313 0.481250 0.345313 0.473438 0.343750 0.471875 0.343750 0.454688 0.342187 0.453125 0.342187 0.446875
0 0.078125 0.315625 0.078125 0.345313 0.112500 0.345313 0.112500 0.340625 0.117188 0.335938 0.117188 0.334375 0.118750 0.332813 0.118750 0.331250 0.121875 0.328125 0.126562 0.328125 0.126562 0.315625
0 0.309375 0.428125 0.309375 0.443750 0.315625 0.443750 0.318750 0.446875 0.318750 0.451562 0.339062 0.451562 0.339062 0.446875 0.340625 0.445312 0.345313 0.445312 0.345313 0.428125
0 0.709375 0.178125 0.709375 0.182812 0.707812 0.184375 0.703125 0.184375 0.703125 0.210938 0.709375 0.210938 0.714063 0.215625 0.714063 0.220312 0.729688 0.220312 0.729688 0.215625 0.734375 0.210938 0.739062 0.210938 0.745313 0.204687 0.746875 0.204687 0.751563 0.200000 0.753125 0.200000 0.757812 0.195312 0.764062 0.195312 0.764062 0.178125
0 0.235937 0.540625 0.235937 0.546875 0.234375 0.548438 0.234375 0.550000 0.232813 0.551562 0.228125 0.551562 0.228125 0.596875 0.232813 0.596875 0.235937 0.600000 0.235937 0.601562 0.237500 0.603125 0.237500 0.607812 0.246875 0.607812 0.246875 0.603125 0.253125 0.596875 0.253125 0.595313 0.254688 0.593750 0.254688 0.592187 0.256250 0.590625 0.256250 0.589063 0.257812 0.587500 0.257812 0.584375 0.259375 0.582812 0.264062 0.582812 0.264062 0.564063 0.259375 0.564063 0.257812 0.562500 0.257812 0.556250 0.256250 0.554688 0.256250 0.550000 0.254688 0.548438 0.254688 0.540625
0 0.428125 0.446875 0.428125 0.451562 0.426563 0.453125 0.421875 0.453125 0.421875 0.478125 0.431250 0.478125 0.432812 0.479687 0.437500 0.479687 0.439063 0.478125 0.459375 0.478125 0.460938 0.476562 0.465625 0.476562 0.467187 0.475000 0.468750 0.475000 0.470313 0.473438 0.471875 0.473438 0.475000 0.470313 0.475000 0.467187 0.476562 0.465625 0.476562 0.464062 0.467187 0.454688 0.465625 0.454688 0.464062 0.453125 0.464062 0.446875
0 0.609375 0.540625 0.609375 0.546875 0.606250 0.550000 0.606250 0.551562 0.604688 0.553125 0.604688 0.556250 0.603125 0.557813 0.603125 0.559375 0.601562 0.560937 0.601562 0.562500 0.600000 0.564063 0.600000 0.565625 0.593750 0.571875 0.593750 0.573438 0.589063 0.578125 0.584375 0.578125 0.584375 0.595313 0.606250 0.595313 0.606250 0.590625 0.607812 0.589063 0.609375 0.589063 0.610938 0.587500 0.612500 0.587500 0.614062 0.585938 0.615625 0.585938 0.618750 0.582812 0.620313 0.582812 0.626563 0.576562 0.628125 0.576562 0.631250 0.573438 0.632812 0.573438 0.635938 0.570312 0.637500 0.570312 0.639062 0.568750 0.640625 0.568750 0.643750 0.565625 0.645312 0.565625 0.646875 0.564063 0.646875 0.562500 0.648438 0.560937 0.648438 0.557813 0.645312 0.554688 0.643750 0.554688 0.642188 0.553125 0.640625 0.553125 0.639062 0.551562 0.637500 0.551562 0.635938 0.550000 0.634375 0.550000 0.632812 0.548438 0.629687 0.548438 0.628125 0.546875 0.628125 0.540625
0 0.078125 0.703125 0.078125 0.725000 0.082812 0.725000 0.084375 0.726562 0.085938 0.726562 0.090625 0.731250 0.093750 0.731250 0.095312 0.732812 0.101562 0.732812 0.103125 0.731250 0.112500 0.731250 0.114062 0.729688 0.123438 0.729688 0.125000 0.728125 0.129688 0.728125 0.131250 0.726562 0.134375 0.726562 0.135937 0.725000 0.139063 0.725000 0.140625 0.723437 0.145313 0.723437 0.146875 0.721875 0.148438 0.721875 0.150000 0.720313 0.153125 0.720313 0.154688 0.718750 0.157812 0.718750 0.159375 0.717187 0.160938 0.717187 0.164062 0.714063 0.170313 0.714063 0.170313 0.703125
0 0.115625 0.615625 0.115625 0.637500 0.120313 0.637500 0.121875 0.639062 0.134375 0.639062 0.135937 0.637500 0.146875 0.637500 0.148438 0.635938 0.150000 0.635938 0.151562 0.634375 0.153125 0.634375 0.159375 0.628125 0.164062 0.628125 0.164062 0.621875 0.159375 0.621875 0.157812 0.620313 0.157812 0.615625
0 0.217188 0.821875 0.217188 0.826562 0.215625 0.828125 0.212500 0.828125 0.210938 0.829688 0.206250 0.829688 0.204687 0.831250 0.196875 0.831250 0.196875 0.843750 0.201563 0.843750 0.203125 0.845313 0.209375 0.845313 0.210938 0.846875 0.218750 0.846875 0.220312 0.848437 0.240625 0.848437 0.242188 0.850000 0.251563 0.850000 0.253125 0.848437 0.259375 0.848437 0.262500 0.845313 0.265625 0.845313 0.267188 0.843750 0.271875 0.843750 0.273438 0.842187 0.276562 0.842187 0.278125 0.840625 0.281250 0.840625 0.282813 0.839063 0.284375 0.839063 0.285938 0.837500 0.287500 0.837500 0.289062 0.835938 0.295312 0.835938 0.295312 0.821875
0 0.379688 0.334375 0.379688 0.339062 0.378125 0.340625 0.371875 0.340625 0.371875 0.364063 0.376563 0.364063 0.384375 0.371875 0.384375 0.376563 0.410938 0.376563 0.410938 0.371875 0.414062 0.368750 0.414062 0.367188 0.417187 0.364063 0.417187 0.362500 0.418750 0.360938 0.418750 0.359375 0.420312 0.357812 0.420312 0.356250 0.421875 0.354687 0.426563 0.354687 0.426563 0.334375
0 0.129688 0.640625 0.129688 0.645312 0.126562 0.648438 0.121875 0.648438 0.121875 0.695312 0.126562 0.695312 0.128125 0.696875 0.129688 0.696875 0.131250 0.698438 0.137500 0.698438 0.139063 0.700000 0.140625 0.698438 0.142187 0.698438 0.143750 0.696875 0.143750 0.695312 0.145313 0.693750 0.145313 0.671875 0.143750 0.670312 0.143750 0.640625
0 0.503125 0.134375 0.503125 0.171875 0.507812 0.171875 0.509375 0.173437 0.510938 0.173437 0.515625 0.178125 0.517188 0.178125 0.518750 0.179688 0.520312 0.179688 0.521875 0.181250 0.534375 0.181250 0.535937 0.182812 0.537500 0.182812 0.539062 0.184375 0.539062 0.189062 0.540625 0.189062 0.540625 0.184375 0.543750 0.181250 0.545312 0.181250 0.546875 0.179688 0.548438 0.179688 0.571875 0.156250 0.576562 0.156250 0.576562 0.146875 0.571875 0.146875 0.567187 0.142187 0.567187 0.134375
0 0.146875 0.753125 0.146875 0.760938 0.151562 0.760938 0.153125 0.762500 0.156250 0.762500 0.157812 0.764062 0.159375 0.764062 0.160938 0.765625 0.164062 0.765625 0.165625 0.767188 0.168750 0.767188 0.170313 0.768750 0.176563 0.768750 0.178125 0.770312 0.195312 0.770312 0.196875 0.771875 0.204687 0.771875 0.206250 0.773438 0.209375 0.773438 0.210938 0.771875 0.217188 0.771875 0.218750 0.770312 0.223438 0.770312 0.225000 0.768750 0.228125 0.768750 0.229687 0.767188 0.231250 0.767188 0.232813 0.765625 0.234375 0.765625 0.235937 0.764062 0.237500 0.764062 0.239063 0.762500 0.242188 0.762500 0.245312 0.759375 0.251563 0.759375 0.251563 0.753125
0 0.696875 0.665625 0.696875 0.681250 0.706250 0.681250 0.707812 0.682813 0.712500 0.682813 0.714063 0.681250 0.720313 0.681250 0.720313 0.665625
0 0.978125 0.353125 0.978125 0.381250 0.984375 0.381250 0.987500 0.384375 0.987500 0.389062 0.998437 0.389062 0.998437 0.353125
0 0.515625 0.490625 0.515625 0.507812 0.531250 0.507812 0.531250 0.503125 0.534375 0.500000 0.539062 0.500000 0.539062 0.490625
0 0.359375 0.684375 0.359375 0.701562 0.371875 0.701562 0.371875 0.696875 0.378125 0.690625 0.382812 0.690625 0.382812 0.684375
0 0.159375 0.296875 0.159375 0.320312 0.170313 0.320312 0.170313 0.315625 0.184375 0.301563 0.189062 0.301563 0.189062 0.296875
0 0.315625 0.753125 0.315625 0.782813 0.339062 0.782813 0.339062 0.778125 0.340625 0.776563 0.345313 0.776563 0.345313 0.753125
0 0.529687 0.503125 0.529687 0.509375 0.528125 0.510938 0.521875 0.510938 0.521875 0.532813 0.526563 0.532813 0.526563 0.528125 0.528125 0.526563 0.529687 0.526563 0.531250 0.525000 0.534375 0.525000 0.535937 0.523438 0.537500 0.523438 0.542188 0.518750 0.542188 0.517188 0.543750 0.515625 0.543750 0.503125
0 0.071875 0.703125 0.071875 0.721875 0.076563 0.721875 0.079687 0.725000 0.081250 0.725000 0.082812 0.726562 0.084375 0.726562 0.089063 0.731250 0.090625 0.731250 0.093750 0.734375 0.093750 0.739062 0.101562 0.739062 0.101562 0.734375 0.103125 0.732812 0.106250 0.732812 0.107813 0.731250 0.121875 0.731250 0.123438 0.729688 0.126562 0.729688 0.128125 0.728125 0.132812 0.728125 0.134375 0.726562 0.135937 0.726562 0.137500 0.725000 0.140625 0.725000 0.142187 0.723437 0.145313 0.723437 0.146875 0.721875 0.150000 0.721875 0.151562 0.720313 0.153125 0.720313 0.154688 0.718750 0.157812 0.718750 0.159375 0.717187 0.160938 0.717187 0.162500 0.715625 0.164062 0.715625 0.165625 0.714063 0.170313 0.714063 0.170313 0.703125
0 0.215625 0.534375 0.215625 0.551562 0.221875 0.551562 0.223438 0.553125 0.223438 0.557813 0.235937 0.557813 0.235937 0.553125 0.240625 0.548438 0.240625 0.546875 0.242188 0.545312 0.242188 0.543750 0.245312 0.540625 0.251563 0.540625 0.251563 0.534375
0 0.153125 0.753125 0.153125 0.764062 0.157812 0.764062 0.159375 0.765625 0.162500 0.765625 0.164062 0.767188 0.165625 0.767188 0.167187 0.768750 0.173437 0.768750 0.175000 0.770312 0.181250 0.770312 0.182812 0.771875 0.182812 0.776563 0.223438 0.776563 0.223438 0.771875 0.226562 0.768750 0.228125 0.768750 0.229687 0.767188 0.232813 0.767188 0.235937 0.764062 0.237500 0.764062 0.239063 0.762500 0.242188 0.762500 0.243750 0.760938 0.245312 0.760938 0.246875 0.759375 0.251563 0.759375 0.251563 0.753125
0 0.228125 0.515625 0.228125 0.539062 0.256250 0.539062 0.256250 0.534375 0.259375 0.531250 0.260937 0.531250 0.264062 0.528125 0.270313 0.528125 0.270313 0.515625
0 0.946875 0.715625 0.946875 0.732812 0.960938 0.732812 0.960938 0.726562 0.965625 0.721875 0.970313 0.721875 0.970313 0.715625
0 0.109375 0.290625 0.109375 0.314063 0.123438 0.314063 0.123438 0.309375 0.128125 0.304688 0.132812 0.304688 0.132812 0.290625
0 0.515625 0.490625 0.515625 0.514062 0.521875 0.514062 0.521875 0.509375 0.523438 0.507812 0.525000 0.507812 0.526563 0.506250 0.528125 0.506250 0.528125 0.504687 0.531250 0.501563 0.531250 0.500000 0.534375 0.496875 0.539062 0.496875 0.539062 0.490625
0 0.115625 0.378125 0.115625 0.395313 0.121875 0.395313 0.123438 0.396875 0.125000 0.396875 0.128125 0.400000 0.129688 0.400000 0.132812 0.403125 0.132812 0.407813 0.145313 0.407813 0.145313 0.390625 0.140625 0.390625 0.137500 0.387500 0.137500 0.378125
0 0.865625 0.496875 0.865625 0.509375 0.870313 0.509375 0.873437 0.512500 0.875000 0.512500 0.878125 0.515625 0.878125 0.520312 0.884375 0.520312 0.884375 0.514062 0.889062 0.509375 0.889062 0.507812 0.890625 0.506250 0.895312 0.506250 0.895312 0.496875
0 0.010166 0.200191 0.060214 0.194717 0.064906 0.203319 0.053177 0.214267 0.039100 0.218177 0.025023 0.218959 0.009384 0.212703
0 0.007820 0.194717 0.013294 0.179078 0.027370 0.173603 0.046920 0.171258 0.065687 0.186897 0.064906 0.189244 0.056303 0.193936
0 0.080545 0.197064 0.078981 0.201755 0.092275 0.215050 0.097750 0.219741 0.113389 0.231472 0.125902 0.231472 0.117300 0.219741 0.103223 0.208011 0.090711 0.200973
0 0.624816 0.374577 0.629508 0.378487 0.642802 0.380052 0.657659 0.382397 0.666262 0.380052 0.672517 0.376141 0.663134 0.372231 0.646713 0.372231 0.634981 0.372231
0 0.715528 0.451213 0.701452 0.463725 0.703798 0.473891 0.706925 0.477800 0.712400 0.473108 0.713181 0.466853
0 0.814059 0.283083 0.825008 0.287775 0.843775 0.290120 0.860197 0.287775 0.861761 0.285430 0.856287 0.282302 0.845339 0.279955 0.830481 0.280737 0.824225 0.280737
0 0.024242 0.813278 0.031280 0.810931 0.032844 0.817187 0.028934 0.820316
0 0.731167 0.675645 0.724130 0.683466 0.721784 0.693631 0.731167 0.700670 0.750717 0.699106 0.762447 0.692850 0.753845 0.673300 0.748372 0.673300 0.736642 0.672517
0 0.731950 0.702234 0.728039 0.704580 0.730386 0.711617 0.740552 0.718656 0.745244 0.718656 0.755409 0.717092 0.760883 0.707708 0.761666 0.701452 0.751500 0.699106
0 0.525502 0.252586 0.524720 0.285430 0.532541 0.286994 0.556000 0.290903 0.567730 0.290903 0.573205 0.283083 0.570077 0.263533 0.562256 0.243202 0.545052 0.242419 0.526284 0.248675
1 0.001883 0.805991 0.046137 0.806933 0.025422 0.864369 0.002825 0.867194
1 0.883200 0.796575 0.950994 0.806933 0.850245 0.900148 0.788102 0.800342 0.808816 0.807873
1 0.703359 0.773036 0.810698 0.667580 0.883200 0.793750 0.808816 0.805991
1 0.664755 0.557414 0.840830 0.603552 0.843655 0.652514 0.760795 0.700534 0.741964 0.697709 0.731606 0.702417 0.726898 0.709008 0.660987 0.563064
1 0.613909 0.378514 0.695827 0.496213 0.789042 0.373806
1 0.807873 0.290948 0.875667 0.407703 0.983008 0.289064 0.807873 0.278708
