0 0.519138 0.000000 0.525387 0.000000 0.525800 0.013692 0.519567 0.012965 0.518038 0.014699 0.516479 0.014518 0.514952 0.016252 0.513393 0.016070 0.511865 0.017804 0.508747 0.017441 0.505693 0.020908 0.505792 0.026649 0.488637 0.024659 0.488530 0.018914 0.482136 0.010518 0.480573 0.010335 0.480536 0.008416 0.478935 0.006313 0.478898 0.004392 0.475693 0.000183 0.470996 0.000000 0.470687 0.000000 0.476957 0.000000 0.478486 0.000000 0.478449 0.000000 0.480016 0.000000 0.481547 0.000000 0.481399 0.000000 0.517421 0.000000 0.517545 0.000000 0.519138 0.000000
0 0.358987 0.626041 0.357548 0.627631 0.356055 0.627493 0.353179 0.630672 0.351685 0.630535 0.350247 0.632124 0.338295 0.631028 0.336742 0.629163 0.329264 0.628476 0.328850 0.616365 0.333343 0.616780 0.334782 0.615186 0.334723 0.613454 0.336163 0.611859 0.336105 0.610126 0.341866 0.603743 0.341808 0.602008 0.343250 0.600411 0.343193 0.598674 0.344634 0.597076 0.344578 0.595339 0.346020 0.593740 0.345793 0.586783 0.362282 0.588325 0.363466 0.626453 0.358987 0.626041
0 0.371941 0.041745 0.368910 0.045213 0.367340 0.045033 0.364310 0.048500 0.361169 0.048141 0.359655 0.049874 0.359826 0.055610 0.336253 0.052918 0.336070 0.047176 0.332799 0.042984 0.331224 0.042804 0.326310 0.036508 0.321581 0.035965 0.320625 0.007100 0.375836 0.013497 0.376652 0.042285 0.371941 0.041745
0 0.368604 0.349835 0.364179 0.354806 0.364234 0.356619 0.362760 0.358274 0.361231 0.358118 0.358284 0.361429 0.358451 0.366860 0.340099 0.364987 0.339923 0.359550 0.333557 0.351664 0.333437 0.348031 0.331844 0.346056 0.331482 0.335139 0.334433 0.331812 0.335969 0.331971 0.338921 0.328643 0.338743 0.323171 0.372496 0.326671 0.373192 0.350306 0.368604 0.349835
0 0.556690 0.468846 0.561171 0.469290 0.562686 0.471203 0.564179 0.471351 0.565694 0.473263 0.567186 0.473410 0.568700 0.475322 0.574666 0.475911 0.576177 0.477821 0.579158 0.478115 0.580629 0.476499 0.586589 0.477087 0.586774 0.494682 0.580824 0.494099 0.579355 0.495711 0.577867 0.495565 0.571997 0.502007 0.570509 0.501862 0.569042 0.503472 0.569063 0.505227 0.567576 0.505081 0.563178 0.509908 0.563245 0.515165 0.555807 0.514443 0.555737 0.509184 0.554225 0.507285 0.552735 0.507140 0.551222 0.505240 0.551198 0.503484 0.542102 0.492063 0.540610 0.491917 0.536051 0.486194 0.534558 0.486048 0.528469 0.478405 0.522486 0.477817 0.522139 0.456590 0.553582 0.459710 0.553654 0.465016 0.556690 0.468846
0 0.285776 0.259060 0.275407 0.270841 0.273857 0.270677 0.272377 0.272359 0.272448 0.274203 0.270968 0.275884 0.269418 0.275721 0.267939 0.277402 0.266389 0.277239 0.264911 0.278919 0.265125 0.284446 0.244970 0.282331 0.244745 0.276799 0.228435 0.256673 0.223764 0.256179 0.222662 0.230180 0.289615 0.237333 0.290426 0.259553 0.285776 0.259060
0 0.465088 0.016191 0.455946 0.026603 0.454383 0.026422 0.452860 0.028156 0.453026 0.035810 0.424864 0.032562 0.424725 0.026814 0.423112 0.024715 0.421544 0.024534 0.419929 0.022435 0.418361 0.022253 0.416745 0.020152 0.415176 0.019971 0.413558 0.017869 0.413510 0.015948 0.410273 0.011740 0.410224 0.009817 0.408604 0.007711 0.408506 0.003861 0.406885 0.001752 0.406786 0.000000 0.405163 0.000000 0.405064 0.000000 0.403440 0.000000 0.403340 0.000000 0.401715 0.000000 0.401513 0.000000 0.399886 0.000000 0.395155 0.000000 0.394949 0.000000 0.399683 0.000000 0.401211 0.000000 0.400958 0.000000 0.468689 0.000000 0.469780 0.016736 0.465088 0.016191
0 0.577556 0.335309 0.577576 0.337117 0.582162 0.343007 0.582181 0.344812 0.583708 0.346773 0.583747 0.350380 0.586798 0.354296 0.591315 0.354763 0.591603 0.383506 0.579584 0.382276 0.579524 0.376895 0.574950 0.371044 0.573445 0.370890 0.565806 0.361121 0.564298 0.360966 0.561237 0.357052 0.556711 0.356585 0.556285 0.324049 0.575943 0.326104 0.576025 0.333343 0.577556 0.335309
0 0.283132 0.434658 0.281672 0.436299 0.280145 0.436147 0.275769 0.441067 0.274242 0.440916 0.272785 0.442555 0.271257 0.442405 0.268343 0.445682 0.268552 0.451048 0.260918 0.450296 0.260634 0.443139 0.254230 0.435366 0.252700 0.435214 0.247889 0.429375 0.243294 0.428919 0.242923 0.419932 0.247522 0.420390 0.248981 0.418744 0.250514 0.418896 0.251973 0.417250 0.253506 0.417403 0.256426 0.414110 0.256210 0.408707 0.289900 0.412078 0.290764 0.435415 0.283132 0.434658
0 0.389943 0.013215 0.382345 0.021915 0.382505 0.027675 0.376217 0.026950 0.376054 0.021188 0.369538 0.012768 0.367963 0.012585 0.366332 0.010477 0.364756 0.010295 0.363124 0.008186 0.358395 0.007637 0.357357 0.000000 0.393681 0.000000 0.394660 0.013762 0.389943 0.013215
0 0.604348 0.298273 0.602836 0.298113 0.599779 0.294154 0.598266 0.293994 0.596736 0.292013 0.592195 0.291532 0.592051 0.276942 0.626868 0.280652 0.626918 0.287939 0.631484 0.293878 0.631496 0.295696 0.633017 0.297674 0.634525 0.297833 0.636045 0.299810 0.636056 0.301626 0.640609 0.307547 0.642116 0.307706 0.643632 0.309678 0.643642 0.311491 0.645157 0.313461 0.651178 0.314095 0.651253 0.330369 0.646745 0.329897 0.645251 0.331546 0.636230 0.330602 0.634714 0.328638 0.631705 0.328323 0.622594 0.316518 0.621087 0.316359 0.613474 0.306497 0.611964 0.306338 0.607387 0.300410 0.605876 0.300250 0.604348 0.298273
0 0.711231 0.313193 0.709731 0.314843 0.708232 0.314685 0.703735 0.319631 0.700738 0.319315 0.699240 0.320964 0.697741 0.320806 0.690254 0.329044 0.688755 0.328887 0.687259 0.330533 0.685760 0.330376 0.684264 0.332023 0.679767 0.331551 0.678271 0.333198 0.675272 0.332884 0.675268 0.331080 0.669244 0.323228 0.667742 0.323070 0.663216 0.317172 0.661713 0.317014 0.658692 0.313077 0.652674 0.312443 0.652616 0.299749 0.658641 0.300387 0.660140 0.298732 0.663151 0.299051 0.667650 0.294083 0.669155 0.294243 0.672156 0.290929 0.672140 0.285475 0.717252 0.290282 0.717224 0.313826 0.711231 0.313193
0 0.691656 0.238282 0.693166 0.238446 0.696189 0.242438 0.697699 0.242602 0.699209 0.244596 0.705244 0.245249 0.705240 0.272634 0.700725 0.272150 0.699221 0.273810 0.699223 0.279271 0.685676 0.277823 0.685667 0.272359 0.681135 0.266403 0.681132 0.264578 0.679620 0.262591 0.678111 0.262429 0.673569 0.256460 0.672059 0.256298 0.670543 0.254306 0.667521 0.253981 0.666004 0.251988 0.662981 0.251662 0.659942 0.247674 0.658430 0.247510 0.656909 0.245515 0.652368 0.245024 0.652360 0.243191 0.656902 0.243682 0.658408 0.242012 0.658393 0.238343 0.662915 0.233329 0.662888 0.225980 0.690134 0.228945 0.690143 0.236285 0.691656 0.238282
0 0.879203 0.347075 0.874691 0.351972 0.874663 0.353758 0.871657 0.357021 0.871577 0.362374 0.870075 0.364003 0.870049 0.365786 0.865545 0.370671 0.865468 0.376012 0.859569 0.375400 0.859643 0.370057 0.858192 0.368122 0.856716 0.367968 0.855264 0.366031 0.853787 0.365878 0.852333 0.363940 0.850856 0.363786 0.850880 0.362002 0.849425 0.360063 0.847947 0.359908 0.842120 0.352142 0.840640 0.351988 0.830417 0.338364 0.825967 0.337896 0.826456 0.292872 0.832412 0.293509 0.833922 0.291861 0.833943 0.290052 0.835432 0.290212 0.838452 0.286913 0.838517 0.281482 0.884611 0.286432 0.883633 0.347540 0.879203 0.347075
0 0.654056 0.617320 0.652600 0.618898 0.651136 0.618761 0.646769 0.623493 0.645305 0.623356 0.643850 0.624933 0.642386 0.624797 0.640932 0.626373 0.636538 0.625964 0.635084 0.627541 0.633609 0.625692 0.608679 0.623373 0.607196 0.621521 0.604259 0.621247 0.601289 0.617540 0.601273 0.615822 0.602727 0.614241 0.602711 0.612523 0.605620 0.609359 0.607090 0.609497 0.608545 0.607915 0.612954 0.608328 0.614409 0.606745 0.621755 0.607434 0.623211 0.605852 0.626148 0.606127 0.627604 0.604545 0.627568 0.599383 0.658383 0.602280 0.658447 0.617731 0.654056 0.617320
0 0.871453 0.468518 0.868478 0.471724 0.868452 0.473473 0.866965 0.475075 0.866863 0.482063 0.859560 0.481336 0.859658 0.474346 0.858220 0.472451 0.858244 0.470701 0.846719 0.455506 0.845253 0.455359 0.840919 0.449647 0.836517 0.449203 0.836664 0.436885 0.841071 0.437331 0.844052 0.434105 0.844074 0.432343 0.845566 0.430729 0.845633 0.425437 0.876462 0.428574 0.875837 0.468957 0.871453 0.468518
0 0.607342 0.801961 0.605913 0.803497 0.604469 0.803373 0.603040 0.804908 0.584251 0.803294 0.582786 0.801509 0.576998 0.801011 0.575531 0.799225 0.574083 0.799100 0.572615 0.797313 0.571166 0.797188 0.569697 0.795400 0.568248 0.795275 0.566778 0.793486 0.565328 0.793361 0.563857 0.791571 0.562407 0.791446 0.560935 0.789655 0.556582 0.789279 0.556309 0.769245 0.612880 0.774175 0.613118 0.802458 0.607342 0.801961
0 0.599392 0.252137 0.599426 0.255803 0.597925 0.257472 0.597942 0.259304 0.596441 0.260972 0.596459 0.262803 0.594941 0.262640 0.591942 0.265976 0.590425 0.265813 0.585928 0.270814 0.584411 0.270652 0.582913 0.272318 0.581395 0.272156 0.579898 0.273822 0.578380 0.273661 0.575386 0.276992 0.572350 0.276669 0.570853 0.278334 0.557185 0.276880 0.555641 0.274890 0.554121 0.274728 0.549485 0.268752 0.547964 0.268590 0.535567 0.252614 0.530991 0.252123 0.530710 0.233720 0.594730 0.240632 0.594783 0.246142 0.599392 0.252137
0 0.817812 0.551994 0.813392 0.556750 0.813374 0.558475 0.810430 0.561643 0.810380 0.566812 0.794367 0.565275 0.794410 0.560102 0.792967 0.558236 0.791509 0.558095 0.787174 0.552493 0.785715 0.552352 0.781373 0.546742 0.776991 0.546319 0.777071 0.534193 0.781458 0.534619 0.785882 0.529842 0.787344 0.529985 0.790295 0.526799 0.791757 0.526942 0.793233 0.525348 0.794695 0.525491 0.806513 0.512734 0.806577 0.505773 0.822663 0.507355 0.822179 0.552416 0.817812 0.551994
0 0.693136 0.205357 0.688597 0.210388 0.687083 0.210222 0.684059 0.213574 0.684069 0.219096 0.670435 0.217607 0.670419 0.212082 0.667374 0.208063 0.665857 0.207896 0.662809 0.203873 0.661290 0.203707 0.658238 0.199680 0.658231 0.197832 0.656704 0.195817 0.652143 0.195315 0.652093 0.184210 0.656658 0.184714 0.658172 0.183029 0.659693 0.183197 0.662722 0.179828 0.662702 0.174264 0.699182 0.178309 0.699194 0.206022 0.693136 0.205357
0 0.592440 0.467094 0.586552 0.473561 0.585061 0.473414 0.582119 0.476646 0.582177 0.481932 0.573237 0.481051 0.573174 0.475763 0.570149 0.471940 0.568657 0.471793 0.567143 0.469880 0.565650 0.469733 0.562619 0.465904 0.561125 0.465756 0.559608 0.463841 0.558114 0.463692 0.556596 0.461776 0.552111 0.461331 0.551942 0.448933 0.556432 0.449381 0.559379 0.446133 0.559287 0.439034 0.598166 0.442924 0.598401 0.467685 0.592440 0.467094
0 0.461004 0.118155 0.462555 0.118329 0.464145 0.120387 0.464185 0.122270 0.465774 0.124327 0.471971 0.125021 0.472351 0.143809 0.467711 0.143293 0.466203 0.144997 0.464656 0.144825 0.461641 0.148232 0.458547 0.147889 0.452522 0.154700 0.450975 0.154529 0.447964 0.157932 0.448090 0.163547 0.434166 0.162010 0.434033 0.156392 0.422866 0.142054 0.421314 0.141882 0.418116 0.137777 0.411903 0.137085 0.411278 0.112576 0.415948 0.113100 0.420476 0.107955 0.420336 0.102281 0.456106 0.106310 0.456229 0.111974 0.461004 0.118155
0 0.441092 0.326534 0.500432 0.332705 0.500857 0.356225 0.496312 0.355756 0.494830 0.357406 0.493314 0.357250 0.491833 0.358899 0.490317 0.358743 0.488836 0.360392 0.488940 0.365804 0.476816 0.364559 0.476707 0.359144 0.473598 0.355219 0.470562 0.354906 0.469006 0.352942 0.467488 0.352786 0.465931 0.350820 0.462892 0.350507 0.461333 0.348540 0.459813 0.348383 0.458253 0.346416 0.456733 0.346259 0.447357 0.334435 0.441262 0.333803 0.441092 0.326534
0 0.588049 0.028572 0.586519 0.030299 0.584969 0.030119 0.583439 0.031845 0.580340 0.031485 0.578811 0.033212 0.575710 0.032852 0.574182 0.034579 0.569530 0.034039 0.568002 0.035766 0.566451 0.035586 0.564923 0.037312 0.563372 0.037133 0.561844 0.038859 0.558742 0.038500 0.557215 0.040225 0.549457 0.039328 0.547930 0.041054 0.543273 0.040516 0.541747 0.042242 0.538642 0.041883 0.537116 0.043609 0.535563 0.043430 0.534038 0.045156 0.530932 0.044798 0.529407 0.046523 0.526300 0.046165 0.524776 0.047891 0.520114 0.047353 0.518590 0.049079 0.515482 0.048721 0.513958 0.050447 0.512404 0.050268 0.509359 0.053718 0.506249 0.053360 0.504727 0.055085 0.501617 0.054728 0.500096 0.056453 0.496985 0.056096 0.495464 0.057820 0.492353 0.057463 0.490832 0.059188 0.486164 0.058653 0.484644 0.060377 0.472188 0.058950 0.467397 0.052700 0.465838 0.052521 0.464239 0.050435 0.459559 0.049898 0.459195 0.032707 0.463882 0.033248 0.465405 0.031516 0.466967 0.031696 0.468489 0.029964 0.471613 0.030325 0.473136 0.028592 0.476259 0.028954 0.477783 0.027221 0.480906 0.027583 0.482430 0.025850 0.487112 0.026392 0.488637 0.024659 0.494878 0.025383 0.496403 0.023650 0.499522 0.024012 0.501048 0.022279 0.504167 0.022641 0.505693 0.020908 0.508811 0.021271 0.510338 0.019538 0.513456 0.019900 0.514983 0.018167 0.516542 0.018348 0.518069 0.016615 0.519628 0.016796 0.521156 0.015062 0.522714 0.015244 0.524242 0.013510 0.525800 0.013692 0.527329 0.011957 0.530445 0.012321 0.531974 0.010587 0.538204 0.011314 0.539734 0.009580 0.541291 0.009761 0.542821 0.008027 0.542741 0.002275 0.594046 0.008281 0.594246 0.029292 0.588049 0.028572
0 0.645387 0.061786 0.648464 0.062141 0.650012 0.064210 0.653088 0.064565 0.654633 0.066633 0.657708 0.066987 0.659252 0.069054 0.662325 0.069407 0.663867 0.071473 0.665403 0.071649 0.666945 0.073714 0.674618 0.074595 0.674718 0.114092 0.670130 0.113572 0.662514 0.122075 0.662535 0.127690 0.638056 0.124931 0.638024 0.119310 0.634937 0.115213 0.633404 0.115040 0.631859 0.112989 0.628791 0.112642 0.627245 0.110591 0.624176 0.110243 0.622627 0.108191 0.618021 0.107669 0.616471 0.105615 0.610325 0.104918 0.608772 0.102863 0.607234 0.102688 0.605681 0.100632 0.604143 0.100457 0.602588 0.098399 0.601049 0.098224 0.599493 0.096166 0.596414 0.095816 0.594857 0.093756 0.593316 0.093580 0.591758 0.091519 0.590217 0.091344 0.587096 0.087218 0.586924 0.070201 0.585360 0.068130 0.585341 0.066236 0.586885 0.066413 0.589937 0.062977 0.589918 0.061081 0.591444 0.059362 0.591426 0.057465 0.592953 0.055745 0.592934 0.053847 0.594462 0.052126 0.594408 0.046426 0.642258 0.051957 0.642288 0.057644 0.645387 0.061786
0 0.850786 0.369136 0.850763 0.370918 0.852215 0.372853 0.852168 0.376414 0.855071 0.380279 0.859495 0.380737 0.859199 0.402036 0.853311 0.401431 0.851815 0.403052 0.850343 0.402901 0.848848 0.404521 0.847375 0.404370 0.845880 0.405990 0.842935 0.405688 0.841441 0.407308 0.839968 0.407157 0.838474 0.408777 0.837001 0.408627 0.829534 0.416722 0.829474 0.422025 0.810324 0.420075 0.810375 0.414767 0.807458 0.410924 0.805982 0.410774 0.804522 0.408851 0.804538 0.407078 0.803077 0.405154 0.801600 0.405003 0.795749 0.397297 0.795764 0.395520 0.794299 0.393591 0.789860 0.393134 0.789928 0.384237 0.794371 0.384695 0.795866 0.383067 0.795881 0.381286 0.798872 0.378028 0.800353 0.378181 0.801849 0.376552 0.803330 0.376705 0.804827 0.375075 0.806307 0.375229 0.807804 0.373599 0.810765 0.373906 0.812263 0.372276 0.813743 0.372430 0.815241 0.370799 0.816721 0.370953 0.818219 0.369323 0.819699 0.369476 0.824195 0.364584 0.824253 0.359225 0.849402 0.361848 0.849332 0.367200 0.850786 0.369136
0 0.850589 0.604985 0.849121 0.606556 0.849098 0.608264 0.847630 0.609834 0.846185 0.609697 0.843250 0.612837 0.843185 0.617953 0.824391 0.616185 0.824466 0.609356 0.821607 0.605665 0.817261 0.605254 0.817474 0.584699 0.823279 0.585252 0.826219 0.582097 0.826276 0.576945 0.856727 0.579858 0.856370 0.605532 0.850589 0.604985
0 0.471796 0.627841 0.468907 0.631008 0.467425 0.630872 0.463094 0.635621 0.449756 0.634394 0.448233 0.632537 0.446749 0.632400 0.440649 0.624964 0.436194 0.624553 0.435645 0.602097 0.475774 0.605838 0.476239 0.628251 0.471796 0.627841
0 0.523156 0.238424 0.529267 0.239082 0.529578 0.259305 0.525003 0.258815 0.522011 0.262159 0.522099 0.267660 0.509898 0.266359 0.509804 0.260855 0.506686 0.256856 0.505158 0.256692 0.498913 0.248682 0.497384 0.248518 0.494256 0.244508 0.492726 0.244343 0.491160 0.242337 0.489629 0.242172 0.486495 0.238155 0.481898 0.237661 0.481573 0.221034 0.518359 0.225017 0.518480 0.232399 0.523156 0.238424
0 0.413720 0.781961 0.409456 0.786609 0.406523 0.786357 0.405103 0.787906 0.391895 0.786771 0.390476 0.788321 0.390622 0.793344 0.387686 0.793093 0.387539 0.788069 0.386021 0.786267 0.383083 0.786014 0.381564 0.784211 0.378624 0.783959 0.374060 0.778545 0.372589 0.778418 0.369542 0.774804 0.368070 0.774677 0.363493 0.769251 0.363440 0.767568 0.361913 0.765757 0.357490 0.765373 0.357058 0.751884 0.420392 0.757402 0.421051 0.782593 0.413720 0.781961
0 0.554063 0.604535 0.551159 0.607706 0.549683 0.607568 0.548231 0.609153 0.546755 0.609016 0.545304 0.610601 0.543828 0.610463 0.539475 0.615216 0.537999 0.615078 0.535099 0.618246 0.535179 0.623405 0.520416 0.622036 0.520329 0.616873 0.518822 0.615013 0.517344 0.614876 0.515836 0.613015 0.512878 0.612740 0.511369 0.610878 0.509889 0.610740 0.506867 0.607014 0.500944 0.606462 0.500816 0.599553 0.505262 0.599969 0.511066 0.593609 0.510975 0.588418 0.558331 0.592871 0.558491 0.604949 0.554063 0.604535
0 0.507851 0.743221 0.504988 0.746329 0.503526 0.746201 0.502095 0.747754 0.500632 0.747626 0.499202 0.749180 0.497739 0.749051 0.492020 0.755263 0.486169 0.754751 0.483175 0.751133 0.483141 0.749450 0.481642 0.747639 0.480178 0.747511 0.469668 0.734810 0.468201 0.734681 0.466696 0.732863 0.465229 0.732733 0.460710 0.727275 0.456302 0.726885 0.456148 0.720118 0.513373 0.725194 0.513698 0.743735 0.507851 0.743221
0 0.416506 0.608947 0.422463 0.609500 0.423259 0.640539 0.403943 0.638768 0.403802 0.633603 0.402267 0.631743 0.400779 0.631606 0.396168 0.626021 0.394679 0.625884 0.386979 0.616559 0.382503 0.616146 0.382453 0.614416 0.386929 0.614830 0.388371 0.613239 0.387923 0.597647 0.414788 0.600152 0.414971 0.607078 0.416506 0.608947
0 0.676615 0.267742 0.681139 0.268228 0.681176 0.286438 0.676659 0.285957 0.675157 0.287615 0.673652 0.287454 0.670650 0.290769 0.667638 0.290449 0.664638 0.293763 0.663132 0.293603 0.661632 0.295260 0.658619 0.294940 0.654123 0.299909 0.645082 0.298951 0.643564 0.296975 0.640548 0.296656 0.639030 0.294678 0.637521 0.294518 0.634481 0.290561 0.632971 0.290401 0.631449 0.288420 0.629939 0.288260 0.628416 0.286279 0.622372 0.285636 0.622201 0.261906 0.628258 0.262556 0.629760 0.260889 0.632788 0.261214 0.634290 0.259548 0.637318 0.259873 0.638821 0.258206 0.638789 0.252715 0.672059 0.256298 0.672074 0.261780 0.676615 0.267742
0 0.465162 0.314522 0.463677 0.316183 0.462152 0.316024 0.460667 0.317685 0.459143 0.317526 0.457658 0.319187 0.456094 0.317207 0.453044 0.316889 0.449912 0.312927 0.449871 0.311105 0.443596 0.303168 0.443554 0.301342 0.441983 0.299355 0.441856 0.293872 0.443343 0.292204 0.443132 0.283051 0.469127 0.285798 0.469734 0.315000 0.465162 0.314522
0 0.547271 0.645077 0.547198 0.639940 0.542705 0.634390 0.536811 0.633846 0.536470 0.611497 0.576284 0.615209 0.576663 0.647780 0.547271 0.645077
0 0.306816 0.708570 0.312765 0.709097 0.313498 0.729506 0.307561 0.728984 0.306138 0.730552 0.304654 0.730421 0.301809 0.733555 0.300325 0.733425 0.298903 0.734992 0.297418 0.734862 0.295997 0.736428 0.293027 0.736168 0.291606 0.737735 0.290121 0.737605 0.288571 0.735778 0.285599 0.735518 0.284047 0.733691 0.282560 0.733560 0.277900 0.728073 0.276412 0.727942 0.274856 0.726111 0.274789 0.724410 0.271676 0.720744 0.270186 0.720613 0.267070 0.716944 0.261106 0.716419 0.260272 0.695928 0.303527 0.699776 0.303715 0.704896 0.306816 0.708570
0 0.897902 0.626507 0.899340 0.626642 0.900747 0.628476 0.902184 0.628611 0.903590 0.630443 0.905027 0.630578 0.907837 0.634241 0.910708 0.634510 0.913514 0.638169 0.916383 0.638437 0.915825 0.667163 0.910101 0.666634 0.908638 0.668188 0.907207 0.668056 0.905744 0.669609 0.904312 0.669477 0.899926 0.674135 0.898494 0.674003 0.897033 0.675555 0.895601 0.675423 0.894140 0.676975 0.892708 0.676843 0.891247 0.678395 0.891161 0.683442 0.879707 0.682392 0.879815 0.675658 0.878409 0.673841 0.878436 0.672156 0.877029 0.670337 0.877082 0.666963 0.875674 0.665143 0.875727 0.661766 0.874318 0.659944 0.874371 0.656563 0.871550 0.652914 0.871576 0.651221 0.868752 0.647567 0.868777 0.645873 0.867364 0.644045 0.865926 0.643911 0.863097 0.640251 0.863121 0.638554 0.861706 0.636722 0.857385 0.636318 0.857695 0.614200 0.895174 0.617734 0.895085 0.622837 0.897902 0.626507
0 0.487747 0.223548 0.486248 0.225231 0.484714 0.225065 0.481718 0.228430 0.481826 0.233970 0.474158 0.233144 0.474046 0.227601 0.470900 0.223571 0.469364 0.223405 0.464638 0.217353 0.464365 0.204372 0.467366 0.200994 0.467327 0.199136 0.470330 0.195755 0.470215 0.190175 0.491761 0.192533 0.492348 0.224046 0.487747 0.223548
0 0.338867 0.512757 0.340377 0.512902 0.341945 0.514811 0.347984 0.515393 0.349170 0.552291 0.343152 0.551720 0.338810 0.556545 0.338868 0.558295 0.337363 0.558153 0.334471 0.561368 0.332966 0.561226 0.331521 0.562833 0.319478 0.561696 0.318033 0.563303 0.318216 0.568549 0.300141 0.566848 0.299948 0.561598 0.298376 0.559704 0.296867 0.559562 0.295293 0.557668 0.293784 0.557525 0.292209 0.555630 0.290700 0.555487 0.287547 0.551693 0.286036 0.551550 0.282880 0.547753 0.281368 0.547610 0.271881 0.536197 0.265822 0.535621 0.264843 0.510913 0.269398 0.511351 0.275195 0.504859 0.276713 0.505005 0.278163 0.503381 0.277891 0.496295 0.333980 0.501722 0.334157 0.507023 0.338867 0.512757
0 0.661201 0.179659 0.659686 0.181344 0.659708 0.186902 0.652101 0.186062 0.652076 0.180503 0.649013 0.176457 0.649004 0.174601 0.639797 0.162435 0.639776 0.158713 0.638238 0.156681 0.633656 0.156170 0.633565 0.141248 0.668698 0.145184 0.668806 0.180501 0.661201 0.179659
0 0.629799 0.493640 0.622446 0.501682 0.622485 0.506937 0.604688 0.505200 0.604626 0.498185 0.600121 0.492481 0.598634 0.492335 0.592617 0.484718 0.588152 0.484279 0.587931 0.463119 0.634082 0.467698 0.634248 0.494077 0.629799 0.493640
0 0.417962 0.374735 0.415013 0.378032 0.415059 0.379835 0.410638 0.384777 0.409118 0.384622 0.404700 0.389561 0.403179 0.389407 0.401707 0.391053 0.400187 0.390899 0.398715 0.392544 0.397194 0.392390 0.395723 0.394036 0.395871 0.399430 0.373052 0.397126 0.372892 0.391726 0.371315 0.389770 0.368267 0.389461 0.366688 0.387505 0.362114 0.387041 0.360533 0.385083 0.359007 0.384929 0.357426 0.382970 0.354373 0.382660 0.352790 0.380700 0.351263 0.380545 0.349678 0.378583 0.345095 0.378118 0.344515 0.360020 0.422343 0.367982 0.422525 0.375201 0.417962 0.374735
0 0.422142 0.299095 0.420657 0.300762 0.419126 0.300601 0.417641 0.302268 0.416111 0.302108 0.414626 0.303775 0.413095 0.303614 0.411612 0.305281 0.410080 0.305120 0.407114 0.308453 0.407162 0.310278 0.405679 0.311944 0.404148 0.311784 0.401184 0.315113 0.401331 0.320583 0.392148 0.319627 0.391996 0.314155 0.385661 0.306210 0.379526 0.305568 0.378946 0.285421 0.383557 0.285907 0.385042 0.284234 0.384834 0.276889 0.426284 0.281270 0.426733 0.299577 0.422142 0.299095
0 0.374903 0.459747 0.371981 0.463006 0.372140 0.468339 0.356999 0.466852 0.356833 0.461516 0.353689 0.457657 0.352172 0.457507 0.349025 0.453644 0.347507 0.453494 0.344356 0.449628 0.342838 0.449478 0.341261 0.447543 0.335183 0.446942 0.334650 0.430851 0.381750 0.435538 0.382471 0.460493 0.374903 0.459747
0 0.404133 0.136221 0.393603 0.148176 0.392049 0.148004 0.386040 0.154828 0.379822 0.154142 0.378321 0.155847 0.370545 0.154989 0.369045 0.156695 0.369210 0.162324 0.361434 0.161468 0.361265 0.155837 0.359652 0.153787 0.354980 0.153271 0.353365 0.151220 0.350249 0.150876 0.348632 0.148823 0.347073 0.148651 0.340597 0.140430 0.339036 0.140257 0.322790 0.119638 0.318093 0.119114 0.317200 0.092560 0.323477 0.093266 0.326490 0.089818 0.328059 0.089994 0.329566 0.088270 0.332703 0.088624 0.334210 0.086899 0.362414 0.090081 0.364036 0.092157 0.367165 0.092510 0.368674 0.090788 0.373366 0.091317 0.374875 0.089595 0.376439 0.089772 0.377949 0.088049 0.377787 0.082349 0.409041 0.085887 0.410349 0.136913 0.404133 0.136221
0 0.387523 0.583751 0.392010 0.584172 0.392453 0.599799 0.387973 0.599382 0.383642 0.604166 0.383793 0.609362 0.376327 0.608670 0.376171 0.603471 0.374625 0.601598 0.374573 0.599864 0.368379 0.592361 0.366882 0.592221 0.363780 0.588465 0.362282 0.588325 0.359177 0.584565 0.359122 0.582824 0.357568 0.580942 0.357349 0.573971 0.385826 0.576649 0.385977 0.581871 0.387523 0.583751
0 0.301868 0.056623 0.301668 0.050878 0.298379 0.046685 0.298311 0.044767 0.295019 0.040569 0.290281 0.040026 0.289523 0.018868 0.319557 0.022330 0.320768 0.058775 0.301868 0.056623
0 0.338563 0.270164 0.336960 0.268158 0.333872 0.267831 0.329055 0.261808 0.328994 0.259963 0.325779 0.255941 0.324232 0.255777 0.323736 0.240978 0.345403 0.243292 0.346278 0.270980 0.338563 0.270164
0 0.584776 0.305286 0.575820 0.315227 0.572794 0.314909 0.571303 0.316565 0.565250 0.315930 0.563714 0.313956 0.562200 0.313797 0.554507 0.303913 0.552991 0.303753 0.551450 0.301774 0.551426 0.299953 0.549883 0.297972 0.549734 0.287032 0.590681 0.291371 0.590826 0.305924 0.584776 0.305286
0 0.485041 0.081266 0.489700 0.081796 0.490228 0.110153 0.485580 0.109630 0.481041 0.114763 0.481187 0.122298 0.462595 0.120213 0.462476 0.114558 0.459292 0.110436 0.457740 0.110261 0.451363 0.102005 0.451280 0.098223 0.449683 0.096155 0.449600 0.092368 0.448002 0.090298 0.447960 0.088403 0.449474 0.086684 0.449390 0.082891 0.450905 0.081171 0.450863 0.079273 0.453895 0.075830 0.453730 0.068228 0.483306 0.071603 0.483451 0.079193 0.485041 0.081266
0 0.409762 0.174248 0.409617 0.168638 0.408019 0.166596 0.407971 0.164723 0.404772 0.160635 0.400117 0.160122 0.399718 0.145107 0.429207 0.148376 0.429881 0.176457 0.409762 0.174248
0 0.381079 0.567510 0.373843 0.575522 0.374000 0.580747 0.368007 0.580185 0.367848 0.574958 0.364742 0.571188 0.363241 0.571047 0.361687 0.569161 0.360186 0.569019 0.360132 0.567274 0.357019 0.563497 0.355517 0.563355 0.353960 0.561466 0.352457 0.561324 0.350898 0.559433 0.344885 0.558864 0.344428 0.544852 0.385019 0.548713 0.385574 0.567934 0.381079 0.567510
0 0.425790 0.505335 0.424332 0.506951 0.422829 0.506805 0.421371 0.508421 0.419868 0.508276 0.418320 0.506368 0.416817 0.506223 0.410615 0.498585 0.410568 0.496820 0.409016 0.494907 0.408640 0.480760 0.431235 0.482971 0.431799 0.505917 0.425790 0.505335
0 0.700743 0.339152 0.705231 0.339621 0.705230 0.350409 0.699251 0.349787 0.697757 0.351427 0.697758 0.353224 0.693278 0.358143 0.691783 0.357988 0.690291 0.359627 0.690297 0.365007 0.675349 0.363460 0.675336 0.358076 0.673835 0.356125 0.672338 0.355970 0.670835 0.354018 0.669338 0.353863 0.664826 0.348001 0.664819 0.346201 0.663314 0.344245 0.658815 0.343776 0.658807 0.341975 0.663307 0.342444 0.669283 0.335863 0.669261 0.328646 0.699244 0.331790 0.699246 0.337195 0.700743 0.339152
0 0.893520 0.107211 0.887372 0.113976 0.885865 0.113804 0.882793 0.117185 0.882706 0.122767 0.870652 0.121395 0.870923 0.102753 0.875452 0.103272 0.889300 0.088014 0.889421 0.080525 0.899993 0.081747 0.899547 0.107902 0.893520 0.107211
0 0.759044 0.329060 0.753044 0.335631 0.753013 0.342820 0.741084 0.341572 0.741108 0.334379 0.738133 0.330465 0.738139 0.328664 0.736650 0.326705 0.736682 0.315881 0.738183 0.314233 0.738194 0.310620 0.742701 0.305672 0.742719 0.300244 0.765156 0.302628 0.765008 0.329688 0.759044 0.329060
0 0.761392 0.159283 0.755369 0.151179 0.753853 0.151008 0.750837 0.146951 0.750898 0.132056 0.772140 0.134455 0.771985 0.160468 0.761392 0.159283
0 0.511881 0.640111 0.510436 0.641690 0.507484 0.641419 0.505977 0.639568 0.504501 0.639432 0.496955 0.630164 0.495476 0.630028 0.487911 0.620740 0.483468 0.620328 0.483330 0.613433 0.517373 0.616598 0.517782 0.640654 0.511881 0.640111
0 0.359229 0.292490 0.357746 0.294162 0.357803 0.295995 0.356321 0.297666 0.354783 0.297505 0.353302 0.299176 0.351764 0.299015 0.348802 0.302356 0.348975 0.307847 0.339748 0.306884 0.339571 0.301391 0.336373 0.297404 0.334833 0.297243 0.330030 0.291255 0.323862 0.290608 0.323182 0.270374 0.364830 0.274775 0.365380 0.293136 0.359229 0.292490
0 0.393457 0.582573 0.393310 0.577353 0.390217 0.573588 0.388720 0.573447 0.388670 0.571704 0.385574 0.567934 0.381079 0.567510 0.380720 0.555283 0.409199 0.557985 0.409897 0.584116 0.393457 0.582573
0 0.493854 0.386064 0.492377 0.387706 0.483305 0.386783 0.481757 0.384832 0.478730 0.384523 0.474079 0.378664 0.473820 0.366052 0.507136 0.369470 0.507451 0.387449 0.493854 0.386064
0 0.616084 0.446486 0.611655 0.451349 0.611699 0.456654 0.599775 0.455467 0.599725 0.450159 0.598216 0.448239 0.595231 0.447941 0.593721 0.446020 0.593686 0.442476 0.592174 0.440553 0.587692 0.440104 0.587414 0.413430 0.621824 0.416912 0.622046 0.447082 0.616084 0.446486
0 0.423942 0.550672 0.422489 0.552277 0.422623 0.557517 0.415141 0.556807 0.415004 0.551565 0.405732 0.540208 0.405685 0.538456 0.404137 0.536560 0.398133 0.535985 0.397745 0.521938 0.432274 0.525260 0.432919 0.551527 0.423942 0.550672
0 0.383192 0.273051 0.380221 0.276402 0.380378 0.281912 0.366534 0.280452 0.366370 0.274938 0.353589 0.258896 0.353132 0.244118 0.388627 0.247910 0.389344 0.273702 0.383192 0.273051
0 0.328801 0.437404 0.333366 0.437857 0.334137 0.461058 0.326544 0.460311 0.320712 0.466837 0.308556 0.465645 0.306972 0.463715 0.300889 0.463118 0.299302 0.461186 0.297781 0.461037 0.296193 0.459104 0.294671 0.458954 0.293082 0.457020 0.291559 0.456871 0.289970 0.454936 0.288446 0.454786 0.286855 0.452850 0.286721 0.449277 0.285130 0.447339 0.284995 0.443762 0.286454 0.442124 0.286386 0.440334 0.292224 0.433775 0.291960 0.426603 0.327037 0.430093 0.327218 0.435464 0.328801 0.437404
0 0.594197 0.642564 0.594129 0.635720 0.591158 0.632023 0.591070 0.623449 0.629224 0.626996 0.629352 0.645806 0.594197 0.642564
0 0.384128 0.306050 0.385713 0.308037 0.385765 0.309864 0.392097 0.317804 0.396691 0.318282 0.397286 0.340119 0.391173 0.339488 0.389695 0.341147 0.382051 0.340358 0.380469 0.338382 0.378939 0.338224 0.372603 0.330314 0.372550 0.328493 0.370964 0.326513 0.369432 0.326354 0.367844 0.324372 0.367790 0.322549 0.359843 0.312624 0.355236 0.312144 0.354670 0.293839 0.359284 0.294324 0.363732 0.289307 0.363511 0.281964 0.375819 0.283262 0.376032 0.290600 0.380798 0.296580 0.380850 0.298411 0.382438 0.300402 0.382490 0.302232 0.384076 0.304221 0.384128 0.306050
0 0.591269 0.197875 0.589761 0.199559 0.588235 0.199392 0.585220 0.202759 0.585277 0.208308 0.582225 0.207974 0.582166 0.202425 0.580619 0.200407 0.577564 0.200072 0.572916 0.194011 0.572895 0.192157 0.571344 0.190134 0.566754 0.189630 0.566620 0.178485 0.595690 0.181691 0.595848 0.198377 0.591269 0.197875
0 0.708220 0.345330 0.708225 0.332731 0.717200 0.333672 0.717185 0.346265 0.708220 0.345330
0 0.904212 0.596390 0.904305 0.591264 0.901482 0.587568 0.900040 0.587430 0.897214 0.583731 0.892882 0.583317 0.893236 0.562727 0.897576 0.563145 0.902007 0.558406 0.903453 0.558546 0.904931 0.556966 0.905056 0.550081 0.915183 0.551064 0.914296 0.597350 0.904212 0.596390
0 0.393678 0.429598 0.392212 0.431234 0.390696 0.431083 0.389230 0.432719 0.380130 0.431812 0.378560 0.429873 0.377042 0.429722 0.375472 0.427781 0.373953 0.427630 0.372382 0.425688 0.372275 0.422107 0.370702 0.420163 0.370649 0.418371 0.372116 0.416730 0.372009 0.413143 0.373477 0.411501 0.373317 0.406115 0.399156 0.408715 0.399741 0.430203 0.393678 0.429598
0 0.511035 0.591879 0.509584 0.593470 0.508102 0.593331 0.506650 0.594922 0.506743 0.600107 0.497851 0.599275 0.497754 0.594087 0.490168 0.584731 0.490100 0.581263 0.488580 0.579388 0.488445 0.572443 0.516668 0.575112 0.516963 0.592436 0.511035 0.591879
0 0.692251 0.796025 0.690816 0.797558 0.689380 0.797434 0.687941 0.795652 0.686504 0.795528 0.685064 0.793745 0.683627 0.793621 0.682186 0.791837 0.677871 0.791463 0.677859 0.786483 0.699427 0.788357 0.699430 0.796646 0.692251 0.796025
0 0.452338 0.075653 0.450822 0.077374 0.450863 0.079273 0.449348 0.080994 0.449390 0.082891 0.447875 0.084611 0.447918 0.086507 0.440349 0.095100 0.438793 0.094924 0.437281 0.096642 0.437324 0.098535 0.435812 0.100252 0.434256 0.100076 0.432745 0.101793 0.431188 0.101617 0.429677 0.103334 0.429813 0.109005 0.418920 0.107780 0.418779 0.102106 0.409139 0.089682 0.409090 0.087785 0.401035 0.077402 0.399472 0.077225 0.396244 0.073065 0.391552 0.072532 0.391241 0.061099 0.395939 0.061634 0.397453 0.059906 0.397301 0.054181 0.458242 0.061152 0.458566 0.076361 0.452338 0.075653
0 0.374786 0.404472 0.373317 0.406115 0.373477 0.411501 0.350646 0.409209 0.350476 0.403817 0.348894 0.401865 0.347370 0.401711 0.345787 0.399758 0.344262 0.399604 0.342678 0.397650 0.341153 0.397496 0.339568 0.395541 0.333461 0.394925 0.333222 0.387712 0.380507 0.392496 0.380870 0.405084 0.374786 0.404472
0 0.298923 0.150837 0.297427 0.152548 0.281781 0.150824 0.280285 0.152536 0.274021 0.151846 0.272526 0.153558 0.270960 0.153386 0.269465 0.155097 0.267899 0.154925 0.266404 0.156636 0.264838 0.156464 0.261850 0.159885 0.262068 0.165528 0.246402 0.163813 0.246176 0.158165 0.242887 0.154052 0.241317 0.153880 0.239671 0.151822 0.238101 0.151649 0.234806 0.147530 0.233235 0.147357 0.229936 0.143234 0.225219 0.142714 0.224268 0.119992 0.228995 0.120517 0.233486 0.115350 0.235062 0.115525 0.239556 0.110355 0.239479 0.108455 0.245478 0.101555 0.245402 0.099653 0.249904 0.094472 0.249829 0.092568 0.251331 0.090840 0.252908 0.091017 0.254410 0.089288 0.254335 0.087382 0.255838 0.085653 0.257415 0.085831 0.260421 0.082372 0.260201 0.076646 0.283847 0.079316 0.284056 0.085035 0.288984 0.091280 0.290557 0.091457 0.300390 0.103919 0.300590 0.109611 0.302225 0.111683 0.302424 0.117367 0.305691 0.121502 0.310391 0.122026 0.311492 0.154097 0.303680 0.153236 0.302050 0.151182 0.298923 0.150837
0 0.708158 0.501335 0.708163 0.489084 0.717013 0.489957 0.716999 0.502203 0.708158 0.501335
0 0.663423 0.775250 0.661975 0.773459 0.654761 0.772829 0.654723 0.764491 0.670601 0.765883 0.670631 0.775879 0.663423 0.775250
0 0.468463 0.610328 0.468352 0.605146 0.463784 0.599542 0.459325 0.599126 0.459132 0.590466 0.493304 0.593670 0.493667 0.612673 0.468463 0.610328
0 0.290036 0.456721 0.291559 0.456871 0.293148 0.458805 0.294671 0.458954 0.297846 0.462819 0.299367 0.462968 0.300953 0.464900 0.305516 0.465347 0.307099 0.467277 0.311659 0.467723 0.313241 0.469652 0.319316 0.470247 0.320896 0.472174 0.323931 0.472471 0.325509 0.474397 0.327027 0.474545 0.328604 0.476470 0.334668 0.477063 0.335081 0.489479 0.329023 0.488890 0.327568 0.490515 0.324538 0.490221 0.323084 0.491846 0.313990 0.490963 0.312411 0.489043 0.304826 0.488305 0.303244 0.486384 0.301726 0.486236 0.298560 0.482390 0.297041 0.482242 0.295456 0.480318 0.292417 0.480021 0.290831 0.478096 0.289310 0.477947 0.287723 0.476021 0.286202 0.475872 0.284614 0.473945 0.281570 0.473648 0.279980 0.471719 0.278458 0.471570 0.276867 0.469640 0.273821 0.469342 0.272228 0.467412 0.270704 0.467262 0.269111 0.465331 0.263012 0.464733 0.262233 0.445080 0.288179 0.447640 0.288446 0.454786 0.290036 0.456721
0 0.444509 0.536929 0.439893 0.531242 0.439851 0.529489 0.436771 0.525692 0.436431 0.511635 0.455925 0.513521 0.456475 0.538075 0.444509 0.536929
0 0.447605 0.345316 0.452170 0.345788 0.452696 0.369287 0.448141 0.368821 0.448017 0.363405 0.446456 0.361443 0.444936 0.361287 0.443374 0.359324 0.437291 0.358699 0.435727 0.356734 0.434205 0.356578 0.429507 0.350678 0.427984 0.350521 0.424847 0.346583 0.423323 0.346426 0.421753 0.344455 0.417178 0.343983 0.416854 0.331271 0.442786 0.333961 0.442912 0.339405 0.447605 0.345316
0 0.492675 0.788764 0.492577 0.783752 0.491085 0.781954 0.488168 0.781702 0.486675 0.779903 0.480836 0.779399 0.480629 0.769349 0.496695 0.770745 0.497047 0.789141 0.492675 0.788764
0 0.313952 0.180544 0.312458 0.182246 0.309341 0.181906 0.307848 0.183609 0.306289 0.183439 0.304796 0.185141 0.303238 0.184971 0.301745 0.186673 0.300186 0.186503 0.298694 0.188204 0.297135 0.188035 0.295643 0.189736 0.290966 0.189228 0.289475 0.190929 0.283236 0.190251 0.281606 0.188210 0.280046 0.188041 0.278415 0.185999 0.276854 0.185829 0.275222 0.183786 0.273660 0.183616 0.268759 0.177481 0.267195 0.177310 0.265560 0.175263 0.263996 0.175092 0.262359 0.173044 0.257664 0.172532 0.257149 0.159369 0.261850 0.159885 0.263343 0.158174 0.263126 0.152524 0.317865 0.158545 0.318625 0.181054 0.313952 0.180544
0 0.716848 0.628314 0.712475 0.633029 0.711019 0.632893 0.706648 0.637606 0.705192 0.637471 0.703736 0.639041 0.702280 0.638906 0.699368 0.642046 0.697912 0.641911 0.696457 0.643481 0.693544 0.643211 0.692089 0.644780 0.674600 0.643163 0.673136 0.641322 0.671677 0.641187 0.670213 0.639345 0.668753 0.639210 0.664355 0.633680 0.662894 0.633544 0.659958 0.629853 0.654110 0.629310 0.654009 0.607023 0.658405 0.607435 0.661321 0.604275 0.661314 0.602556 0.662773 0.600975 0.662754 0.595815 0.722719 0.601470 0.722671 0.628857 0.716848 0.628314
0 0.501564 0.139576 0.501465 0.133947 0.499887 0.131897 0.498342 0.131724 0.495183 0.127620 0.493636 0.127447 0.490473 0.123339 0.485831 0.122818 0.485580 0.109630 0.514987 0.112942 0.515451 0.141125 0.501564 0.139576
0 0.338811 0.601729 0.334490 0.606519 0.334548 0.608253 0.333050 0.608114 0.330171 0.611305 0.328673 0.611166 0.324357 0.615950 0.321360 0.615674 0.319922 0.617268 0.307928 0.616162 0.306365 0.614290 0.298862 0.613597 0.295730 0.609850 0.294228 0.609711 0.287954 0.602205 0.286450 0.602065 0.272292 0.585128 0.267768 0.584706 0.267075 0.567226 0.274626 0.567936 0.277510 0.564718 0.277307 0.559463 0.278818 0.559605 0.279020 0.564860 0.280597 0.566753 0.282107 0.566895 0.283682 0.568787 0.303282 0.570628 0.304725 0.569022 0.313762 0.569872 0.315206 0.568266 0.315020 0.563019 0.343609 0.565716 0.344805 0.602286 0.338811 0.601729
0 0.333212 0.478690 0.332975 0.471584 0.331398 0.469658 0.331279 0.466100 0.329701 0.464171 0.329522 0.458828 0.346219 0.460471 0.346847 0.480022 0.333212 0.478690
0 0.819303 0.263061 0.817828 0.261081 0.816333 0.260919 0.813379 0.256956 0.808891 0.256471 0.809027 0.241885 0.831476 0.244329 0.831250 0.264352 0.819303 0.263061
0 0.551920 0.555911 0.551848 0.550691 0.548832 0.546923 0.547347 0.546781 0.544328 0.543010 0.544303 0.541266 0.542792 0.539379 0.542766 0.537634 0.541254 0.535745 0.541048 0.521758 0.563356 0.523916 0.563776 0.557043 0.551920 0.555911
0 0.687393 0.421772 0.685909 0.423396 0.685917 0.428715 0.682945 0.428415 0.682935 0.423095 0.678462 0.417317 0.678458 0.415540 0.676965 0.413612 0.676952 0.408276 0.699276 0.410547 0.699281 0.422975 0.687393 0.421772
0 0.678834 0.581837 0.678823 0.576661 0.675880 0.572928 0.671476 0.572509 0.671425 0.555204 0.699335 0.557882 0.699345 0.583783 0.678834 0.581837
0 0.664751 0.743648 0.664733 0.738621 0.663280 0.736816 0.661833 0.736687 0.660378 0.734881 0.658931 0.734753 0.656020 0.731138 0.656005 0.727779 0.654548 0.725969 0.654510 0.717559 0.670457 0.718986 0.670534 0.744160 0.664751 0.743648
0 0.292635 0.764805 0.292185 0.752978 0.302562 0.753880 0.303000 0.765701 0.292635 0.764805
0 0.573917 0.147646 0.573811 0.138293 0.572253 0.136249 0.566104 0.135561 0.564590 0.137262 0.561514 0.136918 0.558486 0.140319 0.558557 0.145933 0.541640 0.144046 0.541321 0.121539 0.547487 0.122232 0.553552 0.115408 0.553478 0.109763 0.582749 0.113068 0.583124 0.148673 0.573917 0.147646
0 0.602198 0.226739 0.599189 0.230091 0.596146 0.229761 0.588628 0.238137 0.587106 0.237973 0.585604 0.239647 0.585661 0.245159 0.567398 0.243191 0.567155 0.222934 0.571731 0.223431 0.574739 0.220073 0.574718 0.218227 0.580739 0.211504 0.582265 0.211671 0.583771 0.209989 0.583693 0.202592 0.608097 0.205262 0.608283 0.227399 0.602198 0.226739
1 0.611081 0.381922 0.609581 0.381768 0.603515 0.373980 0.602013 0.373826 0.600495 0.371877 0.600478 0.370082 0.594396 0.362274 0.594379 0.360475 0.588285 0.352650 0.588267 0.350848 0.585216 0.346929 0.580693 0.346460 0.580515 0.330198 0.585044 0.330671 0.588025 0.327367 0.587988 0.323746 0.589480 0.322093 0.589461 0.320281 0.590954 0.318627 0.590899 0.313186 0.624101 0.316676 0.624153 0.323918 0.630224 0.331779 0.633232 0.332094 0.634748 0.334056 0.639258 0.334528 0.643796 0.340410 0.645298 0.340566 0.646809 0.342525 0.648310 0.342682 0.649820 0.344639 0.651321 0.344796 0.652829 0.346752 0.654330 0.346909 0.655837 0.348864 0.657337 0.349020 0.658843 0.350975 0.660342 0.351131 0.661848 0.353085 0.663346 0.353240 0.664851 0.355193 0.666348 0.355349 0.667852 0.357300 0.670846 0.357611 0.672348 0.359562 0.673844 0.359717 0.675345 0.361666 0.676841 0.361821 0.679840 0.365718 0.681334 0.365872 0.688818 0.375598 0.693295 0.376059 0.693318 0.401045 0.687362 0.400437 0.685875 0.402066 0.682896 0.401762 0.681409 0.403391 0.679920 0.403239 0.675463 0.408125 0.675476 0.413461 0.645661 0.410434 0.645633 0.405090 0.644131 0.403156 0.642637 0.403004 0.641133 0.401068 0.633660 0.400307 0.632153 0.398370 0.630658 0.398218 0.629150 0.396280 0.627654 0.396127 0.626145 0.394188 0.623151 0.393882 0.621641 0.391942 0.618646 0.391636 0.611081 0.381922
0 0.446539 0.365055 0.452615 0.365678 0.453018 0.383699 0.446952 0.383082 0.445477 0.384727 0.445601 0.390122 0.427396 0.388274 0.427219 0.381073 0.425655 0.379116 0.425610 0.377314 0.422479 0.373397 0.417916 0.372931 0.417640 0.362093 0.423729 0.362717 0.425207 0.361066 0.425027 0.353829 0.443291 0.355707 0.443416 0.361131 0.446539 0.365055
0 0.435701 0.783855 0.435534 0.777154 0.434027 0.775350 0.433776 0.765279 0.449901 0.766680 0.450334 0.785116 0.435701 0.783855
0 0.607707 0.158866 0.604679 0.162252 0.603149 0.162082 0.601635 0.163774 0.600105 0.163604 0.598592 0.165297 0.597062 0.165127 0.595549 0.166819 0.595602 0.172401 0.584891 0.171215 0.584833 0.165631 0.580177 0.159530 0.578644 0.159359 0.570868 0.149172 0.566262 0.148659 0.566217 0.144920 0.570825 0.145434 0.573853 0.142036 0.573768 0.134548 0.613664 0.139018 0.613825 0.159546 0.607707 0.158866
0 0.712565 0.519220 0.708149 0.524015 0.708149 0.525755 0.706677 0.527353 0.706677 0.529093 0.700796 0.535477 0.699326 0.535335 0.696387 0.538525 0.694917 0.538383 0.690511 0.543167 0.690517 0.548372 0.669928 0.546390 0.669907 0.539441 0.668428 0.537560 0.666955 0.537418 0.662515 0.531770 0.661040 0.531628 0.655109 0.524085 0.655086 0.518851 0.656556 0.517249 0.656533 0.512009 0.658004 0.510406 0.657996 0.508657 0.665355 0.500633 0.675699 0.501647 0.677172 0.500042 0.678649 0.500187 0.680123 0.498582 0.680112 0.493328 0.717005 0.496958 0.716978 0.519650 0.712565 0.519220
0 0.444131 0.192894 0.444003 0.187307 0.440830 0.183241 0.439286 0.183072 0.436109 0.179002 0.431472 0.178494 0.431293 0.171022 0.460652 0.174251 0.461089 0.194746 0.444131 0.192894
0 0.671019 0.416562 0.672513 0.418490 0.672523 0.422041 0.663629 0.431783 0.662141 0.431633 0.660660 0.433256 0.659172 0.433106 0.657691 0.434728 0.657713 0.440042 0.651762 0.439444 0.651737 0.434129 0.650240 0.432207 0.647262 0.431907 0.645763 0.429983 0.644273 0.429833 0.642773 0.427908 0.641283 0.427758 0.638280 0.423905 0.636789 0.423755 0.635286 0.421827 0.633794 0.421676 0.632290 0.419748 0.629305 0.419446 0.627799 0.417516 0.626306 0.417365 0.623293 0.413503 0.620304 0.413200 0.618795 0.411267 0.614309 0.410813 0.612799 0.408879 0.609806 0.408575 0.608294 0.406640 0.605300 0.406336 0.600759 0.400525 0.599260 0.400372 0.599227 0.396799 0.600709 0.395164 0.600693 0.393376 0.602176 0.391741 0.602127 0.386373 0.614123 0.387600 0.614166 0.392965 0.615678 0.394905 0.617176 0.395058 0.618660 0.393424 0.618619 0.388060 0.624610 0.388673 0.624648 0.394035 0.627666 0.397912 0.632153 0.398370 0.633660 0.400307 0.639639 0.400916 0.641143 0.402852 0.642637 0.403004 0.644140 0.404938 0.647127 0.405242 0.648628 0.407175 0.653105 0.407630 0.654605 0.409563 0.665043 0.410623 0.666539 0.412553 0.669519 0.412856 0.671013 0.414785 0.671019 0.416562
0 0.434699 0.743521 0.434574 0.738458 0.433061 0.736640 0.427177 0.736123 0.426702 0.717506 0.448793 0.719465 0.449388 0.744810 0.434699 0.743521
0 0.553958 0.376066 0.553982 0.377862 0.555512 0.379812 0.555607 0.386987 0.554125 0.388626 0.554149 0.390418 0.551189 0.393694 0.551213 0.395484 0.548254 0.398758 0.546750 0.398605 0.545271 0.400241 0.539252 0.399630 0.537720 0.397688 0.536215 0.397535 0.534682 0.395591 0.533176 0.395438 0.530108 0.391548 0.528601 0.391394 0.527065 0.389448 0.524049 0.389140 0.522512 0.387193 0.519495 0.386885 0.517957 0.384936 0.516447 0.384782 0.516297 0.375798 0.517808 0.375952 0.519288 0.374308 0.520799 0.374463 0.523761 0.371175 0.525271 0.371330 0.528235 0.368040 0.531255 0.368351 0.532738 0.366706 0.534248 0.366861 0.535731 0.365216 0.537241 0.365371 0.538724 0.363725 0.538644 0.358320 0.552232 0.359721 0.552427 0.374115 0.553958 0.376066
0 0.519914 0.320246 0.522949 0.320563 0.524495 0.322537 0.530561 0.323171 0.530728 0.334047 0.526183 0.333574 0.524697 0.335228 0.524783 0.340658 0.511146 0.339243 0.511053 0.333809 0.509505 0.331839 0.506470 0.331523 0.504921 0.329552 0.501884 0.329236 0.500333 0.327263 0.497295 0.326946 0.495743 0.324973 0.492703 0.324656 0.491149 0.322681 0.488108 0.322364 0.486552 0.320387 0.485031 0.320229 0.483474 0.318251 0.481952 0.318092 0.480394 0.316114 0.480250 0.308832 0.518276 0.312818 0.518366 0.318271 0.519914 0.320246
0 0.535706 0.752382 0.535628 0.747343 0.534143 0.745534 0.532684 0.745406 0.531198 0.743596 0.526818 0.743210 0.526653 0.733108 0.548558 0.735045 0.548823 0.753532 0.535706 0.752382
0 0.708120 0.598376 0.708124 0.586339 0.716897 0.587171 0.716883 0.599203 0.708120 0.598376
0 0.511134 0.763635 0.509644 0.761831 0.508185 0.761704 0.505203 0.758092 0.505080 0.751374 0.519686 0.752654 0.519885 0.764398 0.511134 0.763635
1 0.913430 0.412914 0.909035 0.412464 0.907602 0.410548 0.907699 0.405247 0.909197 0.403629 0.909360 0.394781 0.910860 0.393161 0.911090 0.380746 0.912592 0.379123 0.912824 0.366677 0.914328 0.365051 0.914395 0.361489 0.915900 0.359861 0.916136 0.347374 0.922026 0.347993 0.920579 0.422480 0.919116 0.422331 0.919150 0.420569 0.913430 0.412914
1 0.917396 0.511469 0.915978 0.509591 0.916045 0.506121 0.911786 0.500480 0.911818 0.498743 0.910397 0.496860 0.910462 0.493381 0.909040 0.491497 0.909072 0.489756 0.907649 0.487870 0.907682 0.486128 0.904833 0.482351 0.904865 0.480607 0.903440 0.478717 0.903502 0.475227 0.902076 0.473334 0.902108 0.471588 0.899253 0.467799 0.899284 0.466051 0.897855 0.464155 0.898130 0.448384 0.899622 0.446777 0.899777 0.437994 0.901239 0.438143 0.904101 0.441953 0.908485 0.442398 0.909979 0.440789 0.911440 0.440938 0.917417 0.434502 0.917451 0.432743 0.918946 0.431133 0.919014 0.427614 0.920476 0.427763 0.918814 0.513345 0.917363 0.513202 0.917396 0.511469
0 0.760390 0.357945 0.760417 0.352569 0.758938 0.350621 0.758946 0.348828 0.757466 0.346878 0.757509 0.337898 0.770917 0.339303 0.770799 0.359028 0.760390 0.357945
0 0.309600 0.744374 0.309231 0.734206 0.325542 0.735636 0.325897 0.745796 0.309600 0.744374
0 0.712618 0.452613 0.711140 0.450701 0.709659 0.450553 0.708179 0.448640 0.708180 0.446875 0.706699 0.444961 0.706700 0.441427 0.705218 0.439511 0.700770 0.439063 0.700768 0.431986 0.723007 0.434229 0.722974 0.453650 0.712618 0.452613
0 0.716848 0.628314 0.709561 0.636171 0.708105 0.636035 0.705192 0.639176 0.703736 0.639041 0.699369 0.643750 0.696457 0.643481 0.695002 0.645050 0.692089 0.644780 0.690635 0.646350 0.690641 0.651458 0.674618 0.649980 0.674604 0.644868 0.671677 0.641187 0.670218 0.641052 0.664355 0.633680 0.662894 0.633544 0.659958 0.629853 0.654110 0.629310 0.654017 0.608740 0.658412 0.609152 0.662786 0.604412 0.662779 0.602694 0.664238 0.601113 0.664220 0.595953 0.722719 0.601470 0.722671 0.628857 0.716848 0.628314
0 0.417087 0.399781 0.415616 0.401424 0.414098 0.401270 0.412627 0.402913 0.412767 0.408296 0.397588 0.406767 0.397440 0.401380 0.395871 0.399430 0.395822 0.397632 0.392681 0.393728 0.388117 0.393266 0.387914 0.386063 0.422886 0.389611 0.423157 0.400394 0.417087 0.399781
0 0.567988 0.416808 0.567902 0.409674 0.561807 0.401920 0.557299 0.401463 0.557229 0.396096 0.561739 0.396555 0.564700 0.393282 0.564566 0.382530 0.591621 0.385298 0.591961 0.419229 0.567988 0.416808
0 0.302478 0.711583 0.301533 0.685967 0.323880 0.687967 0.324772 0.713556 0.302478 0.711583
0 0.576425 0.097311 0.568826 0.105858 0.567285 0.105683 0.565766 0.107392 0.564224 0.107218 0.562706 0.108926 0.558081 0.108403 0.556563 0.110111 0.555021 0.109937 0.553503 0.111645 0.551961 0.111471 0.550444 0.113179 0.545816 0.112657 0.544300 0.114365 0.542757 0.114191 0.541241 0.115899 0.541321 0.121539 0.519714 0.119110 0.519624 0.113464 0.516471 0.109348 0.514925 0.109173 0.513347 0.107114 0.511800 0.106939 0.510221 0.104878 0.507126 0.104529 0.505545 0.102467 0.502448 0.102117 0.499283 0.097990 0.497733 0.097814 0.496149 0.095749 0.494599 0.095573 0.493014 0.093507 0.492979 0.091616 0.488218 0.085409 0.488183 0.083514 0.486594 0.081443 0.486559 0.079547 0.484969 0.077474 0.484933 0.075577 0.481751 0.071426 0.481458 0.056214 0.501684 0.058533 0.501784 0.064237 0.503371 0.066315 0.504924 0.066492 0.506510 0.068569 0.532880 0.071584 0.534401 0.069864 0.537500 0.070219 0.539022 0.068500 0.538941 0.062807 0.582271 0.067776 0.582590 0.098011 0.576425 0.097311
0 0.628471 0.516262 0.627003 0.517865 0.624043 0.517577 0.622575 0.519181 0.619614 0.518893 0.618146 0.520496 0.616666 0.520352 0.613732 0.523558 0.612251 0.523415 0.610785 0.525017 0.606342 0.524587 0.604876 0.526189 0.603395 0.526046 0.601929 0.527648 0.601978 0.532882 0.590127 0.531738 0.590073 0.526501 0.588572 0.524611 0.587089 0.524467 0.585587 0.522576 0.584103 0.522432 0.581096 0.518647 0.576641 0.518214 0.576581 0.512962 0.581038 0.513396 0.583970 0.510182 0.585456 0.510326 0.586923 0.508719 0.591378 0.509153 0.592845 0.507546 0.601752 0.508414 0.603220 0.506807 0.604704 0.506952 0.606172 0.505344 0.606126 0.500085 0.634303 0.502842 0.634390 0.516838 0.628471 0.516262
0 0.480672 0.700306 0.480533 0.693510 0.477518 0.689844 0.473100 0.689446 0.472920 0.680932 0.495013 0.682927 0.495371 0.701622 0.480672 0.700306
0 0.535413 0.542155 0.539871 0.542583 0.540310 0.572154 0.534382 0.571592 0.532926 0.573186 0.528478 0.572765 0.526967 0.570889 0.525484 0.570748 0.520946 0.565115 0.519461 0.564974 0.517947 0.563094 0.516462 0.562953 0.508878 0.553542 0.508817 0.550056 0.507298 0.548170 0.507018 0.532451 0.533819 0.535030 0.533900 0.540268 0.535413 0.542155
0 0.245688 0.559976 0.244101 0.558079 0.244028 0.556324 0.242440 0.554425 0.242219 0.549154 0.252825 0.550157 0.253256 0.560689 0.245688 0.559976
0 0.492438 0.548492 0.490915 0.546604 0.487934 0.546319 0.486409 0.544430 0.484918 0.544288 0.484779 0.537297 0.498202 0.538585 0.498397 0.549061 0.492438 0.548492
0 0.441050 0.324716 0.435121 0.331353 0.430545 0.330879 0.429064 0.332538 0.429197 0.337986 0.427672 0.337828 0.427538 0.332379 0.425968 0.330404 0.421389 0.329928 0.419816 0.327951 0.418289 0.327793 0.416715 0.325815 0.415187 0.325656 0.413612 0.323677 0.413565 0.321856 0.411990 0.319875 0.411942 0.318053 0.410366 0.316071 0.410318 0.314247 0.411848 0.314407 0.413331 0.312742 0.414860 0.312902 0.416343 0.311238 0.417873 0.311397 0.420840 0.308068 0.420703 0.302589 0.445166 0.305154 0.445625 0.325192 0.441050 0.324716
0 0.467905 0.226938 0.469440 0.227104 0.471013 0.229118 0.472548 0.229284 0.475692 0.233309 0.477226 0.233474 0.480365 0.237496 0.481898 0.237661 0.488168 0.245692 0.491229 0.246021 0.492794 0.248026 0.494324 0.248190 0.497451 0.252198 0.498980 0.252362 0.500541 0.254364 0.502070 0.254528 0.503631 0.256529 0.505158 0.256692 0.506718 0.258693 0.508245 0.258856 0.509804 0.260855 0.512857 0.261181 0.514413 0.263179 0.517465 0.263505 0.519020 0.265502 0.520545 0.265664 0.522099 0.267660 0.525148 0.267985 0.528252 0.271974 0.529776 0.272136 0.531326 0.274128 0.535894 0.274614 0.536570 0.320175 0.497096 0.316046 0.496995 0.310587 0.495440 0.308607 0.492396 0.308288 0.490840 0.306306 0.487794 0.305986 0.486236 0.304004 0.483189 0.303684 0.481630 0.301700 0.480105 0.301540 0.478545 0.299555 0.477020 0.299395 0.464505 0.283483 0.462976 0.283321 0.459840 0.279334 0.458310 0.279172 0.452027 0.271187 0.450496 0.271025 0.441047 0.259019 0.441005 0.257179 0.434691 0.249154 0.434647 0.247310 0.431485 0.243291 0.426873 0.242797 0.426014 0.207613 0.459907 0.211292 0.460026 0.216853 0.467905 0.226938
0 0.383159 0.739000 0.382959 0.732232 0.381432 0.730409 0.381381 0.728715 0.379854 0.726890 0.379651 0.720106 0.395904 0.721544 0.396432 0.740164 0.383159 0.739000
0 0.632984 0.754231 0.632908 0.742505 0.641602 0.743274 0.641669 0.754995 0.632984 0.754231
0 0.300476 0.324664 0.300280 0.319182 0.298673 0.317194 0.294049 0.316714 0.293582 0.303894 0.316716 0.306306 0.317406 0.326416 0.300476 0.324664
0 0.583734 0.756595 0.583678 0.751568 0.580733 0.747957 0.580714 0.746279 0.579240 0.744472 0.579163 0.737752 0.595165 0.739167 0.595349 0.757614 0.583734 0.756595
0 0.526240 0.525570 0.526127 0.518564 0.520048 0.510971 0.520019 0.509215 0.516974 0.505412 0.515481 0.505267 0.509383 0.497650 0.504898 0.497213 0.504771 0.490167 0.533172 0.492946 0.533685 0.526289 0.526240 0.525570
0 0.340504 0.424292 0.339040 0.425932 0.337518 0.425780 0.336054 0.427420 0.334531 0.427269 0.333068 0.428908 0.326977 0.428302 0.325392 0.426358 0.320820 0.425902 0.314472 0.418117 0.309893 0.417659 0.309258 0.399669 0.344378 0.403203 0.345070 0.424748 0.340504 0.424292
0 0.505213 0.514788 0.502290 0.518007 0.500797 0.517863 0.499336 0.519472 0.499369 0.521226 0.497909 0.522834 0.496416 0.522690 0.492037 0.527514 0.490544 0.527371 0.487626 0.530585 0.487729 0.535835 0.472799 0.534402 0.472543 0.522136 0.474002 0.520526 0.475497 0.520670 0.478416 0.517450 0.479912 0.517594 0.485753 0.511149 0.487249 0.511294 0.493096 0.504844 0.494591 0.504990 0.496054 0.503377 0.495922 0.496337 0.509383 0.497650 0.509691 0.515222 0.505213 0.514788
0 0.502436 0.359990 0.502080 0.340109 0.518754 0.341839 0.519081 0.361704 0.502436 0.359990
0 0.711069 0.557277 0.711072 0.552083 0.708139 0.548336 0.708140 0.546602 0.706673 0.544726 0.706675 0.537783 0.722826 0.539346 0.722793 0.558403 0.711069 0.557277
0 0.789728 0.599225 0.789876 0.580348 0.804418 0.581735 0.804245 0.600599 0.789728 0.599225
0 0.400782 0.356755 0.400586 0.349507 0.397434 0.345565 0.392852 0.345093 0.392601 0.336011 0.415513 0.338381 0.416025 0.358319 0.400782 0.356755
0 0.232777 0.468883 0.232248 0.456382 0.242949 0.457432 0.243467 0.469927 0.232777 0.468883
0 0.511673 0.191003 0.510106 0.188976 0.508569 0.188808 0.505431 0.184751 0.503894 0.184582 0.502324 0.182552 0.500786 0.182383 0.499214 0.180352 0.496136 0.180014 0.494563 0.177982 0.493024 0.177812 0.491449 0.175779 0.486829 0.175270 0.486580 0.162202 0.522005 0.166120 0.522420 0.192181 0.511673 0.191003
0 0.457032 0.758918 0.456764 0.747138 0.472889 0.748552 0.473140 0.760322 0.457032 0.758918
0 0.664020 0.540611 0.665494 0.540753 0.666972 0.542633 0.669917 0.542917 0.671395 0.544795 0.675810 0.545221 0.675906 0.583283 0.671506 0.582865 0.670045 0.584450 0.668578 0.584311 0.667116 0.585896 0.665650 0.585757 0.664189 0.587342 0.662721 0.587203 0.659801 0.590372 0.658333 0.590234 0.656874 0.591818 0.653939 0.591540 0.651020 0.594708 0.653970 0.598427 0.655437 0.598565 0.656910 0.600423 0.658376 0.600561 0.658405 0.607435 0.648146 0.606473 0.648120 0.601315 0.645168 0.597598 0.624605 0.595661 0.623122 0.593800 0.621652 0.593661 0.614227 0.584339 0.612754 0.584200 0.605311 0.574858 0.603837 0.574718 0.603821 0.572987 0.599346 0.567369 0.599263 0.558697 0.600724 0.557102 0.600708 0.555365 0.606557 0.548981 0.608035 0.549122 0.615352 0.541135 0.615338 0.539394 0.616803 0.537795 0.616789 0.536054 0.618254 0.534454 0.618214 0.529224 0.662521 0.533511 0.662541 0.538730 0.664020 0.540611
0 0.662908 0.231493 0.658386 0.236508 0.656871 0.236344 0.653858 0.239686 0.653882 0.245188 0.650854 0.244860 0.650829 0.239358 0.646256 0.233357 0.644740 0.233193 0.641687 0.229188 0.641677 0.227349 0.638621 0.223338 0.634065 0.222843 0.633975 0.208094 0.668903 0.211916 0.668965 0.232151 0.662908 0.231493
0 0.556338 0.442285 0.554864 0.443910 0.554888 0.445685 0.548997 0.452180 0.549071 0.457494 0.538593 0.456454 0.538514 0.451137 0.535463 0.447291 0.533964 0.447142 0.530911 0.443292 0.530855 0.439739 0.529327 0.437811 0.529160 0.427134 0.530635 0.425503 0.530607 0.423721 0.539462 0.413928 0.539384 0.408571 0.561920 0.410851 0.562327 0.442883 0.556338 0.442285
0 0.328321 0.239622 0.327645 0.219208 0.350896 0.221712 0.351529 0.242103 0.328321 0.239622
0 0.332602 0.726109 0.332254 0.715914 0.348566 0.717357 0.348899 0.727544 0.332602 0.726109
0 0.572826 0.571774 0.572744 0.564837 0.571243 0.562960 0.565323 0.562396 0.565104 0.545004 0.593248 0.547704 0.593508 0.573737 0.572826 0.571774
0 0.672019 0.757665 0.670570 0.755867 0.669126 0.755740 0.667676 0.753942 0.667671 0.752270 0.666220 0.750470 0.666203 0.745450 0.682096 0.746856 0.682119 0.758554 0.672019 0.757665
0 0.480672 0.700306 0.480498 0.691810 0.477483 0.688142 0.473064 0.687745 0.472920 0.680932 0.495013 0.682927 0.495371 0.701622 0.480672 0.700306
1 0.537186 0.154754 0.538724 0.154925 0.540288 0.156964 0.543362 0.157305 0.544925 0.159343 0.547998 0.159683 0.551120 0.163755 0.552655 0.163925 0.554215 0.165960 0.555749 0.166130 0.557307 0.168163 0.564976 0.169012 0.565021 0.172735 0.557355 0.171888 0.555846 0.173581 0.552778 0.173242 0.549761 0.176626 0.549786 0.178486 0.548277 0.180177 0.548328 0.183896 0.549886 0.185922 0.551418 0.186091 0.552975 0.188116 0.565224 0.189462 0.565876 0.243027 0.559781 0.242371 0.559641 0.231326 0.561143 0.229649 0.558045 0.225630 0.556518 0.225465 0.554968 0.223454 0.551913 0.223123 0.548808 0.219099 0.547280 0.218933 0.545726 0.216919 0.544197 0.216753 0.542642 0.214738 0.541112 0.214572 0.539556 0.212556 0.539529 0.210706 0.536414 0.206670 0.534883 0.206503 0.530203 0.200443 0.528670 0.200275 0.527109 0.198253 0.524042 0.197918 0.522479 0.195894 0.520944 0.195726 0.520915 0.193870 0.522449 0.194038 0.526965 0.188970 0.526820 0.179672 0.523690 0.175610 0.523660 0.173747 0.522094 0.171714 0.520556 0.171545 0.517420 0.167475 0.502027 0.165774 0.500454 0.163736 0.497372 0.163396 0.495865 0.165093 0.494324 0.164923 0.492817 0.166620 0.491276 0.166450 0.488263 0.169843 0.491415 0.173914 0.491484 0.177643 0.479160 0.176287 0.477582 0.174253 0.479124 0.174422 0.485145 0.167636 0.485073 0.163901 0.486580 0.162202 0.486438 0.154722 0.483279 0.150635 0.477100 0.149949 0.475518 0.147903 0.472427 0.147560 0.470919 0.149262 0.470957 0.151136 0.469450 0.152838 0.469488 0.154711 0.467982 0.156412 0.468020 0.158283 0.466514 0.159983 0.468097 0.162025 0.468175 0.165764 0.466669 0.167462 0.460493 0.166781 0.458908 0.164741 0.455818 0.164400 0.455778 0.162530 0.457283 0.160830 0.457202 0.157086 0.460214 0.153683 0.460174 0.151810 0.461721 0.151981 0.463227 0.150279 0.464774 0.150450 0.467788 0.147044 0.469335 0.147216 0.470842 0.145513 0.470690 0.138007 0.533970 0.145060 0.534054 0.150673 0.537186 0.154754
0 0.552926 0.184401 0.551418 0.186091 0.549886 0.185922 0.546872 0.189300 0.546974 0.196723 0.537783 0.195717 0.537702 0.190148 0.536141 0.188122 0.534607 0.187954 0.533045 0.185927 0.531511 0.185759 0.529948 0.183731 0.528413 0.183562 0.526849 0.181533 0.526820 0.179672 0.523690 0.175610 0.522153 0.175441 0.519019 0.171375 0.517481 0.171205 0.515912 0.169171 0.511297 0.168661 0.511108 0.157457 0.558770 0.162741 0.559054 0.185076 0.552926 0.184401
0 0.237851 0.517130 0.234660 0.513301 0.234585 0.511531 0.232987 0.509614 0.228420 0.509176 0.227964 0.498538 0.250806 0.500742 0.251529 0.518441 0.237851 0.517130
0 0.474692 0.553763 0.476183 0.553905 0.477710 0.555791 0.477745 0.557534 0.480796 0.561301 0.486752 0.561867 0.486992 0.574039 0.481042 0.573477 0.476686 0.578266 0.475198 0.578126 0.473747 0.579722 0.472259 0.579582 0.470808 0.581177 0.469320 0.581037 0.467869 0.582633 0.466381 0.582493 0.464931 0.584088 0.463443 0.583948 0.460543 0.587138 0.459055 0.586998 0.453259 0.593374 0.451771 0.593235 0.450323 0.594828 0.448835 0.594689 0.445939 0.597875 0.444451 0.597736 0.443004 0.599329 0.440027 0.599051 0.438497 0.597180 0.437008 0.597040 0.433944 0.593296 0.433901 0.591562 0.430835 0.587812 0.429344 0.587672 0.421663 0.578284 0.420170 0.578144 0.415552 0.572501 0.414057 0.572360 0.413828 0.563646 0.421082 0.555629 0.428562 0.556339 0.430014 0.554735 0.433004 0.555020 0.435909 0.551812 0.437405 0.551954 0.438858 0.550349 0.440353 0.550492 0.444714 0.545677 0.444591 0.540430 0.469997 0.542860 0.470108 0.548101 0.474692 0.553763
0 0.362910 0.750710 0.362538 0.738879 0.372877 0.739785 0.373238 0.751611 0.362910 0.750710
0 0.901146 0.443414 0.901458 0.425824 0.902953 0.424212 0.903079 0.417159 0.917721 0.418656 0.917215 0.445041 0.901146 0.443414
0 0.281819 0.023736 0.288148 0.024464 0.289046 0.049438 0.282730 0.048717 0.270666 0.062604 0.269088 0.062425 0.266075 0.065893 0.266148 0.067806 0.260127 0.074736 0.260201 0.076646 0.257193 0.080108 0.257267 0.082016 0.252758 0.087205 0.251181 0.087028 0.249678 0.088757 0.246523 0.088402 0.244869 0.086318 0.244793 0.084410 0.241483 0.080237 0.241329 0.076417 0.239672 0.074328 0.234930 0.073792 0.234852 0.071880 0.239595 0.072416 0.242603 0.068948 0.242449 0.065121 0.246965 0.059914 0.246889 0.057998 0.248395 0.056261 0.248243 0.052426 0.249750 0.050687 0.249221 0.037241 0.250730 0.035499 0.250352 0.025873 0.251862 0.024128 0.251636 0.018343 0.253148 0.016596 0.252771 0.006939 0.274986 0.009506 0.275200 0.015296 0.281819 0.023736
0 0.845903 0.404219 0.844408 0.405839 0.842935 0.405688 0.841441 0.407308 0.838495 0.407007 0.829534 0.416722 0.829474 0.422025 0.810324 0.420075 0.810375 0.414767 0.807458 0.410924 0.805982 0.410774 0.798676 0.401151 0.797198 0.401000 0.794270 0.397145 0.789833 0.396689 0.789942 0.382456 0.794385 0.382914 0.798872 0.378028 0.800353 0.378181 0.801849 0.376552 0.803330 0.376705 0.804827 0.375075 0.807788 0.375382 0.809285 0.373752 0.810765 0.373906 0.812263 0.372276 0.813743 0.372430 0.815241 0.370799 0.816721 0.370953 0.818219 0.369323 0.819699 0.369476 0.824195 0.364584 0.824253 0.359225 0.853835 0.362310 0.853264 0.404974 0.845903 0.404219
0 0.596308 0.558414 0.596325 0.560150 0.597819 0.562026 0.597869 0.567229 0.600854 0.570975 0.605280 0.571396 0.605558 0.602476 0.599673 0.601924 0.590946 0.611424 0.589475 0.611286 0.585115 0.616032 0.585171 0.621186 0.567512 0.619543 0.567448 0.614385 0.564457 0.610668 0.560034 0.610255 0.559354 0.558357 0.563798 0.558781 0.566717 0.555587 0.566695 0.553849 0.568155 0.552251 0.568070 0.545288 0.593248 0.547704 0.593317 0.554658 0.596308 0.558414
0 0.379387 0.193265 0.379227 0.187668 0.367986 0.173395 0.363325 0.172884 0.362821 0.156008 0.404772 0.160635 0.405701 0.196130 0.379387 0.193265
0 0.478770 0.461141 0.474370 0.466013 0.474479 0.471326 0.462457 0.470142 0.462341 0.464826 0.460798 0.462905 0.460760 0.461131 0.457671 0.457283 0.457592 0.453731 0.456046 0.451805 0.455849 0.442911 0.484466 0.445759 0.484781 0.461736 0.478770 0.461141
0 0.411906 0.433198 0.410439 0.434833 0.408925 0.434682 0.407459 0.436316 0.407648 0.443451 0.395540 0.442249 0.394600 0.408256 0.417363 0.410547 0.417959 0.433802 0.411906 0.433198
0 0.437804 0.750521 0.437638 0.743779 0.434616 0.740147 0.433146 0.740017 0.431633 0.738200 0.427220 0.737812 0.426875 0.724283 0.448952 0.726235 0.449546 0.751548 0.437804 0.750521
0 0.257568 0.209804 0.257348 0.204203 0.254078 0.200128 0.252516 0.199960 0.250880 0.197921 0.249317 0.197752 0.246041 0.193671 0.245815 0.188052 0.269259 0.190597 0.270043 0.211148 0.257568 0.209804
0 0.344737 0.735629 0.344569 0.730545 0.343032 0.728719 0.340069 0.728458 0.338531 0.726631 0.332602 0.726109 0.332021 0.709107 0.348344 0.710555 0.349176 0.736019 0.344737 0.735629
0 0.542114 0.791359 0.540687 0.792900 0.539234 0.792775 0.537807 0.794316 0.536329 0.792525 0.534876 0.792400 0.528956 0.785227 0.528929 0.783558 0.527447 0.781762 0.527310 0.773404 0.549134 0.775300 0.549373 0.791985 0.542114 0.791359
0 0.420023 0.026270 0.421591 0.026452 0.423205 0.028549 0.426338 0.028911 0.432783 0.037292 0.439041 0.038013 0.439827 0.072333 0.399220 0.067709 0.399069 0.061992 0.397453 0.059906 0.397403 0.057998 0.395786 0.055911 0.395735 0.054002 0.392498 0.049822 0.390931 0.049643 0.389311 0.047551 0.387743 0.047372 0.386122 0.045279 0.384553 0.045099 0.379684 0.038816 0.379631 0.036901 0.378006 0.034803 0.377789 0.027131 0.379307 0.025393 0.379200 0.021552 0.380719 0.019812 0.380557 0.014045 0.418266 0.018414 0.418408 0.024171 0.420023 0.026270
0 0.693401 0.489380 0.691925 0.490987 0.687494 0.490550 0.681596 0.496976 0.678641 0.496686 0.677168 0.498292 0.672735 0.497856 0.671262 0.499462 0.671277 0.504712 0.669800 0.504567 0.669784 0.499317 0.668300 0.497421 0.666821 0.497276 0.665336 0.495378 0.659418 0.494797 0.659355 0.478999 0.663800 0.479438 0.668227 0.474604 0.669708 0.474751 0.674138 0.469914 0.674124 0.464632 0.669660 0.458901 0.668176 0.458753 0.663705 0.453014 0.659250 0.452568 0.659179 0.434878 0.699287 0.438914 0.699307 0.489963 0.693401 0.489380
1 0.638462 0.195659 0.636951 0.197342 0.636994 0.204734 0.635484 0.206414 0.635529 0.213795 0.637059 0.215805 0.637081 0.219490 0.638610 0.221497 0.638631 0.225179 0.640159 0.227184 0.644711 0.227678 0.644730 0.231355 0.640180 0.230861 0.635661 0.235881 0.635672 0.237717 0.638726 0.241717 0.644787 0.242372 0.644845 0.253367 0.637275 0.252552 0.634268 0.255888 0.632754 0.255725 0.631251 0.257393 0.629736 0.257230 0.628234 0.258897 0.628270 0.264384 0.622214 0.263735 0.622174 0.258246 0.617586 0.252263 0.616069 0.252100 0.609940 0.244109 0.608422 0.243945 0.606888 0.241945 0.605369 0.241781 0.605273 0.230750 0.608283 0.227399 0.608267 0.225558 0.612786 0.220526 0.612682 0.207610 0.606526 0.199547 0.605001 0.199380 0.601917 0.195343 0.600392 0.195176 0.600375 0.193324 0.598832 0.191303 0.598780 0.185740 0.597235 0.183716 0.597166 0.176288 0.598678 0.174598 0.598661 0.172739 0.600189 0.172908 0.604727 0.167836 0.604663 0.160389 0.644384 0.164804 0.644548 0.196328 0.638462 0.195659
0 0.469871 0.173404 0.469296 0.145341 0.484751 0.147059 0.485288 0.175101 0.469871 0.173404
0 0.614313 0.772632 0.612852 0.770837 0.611404 0.770711 0.608478 0.767118 0.608419 0.760432 0.618563 0.761321 0.618655 0.773011 0.614313 0.772632
0 0.424060 0.190702 0.422469 0.188670 0.417831 0.188163 0.411454 0.180023 0.406810 0.179514 0.406518 0.168297 0.435933 0.171532 0.436415 0.192051 0.424060 0.190702
0 0.270791 0.660966 0.270313 0.648904 0.286795 0.650401 0.287255 0.662453 0.270791 0.660966
0 0.537462 0.676569 0.535968 0.674734 0.533031 0.674467 0.531535 0.672630 0.525657 0.672096 0.525545 0.665275 0.541714 0.666748 0.541866 0.676969 0.537462 0.676569
0 0.662908 0.231493 0.656879 0.238179 0.655364 0.238015 0.653858 0.239686 0.653882 0.245188 0.650854 0.244860 0.650829 0.239358 0.646256 0.233357 0.644740 0.233193 0.644730 0.231355 0.638621 0.223338 0.634065 0.222843 0.633975 0.208094 0.668903 0.211916 0.668965 0.232151 0.662908 0.231493
0 0.328707 0.499997 0.413194 0.435830 0.432574 0.456562 0.373345 0.538094 0.328707 0.499997
0 0.419354 0.421007 0.444659 0.415817 0.448180 0.442736 0.419354 0.421007
0 0.451026 0.440455 0.463019 0.358112 0.482982 0.446198 0.451026 0.440455
0 0.528342 0.439621 0.529933 0.449166 0.513518 0.458610 0.493791 0.444714 0.500728 0.429162 0.503409 0.417435 0.495290 0.408890 0.502266 0.394111 0.521056 0.390853 0.531477 0.409111 0.523747 0.422910 0.528342 0.439621
0 0.242531 0.368593 0.317095 0.200869 0.336595 0.204768 0.258087 0.370173 0.242531 0.368593
0 0.416201 0.268353 0.399768 0.260426 0.395825 0.251159 0.388015 0.236140 0.379923 0.237934 0.359001 0.232137 0.357050 0.216797 0.370783 0.204007 0.391343 0.195518 0.403562 0.208453 0.401855 0.227855 0.416758 0.232125 0.432782 0.253336 0.430104 0.264536 0.416201 0.268353
0 0.406120 0.221201 0.406465 0.206092 0.421825 0.197944 0.431461 0.198101 0.438352 0.207771 0.414285 0.222082 0.406120 0.221201
0 0.801152 0.640687 0.797638 0.644451 0.786538 0.638508 0.790098 0.629002 0.795653 0.631982 0.801152 0.640687
1 0.308452 0.399534 0.235748 0.418153 0.316833 0.258690 0.330789 0.321795 0.308452 0.399534
1 0.601371 0.555696 0.569607 0.516589 0.603973 0.449732 0.657693 0.455094 0.646472 0.496296 0.601371 0.555696
0 0.634207 0.472266 0.621968 0.460026 0.620471 0.451379 0.625507 0.454432 0.641973 0.456074 0.654830 0.453959 0.649899 0.468740 0.634207 0.472266
0 0.614696 0.708431 0.604876 0.706738 0.602711 0.700040 0.613908 0.697795 0.616771 0.705368 0.614696 0.708431
