0 0.264940 0.903315 0.265359 0.908254 0.262011 0.911935 0.258385 0.912327 0.256712 0.914168 0.254899 0.914364 0.253228 0.916202 0.251417 0.916398 0.249747 0.918237 0.246126 0.918627 0.244457 0.920465 0.242648 0.920660 0.239313 0.924331 0.232084 0.925109 0.234352 0.951315 0.241574 0.950548 0.255206 0.960664 0.257013 0.960473 0.264805 0.966255 0.266614 0.966064 0.270510 0.968956 0.270926 0.973862 0.312636 0.969495 0.312093 0.962937 0.313776 0.961105 0.315594 0.960914 0.327393 0.948073 0.334686 0.947302 0.332132 0.916008 0.326654 0.916597 0.318813 0.910786 0.318677 0.909136 0.316852 0.909333 0.309014 0.903524 0.308605 0.898573
0 0.193059 0.771067 0.193497 0.776055 0.191830 0.777926 0.190016 0.778136 0.188349 0.780007 0.184726 0.780427 0.183061 0.782298 0.181249 0.782507 0.177923 0.786245 0.176113 0.786454 0.174451 0.788321 0.169025 0.788948 0.170796 0.808824 0.176217 0.808204 0.193809 0.821241 0.195619 0.821036 0.199529 0.823934 0.199964 0.828896 0.230785 0.825410 0.230357 0.820440 0.233705 0.816711 0.237341 0.816298 0.240694 0.812567 0.242514 0.812360 0.249228 0.804887 0.256516 0.804056 0.254256 0.777423 0.246960 0.778266 0.244993 0.776812 0.244851 0.775145 0.243027 0.775356 0.241062 0.773901 0.239240 0.774112 0.237275 0.772657 0.235452 0.772869 0.233488 0.771414 0.233058 0.766415
0 0.350487 0.960561 0.350886 0.965491 0.337367 0.980140 0.331904 0.980707 0.334316 1.000000 0.339771 1.000000 0.347580 1.000000 0.349400 1.000000 0.355259 1.000000 0.355656 1.000000 0.401278 1.000000 0.400762 1.000000 0.402463 1.000000 0.404294 1.000000 0.411108 1.000000 0.410980 1.000000 0.412686 1.000000 0.420022 0.999734 0.417595 0.968477 0.412085 0.969051 0.400298 0.960317 0.399910 0.955373
0 0.195845 0.844377 0.196281 0.849328 0.192958 0.853030 0.191152 0.853232 0.187831 0.856932 0.186027 0.857133 0.182711 0.860831 0.175500 0.861635 0.177550 0.884654 0.184754 0.883861 0.190596 0.888194 0.192400 0.887996 0.196296 0.890886 0.196730 0.895813 0.240102 0.891067 0.239677 0.886128 0.244690 0.880586 0.246504 0.880387 0.249850 0.876690 0.255296 0.876090 0.253043 0.849653 0.247591 0.850262 0.243674 0.847360 0.241858 0.847563 0.237942 0.844662 0.237516 0.839699
0 0.263284 0.048947 0.266640 0.090110 0.274219 0.088949 0.276259 0.090446 0.276404 0.092232 0.278445 0.093729 0.278589 0.095515 0.280630 0.097012 0.281064 0.102370 0.305737 0.098610 0.305167 0.091454 0.308685 0.087293 0.308543 0.085504 0.312064 0.081339 0.317777 0.080463 0.315364 0.049952 0.305833 0.051429 0.303785 0.049928 0.301880 0.050223 0.299833 0.048722 0.299403 0.043332
0 0.517994 0.133772 0.519249 0.151753 0.525061 0.150894 0.527125 0.152404 0.529062 0.152118 0.533189 0.155140 0.535129 0.154854 0.537194 0.156366 0.539133 0.156080 0.543262 0.159103 0.543632 0.164494 0.588369 0.157924 0.587289 0.141700 0.579486 0.142852 0.575347 0.139822 0.575226 0.138018 0.571085 0.134989 0.569137 0.135278 0.567068 0.133763 0.566581 0.126545
0 0.384689 0.044686 0.385236 0.051900 0.378107 0.060290 0.372353 0.061176 0.373866 0.080958 0.425729 0.073035 0.424261 0.053188 0.418480 0.054078 0.410237 0.048043 0.409698 0.040818
0 0.192910 0.210662 0.194412 0.228237 0.201882 0.227145 0.207935 0.231597 0.209805 0.231324 0.223934 0.241714 0.224377 0.246982 0.246852 0.243725 0.243487 0.203219
0 0.340300 0.437162 0.343044 0.471744 0.348661 0.471004 0.354689 0.475445 0.354825 0.477171 0.356833 0.478652 0.356969 0.480377 0.358979 0.481857 0.359115 0.483583 0.365142 0.488025 0.365277 0.489749 0.381354 0.501593 0.381755 0.506765 0.411816 0.502872 0.410500 0.485592 0.404851 0.486329 0.396795 0.480396 0.396662 0.478667 0.390621 0.474218 0.390488 0.472488 0.386460 0.469522 0.386326 0.467792 0.384312 0.466309 0.384178 0.464577 0.380150 0.461611 0.380016 0.459881 0.378001 0.458397 0.377867 0.456666 0.375853 0.455184 0.375718 0.453451 0.373705 0.451969 0.373570 0.450236 0.371555 0.448752 0.371420 0.447020 0.367391 0.444054 0.367256 0.442321 0.365242 0.440838 0.364700 0.433902
0 0.212291 0.349411 0.214653 0.377158 0.220223 0.376391 0.230246 0.383774 0.232106 0.383519 0.238120 0.387950 0.238557 0.393144 0.251581 0.391362 0.251003 0.384431 0.254440 0.380451 0.256303 0.380195 0.263186 0.372225 0.265053 0.371968 0.266775 0.369974 0.272377 0.369202 0.271088 0.353547 0.265483 0.354325 0.263471 0.352844 0.261603 0.353103 0.259592 0.351623 0.257725 0.351883 0.255713 0.350402 0.253847 0.350661 0.251837 0.349181 0.251402 0.343960
0 0.163130 0.598507 0.163579 0.603574 0.158556 0.609326 0.153088 0.610012 0.155039 0.631918 0.160502 0.631239 0.162473 0.632697 0.162921 0.637747 0.190282 0.634358 0.189840 0.629300 0.191520 0.627386 0.197005 0.626704 0.195094 0.604742 0.189603 0.605431 0.183672 0.601047 0.183228 0.595974
0 0.346870 0.519966 0.349593 0.554273 0.357055 0.553324 0.361059 0.556277 0.361194 0.557990 0.363195 0.559466 0.365063 0.559229 0.373071 0.565134 0.374940 0.564898 0.378946 0.567852 0.380814 0.567616 0.384820 0.570570 0.385219 0.575706 0.402061 0.573588 0.400610 0.554723 0.394989 0.555435 0.390977 0.552478 0.390711 0.549045 0.388705 0.547566 0.388572 0.545849 0.382554 0.541414 0.382421 0.539696 0.380416 0.538218 0.380282 0.536499 0.378275 0.535020 0.378141 0.533302 0.374129 0.530345 0.373995 0.528626 0.371989 0.527148 0.371855 0.525429 0.367841 0.522472 0.367437 0.517312
0 0.386433 0.542653 0.388163 0.564958 0.393778 0.564249 0.397788 0.567204 0.401533 0.566732 0.409556 0.572646 0.411431 0.572410 0.417450 0.576847 0.419325 0.576612 0.423338 0.579570 0.425214 0.579335 0.427222 0.580814 0.429098 0.580579 0.435121 0.585018 0.435508 0.590159 0.471256 0.585705 0.470245 0.571960 0.464587 0.572669 0.462575 0.571186 0.460690 0.571422 0.454656 0.566975 0.452772 0.567212 0.448750 0.564249 0.446866 0.564486 0.442845 0.561522 0.440963 0.561759 0.436943 0.558797 0.435062 0.559035 0.418984 0.547186 0.417105 0.547425 0.415096 0.545944 0.414572 0.539065
0 0.224815 0.713372 0.225247 0.718396 0.220205 0.724068 0.218382 0.724285 0.213348 0.729950 0.207884 0.730597 0.210784 0.763960 0.216240 0.763324 0.218204 0.764777 0.220024 0.764565 0.221988 0.766019 0.222563 0.772682 0.269996 0.767178 0.269575 0.762167 0.272954 0.758399 0.274785 0.758186 0.283247 0.748753 0.288748 0.748110 0.286380 0.719604 0.279037 0.720474 0.273111 0.716092 0.271277 0.716310 0.267326 0.713388 0.266903 0.708352
0 0.450046 0.165593 0.451092 0.179890 0.456856 0.179044 0.460961 0.182053 0.462883 0.181771 0.466989 0.184781 0.468913 0.184499 0.470966 0.186005 0.472889 0.185724 0.474943 0.187228 0.478794 0.186665 0.482902 0.189677 0.483286 0.195035 0.519946 0.189694 0.518568 0.169987 0.512764 0.170839 0.502468 0.163296 0.502088 0.157914
0 0.902142 0.469750 0.902422 0.475068 0.900534 0.477091 0.898556 0.477344 0.896670 0.479367 0.870986 0.482640 0.871750 0.496772 0.879640 0.495773 0.881709 0.497289 0.883682 0.497040 0.887819 0.500073 0.889794 0.499823 0.891863 0.501340 0.895814 0.500841 0.897883 0.502358 0.899860 0.502109 0.901930 0.503626 0.903908 0.503376 0.905978 0.504894 0.907956 0.504645 0.910026 0.506164 0.912005 0.505914 0.914076 0.507432 0.916055 0.507183 0.918126 0.508700 0.920106 0.508451 0.922178 0.509970 0.924158 0.509722 0.926231 0.511241 0.930193 0.510743 0.932266 0.512262 0.934249 0.512013 0.936321 0.513533 0.938303 0.513284 0.940377 0.514803 0.942360 0.514555 0.944434 0.516074 0.946419 0.515825 0.948492 0.517346 0.950477 0.517098 0.952552 0.518618 0.954538 0.518370 0.956612 0.519890 0.960585 0.519394 0.962661 0.520914 0.966636 0.520418 0.968711 0.521939 0.970699 0.521691 0.972776 0.523212 0.974766 0.522964 0.976841 0.524486 0.978831 0.524238 0.980908 0.525761 0.984890 0.525265 0.986968 0.526787 0.988959 0.526539 0.991036 0.528061 0.995022 0.527566 0.997100 0.529089 1.000000 0.528594 1.000000 0.530118 1.000000 0.529623 1.000000 0.531146 1.000000 0.530651 1.000000 0.532174 1.000000 0.531927 1.000000 0.533452 1.000000 0.532957 1.000000 0.534482 1.000000 0.533987 1.000000 0.535512 1.000000 0.534770 1.000000 0.536296 1.000000 0.536049 1.000000 0.537574 1.000000 0.542890 1.000000 0.539437 1.000000 0.534111 1.000000 0.532088 1.000000 0.531344 1.000000 0.499316 1.000000 0.500575 1.000000 0.499046 1.000000 0.501310 1.000000 0.499783 1.000000 0.500788 1.000000 0.499260 1.000000 0.499763 1.000000 0.498237 1.000000 0.498739 1.000000 0.497213 1.000000 0.497464 1.000000 0.495937 1.000000 0.496440 1.000000 0.494915 1.000000 0.495418 1.000000 0.493893 1.000000 0.494145 1.000000 0.492619 1.000000 0.492871 0.999304 0.491346 0.995310 0.491849 0.993229 0.490325 0.989235 0.490829 0.987155 0.489305 0.985160 0.489557 0.983078 0.488033 0.981084 0.488285 0.979004 0.486760 0.975016 0.487265 0.972937 0.485742 0.970944 0.485994 0.968863 0.484470 0.964881 0.484975 0.962801 0.483452 0.960811 0.483705 0.958732 0.482183 0.956741 0.482435 0.954663 0.480912 0.952674 0.481164 0.950595 0.479642 0.948606 0.479895 0.936141 0.470764 0.935870 0.465437
0 0.414353 0.511257 0.415272 0.523327 0.422796 0.522361 0.424808 0.523844 0.424939 0.525567 0.457148 0.549293 0.459034 0.549054 0.465075 0.553506 0.466963 0.553267 0.468978 0.554751 0.470866 0.554513 0.472881 0.555996 0.474769 0.555758 0.478799 0.558727 0.480688 0.558489 0.482704 0.559973 0.484593 0.559736 0.486610 0.561220 0.488501 0.560982 0.490516 0.562466 0.492408 0.562228 0.494424 0.563714 0.496317 0.563476 0.498333 0.564962 0.500225 0.564725 0.502242 0.566210 0.504135 0.565972 0.506153 0.567458 0.508047 0.567221 0.510064 0.568706 0.513854 0.568232 0.515871 0.569717 0.517767 0.569480 0.519785 0.570967 0.523578 0.570493 0.527618 0.573466 0.527984 0.578636 0.592697 0.570573 0.591994 0.560189 0.582445 0.561384 0.580418 0.559893 0.576601 0.560372 0.574575 0.558881 0.570761 0.559359 0.568736 0.557868 0.566829 0.558107 0.564804 0.556617 0.562898 0.556856 0.560872 0.555365 0.557062 0.555844 0.555038 0.554353 0.553133 0.554593 0.551110 0.553104 0.549207 0.553343 0.547183 0.551854 0.545280 0.552094 0.543256 0.550604 0.541353 0.550844 0.539331 0.549354 0.533628 0.550073 0.531605 0.548585 0.529705 0.548825 0.527683 0.547337 0.525784 0.547577 0.523761 0.546088 0.521862 0.546328 0.519841 0.544839 0.517942 0.545080 0.515922 0.543592 0.514023 0.543832 0.512003 0.542344 0.510107 0.542584 0.508086 0.541098 0.506190 0.541338 0.504169 0.539851 0.502273 0.540092 0.500254 0.538604 0.496464 0.539085 0.492426 0.536112 0.490532 0.536353 0.488513 0.534866 0.486620 0.535107 0.484601 0.533621 0.482708 0.533862 0.480691 0.532377 0.478798 0.532618 0.474763 0.529646 0.472872 0.529888 0.468837 0.526917 0.466948 0.527158 0.462912 0.524187 0.461024 0.524429 0.459006 0.522944 0.457118 0.523186 0.451070 0.518731 0.449182 0.518973 0.445150 0.516006 0.443263 0.516248 0.441248 0.514763 0.440731 0.507854
0 0.416600 0.738262 0.418540 0.763529 0.453903 0.759452 0.452003 0.734132
0 0.224815 0.713372 0.225247 0.718396 0.218527 0.725957 0.216704 0.726173 0.216849 0.727846 0.215171 0.729734 0.207884 0.730597 0.210784 0.763960 0.218060 0.763112 0.223951 0.767474 0.224383 0.772471 0.269996 0.767178 0.269575 0.762167 0.272954 0.758399 0.274785 0.758186 0.283247 0.748753 0.288748 0.748110 0.286380 0.719604 0.279037 0.720474 0.273111 0.716092 0.271277 0.716310 0.267326 0.713388 0.266903 0.708352
1 0.353845 0.343838 0.359173 0.411836 0.398543 0.478420 0.462912 0.524187 0.549327 0.555071 0.686323 0.551892 0.759433 0.533944 0.878692 0.478096 0.918424 0.437258 0.913896 0.427091 0.613156 0.354411 0.383408 0.281118 0.372029 0.282732
1 0.277062 0.217940 0.276331 0.232323 0.284577 0.240040 0.651259 0.338488 0.720015 0.238831 0.673292 0.220085 0.545235 0.187821 0.486755 0.189114 0.447862 0.162300 0.343223 0.134518 0.328141 0.138585 0.308533 0.157732 0.282878 0.195632
1 0.698092 0.269066 0.649316 0.338754 1.000000 0.440920 1.000000 0.441138 1.000000 0.354196 1.000000 0.343051 1.000000 0.333344 0.737846 0.238122 0.721982 0.238553
0 0.444239 0.977338 0.443153 0.987413 0.451144 0.994887 0.466011 0.995023 0.476466 0.985645 0.475725 0.975743 0.465994 0.970095
0 0.595944 0.870751 0.602390 0.881886 0.617227 0.876904 0.609007 0.867641
0 0.525190 0.039494 0.530093 0.053423 0.591143 0.080816 0.618357 0.073035
0 0.640676 0.049413 0.636968 0.053661 0.659577 0.064961 0.681531 0.065326 0.668877 0.054340
0 0.726842 0.154065 0.763770 0.170646 0.759275 0.162150
0 0.711365 0.161806 0.711805 0.169048 0.739790 0.170465
