0 0.791047 0.382953 0.790759 0.388074 0.794963 0.393242 0.796459 0.393258 0.796363 0.394966 0.803369 0.403579 0.807859 0.403625 0.805940 0.437767 0.801449 0.437720 0.788706 0.451252 0.788418 0.456374 0.764466 0.456125 0.766961 0.411740 0.771452 0.411787 0.773045 0.410095 0.773717 0.398146 0.775310 0.396454 0.775693 0.389626 0.777286 0.387933 0.777574 0.382813
0 0.122668 0.095864 0.122284 0.102693 0.126487 0.107860 0.126392 0.109568 0.130595 0.114735 0.130499 0.116443 0.131900 0.118166 0.131804 0.119873 0.133205 0.121595 0.133109 0.123303 0.134510 0.125025 0.140498 0.125087 0.138674 0.157522 0.134183 0.157476 0.127812 0.164242 0.127524 0.169364 0.072136 0.168787 0.072424 0.163665 0.071023 0.161942 0.069526 0.161926 0.068125 0.160204 0.065131 0.160173 0.063730 0.158449 0.060736 0.158418 0.055132 0.151529 0.050641 0.151482 0.050832 0.148068 0.055324 0.148114 0.056917 0.146422 0.058414 0.146438 0.060006 0.144747 0.061504 0.144763 0.063097 0.143071 0.067588 0.143117 0.069181 0.141425 0.073671 0.141472 0.075264 0.139781 0.076761 0.139797 0.078355 0.138106 0.079851 0.138121 0.081444 0.136429 0.082941 0.136445 0.086127 0.133062 0.087624 0.133077 0.089217 0.131385 0.090713 0.131401 0.092307 0.129710 0.093804 0.129726 0.096989 0.126343 0.098486 0.126358 0.100080 0.124666 0.101576 0.124682 0.103170 0.122991 0.103266 0.121283 0.104858 0.119592 0.104954 0.117886 0.106547 0.116194 0.106930 0.109365 0.108524 0.107673 0.109195 0.095724
0 0.611679 0.456241 0.611391 0.461363 0.612792 0.463085 0.614290 0.463101 0.615690 0.464823 0.620182 0.464869 0.621582 0.466593 0.626073 0.466639 0.627474 0.468362 0.631966 0.468408 0.633366 0.470132 0.636360 0.470163 0.637761 0.471886 0.640755 0.471917 0.642156 0.473639 0.648144 0.473702 0.645265 0.524915 0.639277 0.524852 0.637684 0.526543 0.636188 0.526528 0.634594 0.528220 0.631600 0.528188 0.630008 0.529880 0.627014 0.529849 0.625421 0.531540 0.625133 0.536661 0.580224 0.536193 0.584255 0.464495 0.588745 0.464542 0.590338 0.462851 0.590722 0.456023
0 0.677814 0.265623 0.677430 0.272452 0.678831 0.274175 0.680328 0.274191 0.680232 0.275897 0.684435 0.281066 0.688926 0.281112 0.687007 0.315254 0.681019 0.315192 0.679427 0.316883 0.679331 0.318590 0.672958 0.325357 0.672575 0.332184 0.651618 0.331966 0.651906 0.326845 0.650504 0.325123 0.646013 0.325076 0.648796 0.275570 0.653287 0.275616 0.656473 0.272233 0.656857 0.265405
0 0.343184 0.569595 0.342129 0.588373 0.295722 0.587890 0.296778 0.569112
0 0.200472 0.124004 0.199225 0.146197 0.194734 0.146150 0.191549 0.149533 0.191357 0.152947 0.189763 0.154638 0.188267 0.154623 0.185080 0.158006 0.184792 0.163127 0.174314 0.163017 0.174698 0.156189 0.171896 0.152745 0.171992 0.151037 0.169190 0.147592 0.169285 0.145885 0.166484 0.142439 0.166579 0.140732 0.165178 0.139010 0.159191 0.138948 0.160055 0.123583
0 0.071464 0.047504 0.071176 0.052625 0.073979 0.056071 0.078469 0.056117 0.076358 0.093675 0.053903 0.093441 0.054191 0.088319 0.042984 0.074537 0.036996 0.074475 0.037955 0.057404 0.043943 0.057466 0.048722 0.052391 0.049010 0.047271
0 0.553605 0.769925 0.552837 0.783582 0.546850 0.783520 0.545256 0.785212 0.543760 0.785196 0.540574 0.788578 0.540190 0.795407 0.520730 0.795205 0.521018 0.790083 0.518215 0.786638 0.516718 0.786622 0.513916 0.783177 0.506432 0.783099 0.507199 0.769442
0 0.882400 0.356575 0.881441 0.373646 0.875453 0.373584 0.873861 0.375275 0.873477 0.382104 0.855512 0.381917 0.855800 0.376795 0.854399 0.375072 0.854495 0.373365 0.853095 0.371642 0.847106 0.371580 0.847970 0.356216
0 0.767249 0.273387 0.766289 0.290458 0.761799 0.290411 0.752240 0.300560 0.751952 0.305681 0.739978 0.305556 0.740265 0.300436 0.736062 0.295268 0.731571 0.295221 0.732819 0.273029
0 0.334163 0.330368 0.333779 0.337196 0.335181 0.338919 0.336678 0.338935 0.343683 0.347548 0.345180 0.347564 0.350784 0.354454 0.355275 0.354501 0.354411 0.369864 0.327466 0.369584 0.327754 0.364463 0.323550 0.359295 0.323646 0.357588 0.322246 0.355866 0.322342 0.354158 0.319540 0.350713 0.315049 0.350666 0.316201 0.330181
0 0.490425 0.721441 0.488986 0.747047 0.448568 0.746626 0.450007 0.721020
0 0.029511 0.074397 0.028743 0.088054 0.024252 0.088007 0.017880 0.094773 0.016383 0.094757 0.003640 0.108289 0.003352 0.113410 0.000000 0.113301 0.000000 0.106473 0.000000 0.104751 0.000000 0.104704 0.000000 0.097875 0.000000 0.097922 0.003390 0.086081 0.004887 0.086097 0.008073 0.082715 0.009570 0.082730 0.012757 0.079346 0.013044 0.074226
0 0.028590 0.197370 0.027150 0.222976 0.010683 0.222804 0.010971 0.217684 0.006768 0.212515 0.005272 0.212500 0.003870 0.210777 0.000000 0.210731 0.000000 0.207316 0.004062 0.207363 0.007248 0.203980 0.007632 0.197152
0 0.145967 0.027783 0.145199 0.041440 0.139212 0.041378 0.132840 0.048144 0.131342 0.048128 0.121786 0.058277 0.120288 0.058262 0.112324 0.066720 0.110827 0.066704 0.106048 0.071778 0.104551 0.071762 0.101365 0.075145 0.101077 0.080266 0.090599 0.080157 0.091750 0.059673 0.096241 0.059720 0.101019 0.054645 0.101115 0.052937 0.102709 0.051246 0.104206 0.051262 0.112170 0.042805 0.113668 0.042820 0.115260 0.041128 0.115356 0.039421 0.118542 0.036039 0.120038 0.036054 0.121632 0.034362 0.122016 0.027534
0 0.593524 0.592699 0.591797 0.623427 0.585809 0.623365 0.582623 0.626748 0.582335 0.631870 0.556886 0.631604 0.557654 0.617947 0.563643 0.618009 0.573199 0.607861 0.573295 0.606153 0.576482 0.602770 0.576578 0.601063 0.578170 0.599372 0.578554 0.592543
0 0.336429 0.583189 0.335853 0.593432 0.329865 0.593369 0.326679 0.596752 0.326392 0.601873 0.306931 0.601671 0.307987 0.582893
0 0.468699 0.468417 0.467356 0.492316 0.461368 0.492254 0.459775 0.493946 0.459391 0.500773 0.438434 0.500555 0.439586 0.480069 0.444076 0.480116 0.448855 0.475042 0.449239 0.468214
1 0.390608 0.578630 0.404081 0.578770 0.403793 0.583891 0.366733 0.656953 0.307909 0.637551 0.294341 0.639119 0.188670 0.600439
1 0.426957 0.411615 0.428799 0.432131 0.410452 0.438772 0.291846 0.417039 0.293631 0.411934 0.405020 0.375516 0.418302 0.379071
0 0.896986 0.363559 0.903166 0.360208 0.895298 0.500189 0.863804 0.474240 0.852250 0.439958 0.860349 0.402463
0 0.396979 0.305401 0.396499 0.313936 0.388919 0.315565 0.380800 0.300108 0.391471 0.296803
