0 0.299425 0.510966 0.299625 0.516453 0.298014 0.517970 0.291373 0.518549 0.292323 0.544611 0.298964 0.544031 0.304095 0.547711 0.305755 0.547566 0.307465 0.548793 0.309126 0.548648 0.312547 0.551102 0.314208 0.550957 0.315917 0.552183 0.317578 0.552038 0.319288 0.553265 0.320949 0.553120 0.322659 0.554348 0.325979 0.554058 0.327689 0.555284 0.332670 0.554849 0.334381 0.556076 0.344342 0.555207 0.345953 0.553690 0.354255 0.552965 0.355865 0.551449 0.359185 0.551160 0.362406 0.548126 0.364067 0.547981 0.372118 0.540398 0.377098 0.539963 0.376348 0.519388 0.369707 0.519968 0.367997 0.518741 0.366337 0.518886 0.361206 0.515205 0.359545 0.515350 0.356124 0.512898 0.354465 0.513043 0.351044 0.510589 0.350894 0.506474
0 0.539628 0.429455 0.539778 0.433570 0.534948 0.438120 0.533287 0.438265 0.531677 0.439782 0.530016 0.439927 0.528407 0.441443 0.526747 0.441588 0.523525 0.444621 0.521865 0.444766 0.520256 0.446282 0.515274 0.446717 0.516024 0.467292 0.522665 0.466713 0.526086 0.469166 0.526236 0.473281 0.587668 0.467919 0.587468 0.462433 0.590687 0.459399 0.590587 0.456656 0.592198 0.455140 0.591998 0.449653 0.593609 0.448137 0.593509 0.445393 0.595119 0.443877 0.600099 0.443442 0.599649 0.431096 0.594669 0.431531 0.592959 0.430305 0.592759 0.424818
0 0.645148 0.354196 0.645298 0.358310 0.643688 0.359827 0.638707 0.360262 0.639607 0.384952 0.646248 0.384373 0.651380 0.388053 0.653040 0.387908 0.654749 0.389135 0.656410 0.388990 0.658121 0.390217 0.663101 0.389782 0.666522 0.392236 0.668183 0.392091 0.669893 0.393317 0.686496 0.391868 0.688105 0.390352 0.693087 0.389917 0.696307 0.386884 0.697967 0.386739 0.701189 0.383706 0.702849 0.383561 0.710900 0.375978 0.712560 0.375833 0.719002 0.369766 0.723983 0.369332 0.723633 0.359730 0.718652 0.360165 0.713521 0.356484 0.711860 0.356629 0.708440 0.354176 0.708240 0.348689
0 0.082846 0.463819 0.083296 0.476164 0.089937 0.475584 0.091648 0.476811 0.093307 0.476666 0.095017 0.477894 0.096678 0.477749 0.098389 0.478975 0.098539 0.483090 0.141707 0.479322 0.141357 0.469721 0.136375 0.470155 0.132955 0.467702 0.132905 0.466331 0.131195 0.465103 0.130995 0.459617
0 0.819537 0.751786 0.820187 0.769617 0.826829 0.769037 0.828539 0.770264 0.830199 0.770120 0.837040 0.775027 0.838701 0.774882 0.842121 0.777335 0.842271 0.781450 0.848913 0.780870 0.848763 0.776755 0.851983 0.773722 0.853643 0.773577 0.855254 0.772060 0.856914 0.771916 0.856864 0.770544 0.860085 0.767511 0.865066 0.767076 0.864766 0.758846 0.859785 0.759281 0.856364 0.756828 0.856314 0.755456 0.852893 0.753002 0.852743 0.748887
0 0.737664 0.379146 0.737814 0.383261 0.732984 0.387811 0.726343 0.388390 0.727193 0.411709 0.772021 0.407796 0.771121 0.383106 0.766140 0.383541 0.764429 0.382314 0.764229 0.376827
0 0.740084 0.582588 0.740584 0.596305 0.747225 0.595725 0.752356 0.599406 0.754016 0.599261 0.765989 0.607847 0.766139 0.611963 0.779421 0.610804 0.778271 0.579255
0 0.048640 0.439284 0.049190 0.454373 0.055831 0.453793 0.059251 0.456247 0.060911 0.456102 0.062622 0.457328 0.064283 0.457183 0.067702 0.459637 0.069363 0.459492 0.072784 0.461945 0.091048 0.460351 0.092657 0.458834 0.117562 0.456661 0.119272 0.457888 0.127573 0.457163 0.127223 0.447562 0.120582 0.448142 0.118872 0.446914 0.117212 0.447059 0.115502 0.445832 0.113842 0.445977 0.110420 0.443524 0.108760 0.443668 0.107051 0.442442 0.103729 0.442732 0.102019 0.441506 0.100358 0.441651 0.096939 0.439197 0.096789 0.435082
0 0.098807 0.627550 0.098957 0.631665 0.097348 0.633182 0.097398 0.634554 0.087736 0.643653 0.087786 0.645025 0.063631 0.667774 0.056990 0.668354 0.057690 0.687557 0.064331 0.686977 0.066042 0.688204 0.087625 0.686320 0.089236 0.684804 0.092556 0.684514 0.102217 0.675414 0.102167 0.674042 0.103778 0.672525 0.103728 0.671154 0.105339 0.669638 0.105289 0.668266 0.106899 0.666749 0.106849 0.665377 0.108458 0.663861 0.108408 0.662489 0.110019 0.660973 0.109969 0.659601 0.113190 0.656568 0.113140 0.655196 0.116360 0.652162 0.116310 0.650791 0.117920 0.649275 0.117820 0.646531 0.121042 0.643498 0.120992 0.642126 0.122602 0.640610 0.122552 0.639238 0.125772 0.636205 0.125722 0.634834 0.128943 0.631801 0.133923 0.631366 0.133673 0.624507
0 0.336631 0.617801 0.336781 0.621917 0.331950 0.626466 0.330289 0.626611 0.325459 0.631161 0.323799 0.631306 0.320578 0.634338 0.315597 0.634773 0.316247 0.652605 0.321228 0.652170 0.329779 0.658305 0.331439 0.658160 0.338281 0.663067 0.339941 0.662922 0.341651 0.664148 0.364895 0.662120 0.366506 0.660603 0.368167 0.660458 0.382659 0.646809 0.387640 0.646374 0.386890 0.625799 0.380248 0.626379 0.371697 0.620245 0.371497 0.614758
0 0.949162 0.652406 0.949912 0.672981 0.974816 0.670808 0.974066 0.650232
0 0.198587 0.349139 0.199737 0.380687 0.232943 0.377788 0.232793 0.373674 0.236014 0.370641 0.237674 0.370496 0.239285 0.368980 0.240945 0.368835 0.240895 0.367462 0.245726 0.362912 0.247387 0.362767 0.248996 0.361251 0.248946 0.359879 0.250556 0.358363 0.250506 0.356992 0.252117 0.355475 0.257098 0.355040 0.256698 0.344067
0 0.963425 0.541078 0.963625 0.546565 0.960404 0.549598 0.958744 0.549743 0.957134 0.551259 0.952153 0.551694 0.953053 0.576385 0.959694 0.575805 0.971666 0.584392 0.971816 0.588507 0.985098 0.587348 0.984798 0.579118 0.986409 0.577601 0.986059 0.567999 0.987670 0.566483 0.987470 0.560996 0.989079 0.559480 0.988979 0.556736 0.990590 0.555219 0.993910 0.554930 0.993310 0.538470
0 0.582495 0.645879 0.583245 0.666454 0.598187 0.665150 0.598037 0.661035 0.601259 0.658002 0.607899 0.657423 0.607399 0.643706
0 0.493159 0.571115 0.494059 0.595805 0.502360 0.595080 0.505781 0.597534 0.505931 0.601649 0.514233 0.600925 0.514083 0.596809 0.523745 0.587710 0.523695 0.586338 0.530136 0.580271 0.530086 0.578900 0.531697 0.577384 0.538337 0.576804 0.537987 0.567202
0 0.291343 0.654779 0.291543 0.660266 0.289932 0.661783 0.288272 0.661927 0.285051 0.664960 0.283391 0.665105 0.278559 0.669655 0.276899 0.669800 0.275289 0.671316 0.270308 0.671751 0.271358 0.700556 0.277999 0.699977 0.279709 0.701204 0.309595 0.698595 0.311305 0.699822 0.322928 0.698807 0.326149 0.695774 0.327808 0.695629 0.340691 0.683497 0.342351 0.683352 0.343961 0.681835 0.348942 0.681400 0.348442 0.667684 0.341801 0.668264 0.331539 0.660902 0.329879 0.661047 0.323038 0.656140 0.322888 0.652026
0 0.126534 0.382948 0.127284 0.403523 0.132264 0.403088 0.132114 0.398973 0.133725 0.397456 0.137046 0.397167 0.138657 0.395650 0.150278 0.394636 0.151888 0.393120 0.153549 0.392975 0.155160 0.391458 0.156819 0.391313 0.156770 0.389942 0.159990 0.386908 0.164970 0.386473 0.164720 0.379615
0 0.800696 0.417677 0.800846 0.421792 0.799235 0.423309 0.795915 0.423599 0.794305 0.425115 0.787664 0.425695 0.787914 0.432554 0.794555 0.431974 0.796265 0.433201 0.797926 0.433056 0.799635 0.434283 0.801296 0.434138 0.803007 0.435365 0.806327 0.435075 0.808037 0.436301 0.811358 0.436011 0.813068 0.437238 0.816389 0.436948 0.818099 0.438175 0.824740 0.437595 0.826451 0.438822 0.838073 0.437807 0.839683 0.436291 0.851305 0.435277 0.852916 0.433760 0.871179 0.432166 0.871129 0.430795 0.874349 0.427761 0.879330 0.427327 0.874349 0.427761 0.865797 0.421627 0.864138 0.421772 0.857296 0.416865 0.857147 0.412751
0 0.621984 0.449788 0.622484 0.463505 0.637427 0.462200 0.639037 0.460684 0.647338 0.459960 0.646888 0.447614
0 0.966485 0.579340 0.966635 0.583454 0.971616 0.583020 0.971466 0.578905 0.966485 0.579340 0.946112 0.568734 0.946062 0.567362 0.947672 0.565845 0.947572 0.563103 0.949182 0.561586 0.949082 0.558842 0.950692 0.557325 0.950592 0.554583 0.952203 0.553066 0.952153 0.551694 0.960204 0.544111 0.960154 0.542739 0.961765 0.541223 0.961715 0.539852 0.960004 0.538625 0.959704 0.530395 0.933139 0.532713 0.933339 0.538200 0.931729 0.539716 0.925088 0.540296 0.925888 0.562243 0.932529 0.561663 0.939370 0.566570 0.941031 0.566425 0.944451 0.568879 0.946112 0.568734
0 0.634066 0.415709 0.634616 0.430797 0.649559 0.429493 0.649409 0.425378 0.652630 0.422345 0.659271 0.421765 0.658971 0.413535
0 0.886432 0.393682 0.886982 0.408771 0.891963 0.408336 0.893673 0.409562 0.893823 0.413677 0.918728 0.411503 0.918228 0.397787 0.919838 0.396271 0.924819 0.395836 0.924619 0.390349
0 0.864067 0.511221 0.864717 0.529053 0.874679 0.528184 0.876389 0.529410 0.886351 0.528541 0.888061 0.529767 0.889722 0.529622 0.891332 0.528106 0.892992 0.527961 0.894602 0.526445 0.896263 0.526300 0.897873 0.524783 0.902853 0.524348 0.902253 0.507888
0 0.886232 0.388195 0.886782 0.403283 0.915007 0.400820 0.914808 0.395334 0.916417 0.393817 0.916367 0.392446 0.917978 0.390929 0.917778 0.385442
0 0.800696 0.417677 0.800846 0.421792 0.799235 0.423309 0.795915 0.423599 0.794305 0.425115 0.787664 0.425695 0.787914 0.432554 0.794555 0.431974 0.796265 0.433201 0.797926 0.433056 0.799635 0.434283 0.801296 0.434138 0.803007 0.435365 0.804667 0.435220 0.806377 0.436446 0.809698 0.436156 0.811408 0.437383 0.816389 0.436948 0.818099 0.438175 0.819760 0.438030 0.821470 0.439257 0.843054 0.437373 0.844664 0.435857 0.851305 0.435277 0.852916 0.433760 0.867858 0.432456 0.872689 0.427906 0.867558 0.424227 0.867508 0.422854 0.865797 0.421627 0.864138 0.421772 0.857296 0.416865 0.857147 0.412751
0 0.913955 0.600437 0.914305 0.610038 0.927588 0.608879 0.930809 0.605847 0.930559 0.598988
0 0.441216 0.461979 0.461384 0.459171 0.475642 0.450600 0.472622 0.437258 0.455230 0.429355 0.437493 0.429333 0.422276 0.446362 0.427688 0.455833 0.436720 0.460278
0 0.480274 0.438682 0.484888 0.426243 0.477430 0.412764 0.467021 0.405299 0.478027 0.394394 0.486791 0.391536 0.505791 0.391448 0.512947 0.396581 0.506248 0.403969 0.500716 0.408638 0.499031 0.414542 0.495605 0.424784 0.495220 0.431621 0.498644 0.438649 0.494282 0.440600 0.482877 0.440549
0 0.501922 0.406963 0.504619 0.411437 0.503105 0.422036 0.498264 0.428215 0.495049 0.426925 0.497826 0.416217
0 0.818282 0.448954 0.823757 0.442720 0.843255 0.438925 0.874006 0.431008 0.889295 0.433337 0.897196 0.441544 0.894897 0.448024 0.879206 0.452011 0.846277 0.452268 0.834220 0.451750
1 0.121895 0.651560 0.167805 0.538175 0.226512 0.532528 0.179010 0.654426
1 0.256243 0.461899 0.262528 0.425763 0.313352 0.412432 0.305226 0.467567
1 0.304785 0.472839 0.328446 0.339940 0.344099 0.334911 0.369432 0.334793 0.394326 0.339946 0.399472 0.342114 0.381400 0.471909 0.376443 0.474959 0.363125 0.474551 0.338443 0.475135
1 0.333485 0.478184 0.558010 0.468530 0.537417 0.494402 0.352843 0.505278
1 0.426244 0.503060 0.632458 0.495004 0.635154 0.499479 0.634847 0.508401 0.631457 0.519688 0.627934 0.527322 0.627360 0.528941 0.425623 0.538176 0.422294 0.533756 0.422547 0.523268 0.424059 0.512669
1 0.526270 0.536195 0.527054 0.540313 0.527377 0.549183 0.527681 0.557529 0.524792 0.565108 0.526704 0.565465 0.719619 0.557523 0.720636 0.550632 0.724771 0.542420 0.726342 0.533386 0.724257 0.528335 0.721713 0.528034 0.529372 0.534354
0 0.574336 0.620967 0.569494 0.627147 0.557724 0.634455 0.551026 0.641842 0.551867 0.647525 0.566484 0.648867 0.576588 0.647985 0.578962 0.643590 0.581740 0.632882
0 0.584766 0.611683 0.576520 0.611356 0.568520 0.617812 0.569437 0.625582 0.572595 0.625306 0.581360 0.622448 0.583789 0.619619
0 0.145404 0.427613 0.149346 0.431456 0.156999 0.432881 0.161995 0.430875 0.162416 0.425081 0.154724 0.422612 0.148505 0.425773
0 0.676096 0.618096 0.681552 0.615144 0.693457 0.613046 0.710522 0.611556 0.732354 0.611771 0.736322 0.614960 0.730994 0.621435 0.728021 0.622049 0.703305 0.624913 0.687030 0.624566 0.675759 0.620599
0 0.668841 0.630397 0.684600 0.628313 0.692718 0.627959 0.695367 0.630202 0.694745 0.636620 0.691410 0.639033 0.684170 0.640017 0.676337 0.636459
