0 0.438608 0.244739 0.438727 0.249724 0.437411 0.251395 0.436054 0.251403 0.434738 0.253074 0.430669 0.253099 0.429352 0.254768 0.425283 0.254793 0.425720 0.273074 0.429788 0.273049 0.431185 0.274702 0.432541 0.274694 0.436729 0.279655 0.438086 0.279646 0.439481 0.281300 0.439521 0.282962 0.442313 0.286270 0.443669 0.286262 0.449254 0.292876 0.450610 0.292868 0.453402 0.296174 0.454758 0.296166 0.456154 0.297820 0.457510 0.297812 0.458906 0.299465 0.460263 0.299457 0.461659 0.301111 0.464371 0.301095 0.467163 0.304402 0.467282 0.309387 0.486271 0.309272 0.486151 0.304286 0.488785 0.300946 0.490140 0.300938 0.491458 0.299267 0.492814 0.299259 0.494130 0.297589 0.495487 0.297581 0.500753 0.290901 0.500714 0.289239 0.503346 0.285899 0.503306 0.284237 0.505940 0.280896 0.505900 0.279234 0.508534 0.275894 0.508494 0.274232 0.512444 0.269223 0.512404 0.267560 0.515037 0.264220 0.514997 0.262557 0.516314 0.260888 0.516274 0.259227 0.517591 0.257556 0.521660 0.257531 0.521343 0.244236
0 0.392910 0.092102 0.393029 0.097087 0.385129 0.107109 0.383773 0.107117 0.378507 0.113796 0.377151 0.113805 0.374518 0.117146 0.374557 0.118807 0.366657 0.128828 0.366697 0.130489 0.356164 0.143850 0.352095 0.143875 0.352612 0.165480 0.358037 0.165447 0.359432 0.167101 0.360789 0.167093 0.362185 0.168746 0.363541 0.168738 0.369125 0.175352 0.370481 0.175344 0.373273 0.178651 0.373392 0.183638 0.378818 0.183605 0.378699 0.178619 0.381332 0.175278 0.382688 0.175270 0.402438 0.150219 0.402398 0.148556 0.407664 0.141876 0.407625 0.140214 0.411574 0.135204 0.411534 0.133542 0.415485 0.128531 0.415445 0.126870 0.419394 0.121859 0.419355 0.120197 0.421988 0.116857 0.426056 0.116833 0.425461 0.091904
0 0.488023 0.000000 0.488142 0.000000 0.484192 0.000000 0.482835 0.000000 0.478886 0.000162 0.473461 0.000195 0.474334 0.036756 0.478403 0.036732 0.479799 0.038386 0.481156 0.038377 0.488135 0.046646 0.489492 0.046638 0.490888 0.048291 0.492243 0.048283 0.495036 0.051590 0.496392 0.051582 0.497788 0.053235 0.501857 0.053210 0.503254 0.054864 0.507322 0.054840 0.510114 0.058147 0.510233 0.063133 0.533290 0.062993 0.533171 0.058007 0.541071 0.047986 0.542427 0.047978 0.547693 0.041297 0.549050 0.041289 0.552999 0.036278 0.552960 0.034617 0.554276 0.032947 0.559701 0.032914 0.559264 0.014633 0.555196 0.014658 0.551008 0.009696 0.549652 0.009704 0.542672 0.001437 0.541315 0.001445 0.535731 0.000000 0.534375 0.000000 0.532979 0.000000 0.531622 0.000000 0.530227 0.000000 0.530068 0.000000
0 0.422199 0.012142 0.422318 0.017128 0.419685 0.020467 0.416972 0.020484 0.415656 0.022154 0.414299 0.022163 0.411666 0.025503 0.410310 0.025511 0.408993 0.027182 0.407637 0.027190 0.405004 0.030530 0.403648 0.030539 0.402331 0.032208 0.400975 0.032216 0.399659 0.033887 0.398302 0.033895 0.395669 0.037235 0.394312 0.037243 0.391679 0.040583 0.390323 0.040591 0.389007 0.042262 0.387650 0.042270 0.383700 0.047281 0.382344 0.047289 0.378394 0.052299 0.377038 0.052307 0.375722 0.053977 0.371652 0.054002 0.372287 0.080592 0.376357 0.080567 0.386128 0.092143 0.386248 0.097128 0.401167 0.097037 0.401048 0.092052 0.402364 0.090383 0.403721 0.090375 0.406354 0.087033 0.407710 0.087025 0.410343 0.083686 0.411699 0.083678 0.413016 0.082007 0.414373 0.081999 0.415689 0.080328 0.417046 0.080320 0.419678 0.076979 0.421035 0.076971 0.423668 0.073632 0.425024 0.073624 0.426341 0.071953 0.427698 0.071945 0.430331 0.068605 0.431687 0.068596 0.434320 0.065256 0.435676 0.065248 0.439626 0.060238 0.440983 0.060230 0.450199 0.048538 0.451554 0.048530 0.459455 0.038509 0.460811 0.038501 0.460771 0.036839 0.463404 0.033500 0.467474 0.033475 0.467394 0.030151 0.463325 0.030176 0.460533 0.026869 0.460493 0.025206 0.453514 0.016938 0.453394 0.011952
0 0.578014 0.004546 0.578134 0.009531 0.575501 0.012873 0.574145 0.012881 0.571511 0.016221 0.570155 0.016229 0.564888 0.022909 0.563532 0.022917 0.559582 0.027928 0.555514 0.027953 0.556347 0.062853 0.561773 0.062820 0.563169 0.064473 0.563209 0.066135 0.575772 0.081017 0.577129 0.081009 0.581317 0.085969 0.582673 0.085961 0.588257 0.092577 0.589613 0.092569 0.591010 0.094222 0.592366 0.094213 0.595158 0.097521 0.596514 0.097512 0.597910 0.099167 0.599267 0.099158 0.600662 0.100811 0.603375 0.100795 0.606167 0.104102 0.606286 0.109087 0.617136 0.109021 0.617017 0.104036 0.618334 0.102366 0.622403 0.102341 0.623720 0.100671 0.629144 0.100638 0.630461 0.098969 0.633174 0.098952 0.634490 0.097282 0.635847 0.097273 0.637163 0.095603 0.638519 0.095594 0.639836 0.093925 0.641192 0.093917 0.643826 0.090576 0.645182 0.090568 0.654398 0.078877 0.655754 0.078868 0.658388 0.075528 0.658348 0.073867 0.662298 0.068856 0.662258 0.067195 0.663574 0.065525 0.663534 0.063863 0.664851 0.062193 0.668920 0.062168 0.668761 0.055520 0.664693 0.055544 0.663296 0.053891 0.663217 0.050568 0.661821 0.048914 0.661782 0.047252 0.660385 0.045599 0.660345 0.043936 0.658950 0.042282 0.658910 0.040621 0.647742 0.027392 0.646385 0.027400 0.644990 0.025747 0.642277 0.025764 0.640881 0.024109 0.639525 0.024118 0.638129 0.022463 0.636773 0.022472 0.635376 0.020819 0.634020 0.020827 0.632624 0.019173 0.631268 0.019181 0.629872 0.017528 0.628516 0.017536 0.624328 0.012576 0.622971 0.012584 0.620179 0.009276 0.620060 0.004291
0 0.226403 0.106411 0.226522 0.111396 0.223888 0.114737 0.222533 0.114745 0.221216 0.116415 0.219859 0.116424 0.218543 0.118094 0.217187 0.118103 0.214554 0.121442 0.213197 0.121450 0.210564 0.124791 0.205138 0.124824 0.205933 0.158062 0.211358 0.158029 0.212753 0.159682 0.214110 0.159674 0.216902 0.162981 0.219615 0.162965 0.222407 0.166272 0.223763 0.166264 0.226555 0.169571 0.229268 0.169554 0.230664 0.171207 0.232019 0.171199 0.233416 0.172853 0.233535 0.177838 0.248454 0.177748 0.248335 0.172763 0.252285 0.167753 0.253642 0.167745 0.254958 0.166074 0.254918 0.164411 0.257551 0.161072 0.257512 0.159410 0.258828 0.157740 0.258788 0.156078 0.260105 0.154407 0.260065 0.152746 0.261382 0.151076 0.261302 0.147751 0.262619 0.146082 0.262500 0.141097 0.263816 0.139426 0.263777 0.137764 0.265094 0.136094 0.265054 0.134433 0.266371 0.132762 0.266331 0.131100 0.267647 0.129430 0.267608 0.127769 0.270241 0.124428 0.274309 0.124404 0.274031 0.112770 0.269963 0.112795 0.268567 0.111141 0.268448 0.106156
0 0.830321 0.401921 0.830996 0.430173 0.835065 0.430148 0.836461 0.431802 0.837818 0.431794 0.840609 0.435101 0.840728 0.440086 0.851579 0.440020 0.851460 0.435035 0.854093 0.431695 0.855449 0.431687 0.862032 0.423336 0.867457 0.423303 0.866941 0.401699
0 0.807642 0.588217 0.808833 0.638073 0.814258 0.638040 0.815655 0.639693 0.815694 0.641355 0.819882 0.646316 0.820041 0.652963 0.839029 0.652848 0.838910 0.647863 0.841543 0.644523 0.841503 0.642861 0.842820 0.641191 0.844176 0.641182 0.848127 0.636171 0.849482 0.636163 0.858698 0.624473 0.858659 0.622811 0.859976 0.621141 0.859896 0.617817 0.858500 0.616164 0.858460 0.614502 0.840312 0.593005 0.840193 0.588019
0 0.504835 0.177852 0.505549 0.207765 0.513687 0.207716 0.515083 0.209369 0.520509 0.209336 0.523141 0.205997 0.524498 0.205989 0.528447 0.200978 0.528408 0.199316 0.529725 0.197646 0.529645 0.194322 0.530961 0.192652 0.530842 0.187666 0.529447 0.186012 0.529248 0.177703
0 0.163313 0.645322 0.163671 0.660279 0.167740 0.660255 0.173324 0.666868 0.174680 0.666860 0.178868 0.671821 0.178987 0.676806 0.189837 0.676740 0.189718 0.671755 0.194985 0.665075 0.196341 0.665067 0.201607 0.658386 0.205676 0.658361 0.205358 0.645066
0 0.624112 0.855272 0.624589 0.875214 0.630014 0.875181 0.631410 0.876835 0.632766 0.876827 0.634162 0.878480 0.640944 0.878439 0.642340 0.880092 0.645053 0.880076 0.646369 0.878406 0.649082 0.878390 0.650399 0.876720 0.651755 0.876712 0.653071 0.875041 0.653031 0.873379 0.654348 0.871709 0.654308 0.870047 0.655624 0.868377 0.655585 0.866716 0.654189 0.865061 0.653951 0.855090
0 0.156069 0.512396 0.156188 0.517381 0.154871 0.519052 0.149446 0.519085 0.150279 0.553985 0.155705 0.553952 0.159892 0.558912 0.160011 0.563899 0.179000 0.563783 0.178881 0.558797 0.188097 0.547107 0.189453 0.547098 0.196036 0.538747 0.197393 0.538739 0.198709 0.537069 0.202778 0.537045 0.202381 0.520426 0.196956 0.520459 0.194163 0.517150 0.194044 0.512165
0 0.201951 0.445633 0.202546 0.470561 0.206615 0.470536 0.208011 0.472190 0.209368 0.472181 0.213555 0.477142 0.214911 0.477133 0.216308 0.478788 0.225802 0.478730 0.227118 0.477059 0.228474 0.477051 0.229791 0.475381 0.231148 0.475373 0.232464 0.473703 0.233820 0.473694 0.237770 0.468684 0.239126 0.468676 0.241759 0.465336 0.243116 0.465328 0.243076 0.463665 0.245710 0.460326 0.249779 0.460301 0.249700 0.456978 0.245630 0.457002 0.242838 0.453695 0.242799 0.452033 0.241402 0.450379 0.241283 0.445393
0 0.307304 0.085974 0.308217 0.124198 0.333987 0.124041 0.333829 0.117393 0.335145 0.115723 0.336502 0.115715 0.337818 0.114044 0.337778 0.112382 0.340411 0.109042 0.344480 0.109018 0.344162 0.095722 0.340094 0.095747 0.338697 0.094094 0.338657 0.092432 0.337262 0.090779 0.337143 0.085792
0 0.405357 0.783468 0.405993 0.810058 0.411418 0.810026 0.414210 0.813333 0.415566 0.813324 0.419754 0.818286 0.419794 0.819947 0.422586 0.823255 0.422705 0.828241 0.440336 0.828133 0.440178 0.821485 0.441495 0.819815 0.441455 0.818154 0.445405 0.813143 0.445365 0.811482 0.449315 0.806471 0.453383 0.806446 0.453264 0.801461 0.449196 0.801486 0.443612 0.794871 0.442255 0.794879 0.439463 0.791572 0.438107 0.791580 0.435315 0.788272 0.435196 0.783287
0 0.491761 0.084852 0.492436 0.113104 0.496505 0.113079 0.502088 0.119694 0.503445 0.119685 0.504842 0.121339 0.521116 0.121241 0.522433 0.119570 0.525146 0.119553 0.526462 0.117884 0.527819 0.117876 0.529135 0.116206 0.530492 0.116198 0.533125 0.112856 0.539906 0.112815 0.539549 0.097859 0.534124 0.097892 0.532728 0.096238 0.531372 0.096246 0.529976 0.094593 0.527263 0.094609 0.525867 0.092956 0.524511 0.092964 0.523115 0.091310 0.522956 0.084663
0 0.775885 0.621652 0.776202 0.634947 0.781628 0.634914 0.784420 0.638221 0.785776 0.638213 0.791360 0.644828 0.795429 0.644803 0.796825 0.646456 0.798181 0.646448 0.799498 0.644778 0.802211 0.644762 0.808793 0.636411 0.812862 0.636386 0.812505 0.621429
0 0.514497 0.809399 0.514894 0.826018 0.520319 0.825985 0.521715 0.827639 0.523071 0.827630 0.525863 0.830937 0.527220 0.830929 0.528615 0.832583 0.536753 0.832533 0.538069 0.830863 0.539426 0.830854 0.539387 0.829193 0.542020 0.825853 0.546088 0.825828 0.545890 0.817519 0.541821 0.817544 0.540426 0.815890 0.540267 0.809242
0 0.374054 0.324913 0.374174 0.329898 0.372857 0.331569 0.367432 0.331602 0.367909 0.351545 0.371977 0.351520 0.378958 0.359789 0.380314 0.359780 0.383106 0.363087 0.383265 0.369735 0.404965 0.369603 0.404846 0.364617 0.406163 0.362946 0.406123 0.361285 0.407440 0.359615 0.407401 0.357953 0.410034 0.354613 0.409994 0.352951 0.420527 0.339590 0.421883 0.339582 0.424516 0.336242 0.424397 0.331256 0.425713 0.329585 0.425594 0.324600
0 0.099850 0.260096 0.100287 0.278376 0.105712 0.278343 0.108504 0.281650 0.111217 0.281634 0.112613 0.283288 0.113969 0.283280 0.119553 0.289894 0.120909 0.289886 0.123701 0.293193 0.123820 0.298178 0.129246 0.298145 0.129127 0.293160 0.131760 0.289820 0.133116 0.289812 0.133077 0.288150 0.139660 0.279799 0.141016 0.279791 0.143649 0.276451 0.147717 0.276426 0.147320 0.259807
0 0.392125 0.683822 0.392720 0.708749 0.413064 0.708626 0.412945 0.703641 0.414262 0.701971 0.414223 0.700309 0.416856 0.696968 0.416538 0.683673
0 0.479881 0.723179 0.480437 0.746445 0.488575 0.746396 0.489970 0.748049 0.491327 0.748041 0.492644 0.746371 0.507563 0.746280 0.510196 0.742940 0.511553 0.742932 0.512869 0.741261 0.516937 0.741237 0.516501 0.722956
0 0.538021 0.204244 0.538855 0.239144 0.542924 0.239119 0.544320 0.240772 0.545677 0.240764 0.548469 0.244071 0.548588 0.249056 0.555369 0.249015 0.555250 0.244030 0.557883 0.240690 0.559239 0.240681 0.565822 0.232330 0.569891 0.232306 0.569533 0.217349 0.565465 0.217374 0.558484 0.209105 0.558365 0.204120
0 0.177842 0.572100 0.178279 0.590380 0.185061 0.590339 0.187852 0.593647 0.189209 0.593639 0.190604 0.595292 0.191961 0.595284 0.193357 0.596938 0.194713 0.596930 0.196109 0.598583 0.196228 0.603569 0.198941 0.603553 0.198822 0.598567 0.201455 0.595226 0.202811 0.595218 0.204128 0.593549 0.205484 0.593540 0.206801 0.591870 0.206762 0.590207 0.210711 0.585197 0.214779 0.585173 0.214462 0.571878
0 0.844176 0.641182 0.844335 0.647830 0.843019 0.649500 0.841662 0.649509 0.840345 0.651178 0.836277 0.651203 0.836714 0.669483 0.854346 0.669376 0.855662 0.667706 0.858375 0.667690 0.859691 0.666020 0.861047 0.666012 0.862364 0.664341 0.865076 0.664325 0.866393 0.662654 0.867749 0.662646 0.871699 0.657636 0.873055 0.657628 0.875689 0.654288 0.877045 0.654279 0.882312 0.647599 0.882153 0.640951
0 0.244533 0.638180 0.245009 0.658122 0.249078 0.658097 0.250474 0.659752 0.253187 0.659735 0.254583 0.661388 0.257296 0.661372 0.258691 0.663026 0.281749 0.662886 0.283065 0.661215 0.287133 0.661190 0.288450 0.659521 0.289806 0.659512 0.291123 0.657842 0.292480 0.657834 0.293796 0.656163 0.295153 0.656155 0.297785 0.652815 0.299142 0.652807 0.300458 0.651137 0.301815 0.651128 0.303131 0.649458 0.308557 0.649425 0.308279 0.637792
0 0.308206 0.577956 0.308643 0.596237 0.312711 0.596213 0.314107 0.597866 0.314227 0.602852 0.333215 0.602736 0.333056 0.596089 0.335689 0.592749 0.339758 0.592724 0.339400 0.577766
0 0.076085 0.173810 0.076839 0.205386 0.082265 0.205353 0.085057 0.208660 0.086413 0.208652 0.087809 0.210305 0.094590 0.210264 0.095986 0.211917 0.105480 0.211859 0.106797 0.210190 0.109510 0.210173 0.114776 0.203493 0.116133 0.203485 0.122715 0.195134 0.122676 0.193472 0.123992 0.191803 0.123833 0.185155 0.122437 0.183501 0.122199 0.173530
0 0.323516 0.650996 0.323635 0.655981 0.322319 0.657652 0.320962 0.657660 0.319646 0.659331 0.315576 0.659356 0.314259 0.661025 0.303409 0.661091 0.302093 0.662762 0.298023 0.662787 0.296707 0.664456 0.292639 0.664481 0.291322 0.666151 0.283184 0.666200 0.283621 0.684481 0.287689 0.684457 0.289086 0.686111 0.291798 0.686094 0.293195 0.687747 0.294551 0.687739 0.295947 0.689392 0.300015 0.689367 0.301411 0.691022 0.308193 0.690980 0.309589 0.692635 0.317726 0.692585 0.319123 0.694238 0.323192 0.694213 0.324588 0.695868 0.328656 0.695843 0.329973 0.694172 0.334043 0.694147 0.335359 0.692478 0.339428 0.692453 0.340744 0.690782 0.346169 0.690750 0.347486 0.689079 0.350199 0.689062 0.351515 0.687393 0.352871 0.687385 0.355504 0.684044 0.356861 0.684036 0.358177 0.682365 0.359534 0.682357 0.362167 0.679018 0.363524 0.679010 0.364840 0.677339 0.366197 0.677331 0.367513 0.675660 0.368869 0.675652 0.372819 0.670642 0.374176 0.670634 0.375492 0.668964 0.375452 0.667302 0.378085 0.663962 0.379441 0.663953 0.380758 0.662284 0.384827 0.662259 0.384549 0.650625
0 0.135711 0.625544 0.136108 0.642163 0.141533 0.642130 0.142929 0.643783 0.144285 0.643775 0.147077 0.647083 0.148434 0.647075 0.149830 0.648728 0.151187 0.648720 0.153979 0.652027 0.154098 0.657012 0.158166 0.656988 0.158047 0.652002 0.160680 0.648662 0.160641 0.647001 0.164590 0.641990 0.164550 0.640328 0.167184 0.636988 0.166906 0.625355
0 0.106095 0.067252 0.107167 0.112122 0.111237 0.112097 0.115424 0.117059 0.115464 0.118721 0.122443 0.126989 0.123800 0.126980 0.136365 0.141864 0.137720 0.141855 0.139117 0.143509 0.149966 0.143443 0.157866 0.133422 0.157826 0.131759 0.160460 0.128420 0.161816 0.128412 0.164449 0.125072 0.164410 0.123409 0.165726 0.121739 0.171151 0.121706 0.170238 0.083483 0.166169 0.083508 0.160585 0.076893 0.159230 0.076901 0.157833 0.075248 0.156476 0.075257 0.153685 0.071948 0.153566 0.066963
0 0.569620 0.164161 0.570017 0.180780 0.574086 0.180755 0.575482 0.182409 0.576837 0.182401 0.579630 0.185707 0.582342 0.185690 0.583738 0.187345 0.586451 0.187328 0.587847 0.188982 0.589203 0.188974 0.590599 0.190627 0.593312 0.190611 0.594708 0.192265 0.600133 0.192232 0.601530 0.193885 0.602885 0.193877 0.604202 0.192207 0.606915 0.192191 0.608231 0.190520 0.623150 0.190429 0.622912 0.180458 0.618844 0.180483 0.617447 0.178829 0.616091 0.178837 0.613299 0.175530 0.611942 0.175538 0.610547 0.173885 0.609190 0.173893 0.607795 0.172240 0.606439 0.172248 0.603646 0.168940 0.603527 0.163955
0 0.767099 0.708136 0.767536 0.726417 0.775674 0.726367 0.777070 0.728021 0.777189 0.733007 0.777070 0.728021 0.778386 0.726351 0.779742 0.726343 0.781059 0.724672 0.782416 0.724664 0.786365 0.719653 0.786325 0.717992 0.788959 0.714651 0.793027 0.714627 0.792868 0.707979
0 0.208539 0.040035 0.209293 0.071610 0.214718 0.071577 0.217510 0.074885 0.218866 0.074877 0.220263 0.076530 0.228400 0.076481 0.229796 0.078134 0.231113 0.076464 0.236538 0.076431 0.237854 0.074762 0.239211 0.074754 0.240528 0.073083 0.241884 0.073075 0.245833 0.068065 0.251260 0.068032 0.250942 0.054736 0.245516 0.054769 0.241328 0.049808 0.239972 0.049817 0.238576 0.048163 0.237219 0.048172 0.235824 0.046518 0.235665 0.039870
0 0.245670 0.458664 0.245789 0.463649 0.241839 0.468660 0.240483 0.468668 0.237850 0.472008 0.236494 0.472016 0.233860 0.475357 0.232504 0.475365 0.231188 0.477035 0.229831 0.477043 0.228514 0.478713 0.224446 0.478738 0.223129 0.480409 0.219060 0.480433 0.219536 0.500375 0.223606 0.500350 0.225001 0.502004 0.226358 0.501996 0.229149 0.505303 0.230506 0.505295 0.231902 0.506948 0.233258 0.506940 0.236050 0.510247 0.237407 0.510239 0.240198 0.513547 0.245624 0.513514 0.248257 0.510173 0.249613 0.510165 0.250930 0.508495 0.252286 0.508487 0.253603 0.506816 0.254959 0.506808 0.261543 0.498458 0.261503 0.496797 0.262819 0.495126 0.262779 0.493465 0.265412 0.490123 0.265373 0.488462 0.268006 0.485122 0.267966 0.483459 0.270599 0.480120 0.270560 0.478458 0.271876 0.476787 0.277302 0.476754 0.276865 0.458474
0 0.608231 0.190520 0.608668 0.208800 0.614093 0.208767 0.615490 0.210421 0.616846 0.210413 0.618241 0.212066 0.619598 0.212058 0.620994 0.213712 0.626419 0.213679 0.627815 0.215332 0.641378 0.215250 0.642695 0.213580 0.644051 0.213572 0.645367 0.211901 0.650792 0.211868 0.650673 0.206883 0.646605 0.206908 0.643813 0.203601 0.643773 0.201939 0.642417 0.201947 0.641021 0.200293 0.639664 0.200302 0.638268 0.198648 0.636912 0.198657 0.634121 0.195348 0.634001 0.190363
0 0.568113 0.782479 0.568510 0.799098 0.573936 0.799065 0.578123 0.804025 0.579480 0.804017 0.580876 0.805671 0.584945 0.805646 0.586262 0.803975 0.587618 0.803967 0.595517 0.793948 0.599586 0.793923 0.599308 0.782289
0 0.296059 0.750890 0.296615 0.774157 0.307465 0.774091 0.308783 0.772420 0.311495 0.772404 0.318078 0.764054 0.318038 0.762392 0.319354 0.760722 0.319275 0.757398 0.320592 0.755727 0.320473 0.750742
0 0.089133 0.492858 0.089729 0.517785 0.095154 0.517752 0.096549 0.519407 0.096669 0.524392 0.115657 0.524276 0.115498 0.517629 0.119448 0.512619 0.119408 0.510957 0.120725 0.509287 0.120606 0.504302 0.119210 0.502648 0.119170 0.500985 0.117775 0.499332 0.117616 0.492685
0 0.597355 0.416635 0.597474 0.421621 0.594841 0.424961 0.594881 0.426622 0.592248 0.429963 0.586822 0.429996 0.587378 0.453262 0.592804 0.453229 0.594200 0.454883 0.595556 0.454875 0.598348 0.458182 0.599705 0.458174 0.603892 0.463134 0.605249 0.463126 0.610832 0.469740 0.610951 0.474726 0.634009 0.474585 0.633890 0.469600 0.636523 0.466260 0.637879 0.466252 0.641829 0.461241 0.643185 0.461233 0.645818 0.457893 0.647175 0.457885 0.648492 0.456215 0.649848 0.456206 0.651164 0.454537 0.652520 0.454528 0.653837 0.452858 0.655193 0.452850 0.656510 0.451180 0.657866 0.451172 0.660499 0.447830 0.661856 0.447822 0.665806 0.442812 0.667162 0.442804 0.668478 0.441133 0.672547 0.441109 0.672150 0.424491 0.665369 0.424532 0.663972 0.422878 0.662616 0.422886 0.661221 0.421233 0.661102 0.416247
0 0.517724 0.490252 0.518280 0.513518 0.527774 0.513461 0.534357 0.505109 0.535713 0.505101 0.537030 0.503432 0.536951 0.500108 0.538267 0.498437 0.538227 0.496776 0.539544 0.495106 0.543613 0.495081 0.543493 0.490095
0 0.500788 0.689809 0.501542 0.721385 0.521886 0.721261 0.521767 0.716276 0.523084 0.714605 0.523044 0.712944 0.524361 0.711274 0.525717 0.711266 0.530984 0.704584 0.532340 0.704576 0.533657 0.702907 0.535012 0.702898 0.537646 0.699558 0.537607 0.697896 0.540239 0.694556 0.540120 0.689570
0 0.064123 0.127343 0.065036 0.165566 0.075886 0.165500 0.077203 0.163830 0.078559 0.163822 0.086459 0.153801 0.090527 0.153777 0.090210 0.140482 0.086141 0.140506 0.083349 0.137199 0.083310 0.135538 0.081914 0.133884 0.081755 0.127236
0 0.508621 0.563441 0.509216 0.588368 0.525492 0.588269 0.525373 0.583284 0.529323 0.578274 0.534748 0.578241 0.534391 0.563284
0 0.408083 0.670428 0.408480 0.687046 0.412548 0.687022 0.415341 0.690329 0.415460 0.695315 0.431736 0.695216 0.431577 0.688568 0.438160 0.680218 0.438120 0.678556 0.439436 0.676886 0.444862 0.676853 0.444703 0.670205
0 0.311910 0.278752 0.312505 0.303681 0.316574 0.303656 0.317970 0.305309 0.318010 0.306971 0.319405 0.308624 0.319485 0.311948 0.320881 0.313601 0.320961 0.316925 0.333524 0.331808 0.333643 0.336794 0.356701 0.336654 0.356582 0.331668 0.359215 0.328328 0.360571 0.328320 0.364521 0.323310 0.365878 0.323302 0.368511 0.319961 0.369867 0.319953 0.371183 0.318282 0.372540 0.318274 0.376489 0.313263 0.381915 0.313230 0.381598 0.299935 0.374816 0.299976 0.373419 0.298323 0.372063 0.298332 0.370667 0.296677 0.367955 0.296694 0.366559 0.295041 0.359777 0.295082 0.358381 0.293429 0.357025 0.293437 0.355629 0.291783 0.354273 0.291791 0.351481 0.288484 0.350124 0.288492 0.348728 0.286839 0.346015 0.286856 0.344620 0.285201 0.343263 0.285210 0.341867 0.283556 0.341748 0.278570
0 0.562396 0.543168 0.562952 0.566435 0.568377 0.566402 0.571169 0.569709 0.572525 0.569701 0.606029 0.609388 0.606069 0.611050 0.607426 0.611042 0.608822 0.612695 0.610178 0.612687 0.611574 0.614340 0.614286 0.614323 0.615683 0.615978 0.618395 0.615961 0.619791 0.617615 0.625217 0.617582 0.626612 0.619235 0.636107 0.619178 0.637423 0.617508 0.641492 0.617483 0.642809 0.615813 0.644165 0.615804 0.645481 0.614134 0.646837 0.614126 0.649471 0.610786 0.650827 0.610778 0.652144 0.609107 0.653500 0.609099 0.656133 0.605759 0.660202 0.605734 0.660083 0.600749 0.656014 0.600774 0.649034 0.592505 0.647678 0.592513 0.630926 0.572670 0.629570 0.572678 0.625382 0.567718 0.624026 0.567726 0.621233 0.564418 0.619877 0.564426 0.618481 0.562773 0.617125 0.562781 0.614333 0.559474 0.612976 0.559482 0.610185 0.556175 0.608828 0.556183 0.604640 0.551223 0.603284 0.551231 0.600492 0.547923 0.600373 0.542937
0 0.847524 0.667756 0.847643 0.672741 0.846326 0.674412 0.846366 0.676074 0.841100 0.682755 0.839744 0.682763 0.835794 0.687773 0.834438 0.687781 0.833121 0.689452 0.826340 0.689493 0.827054 0.719406 0.846042 0.719290 0.845923 0.714305 0.847239 0.712634 0.848596 0.712626 0.849913 0.710956 0.852625 0.710940 0.853942 0.709270 0.856655 0.709254 0.857972 0.707583 0.859328 0.707575 0.865910 0.699225 0.865870 0.697563 0.868503 0.694222 0.869860 0.694214 0.869820 0.692553 0.872454 0.689212 0.873810 0.689204 0.876444 0.685863 0.876285 0.679215 0.874888 0.677562 0.874849 0.675901 0.873452 0.674247 0.873293 0.667599
0 0.844030 0.521510 0.844586 0.544777 0.850011 0.544744 0.852803 0.548051 0.852923 0.553036 0.874623 0.552904 0.874504 0.547919 0.877137 0.544579 0.878494 0.544571 0.879810 0.542901 0.881167 0.542893 0.885116 0.537882 0.885077 0.536220 0.886394 0.534550 0.891818 0.534517 0.891500 0.521222
0 0.317601 0.744111 0.317919 0.757406 0.323344 0.757373 0.324741 0.759027 0.327452 0.759011 0.328849 0.760664 0.332917 0.760639 0.334234 0.758970 0.336947 0.758953 0.338264 0.757282 0.343688 0.757249 0.343371 0.743954
0 0.667355 0.848360 0.667951 0.873288 0.685583 0.873181 0.685464 0.868196 0.686780 0.866526 0.688136 0.866518 0.692086 0.861507 0.693442 0.861499 0.694759 0.859829 0.698828 0.859804 0.698551 0.848171
0 0.292381 0.824046 0.292818 0.842326 0.296887 0.842302 0.298283 0.843956 0.299639 0.843947 0.301035 0.845602 0.302391 0.845593 0.303787 0.847246 0.305143 0.847238 0.307935 0.850546 0.308054 0.855531 0.314836 0.855489 0.314677 0.848842 0.315994 0.847172 0.318706 0.847156 0.320023 0.845486 0.321379 0.845478 0.322696 0.843807 0.324053 0.843799 0.330635 0.835449 0.334704 0.835424 0.334624 0.832099 0.330556 0.832124 0.329159 0.830471 0.329001 0.823824
0 0.600347 0.768986 0.600943 0.793915 0.617218 0.793816 0.617059 0.787167 0.621010 0.782157 0.626434 0.782124 0.626116 0.768829
0 0.727719 0.422490 0.728195 0.442433 0.732264 0.442408 0.739244 0.450677 0.739284 0.452338 0.743472 0.457300 0.743512 0.458961 0.744908 0.460614 0.744947 0.462277 0.746343 0.463930 0.747700 0.463921 0.749096 0.465576 0.749136 0.467238 0.754719 0.473851 0.760144 0.473818 0.761461 0.472149 0.764174 0.472132 0.765490 0.470462 0.766847 0.470454 0.769480 0.467114 0.770837 0.467106 0.773469 0.463765 0.774826 0.463757 0.776143 0.462087 0.777499 0.462079 0.781448 0.457069 0.786873 0.457036 0.786675 0.448726 0.781249 0.448759 0.779854 0.447105 0.778497 0.447113 0.777102 0.445460 0.775746 0.445468 0.774349 0.443814 0.772993 0.443822 0.770201 0.440515 0.768845 0.440523 0.766053 0.437217 0.764696 0.437225 0.763300 0.435571 0.761944 0.435579 0.760548 0.433926 0.759191 0.433934 0.755004 0.428973 0.754845 0.422325
0 0.301510 0.524809 0.301629 0.529795 0.297679 0.534805 0.290898 0.534846 0.291374 0.554789 0.295443 0.554764 0.296839 0.556417 0.298195 0.556409 0.300987 0.559717 0.302344 0.559709 0.303740 0.561362 0.305096 0.561354 0.306493 0.563008 0.306651 0.569655 0.318858 0.569581 0.318699 0.562934 0.339764 0.536212 0.343834 0.536187 0.343556 0.524553
0 0.146613 0.173381 0.147248 0.199971 0.151316 0.199946 0.152713 0.201601 0.154069 0.201592 0.155465 0.203245 0.156822 0.203237 0.159613 0.206544 0.159732 0.211530 0.167870 0.211480 0.167751 0.206495 0.171701 0.201485 0.173057 0.201477 0.175691 0.198136 0.175651 0.196474 0.176967 0.194805 0.178323 0.194796 0.184907 0.186445 0.188976 0.186421 0.188658 0.173125
0 0.254271 0.591581 0.254827 0.614847 0.262965 0.614798 0.264361 0.616451 0.272498 0.616401 0.273815 0.614732 0.280597 0.614691 0.280240 0.599733 0.276171 0.599758 0.273379 0.596452 0.273260 0.591466
0 0.332765 0.697480 0.333123 0.712437 0.339904 0.712396 0.344092 0.717356 0.344211 0.722341 0.352349 0.722292 0.352230 0.717307 0.353546 0.715636 0.358971 0.715603 0.358534 0.697323
0 0.571659 0.476627 0.572413 0.508202 0.576481 0.508178 0.579274 0.511486 0.580630 0.511478 0.583422 0.514784 0.583581 0.521431 0.603925 0.521308 0.603766 0.514660 0.605083 0.512991 0.606440 0.512982 0.610389 0.507971 0.611745 0.507963 0.615695 0.502953 0.619764 0.502929 0.619486 0.491296 0.614062 0.491329 0.608478 0.484714 0.607121 0.484723 0.605725 0.483068 0.605566 0.476421
0 0.652719 0.462837 0.653275 0.486104 0.658700 0.486071 0.661492 0.489378 0.662849 0.489370 0.664244 0.491024 0.665600 0.491016 0.666997 0.492669 0.679203 0.492594 0.680520 0.490925 0.681877 0.490917 0.684509 0.487575 0.685866 0.487567 0.685826 0.485906 0.689776 0.480895 0.689697 0.477572 0.691013 0.475901 0.695082 0.475877 0.695043 0.474214 0.690973 0.474239 0.689578 0.472586 0.689498 0.469262 0.688102 0.467609 0.687983 0.462623
0 0.499676 0.643277 0.500470 0.676514 0.505895 0.676481 0.507291 0.678136 0.508648 0.678127 0.511440 0.681434 0.511598 0.688081 0.529231 0.687974 0.529112 0.682989 0.530428 0.681318 0.531784 0.681310 0.535734 0.676300 0.537091 0.676292 0.538407 0.674621 0.538367 0.672960 0.541000 0.669620 0.542356 0.669611 0.543673 0.667942 0.543633 0.666279 0.546267 0.662939 0.546108 0.656291 0.540524 0.649677 0.540365 0.643029
0 0.740608 0.734891 0.741363 0.766467 0.745431 0.766442 0.749620 0.771403 0.749659 0.773064 0.751056 0.774718 0.751095 0.776380 0.756679 0.782995 0.764817 0.782946 0.767450 0.779604 0.768806 0.779596 0.770123 0.777926 0.771479 0.777918 0.772795 0.776249 0.797210 0.776100 0.798526 0.774430 0.799882 0.774421 0.801199 0.772751 0.802555 0.772742 0.803872 0.771073 0.803832 0.769410 0.806465 0.766071 0.810534 0.766046 0.810375 0.759399 0.806306 0.759424 0.800722 0.752808 0.799366 0.752816 0.797970 0.751163 0.796614 0.751171 0.795218 0.749518 0.793861 0.749527 0.792465 0.747872 0.789753 0.747889 0.788356 0.746235 0.787000 0.746243 0.785604 0.744590 0.782892 0.744606 0.780099 0.741299 0.779941 0.734652
0 0.186812 0.266215 0.187368 0.289482 0.191438 0.289457 0.201209 0.301032 0.202565 0.301024 0.203961 0.302678 0.206674 0.302661 0.209466 0.305969 0.209585 0.310954 0.227218 0.310847 0.227098 0.305861 0.231048 0.300851 0.232404 0.300842 0.233721 0.299173 0.235077 0.299164 0.240344 0.292484 0.245769 0.292451 0.245570 0.284141 0.240145 0.284174 0.237352 0.280867 0.235997 0.280875 0.234600 0.279222 0.233244 0.279230 0.230452 0.275923 0.229095 0.275931 0.227700 0.274278 0.226344 0.274286 0.223551 0.270979 0.223432 0.265993
0 0.206874 0.651706 0.207271 0.668324 0.214053 0.668283 0.216844 0.671590 0.216963 0.676575 0.233239 0.676477 0.233120 0.671491 0.234437 0.669822 0.238505 0.669797 0.238068 0.651516
0 0.439522 0.623697 0.440356 0.658597 0.447138 0.658556 0.449929 0.661863 0.455355 0.661830 0.456671 0.660160 0.460740 0.660135 0.466006 0.653454 0.467363 0.653446 0.476579 0.641755 0.482005 0.641722 0.481568 0.623442
0 0.188032 0.771493 0.188349 0.784788 0.193774 0.784755 0.195170 0.786409 0.196527 0.786401 0.202111 0.793015 0.203467 0.793007 0.204863 0.794660 0.207576 0.794644 0.208971 0.796298 0.210328 0.796290 0.211645 0.794619 0.213001 0.794611 0.214317 0.792941 0.219742 0.792908 0.219464 0.781274 0.214039 0.781307 0.212644 0.779654 0.211288 0.779662 0.208495 0.776354 0.208376 0.771369
0 0.189645 0.611919 0.190122 0.631862 0.195547 0.631829 0.198339 0.635136 0.199696 0.635128 0.201091 0.636782 0.202448 0.636774 0.203844 0.638427 0.203963 0.643412 0.213457 0.643354 0.213338 0.638369 0.214654 0.636700 0.216010 0.636691 0.217327 0.635021 0.218683 0.635012 0.222633 0.630003 0.226703 0.629978 0.226266 0.611697
0 0.426654 0.823230 0.426773 0.828216 0.424141 0.831555 0.422784 0.831563 0.417518 0.838244 0.412093 0.838277 0.412728 0.864867 0.418153 0.864834 0.419550 0.866488 0.420905 0.866480 0.423697 0.869787 0.423817 0.874772 0.459080 0.874558 0.458922 0.867911 0.464188 0.861231 0.464148 0.859569 0.465464 0.857899 0.465425 0.856236 0.466742 0.854566 0.466702 0.852905 0.468018 0.851235 0.467621 0.834616 0.466226 0.832962 0.466186 0.831300 0.463394 0.827993 0.463275 0.823007
0 0.384661 0.371388 0.385455 0.404626 0.390880 0.404593 0.396464 0.411207 0.396583 0.416193 0.415571 0.416077 0.415452 0.411092 0.416768 0.409421 0.416729 0.407760 0.420679 0.402750 0.420639 0.401088 0.421956 0.399417 0.427381 0.399384 0.426904 0.379442 0.421480 0.379475 0.420083 0.377821 0.419924 0.371174
0 0.504663 0.284228 0.504941 0.295861 0.502308 0.299201 0.496883 0.299234 0.497359 0.319178 0.501428 0.319153 0.511200 0.330728 0.511319 0.335714 0.524882 0.335632 0.524723 0.328983 0.527357 0.325644 0.528713 0.325636 0.531346 0.322295 0.531306 0.320633 0.533939 0.317293 0.535296 0.317285 0.536613 0.315614 0.536573 0.313953 0.537889 0.312282 0.537691 0.303973 0.536295 0.302320 0.536216 0.298995 0.534819 0.297342 0.534740 0.294018 0.533344 0.292365 0.533145 0.284055
0 0.377892 0.258405 0.378011 0.263390 0.375377 0.266731 0.365884 0.266788 0.366400 0.288393 0.371825 0.288360 0.377409 0.294975 0.378766 0.294967 0.380161 0.296620 0.381518 0.296611 0.382914 0.298266 0.384270 0.298257 0.385666 0.299910 0.403298 0.299803 0.404615 0.298134 0.405971 0.298125 0.407287 0.296455 0.408644 0.296446 0.411277 0.293107 0.412633 0.293099 0.413949 0.291428 0.415306 0.291420 0.420573 0.284740 0.424641 0.284715 0.424442 0.276405 0.419018 0.276438 0.416225 0.273132 0.416186 0.271469 0.414790 0.269816 0.413433 0.269825 0.409246 0.264863 0.409087 0.258216
0 0.644410 0.569264 0.644648 0.579235 0.650073 0.579202 0.651469 0.580855 0.651628 0.587502 0.674685 0.587362 0.674486 0.579053 0.677120 0.575713 0.681188 0.575688 0.681029 0.569041
0 0.553585 0.855700 0.554180 0.880628 0.567743 0.880546 0.567624 0.875561 0.570257 0.872220 0.571613 0.872212 0.574246 0.868872 0.574207 0.867210 0.575524 0.865540 0.579592 0.865515 0.579354 0.855544
0 0.483267 0.410680 0.483982 0.440594 0.489407 0.440561 0.494991 0.447175 0.496348 0.447167 0.499140 0.450474 0.500496 0.450466 0.501891 0.452120 0.503248 0.452112 0.504644 0.453765 0.510069 0.453732 0.510029 0.452070 0.511346 0.450400 0.511306 0.448737 0.516573 0.442057 0.516533 0.440396 0.519166 0.437055 0.518809 0.422099 0.516017 0.418792 0.515818 0.410482
0 0.436003 0.703500 0.436201 0.711810 0.441627 0.711777 0.443023 0.713430 0.445736 0.713414 0.447131 0.715067 0.448488 0.715059 0.449884 0.716713 0.451239 0.716705 0.452636 0.718359 0.453992 0.718351 0.455388 0.720004 0.456745 0.719995 0.459537 0.723303 0.459656 0.728289 0.484069 0.728140 0.483752 0.714844 0.479682 0.714869 0.476890 0.711563 0.476692 0.703253
0 0.057878 0.320187 0.058394 0.341792 0.063819 0.341759 0.068008 0.346720 0.069364 0.346711 0.072156 0.350019 0.073512 0.350010 0.074908 0.351663 0.075067 0.358312 0.098123 0.358172 0.097965 0.351523 0.099282 0.349854 0.099242 0.348191 0.100558 0.346522 0.100479 0.343198 0.101796 0.341528 0.101716 0.338205 0.106983 0.331523 0.111051 0.331498 0.110773 0.319866
0 0.197796 0.498846 0.198233 0.517126 0.202301 0.517101 0.206490 0.522062 0.207845 0.522054 0.210638 0.525361 0.210757 0.530348 0.239239 0.530174 0.239120 0.525188 0.241753 0.521848 0.245823 0.521823 0.245664 0.515176 0.240238 0.515209 0.238842 0.513556 0.237486 0.513564 0.236090 0.511910 0.234733 0.511918 0.233338 0.510264 0.231982 0.510272 0.230585 0.508619 0.229229 0.508627 0.225041 0.503667 0.224922 0.498681
0 0.807642 0.588217 0.808793 0.636411 0.812862 0.636386 0.817050 0.641347 0.817090 0.643010 0.819882 0.646316 0.820041 0.652963 0.839029 0.652848 0.838910 0.647863 0.845493 0.639512 0.846849 0.639503 0.856066 0.627813 0.857422 0.627805 0.858738 0.626135 0.858698 0.624473 0.861332 0.621133 0.861292 0.619470 0.859896 0.617817 0.859856 0.616156 0.841709 0.594658 0.841550 0.588010
0 0.591085 0.835527 0.591879 0.868765 0.597304 0.868732 0.598700 0.870385 0.601412 0.870368 0.602809 0.872022 0.616372 0.871940 0.617689 0.870269 0.619044 0.870261 0.620361 0.868591 0.620321 0.866930 0.624271 0.861919 0.624231 0.860258 0.629498 0.853576 0.633566 0.853551 0.633130 0.835271
0 0.320009 0.617775 0.320446 0.636056 0.325871 0.636023 0.328663 0.639330 0.330019 0.639321 0.331415 0.640976 0.336840 0.640943 0.338158 0.639272 0.339513 0.639264 0.340830 0.637594 0.342186 0.637586 0.344819 0.634246 0.344780 0.632583 0.347413 0.629244 0.351481 0.629219 0.351442 0.627557 0.347373 0.627582 0.345978 0.625928 0.345779 0.617619
0 0.338190 0.697447 0.338786 0.722374 0.359130 0.722251 0.358534 0.697323
0 0.446059 0.670197 0.446575 0.691802 0.452001 0.691769 0.456189 0.696729 0.456308 0.701715 0.464445 0.701666 0.464326 0.696680 0.468276 0.691670 0.469633 0.691662 0.472266 0.688320 0.477690 0.688287 0.477254 0.670007
0 0.466146 0.829638 0.466583 0.847918 0.478790 0.847844 0.480106 0.846174 0.486888 0.846133 0.486491 0.829515
0 0.487873 0.603458 0.488071 0.611768 0.492140 0.611743 0.493536 0.613396 0.494893 0.613388 0.506060 0.626617 0.507417 0.626609 0.510209 0.629916 0.511565 0.629908 0.512961 0.631561 0.514317 0.631552 0.515713 0.633207 0.526564 0.633141 0.527881 0.631470 0.529237 0.631462 0.530554 0.629792 0.531910 0.629784 0.533226 0.628114 0.534583 0.628106 0.535899 0.626435 0.537255 0.626427 0.538572 0.624758 0.539928 0.624749 0.543878 0.619738 0.545234 0.619730 0.546551 0.618061 0.547907 0.618052 0.549224 0.616382 0.550580 0.616373 0.553213 0.613033 0.557283 0.613008 0.557044 0.603037
0 0.655895 0.595788 0.656292 0.612406 0.661717 0.612373 0.663114 0.614027 0.664470 0.614018 0.668657 0.618980 0.671371 0.618963 0.672766 0.620616 0.675479 0.620600 0.676874 0.622254 0.676994 0.627240 0.685132 0.627191 0.685013 0.622205 0.687646 0.618864 0.689002 0.618856 0.691635 0.615516 0.691516 0.610531 0.692833 0.608860 0.691437 0.607206 0.691397 0.605545 0.687209 0.600584 0.687090 0.595598
0 0.446059 0.670197 0.446575 0.691802 0.452001 0.691769 0.457585 0.698382 0.461653 0.698357 0.462970 0.696688 0.464326 0.696680 0.468276 0.691670 0.469633 0.691662 0.472266 0.688320 0.477690 0.688287 0.477254 0.670007
0 0.127268 0.499274 0.127665 0.515893 0.133091 0.515860 0.135883 0.519167 0.136002 0.524153 0.159058 0.524012 0.158463 0.499085
0 0.245730 0.631524 0.245849 0.636510 0.244533 0.638180 0.239107 0.638213 0.239504 0.654831 0.243573 0.654807 0.244969 0.656460 0.246325 0.656452 0.247722 0.658106 0.250434 0.658089 0.251830 0.659743 0.253187 0.659735 0.254583 0.661388 0.274927 0.661265 0.276323 0.662919 0.277679 0.662910 0.278996 0.661240 0.284422 0.661207 0.285738 0.659537 0.288450 0.659521 0.289767 0.657850 0.292480 0.657834 0.295113 0.654493 0.296469 0.654485 0.297785 0.652815 0.299142 0.652807 0.300458 0.651137 0.301815 0.651128 0.305765 0.646118 0.307121 0.646110 0.307081 0.644448 0.308398 0.642777 0.308319 0.639453 0.306922 0.637800 0.306764 0.631153
0 0.524261 0.536752 0.524618 0.551709 0.528688 0.551684 0.530083 0.553337 0.532796 0.553321 0.535588 0.556628 0.535707 0.561614 0.542489 0.561573 0.542370 0.556587 0.543686 0.554916 0.545042 0.554908 0.547676 0.551569 0.549032 0.551561 0.551665 0.548219 0.555734 0.548195 0.555456 0.536562
0 0.338826 0.724037 0.339223 0.740655 0.344648 0.740622 0.346043 0.742276 0.347400 0.742267 0.348797 0.743921 0.348916 0.748907 0.350272 0.748898 0.350152 0.743913 0.351469 0.742243 0.352825 0.742234 0.354142 0.740565 0.355498 0.740556 0.359448 0.735547 0.359368 0.732222 0.360685 0.730552 0.364755 0.730527 0.364596 0.723880
0 0.237043 0.551795 0.237480 0.570076 0.242905 0.570043 0.244300 0.571696 0.244419 0.576681 0.264764 0.576558 0.264606 0.569911 0.267239 0.566570 0.267199 0.564909 0.268515 0.563239 0.267120 0.561585 0.266882 0.551613
0 0.367540 0.790347 0.367976 0.808627 0.376114 0.808578 0.377511 0.810232 0.377630 0.815217 0.378986 0.815209 0.378867 0.810223 0.381500 0.806883 0.388281 0.806842 0.387884 0.790223
0 0.588364 0.210586 0.588522 0.217234 0.587205 0.218904 0.585849 0.218913 0.584533 0.220582 0.583176 0.220590 0.581860 0.222261 0.580504 0.222269 0.579187 0.223939 0.577830 0.223947 0.576514 0.225618 0.575158 0.225626 0.573841 0.227296 0.572485 0.227304 0.571168 0.228974 0.565743 0.229007 0.566219 0.248949 0.570288 0.248924 0.571684 0.250578 0.573041 0.250570 0.578624 0.257185 0.578743 0.262170 0.596375 0.262063 0.596256 0.257078 0.598890 0.253737 0.600246 0.253729 0.610778 0.240368 0.610739 0.238707 0.617322 0.230356 0.617282 0.228693 0.618598 0.227024 0.618559 0.225362 0.619876 0.223692 0.623944 0.223667 0.623627 0.210372
0 0.382253 0.497724 0.382928 0.525977 0.388353 0.525944 0.403709 0.544133 0.405065 0.544125 0.407857 0.547432 0.409213 0.547424 0.412006 0.550731 0.412125 0.555716 0.425688 0.555634 0.425529 0.548986 0.426846 0.547317 0.426806 0.545655 0.432072 0.538974 0.432033 0.537312 0.434666 0.533972 0.436022 0.533964 0.438656 0.530624 0.440012 0.530615 0.442645 0.527275 0.444001 0.527267 0.446634 0.523927 0.446594 0.522264 0.445199 0.520611 0.445159 0.518950 0.442367 0.515641 0.441011 0.515650 0.439615 0.513997 0.436902 0.514013 0.435506 0.512360 0.434150 0.512368 0.432753 0.510714 0.431397 0.510722 0.428605 0.507415 0.427249 0.507423 0.425853 0.505769 0.424497 0.505777 0.423101 0.504124 0.422942 0.497477
0 0.362934 0.597569 0.363292 0.612526 0.368717 0.612493 0.370112 0.614146 0.371469 0.614138 0.372865 0.615791 0.374221 0.615783 0.377013 0.619091 0.378369 0.619083 0.379766 0.620736 0.381122 0.620728 0.383914 0.624035 0.384033 0.629021 0.394883 0.628955 0.394764 0.623969 0.398714 0.618959 0.400071 0.618951 0.406653 0.610600 0.408009 0.610592 0.407970 0.608929 0.411920 0.603920 0.415989 0.603895 0.415830 0.597247
0 0.839253 0.435109 0.839372 0.440094 0.836739 0.443435 0.831314 0.443468 0.831711 0.460086 0.837136 0.460053 0.841324 0.465015 0.841363 0.466677 0.842760 0.468330 0.842800 0.469992 0.844196 0.471646 0.844315 0.476632 0.842998 0.478302 0.843077 0.481625 0.851453 0.491547 0.851652 0.499857 0.874709 0.499717 0.874590 0.494731 0.875907 0.493061 0.875867 0.491399 0.879817 0.486388 0.892023 0.486314 0.893340 0.484644 0.896052 0.484628 0.901319 0.477947 0.906745 0.477914 0.906149 0.452986 0.898011 0.453036 0.896615 0.451382 0.891190 0.451415 0.889793 0.449762 0.888437 0.449770 0.887041 0.448116 0.885685 0.448124 0.884289 0.446470 0.882933 0.446478 0.881536 0.444825 0.880180 0.444833 0.878785 0.443179 0.877428 0.443187 0.876033 0.441534 0.875874 0.434887
0 0.219874 0.684869 0.219993 0.689854 0.216044 0.694865 0.216084 0.696527 0.214767 0.698197 0.213411 0.698205 0.212094 0.699875 0.208025 0.699900 0.208343 0.713196 0.232756 0.713047 0.234072 0.711377 0.238142 0.711352 0.239458 0.709681 0.240815 0.709673 0.242132 0.708003 0.243488 0.707995 0.244804 0.706324 0.247516 0.706308 0.251467 0.701298 0.251427 0.699636 0.252743 0.697966 0.252703 0.696305 0.251347 0.696313 0.249952 0.694659 0.248595 0.694667 0.244407 0.689706 0.244288 0.684720
0 0.591075 0.210570 0.591195 0.215555 0.588562 0.218896 0.587205 0.218904 0.585888 0.220574 0.584533 0.220582 0.583216 0.222253 0.580504 0.222269 0.577870 0.225610 0.576514 0.225618 0.575198 0.227287 0.573841 0.227296 0.572525 0.228965 0.571168 0.228974 0.569851 0.230644 0.565783 0.230669 0.566180 0.247288 0.570248 0.247263 0.575833 0.253878 0.577189 0.253869 0.579981 0.257177 0.580100 0.262162 0.596375 0.262063 0.596256 0.257078 0.600207 0.252068 0.601562 0.252060 0.610778 0.240368 0.610739 0.238707 0.614689 0.233696 0.614649 0.232033 0.617282 0.228693 0.617243 0.227032 0.618559 0.225362 0.618440 0.220376 0.617044 0.218723 0.616846 0.210413
0 0.876290 0.281969 0.877242 0.321854 0.884023 0.321813 0.885420 0.323467 0.888133 0.323450 0.889529 0.325104 0.893598 0.325079 0.896389 0.328386 0.896509 0.333372 0.906002 0.333315 0.904772 0.281796
0 0.575946 0.656110 0.576264 0.669405 0.581689 0.669372 0.583086 0.671025 0.584442 0.671017 0.585838 0.672671 0.585878 0.674333 0.587273 0.675987 0.588629 0.675978 0.594213 0.682593 0.595570 0.682585 0.596966 0.684239 0.598322 0.684231 0.599719 0.685884 0.601074 0.685876 0.602470 0.687529 0.607895 0.687496 0.609212 0.685826 0.610569 0.685818 0.611885 0.684148 0.613242 0.684140 0.614558 0.682469 0.618627 0.682445 0.618469 0.675797 0.614399 0.675822 0.607419 0.667554 0.606063 0.667562 0.604667 0.665908 0.603311 0.665916 0.600519 0.662609 0.600360 0.655962
0 0.273114 0.471794 0.273233 0.476779 0.271916 0.478450 0.267847 0.478474 0.268443 0.503403 0.273868 0.503370 0.275264 0.505023 0.275383 0.510008 0.280809 0.509975 0.280690 0.504990 0.282006 0.503320 0.283362 0.503312 0.284679 0.501642 0.286034 0.501633 0.291302 0.494953 0.291262 0.493291 0.292578 0.491621 0.292380 0.483311 0.290984 0.481658 0.289627 0.481666 0.286835 0.478359 0.286677 0.471711
0 0.782422 0.668152 0.782978 0.691418 0.793828 0.691352 0.795145 0.689682 0.796501 0.689674 0.797817 0.688004 0.799174 0.687995 0.800491 0.686325 0.800451 0.684663 0.803084 0.681323 0.803045 0.679661 0.804361 0.677991 0.808430 0.677966 0.808192 0.667995
0 0.151695 0.386102 0.152092 0.402720 0.156160 0.402696 0.158952 0.406003 0.160309 0.405995 0.163101 0.409302 0.164457 0.409294 0.165853 0.410947 0.166012 0.417594 0.176862 0.417528 0.176743 0.412543 0.180693 0.407533 0.182049 0.407525 0.183365 0.405855 0.188792 0.405822 0.188553 0.395850 0.183127 0.395883 0.178940 0.390923 0.178821 0.385937
0 0.177022 0.764911 0.177380 0.779869 0.185518 0.779819 0.186913 0.781472 0.190863 0.776461 0.190824 0.774800 0.193457 0.771460 0.197526 0.771435 0.197367 0.764788
0 0.569410 0.609610 0.569568 0.616258 0.562986 0.624609 0.561629 0.624617 0.558996 0.627958 0.553571 0.627991 0.553928 0.642947 0.559353 0.642914 0.560749 0.644568 0.562106 0.644560 0.563502 0.646213 0.564858 0.646205 0.567650 0.649512 0.567769 0.654497 0.579975 0.654423 0.579856 0.649438 0.591706 0.634407 0.591666 0.632745 0.594299 0.629405 0.594260 0.627743 0.595576 0.626073 0.595496 0.622749 0.591309 0.617788 0.589953 0.617797 0.587160 0.614488 0.587041 0.609503
0 0.338826 0.724037 0.339421 0.748964 0.351628 0.748890 0.351509 0.743905 0.352825 0.742234 0.354181 0.742226 0.355498 0.740556 0.356854 0.740548 0.358171 0.738878 0.358131 0.737216 0.359448 0.735547 0.359368 0.732222 0.360685 0.730552 0.364755 0.730527 0.364596 0.723880
0 0.234476 0.671483 0.234873 0.688102 0.241655 0.688061 0.243051 0.689714 0.244407 0.689706 0.251387 0.697974 0.251427 0.699636 0.252822 0.701290 0.254179 0.701282 0.255576 0.702936 0.258288 0.702919 0.259604 0.701249 0.263674 0.701224 0.266307 0.697884 0.271731 0.697851 0.271096 0.671260
0 0.466146 0.829638 0.466583 0.847918 0.477433 0.847852 0.478750 0.846183 0.486888 0.846133 0.486491 0.829515
0 0.297527 0.471645 0.297646 0.476630 0.295013 0.479972 0.289588 0.480005 0.289905 0.493300 0.295331 0.493267 0.296726 0.494920 0.308933 0.494846 0.310249 0.493176 0.311606 0.493168 0.314239 0.489827 0.315596 0.489818 0.320862 0.483138 0.326287 0.483105 0.326009 0.471472
0 0.160137 0.512372 0.160256 0.517357 0.157623 0.520698 0.154910 0.520714 0.153593 0.522384 0.152238 0.522392 0.150921 0.524062 0.149565 0.524070 0.148249 0.525741 0.144179 0.525766 0.144735 0.549032 0.150160 0.548999 0.154348 0.553960 0.155705 0.553952 0.159892 0.558912 0.161249 0.558904 0.162644 0.560558 0.164001 0.560550 0.165398 0.562203 0.169466 0.562178 0.170863 0.563833 0.172179 0.562162 0.174891 0.562145 0.176207 0.560476 0.177564 0.560468 0.189413 0.545436 0.190770 0.545428 0.196036 0.538747 0.197393 0.538739 0.198709 0.537069 0.202778 0.537045 0.202420 0.522087 0.198352 0.522112 0.194163 0.517150 0.194044 0.512165
0 0.494251 0.643310 0.494886 0.669900 0.500311 0.669867 0.510084 0.681442 0.511440 0.681434 0.512835 0.683088 0.525042 0.683014 0.526358 0.681343 0.531784 0.681310 0.535734 0.676300 0.537091 0.676292 0.537051 0.674629 0.541000 0.669620 0.542356 0.669611 0.543673 0.667942 0.547742 0.667917 0.547146 0.642988
0 0.656127 0.662271 0.656246 0.667257 0.654929 0.668927 0.654969 0.670588 0.653653 0.672259 0.653693 0.673920 0.652376 0.675591 0.652415 0.677253 0.649782 0.680592 0.649822 0.682255 0.645873 0.687265 0.641803 0.687289 0.642438 0.713879 0.658714 0.713781 0.658555 0.707133 0.661188 0.703793 0.662544 0.703785 0.669128 0.695434 0.673197 0.695410 0.672403 0.662172
0 0.353406 0.198718 0.353961 0.221984 0.358030 0.221959 0.362218 0.226921 0.362258 0.228582 0.363654 0.230235 0.363694 0.231898 0.365090 0.233551 0.365129 0.235213 0.367921 0.238520 0.367961 0.240183 0.372149 0.245143 0.373505 0.245135 0.376297 0.248442 0.383079 0.248401 0.384396 0.246730 0.387108 0.246714 0.388424 0.245044 0.389781 0.245036 0.391098 0.243365 0.392454 0.243357 0.395087 0.240018 0.396443 0.240010 0.397760 0.238339 0.399116 0.238331 0.401749 0.234990 0.403106 0.234982 0.405739 0.231642 0.407096 0.231634 0.408412 0.229963 0.412480 0.229938 0.412242 0.219968 0.408174 0.219993 0.406778 0.218339 0.404066 0.218355 0.402669 0.216701 0.397244 0.216734 0.395848 0.215081 0.391779 0.215106 0.390383 0.213451 0.386314 0.213476 0.384918 0.211823 0.383562 0.211831 0.382166 0.210177 0.379454 0.210194 0.378057 0.208541 0.376701 0.208549 0.375305 0.206896 0.373948 0.206904 0.372553 0.205250 0.372394 0.198602
0 0.423908 0.424338 0.424662 0.455914 0.450432 0.455757 0.450313 0.450771 0.452946 0.447431 0.454302 0.447422 0.455618 0.445752 0.461043 0.445719 0.460686 0.430762 0.456618 0.430787 0.455221 0.429133 0.455102 0.424148
0 0.551717 0.436857 0.551876 0.443505 0.550560 0.445175 0.549203 0.445183 0.547886 0.446853 0.546530 0.446862 0.543897 0.450202 0.538472 0.450235 0.538869 0.466854 0.548363 0.466796 0.549759 0.468450 0.551116 0.468442 0.552512 0.470095 0.552631 0.475080 0.563481 0.475014 0.563362 0.470029 0.565995 0.466689 0.567352 0.466681 0.568668 0.465010 0.570024 0.465002 0.571341 0.463332 0.571262 0.460008 0.572579 0.458339 0.572420 0.451691 0.573736 0.450021 0.573577 0.443373 0.574893 0.441702 0.574774 0.436717
0 0.845460 0.581338 0.845976 0.602942 0.851401 0.602909 0.858381 0.611178 0.859737 0.611170 0.863925 0.616131 0.865282 0.616123 0.866677 0.617776 0.885665 0.617660 0.887062 0.619313 0.889774 0.619297 0.891170 0.620951 0.891289 0.625937 0.904852 0.625855 0.904376 0.605911 0.898950 0.605944 0.897555 0.604291 0.896199 0.604299 0.894803 0.602645 0.893446 0.602653 0.890654 0.599347 0.889298 0.599355 0.887902 0.597701 0.886546 0.597710 0.885149 0.596055 0.883793 0.596064 0.881001 0.592757 0.879646 0.592766 0.878249 0.591112 0.876892 0.591120 0.872705 0.586158 0.872586 0.581173
0 0.422319 0.357862 0.422875 0.381129 0.428300 0.381096 0.431093 0.384403 0.431212 0.389389 0.459694 0.389216 0.459257 0.370935 0.455188 0.370959 0.453792 0.369306 0.452436 0.369315 0.451040 0.367660 0.449684 0.367669 0.448288 0.366015 0.446931 0.366023 0.445535 0.364370 0.445376 0.357722
0 0.378124 0.324889 0.378243 0.329874 0.376926 0.331544 0.375570 0.331553 0.374253 0.333222 0.367472 0.333263 0.367909 0.351545 0.371977 0.351520 0.373374 0.353174 0.374729 0.353166 0.377521 0.356473 0.377561 0.358134 0.378958 0.359789 0.380314 0.359780 0.383106 0.363087 0.383265 0.369735 0.404965 0.369603 0.404806 0.362955 0.407440 0.359615 0.407401 0.357953 0.410034 0.354613 0.409994 0.352951 0.420527 0.339590 0.425951 0.339557 0.425594 0.324600
0 0.684927 0.675393 0.685284 0.690350 0.690709 0.690317 0.694898 0.695278 0.696254 0.695270 0.699046 0.698577 0.700402 0.698569 0.703194 0.701876 0.703313 0.706861 0.729083 0.706704 0.728924 0.700058 0.730240 0.698387 0.730201 0.696725 0.736784 0.688375 0.738140 0.688366 0.740774 0.685026 0.740734 0.683365 0.742050 0.681694 0.741892 0.675047
0 0.584123 0.316988 0.584996 0.353549 0.591778 0.353508 0.593174 0.355162 0.595886 0.355146 0.597203 0.353475 0.598559 0.353467 0.599875 0.351797 0.601232 0.351789 0.602549 0.350118 0.602509 0.348456 0.603826 0.346786 0.603786 0.345124 0.605103 0.343454 0.605023 0.340130 0.606340 0.338461 0.606300 0.336798 0.607616 0.335129 0.607576 0.333466 0.610210 0.330126 0.615635 0.330093 0.615317 0.316798
0 0.472048 0.849548 0.472485 0.867829 0.487404 0.867738 0.486968 0.849457
0 0.565890 0.689414 0.566367 0.709356 0.571792 0.709323 0.582960 0.722552 0.584316 0.722544 0.587108 0.725851 0.592534 0.725818 0.593929 0.727472 0.599354 0.727439 0.600671 0.725769 0.625084 0.725620 0.624727 0.710664 0.616589 0.710713 0.615193 0.709059 0.613837 0.709068 0.612441 0.707413 0.611085 0.707422 0.609689 0.705769 0.609649 0.704106 0.608253 0.702453 0.606897 0.702461 0.605501 0.700808 0.604144 0.700816 0.602748 0.699162 0.601392 0.699171 0.598600 0.695863 0.598441 0.689216
0 0.389035 0.497683 0.389194 0.504330 0.387877 0.506000 0.382451 0.506033 0.382928 0.525977 0.388353 0.525944 0.399521 0.539172 0.400878 0.539163 0.403669 0.542471 0.403709 0.544133 0.405065 0.544125 0.407857 0.547432 0.409213 0.547424 0.412006 0.550731 0.412125 0.555716 0.422975 0.555650 0.422856 0.550665 0.426806 0.545655 0.426766 0.543993 0.435982 0.532301 0.437339 0.532293 0.441289 0.527283 0.442645 0.527275 0.443962 0.525605 0.443922 0.523943 0.445238 0.522272 0.442446 0.518966 0.442407 0.517304 0.441051 0.517312 0.439654 0.515658 0.436942 0.515674 0.435545 0.514021 0.434189 0.514030 0.432793 0.512376 0.431437 0.512385 0.427249 0.507423 0.425893 0.507432 0.421704 0.502471 0.421585 0.497485
0 0.689239 0.747772 0.713893 0.742562 0.732864 0.741435 0.738134 0.754561 0.725186 0.765772 0.717826 0.768854 0.702038 0.764901
0 0.686813 0.715400 0.727962 0.709078 0.738723 0.710025 0.739110 0.726215 0.731893 0.735369 0.716299 0.739512 0.693977 0.738635 0.688949 0.735630
0 0.728904 0.541068 0.752950 0.544970 0.764778 0.556030 0.759384 0.572256 0.738834 0.576430 0.723824 0.570448 0.711073 0.555345 0.703544 0.551342 0.722467 0.548190
0 0.699736 0.495701 0.728738 0.499574 0.730801 0.516765 0.730701 0.547130 0.706095 0.554363 0.686882 0.545372 0.685109 0.540321 0.696796 0.510900 0.699080 0.502790
0 0.447985 0.572125 0.457215 0.578143 0.465908 0.596307 0.464475 0.605423 0.453715 0.604478 0.442200 0.606571 0.437149 0.602554 0.444437 0.596437 0.445895 0.588332 0.441475 0.576213
0 0.384567 0.545186 0.387238 0.553266 0.399018 0.562302 0.412279 0.564246 0.413275 0.571325 0.405987 0.577441 0.384563 0.579596 0.382912 0.579606 0.375043 0.561436 0.374024 0.553346
0 0.325686 0.569833 0.323865 0.562759 0.334455 0.556622 0.342715 0.556572 0.344757 0.538343 0.344612 0.532271 0.359989 0.519020 0.374854 0.518929 0.384059 0.523935 0.387484 0.528973 0.391903 0.541091 0.373952 0.550309 0.365036 0.557449 0.360468 0.573669 0.343343 0.582884 0.330056 0.579927
0 0.463827 0.543691 0.475122 0.532489 0.483236 0.526369 0.490694 0.527334 0.490863 0.534419 0.489380 0.541511 0.487776 0.543545 0.482941 0.548636 0.474707 0.549697 0.465525 0.545705
0 0.613603 0.663916 0.618215 0.649299 0.629945 0.641935 0.641777 0.638823 0.649756 0.640597 0.652497 0.651523 0.652671 0.658815 0.643349 0.663126 0.639876 0.663147 0.634667 0.673513 0.633266 0.677168 0.623799 0.675402 0.617717 0.669969
0 0.646339 0.539111 0.642226 0.533058 0.646968 0.523912 0.657180 0.515340 0.672397 0.508560 0.682288 0.507285 0.690734 0.507842 0.682285 0.527952 0.678374 0.530406 0.671650 0.539566 0.669270 0.543834 0.660329 0.543281 0.647856 0.540318
0 0.511184 0.508934 0.506428 0.517471 0.508090 0.524756 0.518184 0.531989 0.529606 0.532527 0.535033 0.531278 0.532321 0.521569 0.526253 0.516744 0.515211 0.511341
0 0.444442 0.539123 0.434638 0.544045 0.431866 0.552572 0.433513 0.559249 0.441900 0.557374 0.445198 0.550059 0.445506 0.542156
0 0.376102 0.474463 0.373422 0.487279 0.379588 0.495470 0.391612 0.499053 0.398260 0.496271 0.400323 0.488943 0.397165 0.481648 0.388104 0.477134 0.377571 0.473539
0 0.343013 0.463693 0.334916 0.468313 0.337351 0.476527 0.341233 0.482903 0.348826 0.488342 0.356307 0.489210 0.361334 0.480952 0.357450 0.474577 0.349815 0.467309
0 0.335404 0.426255 0.345276 0.433509 0.355852 0.438929 0.362633 0.441632 0.369434 0.445247 0.363575 0.449854 0.345691 0.450877 0.337442 0.449099 0.325989 0.438197 0.321273 0.428170
0 0.374617 0.412303 0.362087 0.418778 0.351795 0.425241 0.350455 0.431649 0.357301 0.437092 0.363291 0.437970 0.374242 0.427848 0.374923 0.425100
0 0.336593 0.382363 0.351798 0.394157 0.359390 0.399595 0.362505 0.405061 0.355219 0.412421 0.345521 0.412480 0.332686 0.406157 0.328758 0.397953 0.333632 0.383296
0 0.298124 0.427396 0.301216 0.431948 0.308853 0.439215 0.314139 0.441927 0.320131 0.442805 0.323839 0.441868 0.323708 0.436382 0.316006 0.426373 0.308416 0.420933 0.303105 0.417309 0.301613 0.417318 0.298036 0.423738
0 0.248170 0.335359 0.263660 0.359037 0.276933 0.383640 0.282439 0.395492 0.295602 0.415526 0.314339 0.419068 0.329173 0.415322 0.333147 0.394270 0.318362 0.368760 0.294513 0.338734 0.276852 0.317813 0.259692 0.317918 0.251836 0.332594 0.250497 0.339002
0 0.257229 0.370960 0.253586 0.374638 0.253147 0.387441 0.259311 0.395633 0.269800 0.397398 0.273464 0.394633 0.270196 0.382766 0.257142 0.367303
0 0.141189 0.448463 0.160059 0.457491 0.171534 0.469306 0.180616 0.474737 0.192772 0.483806 0.199617 0.489249 0.197663 0.501147 0.191804 0.505753 0.180679 0.508565 0.167140 0.504075 0.148053 0.485906 0.138202 0.479567
0 0.144509 0.399987 0.156664 0.409055 0.165088 0.418148 0.168992 0.425437 0.170617 0.430913 0.164077 0.438266 0.153719 0.441987 0.140268 0.441154 0.129606 0.432078 0.127039 0.418379 0.135709 0.406440 0.143082 0.402739
0 0.065385 0.398640 0.067339 0.386742 0.072363 0.378485 0.096765 0.369193 0.111620 0.366359 0.125772 0.365360 0.136370 0.371695 0.148722 0.388990 0.146066 0.402721 0.143893 0.405477 0.135905 0.414668 0.125548 0.418388 0.116596 0.418443 0.098668 0.417637 0.082146 0.413166 0.065581 0.406866
0 0.181079 0.275425 0.172148 0.276393 0.174211 0.269067 0.190383 0.258912 0.206600 0.250586 0.210308 0.249649 0.206007 0.256989 0.193652 0.270778
0 0.186537 0.316535 0.171944 0.330338 0.171286 0.333998 0.172228 0.342220 0.176857 0.348593 0.194081 0.351230 0.202925 0.346606 0.208697 0.338341 0.210036 0.331934
0 0.416323 0.471475 0.429246 0.481453 0.434642 0.488734 0.437822 0.496944 0.445523 0.506955 0.451622 0.512402 0.459939 0.516923 0.473411 0.518670 0.489055 0.517661 0.496364 0.511217 0.493182 0.503007 0.483353 0.497582 0.467511 0.490365 0.445658 0.481354 0.433568 0.475029 0.420008 0.469624
0 0.665921 0.425160 0.671275 0.430613 0.681784 0.433291 0.695279 0.435952 0.704672 0.423095 0.704475 0.414868 0.694602 0.407615 0.687076 0.404916 0.671959 0.396780 0.664432 0.394084 0.657279 0.406927 0.657628 0.421552 0.657672 0.423381
0 0.646353 0.386879 0.650720 0.382282 0.658905 0.381318 0.667045 0.378525 0.682626 0.374774 0.685587 0.373842 0.691817 0.384774 0.687494 0.391201 0.679353 0.393993 0.669678 0.394966 0.656930 0.392302
0 0.685679 0.346413 0.716721 0.396508 0.749346 0.419166 0.764618 0.433701 0.789785 0.425321 0.793298 0.416156 0.771841 0.392517 0.741959 0.359785 0.711703 0.342599 0.699722 0.340843 0.684910 0.345504
0 0.569332 0.411119 0.561917 0.412992 0.558032 0.406615 0.563037 0.397442 0.573372 0.392810 0.578726 0.398262 0.575214 0.407426 0.570846 0.412024
0 0.476340 0.422654 0.475309 0.410776 0.467807 0.408994 0.461070 0.408120 0.456681 0.411804 0.456175 0.421863 0.458631 0.430991 0.461703 0.434629 0.470678 0.435489 0.475066 0.431806
0 0.502283 0.353013 0.511433 0.361186 0.520517 0.366617 0.533287 0.370195 0.542941 0.368308 0.548735 0.360960 0.549747 0.340841 0.546566 0.332631 0.535969 0.326296 0.523417 0.331857 0.517578 0.337378 0.496974 0.349389
0 0.623825 0.318446 0.633852 0.332100 0.638415 0.335729 0.643791 0.342097 0.639489 0.349436 0.629856 0.352237 0.617920 0.352310 0.613355 0.348681 0.612348 0.337716 0.615071 0.326729 0.617199 0.322144
0 0.607963 0.310316 0.603905 0.296626 0.608909 0.287453 0.621988 0.272745 0.623458 0.271822 0.634824 0.279067 0.636490 0.286370 0.638244 0.297331 0.636949 0.305567 0.625932 0.312949 0.619241 0.313904
0 0.541674 0.315290 0.565351 0.306916 0.588151 0.293065 0.594494 0.277484 0.581461 0.262935 0.572400 0.258419 0.562680 0.257563 0.546464 0.265890 0.535513 0.276015 0.531409 0.291582 0.534676 0.303447 0.537901 0.313484
0 0.634809 0.215983 0.641018 0.226003 0.644857 0.230551 0.638362 0.239731 0.630242 0.243439 0.626534 0.244376 0.625526 0.233411 0.630507 0.223323
0 0.659054 0.231378 0.669651 0.237714 0.675069 0.245910 0.678250 0.254118 0.675506 0.264192 0.667453 0.270640 0.657030 0.271618 0.652489 0.268902 0.647641 0.253390 0.645712 0.235116 0.647116 0.231451 0.656881 0.234134
0 0.687126 0.157152 0.704682 0.142419 0.726866 0.134055 0.760176 0.122880 0.772772 0.119147 0.785236 0.109930 0.794210 0.110789 0.794581 0.126330 0.794778 0.134555 0.789861 0.147386 0.769936 0.156649 0.748585 0.168664 0.724316 0.183440 0.714856 0.193555 0.710512 0.199067 0.700682 0.193642 0.691293 0.175413 0.687937 0.159892
0 0.689502 0.287877 0.707648 0.297824 0.725837 0.309599 0.735754 0.318681 0.745714 0.329592 0.746548 0.333243 0.735576 0.342453 0.728905 0.344322 0.717649 0.341648 0.705428 0.329837 0.688819 0.321708 0.681141 0.312613 0.674931 0.302594 0.676118 0.289787
0 0.679476 0.274225 0.689502 0.287877 0.703150 0.296937 0.720418 0.301403 0.736064 0.300394 0.742690 0.296696 0.736613 0.292162 0.728319 0.288554 0.726521 0.275767 0.724174 0.271209 0.717306 0.264852 0.690296 0.258616 0.685798 0.257730 0.680773 0.265988 0.678796 0.276971
0 0.777783 0.235227 0.789323 0.249785 0.812428 0.248731 0.822698 0.241355 0.823160 0.229467 0.814649 0.216718 0.796568 0.209515 0.786102 0.208664 0.778904 0.219678 0.777696 0.231571
0 0.859833 0.171645 0.870405 0.208151 0.875954 0.221830 0.884973 0.224520 0.896120 0.222624 0.903160 0.214352 0.903007 0.207953 0.899569 0.179632 0.899263 0.166834 0.896851 0.159535 0.889281 0.155008 0.873745 0.160590 0.864901 0.165214 0.863454 0.167052
0 0.881406 0.325109 0.879277 0.329693 0.878968 0.347980 0.885924 0.357996 0.900251 0.364308 0.905429 0.362448 0.906283 0.345072 0.906065 0.335930
0 0.195282 0.401507 0.200702 0.409703 0.211278 0.415124 0.218035 0.416911 0.224048 0.418703 0.225737 0.426922 0.218406 0.432451 0.208092 0.437999 0.196858 0.436240 0.187710 0.428067 0.184398 0.414373 0.189424 0.406113
0 0.216787 0.395891 0.218650 0.411423 0.219571 0.418730 0.222729 0.426026 0.231045 0.430546 0.240810 0.433230 0.252023 0.434076 0.258627 0.429465 0.264247 0.414802 0.262709 0.412983 0.245595 0.414915 0.228436 0.415019 0.219068 0.397706
0 0.225891 0.214813 0.236467 0.220234 0.251410 0.221057 0.260188 0.213690 0.264445 0.204521 0.264423 0.203607 0.268219 0.206327 0.272254 0.219101 0.269402 0.224604 0.270235 0.228258 0.276292 0.231877 0.277958 0.239180 0.265515 0.249314 0.259459 0.245693 0.249609 0.239352 0.238418 0.239421 0.235390 0.237610 0.227733 0.229430
0 0.316421 0.256317 0.338758 0.254353 0.361799 0.250557 0.365463 0.247792 0.374634 0.256877 0.373953 0.259626 0.367413 0.266979 0.359426 0.276171 0.348344 0.280809 0.335661 0.280886 0.324362 0.276384 0.317407 0.266369
0 0.076111 0.035615 0.096124 0.030007 0.112340 0.021680 0.127766 0.011529 0.134241 0.001433 0.127988 0.000000 0.120397 0.000000 0.106222 0.000000 0.086977 0.000000 0.079540 0.000000 0.078881 0.000000 0.076289 0.011842
1 0.548650 0.667109 0.679441 0.625949 0.670659 0.717947 0.636050 0.724884
1 0.220144 0.246384 0.472939 0.524046 0.436283 0.560149 0.167826 0.278099
1 0.549488 0.165894 0.690496 0.207645 0.575501 0.488662 0.515623 0.510331 0.453194 0.463616
0 0.391875 0.190727 0.407401 0.178166 0.417474 0.173950 0.426449 0.171127 0.439213 0.184899 0.440574 0.194586 0.438513 0.202910 0.429570 0.207119 0.418268 0.207188 0.410355 0.207236 0.400051 0.201758
