0 0.171579 0.349540 0.171846 0.354478 0.174626 0.357908 0.178529 0.358110 0.179338 0.372959 0.174129 0.372683 0.172916 0.374265 0.173273 0.380870 0.139518 0.379057 0.138234 0.354388 0.142112 0.354588 0.143320 0.353012 0.143062 0.348086
0 0.514054 0.475827 0.514436 0.480984 0.517466 0.484592 0.518855 0.484677 0.521889 0.488287 0.523278 0.488372 0.527837 0.493798 0.529228 0.493883 0.530749 0.495694 0.536319 0.496038 0.537492 0.511580 0.533310 0.511316 0.530782 0.514595 0.529389 0.514507 0.528126 0.516147 0.526733 0.516058 0.524206 0.519337 0.522814 0.519248 0.519025 0.524164 0.519410 0.529352 0.501344 0.528182 0.500965 0.523003 0.496428 0.517563 0.495042 0.517475 0.489004 0.510233 0.483472 0.509883 0.481859 0.487545 0.487383 0.487884 0.493667 0.479724 0.493291 0.474577
0 0.218605 0.538438 0.218890 0.543507 0.221729 0.547067 0.225706 0.547337 0.227338 0.576144 0.222026 0.575770 0.220795 0.577374 0.221177 0.584162 0.190720 0.581994 0.190443 0.576916 0.181980 0.566216 0.181889 0.564527 0.179073 0.560966 0.175125 0.560692 0.174583 0.550577 0.178528 0.550847 0.183428 0.544464 0.184745 0.544554 0.187196 0.541363 0.186921 0.536309
0 0.629085 0.643016 0.629511 0.648320 0.632649 0.652071 0.634076 0.652177 0.640364 0.659688 0.644655 0.660010 0.646527 0.683090 0.640798 0.682649 0.638222 0.685982 0.638652 0.691315 0.607236 0.688875 0.606817 0.683557 0.602130 0.677913 0.596444 0.677477 0.594647 0.654504 0.600325 0.654929 0.601606 0.653269 0.601467 0.651504 0.605310 0.646526 0.604893 0.641234
0 0.034172 0.565862 0.034927 0.582561 0.029785 0.582190 0.027366 0.585346 0.026082 0.585253 0.023662 0.588408 0.022379 0.588314 0.021170 0.589892 0.019887 0.589799 0.017468 0.592952 0.016185 0.592858 0.014977 0.594436 0.013695 0.594342 0.012486 0.595919 0.012779 0.602604 0.000000 0.601370 0.000000 0.573034 0.000000 0.573308 0.000000 0.571736 0.001233 0.571827 0.002438 0.570253 0.002151 0.563597
0 0.238171 0.580292 0.238463 0.585393 0.239893 0.587189 0.243890 0.587474 0.245757 0.619874 0.240416 0.619478 0.239178 0.621087 0.237844 0.620988 0.236608 0.622597 0.235274 0.622498 0.234037 0.624106 0.231372 0.623907 0.230135 0.625514 0.227470 0.625315 0.226234 0.626923 0.226523 0.632046 0.217204 0.631344 0.216918 0.626226 0.215494 0.624420 0.214164 0.624321 0.211317 0.620715 0.209990 0.620616 0.208567 0.618813 0.207240 0.618715 0.204399 0.615114 0.199096 0.614721 0.197420 0.584160 0.204036 0.584632 0.205266 0.583030 0.204984 0.577945
0 0.805638 0.592052 0.808728 0.625982 0.779460 0.623899 0.778982 0.618546 0.775746 0.614774 0.775587 0.612991 0.773971 0.611108 0.768143 0.610699 0.767038 0.598244 0.771404 0.598546 0.772702 0.596868 0.772068 0.589757
0 0.197501 0.706532 0.199283 0.739250 0.179306 0.737555 0.177566 0.704897
0 0.508300 0.795494 0.510239 0.822244 0.483479 0.819845 0.481587 0.793160
0 0.348027 0.540334 0.348355 0.545457 0.349818 0.547258 0.353883 0.547531 0.354653 0.559507 0.349231 0.559137 0.347986 0.560756 0.348095 0.562468 0.345604 0.565705 0.345713 0.567418 0.341976 0.572274 0.342412 0.579129 0.308639 0.576765 0.307169 0.552872 0.312551 0.553237 0.313792 0.551624 0.313686 0.549920 0.318649 0.543465 0.318331 0.538355
0 0.462972 0.472751 0.464800 0.498446 0.444183 0.497160 0.442389 0.471512
0 0.123897 0.605793 0.124749 0.622696 0.102542 0.621027 0.100101 0.624208 0.100349 0.629276 0.079526 0.627696 0.078321 0.602435
0 0.768851 0.505159 0.770740 0.526303 0.763493 0.525845 0.760910 0.529188 0.759461 0.529097 0.756878 0.532439 0.757346 0.537731 0.747218 0.537081 0.746753 0.531794 0.743555 0.528088 0.737782 0.527722 0.735633 0.503121
0 0.141671 0.749754 0.142988 0.775581 0.123162 0.773828 0.121877 0.748048
0 0.251202 0.621980 0.252193 0.639095 0.246841 0.638689 0.245602 0.640301 0.245996 0.647154 0.223296 0.645417 0.222815 0.636869 0.219961 0.633252 0.215970 0.632951 0.215874 0.631244 0.219865 0.631544 0.222336 0.628331 0.224999 0.628531 0.226234 0.626923 0.227567 0.627023 0.228802 0.625415 0.228512 0.620295
0 0.581005 0.569741 0.582501 0.588969 0.561374 0.587503 0.559905 0.568310
0 0.039654 0.802236 0.040810 0.827999 0.021271 0.826165 0.020596 0.810726 0.024495 0.811086 0.026945 0.807898 0.026642 0.801044
0 0.870352 0.689517 0.872920 0.716723 0.853590 0.715210 0.852070 0.698904 0.858004 0.699360 0.860635 0.695966 0.859956 0.688726
0 0.488917 0.681430 0.490052 0.697240 0.485861 0.696908 0.484590 0.698556 0.483194 0.698445 0.480652 0.701739 0.481028 0.707014 0.468476 0.706009 0.468104 0.700740 0.462044 0.693279 0.457873 0.692950 0.457628 0.689444 0.461798 0.689773 0.464333 0.686485 0.463840 0.679478
0 0.885537 0.850395 0.888154 0.878124 0.880632 0.877436 0.878029 0.849725
0 0.173899 0.562289 0.175256 0.587634 0.155526 0.586219 0.154202 0.560919
0 0.119347 0.618921 0.120279 0.637537 0.115046 0.637137 0.113823 0.638730 0.114075 0.643812 0.095793 0.642402 0.094561 0.617065
0 0.679056 0.458052 0.680668 0.477189 0.659324 0.475920 0.657740 0.456818
0 0.027187 0.638790 0.028387 0.665734 0.024517 0.665426 0.020873 0.670175 0.020947 0.671862 0.014873 0.679779 0.013585 0.679675 0.012371 0.681258 0.011083 0.681153 0.008655 0.684319 0.008874 0.689383 0.000000 0.688015 0.000000 0.635914
0 0.606449 0.378526 0.606862 0.383664 0.609939 0.387238 0.611342 0.387311 0.612882 0.389098 0.617093 0.389319 0.618342 0.404774 0.580517 0.402742 0.579442 0.389048 0.583628 0.389268 0.586151 0.385994 0.586016 0.384283 0.587278 0.382646 0.586872 0.377517
0 0.357540 0.520572 0.358753 0.539348 0.343861 0.538357 0.342665 0.519607
0 0.045683 0.593349 0.047142 0.625238 0.041978 0.624846 0.037122 0.631177 0.035832 0.631078 0.032191 0.635824 0.028325 0.635527 0.027112 0.637108 0.025823 0.637009 0.024611 0.638591 0.024835 0.643635 0.000000 0.640941 0.000000 0.615832 0.000000 0.615929 0.000000 0.614353 0.000000 0.614449 0.000000 0.612874 0.000000 0.612970 0.000000 0.611395 0.000000 0.611491 0.002673 0.605187 0.003953 0.605283 0.006371 0.602129 0.007652 0.602224 0.008861 0.600648 0.010142 0.600743 0.011350 0.599166 0.012632 0.599260 0.015050 0.596107 0.014830 0.591094
0 0.716017 0.691991 0.717697 0.711698 0.690173 0.709528 0.688530 0.689868
0 0.163941 0.772276 0.164934 0.791291 0.150322 0.789981 0.149346 0.770991
0 0.462044 0.693279 0.463892 0.719624 0.443031 0.717929 0.441218 0.691634
0 0.786405 0.380882 0.788783 0.406988 0.777230 0.406374 0.776601 0.399411 0.773404 0.395782 0.773247 0.394043 0.771649 0.392230 0.771493 0.390492 0.769897 0.388681 0.765580 0.388458 0.764801 0.379781
1 0.840572 0.813621 0.843073 0.824748 0.836466 0.833267 0.809385 0.843603 0.766667 0.841606 0.732093 0.829484 0.690127 0.795227 0.674699 0.765283 0.668858 0.729161 0.677732 0.697899 0.691963 0.679494 0.703522 0.680377 0.786131 0.747603 0.820075 0.782867
1 0.388803 0.771052 0.390072 0.790420 0.379945 0.803547 0.314078 0.797683 0.336992 0.750933 0.347270 0.741373 0.373660 0.748814
1 0.546672 0.726350 0.547204 0.733443 0.532857 0.748128 0.489384 0.765621 0.440257 0.757939 0.393728 0.720882 0.402910 0.714670
1 0.597208 0.651187 0.598039 0.661780 0.574238 0.700384 0.545875 0.715724 0.515540 0.722064 0.481655 0.715814 0.461391 0.703696 0.463312 0.691636
1 0.860378 0.661849 0.863048 0.674598 0.855843 0.692006 0.834635 0.701152 0.818224 0.698091 0.835379 0.645714 0.845545 0.644665
1 0.837710 0.560564 0.859151 0.570839 0.865411 0.637164 0.788048 0.638719 0.762045 0.590837 0.711860 0.559317 0.698235 0.567171 0.688979 0.542073 0.700688 0.528860 0.727692 0.527082
0 0.791370 0.562815 0.791194 0.576923 0.779056 0.570816 0.779717 0.562045
0 0.703904 0.466425 0.699823 0.485275 0.686520 0.479272 0.688341 0.467247
0 0.636640 0.388633 0.636359 0.402315 0.625373 0.405151 0.622851 0.391330
0 0.584168 0.396116 0.583850 0.409749 0.561131 0.403405 0.561861 0.394931
0 0.462192 0.616872 0.465824 0.629255 0.452214 0.631715 0.451607 0.623019
0 0.091036 0.465209 0.094104 0.475317 0.089183 0.479972 0.078789 0.477666 0.074450 0.467489 0.075499 0.462604
0 0.118889 0.404220 0.121977 0.414266 0.117057 0.418926 0.104944 0.408367 0.105905 0.401850
