1 0.695139 0.536692 0.694323 0.541607 0.697278 0.545062 0.702527 0.545328 0.704006 0.547054 0.709254 0.547320 0.710732 0.549047 0.715982 0.549313 0.717459 0.551040 0.719209 0.551129 0.720687 0.552856 0.727686 0.553211 0.729164 0.554938 0.734412 0.555204 0.735891 0.556930 0.737641 0.557019 0.739118 0.558746 0.744367 0.559012 0.745845 0.560740 0.752844 0.561094 0.754322 0.562821 0.757822 0.562998 0.759299 0.564726 0.762798 0.564903 0.764276 0.566629 0.769525 0.566895 0.771004 0.568622 0.776252 0.568888 0.777730 0.570615 0.781229 0.570793 0.782707 0.572520 0.786207 0.572697 0.787685 0.574424 0.792934 0.574690 0.794412 0.576416 0.803160 0.576860 0.804638 0.578587 0.811636 0.578942 0.813115 0.580668 0.816614 0.580846 0.818093 0.582573 0.823341 0.582839 0.824819 0.584567 0.830068 0.584833 0.831545 0.586559 0.835046 0.586736 0.836523 0.588463 0.840023 0.588640 0.841501 0.590368 0.844999 0.590545 0.846478 0.592272 0.848227 0.592361 0.849705 0.594088 0.853205 0.594265 0.854682 0.595991 0.856432 0.596080 0.857911 0.597808 0.855888 0.599358 0.855616 0.600996 0.806624 0.598513 0.804603 0.600064 0.790605 0.599354 0.789126 0.597627 0.787377 0.597538 0.785355 0.599088 0.783606 0.599000 0.782128 0.597272 0.771629 0.596740 0.769608 0.598290 0.713617 0.595454 0.712138 0.593726 0.664896 0.591332 0.663418 0.589606 0.661668 0.589517 0.658712 0.586062 0.658984 0.584424 0.657507 0.582698 0.657779 0.581059 0.656300 0.579331 0.656572 0.577694 0.655095 0.575967 0.655639 0.572689 0.654162 0.570963 0.654434 0.569324 0.652955 0.567598 0.654315 0.559406 0.652838 0.557679 0.653382 0.554402 0.651903 0.552675 0.652447 0.549399 0.650970 0.547672 0.651242 0.546033 0.649764 0.544306 0.650035 0.542668 0.648557 0.540941 0.649645 0.534387
0 0.167997 0.470333 0.163646 0.496546 0.158397 0.496280 0.150309 0.502479 0.149493 0.507395 0.126747 0.506242 0.127563 0.501326 0.124608 0.497872 0.121108 0.497695 0.119630 0.495969 0.117881 0.495880 0.109014 0.485517 0.103765 0.485251 0.106757 0.467230
0 0.334226 0.234240 0.329059 0.265368 0.322060 0.265014 0.320039 0.266564 0.319223 0.271479 0.284228 0.269706 0.285044 0.264791 0.283566 0.263063 0.283838 0.261425 0.277927 0.254517 0.278199 0.252880 0.276722 0.251152 0.274971 0.251063 0.273493 0.249337 0.271744 0.249248 0.273765 0.247698 0.274853 0.241145 0.278897 0.238045 0.279985 0.231492
1 0.454056 0.458392 0.453240 0.463307 0.454717 0.465034 0.458216 0.465212 0.459695 0.466938 0.463194 0.467115 0.464672 0.468843 0.469921 0.469109 0.471399 0.470835 0.474898 0.471013 0.476375 0.472740 0.478125 0.472829 0.479604 0.474556 0.486603 0.474911 0.488080 0.476638 0.493330 0.476903 0.494807 0.478631 0.496557 0.478720 0.498034 0.480446 0.499784 0.480535 0.501262 0.482262 0.506511 0.482528 0.507989 0.484255 0.518487 0.484787 0.519966 0.486513 0.525214 0.486779 0.526693 0.488507 0.530192 0.488684 0.531669 0.490410 0.536919 0.490676 0.538396 0.492404 0.545395 0.492759 0.546872 0.494486 0.550372 0.494663 0.551850 0.496390 0.553601 0.496479 0.549556 0.499578 0.540808 0.499135 0.539331 0.497408 0.537580 0.497319 0.535559 0.498869 0.526810 0.498425 0.525333 0.496699 0.511335 0.495990 0.509857 0.494262 0.502858 0.493908 0.500837 0.495458 0.497336 0.495280 0.493294 0.498379 0.489794 0.498202 0.487772 0.499752 0.475525 0.499131 0.473502 0.500680 0.436757 0.498819 0.434736 0.500369 0.427737 0.500014 0.426259 0.498287 0.422761 0.498109 0.419805 0.494655 0.418055 0.494567 0.412144 0.487660 0.412416 0.486021 0.410937 0.484293 0.411209 0.482655 0.409732 0.480928 0.410004 0.479290 0.408527 0.477564 0.408799 0.475925 0.407320 0.474198 0.402070 0.473932 0.405062 0.455910
0 0.999166 0.565314 0.993999 0.596442 0.987000 0.596087 0.980935 0.600737 0.977435 0.600559 0.975414 0.602109 0.966666 0.601665 0.965188 0.599939 0.961688 0.599761 0.960210 0.598035 0.958461 0.597946 0.954028 0.592765 0.952278 0.592676 0.946366 0.585768 0.941118 0.585502 0.944925 0.562565
0 0.056958 0.544009 0.053695 0.563669 0.048446 0.563403 0.044402 0.566502 0.044130 0.568141 0.042109 0.569690 0.041293 0.574605 0.011548 0.573098 0.012364 0.568183 0.010885 0.566457 0.005637 0.566191 0.009716 0.541615
0 0.113996 0.242907 0.105565 0.293697 0.089817 0.292899 0.090633 0.287983 0.083245 0.279348 0.083517 0.277710 0.080561 0.274256 0.075311 0.273990 0.079391 0.249414 0.084641 0.249680 0.086662 0.248131 0.087749 0.241577
0 1.000000 0.400770 1.000000 0.425344 0.997786 0.424812 0.995765 0.426363 0.994949 0.431277 0.995765 0.426363 0.994286 0.424635 0.989036 0.424369 0.987559 0.422643 0.985810 0.422554 0.982854 0.419100 0.975854 0.418745 0.979118 0.399085
0 0.575351 0.609925 0.572904 0.624670 0.565905 0.624315 0.563883 0.625865 0.562133 0.625777 0.560111 0.627327 0.558362 0.627238 0.554319 0.630337 0.550819 0.630159 0.548798 0.631710 0.545298 0.631532 0.543276 0.633081 0.541526 0.632993 0.537484 0.636093 0.533984 0.635916 0.531962 0.637465 0.528463 0.637288 0.526440 0.638837 0.525353 0.645390 0.493859 0.643795 0.497394 0.622497 0.504393 0.622851 0.506414 0.621301 0.508164 0.621390 0.510185 0.619840 0.511935 0.619929 0.513957 0.618380 0.515707 0.618469 0.517728 0.616918 0.519478 0.617007 0.521500 0.615458 0.523249 0.615546 0.525271 0.613996 0.526359 0.607443
0 0.477940 0.261347 0.467334 0.325243 0.453336 0.324534 0.454152 0.319619 0.448241 0.312711 0.448513 0.311073 0.445557 0.307619 0.446645 0.301064 0.445168 0.299338 0.448703 0.278040 0.450725 0.276490 0.452084 0.268297 0.454105 0.266748 0.455193 0.260195
0 0.433911 0.430938 0.433095 0.435852 0.434572 0.437580 0.436321 0.437668 0.437799 0.439396 0.443048 0.439662 0.444526 0.441388 0.455025 0.441920 0.452033 0.459942 0.445034 0.459588 0.443012 0.461137 0.432514 0.460605 0.431037 0.458879 0.425788 0.458613 0.424310 0.456885 0.410312 0.456176 0.408833 0.454449 0.405334 0.454272 0.403857 0.452545 0.400357 0.452367 0.398879 0.450640 0.395381 0.450463 0.393902 0.448736 0.390403 0.448559 0.388925 0.446831 0.385426 0.446654 0.383948 0.444927 0.380448 0.444750 0.378971 0.443024 0.377221 0.442935 0.372787 0.437753 0.365788 0.437399 0.367420 0.427569
0 0.493498 0.295178 0.483436 0.355796 0.476437 0.355442 0.474415 0.356992 0.467416 0.356637 0.465939 0.354910 0.464190 0.354821 0.462711 0.353095 0.457461 0.352829 0.464260 0.311871 0.469510 0.312137 0.471532 0.310586 0.472076 0.307310 0.474097 0.305759 0.474913 0.300845 0.476934 0.299295 0.477750 0.294380
0 0.032041 0.311448 0.027962 0.336024 0.017463 0.335492 0.015442 0.337041 0.014626 0.341956 0.000627 0.341247 0.001443 0.336332 0.000000 0.334606 0.000000 0.334517 0.002296 0.309941
0 0.985455 0.392798 0.981648 0.415735 0.960651 0.414671 0.959174 0.412943 0.957424 0.412855 0.955945 0.411128 0.948947 0.410773 0.952210 0.391113
0 0.392393 0.223970 0.387498 0.253461 0.378749 0.253017 0.374316 0.247836 0.369066 0.247570 0.373146 0.222995
0 0.654284 0.336367 0.653468 0.341282 0.656424 0.344736 0.661673 0.345002 0.657321 0.371216 0.652073 0.370950 0.648029 0.374049 0.647757 0.375688 0.645735 0.377237 0.645463 0.378876 0.633333 0.388174 0.631583 0.388085 0.627541 0.391184 0.620541 0.390830 0.619063 0.389103 0.617313 0.389015 0.615836 0.387287 0.614087 0.387199 0.611131 0.383745 0.611403 0.382107 0.609925 0.380379 0.610197 0.378740 0.612219 0.377191 0.612763 0.373914 0.614784 0.372364 0.615328 0.369089 0.617350 0.367538 0.617894 0.364262 0.616416 0.362534 0.616960 0.359257 0.615482 0.357531 0.615754 0.355893 0.614276 0.354166 0.614820 0.350889 0.611864 0.347435 0.606615 0.347169 0.608790 0.334062
0 0.131729 0.263631 0.128738 0.281653 0.107741 0.280589 0.110733 0.262567
0 0.551563 0.668197 0.548028 0.689495 0.541029 0.689140 0.534963 0.693789 0.533214 0.693701 0.531192 0.695250 0.529443 0.695161 0.525400 0.698261 0.523650 0.698172 0.519607 0.701273 0.517857 0.701184 0.515834 0.702733 0.514085 0.702644 0.510042 0.705744 0.508292 0.705655 0.506270 0.707205 0.504521 0.707117 0.496433 0.713315 0.494684 0.713227 0.488620 0.717875 0.486869 0.717787 0.484847 0.719336 0.481349 0.719159 0.479327 0.720709 0.477848 0.718981 0.474350 0.718804 0.466960 0.710170 0.461711 0.709904 0.464158 0.695158 0.471157 0.695513 0.473179 0.693963 0.476679 0.694141 0.478701 0.692590 0.480450 0.692679 0.484494 0.689581 0.487993 0.689758 0.490014 0.688208 0.491765 0.688296 0.493787 0.686746 0.495536 0.686835 0.499579 0.683737 0.501328 0.683825 0.503351 0.682275 0.505101 0.682364 0.509144 0.679264 0.510894 0.679353 0.512915 0.677803 0.514665 0.677891 0.516686 0.676342 0.518436 0.676431 0.520457 0.674882 0.523958 0.675059 0.528002 0.671959 0.528817 0.667044
0 0.659195 0.700084 0.656204 0.718105 0.636956 0.717130 0.637772 0.712216 0.636295 0.710488 0.631046 0.710222 0.632950 0.698754
0 0.607370 0.459552 0.603290 0.484128 0.598042 0.483862 0.598858 0.478946 0.597379 0.477219 0.595630 0.477130 0.592675 0.473676 0.585675 0.473321 0.588122 0.458577
0 0.916883 0.508276 0.915251 0.518107 0.908252 0.517752 0.906231 0.519301 0.904481 0.519212 0.902458 0.520763 0.901642 0.525677 0.902458 0.520763 0.900981 0.519035 0.899232 0.518947 0.897753 0.517220 0.898025 0.515582 0.895070 0.512128 0.889821 0.511862 0.890637 0.506947
0 1.000000 0.546363 1.000000 0.561108 0.980735 0.559424 0.979257 0.557696 0.975758 0.557519 0.974281 0.555792 0.972530 0.555703 0.969575 0.552249 0.969847 0.550611 0.968368 0.548885 0.969184 0.543969
0 0.427388 0.225743 0.424940 0.240488 0.417941 0.240133 0.415919 0.241684 0.410670 0.241418 0.409192 0.239690 0.407443 0.239601 0.405965 0.237875 0.404215 0.237786 0.404487 0.236148 0.401532 0.232693 0.401804 0.231056 0.400326 0.229328 0.401141 0.224414
0 0.596779 0.353279 0.593515 0.372939 0.588265 0.372673 0.584222 0.375773 0.582473 0.375684 0.578430 0.378783 0.577614 0.383699 0.578430 0.378783 0.575474 0.375329 0.573725 0.375241 0.569291 0.370059 0.569563 0.368421 0.566607 0.364967 0.561359 0.364701 0.561903 0.361425 0.567151 0.361691 0.569172 0.360140 0.570532 0.351949
0 0.508440 0.375237 0.505721 0.391621 0.496972 0.391177 0.495494 0.389450 0.491995 0.389273 0.486084 0.382366 0.480834 0.382100 0.482194 0.373907
0 0.612994 0.638267 0.610002 0.656289 0.594254 0.655491 0.595070 0.650575 0.593593 0.648848 0.591843 0.648759 0.590365 0.647033 0.585117 0.646767 0.586748 0.636937
0 0.208245 0.227857 0.204438 0.250794 0.195689 0.250351 0.193668 0.251900 0.191918 0.251811 0.189896 0.253361 0.189081 0.258276 0.189896 0.253361 0.188419 0.251634 0.186669 0.251545 0.185191 0.249819 0.183441 0.249730 0.179008 0.244550 0.172010 0.244195 0.175001 0.226173
0 0.592756 0.505071 0.589765 0.523092 0.570518 0.522117 0.571334 0.517203 0.569856 0.515476 0.564606 0.515210 0.566510 0.503741
0 0.681567 0.522788 0.678847 0.539171 0.664849 0.538462 0.663371 0.536734 0.658122 0.536469 0.656645 0.534742 0.649645 0.534387 0.648168 0.532661 0.648440 0.531022 0.645484 0.527568 0.640235 0.527302 0.641323 0.520749
0 0.041544 0.424275 0.037465 0.448849 0.025217 0.448229 0.026033 0.443314 0.018644 0.434680 0.013394 0.434414 0.015298 0.422945
0 0.035448 0.205885 0.032728 0.222268 0.025729 0.221914 0.023707 0.223464 0.021958 0.223375 0.019936 0.224924 0.019120 0.229839 0.015622 0.229662 0.019701 0.205087
0 0.609730 0.657927 0.606739 0.675948 0.580494 0.674618 0.583485 0.656597
0 0.048543 0.424629 0.045552 0.442651 0.038553 0.442296 0.036530 0.443846 0.035715 0.448761 0.023467 0.448140 0.024283 0.443226 0.021327 0.439772 0.021599 0.438134 0.018644 0.434680 0.013394 0.434414 0.015298 0.422945
1 0.891164 0.110463 0.888717 0.125209 0.881717 0.124854 0.859480 0.141900 0.858664 0.146815 0.830668 0.145396 0.833660 0.127375 0.838908 0.127641 0.840929 0.126092 0.842680 0.126180 0.854810 0.116881 0.856559 0.116970 0.858581 0.115420 0.859669 0.108867
0 1.000000 0.651483 1.000000 0.658036 1.000000 0.659764 1.000000 0.659852 1.000000 0.661579 1.000000 0.661668 1.000000 0.663394 1.000000 0.663749 1.000000 0.688324 1.000000 0.687970 1.000000 0.692619 0.999223 0.692531 0.989115 0.700279 0.985616 0.700101 0.983593 0.701651 0.981843 0.701562 0.979822 0.703112 0.979006 0.708028 0.965008 0.707318 0.965824 0.702403 0.964346 0.700675 0.962597 0.700587 0.961118 0.698860 0.959369 0.698772 0.943114 0.679775 0.943386 0.678136 0.941908 0.676409 0.943539 0.666579 0.945561 0.665029 0.945833 0.663392 0.949876 0.660291 0.950148 0.658653 0.951898 0.658742 0.955941 0.655643 0.957029 0.649089
0 0.370494 0.440941 0.368590 0.452410 0.356342 0.451790 0.358246 0.440321
0 0.508440 0.375237 0.505449 0.393260 0.489701 0.392462 0.490789 0.385907 0.486356 0.380727 0.481106 0.380461 0.482194 0.373907
0 0.378395 0.223261 0.375404 0.241283 0.366656 0.240840 0.367472 0.235925 0.365993 0.234198 0.366265 0.232559 0.364787 0.230832 0.366147 0.222640
0 0.605953 0.340527 0.604049 0.351996 0.584803 0.351021 0.586707 0.339552
0 0.660144 0.534919 0.659329 0.539834 0.663761 0.545015 0.665511 0.545104 0.665239 0.546742 0.668195 0.550197 0.669944 0.550286 0.671423 0.552012 0.676672 0.552278 0.674224 0.567024 0.660226 0.566314 0.661042 0.561399 0.658086 0.557945 0.656337 0.557856 0.654859 0.556130 0.653110 0.556041 0.648676 0.550860 0.648948 0.549222 0.644514 0.544040 0.637516 0.543686 0.639148 0.533855
0 0.463470 0.220963 0.461839 0.230793 0.454840 0.230439 0.446753 0.236637 0.445003 0.236549 0.442981 0.238099 0.441894 0.244652 0.419148 0.243500 0.420507 0.235308 0.425756 0.235573 0.427778 0.234023 0.428322 0.230747 0.430343 0.229197 0.430887 0.225921 0.432910 0.224370 0.433725 0.219456
0 0.961380 0.622876 0.958661 0.639259 0.949913 0.638816 0.948434 0.637089 0.925688 0.635937 0.928136 0.621191
0 0.602396 0.562011 0.616352 0.558849 0.611914 0.573133 0.605767 0.572822
1 0.955698 0.611832 0.857033 0.608768 0.854942 0.633813 0.861892 0.672856 0.873277 0.697617 0.901076 0.710633 0.924978 0.697334 0.952652 0.642632 0.962004 0.611185
1 0.597267 0.518223 0.617243 0.590815 0.595958 0.594574 0.550405 0.595166 0.508720 0.591120 0.473592 0.578700 0.471883 0.564103 0.485700 0.549328 0.540742 0.528901 0.582765 0.518456
0 0.498856 0.288541 0.491546 0.287081 0.487462 0.290683 0.487539 0.297215 0.493121 0.298587 0.499908 0.296210
