0 0.272818 0.503667 0.272490 0.508033 0.291217 0.531297 0.291108 0.532753 0.296871 0.539910 0.301521 0.540913 0.298782 0.577295 0.292581 0.575958 0.290921 0.577079 0.290811 0.578534 0.272554 0.590866 0.271003 0.590531 0.269344 0.591652 0.267794 0.591318 0.266134 0.592438 0.261484 0.591436 0.259824 0.592557 0.255172 0.591554 0.253513 0.592675 0.251963 0.592341 0.250303 0.593462 0.248752 0.593127 0.247093 0.594248 0.240892 0.592911 0.239232 0.594032 0.219080 0.589687 0.217639 0.587896 0.211439 0.586559 0.213850 0.554544 0.218500 0.555547 0.221819 0.553304 0.222038 0.550395 0.225358 0.548153 0.225468 0.546697 0.227127 0.545575 0.227237 0.544120 0.228897 0.543000 0.229006 0.541544 0.230666 0.540423 0.230775 0.538968 0.232436 0.537847 0.232545 0.536392 0.234205 0.535270 0.234315 0.533816 0.235974 0.532694 0.236084 0.531239 0.237743 0.530119 0.237853 0.528663 0.239513 0.527542 0.239623 0.526087 0.242942 0.523845 0.243052 0.522390 0.246371 0.520147 0.246481 0.518692 0.249801 0.516450 0.249910 0.514994 0.253230 0.512753 0.253339 0.511298 0.256659 0.509056 0.256768 0.507600 0.260088 0.505359 0.260417 0.500993
0 0.658211 0.657760 0.655800 0.689776 0.651149 0.688773 0.649490 0.689894 0.647939 0.689560 0.644621 0.691803 0.644511 0.693257 0.642851 0.694378 0.641301 0.694044 0.637981 0.696287 0.636431 0.695952 0.631451 0.699315 0.629901 0.698980 0.626582 0.701222 0.625032 0.700888 0.621712 0.703130 0.620162 0.702796 0.618501 0.703916 0.615401 0.703248 0.613741 0.704369 0.607541 0.703032 0.605881 0.704153 0.599680 0.702815 0.598020 0.703937 0.597692 0.708302 0.588390 0.706297 0.588719 0.701931 0.587278 0.700141 0.584178 0.699473 0.582737 0.697684 0.581188 0.697349 0.579747 0.695559 0.575096 0.694557 0.575316 0.691647 0.579966 0.692650 0.604862 0.675834 0.604972 0.674378 0.628210 0.658686 0.628319 0.657230 0.629979 0.656108 0.630307 0.651743
0 0.747161 0.292426 0.746722 0.298247 0.748163 0.300036 0.754363 0.301373 0.751624 0.337755 0.745423 0.336418 0.742103 0.338660 0.740553 0.338326 0.737233 0.340568 0.735683 0.340233 0.734024 0.341354 0.732474 0.341020 0.729154 0.343263 0.727604 0.342928 0.725944 0.344049 0.724393 0.343714 0.722734 0.344835 0.721183 0.344501 0.719524 0.345622 0.717973 0.345288 0.716314 0.346408 0.713214 0.345740 0.711554 0.346861 0.708453 0.346193 0.706793 0.347314 0.680440 0.341631 0.678999 0.339841 0.675899 0.339173 0.674458 0.337383 0.672908 0.337048 0.671468 0.335259 0.669917 0.334925 0.668477 0.333135 0.665377 0.332467 0.663936 0.330677 0.660835 0.330009 0.659394 0.328220 0.656294 0.327551 0.654853 0.325761 0.653304 0.325427 0.651863 0.323637 0.650313 0.323303 0.645991 0.317934 0.644440 0.317600 0.640118 0.312232 0.635468 0.311229 0.636564 0.296675 0.641214 0.297678 0.659472 0.285348 0.661022 0.285682 0.669322 0.280078 0.669650 0.275711
0 0.757264 0.472073 0.756825 0.477894 0.758265 0.479684 0.759816 0.480018 0.762697 0.483597 0.762588 0.485052 0.765469 0.488631 0.767020 0.488966 0.772781 0.496124 0.777432 0.497127 0.774693 0.533508 0.770042 0.532505 0.765063 0.535869 0.764953 0.537324 0.761634 0.539567 0.761524 0.541021 0.759865 0.542143 0.759755 0.543598 0.753115 0.548081 0.751565 0.547747 0.748246 0.549989 0.746696 0.549655 0.745036 0.550776 0.743486 0.550442 0.741826 0.551563 0.737175 0.550560 0.735735 0.548771 0.715582 0.544425 0.713922 0.545546 0.699971 0.542537 0.698310 0.543658 0.690559 0.541987 0.689119 0.540197 0.687569 0.539863 0.686128 0.538074 0.684578 0.537739 0.681697 0.534159 0.680146 0.533825 0.677265 0.530246 0.675714 0.529911 0.671393 0.524543 0.669843 0.524209 0.645352 0.493786 0.640702 0.492783 0.642236 0.472410 0.646886 0.473413 0.650206 0.471171 0.650315 0.469715 0.661934 0.461869 0.663484 0.462203 0.665143 0.461082 0.666694 0.461416 0.668353 0.460295 0.673004 0.461298 0.674665 0.460177 0.677764 0.460845 0.679425 0.459724 0.679753 0.455359
0 0.469760 0.628954 0.469431 0.633320 0.470871 0.635109 0.472421 0.635443 0.473862 0.637233 0.476962 0.637901 0.478403 0.639691 0.481503 0.640360 0.482944 0.642150 0.486044 0.642818 0.487485 0.644607 0.493686 0.645945 0.495127 0.647734 0.498227 0.648402 0.499668 0.650192 0.502767 0.650861 0.504209 0.652650 0.505758 0.652984 0.507199 0.654774 0.510300 0.655443 0.511740 0.657233 0.514841 0.657902 0.516282 0.659691 0.517831 0.660025 0.519272 0.661814 0.522373 0.662483 0.523814 0.664273 0.531564 0.665944 0.529702 0.690684 0.525050 0.689681 0.523391 0.690802 0.521841 0.690468 0.518522 0.692710 0.518412 0.694165 0.516752 0.695286 0.505901 0.692946 0.503019 0.689366 0.501469 0.689032 0.500028 0.687242 0.498478 0.686908 0.497038 0.685119 0.495487 0.684785 0.492606 0.681206 0.491056 0.680871 0.488175 0.677292 0.486624 0.676958 0.485183 0.675168 0.483634 0.674834 0.480752 0.671255 0.477652 0.670587 0.476212 0.668797 0.474661 0.668462 0.473220 0.666672 0.471670 0.666338 0.470229 0.664549 0.468679 0.664215 0.467239 0.662426 0.465689 0.662091 0.464248 0.660301 0.462698 0.659967 0.461258 0.658178 0.459707 0.657844 0.458267 0.656054 0.456716 0.655719 0.455275 0.653929 0.453725 0.653595 0.452285 0.651806 0.450734 0.651472 0.449293 0.649682 0.447744 0.649348 0.446303 0.647558 0.444753 0.647224 0.443312 0.645434 0.441762 0.645100 0.440321 0.643310 0.438771 0.642976 0.437331 0.641187 0.434230 0.640518 0.432789 0.638729 0.431240 0.638394 0.429799 0.636604 0.426698 0.635936 0.425257 0.634146 0.422158 0.633478 0.420717 0.631688 0.419166 0.631354 0.417726 0.629565 0.416176 0.629230 0.414735 0.627441 0.410084 0.626438 0.410851 0.616251
0 0.850682 0.444893 0.847505 0.487096 0.841304 0.485759 0.839644 0.486880 0.839535 0.488334 0.831235 0.493940 0.829686 0.493606 0.824706 0.496969 0.823155 0.496635 0.819835 0.498877 0.818286 0.498542 0.814966 0.500783 0.813416 0.500449 0.810097 0.502691 0.806996 0.502022 0.805336 0.503144 0.796035 0.501138 0.794595 0.499348 0.785294 0.497343 0.783852 0.495553 0.777652 0.494216 0.776211 0.492426 0.774661 0.492092 0.773220 0.490303 0.770119 0.489634 0.762917 0.480687 0.761366 0.480353 0.755604 0.473194 0.754054 0.472859 0.749732 0.467491 0.748182 0.467157 0.740978 0.458208 0.739428 0.457874 0.736547 0.454295 0.731896 0.453292 0.733101 0.437284 0.737752 0.438287 0.739413 0.437166 0.740962 0.437500 0.742622 0.436380 0.744172 0.436714 0.745832 0.435593 0.747382 0.435928 0.749042 0.434806 0.752143 0.435475 0.753802 0.434354 0.755353 0.434689 0.758673 0.432446 0.763323 0.433449 0.764982 0.432328 0.766533 0.432662 0.768193 0.431541 0.768522 0.427176
0 0.528763 0.765906 0.528434 0.770272 0.531317 0.773850 0.532866 0.774184 0.534306 0.775974 0.535857 0.776309 0.538738 0.779888 0.540288 0.780222 0.541729 0.782012 0.543280 0.782346 0.544720 0.784136 0.546271 0.784470 0.547711 0.786259 0.549261 0.786593 0.550702 0.788383 0.552252 0.788718 0.553693 0.790508 0.555243 0.790842 0.556683 0.792631 0.558233 0.792965 0.561114 0.796544 0.562665 0.796879 0.564105 0.798669 0.565656 0.799003 0.567097 0.800792 0.568647 0.801126 0.571528 0.804705 0.574628 0.805374 0.576069 0.807163 0.583820 0.808835 0.582395 0.827754 0.574644 0.826082 0.571325 0.828324 0.570997 0.832691 0.538442 0.825670 0.538770 0.821304 0.534449 0.815936 0.532898 0.815602 0.530017 0.812022 0.528467 0.811687 0.527026 0.809898 0.525476 0.809564 0.522594 0.805985 0.521045 0.805650 0.518163 0.802071 0.516613 0.801737 0.513732 0.798158 0.512182 0.797824 0.509300 0.794245 0.507750 0.793910 0.506310 0.792120 0.504760 0.791786 0.501878 0.788208 0.500328 0.787873 0.496006 0.782504 0.494456 0.782170 0.493015 0.780380 0.486814 0.779043 0.488458 0.757214
0 0.315455 0.376802 0.315126 0.381167 0.318006 0.384747 0.319557 0.385081 0.320998 0.386870 0.322548 0.387205 0.323989 0.388995 0.327088 0.389663 0.328530 0.391452 0.330080 0.391787 0.331520 0.393577 0.333070 0.393911 0.334511 0.395700 0.336061 0.396034 0.337502 0.397823 0.339053 0.398158 0.340493 0.399948 0.342043 0.400282 0.343484 0.402071 0.345034 0.402405 0.346475 0.404195 0.348024 0.404529 0.349465 0.406320 0.351016 0.406654 0.352456 0.408443 0.354007 0.408777 0.355447 0.410567 0.356997 0.410901 0.358438 0.412691 0.359989 0.413025 0.361429 0.414814 0.367630 0.416151 0.366315 0.433615 0.326009 0.424923 0.326338 0.420558 0.324897 0.418769 0.323347 0.418434 0.321907 0.416644 0.320356 0.416310 0.318916 0.414521 0.317365 0.414187 0.314484 0.410607 0.312934 0.410272 0.311493 0.408483 0.308393 0.407815 0.306953 0.406025 0.305402 0.405690 0.303961 0.403901 0.302411 0.403567 0.300970 0.401777 0.299420 0.401443 0.297980 0.399654 0.294879 0.398985 0.293439 0.397196 0.290338 0.396527 0.288898 0.394737 0.285797 0.394069 0.284357 0.392280 0.282807 0.391945 0.281366 0.390155 0.276716 0.389153 0.277592 0.377510 0.282242 0.378513 0.285562 0.376271 0.286000 0.370450
0 0.348254 0.129502 0.347925 0.133869 0.350807 0.137448 0.352356 0.137782 0.355238 0.141360 0.356788 0.141695 0.359670 0.145274 0.361219 0.145608 0.368423 0.154556 0.374624 0.155893 0.372980 0.177723 0.366779 0.176386 0.363460 0.178627 0.361910 0.178293 0.356930 0.181656 0.355380 0.181322 0.353720 0.182443 0.352169 0.182109 0.348850 0.184350 0.345750 0.183682 0.344090 0.184803 0.339440 0.183800 0.337780 0.184922 0.333128 0.183919 0.331469 0.185039 0.331140 0.189405 0.315638 0.186062 0.315967 0.181696 0.314527 0.179907 0.312976 0.179573 0.311535 0.177783 0.300684 0.175443 0.299244 0.173653 0.294593 0.172650 0.293153 0.170861 0.291602 0.170527 0.280077 0.156210 0.278527 0.155876 0.274205 0.150508 0.269555 0.149505 0.270760 0.133496 0.275410 0.134499 0.283709 0.128894 0.285260 0.129228 0.288579 0.126986 0.290129 0.127320 0.293448 0.125079 0.294999 0.125414 0.298319 0.123172 0.298647 0.118805
0 0.886882 0.298892 0.883923 0.338184 0.866872 0.334507 0.867200 0.330142 0.864318 0.326563 0.862768 0.326229 0.861328 0.324439 0.859778 0.324104 0.858337 0.322315 0.856787 0.321981 0.855346 0.320192 0.852246 0.319523 0.850805 0.317733 0.846154 0.316730 0.844714 0.314940 0.836962 0.313269 0.838825 0.288530
0 0.535007 0.536543 0.533473 0.556916 0.522622 0.554576 0.521180 0.552787 0.518080 0.552119 0.515199 0.548540 0.512098 0.547871 0.510657 0.546081 0.507558 0.545412 0.506117 0.543623 0.504566 0.543289 0.503126 0.541499 0.500025 0.540830 0.498585 0.539041 0.497035 0.538706 0.495594 0.536917 0.494044 0.536583 0.491163 0.533004 0.486512 0.532001 0.486951 0.526180
0 0.985112 0.479797 0.984783 0.484163 0.987664 0.487742 0.992315 0.488745 0.990781 0.509118 0.962877 0.503101 0.963316 0.497281 0.960434 0.493701 0.960544 0.492246 0.957663 0.488667 0.957772 0.487211 0.954891 0.483632 0.950241 0.482629 0.951008 0.472442
0 0.645659 0.175888 0.645331 0.180253 0.651093 0.187412 0.652643 0.187747 0.656964 0.193115 0.658515 0.193449 0.662837 0.198818 0.667487 0.199821 0.666282 0.215829 0.661632 0.214826 0.658312 0.217068 0.656762 0.216734 0.655101 0.217855 0.654663 0.223675 0.642262 0.221001 0.642701 0.215181 0.632616 0.202653 0.631066 0.202319 0.629625 0.200529 0.628075 0.200195 0.625193 0.196616 0.623643 0.196282 0.622202 0.194492 0.620652 0.194158 0.616331 0.188790 0.614780 0.188455 0.613340 0.186665 0.611790 0.186331 0.607467 0.180962 0.605917 0.180628 0.604476 0.178838 0.602927 0.178504 0.603146 0.175594 0.604805 0.174473 0.604915 0.173017 0.606575 0.171896 0.606904 0.167531
0 0.735625 0.550226 0.734091 0.570599 0.729441 0.569597 0.719481 0.576322 0.719152 0.580688 0.691249 0.574671 0.691577 0.570305 0.690137 0.568516 0.688586 0.568182 0.687146 0.566392 0.685597 0.566058 0.678393 0.557110 0.673742 0.556107 0.674071 0.551741 0.680272 0.553078 0.681932 0.551958 0.682041 0.550502 0.683702 0.549381 0.685251 0.549715 0.686912 0.548594 0.688461 0.548929 0.690121 0.547807 0.693221 0.548476 0.696542 0.546234 0.696870 0.541868
0 0.967055 0.322096 0.965411 0.343926 0.948358 0.340249 0.948687 0.335883 0.941484 0.326934 0.936834 0.325932 0.937601 0.315745
0 0.622824 0.709286 0.622057 0.719472 0.617406 0.718469 0.610767 0.722954 0.609217 0.722620 0.607557 0.723740 0.606007 0.723406 0.604347 0.724527 0.602797 0.724192 0.597817 0.727556 0.596267 0.727221 0.591288 0.730584 0.589737 0.730250 0.586418 0.732492 0.584867 0.732158 0.583208 0.733279 0.580107 0.732610 0.578448 0.733731 0.573797 0.732728 0.572138 0.733849 0.571809 0.738215 0.570258 0.737880 0.570587 0.733515 0.569146 0.731725 0.564496 0.730722 0.563055 0.728933 0.558405 0.727930 0.556964 0.726141 0.555414 0.725807 0.553973 0.724017 0.552423 0.723682 0.550983 0.721893 0.549432 0.721558 0.547992 0.719769 0.546441 0.719435 0.542120 0.714067 0.540569 0.713732 0.539128 0.711942 0.536028 0.711274 0.534587 0.709484 0.533037 0.709149 0.531597 0.707360 0.528496 0.706692 0.527056 0.704903 0.523955 0.704234 0.519633 0.698865 0.519852 0.695954 0.523172 0.693712 0.523610 0.687891
0 0.640485 0.642107 0.639718 0.652293 0.633517 0.650956 0.631857 0.652077 0.630307 0.651743 0.628648 0.652865 0.628538 0.654319 0.621898 0.658803 0.621789 0.660258 0.620129 0.661380 0.618579 0.661045 0.615260 0.663287 0.615150 0.664743 0.613490 0.665864 0.611940 0.665529 0.608621 0.667771 0.608511 0.669227 0.606851 0.670347 0.605300 0.670013 0.601981 0.672255 0.601871 0.673710 0.598552 0.675953 0.597002 0.675619 0.593682 0.677860 0.593244 0.683681 0.573091 0.679335 0.573420 0.674970 0.570538 0.671390 0.568989 0.671056 0.561786 0.662108 0.560235 0.661774 0.554473 0.654615 0.552923 0.654281 0.551482 0.652492 0.546832 0.651489 0.547599 0.641303 0.553800 0.642640 0.558779 0.639276 0.560328 0.639611 0.561989 0.638490 0.563539 0.638825 0.565199 0.637703 0.566749 0.638037 0.568409 0.636916 0.569958 0.637250 0.571619 0.636130 0.573168 0.636464 0.578148 0.633101 0.578477 0.628735
0 0.706246 0.354590 0.705588 0.363322 0.700938 0.362319 0.699278 0.363440 0.697728 0.363106 0.691088 0.367589 0.690650 0.373410 0.662747 0.367393 0.663842 0.352841 0.668493 0.353844 0.671812 0.351601 0.672141 0.347236
0 0.645938 0.820751 0.644294 0.842580 0.634993 0.840574 0.635322 0.836209 0.633882 0.834419 0.618379 0.831076 0.616938 0.829287 0.613838 0.828618 0.608076 0.821460 0.603425 0.820457 0.604083 0.811726
0 0.218069 0.142839 0.216973 0.157391 0.210772 0.156054 0.209112 0.157176 0.207562 0.156842 0.204242 0.159084 0.202692 0.158749 0.197713 0.162112 0.197384 0.166477 0.183433 0.163469 0.183762 0.159103 0.176558 0.150156 0.179878 0.147913 0.179987 0.146458 0.188286 0.140853 0.188614 0.136487
0 0.461228 0.763174 0.460132 0.777726 0.447730 0.775052 0.444411 0.777294 0.444082 0.781660 0.423929 0.777314 0.425573 0.755485
0 0.939066 0.777480 0.936984 0.805130 0.913731 0.800115 0.914059 0.795750 0.912619 0.793961 0.907968 0.792958 0.909612 0.771128
0 0.556549 0.334141 0.551837 0.396717 0.536335 0.393374 0.536664 0.389009 0.535223 0.387220 0.535333 0.385764 0.528129 0.376817 0.526579 0.376483 0.525139 0.374693 0.523588 0.374358 0.520708 0.370779 0.519157 0.370445 0.516276 0.366866 0.514726 0.366532 0.513285 0.364741 0.513394 0.363287 0.510513 0.359708 0.505863 0.358705 0.506520 0.349973 0.511171 0.350976 0.512831 0.349855 0.513160 0.345489 0.514819 0.344369 0.515148 0.340002 0.516808 0.338882 0.517246 0.333060 0.518906 0.331939 0.519344 0.326118
0 0.767763 0.876600 0.765791 0.902794 0.748739 0.899117 0.747298 0.897328 0.744197 0.896660 0.742756 0.894870 0.741206 0.894535 0.738325 0.890956 0.736775 0.890622 0.733894 0.887043 0.732343 0.886709 0.729462 0.883129 0.724812 0.882127 0.725908 0.867574
0 0.510887 0.271054 0.509682 0.287061 0.484879 0.281713 0.483437 0.279924 0.477237 0.278586 0.475796 0.276797 0.472696 0.276129 0.471255 0.274339 0.468154 0.273670 0.462392 0.266512 0.462830 0.260691
0 0.714521 0.746806 0.712877 0.768635 0.706677 0.767298 0.707005 0.762932 0.705564 0.761142 0.696264 0.759137 0.694604 0.760258 0.694275 0.764623 0.692724 0.764289 0.693053 0.759924 0.691613 0.758134 0.686962 0.757131 0.684081 0.753553 0.677880 0.752215 0.678866 0.739117
0 0.995686 0.695039 0.994590 0.709592 0.989940 0.708589 0.986619 0.710831 0.986291 0.715197 0.967688 0.711186 0.968017 0.706820 0.965137 0.703241 0.965246 0.701786 0.963805 0.699996 0.963915 0.698540 0.961033 0.694962 0.961581 0.687685
0 0.767763 0.876600 0.764695 0.917347 0.756943 0.915676 0.751964 0.919038 0.751526 0.924859 0.723622 0.918842 0.723951 0.914477 0.722511 0.912687 0.722620 0.911232 0.721179 0.909443 0.716529 0.908440 0.716639 0.906985 0.721289 0.907987 0.722949 0.906866 0.726049 0.907534 0.727709 0.906414 0.729259 0.906748 0.730700 0.908537 0.740001 0.910543 0.744980 0.907180 0.745418 0.901359 0.742537 0.897780 0.740987 0.897446 0.741097 0.895991 0.728131 0.879885 0.728240 0.878429 0.729901 0.877308 0.730010 0.875853 0.731669 0.874732 0.732108 0.868911
0 0.485219 0.862997 0.484452 0.873184 0.479801 0.872181 0.478141 0.873302 0.477813 0.877668 0.457659 0.873322 0.457988 0.868956 0.455107 0.865377 0.455217 0.863922 0.453776 0.862132 0.449125 0.861129 0.449564 0.855308
0 0.714521 0.746806 0.712877 0.768635 0.684974 0.762618 0.685302 0.758252 0.682421 0.754673 0.677770 0.753670 0.678866 0.739117
0 0.638346 0.168395 0.638017 0.172761 0.646661 0.183499 0.648212 0.183833 0.651093 0.187412 0.652643 0.187747 0.656964 0.193115 0.658515 0.193449 0.661396 0.197028 0.667597 0.198365 0.666173 0.217284 0.659972 0.215947 0.653333 0.220430 0.651782 0.220096 0.650122 0.221217 0.643922 0.219880 0.642482 0.218090 0.642591 0.216636 0.631066 0.202319 0.629515 0.201985 0.626634 0.198406 0.625083 0.198071 0.622202 0.194492 0.620652 0.194158 0.617771 0.190579 0.616221 0.190245 0.614780 0.188455 0.613231 0.188121 0.607467 0.180962 0.605917 0.180628 0.604476 0.178838 0.602927 0.178504 0.603365 0.172683 0.604915 0.173017 0.606575 0.171896 0.608125 0.172230 0.614765 0.167746 0.615094 0.163381
0 0.230482 0.731163 0.229605 0.742805 0.221854 0.741133 0.220195 0.742255 0.218645 0.741921 0.216985 0.743041 0.210784 0.741704 0.209344 0.739915 0.207793 0.739580 0.206352 0.737790 0.200152 0.736453 0.201029 0.724811
0 0.607886 0.412502 0.612690 0.418467 0.618417 0.429562 0.607444 0.435822 0.601077 0.433216 0.581138 0.419057 0.593312 0.414288
1 1.000000 0.541893 0.962504 0.497598 0.965198 0.758220 1.000000 0.657103
1 1.000000 0.784735 0.954211 0.747223 0.885277 0.965287 1.000000 0.900338
0 0.910091 0.722920 0.835059 0.690719 0.793633 0.805028 0.911488 0.739244 0.913602 0.728608
0 0.182316 0.144350 0.187707 0.140709 0.180331 0.136717 0.160557 0.138856 0.160683 0.148490 0.170635 0.152239 0.181722 0.152227
