0 0.235631 0.504833 0.238488 0.530716 0.244890 0.529587 0.251928 0.534210 0.253529 0.533928 0.258807 0.537396 0.260408 0.537114 0.262166 0.538269 0.263768 0.537987 0.265526 0.539143 0.268728 0.538579 0.270486 0.539734 0.270963 0.544048 0.272564 0.543766 0.272088 0.539452 0.274971 0.536011 0.278172 0.535447 0.279615 0.533727 0.281215 0.533445 0.282657 0.531724 0.284257 0.531442 0.285700 0.529722 0.287300 0.529439 0.288741 0.527720 0.290342 0.527438 0.293226 0.523997 0.294827 0.523715 0.296269 0.521994 0.301070 0.521148 0.299959 0.511083 0.293557 0.512211 0.290038 0.509900 0.288438 0.510182 0.283160 0.506714 0.281559 0.506996 0.274522 0.502374 0.274045 0.498060
0 0.208486 0.791082 0.211343 0.816965 0.217745 0.815836 0.230060 0.823927 0.230219 0.825365 0.231820 0.825082 0.235339 0.827394 0.235815 0.831707 0.255022 0.828321 0.254546 0.824008 0.263197 0.813686 0.267999 0.812840 0.264507 0.781205
0 0.351350 0.666209 0.353890 0.689216 0.358691 0.688369 0.360451 0.689526 0.362052 0.689243 0.365571 0.691554 0.365729 0.692992 0.371007 0.696460 0.371642 0.702212 0.394050 0.698261 0.393415 0.692509 0.396299 0.689069 0.395982 0.686192 0.397424 0.684472 0.397265 0.683035 0.398707 0.681314 0.403508 0.680468 0.402238 0.668964 0.397437 0.669811 0.393918 0.667499 0.393601 0.664623 0.391842 0.663468 0.391366 0.659153
0 0.829919 0.241731 0.830554 0.247483 0.829112 0.249202 0.827511 0.249485 0.824627 0.252925 0.823026 0.253207 0.820144 0.256648 0.815341 0.257495 0.818040 0.281940 0.822842 0.281093 0.824601 0.282249 0.826201 0.281967 0.827961 0.283123 0.829561 0.282841 0.831321 0.283997 0.832922 0.283714 0.834681 0.284870 0.839483 0.284023 0.844761 0.287491 0.846362 0.287209 0.848120 0.288364 0.849722 0.288082 0.851480 0.289237 0.859483 0.287826 0.861243 0.288982 0.861719 0.293297 0.864920 0.292732 0.864444 0.288418 0.865886 0.286697 0.869086 0.286133 0.870529 0.284413 0.873730 0.283849 0.878056 0.278689 0.879656 0.278407 0.883981 0.273246 0.885583 0.272963 0.892791 0.264362 0.899194 0.263233 0.897130 0.244540 0.890728 0.245669 0.885450 0.242201 0.883850 0.242483 0.878572 0.239017 0.877937 0.233265
0 0.828304 0.611436 0.828780 0.615750 0.827339 0.617470 0.822536 0.618316 0.830473 0.690215 0.836875 0.689086 0.840394 0.691398 0.840870 0.695711 0.861678 0.692042 0.861202 0.687729 0.868411 0.679128 0.868252 0.677690 0.874020 0.670809 0.873861 0.669371 0.876745 0.665932 0.876586 0.664493 0.879470 0.661053 0.879311 0.659614 0.883636 0.654454 0.883478 0.653016 0.884920 0.651296 0.884761 0.649859 0.887645 0.646417 0.887486 0.644980 0.890370 0.641540 0.890211 0.640102 0.894537 0.634941 0.894379 0.633503 0.900145 0.626622 0.899986 0.625185 0.905754 0.618304 0.912156 0.617175 0.909934 0.597044
0 0.844549 0.344700 0.845184 0.350452 0.843741 0.352172 0.842141 0.352454 0.840700 0.354174 0.839099 0.354457 0.837656 0.356177 0.832855 0.357024 0.835077 0.377155 0.841480 0.376027 0.846757 0.379494 0.847233 0.383808 0.869642 0.379857 0.869166 0.375543 0.877817 0.365222 0.879418 0.364939 0.885185 0.358059 0.886787 0.357776 0.891112 0.352616 0.895914 0.351769 0.895120 0.344580 0.888718 0.345708 0.886958 0.344552 0.886799 0.343115 0.885040 0.341958 0.884564 0.337645
0 0.749371 0.472893 0.750006 0.478645 0.748565 0.480366 0.742163 0.481494 0.744226 0.500188 0.750628 0.499059 0.754147 0.501370 0.755747 0.501088 0.757507 0.502244 0.759108 0.501962 0.762626 0.504273 0.764227 0.503991 0.769504 0.507458 0.771106 0.507176 0.776384 0.510643 0.777984 0.510361 0.779743 0.511517 0.781344 0.511235 0.783104 0.512391 0.800710 0.509287 0.802151 0.507566 0.806954 0.506719 0.808396 0.504999 0.809996 0.504717 0.812880 0.501277 0.814481 0.500995 0.821690 0.492394 0.823291 0.492111 0.826174 0.488671 0.832576 0.487542 0.830989 0.473163 0.824586 0.474292 0.815790 0.468513 0.814189 0.468795 0.812430 0.467639 0.811795 0.461887
0 0.354566 0.296221 0.355042 0.300535 0.349274 0.307416 0.347674 0.307698 0.341906 0.314579 0.340306 0.314861 0.321561 0.337223 0.321720 0.338661 0.315953 0.345542 0.309550 0.346671 0.312725 0.375430 0.319127 0.374302 0.331443 0.382391 0.333043 0.382109 0.338321 0.385577 0.339922 0.385295 0.343441 0.387606 0.345042 0.387324 0.346800 0.388480 0.348402 0.388197 0.350160 0.389353 0.351760 0.389071 0.355279 0.391382 0.356880 0.391100 0.358639 0.392256 0.360240 0.391974 0.363759 0.394285 0.364235 0.398600 0.375439 0.396624 0.374963 0.392310 0.376405 0.390589 0.376246 0.389152 0.377689 0.387431 0.375784 0.370176 0.377225 0.368456 0.376273 0.359828 0.377715 0.358107 0.376922 0.350918 0.378363 0.349198 0.377569 0.342008 0.379011 0.340288 0.378058 0.331660 0.379501 0.329940 0.379024 0.325626 0.380466 0.323906 0.380148 0.321030 0.381591 0.319310 0.381114 0.314996 0.382556 0.313275 0.382080 0.308962 0.383522 0.307242 0.388324 0.306395 0.387372 0.297767 0.382570 0.298613 0.380810 0.297458 0.380175 0.291706
0 0.451461 0.390550 0.454319 0.416433 0.460721 0.415305 0.464240 0.417616 0.464716 0.421931 0.479122 0.419391 0.478646 0.415076 0.481529 0.411636 0.483130 0.411354 0.490338 0.402754 0.491939 0.402471 0.494823 0.399030 0.494506 0.396154 0.495948 0.394434 0.495789 0.392996 0.494030 0.391841 0.493077 0.383213
0 0.012816 0.555845 0.014880 0.574539 0.019682 0.573692 0.021441 0.574848 0.023042 0.574565 0.024801 0.575721 0.026402 0.575438 0.035198 0.581218 0.035674 0.585532 0.067686 0.579888 0.067051 0.574136 0.069935 0.570696 0.069459 0.566382 0.067699 0.565226 0.067540 0.563788 0.065781 0.562632 0.064181 0.562914 0.058903 0.559447 0.057302 0.559729 0.052024 0.556261 0.050423 0.556544 0.048664 0.555388 0.048029 0.549636
0 0.867566 0.375825 0.869470 0.393080 0.875873 0.391952 0.888188 0.400042 0.888823 0.405794 0.917634 0.400715 0.917158 0.396400 0.920041 0.392960 0.926444 0.391831 0.923587 0.365948
0 0.549509 0.273579 0.554112 0.315279 0.560514 0.314150 0.565793 0.317618 0.567393 0.317336 0.569152 0.318492 0.570753 0.318210 0.572512 0.319365 0.574113 0.319083 0.575873 0.320238 0.579073 0.319674 0.580833 0.320830 0.581309 0.325144 0.580833 0.320830 0.582275 0.319109 0.585475 0.318545 0.586918 0.316825 0.590119 0.316261 0.595886 0.309380 0.597487 0.309098 0.600370 0.305658 0.600211 0.304219 0.603095 0.300780 0.604696 0.300498 0.606139 0.298777 0.605980 0.297339 0.611747 0.290458 0.611589 0.289020 0.615914 0.283859 0.620716 0.283013 0.619129 0.268634 0.614327 0.269481 0.612567 0.268325 0.611932 0.262573
0 0.251834 0.636844 0.252311 0.641157 0.249427 0.644598 0.247827 0.644880 0.243501 0.650041 0.241901 0.650323 0.240459 0.652043 0.238858 0.652325 0.237416 0.654045 0.235816 0.654327 0.232932 0.657768 0.231332 0.658050 0.229889 0.659771 0.228288 0.660053 0.226847 0.661772 0.225247 0.662055 0.223804 0.663775 0.222203 0.664058 0.220762 0.665777 0.219161 0.666060 0.217719 0.667779 0.214518 0.668344 0.213076 0.670064 0.211476 0.670346 0.210034 0.672067 0.202031 0.673478 0.203142 0.683543 0.209544 0.682415 0.211304 0.683570 0.212904 0.683288 0.216423 0.685600 0.218024 0.685318 0.219783 0.686473 0.221383 0.686191 0.224902 0.688503 0.225378 0.692817 0.260592 0.686608 0.260116 0.682294 0.262999 0.678854 0.264600 0.678572 0.279019 0.661370 0.280620 0.661088 0.290712 0.649047 0.295515 0.648200 0.293451 0.629506
0 0.218541 0.290885 0.222192 0.323958 0.244600 0.320007 0.244124 0.315693 0.247008 0.312253 0.248608 0.311971 0.250050 0.310250 0.253251 0.309686 0.256135 0.306245 0.257736 0.305963 0.259178 0.304244 0.263979 0.303397 0.263026 0.294769 0.256625 0.295898 0.253106 0.293586 0.249904 0.294151 0.244627 0.290683 0.244150 0.286370
0 0.763434 0.142040 0.765657 0.162172 0.775260 0.160479 0.777020 0.161634 0.778461 0.159914 0.780062 0.159632 0.782945 0.156192 0.786147 0.155627 0.787589 0.153907 0.790790 0.153342 0.792233 0.151622 0.795433 0.151058 0.796875 0.149338 0.801677 0.148492 0.800249 0.135550
0 0.195258 0.552998 0.197798 0.576005 0.204201 0.574876 0.205961 0.576032 0.207561 0.575750 0.212838 0.579217 0.214439 0.578935 0.217958 0.581246 0.219558 0.580964 0.228355 0.586743 0.228990 0.592494 0.241795 0.590237 0.241319 0.585923 0.242760 0.584203 0.244361 0.583920 0.247245 0.580480 0.248846 0.580198 0.250287 0.578478 0.251888 0.578196 0.259097 0.569596 0.258939 0.568157 0.261822 0.564717 0.266625 0.563870 0.265990 0.558118 0.259586 0.559247 0.257827 0.558091 0.257669 0.556653 0.250631 0.552030 0.249030 0.552313 0.243753 0.548846 0.243277 0.544531
0 0.693218 0.629389 0.695440 0.649520 0.700243 0.648674 0.703760 0.650985 0.705030 0.662489 0.706790 0.663645 0.707266 0.667959 0.710785 0.670270 0.715586 0.669424 0.719912 0.664264 0.719753 0.662825 0.722637 0.659385 0.727439 0.658538 0.725535 0.641283 0.719131 0.642412 0.715614 0.640100 0.715455 0.638661 0.706658 0.632883 0.706023 0.627131
0 0.278859 0.837312 0.281240 0.858882 0.302049 0.855213 0.303490 0.853493 0.305090 0.853211 0.306533 0.851491 0.311334 0.850644 0.309270 0.831950
0 0.802535 0.791893 0.804916 0.813462 0.832126 0.808665 0.831650 0.804352 0.833092 0.802631 0.832933 0.801193 0.835817 0.797753 0.840619 0.796906 0.835817 0.797753 0.832298 0.795442 0.832139 0.794003 0.830380 0.792848 0.829745 0.787096
0 0.160654 0.594282 0.161130 0.598595 0.159688 0.600316 0.154886 0.601162 0.157585 0.625607 0.162387 0.624761 0.164146 0.625917 0.165747 0.625635 0.171024 0.629102 0.172625 0.628820 0.177903 0.632287 0.179504 0.632005 0.181263 0.633161 0.184464 0.632597 0.186223 0.633752 0.197428 0.631777 0.200311 0.628336 0.201911 0.628054 0.206238 0.622894 0.206079 0.621456 0.208963 0.618015 0.210564 0.617733 0.219215 0.607412 0.225617 0.606283 0.224030 0.591903 0.217628 0.593032 0.212349 0.589565 0.211873 0.585251
0 0.293675 0.735015 0.294151 0.739330 0.292709 0.741049 0.287908 0.741896 0.290447 0.764903 0.296850 0.763775 0.310925 0.773021 0.311401 0.777334 0.332208 0.773666 0.331732 0.769352 0.334616 0.765912 0.334457 0.764473 0.335899 0.762754 0.335741 0.761316 0.340067 0.756155 0.339908 0.754717 0.350001 0.742676 0.349842 0.741238 0.351284 0.739518 0.351125 0.738079 0.352567 0.736360 0.357368 0.735513 0.356098 0.724009
0 0.908797 0.438921 0.909591 0.446111 0.908149 0.447831 0.908467 0.450707 0.904141 0.455868 0.902540 0.456150 0.896773 0.463031 0.890371 0.464160 0.891164 0.471349 0.895966 0.470502 0.897725 0.471659 0.899327 0.471376 0.901085 0.472532 0.902686 0.472249 0.904445 0.473405 0.905887 0.471685 0.910689 0.470838 0.912130 0.469119 0.913731 0.468837 0.915173 0.467116 0.916774 0.466834 0.918216 0.465113 0.918058 0.463675 0.919499 0.461955 0.921099 0.461673 0.928309 0.453072 0.929910 0.452790 0.931351 0.451070 0.930558 0.443880 0.928799 0.442725 0.928005 0.435534
0 0.859522 0.775982 0.861109 0.790362 0.869112 0.788951 0.872631 0.791262 0.873107 0.795576 0.881110 0.794165 0.880634 0.789852 0.883517 0.786411 0.883359 0.784973 0.886242 0.781533 0.891044 0.780687 0.889933 0.770621
0 0.978524 0.139301 0.982016 0.170936 0.986817 0.170089 0.988577 0.171246 0.990178 0.170963 0.991937 0.172119 0.992413 0.176432 1.000000 0.174457 0.999331 0.135632
0 0.144780 0.450485 0.146685 0.467741 0.153087 0.466612 0.154847 0.467768 0.156447 0.467486 0.172282 0.477887 0.173882 0.477605 0.175641 0.478760 0.177242 0.478478 0.179002 0.479634 0.180602 0.479352 0.182362 0.480507 0.198367 0.477685 0.200127 0.478842 0.216133 0.476020 0.217574 0.474299 0.223976 0.473170 0.226861 0.469730 0.228461 0.469448 0.229903 0.467728 0.231504 0.467446 0.234388 0.464005 0.235989 0.463723 0.241756 0.456842 0.248158 0.455714 0.246570 0.441334 0.240169 0.442463 0.238409 0.441307 0.235208 0.441871 0.233449 0.440716 0.230247 0.441280 0.228488 0.440124 0.228012 0.435810
0 0.019747 0.677763 0.022763 0.705085 0.027565 0.704238 0.027088 0.699924 0.029972 0.696484 0.031573 0.696201 0.033016 0.694481 0.034616 0.694199 0.036058 0.692479 0.037658 0.692197 0.040542 0.688756 0.045343 0.687910 0.043756 0.673530
0 0.351232 0.443404 0.351708 0.447718 0.345940 0.454599 0.344340 0.454881 0.341456 0.458322 0.341615 0.459760 0.338731 0.463200 0.338890 0.464638 0.334564 0.469798 0.329762 0.470645 0.334683 0.515222 0.350689 0.512400 0.350213 0.508086 0.353097 0.504646 0.352938 0.503207 0.358705 0.496327 0.358547 0.494889 0.364314 0.488008 0.365914 0.487726 0.370240 0.482566 0.371842 0.482284 0.373283 0.480563 0.374884 0.480281 0.380650 0.473401 0.382252 0.473118 0.386578 0.467958 0.388178 0.467676 0.389620 0.465955 0.391220 0.465673 0.392662 0.463953 0.394263 0.463671 0.395704 0.461951 0.397305 0.461668 0.398747 0.459948 0.400348 0.459666 0.401790 0.457946 0.403390 0.457664 0.406274 0.454223 0.407875 0.453941 0.410758 0.450501 0.412359 0.450219 0.415243 0.446778 0.416844 0.446496 0.418285 0.444776 0.419886 0.444494 0.421328 0.442773 0.422928 0.442491 0.424370 0.440771 0.425970 0.440489 0.425653 0.437613 0.427095 0.435893 0.426460 0.430141
0 0.934605 0.569239 0.937938 0.599435 0.942740 0.598589 0.949778 0.603212 0.949937 0.604650 0.951696 0.605806 0.956498 0.604959 0.959381 0.601519 0.959222 0.600081 0.960664 0.598361 0.960347 0.595485 0.961788 0.593765 0.961312 0.589451 0.962754 0.587731 0.967556 0.586884 0.967080 0.582571 0.962278 0.583417 0.960518 0.582261 0.960360 0.580823 0.958601 0.579667 0.958442 0.578230 0.956682 0.577074 0.956524 0.575635 0.954765 0.574480 0.954606 0.573041 0.952847 0.571886 0.952212 0.566134
0 0.868147 0.440224 0.870370 0.460356 0.879973 0.458662 0.881732 0.459819 0.883333 0.459537 0.884776 0.457816 0.889577 0.456969 0.891019 0.455249 0.892619 0.454967 0.895503 0.451526 0.895344 0.450089 0.896787 0.448369 0.895358 0.435427
0 0.648826 0.168111 0.649778 0.176739 0.657782 0.175327 0.659540 0.176483 0.661141 0.176201 0.662900 0.177357 0.664502 0.177075 0.666260 0.178231 0.667861 0.177949 0.669620 0.179104 0.674423 0.178257 0.676182 0.179413 0.682584 0.178284 0.684025 0.176564 0.685626 0.176282 0.688510 0.172842 0.693312 0.171995 0.692994 0.169119 0.688193 0.169966 0.686433 0.168810 0.686274 0.167372 0.684515 0.166217 0.684039 0.161902
0 0.903930 0.158316 0.904406 0.162630 0.901523 0.166071 0.901682 0.167508 0.890146 0.181270 0.885345 0.182116 0.887408 0.200810 0.900213 0.198553 0.899737 0.194238 0.902621 0.190798 0.905822 0.190234 0.908706 0.186793 0.910307 0.186511 0.916073 0.179630 0.917674 0.179348 0.921999 0.174187 0.923600 0.173905 0.929368 0.167025 0.930969 0.166743 0.935294 0.161582 0.940096 0.160735 0.939144 0.152108
0 0.699410 0.153328 0.702267 0.179212 0.708670 0.178083 0.715707 0.182706 0.717307 0.182424 0.720826 0.184735 0.721302 0.189050 0.735708 0.186510 0.735232 0.182196 0.736674 0.180476 0.738274 0.180194 0.739717 0.178473 0.741317 0.178191 0.751409 0.166149 0.757812 0.165020 0.756225 0.150641 0.751423 0.151487 0.749663 0.150332 0.749028 0.144580
0 0.278120 0.239334 0.279867 0.255151 0.302275 0.251200 0.301799 0.246887 0.303240 0.245166 0.302923 0.242291 0.304365 0.240570 0.309166 0.239724 0.308531 0.233972
0 0.936444 0.305043 0.936920 0.309357 0.926828 0.321398 0.925228 0.321680 0.918018 0.330281 0.916418 0.330563 0.914975 0.332283 0.908573 0.333412 0.910954 0.354981 0.947767 0.348490 0.947291 0.344177 0.950176 0.340736 0.951776 0.340454 0.953218 0.338735 0.954818 0.338452 0.960586 0.331571 0.962186 0.331289 0.969396 0.322688 0.970996 0.322406 0.973881 0.318966 0.973722 0.317528 0.976605 0.314087 0.983008 0.312958 0.981262 0.297141
0 0.673270 0.744318 0.673746 0.748632 0.672304 0.750352 0.670703 0.750635 0.669262 0.752355 0.643651 0.756871 0.641892 0.755714 0.627486 0.758254 0.626045 0.759975 0.616442 0.761668 0.618822 0.783237 0.623624 0.782391 0.625384 0.783547 0.626985 0.783264 0.628744 0.784420 0.631945 0.783855 0.633705 0.785011 0.640107 0.783882 0.641866 0.785038 0.645067 0.784474 0.646826 0.785630 0.651628 0.784783 0.653387 0.785939 0.658189 0.785092 0.661708 0.787404 0.662184 0.791718 0.694196 0.786074 0.693720 0.781760 0.696604 0.778319 0.698205 0.778037 0.699646 0.776317 0.701247 0.776035 0.709898 0.765713 0.709739 0.764276 0.712624 0.760835 0.712465 0.759398 0.713906 0.757677 0.713748 0.756239 0.715189 0.754519 0.715030 0.753082 0.720799 0.746200 0.720640 0.744762 0.722081 0.743043 0.721288 0.735852
0 0.507852 0.679662 0.508329 0.683976 0.505444 0.687417 0.502243 0.687981 0.500801 0.689701 0.497600 0.690266 0.496159 0.691985 0.488155 0.693396 0.486713 0.695117 0.478710 0.696528 0.481568 0.722411 0.487970 0.721282 0.489729 0.722438 0.490364 0.728190 0.498367 0.726779 0.497891 0.722465 0.499333 0.720745 0.500934 0.720462 0.503817 0.717023 0.505417 0.716741 0.506860 0.715020 0.508460 0.714738 0.512786 0.709577 0.514387 0.709295 0.515829 0.707575 0.517429 0.707293 0.518871 0.705573 0.520471 0.705291 0.521913 0.703570 0.523514 0.703288 0.526398 0.699848 0.527998 0.699566 0.530882 0.696125 0.532483 0.695843 0.533925 0.694123 0.535525 0.693841 0.536967 0.692120 0.538567 0.691838 0.541452 0.688398 0.543052 0.688116 0.544493 0.686396 0.546095 0.686114 0.547536 0.684393 0.549137 0.684111 0.554904 0.677230 0.559706 0.676384 0.559071 0.670632
0 0.483367 0.502201 0.485113 0.518018 0.509123 0.513785 0.507377 0.497968
0 0.979634 0.326747 0.980111 0.331061 0.977227 0.334502 0.975627 0.334784 0.974184 0.336504 0.972583 0.336786 0.971142 0.338505 0.967941 0.339070 0.966498 0.340791 0.963297 0.341355 0.961856 0.343075 0.949051 0.345332 0.951273 0.365465 0.981684 0.360103 0.981208 0.355789 0.984093 0.352348 0.985693 0.352066 0.988577 0.348626 0.993379 0.347779 0.994820 0.346059 0.996420 0.345777 0.997863 0.344056 1.000000 0.343492 1.000000 0.341772 1.000000 0.341208 1.000000 0.339487 1.000000 0.339205 1.000000 0.337484 1.000000 0.337202 1.000000 0.335483 1.000000 0.334636 1.000000 0.320256
0 0.024298 0.600731 0.026520 0.620863 0.031323 0.620016 0.034841 0.622327 0.035317 0.626641 0.083335 0.618175 0.081589 0.602358 0.076787 0.603204 0.075027 0.602049 0.073427 0.602331 0.071667 0.601175 0.068467 0.601739 0.066707 0.600584 0.063506 0.601148 0.059987 0.598836 0.059511 0.594523
0 0.707771 0.110808 0.711421 0.143880 0.729027 0.140776 0.725377 0.107704
0 0.549931 0.513920 0.551519 0.528300 0.559521 0.526889 0.561281 0.528044 0.562881 0.527762 0.564641 0.528918 0.565117 0.533232 0.569918 0.532385 0.569442 0.528072 0.575210 0.521191 0.574892 0.518315 0.573133 0.517159 0.572340 0.509970
0 0.563953 0.581814 0.565699 0.597631 0.583305 0.594527 0.581559 0.578710
0 0.936444 0.305043 0.937079 0.310795 0.934196 0.314235 0.932595 0.314517 0.923944 0.324838 0.922343 0.325120 0.918018 0.330281 0.916418 0.330563 0.914975 0.332283 0.908573 0.333412 0.910954 0.354981 0.947767 0.348490 0.947291 0.344177 0.950176 0.340736 0.951776 0.340454 0.953218 0.338735 0.954818 0.338452 0.959144 0.333291 0.960745 0.333009 0.969396 0.322688 0.970996 0.322406 0.973881 0.318966 0.973722 0.317528 0.976605 0.314087 0.983008 0.312958 0.982056 0.304331 0.977253 0.305178 0.975494 0.304022 0.974859 0.298270
0 0.979634 0.326747 0.981063 0.339688 0.985865 0.338841 0.989383 0.341153 0.989859 0.345468 0.988418 0.347188 0.982015 0.348317 0.982650 0.354068 0.989053 0.352939 0.988418 0.347188 0.989859 0.345468 0.996262 0.344339 0.997704 0.342619 1.000000 0.341490 1.000000 0.339770 1.000000 0.339205 1.000000 0.337484 1.000000 0.337202 1.000000 0.335483 1.000000 0.334636 1.000000 0.320256
0 0.549931 0.513920 0.551519 0.528300 0.559521 0.526889 0.563040 0.529201 0.563516 0.533514 0.571519 0.532103 0.570884 0.526351 0.575210 0.521191 0.581613 0.520062 0.581454 0.518625 0.576652 0.519471 0.573133 0.517159 0.572340 0.509970
0 0.486489 0.589608 0.487600 0.599673 0.492401 0.598827 0.494161 0.599983 0.494637 0.604296 0.502641 0.602885 0.502165 0.598572 0.503606 0.596851 0.505206 0.596569 0.509532 0.591409 0.508897 0.585657
0 0.559984 0.723245 0.561095 0.733311 0.578702 0.730206 0.577591 0.720141
0 0.158220 0.453979 0.160442 0.474111 0.165244 0.473264 0.170522 0.476732 0.172123 0.476450 0.175641 0.478760 0.177242 0.478478 0.179002 0.479634 0.180602 0.479352 0.182362 0.480507 0.198367 0.477685 0.200127 0.478842 0.216133 0.476020 0.217574 0.474299 0.222376 0.473452 0.223818 0.471733 0.225419 0.471450 0.226861 0.469730 0.228461 0.469448 0.231345 0.466008 0.232945 0.465726 0.234388 0.464005 0.235989 0.463723 0.237430 0.462003 0.242232 0.461157 0.239851 0.439587
0 0.013398 0.620244 0.016414 0.647566 0.024416 0.646155 0.023782 0.640403 0.025224 0.638683 0.026825 0.638400 0.026666 0.636963 0.029550 0.633522 0.029391 0.632084 0.032275 0.628644 0.038676 0.627515 0.037407 0.616011
0 0.905573 0.691758 0.915299 0.686972 0.921219 0.689000 0.922216 0.698036 0.909138 0.703413 0.901990 0.700579
0 0.458624 0.306883 0.478397 0.310561 0.467102 0.321766 0.451797 0.317299
0 0.492271 0.291739 0.503659 0.302014 0.509810 0.295811 0.504231 0.286559 0.491273 0.282702
0 0.740273 0.112903 0.766320 0.101144 0.792800 0.103642 0.790666 0.115276 0.764186 0.112781 0.744624 0.121347 0.737919 0.122529
1 0.448482 0.153088 0.557941 0.205440 0.486950 0.367397 0.450051 0.394374
1 0.291604 0.517502 0.410611 0.511874 0.184959 0.686770 0.187565 0.648438
1 0.583052 0.360690 0.744429 0.336332 0.738221 0.403957 0.692742 0.404811
1 0.512636 0.754895 0.520013 0.873352 0.390883 0.828564
1 0.947385 0.544158 0.837935 0.729273 0.992910 0.739820
