0 0.162500 0.465625 0.162500 0.470313 0.167187 0.475000 0.168750 0.475000 0.170313 0.476562 0.171875 0.476562 0.176563 0.481250 0.178125 0.481250 0.182812 0.485938 0.189062 0.485938 0.189062 0.521875 0.182812 0.521875 0.179688 0.525000 0.178125 0.525000 0.167187 0.535937 0.167187 0.537500 0.164062 0.537500 0.160938 0.540625 0.160938 0.545312 0.151562 0.545312 0.151562 0.540625 0.146875 0.535937 0.146875 0.534375 0.145313 0.532813 0.145313 0.531250 0.140625 0.526563 0.140625 0.525000 0.139063 0.523438 0.139063 0.521875 0.135937 0.518750 0.135937 0.517188 0.132812 0.514062 0.132812 0.512500 0.128125 0.507812 0.128125 0.506250 0.125000 0.503125 0.125000 0.501563 0.121875 0.498437 0.121875 0.496875 0.112500 0.487500 0.112500 0.485938 0.110937 0.484375 0.109375 0.484375 0.109375 0.482812 0.103125 0.476562 0.096875 0.476562 0.096875 0.465625
0 0.064062 0.146875 0.064062 0.181250 0.056250 0.181250 0.054688 0.182812 0.053125 0.182812 0.050000 0.185938 0.048438 0.185938 0.046875 0.187500 0.043750 0.187500 0.042188 0.189062 0.023438 0.189062 0.021875 0.190625 0.021875 0.195312 0.007812 0.195312 0.007812 0.190625 0.006250 0.189062 0.004687 0.189062 0.003125 0.187500 0.000000 0.187500 0.000000 0.146875
0 0.632812 0.184375 0.632812 0.207813 0.601562 0.207813 0.601562 0.203125 0.600000 0.201563 0.598437 0.201563 0.596875 0.200000 0.595313 0.200000 0.593750 0.198437 0.592187 0.198437 0.590625 0.196875 0.584375 0.196875 0.584375 0.184375
0 0.920312 0.678125 0.920312 0.698438 0.914062 0.698438 0.909375 0.703125 0.909375 0.707812 0.885938 0.707812 0.885938 0.703125 0.870313 0.687500 0.865625 0.687500 0.865625 0.678125
0 0.851562 0.234375 0.851562 0.257812 0.843750 0.257812 0.842187 0.259375 0.842187 0.264062 0.803125 0.264062 0.803125 0.234375
0 0.876563 0.740625 0.876563 0.764062 0.848437 0.764062 0.848437 0.759375 0.845313 0.756250 0.840625 0.756250 0.840625 0.740625
0 0.945312 0.296875 0.945312 0.320312 0.939063 0.320312 0.937500 0.321875 0.937500 0.326562 0.896875 0.326562 0.896875 0.296875
0 0.157812 0.684375 0.157812 0.707812 0.129688 0.707812 0.129688 0.703125 0.126562 0.700000 0.121875 0.700000 0.121875 0.684375
0 0.757812 0.234375 0.757812 0.264062 0.732812 0.264062 0.732812 0.259375 0.729688 0.256250 0.728125 0.256250 0.726562 0.254688 0.721875 0.254688 0.721875 0.234375
0 0.982812 0.515625 0.982812 0.532813 0.976562 0.532813 0.975000 0.534375 0.975000 0.535937 0.973437 0.537500 0.971875 0.537500 0.968750 0.540625 0.968750 0.545312 0.934375 0.545312 0.934375 0.539062 0.932813 0.537500 0.931250 0.537500 0.929688 0.535937 0.929688 0.534375 0.926562 0.531250 0.925000 0.531250 0.917188 0.523438 0.917188 0.521875 0.915625 0.520312 0.915625 0.515625
0 0.570312 0.465625 0.570312 0.489063 0.534375 0.489063 0.534375 0.465625
0 0.457813 0.315625 0.457813 0.339062 0.451562 0.339062 0.450000 0.337500 0.446875 0.337500 0.437500 0.328125 0.435937 0.328125 0.435937 0.326562 0.434375 0.325000 0.428125 0.325000 0.428125 0.315625
0 0.139063 0.228125 0.139063 0.284375 0.132812 0.284375 0.131250 0.285938 0.131250 0.287500 0.128125 0.290625 0.128125 0.292187 0.125000 0.295312 0.125000 0.296875 0.121875 0.300000 0.121875 0.301563 0.120313 0.303125 0.120313 0.304688 0.115625 0.309375 0.115625 0.314063 0.107813 0.314063 0.107813 0.309375 0.098437 0.300000 0.098437 0.298438 0.095312 0.295312 0.090625 0.295312 0.090625 0.289062 0.095312 0.289062 0.096875 0.287500 0.096875 0.284375 0.098437 0.282813 0.098437 0.279687 0.100000 0.278125 0.100000 0.275000 0.101562 0.273438 0.101562 0.270313 0.103125 0.268750 0.103125 0.265625 0.104688 0.264062 0.104688 0.260937 0.106250 0.259375 0.106250 0.257812 0.107813 0.256250 0.107813 0.253125 0.109375 0.251563 0.109375 0.250000 0.110937 0.248438 0.110937 0.245312 0.112500 0.243750 0.112500 0.242188 0.114062 0.240625 0.114062 0.239063 0.115625 0.237500 0.115625 0.235937 0.117188 0.234375 0.117188 0.228125
0 0.207813 0.778125 0.207813 0.795312 0.187500 0.795312 0.187500 0.789062 0.184375 0.785937 0.178125 0.785937 0.178125 0.778125
0 0.264062 0.384375 0.264062 0.401562 0.228125 0.401562 0.228125 0.384375
0 0.389062 0.271875 0.389062 0.295312 0.378125 0.295312 0.378125 0.289062 0.376563 0.287500 0.375000 0.287500 0.370312 0.282813 0.368750 0.282813 0.368750 0.281250 0.365625 0.278125 0.359375 0.278125 0.359375 0.271875
0 0.981250 0.590625 0.981250 0.596875 0.984375 0.600000 0.985938 0.600000 0.987500 0.601562 0.987500 0.603125 0.989062 0.604688 0.990625 0.604688 0.996875 0.610938 0.998437 0.610938 0.998437 0.626563 0.985938 0.626563 0.984375 0.625000 0.979688 0.625000 0.978125 0.623437 0.971875 0.623437 0.970313 0.625000 0.965625 0.625000 0.964063 0.626563 0.962500 0.626563 0.959375 0.629687 0.957812 0.629687 0.956250 0.631250 0.954688 0.631250 0.953125 0.632812 0.951562 0.632812 0.950000 0.634375 0.950000 0.639062 0.946875 0.639062 0.946875 0.634375 0.932813 0.620313 0.928125 0.620313 0.928125 0.607812 0.934375 0.607812 0.935937 0.606250 0.935937 0.604688 0.942187 0.598437 0.943750 0.598437 0.945312 0.596875 0.945312 0.590625
0 0.495312 0.178125 0.495312 0.185938 0.489063 0.185938 0.487500 0.187500 0.484375 0.187500 0.482812 0.189062 0.476562 0.189062 0.475000 0.187500 0.462500 0.187500 0.459375 0.190625 0.456250 0.190625 0.454688 0.189062 0.450000 0.189062 0.448437 0.187500 0.445312 0.187500 0.443750 0.185938 0.442188 0.185938 0.440625 0.184375 0.439063 0.184375 0.437500 0.182812 0.437500 0.178125
0 0.445312 0.803125 0.445312 0.826562 0.425000 0.826562 0.425000 0.821875 0.420312 0.817187 0.415625 0.817187 0.415625 0.803125
0 0.981250 0.590625 0.981250 0.596875 0.984375 0.600000 0.985938 0.600000 0.987500 0.601562 0.987500 0.603125 0.989062 0.604688 0.990625 0.604688 0.996875 0.610938 0.998437 0.610938 0.998437 0.626563 0.985938 0.626563 0.984375 0.625000 0.979688 0.625000 0.978125 0.623437 0.971875 0.623437 0.970313 0.625000 0.965625 0.625000 0.964063 0.626563 0.962500 0.626563 0.959375 0.629687 0.957812 0.629687 0.956250 0.631250 0.954688 0.631250 0.951562 0.634375 0.951562 0.639062 0.945312 0.639062 0.945312 0.632812 0.935937 0.623437 0.935937 0.621875 0.932813 0.618750 0.928125 0.618750 0.928125 0.609375 0.932813 0.609375 0.935937 0.606250 0.935937 0.604688 0.942187 0.598437 0.943750 0.598437 0.945312 0.596875 0.945312 0.590625
0 0.445312 0.803125 0.445312 0.817187 0.439063 0.817187 0.437500 0.818750 0.432812 0.818750 0.431250 0.817187 0.421875 0.817187 0.421875 0.803125
1 0.557031 0.186198 0.675521 0.238281 0.615625 0.265625
1 0.916407 0.372395 0.826562 0.360677 0.818750 0.485677
1 0.782293 0.505208 0.717187 0.419270 0.661199 0.447917
1 0.810937 0.611980 0.808333 0.527344 0.739324 0.535156
1 0.813542 0.622395 0.711979 0.506511 0.641668 0.541667
1 0.770574 0.614583 0.620832 0.542969 0.553125 0.585938 0.592187 0.649739 0.770574 0.614583
1 0.620832 0.542969 0.472396 0.472656 0.541406 0.561198 0.547918 0.585938
1 0.542707 0.585938 0.438543 0.579427 0.464582 0.476562 0.534896 0.558594
1 0.537500 0.592448 0.217188 0.562500 0.482812 0.678386
1 0.417707 0.657552 0.149479 0.539062 0.278385 0.718750
1 0.205469 0.627605 0.086979 0.458333 0.033593 0.643230
1 0.442449 0.337239 0.346094 0.270833 0.157292 0.406250
1 0.280990 0.311198 0.128646 0.278645 0.084375 0.453125 0.269271 0.312500
1 0.088282 0.406250 0.001042 0.286458 0.000000 0.247395 0.133854 0.234375 0.109114 0.243489 0.107813 0.263020 0.098699 0.290364 0.098699 0.302083 0.115625 0.307292 0.119532 0.303386
1 0.086979 0.414062 0.063542 0.513020 0.000000 0.432292 0.000000 0.398438
1 0.000000 0.434895 0.062239 0.507812 0.002343 0.488281
0 0.584242 0.241267 0.548588 0.186595 0.521251 0.191944 0.506395 0.213338 0.515904 0.235325 0.547399 0.240078
0 0.354265 0.611487 0.363179 0.609705 0.372687 0.613270 0.373282 0.618023 0.367341 0.620995 0.357831 0.621589 0.352483 0.618023
0 0.275232 0.322086 0.256810 0.344073 0.245517 0.354175 0.238387 0.351798 0.236010 0.346450 0.243141 0.338725 0.263940 0.326245
0 0.180744 0.524727 0.161135 0.535423 0.163511 0.539583 0.176585 0.538987 0.185499 0.534234
