0 0.296027 0.468676 0.293595 0.476191 0.286965 0.481304 0.286356 0.483186 0.284143 0.484893 0.277728 0.484187 0.261145 0.535272 0.265982 0.535783 0.270964 0.546130 0.274186 0.546467 0.275183 0.548536 0.276793 0.548704 0.278785 0.552841 0.280394 0.553009 0.284379 0.561284 0.282540 0.566991 0.288975 0.567655 0.290810 0.561950 0.295245 0.558482 0.298455 0.558816 0.300670 0.557084 0.302274 0.557251 0.306696 0.553792 0.308297 0.553959 0.334719 0.533281 0.339494 0.533789 0.347887 0.507441 0.343124 0.506923 0.336202 0.492563 0.336802 0.490687 0.334825 0.486586 0.333236 0.486410 0.329282 0.478206 0.331084 0.472586
0 0.615872 0.272405 0.614255 0.277740 0.610181 0.280907 0.608684 0.280712 0.594391 0.291824 0.589881 0.291239 0.583885 0.310919 0.589909 0.311690 0.595672 0.323591 0.597176 0.323782 0.601018 0.331718 0.602521 0.331907 0.603482 0.333891 0.604985 0.334080 0.605945 0.336063 0.610452 0.336631 0.611412 0.338614 0.609788 0.343997 0.614292 0.344562 0.615915 0.339181 0.617955 0.337576 0.626946 0.338709 0.628981 0.337108 0.631973 0.337485 0.634006 0.335885 0.635501 0.336074 0.641590 0.331277 0.643083 0.331466 0.655228 0.321897 0.656717 0.322087 0.658736 0.320496 0.659268 0.318714 0.663303 0.315535 0.667758 0.316107 0.670406 0.307218 0.665955 0.306643 0.664047 0.302706 0.664577 0.300929 0.658853 0.289119 0.657368 0.288925 0.655459 0.284988 0.657584 0.277897
0 0.904536 0.529154 0.895679 0.561436 0.900004 0.561909 0.900953 0.563863 0.902395 0.564020 0.903343 0.565975 0.901866 0.571371 0.916262 0.572932 0.918221 0.565746 0.920146 0.564108 0.921582 0.564265 0.925428 0.560992 0.926863 0.561149 0.932623 0.556247 0.934055 0.556405 0.937889 0.553141 0.938374 0.551352 0.940289 0.549722 0.944577 0.550196 0.948927 0.534134
0 0.937989 0.221847 0.936559 0.226985 0.932788 0.230023 0.928564 0.229435 0.922810 0.250055 0.928454 0.250830 0.929386 0.252744 0.942064 0.254482 0.942994 0.256393 0.944401 0.256586 0.945331 0.258498 0.943902 0.263658 0.950934 0.264616 0.952359 0.259459 0.956117 0.256408 0.957521 0.256601 0.966895 0.248987 0.967367 0.247274 0.969239 0.245755 0.968311 0.243849 0.969726 0.238714 0.967871 0.234905 0.968343 0.233194 0.967416 0.231289 0.968830 0.226163
0 0.249738 0.549813 0.230447 0.609145 0.235328 0.609629 0.236330 0.611713 0.234457 0.617482 0.242588 0.618283 0.244456 0.612517 0.251190 0.607240 0.251811 0.605321 0.263006 0.596551 0.263624 0.594636 0.270324 0.589388 0.270940 0.587477 0.275400 0.583984 0.276015 0.582075 0.278243 0.580332 0.278857 0.578425 0.281082 0.576682 0.285913 0.577176 0.286526 0.575270 0.281696 0.574776 0.280700 0.572706 0.281313 0.570801 0.280316 0.568730 0.281543 0.564922 0.280547 0.562852 0.277325 0.562519 0.276329 0.560450 0.271494 0.559949 0.270497 0.557878 0.272342 0.552170
0 0.877350 0.563145 0.866387 0.602901 0.872197 0.603513 0.873149 0.605477 0.871153 0.612731 0.885662 0.614246 0.887647 0.607000 0.899292 0.597070 0.900736 0.597223 0.902673 0.595571 0.904116 0.595724 0.907985 0.592423 0.909425 0.592577 0.911358 0.590927 0.915677 0.591388 0.919595 0.576993 0.913844 0.576371 0.911947 0.572464 0.913418 0.567072
0 0.510375 0.162000 0.504807 0.179716 0.509359 0.180346 0.514160 0.190265 0.515677 0.190473 0.516637 0.192456 0.514969 0.197784 0.518002 0.198199 0.519668 0.192873 0.536193 0.180367 0.540719 0.180995 0.545120 0.166863
0 0.876057 0.481695 0.868121 0.510281 0.872456 0.510773 0.876250 0.518590 0.874761 0.523965 0.881983 0.524777 0.883467 0.519404 0.887339 0.516151 0.890220 0.516477 0.892153 0.514853 0.893593 0.515016 0.897455 0.511769 0.897947 0.509982 0.899875 0.508360 0.901348 0.503009 0.900403 0.501061 0.900894 0.499278 0.897111 0.491489 0.899075 0.484367
0 0.763171 0.778281 0.755292 0.806423 0.783692 0.808874 0.791491 0.780798
0 0.533226 0.687626 0.522433 0.723635 0.530205 0.724348 0.531191 0.726391 0.529486 0.732093 0.538804 0.732941 0.540503 0.727243 0.544735 0.723733 0.547833 0.724017 0.556277 0.717010 0.560913 0.717439 0.568763 0.690999
0 0.903551 0.685216 0.896109 0.712660 0.901921 0.713217 0.902876 0.715189 0.904329 0.715328 0.906241 0.719271 0.909143 0.719547 0.910099 0.721518 0.915898 0.722069 0.916854 0.724040 0.915372 0.729540 0.916854 0.724040 0.918796 0.722345 0.923139 0.722758 0.925078 0.721065 0.933750 0.721891 0.940113 0.698155 0.934347 0.697593 0.933394 0.695629 0.935351 0.688341
0 0.208889 0.577227 0.206373 0.584907 0.204110 0.586663 0.197573 0.586004 0.186814 0.618776 0.193374 0.619418 0.199410 0.631973 0.197512 0.637776 0.210613 0.639039 0.212502 0.633242 0.217029 0.629697 0.218662 0.629856 0.220922 0.628085 0.222553 0.628244 0.231578 0.621173 0.238089 0.621812 0.241207 0.612195 0.236330 0.611713 0.229316 0.597130 0.229940 0.595211 0.228938 0.593129 0.229563 0.591210 0.228562 0.589127 0.229187 0.587209 0.228184 0.585128 0.230058 0.579378
0 0.647038 0.432600 0.638964 0.459805 0.658475 0.462061 0.660081 0.456619 0.664144 0.453342 0.670125 0.454039 0.675451 0.435955
0 0.560835 0.242899 0.555892 0.258936 0.560422 0.259534 0.565222 0.269451 0.564673 0.271237 0.573317 0.289091 0.571674 0.294458 0.591256 0.296988 0.593431 0.289844 0.599565 0.285078 0.601065 0.285273 0.605147 0.282100 0.605688 0.280319 0.609764 0.277151 0.611261 0.277348 0.611801 0.275568 0.630081 0.261363 0.634551 0.261956 0.637224 0.253102
0 0.629408 0.222632 0.622444 0.245601 0.628406 0.246400 0.629361 0.248369 0.630850 0.248568 0.631804 0.250536 0.637758 0.251333 0.643817 0.246627 0.644350 0.244861 0.648384 0.241729 0.652834 0.242328 0.657605 0.226470
0 0.520631 0.772417 0.512041 0.801169 0.518295 0.801700 0.522255 0.809914 0.519965 0.817604 0.541814 0.819431 0.543519 0.813672 0.556246 0.802964 0.560902 0.803360 0.568786 0.776631
0 0.982898 0.392577 0.973890 0.425799 0.986580 0.427349 0.988471 0.420347 0.992228 0.417197 0.993634 0.417370 0.995512 0.415795 0.995983 0.414048 1.000000 0.409332 1.000000 0.409853 1.000000 0.395915
0 0.956989 0.274365 0.947947 0.307152 0.974665 0.310690 0.983615 0.277973
0 0.717541 0.381531 0.711787 0.401208 0.716223 0.401747 0.718133 0.405688 0.719611 0.405867 0.720565 0.407836 0.722043 0.408015 0.723953 0.411955 0.725429 0.412134 0.727340 0.416074 0.728815 0.416251 0.730725 0.420191 0.729162 0.425571 0.760084 0.429267 0.761630 0.423900 0.763611 0.422289 0.765078 0.422465 0.767059 0.420854 0.768524 0.421030 0.776432 0.414596 0.777895 0.414773 0.781842 0.411561 0.783303 0.411739 0.789212 0.406929 0.790672 0.407107 0.792638 0.405504 0.805746 0.407103 0.809791 0.392902
0 0.969919 0.333359 0.960894 0.366363 0.972167 0.367798 0.973589 0.362580 0.979226 0.357908 0.980632 0.358088 0.991877 0.348765 0.995165 0.336650
0 0.797931 0.697569 0.790184 0.725331 0.824188 0.728519 0.831839 0.700833
0 0.939817 0.336634 0.932611 0.362762 0.943941 0.364205 0.945835 0.362642 0.948662 0.363002 0.958110 0.355199 0.962340 0.355742 0.966616 0.340111
0 0.631468 0.506082 0.627125 0.520738 0.631657 0.521237 0.632624 0.523237 0.634135 0.523404 0.636069 0.527402 0.637579 0.527567 0.638546 0.529567 0.636921 0.535072 0.647479 0.536223 0.649098 0.530723 0.653187 0.527390 0.654691 0.527555 0.656733 0.525890 0.661242 0.526386 0.666069 0.509941
0 0.401059 0.184058 0.393530 0.207401 0.398181 0.208028 0.399150 0.210035 0.400700 0.210244 0.401669 0.212251 0.406313 0.212875 0.408439 0.211285 0.423887 0.213363 0.428119 0.210189 0.428692 0.208396 0.430807 0.206810 0.431380 0.205017 0.435603 0.201852 0.436175 0.200062 0.440391 0.196900 0.446536 0.197737 0.448813 0.190589
0 0.799188 0.758558 0.791421 0.786535 0.819608 0.789025 0.825249 0.768545 0.820817 0.768145 0.819852 0.766152 0.821390 0.760576
0 0.678993 0.324934 0.671055 0.351678 0.690347 0.354096 0.691926 0.348747 0.697941 0.343963 0.702375 0.344523 0.707086 0.328524
0 0.965857 0.433885 0.959165 0.458523 0.971911 0.460040 0.975692 0.456856 0.977106 0.457024 0.980881 0.453844 0.981355 0.452086 0.985126 0.448910 0.989355 0.449418 0.992664 0.437138
0 0.853543 0.627729 0.846992 0.651442 0.854298 0.652178 0.855255 0.654152 0.856715 0.654299 0.858628 0.658246 0.857119 0.663729 0.867332 0.664748 0.869336 0.657445 0.871294 0.655766 0.872749 0.655912 0.874704 0.654234 0.880521 0.654821 0.885003 0.638439 0.880648 0.637994 0.879693 0.636026 0.881187 0.630575
0 0.496704 0.286642 0.491637 0.302869 0.499289 0.303846 0.500255 0.305845 0.504840 0.306429 0.509016 0.303213 0.515120 0.303993 0.519588 0.289596
0 0.482203 0.292275 0.475975 0.312155 0.482116 0.312933 0.486315 0.309704 0.487848 0.309899 0.489945 0.308287 0.494540 0.308871 0.499042 0.294438
0 0.896486 0.302138 0.892102 0.317796 0.904913 0.319473 0.906819 0.317918 0.908240 0.318104 0.910145 0.316552 0.914404 0.317111 0.917786 0.304956
0 0.904815 0.485034 0.900403 0.501061 0.904710 0.501555 0.907547 0.507396 0.906077 0.512749 0.924714 0.514867 0.932000 0.488190
0 0.407243 0.184903 0.398571 0.211835 0.406313 0.212875 0.408439 0.211285 0.423887 0.213363 0.426003 0.211775 0.426577 0.209981 0.432919 0.205226 0.437536 0.205851 0.442673 0.189749
0 0.795822 0.383832 0.789212 0.406929 0.800872 0.408349 0.802835 0.406748 0.804290 0.406925 0.808211 0.403727 0.812570 0.404261 0.817611 0.386532
0 0.438064 0.189119 0.434635 0.199853 0.440787 0.200688 0.441754 0.202686 0.439469 0.209851 0.447156 0.210889 0.448865 0.205518 0.447900 0.203520 0.451881 0.191009
0 0.795822 0.383832 0.789212 0.406929 0.802328 0.408526 0.806252 0.405326 0.812065 0.406036 0.817611 0.386532
1 0.387236 0.363069 0.406887 0.359423 0.459448 0.361030 0.484362 0.368866 0.477457 0.326171 0.412747 0.321652
1 0.385131 0.366440 0.380544 0.384042 0.391845 0.413275 0.459420 0.416365 0.486669 0.367950 0.460317 0.364736 0.411453 0.361185
1 0.334974 0.416377 0.513435 0.543526 0.467572 0.574064 0.310309 0.463798
1 0.476452 0.574988 0.711090 0.565900 0.691342 0.610585 0.482716 0.620996
1 0.667183 0.508561 0.865256 0.502575 0.877108 0.548410 0.642382 0.556142
1 0.628661 0.616230 0.603798 0.663576 0.610142 0.669072 0.626637 0.667021 0.841424 0.656948 0.831080 0.608353
1 0.821560 0.659731 0.811683 0.681469 0.894168 0.640924 0.829512 0.610561 0.838210 0.637586 0.839891 0.655604 0.819699 0.659546
0 0.206827 0.667625 0.218982 0.677466 0.217883 0.703506 0.200948 0.708322 0.183070 0.703518 0.180250 0.683382 0.188855 0.661179 0.203334 0.668086
0 0.213918 0.633552 0.222962 0.634429 0.225548 0.655172 0.221421 0.665836 0.204881 0.667442 0.194348 0.664867 0.192061 0.657524 0.196971 0.644547
0 0.844823 0.522321 0.855000 0.519802 0.867031 0.521155 0.866207 0.528381 0.854705 0.531491 0.849714 0.532402 0.844604 0.525231
0 0.659606 0.545613 0.664109 0.549094 0.682685 0.552597 0.692583 0.552172 0.703680 0.549641 0.719497 0.545402 0.719326 0.543895 0.701050 0.541902 0.682083 0.542073 0.663430 0.543034
0 0.647202 0.659607 0.653286 0.655659 0.659318 0.653982 0.663804 0.659725 0.662949 0.662670 0.655677 0.666504 0.647882 0.665741
0 0.679987 0.570266 0.672393 0.573206 0.667722 0.578713 0.679613 0.579968 0.683004 0.578827 0.685458 0.574592 0.682532 0.572034
1 0.780908 0.633111 0.825255 0.611638 0.825370 0.656241
0 0.466393 0.388070 0.474022 0.381734 0.475405 0.386362 0.474734 0.388514 0.472220 0.396586 0.468844 0.402889 0.461635 0.404831 0.462894 0.393236 0.463399 0.391621
