0 0.744427 0.450771 0.745855 0.450762 0.747445 0.452407 0.748874 0.452398 0.750464 0.454044 0.751893 0.454035 0.755073 0.457325 0.756502 0.457316 0.758092 0.458962 0.759521 0.458953 0.762701 0.462244 0.764130 0.462235 0.773671 0.472108 0.773833 0.473762 0.777014 0.477053 0.781299 0.477026 0.786152 0.526662 0.766153 0.526788 0.765668 0.521824 0.762487 0.518533 0.761059 0.518542 0.760897 0.516888 0.757716 0.513597 0.757555 0.511942 0.755964 0.510297 0.755803 0.508642 0.754212 0.506997 0.754051 0.505342 0.752460 0.503697 0.752137 0.500388 0.748956 0.497097 0.748794 0.495442 0.747204 0.493797 0.747042 0.492142 0.745452 0.490497 0.745290 0.488842 0.742110 0.485551 0.741948 0.483897 0.738767 0.480606 0.738606 0.478951 0.729064 0.469078 0.728902 0.467424 0.724131 0.462488 0.723969 0.460833 0.722379 0.459188 0.722217 0.457533 0.720627 0.455888 0.719333 0.442651 0.740761 0.442516 0.741246 0.447480 0.744427 0.450771
0 0.808707 0.362622 0.810135 0.362612 0.811726 0.364258 0.814583 0.364240 0.816173 0.365885 0.817602 0.365876 0.819192 0.367522 0.820620 0.367513 0.826981 0.374095 0.827143 0.375749 0.830324 0.379040 0.830485 0.380695 0.832076 0.382340 0.832238 0.383995 0.833828 0.385640 0.833990 0.387295 0.835580 0.388940 0.835903 0.392249 0.839084 0.395540 0.839408 0.398849 0.840998 0.400495 0.841160 0.402149 0.844340 0.405440 0.848626 0.405413 0.852346 0.443467 0.846632 0.443503 0.842832 0.448494 0.842994 0.450148 0.839194 0.455139 0.839679 0.460102 0.809680 0.460292 0.809033 0.453674 0.805853 0.450383 0.805691 0.448728 0.804101 0.447083 0.802672 0.447092 0.797901 0.442155 0.797739 0.440501 0.796149 0.438855 0.795987 0.437201 0.792807 0.433910 0.792645 0.432255 0.784694 0.424028 0.783265 0.424037 0.781675 0.422391 0.778818 0.422409 0.777228 0.420764 0.775799 0.420773 0.774209 0.419127 0.772780 0.419136 0.771190 0.417491 0.769761 0.417500 0.768171 0.415854 0.765314 0.415873 0.763724 0.414227 0.762295 0.414236 0.760705 0.412591 0.757848 0.412609 0.756258 0.410963 0.749115 0.411008 0.747525 0.409363 0.730383 0.409471 0.728792 0.407826 0.721650 0.407871 0.720060 0.406225 0.712917 0.406270 0.711327 0.404625 0.704184 0.404670 0.702594 0.403024 0.695451 0.403070 0.692216 0.369979 0.696502 0.369952 0.701569 0.363298 0.700921 0.356680 0.806631 0.356012 0.807117 0.360976 0.808707 0.362622
0 0.640683 0.398449 0.640844 0.400103 0.642435 0.401749 0.642758 0.405058 0.644348 0.406703 0.644510 0.408358 0.646101 0.410003 0.646262 0.411658 0.647853 0.413303 0.648176 0.416612 0.649766 0.418258 0.649928 0.419912 0.651519 0.421558 0.655804 0.421531 0.660172 0.466203 0.655886 0.466230 0.653353 0.469557 0.653838 0.474520 0.626696 0.474692 0.625888 0.466419 0.624297 0.464774 0.624136 0.463119 0.622545 0.461474 0.621898 0.454856 0.620308 0.453210 0.619984 0.449901 0.618394 0.448256 0.618232 0.446601 0.616642 0.444956 0.616318 0.441647 0.614728 0.440001 0.614405 0.436692 0.612814 0.435047 0.612653 0.433392 0.609472 0.430101 0.609310 0.428447 0.607720 0.426801 0.607558 0.425147 0.605968 0.423501 0.605644 0.420192 0.604054 0.418547 0.599769 0.418574 0.597018 0.390447 0.638445 0.390185 0.639092 0.396803 0.640683 0.398449
0 0.741194 0.505424 0.741356 0.507078 0.757259 0.523533 0.758687 0.523524 0.760277 0.525169 0.761706 0.525160 0.764886 0.528451 0.766315 0.528442 0.769495 0.531733 0.770924 0.531724 0.772514 0.533370 0.773943 0.533361 0.777123 0.536652 0.778552 0.536643 0.780142 0.538288 0.781571 0.538279 0.783161 0.539925 0.784589 0.539916 0.787770 0.543207 0.789198 0.543198 0.790789 0.544843 0.792217 0.544834 0.793808 0.546480 0.799522 0.546443 0.802110 0.572916 0.794967 0.572961 0.794482 0.567997 0.792892 0.566352 0.772893 0.566478 0.771302 0.564832 0.764160 0.564878 0.762569 0.563232 0.761141 0.563241 0.759551 0.561596 0.758122 0.561605 0.756532 0.559959 0.755103 0.559968 0.753513 0.558323 0.750656 0.558341 0.749066 0.556695 0.746209 0.556713 0.744619 0.555068 0.743190 0.555077 0.741600 0.553431 0.740171 0.553440 0.738581 0.551795 0.737152 0.551804 0.733972 0.548513 0.732543 0.548522 0.729363 0.545231 0.729201 0.543576 0.724430 0.538640 0.724268 0.536986 0.722678 0.535340 0.722516 0.533686 0.720926 0.532040 0.720602 0.528731 0.719012 0.527086 0.718850 0.525431 0.715670 0.522140 0.715508 0.520486 0.713918 0.518840 0.713271 0.512222 0.711680 0.510577 0.710225 0.495686 0.735938 0.495524 0.736423 0.500487 0.741194 0.505424
0 0.430365 0.308723 0.430527 0.310378 0.432117 0.312023 0.432441 0.315332 0.434031 0.316978 0.434355 0.320287 0.435945 0.321932 0.436107 0.323587 0.437697 0.325232 0.438020 0.328541 0.439611 0.330187 0.439773 0.331841 0.441363 0.333487 0.441525 0.335141 0.443115 0.336787 0.447400 0.336759 0.451930 0.383086 0.417646 0.383302 0.416999 0.376684 0.415408 0.375039 0.415247 0.373384 0.413656 0.371739 0.413333 0.368430 0.411742 0.366784 0.411419 0.363475 0.409829 0.361830 0.409343 0.356866 0.407753 0.355221 0.407430 0.351912 0.405839 0.350266 0.405192 0.343648 0.403602 0.342003 0.403278 0.338694 0.401688 0.337048 0.397403 0.337075 0.395138 0.313912 0.399423 0.313885 0.401957 0.310558 0.404814 0.310540 0.407347 0.307213 0.408776 0.307204 0.411309 0.303877 0.410824 0.298913 0.427966 0.298805 0.428775 0.307078 0.430365 0.308723
0 0.203051 0.556833 0.204479 0.556824 0.214021 0.566697 0.214183 0.568351 0.220544 0.574933 0.224830 0.574906 0.228227 0.609651 0.223941 0.609678 0.222674 0.611342 0.221246 0.611351 0.213645 0.621332 0.213807 0.622986 0.212540 0.624650 0.213026 0.629613 0.180170 0.629821 0.179685 0.624857 0.171733 0.616630 0.170305 0.616639 0.167124 0.613348 0.166962 0.611693 0.159011 0.603466 0.158849 0.601812 0.157259 0.600166 0.157097 0.598512 0.155507 0.596866 0.155183 0.593557 0.153593 0.591912 0.153270 0.588602 0.151679 0.586957 0.151518 0.585302 0.149927 0.583657 0.149766 0.582002 0.148175 0.580357 0.148014 0.578703 0.144833 0.575412 0.144671 0.573757 0.143081 0.572112 0.142919 0.570457 0.141329 0.568811 0.141005 0.565503 0.139415 0.563857 0.138444 0.553930 0.139711 0.552266 0.139064 0.545648 0.196205 0.545288 0.196690 0.550251 0.203051 0.556833
0 0.365622 0.231322 0.365945 0.234631 0.367535 0.236277 0.368021 0.241240 0.369611 0.242886 0.369935 0.246195 0.371525 0.247840 0.371687 0.249495 0.373277 0.251140 0.373439 0.252795 0.375029 0.254440 0.375191 0.256095 0.376781 0.257740 0.376943 0.259395 0.378533 0.261040 0.378695 0.262695 0.381875 0.265986 0.382037 0.267640 0.385218 0.270931 0.389503 0.270904 0.391930 0.295722 0.387644 0.295749 0.386378 0.297412 0.359236 0.297584 0.351284 0.289356 0.350961 0.286047 0.349371 0.284402 0.348885 0.279438 0.347295 0.277793 0.346324 0.267866 0.344734 0.266220 0.344249 0.261257 0.342659 0.259611 0.342335 0.256302 0.340745 0.254657 0.340583 0.253002 0.338993 0.251357 0.338669 0.248048 0.335488 0.244757 0.331203 0.244784 0.328776 0.219966 0.363061 0.219750 0.364031 0.229677 0.365622 0.231322
0 0.876318 0.790977 0.873785 0.794304 0.872356 0.794313 0.862222 0.807621 0.862384 0.809276 0.858584 0.814266 0.857156 0.814275 0.855889 0.815939 0.833033 0.816083 0.831442 0.814438 0.830014 0.814447 0.818882 0.802929 0.817453 0.802937 0.815863 0.801292 0.814435 0.801301 0.811254 0.798010 0.809825 0.798019 0.808235 0.796374 0.806807 0.796383 0.805216 0.794737 0.803788 0.794746 0.800607 0.791455 0.797750 0.791473 0.796160 0.789828 0.790446 0.789864 0.788828 0.773319 0.878825 0.772750 0.880604 0.790950 0.876318 0.790977
0 0.566650 0.620758 0.566164 0.615794 0.559803 0.609212 0.555518 0.609239 0.554547 0.599312 0.558832 0.599285 0.560099 0.597622 0.559938 0.595967 0.561204 0.594304 0.560719 0.589340 0.586432 0.589178 0.589506 0.620613 0.566650 0.620758
0 0.952312 0.340193 0.951827 0.335229 0.950236 0.333584 0.940237 0.333647 0.938647 0.332001 0.934361 0.332028 0.932771 0.330383 0.931342 0.330392 0.929752 0.328746 0.922609 0.328791 0.920668 0.308937 0.953524 0.308730 0.956598 0.340165 0.952312 0.340193
0 0.661392 0.697969 0.658858 0.701296 0.659344 0.706260 0.627917 0.706458 0.624843 0.675023 0.663413 0.674779 0.665677 0.697942 0.661392 0.697969
0 0.984364 0.507199 0.978003 0.500617 0.976575 0.500626 0.974984 0.498980 0.973556 0.498989 0.971966 0.497344 0.967680 0.497371 0.964768 0.467590 0.986196 0.467454 0.990078 0.507163 0.984364 0.507199
0 0.881427 0.375406 0.880160 0.377070 0.878731 0.377079 0.877465 0.378743 0.860322 0.378851 0.857142 0.375560 0.852856 0.375587 0.852533 0.372278 0.856818 0.372251 0.859352 0.368924 0.860780 0.368915 0.862047 0.367251 0.863476 0.367242 0.864742 0.365579 0.866171 0.365570 0.869971 0.360579 0.869486 0.355615 0.883771 0.355525 0.885712 0.375379 0.881427 0.375406
0 0.113000 0.527602 0.114428 0.527593 0.128741 0.542403 0.128903 0.544057 0.133674 0.548993 0.133835 0.550648 0.135426 0.552293 0.135587 0.553948 0.137178 0.555594 0.137663 0.560557 0.139253 0.562203 0.139739 0.567166 0.141329 0.568811 0.141491 0.570466 0.143081 0.572112 0.143243 0.573766 0.144833 0.575412 0.150547 0.575375 0.154106 0.611775 0.148392 0.611811 0.145858 0.615138 0.143001 0.615156 0.141735 0.616819 0.127450 0.616910 0.126183 0.618573 0.126668 0.623537 0.109526 0.623645 0.109041 0.618681 0.102679 0.612099 0.102356 0.608791 0.100766 0.607145 0.100119 0.600527 0.098528 0.598881 0.096425 0.577373 0.094835 0.575727 0.094026 0.567455 0.092436 0.565809 0.088150 0.565836 0.083621 0.519510 0.110763 0.519339 0.111410 0.525957 0.113000 0.527602
0 1.000000 0.763630 1.000000 0.758666 1.000000 0.750439 1.000000 0.750448 0.999250 0.747157 0.997821 0.747166 0.996231 0.745520 0.994803 0.745529 0.991622 0.742238 0.990194 0.742247 0.988603 0.740602 0.987175 0.740611 0.985585 0.738965 0.979870 0.739001 0.977929 0.719147 1.000000 0.718922 1.000000 0.763594 1.000000 0.763630
0 0.947741 0.702783 0.945208 0.706110 0.945693 0.711073 0.935694 0.711136 0.935208 0.706173 0.930437 0.701236 0.929009 0.701245 0.927419 0.699600 0.924562 0.699618 0.922971 0.697973 0.921543 0.697982 0.919952 0.696336 0.919791 0.694682 0.918200 0.693036 0.916906 0.679800 0.949762 0.679592 0.952027 0.702756 0.947741 0.702783
0 0.487495 0.819921 0.486228 0.821585 0.486713 0.826548 0.483856 0.826566 0.483371 0.821603 0.481781 0.819957 0.478924 0.819975 0.477333 0.818330 0.475905 0.818339 0.471134 0.813403 0.466848 0.813430 0.465716 0.801848 0.498572 0.801641 0.500351 0.819840 0.487495 0.819921
0 0.819737 0.577771 0.821166 0.577762 0.824346 0.581053 0.831489 0.581008 0.833754 0.604171 0.829468 0.604198 0.828202 0.605861 0.826773 0.605870 0.825506 0.607534 0.824078 0.607543 0.821544 0.610870 0.820116 0.610879 0.817582 0.614206 0.818068 0.619170 0.783783 0.619386 0.783298 0.614423 0.780117 0.611132 0.778689 0.611141 0.777099 0.609495 0.776937 0.607841 0.773756 0.604550 0.772328 0.604559 0.764376 0.596331 0.762948 0.596340 0.756587 0.589758 0.755158 0.589767 0.751978 0.586476 0.747692 0.586503 0.746398 0.573267 0.752112 0.573231 0.753379 0.571568 0.753217 0.569913 0.754646 0.569904 0.755912 0.568241 0.755265 0.561623 0.808120 0.561289 0.808605 0.566252 0.819737 0.577771
0 0.745542 0.798425 0.744276 0.800089 0.744761 0.805052 0.729047 0.805151 0.728562 0.800188 0.725381 0.796897 0.723953 0.796906 0.720772 0.793615 0.719344 0.793624 0.717754 0.791978 0.717592 0.790324 0.716002 0.788678 0.715355 0.782060 0.716621 0.780397 0.715974 0.773779 0.747401 0.773580 0.749828 0.798398 0.745542 0.798425
0 0.930128 0.274111 0.929481 0.267493 0.926300 0.264202 0.922014 0.264229 0.920559 0.249339 0.947700 0.249167 0.950127 0.273985 0.930128 0.274111
0 0.818133 0.137410 0.822419 0.137383 0.825493 0.168818 0.811207 0.168909 0.809941 0.170572 0.795656 0.170662 0.794065 0.169017 0.789780 0.169044 0.788513 0.170707 0.775656 0.170789 0.774390 0.172452 0.770104 0.172479 0.768837 0.174143 0.761695 0.174188 0.760428 0.175851 0.756143 0.175879 0.754876 0.177542 0.750590 0.177569 0.749324 0.179233 0.740752 0.179287 0.739486 0.180950 0.733772 0.180986 0.732181 0.179341 0.727896 0.179368 0.724715 0.176077 0.723287 0.176086 0.716926 0.169504 0.712640 0.169531 0.711184 0.154641 0.716898 0.154604 0.718165 0.152941 0.718003 0.151286 0.719432 0.151277 0.720699 0.149614 0.722127 0.149605 0.723394 0.147941 0.727679 0.147914 0.730213 0.144587 0.731641 0.144578 0.732908 0.142915 0.734337 0.142906 0.735603 0.141242 0.738460 0.141224 0.739727 0.139561 0.742584 0.139542 0.745118 0.136215 0.744632 0.131252 0.816058 0.130801 0.816543 0.135764 0.818133 0.137410
0 0.514817 0.573075 0.513551 0.574738 0.510694 0.574756 0.509427 0.576420 0.509912 0.581383 0.497056 0.581465 0.496570 0.576501 0.488619 0.568274 0.487486 0.556692 0.520342 0.556485 0.521960 0.573030 0.514817 0.573075
0 0.586651 0.708375 0.585385 0.710038 0.581099 0.710065 0.580937 0.708411 0.579347 0.706765 0.578700 0.700147 0.577110 0.698502 0.576139 0.688575 0.596138 0.688448 0.598080 0.708302 0.586651 0.708375
0 0.740201 0.656083 0.738935 0.657747 0.734649 0.657774 0.733059 0.656128 0.725916 0.656173 0.724460 0.641283 0.745888 0.641148 0.747344 0.656038 0.740201 0.656083
0 0.478740 0.116376 0.477769 0.106449 0.493483 0.106350 0.494454 0.116277 0.478740 0.116376
0 0.625230 0.108829 0.622049 0.105538 0.621402 0.098920 0.635687 0.098829 0.636658 0.108756 0.625230 0.108829
1 0.351824 0.581430 0.533665 0.379396 0.524305 0.552994 0.351824 0.581430
1 0.472799 0.564888 0.334821 0.602572 0.281465 0.595547 0.236292 0.542193 0.305195 0.503895 0.384100 0.530742 0.350916 0.581436 0.472799 0.564888
1 0.234581 0.543255 0.082554 0.344383 0.172621 0.299640 0.326855 0.493240 0.234581 0.543255
0 0.110330 0.368397 0.096904 0.361119 0.094165 0.351672 0.104643 0.347397 0.105551 0.347392 0.114438 0.354699 0.110330 0.368397
0 0.202019 0.767484 0.199725 0.781172 0.143252 0.779424 0.131779 0.736375 0.197858 0.752786 0.200889 0.755923 0.202019 0.767484
0 0.784187 0.127497 0.757474 0.132924 0.729359 0.142568 0.686603 0.141787 0.667835 0.135594 0.682937 0.122877 0.718930 0.119494 0.760556 0.108714 0.780916 0.103327 0.793536 0.111661 0.790025 0.122201 0.790334 0.125354 0.784187 0.127497
0 0.783330 0.100157 0.746737 0.106699 0.723348 0.108949 0.713160 0.106911 0.713245 0.098495 0.726035 0.090001 0.743363 0.081478 0.765144 0.081340 0.793894 0.087468 0.821240 0.097813 0.806822 0.098957 0.783330 0.100157
0 0.291572 0.169524 0.297906 0.160017 0.310115 0.164147 0.300048 0.172626 0.291572 0.169524
