0 0.573467 0.154023 0.570144 0.157331 0.570209 0.160740 0.568548 0.162394 0.568646 0.167507 0.566984 0.169163 0.567049 0.172572 0.563725 0.175883 0.563823 0.180997 0.555344 0.180755 0.555246 0.175639 0.553517 0.173885 0.551820 0.173836 0.550091 0.172081 0.548394 0.172032 0.539741 0.163254 0.538042 0.163205 0.534579 0.159692 0.532880 0.159642 0.531148 0.157885 0.529448 0.157835 0.525982 0.154320 0.519179 0.154118 0.518885 0.138749 0.523987 0.138903 0.527322 0.135592 0.527290 0.133884 0.528957 0.132229 0.528924 0.130522 0.533924 0.125558 0.533891 0.123851 0.535558 0.122197 0.535525 0.120491 0.537191 0.118837 0.537158 0.117130 0.540490 0.113824 0.540457 0.112117 0.542122 0.110465 0.542090 0.108758 0.543755 0.107106 0.543624 0.100282 0.577534 0.101360 0.578547 0.154174 0.573467 0.154023
0 0.363955 0.000000 0.365677 0.000000 0.367431 0.000255 0.370874 0.000377 0.372628 0.002156 0.374349 0.002217 0.376103 0.003995 0.377823 0.004056 0.381329 0.007612 0.383049 0.007672 0.386553 0.011227 0.391709 0.011408 0.392498 0.052596 0.385623 0.052366 0.382250 0.055685 0.380530 0.055627 0.378843 0.057287 0.375402 0.057172 0.373714 0.058833 0.370272 0.058718 0.368583 0.060379 0.361695 0.060150 0.360005 0.061812 0.341040 0.061184 0.339348 0.062847 0.320352 0.062219 0.318656 0.063883 0.303091 0.063370 0.301327 0.061591 0.299596 0.061534 0.292538 0.054413 0.292505 0.052690 0.290740 0.050909 0.283809 0.050677 0.282885 0.002416 0.288084 0.002599 0.293181 0.000000 0.294913 0.000000 0.296612 0.000000 0.296480 0.000000 0.362101 0.000000 0.362200 0.000000 0.363955 0.000000
0 0.619344 0.167285 0.616034 0.170589 0.616067 0.172290 0.614411 0.173942 0.612723 0.173893 0.611067 0.175546 0.609378 0.175497 0.607722 0.177150 0.607820 0.182255 0.585841 0.181627 0.585710 0.174814 0.582260 0.171309 0.582227 0.169606 0.580502 0.167853 0.580404 0.162742 0.578678 0.160989 0.573597 0.160839 0.572943 0.126759 0.578024 0.126915 0.579684 0.125264 0.579553 0.118450 0.581214 0.116799 0.581148 0.113392 0.582808 0.111742 0.582775 0.110039 0.586095 0.106739 0.585996 0.101630 0.624852 0.102865 0.626093 0.167482 0.619344 0.167285
0 0.276841 0.048721 0.273438 0.052053 0.273537 0.057226 0.271835 0.058893 0.271934 0.064067 0.270232 0.065734 0.270265 0.067459 0.268563 0.069127 0.268629 0.072576 0.266927 0.074244 0.266960 0.075969 0.265257 0.077638 0.265323 0.081088 0.263620 0.082757 0.263686 0.086207 0.261983 0.087877 0.262016 0.089602 0.260313 0.091272 0.260379 0.094723 0.258675 0.096393 0.258708 0.098118 0.257004 0.099789 0.257037 0.101515 0.248515 0.109873 0.246743 0.108093 0.243266 0.107984 0.241494 0.106204 0.241461 0.104477 0.239689 0.102696 0.237949 0.102641 0.232630 0.097296 0.232597 0.095569 0.216627 0.079519 0.216594 0.077791 0.205936 0.067079 0.200703 0.066908 0.200306 0.046156 0.205539 0.046332 0.207250 0.044661 0.207217 0.042932 0.208927 0.041262 0.208861 0.037805 0.212282 0.034466 0.212249 0.032737 0.213959 0.031068 0.213926 0.029340 0.215635 0.027671 0.215569 0.024215 0.217278 0.022547 0.217245 0.020819 0.220663 0.017483 0.220630 0.015755 0.222339 0.014088 0.222306 0.012360 0.225723 0.009027 0.225690 0.007299 0.229105 0.003967 0.229072 0.002239 0.232487 0.000000 0.232454 0.000000 0.235868 0.000000 0.235736 0.000000 0.280888 0.000000 0.282042 0.048895 0.276841 0.048721
0 0.623547 0.034849 0.621892 0.036492 0.620205 0.036433 0.618550 0.038076 0.615175 0.037960 0.613520 0.039603 0.611831 0.039545 0.606863 0.044476 0.605174 0.044418 0.603517 0.046062 0.600137 0.045947 0.598480 0.047592 0.598578 0.052698 0.583356 0.052184 0.583226 0.045371 0.569418 0.031277 0.564335 0.031101 0.563844 0.005535 0.568928 0.005716 0.570589 0.004073 0.572283 0.004133 0.575605 0.000847 0.577298 0.000907 0.580618 0.000000 0.580520 0.000000 0.629509 0.000000 0.630292 0.035082 0.623547 0.034849
0 0.548646 0.008402 0.550343 0.008462 0.557259 0.015523 0.558955 0.015582 0.560683 0.017347 0.560748 0.020756 0.562476 0.022520 0.562607 0.029338 0.564335 0.031101 0.569418 0.031277 0.569615 0.041502 0.564531 0.041328 0.561206 0.044621 0.561337 0.051440 0.539279 0.050695 0.539181 0.045576 0.537449 0.043812 0.535751 0.043754 0.534019 0.041990 0.532320 0.041932 0.530588 0.040167 0.523788 0.039935 0.522055 0.038169 0.516952 0.037994 0.515218 0.036228 0.513516 0.036170 0.511782 0.034404 0.510080 0.034345 0.508344 0.032578 0.506642 0.032519 0.503170 0.028985 0.503138 0.027276 0.501402 0.025509 0.496290 0.025331 0.496126 0.016786 0.501238 0.016965 0.502908 0.015316 0.502876 0.013608 0.504546 0.011959 0.504513 0.010251 0.509523 0.005307 0.509490 0.003599 0.511159 0.001951 0.511061 0.000000 0.543358 0.000000 0.543456 0.003104 0.548646 0.008402
0 0.879663 0.164796 0.878043 0.166430 0.878075 0.168113 0.876422 0.168064 0.874802 0.169699 0.874931 0.176433 0.860044 0.175999 0.859946 0.170946 0.858259 0.169213 0.856603 0.169164 0.854915 0.167430 0.853259 0.167381 0.848193 0.162179 0.846536 0.162130 0.844847 0.160395 0.843189 0.160346 0.841499 0.158611 0.834867 0.158413 0.834478 0.138179 0.839453 0.138332 0.841078 0.136697 0.840948 0.129954 0.885624 0.131338 0.886271 0.164991 0.879663 0.164796
0 0.615795 0.070278 0.615828 0.071979 0.617549 0.073736 0.617581 0.075437 0.619301 0.077193 0.624363 0.077359 0.624755 0.097764 0.612942 0.097386 0.611286 0.099033 0.565610 0.097574 0.563883 0.095816 0.560492 0.095707 0.558764 0.093948 0.557068 0.093894 0.555339 0.092134 0.553643 0.092080 0.553577 0.088669 0.551848 0.086909 0.551717 0.080087 0.553381 0.078437 0.553349 0.076732 0.555012 0.075083 0.554979 0.073377 0.558306 0.070079 0.558273 0.068374 0.563261 0.063429 0.564956 0.063485 0.569941 0.058542 0.569843 0.053430 0.607059 0.054685 0.607190 0.061491 0.615795 0.070278
0 0.202415 0.065236 0.202448 0.066965 0.204225 0.068751 0.204258 0.070481 0.206035 0.072266 0.206068 0.073995 0.209622 0.077566 0.209655 0.079295 0.211431 0.081079 0.211464 0.082808 0.215017 0.086377 0.220244 0.086544 0.220706 0.110736 0.213737 0.110520 0.212027 0.112195 0.206796 0.112033 0.205085 0.113708 0.196361 0.113439 0.194649 0.115115 0.185918 0.114847 0.184204 0.116523 0.177214 0.116309 0.175499 0.117986 0.168504 0.117772 0.166788 0.119450 0.152784 0.119022 0.151066 0.120701 0.107200 0.119363 0.105409 0.117573 0.103651 0.117520 0.101860 0.115730 0.101826 0.113994 0.098243 0.110413 0.098210 0.108676 0.094625 0.105094 0.094592 0.103357 0.091006 0.099774 0.090973 0.098037 0.087386 0.094453 0.082104 0.094286 0.081805 0.078649 0.087087 0.078818 0.093994 0.072098 0.095754 0.072155 0.099205 0.068796 0.100964 0.068853 0.102689 0.067174 0.104447 0.067231 0.106172 0.065553 0.107929 0.065610 0.111377 0.062254 0.113134 0.062311 0.114858 0.060634 0.118370 0.060749 0.120093 0.059072 0.121849 0.059130 0.123571 0.057453 0.123472 0.052249 0.198727 0.054745 0.198859 0.061663 0.202415 0.065236
0 0.670605 0.119587 0.672286 0.119639 0.675711 0.123138 0.675744 0.124835 0.680880 0.130081 0.685917 0.130236 0.686699 0.170948 0.644665 0.169723 0.644535 0.162926 0.641101 0.159428 0.641068 0.157729 0.637633 0.154230 0.637601 0.152530 0.635883 0.150780 0.635817 0.147380 0.634099 0.145630 0.634001 0.140530 0.632283 0.138779 0.627225 0.138626 0.626670 0.109720 0.667081 0.110994 0.667178 0.116087 0.670605 0.119587
0 0.532192 0.123799 0.527191 0.128763 0.527224 0.130470 0.525557 0.132125 0.525589 0.133833 0.523922 0.135488 0.523954 0.137196 0.522287 0.138852 0.522418 0.145682 0.476413 0.144303 0.476315 0.139171 0.471094 0.133884 0.464261 0.133676 0.463573 0.097736 0.468698 0.097899 0.470373 0.096243 0.470274 0.091110 0.536700 0.093240 0.537289 0.123956 0.532192 0.123799
0 0.917838 0.177683 0.917741 0.172642 0.916061 0.170913 0.909469 0.170719 0.907788 0.168989 0.906139 0.168941 0.904458 0.167210 0.902809 0.167162 0.899444 0.163701 0.897795 0.163652 0.896112 0.161921 0.896080 0.160239 0.894397 0.158507 0.894073 0.141686 0.895691 0.140055 0.895659 0.138373 0.897277 0.136742 0.897180 0.131696 0.931783 0.132768 0.932656 0.178115 0.917838 0.177683
0 0.698231 0.073007 0.704936 0.073229 0.705782 0.117296 0.699077 0.117086 0.697433 0.118729 0.697531 0.123816 0.685786 0.123451 0.685689 0.118362 0.683977 0.116613 0.682299 0.116561 0.680587 0.114811 0.673868 0.114601 0.672155 0.112851 0.670475 0.112798 0.667048 0.109297 0.658640 0.109031 0.656925 0.107280 0.650193 0.107067 0.648477 0.105314 0.643426 0.105154 0.641709 0.103401 0.636654 0.103241 0.634936 0.101487 0.633251 0.101434 0.631532 0.099680 0.626474 0.099518 0.625919 0.070613 0.632663 0.070837 0.635969 0.067549 0.635871 0.062450 0.696391 0.064474 0.696521 0.071256 0.698231 0.073007
1 0.997370 0.216834 0.999006 0.216879 1.000000 0.227197 1.000000 0.227241 1.000000 0.240985 1.000000 0.241028 1.000000 0.242745 1.000000 0.244418 1.000000 0.265000 1.000000 0.266672 1.000000 0.273525 1.000000 0.273649 1.000000 0.377258 1.000000 0.377120 1.000000 0.378757 1.000000 0.380429 1.000000 0.390257 1.000000 0.390224 1.000000 0.395141 1.000000 0.395108 1.000000 0.398388 1.000000 0.398355 1.000000 0.401636 1.000000 0.401603 1.000000 0.403243 1.000000 0.403211 1.000000 0.404852 1.000000 0.404819 1.000000 0.406461 1.000000 0.406428 1.000000 0.408070 1.000000 0.408038 1.000000 0.411322 1.000000 0.411290 1.000000 0.412933 1.000000 0.412836 0.997936 0.416123 0.998033 0.421149 0.981651 0.420833 0.981522 0.414126 0.978179 0.410708 0.978114 0.407355 0.976442 0.405645 0.976280 0.397260 0.974608 0.395550 0.973962 0.362009 0.972290 0.360296 0.973898 0.358655 0.973090 0.316729 0.971417 0.315013 0.970933 0.289856 0.969260 0.288139 0.968937 0.271366 0.970546 0.269731 0.969997 0.241220 0.971605 0.239587 0.971314 0.224494 0.972922 0.222862 0.972793 0.216155 0.974401 0.214523 0.974271 0.207816 0.995571 0.208412 0.995700 0.215113 0.997370 0.216834
0 0.551259 0.056212 0.556348 0.056383 0.556774 0.078548 0.551685 0.078382 0.548356 0.081682 0.548389 0.083388 0.546725 0.085038 0.545027 0.084983 0.540032 0.089937 0.538333 0.089882 0.536667 0.091534 0.519669 0.090987 0.518000 0.092640 0.518099 0.097764 0.511292 0.097547 0.511193 0.092422 0.509458 0.090659 0.497536 0.090276 0.495799 0.088512 0.490685 0.088347 0.490193 0.062704 0.495307 0.062874 0.496979 0.061221 0.496946 0.059512 0.498617 0.057860 0.498584 0.056151 0.503596 0.051197 0.503465 0.044362 0.545972 0.045807 0.546070 0.050924 0.551259 0.056212
0 0.668877 0.029630 0.668910 0.031327 0.672336 0.034838 0.677376 0.035013 0.677832 0.058767 0.671112 0.058540 0.669464 0.060181 0.666102 0.060068 0.664454 0.061710 0.662772 0.061653 0.661123 0.063295 0.661352 0.075180 0.639469 0.074458 0.639371 0.069360 0.637654 0.067605 0.635969 0.067549 0.634251 0.065793 0.612321 0.065063 0.611897 0.042947 0.618649 0.043178 0.623612 0.038250 0.625299 0.038308 0.626953 0.036666 0.628639 0.036724 0.633598 0.031799 0.635284 0.031858 0.640240 0.026935 0.640143 0.021838 0.667066 0.022782 0.667164 0.027874 0.668877 0.029630
0 0.379205 0.076176 0.380925 0.076232 0.398441 0.093950 0.398474 0.095666 0.401974 0.099206 0.407125 0.099369 0.407552 0.121668 0.400684 0.121457 0.399000 0.123120 0.399099 0.128268 0.340566 0.126482 0.340467 0.121322 0.338709 0.119549 0.330077 0.119284 0.328317 0.117510 0.300651 0.116656 0.298887 0.114880 0.290228 0.114613 0.288462 0.112836 0.283263 0.112675 0.281497 0.110897 0.276295 0.110735 0.274527 0.108957 0.264115 0.108633 0.263818 0.093107 0.269025 0.093273 0.272430 0.089934 0.272397 0.088209 0.274098 0.086540 0.274065 0.084816 0.279169 0.079811 0.279136 0.078087 0.282537 0.074751 0.284271 0.074808 0.285971 0.073141 0.289436 0.073253 0.291136 0.071587 0.294600 0.071700 0.296298 0.070033 0.296199 0.064865 0.375599 0.067477 0.375698 0.072629 0.379205 0.076176
0 0.997370 0.216834 0.999006 0.216879 1.000000 0.227197 1.000000 0.227241 1.000000 0.240985 1.000000 0.241028 1.000000 0.242745 1.000000 0.244418 1.000000 0.265000 1.000000 0.266672 1.000000 0.273525 1.000000 0.273649 1.000000 0.377258 1.000000 0.377120 1.000000 0.378757 1.000000 0.380429 1.000000 0.390257 1.000000 0.390224 1.000000 0.395141 1.000000 0.395108 1.000000 0.398388 1.000000 0.398355 1.000000 0.401636 1.000000 0.401603 1.000000 0.403243 1.000000 0.403211 1.000000 0.404852 1.000000 0.404819 1.000000 0.406461 1.000000 0.406428 1.000000 0.408070 1.000000 0.408038 1.000000 0.411322 1.000000 0.411290 1.000000 0.412933 1.000000 0.412836 0.997936 0.416123 0.998033 0.421149 0.981651 0.420833 0.981522 0.414126 0.978179 0.410708 0.978114 0.407355 0.976442 0.405645 0.976280 0.397260 0.974608 0.395550 0.973962 0.362009 0.972290 0.360296 0.973898 0.358655 0.973090 0.316729 0.971417 0.315013 0.970933 0.289856 0.969260 0.288139 0.968937 0.271366 0.970546 0.269731 0.969997 0.241220 0.971605 0.239587 0.971314 0.224494 0.972922 0.222862 0.972793 0.216155 0.974401 0.214523 0.974271 0.207816 0.995571 0.208412 0.995700 0.215113 0.997370 0.216834
0 0.621032 0.167334 0.614411 0.173942 0.612723 0.173893 0.611067 0.175546 0.609378 0.175497 0.607722 0.177150 0.607820 0.182255 0.585841 0.181627 0.585743 0.176517 0.584018 0.174765 0.583985 0.173062 0.582260 0.171309 0.582227 0.169606 0.580502 0.167853 0.580436 0.164446 0.578711 0.162693 0.573630 0.162544 0.572976 0.128463 0.578057 0.128619 0.579717 0.126967 0.579586 0.120153 0.581246 0.118502 0.581148 0.113392 0.586127 0.108442 0.585996 0.101630 0.624852 0.102865 0.626093 0.167482 0.621032 0.167334
0 0.931434 0.285525 0.856178 0.304713 0.792727 0.313045 0.773241 0.309771 0.772428 0.267505 0.789230 0.203201 0.816701 0.191320 0.869240 0.195621 0.952226 0.227328 0.955907 0.276348 0.931434 0.285525
0 0.955404 0.392363 0.920327 0.421048 0.861313 0.428333 0.790785 0.428408 0.755809 0.415063 0.743778 0.368295 0.747495 0.344406 0.791557 0.324276 0.831477 0.312552 0.867211 0.304977 0.906912 0.294721 0.941192 0.294159 0.961918 0.304447 0.965516 0.349249 0.955404 0.392363
0 0.723414 0.396087 0.708252 0.405669 0.642762 0.421370 0.607667 0.423537 0.597506 0.407742 0.638485 0.344818 0.665536 0.293081 0.707679 0.230567 0.726970 0.218388 0.760957 0.248898 0.753776 0.309311 0.723414 0.396087
0 0.634969 0.307919 0.605250 0.371024 0.578984 0.397442 0.546972 0.348480 0.544629 0.300105 0.580274 0.244186 0.625875 0.200051 0.687354 0.190463 0.706973 0.193844 0.674743 0.262201 0.634969 0.307919
0 0.447236 0.479019 0.387197 0.403633 0.303668 0.244147 0.286694 0.186281 0.491946 0.213403 0.530038 0.350955 0.447236 0.479019
0 0.326564 0.386675 0.339177 0.444259 0.188922 0.454549 0.051004 0.434755 0.048954 0.327442 0.086084 0.195120 0.200074 0.201136 0.274553 0.306605 0.326564 0.386675
0 1.000000 0.532186 1.000000 0.583902 1.000000 0.653504 1.000000 0.720025 0.975655 0.733743 0.896914 0.703779 0.853269 0.655680 0.839022 0.633056 0.876910 0.522617 0.945472 0.445312 1.000000 0.479867 1.000000 0.532186
0 0.816729 0.552648 0.821721 0.596308 0.828419 0.656846 0.828851 0.679347 0.804033 0.684760 0.779055 0.684548 0.759351 0.671690 0.717744 0.609175 0.688682 0.550875 0.666538 0.491143 0.653157 0.451292 0.716155 0.453826 0.751110 0.460086 0.778970 0.463392 0.799155 0.503146 0.816729 0.552648
0 0.663529 0.553358 0.682909 0.614431 0.692147 0.658360 0.677131 0.678024 0.651146 0.711787 0.609461 0.737016 0.580910 0.718372 0.524978 0.678120 0.483113 0.642114 0.455293 0.601873 0.478875 0.569355 0.519220 0.525756 0.569188 0.475359 0.608157 0.449070 0.632994 0.497682 0.663529 0.553358
0 0.429853 0.614433 0.404855 0.652767 0.379559 0.678292 0.335074 0.680777 0.243848 0.668488 0.170848 0.651956 0.111891 0.625349 0.054272 0.605888 0.049081 0.565222 0.042443 0.525972 0.088903 0.496241 0.166161 0.483019 0.234328 0.474050 0.309563 0.476736 0.381455 0.477928 0.420271 0.487145 0.450689 0.510472 0.444544 0.561771 0.429853 0.614433
0 1.000000 0.859697 1.000000 0.872223 1.000000 0.907085 0.970173 0.946271 0.915709 0.966012 0.830624 0.987360 0.748747 0.989078 0.689973 0.982229 0.656791 0.932764 0.620602 0.877496 0.611258 0.830665 0.617125 0.769687 0.661809 0.755752 0.716352 0.754645 0.778886 0.747952 0.859194 0.748428 0.922653 0.755810 0.972010 0.757486 1.000000 0.778654 1.000000 0.817836 1.000000 0.859697
0 0.596194 0.853342 0.605686 0.907292 0.619557 0.969708 0.613308 1.000000 0.559684 1.000000 0.451739 1.000000 0.365803 1.000000 0.296618 1.000000 0.209504 0.998343 0.111507 0.988611 0.061253 0.971389 0.062114 0.939475 0.071271 0.880016 0.103458 0.797510 0.178445 0.744391 0.247848 0.726092 0.325735 0.719437 0.404439 0.705681 0.525606 0.710863 0.565701 0.735319 0.582109 0.780873 0.596194 0.853342
0 0.166492 0.043004 0.119949 0.051555 0.102296 0.046632 0.095854 0.016049 0.098370 0.000000 0.130462 0.000000 0.181607 0.000000 0.191934 0.003522 0.208311 0.024254 0.198330 0.033992 0.166492 0.043004
0 0.984980 0.154236 0.941374 0.161309 0.932665 0.135872 0.972364 0.137097 0.972444 0.141289 0.984980 0.154236
0 0.966787 0.131339 0.947092 0.102769 0.970054 0.088149 0.988215 0.109677 0.966787 0.131339
0 0.938038 0.059132 0.950123 0.046965 0.963940 0.054426 0.976645 0.075801 0.955010 0.087655 0.938038 0.059132
0 0.929760 0.127389 0.903622 0.123774 0.906047 0.107048 0.937501 0.102460 0.947550 0.126547 0.929760 0.127389
0 0.877671 0.132774 0.858293 0.127966 0.853857 0.112393 0.867512 0.105815 0.893728 0.109455 0.894133 0.130480 0.877671 0.132774
0 0.821181 0.136647 0.807203 0.129190 0.819230 0.107079 0.842677 0.105021 0.837773 0.137156 0.821181 0.136647
0 0.825849 0.091840 0.817683 0.098599 0.804978 0.085537 0.796230 0.062750 0.822408 0.056606 0.828291 0.075065 0.825849 0.091840
0 0.865918 0.094544 0.857725 0.098487 0.836935 0.093604 0.833901 0.079464 0.840513 0.064240 0.863946 0.063627 0.868379 0.079199 0.865918 0.094544
0 0.892217 0.102403 0.876969 0.096304 0.877968 0.076714 0.895804 0.074504 0.904456 0.095795 0.892217 0.102403
0 0.937313 0.092666 0.912537 0.087659 0.905373 0.072022 0.924379 0.061466 0.945345 0.083144 0.937313 0.092666
0 0.939246 0.050785 0.916036 0.055585 0.904699 0.036998 0.927739 0.022415 0.943167 0.041135 0.939246 0.050785
0 0.899713 0.063431 0.879156 0.066941 0.867677 0.042720 0.872891 0.027479 0.903432 0.042554 0.904888 0.046804 0.899713 0.063431
0 0.856969 0.059183 0.827885 0.053984 0.829024 0.041384 0.846824 0.033579 0.862107 0.039722 0.865081 0.051044 0.856969 0.059183
