0 0.490625 0.821875 0.490625 0.828125 0.484375 0.834375 0.484375 0.835938 0.471875 0.848437 0.471875 0.850000 0.462500 0.859375 0.460938 0.859375 0.457813 0.862500 0.456250 0.862500 0.453125 0.865625 0.450000 0.865625 0.446875 0.868750 0.445312 0.868750 0.443750 0.870313 0.442188 0.870313 0.440625 0.871875 0.439063 0.871875 0.437500 0.873437 0.435937 0.873437 0.434375 0.875000 0.432812 0.875000 0.431250 0.876563 0.429688 0.876563 0.428125 0.878125 0.426563 0.878125 0.423438 0.881250 0.421875 0.881250 0.420312 0.882812 0.418750 0.882812 0.417187 0.884375 0.415625 0.884375 0.412500 0.887500 0.410938 0.887500 0.409375 0.889062 0.403125 0.889062 0.403125 0.903125 0.409375 0.903125 0.412500 0.906250 0.414062 0.906250 0.418750 0.910937 0.420312 0.910937 0.425000 0.915625 0.425000 0.920312 0.460938 0.920312 0.460938 0.915625 0.465625 0.910937 0.465625 0.909375 0.481250 0.893750 0.481250 0.892188 0.490625 0.882812 0.490625 0.881250 0.496875 0.875000 0.496875 0.873437 0.500000 0.870313 0.500000 0.868750 0.506250 0.862500 0.506250 0.860938 0.521875 0.845313 0.521875 0.843750 0.526563 0.839063 0.525000 0.837500 0.525000 0.832812 0.523438 0.831250 0.523438 0.829688 0.521875 0.828125 0.521875 0.821875
0 0.689063 0.428125 0.689063 0.432812 0.685937 0.435937 0.684375 0.435937 0.682813 0.437500 0.681250 0.437500 0.679688 0.439063 0.678125 0.439063 0.673438 0.443750 0.671875 0.443750 0.670312 0.445312 0.665625 0.445312 0.665625 0.462500 0.670312 0.462500 0.671875 0.464062 0.675000 0.464062 0.676562 0.465625 0.678125 0.465625 0.679688 0.467187 0.681250 0.467187 0.689063 0.475000 0.690625 0.475000 0.693750 0.478125 0.695312 0.478125 0.696875 0.479687 0.703125 0.479687 0.704688 0.478125 0.706250 0.478125 0.707812 0.476562 0.709375 0.476562 0.718750 0.467187 0.720313 0.467187 0.723437 0.464062 0.725000 0.464062 0.728125 0.460938 0.731250 0.460938 0.732812 0.459375 0.734375 0.459375 0.739062 0.454688 0.740625 0.454688 0.742188 0.453125 0.743750 0.453125 0.745313 0.451562 0.746875 0.451562 0.751563 0.446875 0.757812 0.446875 0.757812 0.439063 0.753125 0.439063 0.748437 0.434375 0.748437 0.428125
0 0.237500 0.684375 0.237500 0.689063 0.232813 0.693750 0.231250 0.693750 0.228125 0.696875 0.221875 0.696875 0.221875 0.726562 0.228125 0.726562 0.231250 0.729688 0.232813 0.729688 0.234375 0.731250 0.235937 0.731250 0.237500 0.732812 0.271875 0.732812 0.273438 0.734375 0.287500 0.734375 0.289062 0.732812 0.290625 0.732812 0.296875 0.726562 0.301563 0.726562 0.301563 0.717187 0.296875 0.717187 0.295312 0.715625 0.295312 0.714063 0.292187 0.710938 0.292187 0.709375 0.290625 0.709375 0.282813 0.701562 0.281250 0.701562 0.276562 0.696875 0.275000 0.696875 0.267188 0.689063 0.267188 0.684375
0 0.246875 0.665625 0.246875 0.676562 0.253125 0.676562 0.257812 0.681250 0.259375 0.681250 0.260937 0.682813 0.262500 0.682813 0.264062 0.684375 0.265625 0.684375 0.271875 0.690625 0.273438 0.690625 0.276562 0.693750 0.276562 0.695312 0.278125 0.696875 0.279687 0.696875 0.289062 0.706250 0.290625 0.706250 0.293750 0.709375 0.293750 0.714063 0.307812 0.714063 0.307812 0.709375 0.310937 0.706250 0.312500 0.706250 0.315625 0.703125 0.317188 0.703125 0.318750 0.701562 0.320312 0.701562 0.323437 0.698438 0.325000 0.698438 0.328125 0.695312 0.329688 0.695312 0.334375 0.690625 0.335938 0.690625 0.340625 0.685937 0.342187 0.685937 0.345313 0.682813 0.346875 0.682813 0.350000 0.679688 0.351562 0.679688 0.354687 0.676562 0.354687 0.665625
0 0.543750 0.315625 0.543750 0.321875 0.542188 0.323437 0.540625 0.323437 0.531250 0.332813 0.531250 0.334375 0.529687 0.335938 0.529687 0.337500 0.526563 0.340625 0.521875 0.340625 0.521875 0.368750 0.526563 0.368750 0.546875 0.389062 0.548438 0.389062 0.551562 0.392188 0.553125 0.392188 0.554688 0.393750 0.556250 0.393750 0.557813 0.395313 0.560937 0.395313 0.562500 0.396875 0.565625 0.396875 0.567187 0.398438 0.571875 0.398438 0.573438 0.396875 0.575000 0.396875 0.576562 0.395313 0.578125 0.395313 0.582812 0.390625 0.584375 0.390625 0.592187 0.382812 0.593750 0.382812 0.595313 0.381250 0.596875 0.381250 0.600000 0.378125 0.601562 0.378125 0.603125 0.376563 0.604688 0.376563 0.606250 0.375000 0.607812 0.375000 0.609375 0.373437 0.610938 0.373437 0.612500 0.371875 0.614062 0.371875 0.615625 0.370312 0.617188 0.370312 0.621875 0.365625 0.626563 0.365625 0.626563 0.350000 0.620313 0.350000 0.610938 0.340625 0.609375 0.340625 0.606250 0.337500 0.604688 0.337500 0.601562 0.334375 0.600000 0.334375 0.598437 0.332813 0.596875 0.332813 0.592187 0.328125 0.590625 0.328125 0.582812 0.320312 0.582812 0.315625
0 0.621875 0.221875 0.621875 0.226562 0.618750 0.229687 0.618750 0.231250 0.614062 0.235937 0.614062 0.237500 0.610938 0.240625 0.610938 0.242188 0.609375 0.243750 0.609375 0.245312 0.607812 0.246875 0.607812 0.248438 0.606250 0.250000 0.606250 0.253125 0.604688 0.254688 0.604688 0.257812 0.603125 0.259375 0.603125 0.260937 0.601562 0.262500 0.596875 0.262500 0.596875 0.300000 0.601562 0.300000 0.604688 0.303125 0.606250 0.303125 0.609375 0.306250 0.610938 0.306250 0.614062 0.309375 0.614062 0.314063 0.662500 0.314063 0.662500 0.309375 0.664062 0.307812 0.667188 0.307812 0.668750 0.306250 0.671875 0.306250 0.673438 0.304688 0.676562 0.304688 0.678125 0.303125 0.679688 0.303125 0.681250 0.301563 0.682813 0.301563 0.685937 0.298438 0.687500 0.298438 0.690625 0.295312 0.692187 0.295312 0.696875 0.290625 0.698438 0.290625 0.703125 0.285938 0.707812 0.285938 0.707812 0.268750 0.703125 0.268750 0.700000 0.265625 0.700000 0.264062 0.698438 0.264062 0.689063 0.254688 0.689063 0.253125 0.687500 0.251563 0.685937 0.251563 0.678125 0.243750 0.676562 0.243750 0.671875 0.239063 0.670312 0.239063 0.664062 0.232813 0.662500 0.232813 0.656250 0.226562 0.656250 0.221875
0 0.520312 0.759375 0.520312 0.764062 0.514062 0.770312 0.509375 0.770312 0.509375 0.804688 0.515625 0.804688 0.518750 0.807813 0.520312 0.807813 0.521875 0.809375 0.525000 0.809375 0.526563 0.810937 0.540625 0.810937 0.542188 0.809375 0.546875 0.809375 0.548438 0.807813 0.551562 0.807813 0.567187 0.792188 0.568750 0.792188 0.571875 0.789062 0.571875 0.787500 0.578125 0.781250 0.582812 0.781250 0.582812 0.759375
0 0.462500 0.090625 0.462500 0.095312 0.459375 0.098437 0.457813 0.098437 0.456250 0.100000 0.453125 0.100000 0.451562 0.101562 0.450000 0.101562 0.448437 0.103125 0.446875 0.103125 0.445312 0.104688 0.443750 0.104688 0.442188 0.106250 0.440625 0.106250 0.437500 0.109375 0.434375 0.109375 0.431250 0.112500 0.429688 0.112500 0.428125 0.114062 0.426563 0.114062 0.425000 0.115625 0.423438 0.115625 0.420312 0.118750 0.418750 0.118750 0.415625 0.121875 0.414062 0.121875 0.409375 0.126562 0.407813 0.126562 0.403125 0.131250 0.401562 0.131250 0.385937 0.146875 0.384375 0.146875 0.367188 0.164062 0.365625 0.164062 0.357812 0.171875 0.353125 0.171875 0.353125 0.196875 0.359375 0.196875 0.360938 0.198437 0.362500 0.198437 0.364063 0.200000 0.368750 0.200000 0.370312 0.201563 0.382812 0.201563 0.384375 0.200000 0.398438 0.200000 0.400000 0.198437 0.403125 0.198437 0.404687 0.196875 0.407813 0.196875 0.409375 0.195312 0.412500 0.195312 0.414062 0.193750 0.415625 0.193750 0.417187 0.192188 0.418750 0.192188 0.420312 0.190625 0.421875 0.190625 0.423438 0.189062 0.425000 0.189062 0.426563 0.187500 0.428125 0.187500 0.431250 0.184375 0.432812 0.184375 0.437500 0.179688 0.439063 0.179688 0.462500 0.156250 0.464062 0.156250 0.465625 0.154688 0.467187 0.154688 0.468750 0.153125 0.470313 0.153125 0.471875 0.151562 0.475000 0.151562 0.476562 0.150000 0.479687 0.150000 0.481250 0.148438 0.484375 0.148438 0.485938 0.146875 0.487500 0.146875 0.489063 0.145313 0.496875 0.145313 0.498437 0.143750 0.501563 0.143750 0.503125 0.142187 0.506250 0.142187 0.507812 0.140625 0.510938 0.140625 0.512500 0.139063 0.514062 0.139063 0.515625 0.137500 0.518750 0.137500 0.520312 0.135937 0.521875 0.135937 0.525000 0.132812 0.526563 0.132812 0.528125 0.131250 0.529687 0.131250 0.531250 0.129688 0.532813 0.129688 0.535937 0.126562 0.537500 0.126562 0.540625 0.123438 0.542188 0.123438 0.550000 0.115625 0.551562 0.115625 0.553125 0.114062 0.553125 0.112500 0.556250 0.109375 0.557813 0.109375 0.559375 0.107813 0.559375 0.106250 0.564063 0.101562 0.564063 0.090625
0 0.585938 0.684375 0.585938 0.690625 0.584375 0.692187 0.582812 0.692187 0.581250 0.693750 0.579688 0.693750 0.578125 0.695312 0.576562 0.695312 0.575000 0.696875 0.573438 0.696875 0.571875 0.698438 0.565625 0.698438 0.565625 0.714063 0.571875 0.714063 0.575000 0.717187 0.575000 0.720313 0.585938 0.731250 0.587500 0.731250 0.593750 0.737500 0.603125 0.737500 0.604688 0.735938 0.606250 0.735938 0.607812 0.734375 0.609375 0.734375 0.610938 0.732812 0.612500 0.732812 0.614062 0.731250 0.615625 0.731250 0.617188 0.729688 0.618750 0.729688 0.620313 0.728125 0.621875 0.728125 0.625000 0.725000 0.626563 0.725000 0.628125 0.723437 0.629687 0.723437 0.631250 0.721875 0.632812 0.721875 0.634375 0.720313 0.639062 0.720313 0.639062 0.684375
0 0.585938 0.803125 0.585938 0.809375 0.584375 0.810937 0.581250 0.810937 0.579688 0.812500 0.573438 0.812500 0.571875 0.814063 0.568750 0.814063 0.567187 0.812500 0.551562 0.812500 0.550000 0.814063 0.543750 0.814063 0.542188 0.815625 0.532813 0.815625 0.531250 0.817187 0.529687 0.817187 0.528125 0.818750 0.521875 0.818750 0.521875 0.840625 0.528125 0.840625 0.532813 0.845313 0.532813 0.846875 0.534375 0.846875 0.540625 0.853125 0.540625 0.857812 0.562500 0.857812 0.562500 0.853125 0.564063 0.851562 0.570312 0.851562 0.571875 0.850000 0.579688 0.850000 0.581250 0.848437 0.584375 0.848437 0.587500 0.845313 0.589063 0.845313 0.592187 0.842187 0.593750 0.842187 0.596875 0.839063 0.598437 0.839063 0.606250 0.831250 0.606250 0.829688 0.614062 0.821875 0.620313 0.821875 0.620313 0.803125
0 0.228125 0.734375 0.228125 0.757812 0.232813 0.757812 0.239063 0.764062 0.239063 0.765625 0.240625 0.765625 0.256250 0.781250 0.257812 0.781250 0.260937 0.784375 0.260937 0.789062 0.284375 0.789062 0.284375 0.784375 0.285938 0.782813 0.287500 0.782813 0.289062 0.781250 0.292187 0.781250 0.293750 0.779687 0.295312 0.779687 0.309375 0.765625 0.314063 0.765625 0.314063 0.754687 0.309375 0.754687 0.293750 0.739062 0.293750 0.734375
0 0.253125 0.878125 0.253125 0.914062 0.257812 0.914062 0.259375 0.915625 0.260937 0.915625 0.264062 0.918750 0.265625 0.918750 0.267188 0.920312 0.268750 0.920312 0.270313 0.921875 0.271875 0.921875 0.273438 0.923438 0.276562 0.923438 0.278125 0.925000 0.282813 0.925000 0.284375 0.926562 0.285938 0.926562 0.287500 0.928125 0.290625 0.928125 0.292187 0.929688 0.296875 0.929688 0.298438 0.931250 0.301563 0.931250 0.303125 0.932813 0.310937 0.932813 0.312500 0.934375 0.318750 0.934375 0.320312 0.935937 0.323437 0.935937 0.325000 0.937500 0.326562 0.937500 0.328125 0.939063 0.331250 0.939063 0.332813 0.940625 0.337500 0.940625 0.339062 0.942187 0.342187 0.942187 0.343750 0.943750 0.350000 0.943750 0.351562 0.945312 0.357812 0.945312 0.359375 0.943750 0.362500 0.943750 0.364063 0.942187 0.365625 0.942187 0.367188 0.940625 0.368750 0.940625 0.370312 0.939063 0.371875 0.939063 0.379688 0.931250 0.381250 0.931250 0.390625 0.921875 0.392188 0.921875 0.395313 0.918750 0.395313 0.917188 0.396875 0.915625 0.398438 0.915625 0.398438 0.914062 0.403125 0.909375 0.407813 0.909375 0.407813 0.898438 0.403125 0.898438 0.400000 0.895312 0.396875 0.895312 0.395313 0.893750 0.390625 0.893750 0.389062 0.892188 0.385937 0.892188 0.384375 0.890625 0.378125 0.890625 0.376563 0.889062 0.364063 0.889062 0.362500 0.887500 0.354687 0.887500 0.353125 0.889062 0.337500 0.889062 0.335938 0.890625 0.328125 0.890625 0.326562 0.889062 0.321875 0.889062 0.320312 0.887500 0.317188 0.887500 0.315625 0.885938 0.312500 0.885938 0.309375 0.882812 0.309375 0.878125
0 0.537500 0.453125 0.537500 0.457813 0.535937 0.459375 0.534375 0.459375 0.531250 0.462500 0.528125 0.462500 0.525000 0.465625 0.523438 0.465625 0.520312 0.468750 0.518750 0.468750 0.512500 0.475000 0.510938 0.475000 0.509375 0.476562 0.503125 0.476562 0.503125 0.496875 0.507812 0.496875 0.509375 0.498437 0.510938 0.498437 0.512500 0.500000 0.514062 0.500000 0.515625 0.501563 0.517188 0.501563 0.518750 0.503125 0.520312 0.503125 0.523438 0.506250 0.525000 0.506250 0.528125 0.509375 0.529687 0.509375 0.531250 0.510938 0.532813 0.510938 0.535937 0.514062 0.537500 0.514062 0.542188 0.518750 0.543750 0.518750 0.546875 0.521875 0.546875 0.526563 0.578125 0.526563 0.578125 0.520312 0.579688 0.518750 0.581250 0.518750 0.584375 0.515625 0.585938 0.515625 0.592187 0.509375 0.593750 0.509375 0.600000 0.503125 0.601562 0.503125 0.603125 0.501563 0.603125 0.500000 0.604688 0.498437 0.604688 0.485938 0.603125 0.484375 0.603125 0.481250 0.601562 0.479687 0.601562 0.476562 0.600000 0.475000 0.600000 0.468750 0.601562 0.467187 0.601562 0.462500 0.603125 0.460938 0.603125 0.453125
0 0.714063 0.471875 0.714063 0.476562 0.710938 0.479687 0.709375 0.479687 0.706250 0.482812 0.703125 0.482812 0.701562 0.484375 0.700000 0.484375 0.698438 0.485938 0.696875 0.485938 0.695312 0.487500 0.693750 0.487500 0.690625 0.490625 0.689063 0.490625 0.687500 0.492188 0.685937 0.492188 0.684375 0.493750 0.678125 0.493750 0.678125 0.517188 0.685937 0.517188 0.687500 0.518750 0.689063 0.518750 0.690625 0.520312 0.692187 0.520312 0.693750 0.521875 0.693750 0.526563 0.725000 0.526563 0.725000 0.521875 0.726562 0.520312 0.729688 0.520312 0.731250 0.518750 0.735938 0.518750 0.737500 0.517188 0.740625 0.517188 0.742188 0.515625 0.743750 0.515625 0.745313 0.514062 0.746875 0.514062 0.750000 0.510938 0.751563 0.510938 0.753125 0.509375 0.756250 0.509375 0.757812 0.507812 0.759375 0.507812 0.762500 0.504687 0.764062 0.504687 0.765625 0.503125 0.767188 0.503125 0.768750 0.501563 0.770312 0.501563 0.773438 0.498437 0.775000 0.498437 0.776563 0.496875 0.782813 0.496875 0.782813 0.482812 0.775000 0.482812 0.773438 0.481250 0.771875 0.481250 0.770312 0.479687 0.765625 0.479687 0.764062 0.478125 0.762500 0.478125 0.760938 0.476562 0.760938 0.471875
0 0.596875 0.378125 0.596875 0.382812 0.593750 0.385937 0.592187 0.385937 0.584375 0.393750 0.578125 0.393750 0.578125 0.426563 0.582812 0.426563 0.584375 0.428125 0.585938 0.428125 0.587500 0.429688 0.590625 0.429688 0.592187 0.431250 0.595313 0.431250 0.607812 0.443750 0.607812 0.445312 0.609375 0.446875 0.615625 0.446875 0.620313 0.442188 0.621875 0.442188 0.628125 0.435937 0.629687 0.435937 0.632812 0.432812 0.634375 0.432812 0.637500 0.429688 0.639062 0.429688 0.642188 0.426563 0.643750 0.426563 0.646875 0.423438 0.648438 0.423438 0.650000 0.421875 0.651563 0.421875 0.654687 0.418750 0.656250 0.418750 0.660937 0.414062 0.662500 0.414062 0.662500 0.412500 0.665625 0.409375 0.670312 0.409375 0.670312 0.406250 0.665625 0.406250 0.662500 0.403125 0.662500 0.401562 0.660937 0.400000 0.659375 0.400000 0.653125 0.393750 0.651563 0.393750 0.648438 0.390625 0.646875 0.390625 0.645312 0.389062 0.643750 0.389062 0.640625 0.385937 0.639062 0.385937 0.635938 0.382812 0.635938 0.378125
0 0.729688 0.234375 0.729688 0.240625 0.728125 0.242188 0.721875 0.242188 0.721875 0.262500 0.726562 0.262500 0.731250 0.267188 0.732812 0.267188 0.740625 0.275000 0.742188 0.275000 0.745313 0.278125 0.745313 0.282813 0.773438 0.282813 0.773438 0.278125 0.775000 0.276562 0.776563 0.276562 0.778125 0.275000 0.781250 0.275000 0.782813 0.273438 0.784375 0.273438 0.785937 0.271875 0.787500 0.271875 0.789062 0.270313 0.790625 0.270313 0.793750 0.267188 0.795312 0.267188 0.800000 0.262500 0.800000 0.260937 0.801562 0.259375 0.801562 0.254688 0.800000 0.253125 0.800000 0.251563 0.792188 0.243750 0.790625 0.243750 0.789062 0.242188 0.787500 0.242188 0.785937 0.240625 0.785937 0.234375
0 0.721875 0.790625 0.721875 0.828125 0.726562 0.828125 0.737500 0.839063 0.737500 0.840625 0.745313 0.848437 0.757812 0.848437 0.759375 0.846875 0.760938 0.846875 0.764062 0.843750 0.764062 0.842187 0.765625 0.840625 0.765625 0.839063 0.767188 0.837500 0.767188 0.835938 0.768750 0.834375 0.768750 0.826562 0.767188 0.825000 0.765625 0.825000 0.757812 0.817187 0.757812 0.815625 0.753125 0.810937 0.753125 0.809375 0.750000 0.806250 0.750000 0.804688 0.746875 0.801562 0.746875 0.800000 0.745313 0.798438 0.745313 0.796875 0.743750 0.795312 0.743750 0.790625
0 0.215625 0.421875 0.215625 0.426563 0.214062 0.428125 0.209375 0.428125 0.209375 0.478125 0.215625 0.478125 0.218750 0.481250 0.218750 0.482812 0.234375 0.498437 0.235937 0.498437 0.240625 0.503125 0.242188 0.503125 0.243750 0.504687 0.246875 0.504687 0.248438 0.506250 0.250000 0.506250 0.253125 0.509375 0.256250 0.509375 0.257812 0.510938 0.259375 0.510938 0.260937 0.512500 0.262500 0.512500 0.264062 0.514062 0.267188 0.514062 0.268750 0.515625 0.271875 0.515625 0.273438 0.517188 0.281250 0.517188 0.282813 0.518750 0.298438 0.518750 0.300000 0.520312 0.306250 0.520312 0.307812 0.521875 0.307812 0.526563 0.353125 0.526563 0.353125 0.521875 0.356250 0.518750 0.357812 0.518750 0.362500 0.514062 0.364063 0.514062 0.370312 0.507812 0.370312 0.506250 0.371875 0.504687 0.371875 0.500000 0.373437 0.498437 0.373437 0.476562 0.370312 0.473438 0.370312 0.471875 0.367188 0.468750 0.367188 0.467187 0.357812 0.457813 0.357812 0.456250 0.353125 0.451562 0.353125 0.450000 0.345313 0.442188 0.343750 0.442188 0.340625 0.439063 0.339062 0.439063 0.337500 0.437500 0.335938 0.437500 0.332813 0.434375 0.331250 0.434375 0.329688 0.432812 0.328125 0.432812 0.326562 0.431250 0.323437 0.431250 0.321875 0.429688 0.320312 0.429688 0.318750 0.428125 0.317188 0.428125 0.315625 0.426563 0.315625 0.421875
0 0.628125 0.465625 0.628125 0.495312 0.632812 0.495312 0.640625 0.503125 0.640625 0.507812 0.660937 0.507812 0.660937 0.503125 0.664062 0.500000 0.665625 0.500000 0.685937 0.479687 0.685937 0.475000 0.684375 0.473438 0.684375 0.465625
0 0.487500 0.590625 0.487500 0.595313 0.482812 0.600000 0.481250 0.600000 0.473438 0.607812 0.471875 0.607812 0.467187 0.612500 0.465625 0.612500 0.459375 0.618750 0.453125 0.618750 0.453125 0.650000 0.459375 0.650000 0.460938 0.651563 0.462500 0.651563 0.464062 0.653125 0.465625 0.653125 0.471875 0.659375 0.471875 0.660937 0.473438 0.660937 0.478125 0.665625 0.479687 0.665625 0.481250 0.667188 0.484375 0.667188 0.485938 0.668750 0.487500 0.668750 0.489063 0.670312 0.490625 0.670312 0.492188 0.671875 0.495312 0.671875 0.496875 0.673438 0.500000 0.673438 0.501563 0.675000 0.504687 0.675000 0.506250 0.676562 0.509375 0.676562 0.510938 0.675000 0.525000 0.675000 0.526563 0.676562 0.532813 0.676562 0.534375 0.675000 0.537500 0.675000 0.539062 0.673438 0.542188 0.673438 0.543750 0.671875 0.545312 0.671875 0.546875 0.670312 0.548438 0.670312 0.550000 0.668750 0.553125 0.668750 0.554688 0.667188 0.556250 0.667188 0.557813 0.665625 0.559375 0.665625 0.560937 0.664062 0.562500 0.664062 0.564063 0.662500 0.565625 0.662500 0.567187 0.660937 0.568750 0.660937 0.570312 0.659375 0.571875 0.659375 0.573438 0.657813 0.575000 0.657813 0.576562 0.656250 0.578125 0.656250 0.581250 0.653125 0.582812 0.653125 0.584375 0.651563 0.584375 0.650000 0.585938 0.648438 0.585938 0.646875 0.584375 0.645312 0.584375 0.643750 0.582812 0.642188 0.582812 0.640625 0.579688 0.640625 0.578125 0.639062 0.554688 0.639062 0.553125 0.637500 0.546875 0.637500 0.545312 0.635938 0.532813 0.635938 0.529687 0.632812 0.528125 0.632812 0.525000 0.629687 0.525000 0.621875 0.518750 0.615625 0.517188 0.615625 0.507812 0.606250 0.507812 0.604688 0.500000 0.596875 0.500000 0.590625
0 0.821875 0.928125 0.821875 0.957812 0.854688 0.957812 0.854688 0.953125 0.859375 0.948438 0.864062 0.948438 0.864062 0.928125
0 0.746875 0.846875 0.746875 0.876563 0.753125 0.876563 0.754687 0.878125 0.754687 0.879687 0.756250 0.881250 0.756250 0.882812 0.759375 0.885938 0.759375 0.887500 0.762500 0.890625 0.762500 0.892188 0.764062 0.893750 0.764062 0.895312 0.776563 0.907813 0.778125 0.907813 0.781250 0.910937 0.782813 0.910937 0.784375 0.912500 0.785937 0.912500 0.787500 0.914062 0.787500 0.920312 0.823438 0.920312 0.823438 0.915625 0.837500 0.901563 0.837500 0.900000 0.842187 0.895312 0.842187 0.893750 0.843750 0.892188 0.843750 0.890625 0.846875 0.887500 0.851562 0.887500 0.851562 0.860938 0.846875 0.860938 0.845313 0.859375 0.843750 0.859375 0.842187 0.857812 0.839063 0.857812 0.837500 0.859375 0.834375 0.859375 0.832812 0.860938 0.831250 0.860938 0.829688 0.862500 0.828125 0.862500 0.825000 0.865625 0.823438 0.865625 0.821875 0.867188 0.820312 0.867188 0.817187 0.870313 0.815625 0.870313 0.812500 0.873437 0.810937 0.873437 0.809375 0.875000 0.806250 0.875000 0.804688 0.876563 0.792188 0.876563 0.790625 0.875000 0.789062 0.875000 0.787500 0.873437 0.785937 0.873437 0.781250 0.868750 0.779687 0.868750 0.762500 0.851562 0.762500 0.846875
0 0.587500 0.771875 0.587500 0.776563 0.584375 0.779687 0.578125 0.779687 0.578125 0.795312 0.584375 0.795312 0.587500 0.798438 0.589063 0.798438 0.590625 0.800000 0.604688 0.800000 0.606250 0.798438 0.612500 0.798438 0.614062 0.796875 0.615625 0.796875 0.621875 0.790625 0.623437 0.790625 0.623437 0.789062 0.625000 0.787500 0.625000 0.785937 0.628125 0.782813 0.632812 0.782813 0.632812 0.771875
0 0.504687 0.559375 0.504687 0.564063 0.501563 0.567187 0.496875 0.567187 0.496875 0.596875 0.501563 0.596875 0.503125 0.598437 0.504687 0.598437 0.506250 0.600000 0.506250 0.601562 0.514062 0.609375 0.514062 0.610938 0.515625 0.612500 0.518750 0.612500 0.520312 0.614062 0.523438 0.614062 0.525000 0.612500 0.526563 0.612500 0.528125 0.610938 0.529687 0.610938 0.539062 0.601562 0.540625 0.601562 0.543750 0.598437 0.545312 0.598437 0.551562 0.592187 0.553125 0.592187 0.559375 0.585938 0.560937 0.585938 0.565625 0.581250 0.570312 0.581250 0.570312 0.568750 0.565625 0.568750 0.562500 0.565625 0.562500 0.559375
0 0.393750 0.459375 0.393750 0.464062 0.387500 0.470313 0.385937 0.470313 0.381250 0.475000 0.379688 0.475000 0.379688 0.476562 0.378125 0.478125 0.371875 0.478125 0.371875 0.514062 0.378125 0.514062 0.393750 0.529687 0.395313 0.529687 0.398438 0.532813 0.400000 0.532813 0.401562 0.534375 0.401562 0.539062 0.421875 0.539062 0.421875 0.534375 0.425000 0.531250 0.426563 0.531250 0.428125 0.529687 0.428125 0.528125 0.439063 0.517188 0.440625 0.517188 0.443750 0.514062 0.445312 0.514062 0.448437 0.510938 0.450000 0.510938 0.451562 0.509375 0.457813 0.509375 0.457813 0.485938 0.453125 0.485938 0.451562 0.484375 0.450000 0.484375 0.446875 0.481250 0.445312 0.481250 0.440625 0.476562 0.439063 0.476562 0.434375 0.471875 0.432812 0.471875 0.425000 0.464062 0.425000 0.459375
0 0.446875 0.440625 0.446875 0.465625 0.454688 0.465625 0.457813 0.468750 0.457813 0.470313 0.459375 0.471875 0.460938 0.471875 0.464062 0.475000 0.467187 0.475000 0.468750 0.476562 0.476562 0.476562 0.478125 0.475000 0.481250 0.475000 0.482812 0.473438 0.484375 0.473438 0.485938 0.471875 0.487500 0.471875 0.493750 0.465625 0.495312 0.465625 0.496875 0.464062 0.501563 0.464062 0.501563 0.440625
0 0.415625 0.040625 0.415625 0.076563 0.440625 0.076563 0.440625 0.071875 0.442188 0.070312 0.443750 0.070312 0.445312 0.068750 0.448437 0.068750 0.450000 0.067187 0.453125 0.067187 0.454688 0.065625 0.456250 0.065625 0.459375 0.062500 0.464062 0.062500 0.464062 0.054688 0.457813 0.054688 0.448437 0.045312 0.448437 0.040625
0 0.196875 0.553125 0.196875 0.571875 0.203125 0.571875 0.206250 0.575000 0.207813 0.575000 0.220312 0.587500 0.221875 0.587500 0.225000 0.590625 0.225000 0.595313 0.251563 0.595313 0.251563 0.590625 0.254688 0.587500 0.256250 0.587500 0.264062 0.579688 0.265625 0.579688 0.271875 0.573438 0.276562 0.573438 0.276562 0.553125
0 0.484375 0.953125 0.484375 0.982812 0.489063 0.982812 0.490625 0.984375 0.490625 0.989062 0.520312 0.989062 0.520312 0.984375 0.521875 0.982812 0.523438 0.982812 0.525000 0.981250 0.532813 0.981250 0.534375 0.979688 0.539062 0.979688 0.540625 0.978125 0.546875 0.978125 0.548438 0.976562 0.553125 0.976562 0.554688 0.975000 0.559375 0.975000 0.560937 0.973437 0.564063 0.973437 0.565625 0.971875 0.567187 0.971875 0.570312 0.968750 0.576562 0.968750 0.576562 0.953125
0 0.756250 0.721875 0.756250 0.726562 0.753125 0.729688 0.746875 0.729688 0.746875 0.746875 0.753125 0.746875 0.756250 0.750000 0.757812 0.750000 0.759375 0.751563 0.760938 0.751563 0.762500 0.753125 0.762500 0.757812 0.770312 0.757812 0.770312 0.753125 0.782813 0.740625 0.789062 0.740625 0.789062 0.721875
0 0.237500 0.246875 0.237500 0.251563 0.235937 0.253125 0.234375 0.253125 0.232813 0.254688 0.228125 0.254688 0.226562 0.256250 0.223438 0.256250 0.221875 0.257812 0.220312 0.257812 0.218750 0.259375 0.217188 0.259375 0.215625 0.260937 0.214062 0.260937 0.210938 0.264062 0.207813 0.264062 0.206250 0.265625 0.204687 0.265625 0.203125 0.267188 0.196875 0.267188 0.196875 0.282813 0.203125 0.282813 0.204687 0.284375 0.206250 0.284375 0.207813 0.285938 0.209375 0.285938 0.210938 0.287500 0.214062 0.287500 0.215625 0.289062 0.223438 0.289062 0.225000 0.290625 0.232813 0.290625 0.234375 0.292187 0.239063 0.292187 0.240625 0.293750 0.242188 0.293750 0.243750 0.295312 0.245312 0.295312 0.248438 0.298438 0.250000 0.298438 0.251563 0.300000 0.254688 0.300000 0.256250 0.301563 0.259375 0.301563 0.260937 0.300000 0.264062 0.300000 0.278125 0.285938 0.279687 0.285938 0.285938 0.279687 0.287500 0.279687 0.290625 0.276562 0.295312 0.276562 0.295312 0.265625 0.290625 0.265625 0.287500 0.262500 0.285938 0.262500 0.281250 0.257812 0.279687 0.257812 0.278125 0.256250 0.276562 0.256250 0.275000 0.254688 0.273438 0.254688 0.270313 0.251563 0.270313 0.246875
0 0.773438 0.578125 0.773438 0.582812 0.767188 0.589063 0.765625 0.589063 0.764062 0.590625 0.759375 0.590625 0.759375 0.612500 0.764062 0.612500 0.768750 0.617188 0.770312 0.617188 0.778125 0.625000 0.779687 0.625000 0.790625 0.635938 0.792188 0.635938 0.804688 0.648438 0.804688 0.650000 0.807813 0.653125 0.807813 0.654687 0.812500 0.659375 0.812500 0.660937 0.820312 0.668750 0.823438 0.668750 0.825000 0.670312 0.834375 0.670312 0.835938 0.668750 0.840625 0.668750 0.842187 0.667188 0.845313 0.667188 0.846875 0.665625 0.850000 0.665625 0.851562 0.664062 0.853125 0.664062 0.857812 0.659375 0.864062 0.659375 0.864062 0.650000 0.859375 0.650000 0.857812 0.648438 0.857812 0.645312 0.856250 0.643750 0.856250 0.640625 0.854688 0.639062 0.854688 0.635938 0.851562 0.632812 0.851562 0.631250 0.850000 0.629687 0.850000 0.628125 0.848437 0.626563 0.848437 0.625000 0.845313 0.621875 0.845313 0.620313 0.842187 0.617188 0.842187 0.615625 0.839063 0.612500 0.839063 0.610938 0.835938 0.607812 0.835938 0.606250 0.832812 0.603125 0.832812 0.601562 0.826562 0.595313 0.826562 0.593750 0.818750 0.585938 0.817187 0.585938 0.815625 0.584375 0.815625 0.578125
0 0.682813 0.071875 0.682813 0.076563 0.679688 0.079687 0.676562 0.079687 0.675000 0.081250 0.673438 0.081250 0.668750 0.085938 0.667188 0.085938 0.665625 0.087500 0.664062 0.087500 0.657813 0.093750 0.656250 0.093750 0.651563 0.098437 0.646875 0.098437 0.646875 0.114062 0.673438 0.114062 0.673438 0.109375 0.676562 0.106250 0.681250 0.106250 0.682813 0.104688 0.685937 0.104688 0.687500 0.103125 0.690625 0.103125 0.692187 0.101562 0.695312 0.101562 0.696875 0.100000 0.698438 0.100000 0.700000 0.098437 0.701562 0.098437 0.706250 0.093750 0.707812 0.093750 0.714063 0.087500 0.715625 0.087500 0.717187 0.085938 0.718750 0.085938 0.720313 0.084375 0.726562 0.084375 0.726562 0.071875
0 0.723437 0.103125 0.723437 0.107813 0.718750 0.112500 0.717187 0.112500 0.715625 0.114062 0.709375 0.114062 0.709375 0.134375 0.715625 0.134375 0.717187 0.135937 0.718750 0.135937 0.723437 0.140625 0.725000 0.140625 0.729688 0.145313 0.731250 0.145313 0.732812 0.146875 0.735938 0.146875 0.737500 0.148438 0.739062 0.148438 0.740625 0.150000 0.764062 0.150000 0.765625 0.148438 0.768750 0.148438 0.770312 0.146875 0.771875 0.146875 0.775000 0.143750 0.776563 0.143750 0.779687 0.140625 0.781250 0.140625 0.782813 0.139063 0.784375 0.139063 0.785937 0.137500 0.787500 0.137500 0.789062 0.135937 0.790625 0.135937 0.792188 0.134375 0.795312 0.134375 0.796875 0.132812 0.801562 0.132812 0.796875 0.132812 0.793750 0.129688 0.793750 0.128125 0.792188 0.126562 0.792188 0.125000 0.790625 0.123438 0.790625 0.121875 0.789062 0.120313 0.789062 0.118750 0.778125 0.107813 0.778125 0.103125
0 0.296875 0.940625 0.296875 0.960938 0.304688 0.960938 0.307812 0.964063 0.307812 0.965625 0.309375 0.965625 0.314063 0.970313 0.314063 0.976562 0.334375 0.976562 0.334375 0.970313 0.339062 0.965625 0.340625 0.965625 0.345313 0.960938 0.346875 0.960938 0.348438 0.959375 0.350000 0.959375 0.351562 0.957812 0.351562 0.956250 0.353125 0.954688 0.357812 0.954688 0.357812 0.951562 0.353125 0.951562 0.350000 0.948438 0.348438 0.948438 0.345313 0.945312 0.345313 0.940625
0 0.381250 0.715625 0.381250 0.720313 0.378125 0.723437 0.376563 0.723437 0.375000 0.725000 0.371875 0.725000 0.367188 0.729688 0.365625 0.729688 0.364063 0.731250 0.359375 0.731250 0.359375 0.748437 0.365625 0.748437 0.373437 0.756250 0.375000 0.756250 0.381250 0.762500 0.382812 0.762500 0.384375 0.764062 0.385937 0.764062 0.387500 0.765625 0.387500 0.770312 0.407813 0.770312 0.407813 0.765625 0.409375 0.764062 0.410938 0.764062 0.412500 0.762500 0.414062 0.762500 0.417187 0.759375 0.418750 0.759375 0.423438 0.754687 0.425000 0.754687 0.431250 0.748437 0.432812 0.748437 0.439063 0.742188 0.445312 0.742188 0.445312 0.732812 0.440625 0.732812 0.439063 0.731250 0.437500 0.731250 0.434375 0.728125 0.432812 0.728125 0.431250 0.726562 0.429688 0.726562 0.428125 0.725000 0.426563 0.725000 0.421875 0.720313 0.421875 0.715625
0 0.365625 0.640625 0.365625 0.653125 0.370312 0.653125 0.371875 0.654687 0.375000 0.654687 0.376563 0.656250 0.378125 0.656250 0.379688 0.657813 0.381250 0.657813 0.382812 0.659375 0.384375 0.659375 0.385937 0.660937 0.387500 0.660937 0.389062 0.662500 0.390625 0.662500 0.396875 0.668750 0.398438 0.668750 0.401562 0.671875 0.401562 0.676562 0.404687 0.676562 0.404687 0.670312 0.406250 0.668750 0.407813 0.668750 0.415625 0.660937 0.417187 0.660937 0.418750 0.659375 0.420312 0.659375 0.421875 0.657813 0.426563 0.657813 0.426563 0.650000 0.420312 0.650000 0.418750 0.648438 0.417187 0.648438 0.414062 0.645312 0.414062 0.640625
0 0.223438 0.121875 0.223438 0.128125 0.221875 0.129688 0.220312 0.129688 0.214062 0.135937 0.212500 0.135937 0.209375 0.139063 0.203125 0.139063 0.203125 0.192188 0.214062 0.192188 0.215625 0.193750 0.232813 0.193750 0.234375 0.192188 0.242188 0.192188 0.243750 0.190625 0.253125 0.190625 0.254688 0.189062 0.267188 0.189062 0.268750 0.187500 0.275000 0.187500 0.276562 0.185938 0.279687 0.185938 0.281250 0.184375 0.284375 0.184375 0.285938 0.182812 0.287500 0.182812 0.290625 0.179688 0.292187 0.179688 0.293750 0.178125 0.295312 0.178125 0.296875 0.176563 0.298438 0.176563 0.300000 0.175000 0.300000 0.173437 0.301563 0.171875 0.307812 0.171875 0.307812 0.165625 0.303125 0.165625 0.296875 0.159375 0.296875 0.157812 0.292187 0.153125 0.290625 0.153125 0.289062 0.151562 0.287500 0.151562 0.285938 0.150000 0.284375 0.150000 0.282813 0.148438 0.281250 0.148438 0.279687 0.146875 0.278125 0.146875 0.275000 0.143750 0.273438 0.143750 0.271875 0.142187 0.270313 0.142187 0.260937 0.132812 0.260937 0.129688 0.262500 0.128125 0.264062 0.128125 0.264062 0.121875
0 0.165625 0.409375 0.165625 0.428125 0.173437 0.428125 0.175000 0.429688 0.176563 0.429688 0.178125 0.431250 0.181250 0.431250 0.182812 0.432812 0.185938 0.432812 0.187500 0.434375 0.189062 0.434375 0.190625 0.435937 0.196875 0.435937 0.198437 0.437500 0.203125 0.437500 0.204687 0.435937 0.206250 0.435937 0.214062 0.428125 0.220312 0.428125 0.212500 0.428125 0.210938 0.426563 0.207813 0.426563 0.206250 0.425000 0.204687 0.425000 0.200000 0.420312 0.198437 0.420312 0.196875 0.418750 0.195312 0.418750 0.192188 0.415625 0.192188 0.409375
0 0.778125 0.740625 0.778125 0.768750 0.782813 0.768750 0.789062 0.775000 0.790625 0.775000 0.795312 0.779687 0.796875 0.779687 0.798438 0.781250 0.800000 0.781250 0.801562 0.782813 0.803125 0.782813 0.804688 0.784375 0.806250 0.784375 0.807813 0.785937 0.809375 0.785937 0.810937 0.787500 0.812500 0.787500 0.814063 0.789062 0.815625 0.789062 0.820312 0.793750 0.821875 0.793750 0.823438 0.795312 0.828125 0.795312 0.829688 0.793750 0.831250 0.793750 0.832812 0.792188 0.834375 0.792188 0.839063 0.787500 0.840625 0.787500 0.843750 0.784375 0.845313 0.784375 0.846875 0.782813 0.846875 0.781250 0.851562 0.776563 0.851562 0.775000 0.853125 0.773438 0.857812 0.773438 0.857812 0.764062 0.853125 0.764062 0.850000 0.760938 0.850000 0.759375 0.835938 0.745313 0.835938 0.740625
0 0.639062 0.809375 0.639062 0.814063 0.635938 0.817187 0.629687 0.817187 0.628125 0.818750 0.625000 0.818750 0.621875 0.821875 0.620313 0.821875 0.618750 0.823438 0.617188 0.823438 0.615625 0.825000 0.609375 0.825000 0.609375 0.842187 0.615625 0.842187 0.617188 0.843750 0.618750 0.843750 0.621875 0.846875 0.621875 0.851562 0.648438 0.851562 0.648438 0.846875 0.650000 0.845313 0.651563 0.845313 0.653125 0.843750 0.657813 0.843750 0.659375 0.842187 0.662500 0.842187 0.664062 0.840625 0.665625 0.840625 0.667188 0.839063 0.668750 0.839063 0.670312 0.837500 0.673438 0.837500 0.675000 0.835938 0.678125 0.835938 0.679688 0.834375 0.682813 0.834375 0.684375 0.832812 0.685937 0.832812 0.687500 0.831250 0.689063 0.831250 0.690625 0.829688 0.693750 0.829688 0.695312 0.828125 0.696875 0.828125 0.700000 0.825000 0.700000 0.823438 0.701562 0.821875 0.701562 0.820312 0.700000 0.818750 0.700000 0.817187 0.698438 0.815625 0.698438 0.809375
0 0.628125 0.609375 0.628125 0.626563 0.648438 0.626563 0.648438 0.621875 0.651563 0.618750 0.657813 0.618750 0.657813 0.609375
0 0.146875 0.509375 0.146875 0.521875 0.151562 0.521875 0.153125 0.523438 0.154688 0.523438 0.159375 0.528125 0.160938 0.528125 0.164062 0.531250 0.165625 0.531250 0.168750 0.534375 0.168750 0.539062 0.179688 0.539062 0.179688 0.532813 0.182812 0.529687 0.189062 0.529687 0.189062 0.520312 0.182812 0.520312 0.176563 0.514062 0.176563 0.509375
0 0.796875 0.790625 0.796875 0.820312 0.803125 0.820312 0.804688 0.821875 0.806250 0.821875 0.807813 0.823438 0.809375 0.823438 0.810937 0.825000 0.812500 0.825000 0.814063 0.826562 0.815625 0.826562 0.817187 0.828125 0.817187 0.832812 0.831250 0.832812 0.831250 0.828125 0.832812 0.826562 0.832812 0.825000 0.834375 0.823438 0.839063 0.823438 0.839063 0.815625 0.834375 0.815625 0.831250 0.812500 0.831250 0.810937 0.823438 0.803125 0.823438 0.801562 0.818750 0.796875 0.818750 0.790625
0 0.498437 0.221875 0.498437 0.226562 0.493750 0.231250 0.492188 0.231250 0.489063 0.234375 0.487500 0.234375 0.485938 0.235937 0.478125 0.235937 0.478125 0.259375 0.484375 0.259375 0.485938 0.260937 0.485938 0.262500 0.487500 0.264062 0.487500 0.265625 0.489063 0.267188 0.489063 0.270313 0.490625 0.271875 0.490625 0.278125 0.495312 0.282813 0.495312 0.284375 0.496875 0.285938 0.498437 0.285938 0.503125 0.290625 0.503125 0.295312 0.507812 0.295312 0.507812 0.290625 0.510938 0.287500 0.512500 0.287500 0.514062 0.285938 0.515625 0.285938 0.520312 0.281250 0.521875 0.281250 0.523438 0.279687 0.525000 0.279687 0.526563 0.278125 0.542188 0.278125 0.543750 0.276562 0.546875 0.276562 0.548438 0.275000 0.550000 0.275000 0.551562 0.273438 0.553125 0.273438 0.554688 0.271875 0.556250 0.271875 0.557813 0.270313 0.557813 0.268750 0.559375 0.267188 0.564063 0.267188 0.564063 0.256250 0.559375 0.256250 0.557813 0.254688 0.557813 0.253125 0.556250 0.251563 0.554688 0.251563 0.553125 0.250000 0.551562 0.250000 0.548438 0.246875 0.546875 0.246875 0.545312 0.245312 0.543750 0.245312 0.542188 0.243750 0.540625 0.243750 0.537500 0.240625 0.535937 0.240625 0.531250 0.235937 0.529687 0.235937 0.520312 0.226562 0.520312 0.221875
0 0.453125 0.171875 0.453125 0.176563 0.451562 0.178125 0.450000 0.178125 0.448437 0.179688 0.440625 0.179688 0.440625 0.195312 0.479687 0.195312 0.481250 0.196875 0.506250 0.196875 0.507812 0.195312 0.515625 0.195312 0.517188 0.193750 0.518750 0.193750 0.520312 0.192188 0.521875 0.192188 0.525000 0.189062 0.526563 0.189062 0.529687 0.185938 0.531250 0.185938 0.532813 0.184375 0.534375 0.184375 0.539062 0.179688 0.540625 0.179688 0.542188 0.178125 0.543750 0.178125 0.545312 0.176563 0.545312 0.171875
0 0.640625 0.646875 0.640625 0.682813 0.645312 0.682813 0.648438 0.685937 0.650000 0.685937 0.653125 0.689063 0.654687 0.689063 0.656250 0.690625 0.656250 0.695312 0.659375 0.695312 0.659375 0.690625 0.662500 0.687500 0.664062 0.687500 0.667188 0.684375 0.667188 0.682813 0.673438 0.676562 0.673438 0.675000 0.676562 0.671875 0.678125 0.671875 0.684375 0.665625 0.685937 0.665625 0.687500 0.664062 0.689063 0.664062 0.690625 0.662500 0.692187 0.662500 0.692187 0.660937 0.693750 0.659375 0.687500 0.653125 0.687500 0.646875
1 0.864062 0.584375 0.864062 0.589063 0.857812 0.595313 0.853125 0.595313 0.853125 0.645312 0.857812 0.645312 0.860938 0.648438 0.860938 0.650000 0.862500 0.651563 0.862500 0.653125 0.864062 0.654687 0.864062 0.656250 0.870313 0.662500 0.889062 0.662500 0.890625 0.660937 0.898438 0.660937 0.900000 0.659375 0.901563 0.659375 0.904687 0.656250 0.904687 0.654687 0.906250 0.653125 0.906250 0.650000 0.907813 0.648438 0.907813 0.645312 0.909375 0.643750 0.909375 0.642188 0.910937 0.640625 0.910937 0.639062 0.923438 0.626563 0.925000 0.626563 0.931250 0.620313 0.939063 0.620313 0.939063 0.609375 0.934375 0.609375 0.920312 0.595313 0.918750 0.595313 0.915625 0.592187 0.914062 0.592187 0.912500 0.590625 0.912500 0.584375
0 0.864062 0.584375 0.864062 0.589063 0.857812 0.595313 0.853125 0.595313 0.853125 0.645312 0.857812 0.645312 0.860938 0.648438 0.860938 0.650000 0.862500 0.651563 0.862500 0.653125 0.864062 0.654687 0.864062 0.656250 0.870313 0.662500 0.889062 0.662500 0.890625 0.660937 0.898438 0.660937 0.900000 0.659375 0.901563 0.659375 0.904687 0.656250 0.904687 0.654687 0.906250 0.653125 0.906250 0.650000 0.907813 0.648438 0.907813 0.645312 0.909375 0.643750 0.909375 0.642188 0.910937 0.640625 0.910937 0.639062 0.923438 0.626563 0.925000 0.626563 0.931250 0.620313 0.939063 0.620313 0.939063 0.609375 0.934375 0.609375 0.920312 0.595313 0.918750 0.595313 0.915625 0.592187 0.914062 0.592187 0.912500 0.590625 0.912500 0.584375
0 0.916667 0.428386 0.903645 0.454427 0.915364 0.481770 0.960938 0.486980 0.990886 0.457031 0.998437 0.363281
0 0.998437 0.449219 0.967448 0.471355 0.976562 0.496094 0.997395 0.498698
0 0.783855 0.096355 0.911458 0.179688 0.967448 0.149739 0.960938 0.119792 0.902344 0.096355 0.807292 0.085938
0 0.865886 0.329427 0.832031 0.342448 0.804688 0.358073 0.807292 0.368489 0.851562 0.384114 0.871094 0.363281 0.868489 0.330730
0 0.875000 0.395833 0.856770 0.406250 0.859375 0.415364 0.880208 0.416667 0.888020 0.402344 0.871094 0.394531
0 0.619792 0.061198 0.630208 0.027344 0.667969 0.016927 0.723958 0.014323 0.743489 0.024739 0.738281 0.048177 0.691406 0.063802 0.632812 0.067708
0 0.779948 0.019531 0.835938 0.044270 0.903645 0.037761 0.959636 0.003906 0.838542 0.000000 0.779948 0.020833
0 0.278645 0.791667 0.350261 0.802083 0.367188 0.813802 0.300781 0.834636 0.252605 0.851562 0.248698 0.828125 0.276042 0.804688
0 0.920573 0.634114 0.998437 0.660156 0.990886 0.680989 0.932292 0.695312 0.902344 0.690105 0.894531 0.670573 0.933594 0.641927
0 0.373698 0.395833 0.406250 0.398438 0.414062 0.382812 0.421875 0.369792 0.450520 0.367188 0.460938 0.382812 0.463542 0.410156 0.440105 0.415364 0.424480 0.415364 0.425781 0.436198 0.423177 0.447917 0.399739 0.453125 0.376302 0.444011 0.360677 0.420573 0.368489 0.398438
0 0.182987 0.206447 0.208794 0.204883 0.225216 0.221305 0.215831 0.234600 0.188461 0.240073 0.161092 0.241638 0.156400 0.227561 0.173603 0.215050
0 0.229908 0.203319 0.260405 0.193153 0.283083 0.193153 0.306544 0.183769 0.330784 0.175167 0.348770 0.182987 0.356591 0.199409 0.352681 0.212703 0.330003 0.218177 0.312017 0.218177 0.300287 0.215831 0.288558 0.215831 0.270572 0.231472 0.258059 0.243983 0.241638 0.244766 0.227561 0.230689 0.225216 0.211139 0.228344 0.204102
0 0.297159 0.115736 0.297159 0.096967 0.319055 0.087584 0.348770 0.094622 0.356591 0.103223 0.354245 0.111825 0.319837 0.121209 0.299505 0.120428
0 0.310453 0.060214 0.319055 0.050048 0.340169 0.043792 0.354245 0.043792 0.365975 0.046920 0.365192 0.057086 0.349553 0.062559 0.320619 0.062559 0.311234 0.062559
0 0.323747 0.130594 0.313581 0.144670 0.325311 0.149361 0.351898 0.149361 0.369103 0.144670 0.379269 0.132939 0.374577 0.120428 0.358938 0.117300 0.340169 0.116517 0.325311 0.124337
0 0.446969 0.283472 0.459906 0.297588 0.494017 0.298762 0.499898 0.289353 0.517542 0.303467 0.524600 0.332873 0.514014 0.354045 0.481080 0.357575 0.472845 0.336403 0.441087 0.334050 0.428148 0.345812 0.409328 0.344636 0.379923 0.331697 0.379923 0.318759 0.403447 0.292881 0.424620 0.281119 0.441087 0.278767
0 0.129386 0.289353 0.096452 0.284648 0.085866 0.288177 0.088217 0.309348 0.114094 0.328169 0.123505 0.329345 0.128209 0.306997 0.128209 0.298762
0 0.063517 0.235247 0.043520 0.225836 0.030583 0.230542 0.027053 0.248184 0.029406 0.265828 0.034111 0.271709 0.049402 0.261123 0.059988 0.244656
0 0.087041 0.292881 0.061164 0.299939 0.047050 0.310525 0.044697 0.326992 0.102333 0.362280 0.109389 0.355222 0.110566 0.329345 0.101156 0.318759 0.083513 0.298762 0.084689 0.289353
0 0.090570 0.359927 0.062341 0.365808 0.049402 0.378747 0.050578 0.399919 0.061164 0.409328 0.087041 0.419916 0.097627 0.423444 0.101156 0.385805 0.097627 0.369337
0 0.118800 0.412858 0.083513 0.422267 0.071750 0.434030 0.065869 0.437558 0.081159 0.462259 0.109389 0.483431 0.122328 0.481080 0.129386 0.452850 0.122328 0.410505
0 0.142323 0.468141 0.137619 0.465787 0.127033 0.470492 0.130562 0.478727 0.138795 0.479903
0 0.144677 0.511661 0.132914 0.524600 0.118800 0.552830 0.117623 0.571648 0.103508 0.585764 0.109389 0.598702 0.144677 0.608113 0.147030 0.605759 0.144677 0.561063 0.145853 0.516366
0 0.097627 0.575178 0.075278 0.589292 0.054106 0.604583 0.050578 0.619875 0.076455 0.642223 0.090570 0.663395 0.102333 0.682214 0.109389 0.685744 0.118800 0.662219 0.116447 0.625756 0.110566 0.604583
0 0.129386 0.692800 0.091747 0.695153 0.074103 0.719855 0.077631 0.741027 0.099980 0.753964 0.128209 0.766903 0.145853 0.776312 0.147030 0.773961 0.134091 0.699858
0 0.162320 0.728087 0.149381 0.732792 0.151734 0.745731 0.157616 0.745731 0.159967 0.732792
0 0.172906 0.772784 0.192902 0.799837 0.216427 0.815128 0.231717 0.831597 0.230542 0.855120 0.175258 0.835125 0.155262 0.828067 0.154086 0.805719 0.165848 0.782194
0 0.210545 0.722206 0.211722 0.736322 0.207017 0.748084 0.215250 0.765727 0.223484 0.773961 0.234070 0.783370 0.232894 0.793956 0.195255 0.784547 0.191727 0.782194 0.169378 0.751613 0.158791 0.723383 0.167025 0.706916 0.197606 0.715148
1 0.902713 0.249941 0.744505 0.341675 0.866816 0.463986 0.995775 0.361617 0.998437 0.319073
1 0.917336 0.263236 0.970516 0.303120 0.916006 0.320403
1 0.761787 0.083756 0.897394 0.251270 0.998437 0.214045 0.998437 0.135606 0.961208 0.017283 0.764447 0.081098
1 0.259247 0.055837 0.151559 0.232658 0.124970 0.256588 0.073120 0.231328 0.174161 0.055837
1 0.116994 0.257917 0.086416 0.280519 0.055837 0.239305 0.167514 0.055837 0.172831 0.058497 0.071792 0.226011 0.114334 0.256588
1 0.067803 0.283178 0.027919 0.275202 0.000000 0.287166 0.037225 0.487916 0.098381 0.493234 0.093063 0.474622 0.067803 0.444044 0.066473 0.429420 0.079769 0.424102 0.057167 0.410806 0.043872 0.394853 0.047861 0.368264 0.059827 0.362945 0.061156 0.352311 0.049191 0.335027 0.051850 0.308438 0.061156 0.297802
