0 0.524887 0.306749 0.524721 0.311582 0.521037 0.315021 0.517466 0.315236 0.515625 0.316956 0.508490 0.317385 0.506649 0.319102 0.495963 0.319744 0.495494 0.332633 0.502623 0.332212 0.504349 0.333721 0.506132 0.333616 0.509588 0.336636 0.511373 0.336531 0.518296 0.342579 0.520085 0.342475 0.521818 0.343989 0.523609 0.343885 0.527080 0.346915 0.528871 0.346812 0.530609 0.348329 0.534195 0.348122 0.535934 0.349639 0.539525 0.349432 0.541266 0.350952 0.541104 0.355821 0.564500 0.354485 0.564655 0.349607 0.568364 0.346150 0.570167 0.346046 0.575731 0.340857 0.577535 0.340753 0.583099 0.335564 0.584906 0.335458 0.588617 0.331998 0.590423 0.331892 0.594136 0.328430 0.595944 0.328324 0.597802 0.326592 0.599610 0.326485 0.603324 0.323023 0.608755 0.322701 0.609036 0.312958 0.603608 0.313283 0.601847 0.311771 0.600040 0.311879 0.594764 0.307344 0.594908 0.302487
0 0.682422 0.133411 0.681842 0.157342 0.725442 0.154237 0.725578 0.147828 0.733001 0.140900 0.738473 0.140505 0.738702 0.129304
0 0.511750 0.275505 0.511580 0.280313 0.502401 0.288888 0.500625 0.288999 0.495119 0.294142 0.491569 0.294362 0.487899 0.297789 0.482578 0.298117 0.482339 0.304533 0.487663 0.304207 0.492816 0.308700 0.494593 0.308592 0.498034 0.311592 0.499813 0.311484 0.503258 0.314486 0.503085 0.319316 0.520925 0.318246 0.521093 0.313410 0.522934 0.311690 0.524721 0.311582 0.526564 0.309862 0.528350 0.309754 0.530192 0.308034 0.533769 0.307817 0.535612 0.306096 0.540982 0.305769 0.542825 0.304048 0.548199 0.303720 0.550045 0.301998 0.553630 0.301778 0.557322 0.298333 0.559116 0.298223 0.560963 0.296499 0.562758 0.296389 0.562810 0.294776 0.566502 0.291329 0.566655 0.286493 0.564912 0.284993 0.564963 0.283382 0.563170 0.283494 0.556206 0.277506 0.556363 0.272683
0 0.026913 0.087848 0.026193 0.098359 0.034330 0.097712 0.035858 0.099087 0.039117 0.098828 0.040646 0.100203 0.042277 0.100074 0.043807 0.101451 0.047071 0.101193 0.050134 0.103948 0.049831 0.108470 0.061280 0.107571 0.061580 0.103045 0.065052 0.099770 0.066689 0.099641 0.070164 0.096366 0.076718 0.095846 0.077504 0.083787
0 0.511750 0.275505 0.511523 0.281917 0.504180 0.288777 0.502401 0.288888 0.502344 0.290492 0.500509 0.292207 0.498732 0.292317 0.495061 0.295746 0.489734 0.296075 0.487899 0.297789 0.482578 0.298117 0.482339 0.304533 0.489439 0.304098 0.494593 0.308592 0.496372 0.308484 0.501535 0.312984 0.505098 0.312769 0.506821 0.314271 0.513953 0.313841 0.515794 0.312122 0.524721 0.311582 0.526564 0.309862 0.530137 0.309646 0.531981 0.307926 0.533769 0.307817 0.535612 0.306096 0.540982 0.305769 0.542825 0.304048 0.546408 0.303830 0.548252 0.302107 0.551838 0.301888 0.555528 0.298443 0.559116 0.298223 0.562810 0.294776 0.562861 0.293164 0.566553 0.289717 0.564810 0.288216 0.564912 0.284993 0.556206 0.277506 0.556363 0.272683
0 0.320421 0.234876 0.334737 0.227137 0.339724 0.220025 0.334448 0.213622 0.309400 0.213659 0.292489 0.219038 0.278171 0.228443 0.274037 0.237154 0.275497 0.244652 0.290031 0.249601 0.304013 0.247828 0.318393 0.238399
0 0.884951 0.211038 0.872706 0.218924 0.868591 0.224503 0.868519 0.230705 0.888783 0.232940 0.906072 0.233600 0.913226 0.231360 0.916333 0.225825 0.912292 0.221648 0.902154 0.216988 0.895070 0.213911 0.887985 0.211723
1 0.313962 0.666067 0.648684 0.605848 0.699678 0.671289 0.347420 0.733701
1 0.402282 0.582951 0.736305 0.522773 0.781999 0.584145 0.440582 0.643579
1 0.561435 0.556605 0.672482 0.537384 0.748436 0.577189 0.553770 0.611282
1 0.320008 0.458492 0.444994 0.506205 0.269571 0.544177 0.341567 0.503934
1 0.179965 0.313342 0.273732 0.243081 0.278856 0.251188 0.296363 0.252568 0.310654 0.244846 0.330843 0.230787 0.342526 0.219834 0.337164 0.215126 0.315781 0.215751 0.310203 0.216135 0.301847 0.216709 0.352664 0.181970 0.489376 0.301101 0.339756 0.259057
1 0.412449 0.116197 0.399655 0.196408 0.569255 0.155439 0.457791 0.155832
1 0.488602 0.065839 0.471453 0.144673 0.639282 0.103277 0.528143 0.098127
