0 0.550281 0.907003 0.549737 0.913504 0.554493 0.920211 0.554357 0.921837 0.563868 0.935249 0.563732 0.936874 0.570865 0.946934 0.572190 0.946985 0.574568 0.950339 0.575893 0.950390 0.578271 0.953743 0.580921 0.953846 0.583298 0.957199 0.584624 0.957250 0.585812 0.958928 0.587137 0.958979 0.588326 0.960655 0.589651 0.960706 0.590840 0.962382 0.592165 0.962434 0.593354 0.964111 0.594679 0.964162 0.595868 0.965839 0.597192 0.965891 0.598382 0.967567 0.599706 0.967618 0.602084 0.970971 0.603409 0.971023 0.604599 0.972699 0.605923 0.972750 0.607113 0.974427 0.608437 0.974478 0.610815 0.977832 0.612139 0.977883 0.613329 0.979559 0.618629 0.979764 0.617404 0.994393 0.612104 0.994187 0.609182 0.997335 0.607857 0.997284 0.603474 1.000000 0.602149 1.000000 0.597766 1.000000 0.597358 1.000000 0.566883 1.000000 0.567291 1.000000 0.563725 1.000000 0.563861 0.998842 0.551972 0.982075 0.552108 0.980451 0.544975 0.970390 0.545111 0.968765 0.540355 0.962058 0.540491 0.960433 0.538113 0.957080 0.538249 0.955455 0.533494 0.948748 0.533630 0.947123 0.521741 0.930357 0.521877 0.928731 0.518310 0.923702 0.519771 0.922127 0.520180 0.917251 0.521640 0.915677 0.521776 0.914053 0.523238 0.912478 0.523782 0.905977
0 0.416301 0.490908 0.415893 0.495783 0.418271 0.499136 0.419596 0.499188 0.420784 0.500865 0.422110 0.500916 0.423298 0.502593 0.424623 0.502645 0.428190 0.507674 0.429515 0.507725 0.430704 0.509402 0.434679 0.509555 0.433182 0.527434 0.429208 0.527280 0.427746 0.528854 0.425096 0.528751 0.423635 0.530326 0.422310 0.530274 0.420849 0.531848 0.419524 0.531797 0.412218 0.539667 0.410894 0.539616 0.407972 0.542764 0.406647 0.542713 0.405186 0.544286 0.399886 0.544081 0.398697 0.542405 0.397372 0.542353 0.396184 0.540676 0.394858 0.540625 0.387725 0.530565 0.386399 0.530514 0.384022 0.527161 0.382697 0.527109 0.380319 0.523757 0.377669 0.523654 0.376481 0.521977 0.375155 0.521926 0.371589 0.516897 0.370264 0.516845 0.369074 0.515168 0.367750 0.515117 0.366561 0.513440 0.365236 0.513388 0.361669 0.508359 0.356370 0.508154 0.357050 0.500028 0.361025 0.500182 0.365408 0.495459 0.365953 0.488958
0 0.776902 0.772288 0.776493 0.777164 0.780060 0.782194 0.781385 0.782245 0.783763 0.785598 0.789063 0.785804 0.786477 0.816684 0.781177 0.816479 0.778255 0.819628 0.776930 0.819576 0.775469 0.821150 0.774145 0.821099 0.772683 0.822672 0.743534 0.821543 0.742072 0.823118 0.730148 0.822656 0.728960 0.820979 0.727634 0.820928 0.722879 0.814221 0.718903 0.814067 0.719720 0.804315 0.723695 0.804469 0.725156 0.802896 0.725293 0.801271 0.728215 0.798123 0.728351 0.796497 0.729675 0.796548 0.736980 0.788678 0.738306 0.788729 0.742689 0.784008 0.744014 0.784059 0.751318 0.776189 0.751727 0.771313
0 0.770585 0.752476 0.769632 0.763853 0.764332 0.763648 0.759950 0.768370 0.758624 0.768319 0.757163 0.769893 0.755838 0.769842 0.754377 0.771416 0.753052 0.771364 0.747208 0.777660 0.745883 0.777609 0.742961 0.780757 0.742825 0.782382 0.741364 0.783956 0.740039 0.783905 0.731273 0.793349 0.729947 0.793298 0.727025 0.796446 0.726617 0.801322 0.714693 0.800860 0.715101 0.795984 0.712723 0.792631 0.711398 0.792579 0.709020 0.789226 0.707695 0.789175 0.706506 0.787498 0.705182 0.787446 0.702804 0.784094 0.701478 0.784043 0.699101 0.780689 0.697775 0.780637 0.694209 0.775608 0.692884 0.775557 0.689317 0.770526 0.687993 0.770475 0.685614 0.767123 0.684290 0.767071 0.681912 0.763718 0.680587 0.763667 0.678210 0.760313 0.679162 0.748936
0 0.549321 0.378657 0.548777 0.385158 0.549965 0.386835 0.551291 0.386886 0.558424 0.396947 0.558288 0.398571 0.559477 0.400249 0.559341 0.401873 0.561718 0.405227 0.565693 0.405381 0.563244 0.434636 0.559269 0.434482 0.540275 0.454944 0.538950 0.454892 0.536029 0.458042 0.534703 0.457990 0.533242 0.459564 0.531917 0.459512 0.530456 0.461087 0.527807 0.460984 0.526345 0.462558 0.523695 0.462455 0.522235 0.464030 0.518259 0.463876 0.517070 0.462198 0.515746 0.462147 0.514557 0.460471 0.513232 0.460420 0.509665 0.455389 0.508340 0.455338 0.502396 0.446954 0.501071 0.446903 0.499881 0.445227 0.498557 0.445176 0.496179 0.441822 0.494854 0.441771 0.493665 0.440095 0.492340 0.440044 0.491151 0.438367 0.489827 0.438315 0.488637 0.436638 0.487312 0.436587 0.486123 0.434911 0.484799 0.434859 0.483610 0.433182 0.482284 0.433131 0.478718 0.428102 0.474743 0.427948 0.476103 0.411695 0.481403 0.411900 0.490170 0.402456 0.491495 0.402507 0.494417 0.399359 0.495742 0.399410 0.498664 0.396262 0.499989 0.396314 0.501450 0.394740 0.502775 0.394792 0.507159 0.390069 0.508483 0.390120 0.515789 0.382250 0.516197 0.377374
0 0.491237 0.278573 0.490829 0.283448 0.493207 0.286802 0.493070 0.288427 0.496637 0.293457 0.496501 0.295083 0.498878 0.298436 0.498742 0.300062 0.499932 0.301738 0.499796 0.303363 0.500985 0.305040 0.500849 0.306666 0.502037 0.308342 0.501765 0.311592 0.502954 0.313269 0.502681 0.316519 0.503871 0.318196 0.503735 0.319821 0.504924 0.321498 0.508898 0.321652 0.505633 0.360659 0.501658 0.360506 0.498735 0.363654 0.497411 0.363602 0.494489 0.366750 0.493163 0.366699 0.490242 0.369847 0.489834 0.374723 0.448759 0.373133 0.449167 0.368256 0.447979 0.366579 0.445328 0.366476 0.444140 0.364800 0.441490 0.364698 0.440300 0.363022 0.437651 0.362919 0.436462 0.361242 0.435137 0.361191 0.433948 0.359515 0.432623 0.359463 0.430246 0.356110 0.428920 0.356059 0.426543 0.352704 0.425218 0.352653 0.421651 0.347624 0.420326 0.347572 0.416759 0.342543 0.412785 0.342389 0.414282 0.324510 0.418256 0.324664 0.421178 0.321516 0.421314 0.319890 0.422639 0.319942 0.431405 0.310499 0.431541 0.308873 0.433003 0.307299 0.434328 0.307351 0.441633 0.299480 0.442958 0.299531 0.447341 0.294810 0.448666 0.294861 0.454510 0.288565 0.455835 0.288616 0.461679 0.282319 0.462087 0.277444
0 0.530550 0.841016 0.530142 0.845891 0.534898 0.852598 0.538872 0.852752 0.535879 0.888509 0.530579 0.888304 0.527657 0.891452 0.526332 0.891401 0.524871 0.892974 0.522221 0.892872 0.520759 0.894445 0.508835 0.893983 0.507646 0.892307 0.503671 0.892153 0.502482 0.890477 0.499833 0.890375 0.487944 0.873608 0.486618 0.873557 0.484241 0.870203 0.484377 0.868578 0.479621 0.861872 0.475646 0.861718 0.477552 0.838963
0 0.637814 0.147280 0.637406 0.152156 0.639784 0.155509 0.641109 0.155560 0.642298 0.157237 0.644948 0.157340 0.646137 0.159016 0.647462 0.159067 0.648651 0.160745 0.649975 0.160796 0.651165 0.162473 0.652489 0.162524 0.653678 0.164200 0.655003 0.164252 0.657381 0.167605 0.660031 0.167708 0.662409 0.171061 0.663733 0.171112 0.664923 0.172788 0.666247 0.172840 0.667437 0.174517 0.668761 0.174568 0.671140 0.177921 0.672464 0.177973 0.674842 0.181326 0.676167 0.181377 0.679734 0.186407 0.681058 0.186458 0.684625 0.191488 0.685951 0.191540 0.697840 0.208306 0.699164 0.208357 0.712242 0.226799 0.713567 0.226851 0.719512 0.235234 0.723486 0.235388 0.721309 0.261393 0.716009 0.261188 0.714548 0.262762 0.713223 0.262710 0.711762 0.264285 0.707787 0.264131 0.706327 0.265705 0.695727 0.265295 0.694538 0.263618 0.682613 0.263156 0.681424 0.261479 0.678774 0.261376 0.677586 0.259700 0.674935 0.259597 0.673746 0.257920 0.671096 0.257818 0.669908 0.256142 0.668583 0.256090 0.667394 0.254414 0.666069 0.254363 0.664880 0.252686 0.663555 0.252634 0.662366 0.250957 0.661041 0.250906 0.659852 0.249230 0.658527 0.249179 0.656149 0.245825 0.654825 0.245774 0.651258 0.240745 0.649932 0.240693 0.632099 0.215543 0.630775 0.215492 0.629585 0.213816 0.628261 0.213765 0.627071 0.212088 0.625746 0.212036 0.624558 0.210359 0.621908 0.210256 0.620719 0.208580 0.618069 0.208478 0.616880 0.206802 0.614230 0.206699 0.613041 0.205022 0.611716 0.204971 0.610527 0.203294 0.603902 0.203038 0.602714 0.201361 0.600063 0.201258 0.598875 0.199581 0.596225 0.199478 0.595036 0.197802 0.592385 0.197700 0.591197 0.196024 0.589872 0.195972 0.588683 0.194295 0.586033 0.194192 0.584845 0.192515 0.583519 0.192464 0.581141 0.189111 0.579816 0.189059 0.578628 0.187383 0.577303 0.187332 0.576114 0.185656 0.574788 0.185605 0.572411 0.182250 0.571086 0.182199 0.568708 0.178847 0.567383 0.178796 0.561439 0.170412 0.560114 0.170361 0.558925 0.168683 0.559061 0.167059 0.556683 0.163705 0.555358 0.163654 0.554169 0.161978 0.554305 0.160352 0.550738 0.155322 0.551691 0.143945
0 0.481432 0.760846 0.480888 0.767347 0.482077 0.769023 0.483403 0.769074 0.484591 0.770751 0.485916 0.770803 0.487105 0.772479 0.488431 0.772530 0.489619 0.774207 0.490944 0.774259 0.492133 0.775936 0.497433 0.776141 0.496072 0.792394 0.490772 0.792189 0.487850 0.795336 0.487578 0.798587 0.477350 0.809605 0.476026 0.809554 0.470181 0.815850 0.462232 0.815542 0.461042 0.813866 0.459718 0.813814 0.458529 0.812137 0.457204 0.812086 0.456015 0.810409 0.454690 0.810357 0.453501 0.808681 0.452176 0.808630 0.450987 0.806954 0.449662 0.806903 0.448473 0.805225 0.447148 0.805174 0.444771 0.801821 0.443445 0.801770 0.442257 0.800093 0.440932 0.800041 0.439743 0.798365 0.438418 0.798314 0.437229 0.796638 0.433254 0.796484 0.436384 0.759101
0 0.471091 0.884369 0.470546 0.890871 0.471736 0.892547 0.474386 0.892649 0.475574 0.894326 0.480874 0.894532 0.482063 0.896209 0.484713 0.896311 0.486175 0.894737 0.499424 0.895250 0.500613 0.896927 0.505913 0.897132 0.507101 0.898808 0.515051 0.899116 0.516240 0.900793 0.517566 0.900844 0.518754 0.902521 0.524054 0.902726 0.522149 0.925481 0.516849 0.925275 0.512466 0.929998 0.512330 0.931623 0.511005 0.931571 0.505161 0.937867 0.504753 0.942743 0.486203 0.942024 0.486611 0.937149 0.485422 0.935472 0.480123 0.935267 0.478934 0.933591 0.472308 0.933334 0.471120 0.931657 0.468470 0.931554 0.466092 0.928202 0.464767 0.928151 0.462390 0.924796 0.461064 0.924745 0.458686 0.921393 0.457362 0.921342 0.451417 0.912958 0.451553 0.911333 0.445609 0.902950 0.440308 0.902744 0.441941 0.883241
0 0.780497 0.824606 0.778456 0.848985 0.774481 0.848831 0.768636 0.855127 0.768500 0.856753 0.767176 0.856701 0.752565 0.872441 0.751241 0.872390 0.748319 0.875538 0.747910 0.880414 0.728035 0.879644 0.728444 0.874769 0.727254 0.873092 0.725930 0.873041 0.724741 0.871364 0.722091 0.871261 0.720902 0.869584 0.719577 0.869533 0.708877 0.854444 0.704902 0.854290 0.705854 0.842912 0.709830 0.843066 0.724440 0.827326 0.724848 0.822451
0 0.542646 0.521890 0.542238 0.526766 0.543427 0.528443 0.544752 0.528494 0.547130 0.531847 0.549780 0.531950 0.552157 0.535303 0.553482 0.535354 0.555861 0.538707 0.557185 0.538759 0.561941 0.545465 0.563265 0.545517 0.564455 0.547193 0.569754 0.547398 0.567985 0.568528 0.564011 0.568374 0.562549 0.569947 0.561224 0.569896 0.559763 0.571470 0.558439 0.571419 0.556977 0.572993 0.555652 0.572942 0.554191 0.574516 0.552867 0.574464 0.549944 0.577612 0.548619 0.577561 0.545697 0.580709 0.544373 0.580658 0.542911 0.582232 0.541586 0.582181 0.538665 0.585328 0.537339 0.585277 0.532956 0.589999 0.531631 0.589948 0.528709 0.593096 0.528301 0.597972 0.501801 0.596946 0.502346 0.590444 0.501156 0.588768 0.499832 0.588716 0.497454 0.585363 0.496129 0.585312 0.491374 0.578605 0.490048 0.578554 0.485293 0.571847 0.483968 0.571796 0.482779 0.570120 0.482915 0.568494 0.481726 0.566817 0.482814 0.553816 0.484276 0.552241 0.484548 0.548990 0.486009 0.547416 0.486282 0.544165 0.487742 0.542592 0.488287 0.536091 0.487098 0.534414 0.487506 0.529538 0.486317 0.527862 0.486997 0.519735
0 0.391291 0.535596 0.390883 0.540471 0.393261 0.543824 0.394586 0.543876 0.396964 0.547229 0.399614 0.547331 0.400803 0.549009 0.402128 0.549060 0.403316 0.550737 0.404641 0.550788 0.405831 0.552464 0.407155 0.552516 0.409533 0.555869 0.410858 0.555920 0.412047 0.557597 0.413372 0.557649 0.414561 0.559325 0.419861 0.559530 0.417820 0.583910 0.411195 0.583654 0.409734 0.585227 0.408408 0.585176 0.406948 0.586749 0.405623 0.586698 0.404162 0.588273 0.403753 0.593149 0.377254 0.592123 0.377662 0.587246 0.376474 0.585569 0.373823 0.585467 0.372634 0.583791 0.368659 0.583637 0.367471 0.581960 0.364821 0.581858 0.363631 0.580181 0.362307 0.580129 0.361118 0.578452 0.359793 0.578401 0.357415 0.575049 0.356090 0.574997 0.354901 0.573320 0.352251 0.573218 0.351063 0.571541 0.349738 0.571489 0.347360 0.568136 0.346035 0.568085 0.344846 0.566409 0.343520 0.566357 0.342332 0.564681 0.341007 0.564630 0.338629 0.561276 0.337304 0.561224 0.336115 0.559548 0.330815 0.559343 0.332040 0.544715 0.338665 0.544971 0.340126 0.543398 0.341451 0.543449 0.342912 0.541875 0.346887 0.542028 0.348348 0.540455 0.349673 0.540506 0.351134 0.538932 0.351542 0.534056
0 0.498829 0.441925 0.498421 0.446801 0.500798 0.450154 0.502124 0.450205 0.508068 0.458589 0.513368 0.458794 0.510510 0.492926 0.506536 0.492772 0.505074 0.494346 0.503749 0.494294 0.502288 0.495869 0.499638 0.495766 0.498178 0.497340 0.495527 0.497237 0.483839 0.509829 0.483703 0.511454 0.482242 0.513028 0.476942 0.512823 0.473375 0.507794 0.472050 0.507742 0.467295 0.501035 0.465970 0.500984 0.463592 0.497630 0.462267 0.497579 0.459889 0.494227 0.458564 0.494176 0.456186 0.490822 0.454861 0.490771 0.452484 0.487418 0.451158 0.487366 0.449970 0.485689 0.448644 0.485638 0.446267 0.482285 0.444942 0.482233 0.441376 0.477203 0.440050 0.477152 0.440186 0.475527 0.437809 0.472174 0.433834 0.472020 0.434106 0.468769 0.438081 0.468923 0.441003 0.465775 0.441139 0.464149 0.442600 0.462576 0.443925 0.462627 0.449769 0.456331 0.451094 0.456382 0.454016 0.453234 0.455341 0.453286 0.456803 0.451711 0.458127 0.451762 0.461049 0.448615 0.462375 0.448666 0.465296 0.445518 0.465704 0.440642
0 0.398725 0.288035 0.398180 0.294536 0.399370 0.296213 0.404670 0.296419 0.402901 0.317547 0.398926 0.317393 0.394543 0.322116 0.393218 0.322064 0.385912 0.329934 0.384587 0.329883 0.381665 0.333031 0.381257 0.337907 0.357407 0.336983 0.357815 0.332107 0.356627 0.330430 0.355302 0.330378 0.354113 0.328702 0.351463 0.328600 0.350274 0.326924 0.348949 0.326872 0.347761 0.325195 0.346435 0.325144 0.345247 0.323468 0.343922 0.323417 0.341544 0.320063 0.340219 0.320012 0.336652 0.314982 0.336788 0.313356 0.335600 0.311680 0.336008 0.306804 0.337469 0.305230 0.337605 0.303605 0.344909 0.295734 0.346235 0.295786 0.347696 0.294212 0.349021 0.294264 0.350482 0.292689 0.351027 0.286188
0 0.356907 0.866903 0.353641 0.905910 0.349667 0.905756 0.339439 0.916775 0.339303 0.918400 0.331997 0.926269 0.321398 0.925859 0.320209 0.924183 0.318884 0.924131 0.316507 0.920778 0.316643 0.919152 0.315453 0.917476 0.315590 0.915851 0.314400 0.914174 0.314536 0.912549 0.313348 0.910872 0.314028 0.902745 0.315489 0.901172 0.316814 0.901223 0.324120 0.893353 0.324256 0.891728 0.328639 0.887005 0.328775 0.885380 0.331697 0.882232 0.331833 0.880608 0.334755 0.877458 0.334891 0.875834 0.336352 0.874260 0.336488 0.872634 0.337949 0.871060 0.338357 0.866184
0 0.818312 0.499954 0.817904 0.504830 0.819093 0.506506 0.823067 0.506660 0.818713 0.558670 0.813413 0.558465 0.810491 0.561613 0.810355 0.563238 0.795745 0.578978 0.794420 0.578926 0.790036 0.583649 0.788711 0.583598 0.787250 0.585171 0.784600 0.585069 0.783139 0.586643 0.781814 0.586592 0.778892 0.589740 0.776242 0.589637 0.774782 0.591212 0.773456 0.591160 0.771996 0.592734 0.770670 0.592683 0.769210 0.594256 0.766559 0.594153 0.765098 0.595728 0.762448 0.595625 0.760987 0.597200 0.754362 0.596943 0.752901 0.598517 0.739651 0.598004 0.738191 0.599577 0.732891 0.599372 0.731430 0.600946 0.731022 0.605823 0.692597 0.604335 0.693006 0.599458 0.690628 0.596105 0.689303 0.596054 0.685736 0.591023 0.684411 0.590972 0.679656 0.584266 0.679792 0.582641 0.678603 0.580964 0.679011 0.576088 0.677822 0.574411 0.679728 0.551657 0.682650 0.548510 0.682786 0.546884 0.685707 0.543736 0.685843 0.542110 0.694610 0.532667 0.694746 0.531041 0.699129 0.526319 0.699265 0.524694 0.706570 0.516824 0.707895 0.516876 0.710817 0.513728 0.712143 0.513779 0.713603 0.512205 0.714928 0.512256 0.717850 0.509108 0.719175 0.509159 0.720636 0.507585 0.721961 0.507636 0.723423 0.506063 0.726073 0.506165 0.727533 0.504592 0.728859 0.504643 0.730319 0.503068 0.731644 0.503120 0.733105 0.501546 0.733514 0.496670
0 0.464709 0.531916 0.462124 0.562797 0.458149 0.562643 0.450844 0.570513 0.450435 0.575389 0.433211 0.574722 0.433619 0.569846 0.431242 0.566493 0.429916 0.566442 0.414461 0.544645 0.414869 0.539770 0.416330 0.538196 0.417010 0.530069
0 0.573071 0.666559 0.572662 0.671436 0.576229 0.676465 0.577554 0.676516 0.583498 0.684899 0.584824 0.684950 0.588391 0.689981 0.589715 0.690032 0.594471 0.696739 0.599771 0.696944 0.597049 0.729450 0.591749 0.729245 0.590288 0.730819 0.588963 0.730768 0.587503 0.732342 0.586177 0.732290 0.580333 0.738586 0.580197 0.740211 0.578872 0.740160 0.574489 0.744882 0.573164 0.744831 0.571703 0.746405 0.569053 0.746303 0.567591 0.747876 0.566267 0.747825 0.564805 0.749399 0.563481 0.749347 0.562019 0.750922 0.559370 0.750819 0.557909 0.752394 0.555259 0.752291 0.553797 0.753864 0.551148 0.753762 0.549687 0.755335 0.547037 0.755233 0.545848 0.753557 0.533923 0.753095 0.532462 0.754668 0.527162 0.754463 0.525973 0.752787 0.523323 0.752684 0.522135 0.751008 0.519484 0.750906 0.518296 0.749228 0.516971 0.749177 0.515782 0.747500 0.514456 0.747449 0.513268 0.745773 0.510618 0.745670 0.509429 0.743994 0.508104 0.743943 0.506915 0.742265 0.505590 0.742214 0.504402 0.740537 0.503076 0.740486 0.501887 0.738810 0.500563 0.738758 0.499374 0.737081 0.498049 0.737030 0.496860 0.735354 0.495535 0.735302 0.494345 0.733626 0.493021 0.733575 0.491832 0.731898 0.490507 0.731846 0.488129 0.728493 0.486805 0.728442 0.485615 0.726766 0.485751 0.725140 0.484562 0.723464 0.484698 0.721838 0.486160 0.720264 0.486296 0.718639 0.487757 0.717065 0.487893 0.715439 0.490542 0.715542 0.492004 0.713968 0.511878 0.714737 0.513340 0.713164 0.518639 0.713369 0.520101 0.711795 0.530700 0.712206 0.533623 0.709057 0.534947 0.709108 0.537869 0.705960 0.538550 0.697834 0.544394 0.691538 0.545719 0.691589 0.554486 0.682146 0.554622 0.680521 0.561927 0.672650 0.562471 0.666149
0 0.330809 0.924593 0.328223 0.955474 0.322923 0.955269 0.321463 0.956843 0.321327 0.958468 0.319865 0.960042 0.319729 0.961667 0.316807 0.964816 0.316671 0.966441 0.313749 0.969589 0.313613 0.971215 0.312152 0.972788 0.312016 0.974413 0.300327 0.987006 0.299002 0.986954 0.296080 0.990102 0.294755 0.990050 0.293294 0.991625 0.291970 0.991574 0.290508 0.993147 0.289964 0.999648 0.259489 0.998468 0.259897 0.993593 0.249198 0.978504 0.249334 0.976878 0.245768 0.971847 0.245904 0.970222 0.244714 0.968546 0.244850 0.966921 0.242473 0.963567 0.238498 0.963413 0.240811 0.935784 0.244786 0.935937 0.246247 0.934363 0.247572 0.934414 0.249033 0.932840 0.251683 0.932942 0.252872 0.934620 0.255522 0.934722 0.256711 0.936399 0.258036 0.936451 0.259224 0.938127 0.260550 0.938178 0.262927 0.941531 0.264252 0.941583 0.265441 0.943260 0.266767 0.943311 0.269144 0.946664 0.270469 0.946716 0.272847 0.950068 0.274172 0.950119 0.275361 0.951796 0.278011 0.951899 0.279199 0.953576 0.289799 0.953986 0.291260 0.952412 0.292586 0.952463 0.294046 0.950889 0.295372 0.950940 0.299754 0.946219 0.301080 0.946270 0.317151 0.928955 0.317559 0.924080
0 0.472488 0.851812 0.472079 0.856688 0.474457 0.860040 0.479757 0.860246 0.478396 0.876499 0.473096 0.876294 0.470174 0.879443 0.468849 0.879391 0.467388 0.880965 0.455463 0.880503 0.454275 0.878827 0.448975 0.878622 0.447786 0.876945 0.446461 0.876893 0.441705 0.870187 0.440381 0.870135 0.440517 0.868510 0.439328 0.866833 0.439464 0.865208 0.437086 0.861855 0.433111 0.861701 0.434064 0.850324
0 0.561218 0.633489 0.560810 0.638365 0.563187 0.641717 0.567162 0.641871 0.564576 0.672753 0.560601 0.672599 0.559141 0.674172 0.557816 0.674121 0.556354 0.675696 0.556218 0.677320 0.548914 0.685191 0.548777 0.686817 0.547316 0.688390 0.544666 0.688288 0.543205 0.689861 0.540555 0.689758 0.539366 0.688082 0.538041 0.688031 0.536852 0.686355 0.535528 0.686304 0.528394 0.676243 0.527069 0.676192 0.524691 0.672838 0.523367 0.672787 0.518611 0.666081 0.517286 0.666029 0.512530 0.659324 0.511206 0.659272 0.507638 0.654242 0.503664 0.654088 0.504753 0.641086 0.508727 0.641240 0.511649 0.638091 0.512193 0.631590
0 0.663999 0.533112 0.663591 0.537987 0.668347 0.544695 0.669672 0.544746 0.673238 0.549775 0.674563 0.549827 0.674427 0.551451 0.675616 0.553129 0.680916 0.553334 0.677786 0.590716 0.672486 0.590510 0.657876 0.606250 0.656551 0.606199 0.653628 0.609348 0.652304 0.609297 0.650843 0.610870 0.650435 0.615746 0.633210 0.615079 0.633618 0.610203 0.631240 0.606850 0.629915 0.606799 0.628727 0.605122 0.628863 0.603497 0.620540 0.591761 0.619215 0.591710 0.616838 0.588355 0.615513 0.588304 0.613135 0.584952 0.611810 0.584900 0.610621 0.583223 0.605321 0.583018 0.607362 0.558639 0.611337 0.558793 0.612799 0.557218 0.614123 0.557270 0.617045 0.554122 0.618371 0.554173 0.622753 0.549450 0.624078 0.549502 0.628461 0.544780 0.629787 0.544832 0.637092 0.536961 0.637500 0.532086
0 0.620583 0.511863 0.618406 0.537868 0.611781 0.537612 0.608859 0.540760 0.608722 0.542386 0.607262 0.543959 0.605936 0.543908 0.603015 0.547056 0.600365 0.546953 0.598904 0.548527 0.592279 0.548270 0.591090 0.546594 0.588440 0.546491 0.587252 0.544815 0.585926 0.544764 0.584737 0.543087 0.583412 0.543036 0.578657 0.536329 0.577332 0.536278 0.576143 0.534601 0.572168 0.534447 0.574209 0.510068
0 0.681918 0.096810 0.678788 0.134192 0.657589 0.133371 0.657997 0.128495 0.656808 0.126818 0.655483 0.126766 0.654295 0.125090 0.651645 0.124988 0.650455 0.123311 0.647805 0.123208 0.646616 0.121532 0.645291 0.121481 0.642914 0.118127 0.638939 0.117973 0.639619 0.109847 0.644919 0.110053 0.653686 0.100608 0.654094 0.095732
0 0.822781 0.637096 0.821148 0.656599 0.815848 0.656394 0.812926 0.659542 0.811601 0.659491 0.799913 0.672083 0.798588 0.672032 0.795666 0.675180 0.795258 0.680056 0.772733 0.679184 0.773141 0.674307 0.770763 0.670954 0.769439 0.670903 0.763494 0.662520 0.762169 0.662469 0.757414 0.655762 0.753439 0.655608 0.755208 0.634479
0 0.333745 0.794260 0.333337 0.799136 0.335715 0.802490 0.341014 0.802695 0.339518 0.820573 0.334218 0.820368 0.331296 0.823516 0.329971 0.823464 0.328510 0.825039 0.327184 0.824988 0.325724 0.826561 0.325315 0.831437 0.318691 0.831180 0.319099 0.826305 0.309587 0.812892 0.304288 0.812686 0.305921 0.793183
0 0.815003 0.317200 0.814595 0.322077 0.815784 0.323753 0.817108 0.323804 0.818297 0.325481 0.822272 0.325635 0.823462 0.327311 0.826111 0.327414 0.827300 0.329090 0.828625 0.329141 0.829814 0.330819 0.831138 0.330870 0.832328 0.332546 0.833653 0.332597 0.836030 0.335951 0.838680 0.336053 0.839869 0.337730 0.841195 0.337782 0.842383 0.339459 0.847683 0.339664 0.846322 0.355917 0.841022 0.355712 0.839562 0.357285 0.838236 0.357234 0.836775 0.358809 0.835450 0.358757 0.833989 0.360331 0.831340 0.360228 0.829878 0.361802 0.823253 0.361545 0.821792 0.363120 0.815167 0.362863 0.813707 0.364436 0.809731 0.364283 0.808271 0.365857 0.806945 0.365806 0.805485 0.367379 0.804160 0.367328 0.801237 0.370477 0.799913 0.370426 0.798451 0.371999 0.795801 0.371897 0.794340 0.373471 0.791690 0.373368 0.790502 0.371691 0.787852 0.371589 0.777152 0.356500 0.775827 0.356448 0.771071 0.349741 0.769746 0.349689 0.767368 0.346336 0.763394 0.346182 0.764346 0.334806 0.768321 0.334960 0.771243 0.331811 0.772568 0.331863 0.776951 0.327140 0.778276 0.327192 0.779737 0.325618 0.781062 0.325669 0.782523 0.324096 0.783848 0.324147 0.786770 0.320999 0.787178 0.316123
0 0.331689 0.644167 0.331281 0.649042 0.336036 0.655750 0.337362 0.655801 0.338551 0.657477 0.342525 0.657631 0.340620 0.680386 0.336646 0.680232 0.332262 0.684954 0.330938 0.684903 0.323632 0.692772 0.322308 0.692721 0.312080 0.703740 0.310754 0.703688 0.299066 0.716280 0.298930 0.717905 0.296008 0.721053 0.295872 0.722678 0.291489 0.727401 0.291353 0.729025 0.284048 0.736896 0.281397 0.736793 0.279937 0.738367 0.271987 0.738059 0.270798 0.736383 0.266823 0.736229 0.265635 0.734553 0.262984 0.734450 0.261795 0.732773 0.259145 0.732670 0.257957 0.730993 0.256632 0.730942 0.253065 0.725913 0.247765 0.725707 0.248582 0.715955 0.252556 0.716109 0.254018 0.714536 0.254290 0.711284 0.255751 0.709711 0.256023 0.706460 0.257483 0.704886 0.257756 0.701636 0.260679 0.698487 0.260815 0.696862 0.262275 0.695288 0.262411 0.693663 0.263873 0.692089 0.264009 0.690463 0.266930 0.687315 0.267066 0.685691 0.269989 0.682543 0.270125 0.680917 0.273046 0.677769 0.273182 0.676144 0.276105 0.672995 0.276241 0.671370 0.279164 0.668222 0.279300 0.666596 0.285144 0.660301 0.285280 0.658676 0.292585 0.650806 0.293910 0.650857 0.295371 0.649283 0.295915 0.642782
0 0.452626 0.120542 0.452218 0.125418 0.454595 0.128770 0.457246 0.128873 0.458435 0.130550 0.459759 0.130601 0.463326 0.135632 0.464651 0.135683 0.465840 0.137359 0.467166 0.137411 0.471920 0.144117 0.473246 0.144168 0.476812 0.149198 0.480787 0.149352 0.479427 0.165605 0.456902 0.164733 0.457310 0.159857 0.454933 0.156504 0.450958 0.156350 0.449768 0.154674 0.447119 0.154571 0.445930 0.152894 0.443280 0.152791 0.442091 0.151114 0.439441 0.151012 0.438252 0.149336 0.436927 0.149284 0.435738 0.147607 0.434414 0.147556 0.430847 0.142526 0.429522 0.142475 0.424766 0.135769 0.423441 0.135717 0.422253 0.134041 0.420927 0.133990 0.419738 0.132313 0.414439 0.132108 0.415527 0.119105
0 0.415456 0.151714 0.415048 0.156590 0.418614 0.161620 0.419939 0.161671 0.421128 0.163347 0.426428 0.163552 0.424659 0.184682 0.419359 0.184477 0.417898 0.186050 0.416573 0.185999 0.412190 0.190721 0.410865 0.190670 0.406481 0.195393 0.405157 0.195341 0.403696 0.196915 0.401045 0.196812 0.399584 0.198387 0.398260 0.198335 0.396799 0.199909 0.376924 0.199139 0.375735 0.197463 0.373085 0.197360 0.371897 0.195683 0.370571 0.195632 0.368193 0.192279 0.366868 0.192227 0.364491 0.188874 0.363166 0.188823 0.361976 0.187147 0.360652 0.187095 0.359463 0.185418 0.358138 0.185367 0.356949 0.183690 0.355624 0.183639 0.354435 0.181962 0.351786 0.181860 0.350596 0.180183 0.346622 0.180029 0.350596 0.180183 0.353518 0.177036 0.353655 0.175410 0.355115 0.173835 0.355251 0.172211 0.356713 0.170637 0.356849 0.169011 0.358310 0.167438 0.358446 0.165812 0.368673 0.154794 0.369081 0.149918
0 0.652283 0.800074 0.651874 0.804950 0.654252 0.808302 0.655577 0.808354 0.656766 0.810031 0.659416 0.810133 0.662982 0.815164 0.664308 0.815215 0.665496 0.816891 0.669472 0.817045 0.667975 0.834923 0.662675 0.834718 0.655370 0.842588 0.654045 0.842537 0.648200 0.848833 0.646876 0.848782 0.645414 0.850355 0.644090 0.850304 0.642628 0.851878 0.642220 0.856754 0.624995 0.856087 0.625403 0.851211 0.624215 0.849534 0.622889 0.849483 0.621701 0.847807 0.620376 0.847755 0.617999 0.844402 0.616673 0.844351 0.613106 0.839320 0.611782 0.839269 0.607026 0.832563 0.605701 0.832511 0.600945 0.825806 0.595646 0.825601 0.596462 0.815848 0.600437 0.816002 0.601898 0.814428 0.603223 0.814479 0.606145 0.811331 0.607470 0.811383 0.608931 0.809808 0.610256 0.809860 0.611717 0.808286 0.613042 0.808337 0.617425 0.803616 0.617833 0.798739
0 0.672064 0.722572 0.670975 0.735574 0.667001 0.735420 0.665540 0.736994 0.662890 0.736891 0.661428 0.738466 0.660103 0.738414 0.658642 0.739989 0.657317 0.739937 0.655857 0.741511 0.654531 0.741460 0.653071 0.743033 0.651745 0.742982 0.650285 0.744556 0.648959 0.744505 0.643115 0.750801 0.641790 0.750750 0.638869 0.753898 0.638460 0.758773 0.635810 0.758671 0.636355 0.752169 0.635165 0.750493 0.633840 0.750442 0.627896 0.742058 0.626571 0.742007 0.625382 0.740331 0.624057 0.740280 0.622868 0.738603 0.618893 0.738449 0.619573 0.730322 0.624874 0.730528 0.626335 0.728954 0.627660 0.729005 0.630582 0.725856 0.630990 0.720981
0 0.837813 0.187637 0.837269 0.194138 0.838458 0.195815 0.839784 0.195867 0.844539 0.202572 0.845864 0.202624 0.848242 0.205978 0.853541 0.206183 0.848915 0.261444 0.839640 0.261085 0.838179 0.262658 0.823604 0.262094 0.822415 0.260418 0.815790 0.260161 0.814602 0.258484 0.806652 0.258176 0.805463 0.256499 0.794863 0.256088 0.793674 0.254412 0.788374 0.254207 0.787186 0.252531 0.784536 0.252428 0.783347 0.250751 0.780697 0.250648 0.779507 0.248971 0.778183 0.248920 0.775805 0.245568 0.774480 0.245517 0.773291 0.243839 0.771967 0.243788 0.770777 0.242112 0.769452 0.242061 0.768263 0.240383 0.768400 0.238758 0.767210 0.237082 0.761911 0.236876 0.762455 0.230375 0.766430 0.230529 0.772274 0.224233 0.772410 0.222607 0.776794 0.217886 0.778118 0.217937 0.779580 0.216362 0.780904 0.216414 0.782365 0.214840 0.783690 0.214892 0.785151 0.213318 0.786476 0.213369 0.787938 0.211795 0.789262 0.211846 0.792184 0.208698 0.793509 0.208750 0.794971 0.207175 0.796295 0.207226 0.805062 0.197782 0.805334 0.194533 0.804145 0.192856 0.802820 0.192804 0.803365 0.186303
0 0.861800 0.488593 0.860167 0.508097 0.853542 0.507840 0.852081 0.509415 0.850755 0.509364 0.849295 0.510937 0.846645 0.510834 0.845184 0.512408 0.842533 0.512305 0.841073 0.513880 0.839748 0.513828 0.838287 0.515402 0.832987 0.515197 0.831526 0.516771 0.827551 0.516617 0.826363 0.514940 0.825037 0.514889 0.819093 0.506506 0.813793 0.506301 0.820418 0.506558 0.821878 0.504984 0.824528 0.505087 0.825990 0.503512 0.827315 0.503563 0.831698 0.498841 0.833023 0.498892 0.834484 0.497319 0.835809 0.497370 0.838730 0.494222 0.839275 0.487721
0 0.313563 0.813046 0.311113 0.842301 0.307138 0.842147 0.301294 0.848443 0.299969 0.848392 0.295586 0.853113 0.294261 0.853062 0.292800 0.854637 0.291475 0.854585 0.290014 0.856160 0.288689 0.856109 0.287227 0.857682 0.285903 0.857631 0.284442 0.859204 0.283117 0.859153 0.281656 0.860728 0.280331 0.860676 0.278869 0.862250 0.277545 0.862198 0.273162 0.866921 0.271837 0.866870 0.270375 0.868443 0.266401 0.868289 0.265211 0.866613 0.263887 0.866562 0.262698 0.864886 0.261373 0.864834 0.257806 0.859804 0.256481 0.859753 0.254104 0.856399 0.252778 0.856348 0.251590 0.854672 0.251726 0.853046 0.248160 0.848017 0.248296 0.846391 0.247106 0.844715 0.243132 0.844561 0.243948 0.834808 0.247923 0.834962 0.250845 0.831815 0.250981 0.830189 0.264130 0.816024 0.264538 0.811147
0 0.425498 0.889126 0.425090 0.894002 0.427467 0.897355 0.432768 0.897560 0.433956 0.899237 0.436606 0.899340 0.438984 0.902693 0.440308 0.902744 0.441498 0.904421 0.442822 0.904473 0.444012 0.906149 0.449311 0.906354 0.447815 0.924232 0.442515 0.924027 0.441053 0.925601 0.439729 0.925550 0.436807 0.928698 0.436398 0.933573 0.413873 0.932701 0.414282 0.927826 0.413093 0.926150 0.411768 0.926098 0.410579 0.924421 0.406604 0.924267 0.405416 0.922590 0.402766 0.922487 0.401577 0.920811 0.400252 0.920760 0.399062 0.919084 0.397738 0.919033 0.396549 0.917355 0.393899 0.917253 0.392710 0.915577 0.390060 0.915474 0.388871 0.913797 0.386221 0.913694 0.385032 0.912017 0.383708 0.911966 0.382519 0.910290 0.381193 0.910238 0.380005 0.908562 0.377355 0.908460 0.376166 0.906783 0.374841 0.906731 0.372463 0.903378 0.372599 0.901753 0.371411 0.900076 0.371547 0.898450 0.373007 0.896877 0.373143 0.895251 0.374604 0.893677 0.375148 0.887176
0 0.452190 0.681445 0.450693 0.699324 0.433468 0.698657 0.433877 0.693781 0.431499 0.690427 0.426199 0.690222 0.427015 0.680470
0 0.868990 0.593229 0.867902 0.606231 0.863927 0.606077 0.862466 0.607652 0.861140 0.607601 0.856758 0.612322 0.855432 0.612271 0.852511 0.615419 0.851186 0.615368 0.848264 0.618516 0.847855 0.623391 0.838580 0.623032 0.839124 0.616532 0.836748 0.613177 0.831448 0.612972 0.832264 0.603220 0.837564 0.603425 0.843407 0.597129 0.843816 0.592254
0 0.293308 0.864440 0.290723 0.895320 0.285423 0.895115 0.283962 0.896690 0.282637 0.896638 0.281176 0.898213 0.279851 0.898162 0.278390 0.899735 0.277065 0.899684 0.275604 0.901257 0.274279 0.901206 0.272818 0.902780 0.272410 0.907656 0.260485 0.907194 0.260893 0.902318 0.259705 0.900642 0.259841 0.899017 0.258651 0.897340 0.254676 0.897187 0.255357 0.889059 0.259332 0.889213 0.262254 0.886065 0.262390 0.884440 0.269695 0.876570 0.269831 0.874944 0.274215 0.870223 0.274759 0.863722
0 0.595910 0.282626 0.595502 0.287502 0.599068 0.292532 0.600393 0.292584 0.602770 0.295937 0.604096 0.295988 0.605284 0.297664 0.611910 0.297921 0.609868 0.322301 0.604569 0.322096 0.603107 0.323669 0.602971 0.325295 0.601510 0.326869 0.601374 0.328494 0.599913 0.330069 0.599641 0.333319 0.598180 0.334893 0.597636 0.341394 0.593253 0.346117 0.593117 0.347742 0.591655 0.349316 0.590331 0.349265 0.585947 0.353986 0.585539 0.358862 0.581565 0.358708 0.581973 0.353832 0.579594 0.350479 0.578270 0.350428 0.577081 0.348752 0.575756 0.348700 0.572190 0.343670 0.570864 0.343619 0.569675 0.341941 0.568350 0.341890 0.567161 0.340214 0.553911 0.339701 0.552723 0.338024 0.550073 0.337921 0.548884 0.336245 0.547559 0.336194 0.546371 0.334518 0.545045 0.334466 0.543856 0.332789 0.542531 0.332738 0.541342 0.331062 0.541478 0.329436 0.540290 0.327760 0.536314 0.327606 0.537267 0.316228 0.541242 0.316382 0.542703 0.314809 0.542839 0.313183 0.544300 0.311609 0.545625 0.311661 0.547086 0.310086 0.548412 0.310138 0.551333 0.306989 0.552658 0.307041 0.554120 0.305466 0.555444 0.305518 0.556905 0.303944 0.558230 0.303995 0.561152 0.300847 0.562478 0.300899 0.566861 0.296176 0.568186 0.296228 0.576952 0.286784 0.577360 0.281908
0 0.638688 0.232104 0.638280 0.236981 0.639469 0.238657 0.640794 0.238708 0.641983 0.240385 0.648608 0.240642 0.647247 0.256894 0.614123 0.255611 0.612662 0.257186 0.591462 0.256365 0.590274 0.254688 0.583648 0.254431 0.582459 0.252755 0.581134 0.252704 0.579946 0.251028 0.578620 0.250976 0.576243 0.247622 0.574917 0.247571 0.572540 0.244219 0.571215 0.244167 0.570026 0.242490 0.568701 0.242439 0.565135 0.237409 0.563809 0.237358 0.562620 0.235681 0.561296 0.235630 0.560107 0.233954 0.560515 0.229077
0 0.438325 0.720042 0.435195 0.757425 0.431220 0.757271 0.428298 0.760418 0.426973 0.760367 0.424051 0.763516 0.422726 0.763464 0.421265 0.765038 0.420857 0.769913 0.418207 0.769811 0.418615 0.764935 0.416237 0.761582 0.414912 0.761531 0.412534 0.758177 0.412670 0.756553 0.407914 0.749845 0.408050 0.748220 0.405673 0.744867 0.404348 0.744816 0.399592 0.738109 0.398268 0.738058 0.397079 0.736381 0.395753 0.736329 0.394565 0.734653 0.393240 0.734602 0.393376 0.732976 0.392187 0.731300 0.398031 0.725004 0.398575 0.718503
1 0.254297 0.647692 0.253889 0.652569 0.258644 0.659275 0.262619 0.659429 0.258265 0.711438 0.254290 0.711284 0.251367 0.714433 0.251231 0.716058 0.249770 0.717633 0.249634 0.719257 0.248174 0.720831 0.248038 0.722457 0.242193 0.728753 0.226294 0.728137 0.225104 0.726460 0.218479 0.726203 0.217291 0.724527 0.215965 0.724476 0.213588 0.721123 0.213724 0.719497 0.212535 0.717821 0.212807 0.714570 0.211618 0.712894 0.211890 0.709642 0.210702 0.707966 0.210838 0.706341 0.209649 0.704664 0.209785 0.703038 0.200273 0.689626 0.198949 0.689575 0.194193 0.682869 0.187568 0.682612 0.188520 0.671234 0.192496 0.671388 0.205645 0.657223 0.206970 0.657274 0.209892 0.654125 0.211218 0.654176 0.212678 0.652603 0.213223 0.646102
0 0.254297 0.647692 0.253889 0.652569 0.258644 0.659275 0.262619 0.659429 0.258265 0.711438 0.254290 0.711284 0.251367 0.714433 0.251231 0.716058 0.249770 0.717633 0.249634 0.719257 0.248174 0.720831 0.248038 0.722457 0.242193 0.728753 0.226294 0.728137 0.225104 0.726460 0.218479 0.726203 0.217291 0.724527 0.215965 0.724476 0.213588 0.721123 0.213724 0.719497 0.212535 0.717821 0.212807 0.714570 0.211618 0.712894 0.211890 0.709642 0.210702 0.707966 0.210838 0.706341 0.209649 0.704664 0.209785 0.703038 0.200273 0.689626 0.198949 0.689575 0.194193 0.682869 0.187568 0.682612 0.188520 0.671234 0.192496 0.671388 0.205645 0.657223 0.206970 0.657274 0.209892 0.654125 0.211218 0.654176 0.212678 0.652603 0.213223 0.646102
0 0.223274 0.483705 0.232048 0.511221 0.219730 0.539278 0.180630 0.543201 0.157843 0.511064 0.159604 0.413298
0 0.152120 0.502690 0.176470 0.526734 0.166587 0.552168 0.148695 0.554193
0 0.364812 0.142688 0.249350 0.225180 0.204479 0.192189 0.212608 0.161252 0.264336 0.138797 0.345845 0.131082
0 0.274953 0.382435 0.302528 0.397092 0.324353 0.414243 0.321238 0.424992 0.282337 0.439791 0.267589 0.417479 0.272633 0.383705
0 0.261442 0.451212 0.275993 0.462646 0.272990 0.472041 0.255211 0.472712 0.249834 0.457557 0.264867 0.449986
0 0.506996 0.111505 0.501112 0.075948 0.469999 0.063872 0.422748 0.059325 0.405279 0.069518 0.407654 0.094070 0.446042 0.111862 0.495389 0.117849
0 0.374816 0.062904 0.325183 0.086799 0.268335 0.077804 0.223804 0.040750 0.326830 0.040663 0.374702 0.064258
0 0.732667 0.882542 0.671031 0.891025 0.655657 0.902659 0.710154 0.926511 0.749533 0.945700 0.754887 0.921449 0.733741 0.896172
0 0.202045 0.697575 0.133750 0.722107 0.138339 0.744025 0.186778 0.760848 0.212627 0.756416 0.220953 0.736355 0.190323 0.705274
0 0.686537 0.467674 0.658706 0.469315 0.653443 0.452804 0.647951 0.439004 0.623888 0.435355 0.613693 0.451265 0.609103 0.479622 0.628524 0.485809 0.641774 0.486322 0.638856 0.507951 0.640044 0.520227 0.659465 0.526414 0.680133 0.517703 0.695424 0.493836 0.690727 0.470555
0 0.864750 0.276937 0.843002 0.274463 0.827646 0.291006 0.834447 0.305143 0.857179 0.311735 0.880252 0.314262 0.885456 0.299773 0.871958 0.286194
0 0.825234 0.272143 0.800258 0.260567 0.781028 0.259822 0.761951 0.249290 0.742145 0.239546 0.726212 0.247090 0.718149 0.263915 0.720307 0.277872 0.739061 0.284311 0.754313 0.284902 0.764464 0.282846 0.774410 0.283232 0.788300 0.300092 0.797821 0.313517 0.811678 0.314871 0.824841 0.300690 0.828532 0.280431 0.826492 0.273008
0 0.775834 0.178830 0.777468 0.159307 0.759718 0.148828 0.733907 0.155173 0.726526 0.163863 0.727766 0.172888 0.756127 0.183779 0.773436 0.183634
0 0.769396 0.120640 0.762987 0.109783 0.745627 0.102582 0.733691 0.102120 0.723472 0.104988 0.723251 0.115589 0.736036 0.121795 0.760571 0.122745 0.768529 0.123053
0 0.751994 0.193413 0.759388 0.208388 0.749033 0.212883 0.726488 0.212010 0.712307 0.206565 0.704708 0.194029 0.709776 0.181169 0.723310 0.178428 0.739294 0.178230 0.751212 0.186853
0 0.634190 0.348390 0.621990 0.362648 0.592962 0.362749 0.588795 0.352769 0.572604 0.366871 0.564058 0.397227 0.571191 0.419598 0.598811 0.424352 0.607638 0.402599 0.634773 0.401194 0.644720 0.413854 0.660782 0.413249 0.686844 0.400755 0.687970 0.387297 0.670276 0.359606 0.653346 0.346676 0.639587 0.343689
0 0.902982 0.364936 0.931319 0.361124 0.939989 0.365142 0.936152 0.387087 0.912569 0.405815 0.904486 0.406729 0.902444 0.383328 0.903161 0.374762
0 0.963550 0.310818 0.981327 0.301686 0.991887 0.307006 0.993344 0.325473 0.989812 0.343749 0.985310 0.349712 0.973266 0.338198 0.965723 0.320721
0 0.938583 0.369997 0.959911 0.378188 0.970958 0.389663 0.971519 0.406869 0.919572 0.441683 0.914203 0.434110 0.915458 0.407154 0.924360 0.396451 0.941062 0.376230 0.940884 0.366404
0 0.929751 0.439622 0.953177 0.446666 0.963022 0.460550 0.960181 0.482535 0.950385 0.491975 0.927520 0.502138 0.918235 0.505461 0.918521 0.466193 0.922948 0.449179
0 0.901203 0.493754 0.930306 0.504700 0.939257 0.517322 0.943937 0.521185 0.928820 0.546377 0.903037 0.567473 0.892270 0.564603 0.888743 0.535006 0.898416 0.491190
0 0.876441 0.550487 0.880635 0.548193 0.889202 0.553434 0.885493 0.561884 0.878409 0.562837
0 0.870655 0.595679 0.879503 0.609524 0.889013 0.639353 0.888372 0.658966 0.899112 0.674113 0.892999 0.687378 0.862255 0.696008 0.860465 0.693482 0.866353 0.647067 0.869248 0.600534
0 0.905021 0.663294 0.922744 0.678710 0.939365 0.695311 0.941025 0.711333 0.917136 0.733730 0.903323 0.755290 0.891709 0.774479 0.885418 0.777919 0.879487 0.753139 0.884657 0.715288 0.891488 0.693457
0 0.867847 0.784602 0.899559 0.788285 0.912369 0.814560 0.907534 0.836467 0.887456 0.849190 0.862391 0.861722 0.846610 0.870930 0.845817 0.868446 0.863242 0.791789
0 0.836846 0.820226 0.847408 0.825545 0.844286 0.838927 0.839298 0.838734 0.838432 0.825197
0 0.823977 0.866372 0.804665 0.893856 0.783384 0.908989 0.768984 0.925618 0.767932 0.950125 0.816553 0.931142 0.834124 0.924457 0.837068 0.901249 0.829142 0.876392
0 0.796464 0.812525 0.794237 0.827170 0.797202 0.839559 0.788684 0.857641 0.780985 0.865936 0.771189 0.875375 0.771264 0.886425 0.804001 0.877874 0.807197 0.875542 0.828812 0.844466 0.840248 0.815449 0.834700 0.798049 0.808051 0.805608
1 0.250647 0.298545 0.376816 0.399162 0.262446 0.522373 0.162006 0.411654 0.163454 0.367312
1 0.237089 0.311894 0.188520 0.351635 0.233238 0.371403
1 0.384623 0.130307 0.255042 0.300102 0.172601 0.258062 0.179432 0.176470 0.221306 0.054613 0.382598 0.127455
1 0.813199 0.117768 0.889117 0.305234 0.909580 0.330999 0.955748 0.306426 0.885350 0.120563
1 0.916228 0.332643 0.940189 0.357158 0.969709 0.315292 0.890987 0.120781 0.886246 0.123373 0.957337 0.300939 0.918600 0.331348
1 0.955741 0.360535 0.990257 0.353548 1.000000 0.366910 0.963841 0.574508 0.911518 0.578032 0.917649 0.558846 0.941732 0.527868 0.944133 0.512700 0.933321 0.506732 0.953646 0.493643 0.966309 0.477486 0.965242 0.449697 0.955558 0.443771 0.955357 0.432666 0.967008 0.415080 0.967069 0.387335 0.960104 0.375965
