0 0.579727 0.951577 0.579761 0.955709 0.585031 0.960169 0.590266 0.960499 0.590522 0.992126 0.585292 0.991800 0.566238 1.000000 0.566274 1.000000 0.534857 1.000000 0.534817 1.000000 0.527774 0.997844 0.527760 0.996468 0.513659 0.984590 0.511909 0.984481 0.511895 0.983104 0.508368 0.980131 0.501366 0.979694 0.501204 0.964535 0.506458 0.964865 0.511667 0.961059 0.511653 0.959680 0.515127 0.957143 0.516878 0.957253 0.520351 0.954715 0.522102 0.954826 0.523838 0.953558 0.523783 0.948041
0 0.782898 0.243016 0.782981 0.275807 0.770637 0.274823 0.770624 0.270549 0.765319 0.265850 0.763554 0.265709 0.761784 0.264141 0.760019 0.264000 0.758249 0.262433 0.735284 0.260596 0.735234 0.247748 0.742306 0.248316 0.745831 0.245744 0.745810 0.240031
0 0.720603 0.544012 0.720681 0.562268 0.715420 0.561885 0.706679 0.568267 0.706686 0.569671 0.704931 0.569544 0.689199 0.581030 0.687443 0.580904 0.676955 0.588562 0.675198 0.588436 0.673450 0.589712 0.673482 0.595324 0.645368 0.593303 0.645259 0.576453 0.652293 0.576962 0.659294 0.571851 0.661051 0.571978 0.668050 0.566869 0.669807 0.566997 0.675056 0.563164 0.676814 0.563292 0.685561 0.556905 0.687317 0.557033 0.701312 0.546815 0.701291 0.542599
0 0.860484 0.486920 0.860494 0.510795 0.853512 0.510277 0.850022 0.512824 0.848276 0.512695 0.839551 0.519066 0.839555 0.523277 0.832569 0.522761 0.832563 0.517145 0.830813 0.515613 0.829066 0.515483 0.827318 0.513949 0.825569 0.513820 0.820319 0.509218 0.818571 0.509089 0.804555 0.496804 0.799304 0.496413 0.799274 0.482343
0 0.634572 0.293969 0.634658 0.306812 0.629337 0.306393 0.627573 0.307681 0.624025 0.307402 0.616968 0.312551 0.615193 0.312412 0.611665 0.314987 0.611696 0.319266 0.558391 0.315090 0.558252 0.299373 0.565372 0.299933 0.567138 0.298645 0.568918 0.298785 0.570684 0.297495 0.572463 0.297635 0.574230 0.296346 0.576008 0.296486 0.579541 0.293908 0.579506 0.289620
0 0.916424 0.378477 0.916404 0.395415 0.911165 0.395011 0.909417 0.396288 0.905923 0.396019 0.904174 0.397295 0.902427 0.397161 0.900678 0.398438 0.898931 0.398303 0.897183 0.399579 0.895435 0.399445 0.893686 0.400722 0.891938 0.400588 0.879698 0.409524 0.879697 0.413757 0.865704 0.412685 0.865703 0.408451 0.863954 0.406905 0.863953 0.405494 0.860452 0.402402 0.855200 0.401999 0.855190 0.383631 0.862196 0.384172 0.863947 0.382894 0.863946 0.381480 0.867448 0.378924 0.867447 0.374683
0 0.853619 0.693211 0.853634 0.719587 0.822373 0.717424 0.822367 0.713259 0.818886 0.710241 0.813668 0.709879 0.813635 0.690420
0 0.492309 0.951569 0.492519 0.970879 0.485510 0.970440 0.483774 0.971708 0.483835 0.977223 0.464550 0.976019 0.464485 0.970501 0.457402 0.964543 0.452135 0.964213 0.451953 0.949024
0 0.692853 0.609322 0.692939 0.626123 0.687679 0.625749 0.682442 0.629574 0.682449 0.630973 0.680696 0.630849 0.673712 0.635949 0.671957 0.635824 0.670211 0.637099 0.668457 0.636975 0.666710 0.638250 0.664956 0.638126 0.661464 0.640676 0.659710 0.640552 0.657963 0.641827 0.656208 0.641703 0.654461 0.642978 0.642172 0.642110 0.640406 0.640586 0.638650 0.640462 0.636884 0.638937 0.631612 0.638564 0.631593 0.635763 0.636865 0.636136 0.642108 0.632309 0.643864 0.632434 0.657843 0.622226 0.659599 0.622351 0.673577 0.612145 0.673554 0.607941
0 0.784373 0.821461 0.784384 0.825604 0.789600 0.830092 0.798274 0.830669 0.798318 0.851359 0.791384 0.850902 0.784461 0.855960 0.782727 0.855846 0.770611 0.864698 0.770623 0.868832 0.737637 0.866672 0.737615 0.861155 0.735872 0.859661 0.735867 0.858281 0.734123 0.856787 0.734117 0.855407 0.723650 0.846436 0.721910 0.846321 0.718418 0.843328 0.716679 0.843213 0.714932 0.841717 0.709710 0.841372 0.709619 0.822013 0.714844 0.822361 0.716580 0.821093 0.716561 0.816942
0 0.574683 0.768582 0.574848 0.788058 0.569585 0.787704 0.566098 0.790250 0.566135 0.794421 0.543311 0.792894 0.543259 0.787329 0.539718 0.784310 0.534446 0.783956 0.534271 0.765852
0 0.378493 0.850111 0.378787 0.870969 0.355815 0.869481 0.355754 0.865309 0.352177 0.862297 0.345100 0.861837 0.344891 0.847916
0 0.691379 0.321239 0.691459 0.336893 0.682620 0.336203 0.680860 0.337487 0.677324 0.337211 0.675564 0.338495 0.673795 0.338357 0.672035 0.339643 0.668496 0.339367 0.666735 0.340652 0.661427 0.340239 0.659667 0.341524 0.654358 0.341110 0.652596 0.342396 0.626026 0.340327 0.624245 0.338765 0.622472 0.338627 0.617122 0.333938 0.617102 0.331088 0.618876 0.331227 0.622402 0.328653 0.624175 0.328791 0.627701 0.326218 0.629473 0.326356 0.636526 0.321210 0.636498 0.316934
0 0.650827 0.623127 0.650880 0.631531 0.645612 0.631157 0.635126 0.638813 0.633370 0.638688 0.631622 0.639965 0.629865 0.639841 0.628117 0.641116 0.626360 0.640992 0.624613 0.642268 0.622855 0.642143 0.621107 0.643420 0.619349 0.643296 0.617600 0.644573 0.614084 0.644324 0.612337 0.645600 0.608819 0.645352 0.607072 0.646628 0.603554 0.646380 0.601805 0.647657 0.600045 0.647533 0.596548 0.650086 0.594789 0.649962 0.593040 0.651240 0.593085 0.656841 0.570201 0.655233 0.570164 0.651030 0.568391 0.649505 0.561342 0.649009 0.561206 0.633583 0.568258 0.634082 0.570008 0.632803 0.571771 0.632928 0.573521 0.631651 0.577045 0.631900 0.578794 0.630622 0.589364 0.631371 0.592862 0.628817 0.596383 0.629066 0.598134 0.627789 0.601654 0.628038 0.603404 0.626761 0.608683 0.627136 0.612181 0.624582 0.612150 0.620375
0 0.888499 0.257206 0.888491 0.277112 0.883227 0.276691 0.881472 0.277973 0.879718 0.277833 0.863920 0.289363 0.863920 0.290783 0.862165 0.292065 0.858652 0.291786 0.856898 0.293068 0.851629 0.292649 0.849871 0.291088 0.848114 0.290949 0.844598 0.287827 0.844597 0.286405 0.842838 0.284843 0.842835 0.281999 0.841076 0.280437 0.841073 0.277593 0.839314 0.276030 0.834039 0.275609 0.834023 0.261374 0.839300 0.261797 0.841057 0.260515 0.841050 0.253394
0 0.668321 0.913163 0.668345 0.917295 0.675339 0.923249 0.677078 0.923360 0.678825 0.924848 0.680564 0.924960 0.685802 0.929421 0.687541 0.929532 0.689286 0.931019 0.691025 0.931130 0.692771 0.932617 0.694508 0.932728 0.696253 0.934214 0.701464 0.934546 0.701586 0.959279 0.694641 0.958840 0.691183 0.961367 0.689446 0.961257 0.687717 0.962522 0.685979 0.962412 0.684250 0.963675 0.680776 0.963456 0.679047 0.964719 0.677309 0.964610 0.675580 0.965874 0.673842 0.965765 0.672111 0.967029 0.670374 0.966920 0.668644 0.968183 0.666906 0.968074 0.665175 0.969337 0.663438 0.969228 0.661708 0.970493 0.656492 0.970164 0.654761 0.971428 0.647805 0.970991 0.646074 0.972256 0.646101 0.976376 0.639142 0.975940 0.639114 0.971819 0.637364 0.970335 0.633883 0.970116 0.632134 0.968633 0.630392 0.968524 0.628642 0.967039 0.626901 0.966930 0.611130 0.953562 0.609387 0.953452 0.604123 0.948991 0.598890 0.948660 0.598728 0.927993 0.603964 0.928327 0.610902 0.923258 0.612648 0.923370 0.614382 0.922103 0.616126 0.922215 0.617860 0.920947 0.619604 0.921059 0.624807 0.917259 0.626552 0.917370 0.628285 0.916103 0.628247 0.910588
0 0.387000 0.308830 0.387059 0.313132 0.388871 0.314705 0.392456 0.314984 0.394268 0.316557 0.399644 0.316976 0.401454 0.318549 0.405038 0.318829 0.406848 0.320401 0.410430 0.320681 0.412238 0.322252 0.415820 0.322531 0.419436 0.325673 0.421226 0.325813 0.432068 0.335233 0.432085 0.336664 0.433892 0.338233 0.433909 0.339663 0.435714 0.341232 0.432174 0.343815 0.430386 0.343676 0.428616 0.344968 0.425039 0.344691 0.423269 0.345983 0.417903 0.345567 0.416132 0.346859 0.408974 0.346305 0.407203 0.347598 0.400043 0.347045 0.398273 0.348337 0.391109 0.347784 0.389337 0.349076 0.385755 0.348799 0.383983 0.350092 0.380400 0.349816 0.378628 0.351108 0.369667 0.350417 0.367894 0.351709 0.364309 0.351433 0.362537 0.352727 0.358950 0.352450 0.357177 0.353744 0.353590 0.353467 0.351817 0.354760 0.341050 0.353931 0.339277 0.355225 0.328505 0.354396 0.326732 0.355690 0.321343 0.355275 0.319569 0.356570 0.310585 0.355879 0.308811 0.357173 0.303418 0.356758 0.301643 0.358053 0.298048 0.357776 0.296273 0.359071 0.292676 0.358795 0.290901 0.360090 0.287304 0.359813 0.285528 0.361109 0.274732 0.360280 0.272957 0.361575 0.263955 0.360885 0.262179 0.362181 0.256775 0.361767 0.254999 0.363063 0.242386 0.362096 0.240608 0.363392 0.233397 0.362839 0.231620 0.364136 0.228014 0.363860 0.226237 0.365156 0.220825 0.364742 0.219048 0.366039 0.213634 0.365625 0.211856 0.366921 0.199220 0.365955 0.197441 0.367252 0.192023 0.366838 0.190245 0.368136 0.186631 0.367860 0.184852 0.369157 0.175816 0.368467 0.174038 0.369765 0.168614 0.369351 0.166834 0.370650 0.165027 0.370512 0.163247 0.371809 0.159629 0.371533 0.157849 0.372832 0.143375 0.371729 0.139695 0.368579 0.139665 0.367141 0.134144 0.362414 0.128710 0.361999 0.128470 0.350493 0.135718 0.351049 0.137499 0.349750 0.139310 0.349889 0.142875 0.347290 0.146497 0.347568 0.148278 0.346268 0.150088 0.346408 0.151870 0.345109 0.153681 0.345248 0.157243 0.342650 0.159054 0.342789 0.160835 0.341490 0.162645 0.341630 0.164427 0.340330 0.166236 0.340469 0.169799 0.337872 0.171609 0.338011 0.173389 0.336712 0.177007 0.336991 0.178789 0.335692 0.180597 0.335832 0.184159 0.333234 0.185967 0.333374 0.187748 0.332076 0.189557 0.332215 0.191337 0.330916 0.194953 0.331196 0.196732 0.329897 0.198541 0.330037 0.200322 0.328739 0.202128 0.328878 0.203908 0.327580 0.207523 0.327860 0.209303 0.326561 0.211109 0.326701 0.212890 0.325403 0.214697 0.325543 0.216476 0.324245 0.218283 0.324385 0.220062 0.323086 0.223674 0.323366 0.225455 0.322069 0.227260 0.322209 0.229039 0.320911 0.232649 0.321192 0.234429 0.319893 0.236235 0.320034 0.238014 0.318735 0.241623 0.319016 0.243403 0.317719 0.247011 0.317999 0.248790 0.316702 0.252398 0.316982 0.254177 0.315684 0.257784 0.315965 0.259563 0.314667 0.266775 0.315228 0.268553 0.313932 0.275762 0.314493 0.277541 0.313196 0.281144 0.313477 0.282922 0.312180 0.288326 0.312601 0.290104 0.311305 0.297307 0.311866 0.299084 0.310569 0.304484 0.310990 0.306261 0.309694 0.315259 0.310395 0.317035 0.309100 0.322432 0.309521 0.324207 0.308226 0.324141 0.303917
0 0.648326 0.226459 0.648380 0.235053 0.643053 0.234624 0.641285 0.235913 0.639509 0.235770 0.637742 0.237060 0.635966 0.236917 0.634198 0.238206 0.632421 0.238063 0.630654 0.239353 0.627100 0.239068 0.625332 0.240357 0.623555 0.240214 0.621788 0.241504 0.620010 0.241362 0.618243 0.242652 0.616464 0.242509 0.614696 0.243799 0.609362 0.243371 0.607594 0.244661 0.604037 0.244376 0.602268 0.245666 0.598710 0.245381 0.596941 0.246671 0.595162 0.246528 0.593393 0.247819 0.589834 0.247534 0.588066 0.248824 0.584506 0.248539 0.582738 0.249830 0.579176 0.249545 0.577407 0.250836 0.564939 0.249840 0.563144 0.248264 0.561362 0.248122 0.555977 0.243392 0.550628 0.242964 0.550602 0.240096 0.555951 0.240525 0.557721 0.239233 0.559504 0.239376 0.561274 0.238085 0.563057 0.238228 0.564828 0.236936 0.566609 0.237079 0.568380 0.235787 0.571944 0.236073 0.573713 0.234782 0.577277 0.235068 0.579046 0.233777 0.582609 0.234063 0.584378 0.232773 0.586160 0.232916 0.587928 0.231624 0.589709 0.231767 0.591479 0.230477 0.596819 0.230907 0.598589 0.229616 0.603929 0.230046 0.605697 0.228755 0.607477 0.228898 0.609245 0.227608 0.609213 0.223306
0 0.149008 0.382194 0.149154 0.389370 0.141918 0.388822 0.138359 0.391417 0.136550 0.391280 0.134769 0.392578 0.131150 0.392304 0.129370 0.393602 0.125749 0.393328 0.123969 0.394627 0.120348 0.394353 0.118568 0.395652 0.114945 0.395378 0.113165 0.396676 0.109542 0.396402 0.107762 0.397701 0.104138 0.397428 0.102357 0.398726 0.087857 0.397631 0.086074 0.398930 0.071564 0.397834 0.071273 0.384900 0.078532 0.385450 0.083880 0.381551 0.083784 0.377237
0 0.539750 0.223448 0.539791 0.227755 0.538020 0.229048 0.536235 0.228905 0.534463 0.230197 0.530892 0.229910 0.529121 0.231203 0.527335 0.231060 0.525562 0.232352 0.521990 0.232065 0.520219 0.233358 0.520262 0.237666 0.493455 0.235519 0.493287 0.219709
0 0.770334 0.770719 0.770452 0.810859 0.763501 0.810394 0.758299 0.814195 0.756561 0.814079 0.754826 0.815346 0.753088 0.815230 0.751355 0.816496 0.747877 0.816264 0.746142 0.817531 0.739184 0.817067 0.737449 0.818334 0.737465 0.822482 0.730506 0.822019 0.730489 0.817870 0.728743 0.816371 0.727002 0.816255 0.725255 0.814755 0.723514 0.814639 0.707779 0.801130 0.706035 0.801014 0.695532 0.791997 0.695525 0.790611 0.693773 0.789107 0.688537 0.788755 0.688508 0.783207 0.693744 0.783560 0.695483 0.782290 0.695476 0.780903 0.698951 0.778364 0.698944 0.776977 0.702420 0.774438 0.704165 0.774556 0.705903 0.773286 0.705896 0.771899 0.707635 0.770630 0.707615 0.766466
1 0.732387 0.420633 0.186076 0.479043 0.203275 0.517064 0.331126 0.584146 0.452886 0.609279 0.536871 0.608231 0.579437 0.601909 0.637964 0.581542 0.703605 0.537146 0.734103 0.484282
1 0.828916 0.397390 0.844970 0.384491 0.833242 0.348196 0.818568 0.319861 0.800972 0.313741 0.684922 0.325951 0.679067 0.332606 0.658474 0.339297 0.642253 0.339218 0.615660 0.335960 0.600894 0.337184 0.423076 0.354298 0.418665 0.358718 0.449086 0.414482 0.458235 0.435310
1 0.417130 0.355031 0.423256 0.368586 0.427903 0.383203 0.437094 0.405271 0.452213 0.427751 0.455279 0.436273 0.065956 0.483273 0.053442 0.463304 0.023777 0.421728 0.015658 0.398400 0.075885 0.388597 0.073021 0.395554 0.085142 0.397665 0.109230 0.395901 0.137747 0.390894 0.139130 0.385026
1 0.011052 0.395661 0.012828 0.406562 0.019291 0.423781 0.030346 0.443708 0.049020 0.467742 0.061264 0.475788 0.000000 0.494310 0.000000 0.403656
0 0.744477 0.876324 0.716977 0.876277 0.707102 0.883490 0.703848 0.893751 0.710491 0.902029 0.725920 0.909126 0.749002 0.912356 0.765459 0.909934 0.768716 0.897952 0.761011 0.891353 0.749995 0.881919
0 0.632353 0.594799 0.616801 0.600792 0.597906 0.607437 0.560025 0.613622 0.507524 0.617002 0.472812 0.617206 0.453736 0.615852 0.459444 0.624269 0.481901 0.628529 0.517734 0.631063 0.560167 0.629625 0.629097 0.607001
0 0.210889 0.532202 0.202839 0.527122 0.190314 0.526212 0.176767 0.531527 0.157460 0.533727 0.124460 0.535839 0.084533 0.536556 0.035412 0.538419 0.021779 0.542848 0.033374 0.549093 0.049416 0.550245 0.074560 0.550250 0.096227 0.549109 0.116715 0.546981 0.149734 0.545764 0.179257 0.542500
0 0.188001 0.524243 0.190175 0.519002 0.180903 0.510222 0.171782 0.509556 0.155974 0.516511 0.149164 0.517816 0.092182 0.520884 0.052268 0.525204 0.040761 0.522566 0.033860 0.521163 0.023682 0.526744 0.028444 0.534309 0.043435 0.538998 0.086721 0.532209 0.114044 0.528779 0.150544 0.529625 0.176661 0.526120
0 0.437802 0.298397 0.448520 0.299238 0.453155 0.303276 0.450130 0.306100 0.436377 0.306858 0.425664 0.306633 0.421834 0.306333 0.422562 0.303327 0.428667 0.301967
0 0.440836 0.296185 0.438561 0.297843 0.427143 0.302460 0.414141 0.303281 0.404944 0.302560 0.398809 0.302079 0.406388 0.295931 0.413248 0.293404 0.433126 0.291288 0.442314 0.292011
