0 1.000000 0.707952 1.000000 0.713282 1.000000 0.714237 1.000000 0.713860 1.000000 0.715772 1.000000 0.715395 1.000000 0.716350 1.000000 0.715973 1.000000 0.716928 1.000000 0.716551 0.999182 0.717507 0.997611 0.717129 0.995900 0.718084 0.994329 0.717707 0.992618 0.718663 0.991048 0.718286 0.989337 0.719242 0.987766 0.718864 0.986055 0.719820 0.982914 0.719065 0.981202 0.720020 0.979632 0.719643 0.977921 0.720599 0.970067 0.718713 0.968667 0.732040 0.974950 0.733549 0.976380 0.735259 0.977952 0.735636 0.979382 0.737345 0.982524 0.738100 0.983955 0.739809 0.987096 0.740564 0.988527 0.742274 0.990098 0.742651 0.992959 0.746071 0.992539 0.750069 1.000000 0.757613 1.000000 0.753615 1.000000 0.751704 1.000000 0.752081 1.000000 0.751125 1.000000 0.751503 1.000000 0.749593 1.000000 0.751101 1.000000 0.735108 1.000000 0.733977 1.000000 0.728847 1.000000 0.727514 1.000000 0.722385 1.000000 0.721053 1.000000 0.715923 1.000000 0.710592
0 0.621783 0.492981 0.621363 0.496979 0.617940 0.498890 0.616370 0.498513 0.612948 0.500424 0.611378 0.500047 0.601113 0.505779 0.600973 0.507112 0.599262 0.508068 0.592978 0.506559 0.591018 0.525217 0.595730 0.526348 0.598592 0.529767 0.598452 0.531100 0.605605 0.539650 0.607177 0.540027 0.611468 0.545157 0.611048 0.549154 0.655030 0.559716 0.655450 0.555718 0.658872 0.553807 0.660443 0.554185 0.668997 0.549407 0.669277 0.546741 0.672698 0.544831 0.677410 0.545963 0.678951 0.531303 0.674239 0.530171 0.672808 0.528462 0.672948 0.527129 0.671517 0.525419 0.671657 0.524086 0.667366 0.518956 0.667506 0.517624 0.657490 0.505654 0.657910 0.501657
0 0.721180 0.451267 0.720620 0.456598 0.717198 0.458509 0.717058 0.459841 0.715347 0.460797 0.715207 0.462129 0.708363 0.465952 0.708223 0.467284 0.704803 0.469196 0.700090 0.468064 0.697709 0.490720 0.703992 0.492229 0.708285 0.497358 0.709855 0.497735 0.712717 0.501155 0.714287 0.501532 0.715718 0.503241 0.717290 0.503619 0.718720 0.505329 0.720290 0.505706 0.721722 0.507416 0.723293 0.507793 0.724723 0.509503 0.727865 0.510257 0.730726 0.513677 0.730306 0.517675 0.768005 0.526728 0.768425 0.522730 0.773557 0.519863 0.775128 0.520240 0.780261 0.517375 0.781831 0.517752 0.790385 0.512975 0.796669 0.514484 0.798629 0.495825 0.792345 0.494316 0.782331 0.482348 0.780759 0.481970 0.777898 0.478550 0.776328 0.478173 0.774897 0.476463 0.773326 0.476086 0.771895 0.474376 0.770325 0.473999 0.767463 0.470579 0.765893 0.470202 0.764461 0.468493 0.761320 0.467738 0.759890 0.466028 0.758318 0.465651 0.756887 0.463941 0.757307 0.459943
0 0.819700 0.540508 0.819279 0.544506 0.810726 0.549284 0.810586 0.550617 0.808875 0.551572 0.808735 0.552904 0.807024 0.553860 0.806884 0.555192 0.805173 0.556148 0.804893 0.558813 0.803182 0.559769 0.803042 0.561102 0.801331 0.562057 0.801051 0.564722 0.797630 0.566633 0.792918 0.565502 0.790257 0.590823 0.794970 0.591955 0.796400 0.593664 0.797970 0.594041 0.800832 0.597462 0.800692 0.598794 0.802123 0.600504 0.801983 0.601836 0.803414 0.603547 0.803274 0.604879 0.804704 0.606589 0.804144 0.611920 0.868545 0.627385 0.869106 0.622054 0.870817 0.621099 0.872388 0.621476 0.874098 0.620521 0.875669 0.620898 0.877380 0.619942 0.878951 0.620319 0.880661 0.619364 0.883803 0.620119 0.885513 0.619163 0.890226 0.620294 0.891937 0.619339 0.893508 0.619717 0.895218 0.618761 0.901501 0.620269 0.904442 0.592283 0.899730 0.591151 0.896869 0.587731 0.897009 0.586399 0.895578 0.584689 0.895718 0.583357 0.894287 0.581647 0.894427 0.580314 0.892997 0.578605 0.893137 0.577272 0.891706 0.575561 0.891846 0.574229 0.890415 0.572519 0.890555 0.571186 0.887694 0.567767 0.887834 0.566434 0.884973 0.563015 0.883402 0.562637 0.881971 0.560927 0.882531 0.555596
0 0.942903 0.624746 0.942483 0.628744 0.940771 0.629700 0.939200 0.629322 0.937490 0.630278 0.934348 0.629524 0.932637 0.630479 0.929496 0.629725 0.927785 0.630680 0.926214 0.630303 0.924503 0.631258 0.922932 0.630881 0.921222 0.631837 0.919651 0.631460 0.916229 0.633370 0.916089 0.634703 0.912668 0.636614 0.907955 0.635482 0.903054 0.682126 0.907767 0.683258 0.910627 0.686678 0.910067 0.692008 0.950907 0.701816 0.951327 0.697817 0.956460 0.694951 0.958031 0.695328 0.959742 0.694373 0.961313 0.694750 0.964734 0.692839 0.966305 0.693216 0.969727 0.691305 0.971298 0.691682 0.979852 0.686904 0.981422 0.687282 0.984843 0.685371 0.986415 0.685748 0.993258 0.681926 0.994829 0.682303 0.999961 0.679437 1.000000 0.680569 1.000000 0.661911 1.000000 0.660780 0.999060 0.657360 0.997490 0.656983 0.994627 0.653563 0.993057 0.653186 0.991627 0.651476 0.990056 0.651098 0.987194 0.647679 0.985623 0.647302 0.982762 0.643882 0.981191 0.643505 0.979760 0.641795 0.978190 0.641418 0.976759 0.639708 0.975188 0.639331 0.972327 0.635910 0.972747 0.631913
0 0.800545 0.738122 0.798304 0.759445 0.804587 0.760954 0.806017 0.762664 0.807589 0.763041 0.809020 0.764751 0.812161 0.765505 0.815022 0.768925 0.814602 0.772923 0.830311 0.776695 0.830871 0.771364 0.832581 0.770408 0.834152 0.770786 0.835863 0.769831 0.840576 0.770962 0.841976 0.757636 0.835693 0.756127 0.834262 0.754416 0.834402 0.753083 0.831540 0.749664 0.831960 0.745666
0 0.821064 0.650140 0.820503 0.655471 0.815370 0.658337 0.815230 0.659670 0.811809 0.661581 0.811669 0.662914 0.804825 0.666736 0.804685 0.668068 0.790999 0.675712 0.790859 0.677045 0.782304 0.681822 0.782164 0.683155 0.777032 0.686021 0.776892 0.687354 0.775182 0.688309 0.775042 0.689642 0.771619 0.691552 0.771479 0.692886 0.769769 0.693842 0.769629 0.695174 0.766207 0.697085 0.766067 0.698418 0.764356 0.699373 0.764216 0.700705 0.760795 0.702617 0.760655 0.703949 0.755522 0.706815 0.755382 0.708148 0.750250 0.711014 0.745537 0.709883 0.743577 0.728541 0.756143 0.731559 0.756703 0.726227 0.761835 0.723361 0.761975 0.722028 0.775663 0.714385 0.775803 0.713052 0.792911 0.703497 0.793051 0.702164 0.799894 0.698342 0.800034 0.697010 0.805166 0.694144 0.805306 0.692811 0.810439 0.689945 0.810579 0.688612 0.814000 0.686701 0.814140 0.685368 0.819273 0.682502 0.819413 0.681169 0.821123 0.680213 0.821263 0.678881 0.824685 0.676969 0.824825 0.675637 0.826536 0.674681 0.826676 0.673349 0.828388 0.672394 0.828528 0.671061 0.831948 0.669150 0.832088 0.667818 0.833800 0.666862 0.838511 0.667993 0.839912 0.654667
1 0.683766 0.654060 0.681635 0.659014 0.719595 0.726881 0.729890 0.736184 0.736161 0.661177
1 0.677301 0.562331 0.671310 0.634674 0.722414 0.638748 0.687736 0.570303
1 0.586653 0.413497 0.595530 0.497607 0.646774 0.500348 0.658641 0.510030 0.676199 0.511514 0.668455 0.493258
0 0.748081 0.838927 0.746961 0.849588 0.767662 0.851826 0.762219 0.842322
0 0.715874 0.792936 0.719607 0.803397 0.734304 0.801461 0.724009 0.792157
0 0.589232 0.772089 0.583260 0.782951 0.599387 0.782725 0.597366 0.771310
0 0.623627 0.628688 0.621495 0.633641 0.643626 0.637590 0.644046 0.633591
0 0.562895 0.593610 0.563486 0.603316 0.579614 0.603090 0.575601 0.595294
0 0.647796 0.582573 0.648667 0.589613 0.662804 0.593008 0.660504 0.584258
0 0.292639 0.345626 0.288516 0.354201 0.297520 0.360462 0.301338 0.349600
0 0.612846 0.378798 0.607433 0.384329 0.613436 0.388504 0.635846 0.389786 0.620979 0.378018
0 0.663341 0.434645 0.658940 0.445885 0.667383 0.457477 0.682671 0.465248 0.706653 0.466907 0.705783 0.459866 0.683621 0.440881
0 0.670324 0.429491 0.669484 0.437487 0.694056 0.448853 0.697649 0.460646 0.706933 0.464242 0.719049 0.456221 0.719749 0.449557 0.708304 0.435878 0.677168 0.425669
0 0.738561 0.577042 0.733569 0.578576 0.740723 0.587126 0.768856 0.595248 0.783834 0.590646 0.790087 0.577119 0.779791 0.567815
0 0.730957 0.557454 0.730567 0.576489 0.761672 0.571661 0.745514 0.556852
