1 0.492080 0.262106 0.492659 0.266446 0.490328 0.269653 0.490521 0.271099 0.489356 0.272701 0.489549 0.274148 0.488383 0.275751 0.488576 0.277198 0.487411 0.278801 0.487604 0.280248 0.486440 0.281851 0.486632 0.283297 0.485467 0.284901 0.485660 0.286347 0.484494 0.287951 0.484687 0.289397 0.483522 0.291000 0.483715 0.292447 0.481385 0.295653 0.481578 0.297100 0.480413 0.298703 0.480606 0.300150 0.478274 0.303355 0.478467 0.304802 0.477302 0.306405 0.477495 0.307852 0.475165 0.311058 0.475358 0.312505 0.474192 0.314108 0.474385 0.315555 0.472056 0.318762 0.472249 0.320208 0.471083 0.321810 0.471276 0.323257 0.467780 0.328068 0.467973 0.329514 0.466808 0.331117 0.467001 0.332563 0.464670 0.335770 0.464863 0.337216 0.463698 0.338820 0.463890 0.340266 0.462726 0.341869 0.462919 0.343316 0.461753 0.344919 0.461946 0.346366 0.460781 0.347969 0.460974 0.349416 0.459809 0.351018 0.460002 0.352464 0.458837 0.354068 0.459029 0.355514 0.457865 0.357118 0.458251 0.360011 0.455920 0.363217 0.456113 0.364663 0.454947 0.366267 0.455140 0.367713 0.453975 0.369317 0.454168 0.370763 0.453003 0.372366 0.453196 0.373813 0.450865 0.377020 0.451058 0.378466 0.449893 0.380070 0.450085 0.381516 0.448921 0.383118 0.449114 0.384565 0.446783 0.387772 0.446976 0.389219 0.445811 0.390822 0.446004 0.392268 0.444839 0.393871 0.445031 0.395317 0.443866 0.396921 0.444059 0.398367 0.442894 0.399971 0.437461 0.400598 0.440741 0.425187 0.444815 0.424717 0.446367 0.426007 0.447725 0.425851 0.449276 0.427140 0.450635 0.426983 0.453737 0.429562 0.455095 0.429406 0.456646 0.430696 0.458004 0.430539 0.459555 0.431829 0.460913 0.431672 0.462464 0.432962 0.462657 0.434409 0.464016 0.434252 0.465567 0.435541 0.466925 0.435384 0.479334 0.445702 0.480692 0.445545 0.483794 0.448125 0.493302 0.447027 0.495632 0.443821 0.495246 0.440928 0.496411 0.439324 0.496025 0.436431 0.497191 0.434828 0.496419 0.429042 0.497585 0.427440 0.496813 0.421653 0.497978 0.420050 0.497592 0.417157 0.498757 0.415554 0.498179 0.411214 0.499343 0.409611 0.496642 0.389360 0.497807 0.387757 0.497228 0.383418 0.498394 0.381815 0.498008 0.378922 0.499174 0.377318 0.498981 0.375872 0.500146 0.374269 0.499953 0.372822 0.501117 0.371219 0.500732 0.368327 0.501897 0.366723 0.501704 0.365276 0.502869 0.363673 0.502483 0.360780 0.503649 0.359176 0.503070 0.354837 0.504236 0.353235 0.503657 0.348895 0.504822 0.347291 0.504436 0.344399 0.505601 0.342795 0.504829 0.337009 0.505994 0.335406 0.505223 0.329620 0.506388 0.328017 0.505617 0.322231 0.506781 0.320627 0.506203 0.316288 0.507367 0.314686 0.506982 0.311793 0.508147 0.310189 0.507568 0.305849 0.508734 0.304246 0.507962 0.298460 0.509127 0.296858 0.508741 0.293965 0.509907 0.292361 0.509328 0.288021 0.510493 0.286418 0.509721 0.280632 0.510886 0.279030 0.510307 0.274690 0.511473 0.273086 0.509736 0.260068
1 0.528195 0.222688 0.528967 0.228473 0.527801 0.230077 0.526443 0.230234 0.524112 0.233441 0.524305 0.234887 0.523140 0.236490 0.523333 0.237936 0.522168 0.239539 0.522361 0.240986 0.521196 0.242589 0.521581 0.245482 0.520416 0.247085 0.520609 0.248532 0.519444 0.250135 0.519637 0.251582 0.518472 0.253185 0.518665 0.254632 0.517499 0.256235 0.517692 0.257681 0.516527 0.259284 0.516913 0.262177 0.515748 0.263781 0.516134 0.266674 0.514968 0.268277 0.515547 0.272616 0.514382 0.274219 0.515347 0.281452 0.514182 0.283055 0.514761 0.287394 0.513595 0.288998 0.513981 0.291891 0.512815 0.293494 0.513201 0.296387 0.512036 0.297990 0.512422 0.300883 0.511257 0.302486 0.511643 0.305379 0.510478 0.306982 0.510863 0.309875 0.509699 0.311479 0.510085 0.314372 0.507753 0.317578 0.503679 0.318048 0.509274 0.359996 0.514707 0.359369 0.516259 0.360658 0.517616 0.360502 0.519168 0.361792 0.520526 0.361635 0.522076 0.362924 0.524794 0.362611 0.526344 0.363901 0.527702 0.363744 0.529254 0.365034 0.530611 0.364878 0.541470 0.373905 0.541663 0.375351 0.543213 0.376641 0.544572 0.376484 0.547674 0.379064 0.549033 0.378907 0.552134 0.381487 0.553493 0.381330 0.555044 0.382619 0.556402 0.382462 0.559504 0.385042 0.560862 0.384885 0.563965 0.387464 0.565323 0.387307 0.568425 0.389888 0.569784 0.389731 0.571334 0.391020 0.575409 0.390550 0.578905 0.385740 0.577354 0.384450 0.576775 0.380111 0.575223 0.378821 0.570786 0.345553 0.571951 0.343949 0.571180 0.338163 0.572345 0.336560 0.571573 0.330775 0.572738 0.329171 0.571773 0.321938 0.572939 0.320335 0.572360 0.315996 0.573525 0.314393 0.573139 0.311500 0.574304 0.309896 0.573918 0.307004 0.575083 0.305400 0.574890 0.303954 0.577221 0.300748 0.582654 0.300121 0.579952 0.279869 0.575878 0.280339 0.574327 0.279050 0.574134 0.277604 0.572583 0.276314 0.572197 0.273421 0.570646 0.272132 0.570453 0.270685 0.568902 0.269395 0.570067 0.267792 0.569488 0.263452 0.567937 0.262163 0.564657 0.237572 0.563106 0.236283 0.560791 0.218925
1 0.424976 0.493101 0.425941 0.500334 0.424776 0.501937 0.425162 0.504830 0.423997 0.506433 0.424190 0.507880 0.423025 0.509483 0.423218 0.510929 0.419722 0.515739 0.419914 0.517185 0.414088 0.525202 0.414281 0.526648 0.411951 0.529855 0.412144 0.531302 0.410978 0.532904 0.411171 0.534351 0.410007 0.535954 0.410199 0.537400 0.407868 0.540608 0.408061 0.542054 0.406896 0.543656 0.407282 0.546549 0.406117 0.548153 0.406310 0.549600 0.405145 0.551203 0.405338 0.552649 0.404173 0.554252 0.404559 0.557145 0.403393 0.558748 0.403779 0.561642 0.402614 0.563245 0.402807 0.564692 0.401641 0.566295 0.401834 0.567741 0.400670 0.569344 0.400863 0.570791 0.399697 0.572394 0.399890 0.573840 0.397559 0.577047 0.397752 0.578493 0.396587 0.580097 0.396780 0.581543 0.394449 0.584750 0.394642 0.586197 0.389982 0.592610 0.385907 0.593080 0.388801 0.614777 0.394234 0.614150 0.397336 0.616729 0.398694 0.616572 0.404898 0.621731 0.406257 0.621574 0.407808 0.622864 0.409166 0.622708 0.412268 0.625286 0.413627 0.625129 0.418280 0.628999 0.418859 0.633338 0.429724 0.632084 0.428952 0.626299 0.430117 0.624695 0.429924 0.623248 0.431090 0.621645 0.430511 0.617306 0.431676 0.615703 0.430325 0.605578 0.431491 0.603974 0.430719 0.598188 0.431885 0.596585 0.431113 0.590799 0.432278 0.589196 0.432085 0.587750 0.433251 0.586146 0.432865 0.583253 0.434030 0.581650 0.433644 0.578756 0.434809 0.577154 0.434616 0.575708 0.435781 0.574104 0.435588 0.572657 0.436753 0.571054 0.436560 0.569607 0.437726 0.568005 0.437533 0.566558 0.438698 0.564955 0.438119 0.560616 0.439284 0.559012 0.437934 0.548886 0.439100 0.547283 0.438521 0.542944 0.439686 0.541341 0.439107 0.537002 0.440272 0.535398 0.439887 0.532505 0.441051 0.530902 0.440858 0.529455 0.442023 0.527853 0.441830 0.526406 0.442996 0.524802 0.442610 0.521910 0.443775 0.520306 0.443389 0.517413 0.444555 0.515811 0.444362 0.514364 0.445526 0.512760 0.445334 0.511314 0.446499 0.509710 0.446306 0.508264 0.447472 0.506661 0.447279 0.505214 0.450774 0.500405 0.454848 0.499935 0.453498 0.489809
0 0.429297 0.422103 0.433735 0.455371 0.437809 0.454901 0.439360 0.456191 0.439553 0.457637 0.441105 0.458927 0.441298 0.460373 0.442848 0.461663 0.443234 0.464556 0.444786 0.465846 0.445365 0.470185 0.446915 0.471475 0.447301 0.474368 0.448853 0.475658 0.449239 0.478551 0.450789 0.479840 0.451175 0.482733 0.452726 0.484023 0.452919 0.485470 0.454470 0.486759 0.454663 0.488205 0.456214 0.489496 0.456600 0.492389 0.458151 0.493678 0.458344 0.495125 0.459896 0.496415 0.460089 0.497861 0.461640 0.499151 0.461833 0.500597 0.463384 0.501886 0.463577 0.503333 0.465128 0.504623 0.465321 0.506069 0.466871 0.507359 0.467064 0.508806 0.470167 0.511385 0.470745 0.515724 0.477537 0.514940 0.476958 0.510601 0.479288 0.507395 0.479095 0.505948 0.480261 0.504345 0.480068 0.502899 0.481233 0.501295 0.481040 0.499848 0.483371 0.496643 0.483178 0.495196 0.485508 0.491989 0.485122 0.489096 0.486288 0.487493 0.486095 0.486047 0.487260 0.484443 0.491334 0.483973 0.488054 0.459383 0.483980 0.459853 0.480877 0.457274 0.480684 0.455827 0.479133 0.454538 0.478940 0.453091 0.475838 0.450511 0.475452 0.447619 0.469248 0.442459 0.469055 0.441013 0.467504 0.439723 0.466146 0.439880 0.458390 0.433432 0.457031 0.433589 0.450828 0.428430 0.449469 0.428587 0.446367 0.426007 0.445595 0.420221
0 0.792733 0.344902 0.793312 0.349242 0.792146 0.350845 0.792339 0.352292 0.790008 0.355498 0.790201 0.356945 0.786706 0.361754 0.786899 0.363201 0.774081 0.380837 0.772722 0.380994 0.769227 0.385803 0.767869 0.385960 0.764373 0.390769 0.763015 0.390926 0.760684 0.394132 0.759326 0.394289 0.756996 0.397497 0.755637 0.397653 0.754472 0.399256 0.753114 0.399413 0.750784 0.402619 0.749426 0.402776 0.748260 0.404380 0.746902 0.404537 0.745737 0.406139 0.741662 0.406610 0.743785 0.422520 0.750575 0.421737 0.752127 0.423027 0.772500 0.420675 0.773665 0.419072 0.777739 0.418601 0.778904 0.416998 0.781621 0.416685 0.782786 0.415081 0.784144 0.414924 0.785309 0.413322 0.786668 0.413165 0.787833 0.411562 0.789191 0.411405 0.790356 0.409802 0.791714 0.409645 0.792880 0.408042 0.794238 0.407885 0.795403 0.406282 0.796761 0.406125 0.797927 0.404521 0.799285 0.404364 0.800450 0.402761 0.801808 0.402605 0.804138 0.399398 0.805497 0.399241 0.806662 0.397639 0.808020 0.397482 0.810350 0.394275 0.811709 0.394119 0.825692 0.374880 0.829767 0.374409 0.827837 0.359945 0.823762 0.360415 0.820660 0.357835 0.820467 0.356389 0.817365 0.353809 0.817172 0.352362 0.814070 0.349784 0.812712 0.349940 0.811160 0.348650 0.810388 0.342864
0 0.118770 0.575446 0.122050 0.600035 0.127483 0.599408 0.136789 0.607147 0.136982 0.608593 0.140085 0.611173 0.141443 0.611016 0.142608 0.609413 0.143966 0.609257 0.147462 0.604446 0.147269 0.602999 0.151930 0.596586 0.151737 0.595140 0.152903 0.593538 0.152710 0.592091 0.153875 0.590488 0.157949 0.590018 0.155440 0.571213
0 0.834495 0.275457 0.835267 0.281243 0.832937 0.284449 0.831579 0.284606 0.828083 0.289416 0.826725 0.289573 0.824394 0.292779 0.823036 0.292935 0.821870 0.294539 0.820512 0.294696 0.819348 0.296299 0.816630 0.296612 0.815466 0.298216 0.814108 0.298373 0.812942 0.299976 0.811584 0.300132 0.810419 0.301736 0.809060 0.301893 0.807895 0.303497 0.806538 0.303653 0.805372 0.305256 0.804013 0.305413 0.802849 0.307017 0.801491 0.307173 0.800325 0.308776 0.797609 0.309090 0.796443 0.310693 0.795085 0.310850 0.793921 0.312453 0.792562 0.312610 0.791396 0.314213 0.790039 0.314369 0.788874 0.315973 0.786157 0.316286 0.784992 0.317889 0.783633 0.318046 0.782468 0.319650 0.779752 0.319963 0.778586 0.321567 0.777229 0.321724 0.776064 0.323326 0.773347 0.323640 0.772182 0.325244 0.769466 0.325557 0.768301 0.327160 0.764226 0.327630 0.765769 0.339202 0.771202 0.338575 0.772753 0.339865 0.775469 0.339552 0.777021 0.340841 0.778379 0.340684 0.779930 0.341974 0.782646 0.341661 0.784198 0.342950 0.786913 0.342637 0.788465 0.343926 0.802046 0.342358 0.803597 0.343648 0.804176 0.347988 0.831340 0.344853 0.830761 0.340513 0.841248 0.326083 0.841055 0.324637 0.845716 0.318224 0.845523 0.316778 0.846688 0.315175 0.846495 0.313729 0.848826 0.310521 0.848633 0.309075 0.849798 0.307471 0.849605 0.306025 0.850770 0.304423 0.850577 0.302976 0.852908 0.299769 0.852715 0.298323 0.853881 0.296719 0.853687 0.295272 0.854853 0.293670 0.854660 0.292223 0.855825 0.290620 0.853510 0.273262
0 0.609500 0.201553 0.610079 0.205893 0.607748 0.209098 0.606390 0.209255 0.604059 0.212462 0.599985 0.212933 0.602493 0.231736 0.609284 0.230953 0.610835 0.232242 0.612194 0.232085 0.613744 0.233375 0.620535 0.232591 0.621701 0.230988 0.624417 0.230674 0.629078 0.224262 0.628885 0.222815 0.633546 0.216402 0.637621 0.215932 0.635306 0.198574
0 0.818258 0.195081 0.818837 0.199421 0.815341 0.204231 0.813983 0.204387 0.810487 0.209197 0.809129 0.209353 0.807964 0.210957 0.805247 0.211271 0.804082 0.212873 0.798649 0.213501 0.801158 0.232305 0.805233 0.231835 0.806783 0.233125 0.808141 0.232968 0.809693 0.234258 0.813767 0.233787 0.814932 0.232184 0.816290 0.232028 0.817456 0.230424 0.818814 0.230267 0.820365 0.231557 0.823081 0.231244 0.824633 0.232533 0.825991 0.232376 0.829093 0.234956 0.829672 0.239295 0.841895 0.237884 0.841316 0.233545 0.848308 0.223925 0.849666 0.223768 0.856658 0.214149 0.858016 0.213992 0.862677 0.207579 0.868109 0.206952 0.865794 0.189595
0 0.117938 0.651917 0.122375 0.685186 0.133241 0.683932 0.132662 0.679592 0.138488 0.671575 0.138295 0.670129 0.140625 0.666923 0.139082 0.655351 0.137531 0.654062 0.136952 0.649722
0 0.761989 0.465951 0.762761 0.471737 0.761596 0.473340 0.756163 0.473967 0.758479 0.491325 0.763911 0.490698 0.765462 0.491987 0.769537 0.491517 0.771089 0.492807 0.777879 0.492023 0.779430 0.493313 0.780009 0.497653 0.794949 0.495928 0.794370 0.491588 0.795535 0.489985 0.798252 0.489672 0.800582 0.486465 0.806014 0.485838 0.804085 0.471373 0.798652 0.472000 0.797102 0.470710 0.795744 0.470867 0.794192 0.469577 0.792834 0.469734 0.789732 0.467155 0.789153 0.462815
0 0.874192 0.376625 0.874771 0.380964 0.871276 0.385774 0.869917 0.385931 0.866422 0.390741 0.865063 0.390898 0.861568 0.395707 0.856135 0.396334 0.859415 0.420924 0.863490 0.420454 0.865041 0.421743 0.866399 0.421587 0.871052 0.425455 0.871245 0.426902 0.872604 0.426745 0.875705 0.429325 0.876284 0.433664 0.887150 0.432410 0.886378 0.426625 0.894535 0.415402 0.895893 0.415245 0.898224 0.412038 0.899582 0.411881 0.901912 0.408675 0.903271 0.408518 0.906766 0.403708 0.910841 0.403238 0.906789 0.372862
0 0.075460 0.374820 0.078354 0.396517 0.082429 0.396047 0.085531 0.398626 0.086889 0.398469 0.097747 0.407498 0.098326 0.411837 0.117340 0.409642 0.116761 0.405303 0.119091 0.402096 0.120450 0.401940 0.122781 0.398733 0.124139 0.398576 0.127634 0.393766 0.131709 0.393296 0.129586 0.377385 0.125512 0.377855 0.120859 0.373986 0.120280 0.369647
0 0.099847 0.454255 0.100425 0.458595 0.096929 0.463404 0.092855 0.463875 0.095170 0.481232 0.099245 0.480762 0.100796 0.482051 0.102154 0.481895 0.103705 0.483185 0.105063 0.483028 0.108166 0.485607 0.109524 0.485451 0.111076 0.486741 0.111847 0.492526 0.119996 0.491585 0.119225 0.485800 0.122720 0.480990 0.122527 0.479543 0.127188 0.473131 0.126995 0.471684 0.132822 0.463667 0.132629 0.462221 0.133793 0.460618 0.132243 0.459328 0.132050 0.457882 0.130498 0.456592 0.129726 0.450806
0 0.510818 0.371568 0.516027 0.410623 0.530968 0.408899 0.530389 0.404559 0.531554 0.402955 0.531361 0.401509 0.532526 0.399907 0.532333 0.398460 0.534663 0.395253 0.534470 0.393807 0.536801 0.390600 0.536609 0.389154 0.538938 0.385947 0.538745 0.384500 0.539911 0.382897 0.543985 0.382427 0.542056 0.367962
0 0.815791 0.383366 0.819457 0.410848 0.824889 0.410221 0.826441 0.411511 0.826634 0.412957 0.831287 0.416827 0.831866 0.421167 0.845448 0.419599 0.844676 0.413812 0.851667 0.404194 0.855742 0.403723 0.854006 0.390705 0.849931 0.391175 0.846828 0.388596 0.845471 0.388752 0.842368 0.386173 0.841596 0.380387
0 0.735227 0.451415 0.735805 0.455754 0.732310 0.460564 0.730952 0.460721 0.728621 0.463927 0.727263 0.464084 0.726099 0.465688 0.722024 0.466158 0.724725 0.486408 0.742381 0.484370 0.741610 0.478584 0.742775 0.476981 0.744132 0.476824 0.745298 0.475221 0.746657 0.475064 0.747821 0.473461 0.749179 0.473304 0.750345 0.471702 0.751703 0.471545 0.752868 0.469941 0.754227 0.469784 0.755392 0.468181 0.756749 0.468024 0.757915 0.466421 0.759274 0.466264 0.761603 0.463058 0.764320 0.462744 0.765485 0.461141 0.766844 0.460985 0.769173 0.457777 0.774606 0.457150 0.773256 0.447025
0 0.573513 0.593456 0.576407 0.615153 0.581840 0.614525 0.583391 0.615816 0.583969 0.620155 0.600268 0.618273 0.599497 0.612487 0.602992 0.607678 0.607067 0.607208 0.604752 0.589850
0 0.399171 0.496080 0.399749 0.500419 0.397420 0.503626 0.397613 0.505072 0.395282 0.508279 0.395475 0.509725 0.393145 0.512932 0.393338 0.514378 0.391006 0.517585 0.391199 0.519031 0.390035 0.520634 0.390228 0.522081 0.386731 0.526891 0.386924 0.528338 0.385760 0.529940 0.385952 0.531386 0.384788 0.532990 0.384981 0.534437 0.383815 0.536040 0.384008 0.537487 0.382843 0.539089 0.383036 0.540536 0.381870 0.542139 0.382063 0.543586 0.380898 0.545189 0.381091 0.546635 0.379926 0.548239 0.380119 0.549685 0.378953 0.551289 0.379339 0.554181 0.378174 0.555784 0.378560 0.558678 0.377395 0.560281 0.377781 0.563174 0.375451 0.566380 0.371376 0.566851 0.376199 0.603013 0.387065 0.601759 0.386293 0.595973 0.387458 0.594369 0.387265 0.592923 0.388430 0.591320 0.388237 0.589873 0.390568 0.586667 0.390375 0.585220 0.392705 0.582014 0.392513 0.580568 0.394843 0.577360 0.394650 0.575914 0.396981 0.572708 0.396788 0.571262 0.397952 0.569658 0.397759 0.568211 0.398925 0.566608 0.398732 0.565162 0.399898 0.563558 0.399705 0.562112 0.400870 0.560509 0.400677 0.559062 0.401842 0.557459 0.401456 0.554566 0.402621 0.552962 0.402428 0.551516 0.403594 0.549913 0.403401 0.548467 0.404566 0.546863 0.404180 0.543970 0.405345 0.542367 0.405152 0.540921 0.407482 0.537714 0.407289 0.536268 0.408455 0.534665 0.408262 0.533218 0.409428 0.531615 0.409235 0.530168 0.410400 0.528565 0.410207 0.527119 0.411372 0.525516 0.411179 0.524069 0.412344 0.522465 0.412151 0.521019 0.413316 0.519416 0.413123 0.517969 0.416619 0.513159 0.416426 0.511713 0.418757 0.508507 0.422832 0.508036 0.420902 0.493572
0 0.110992 0.599844 0.113886 0.621540 0.119318 0.620913 0.123971 0.624783 0.125330 0.624626 0.126882 0.625916 0.128239 0.625759 0.129791 0.627048 0.130370 0.631388 0.131728 0.631232 0.131149 0.626892 0.132314 0.625289 0.135030 0.624975 0.136195 0.623372 0.137554 0.623215 0.141049 0.618405 0.145123 0.617935 0.144352 0.612149 0.140278 0.612619 0.127869 0.602302 0.127290 0.597962
0 0.741368 0.280331 0.743876 0.299136 0.749309 0.298509 0.750860 0.299798 0.768516 0.297760 0.769681 0.296158 0.771039 0.296001 0.772205 0.294397 0.773563 0.294240 0.774728 0.292638 0.774342 0.289744 0.775507 0.288141 0.779581 0.287671 0.775507 0.288141 0.770854 0.284272 0.769890 0.277039
0 0.603022 0.566550 0.606302 0.591140 0.610377 0.590670 0.611928 0.591959 0.613286 0.591803 0.614837 0.593092 0.616195 0.592935 0.617746 0.594225 0.619105 0.594068 0.620656 0.595359 0.622014 0.595202 0.623565 0.596491 0.648012 0.593669 0.649177 0.592066 0.651894 0.591753 0.653059 0.590149 0.654417 0.589992 0.655582 0.588389 0.659657 0.587918 0.658500 0.579240 0.653066 0.579867 0.649965 0.577287 0.648606 0.577444 0.647055 0.576155 0.645697 0.576311 0.644146 0.575021 0.642788 0.575178 0.633481 0.567441 0.632902 0.563101
0 0.651761 0.508049 0.652340 0.512389 0.651175 0.513992 0.645742 0.514619 0.648251 0.533423 0.656400 0.532483 0.657951 0.533772 0.660667 0.533459 0.661833 0.531856 0.676773 0.530131 0.677938 0.528528 0.680654 0.528214 0.681819 0.526610 0.684536 0.526297 0.685701 0.524694 0.687059 0.524537 0.689389 0.521331 0.690748 0.521174 0.691913 0.519570 0.691720 0.518124 0.694050 0.514918 0.693664 0.512025 0.692113 0.510735 0.691149 0.503503
1 0.234030 0.550392 0.234801 0.556178 0.233636 0.557780 0.233829 0.559227 0.232664 0.560831 0.232857 0.562277 0.228196 0.568690 0.228389 0.570137 0.227223 0.571740 0.227416 0.573186 0.225087 0.576393 0.225279 0.577839 0.224114 0.579442 0.224307 0.580889 0.219646 0.587302 0.219839 0.588748 0.217508 0.591955 0.217701 0.593401 0.216536 0.595004 0.216729 0.596451 0.214399 0.599657 0.214592 0.601104 0.212260 0.604310 0.212453 0.605757 0.210124 0.608963 0.210317 0.610409 0.207986 0.613617 0.208178 0.615063 0.207014 0.616667 0.207207 0.618113 0.204876 0.621319 0.205069 0.622766 0.203904 0.624369 0.204097 0.625815 0.202931 0.627419 0.203124 0.628865 0.201959 0.630468 0.202152 0.631915 0.200987 0.633518 0.201180 0.634964 0.200015 0.636568 0.200401 0.639461 0.199235 0.641063 0.199621 0.643957 0.198455 0.645560 0.198648 0.647007 0.197484 0.648610 0.197676 0.650056 0.196512 0.651660 0.196705 0.653106 0.195539 0.654709 0.195732 0.656155 0.194567 0.657759 0.194953 0.660652 0.193787 0.662256 0.194173 0.665148 0.193008 0.666751 0.193393 0.669644 0.192229 0.671247 0.192807 0.675587 0.191643 0.677191 0.191836 0.678637 0.190670 0.680240 0.190863 0.681686 0.189697 0.683290 0.190276 0.687629 0.189111 0.689232 0.189497 0.692126 0.188331 0.693729 0.188717 0.696622 0.187553 0.698225 0.187938 0.701117 0.186774 0.702721 0.187545 0.708507 0.186380 0.710110 0.186766 0.713004 0.185600 0.714606 0.185793 0.716052 0.184628 0.717656 0.184821 0.719102 0.183656 0.720706 0.184042 0.723599 0.182876 0.725202 0.183069 0.726648 0.181905 0.728252 0.177830 0.728722 0.181302 0.754758 0.204391 0.752093 0.203426 0.744861 0.204592 0.743257 0.204399 0.741811 0.205565 0.740209 0.205179 0.737315 0.206344 0.735712 0.205186 0.727033 0.206352 0.725430 0.206159 0.723983 0.207324 0.722380 0.207131 0.720934 0.209461 0.717727 0.209268 0.716280 0.211599 0.713074 0.211406 0.711628 0.213736 0.708421 0.213543 0.706974 0.214709 0.705371 0.214516 0.703925 0.215681 0.702322 0.215295 0.699429 0.216460 0.697825 0.216074 0.694933 0.217239 0.693329 0.217046 0.691882 0.218211 0.690280 0.218018 0.688834 0.220350 0.685626 0.220157 0.684180 0.221322 0.682577 0.221129 0.681130 0.222294 0.679528 0.222101 0.678081 0.223266 0.676477 0.223073 0.675031 0.225404 0.671825 0.225211 0.670379 0.226376 0.668775 0.226183 0.667328 0.228513 0.664122 0.228320 0.662675 0.230652 0.659469 0.230459 0.658023 0.231623 0.656419 0.231430 0.654972 0.233761 0.651766 0.233568 0.650320 0.234734 0.648717 0.234541 0.647270 0.235705 0.645666 0.235513 0.644220 0.236677 0.642618 0.236484 0.641171 0.237650 0.639568 0.237457 0.638121 0.238622 0.636517 0.238429 0.635071 0.239595 0.633468 0.239402 0.632021 0.240567 0.630418 0.240374 0.628972 0.242704 0.625765 0.242318 0.622872 0.243484 0.621269 0.243291 0.619823 0.244457 0.618220 0.244264 0.616773 0.245428 0.615169 0.245235 0.613723 0.246401 0.612120 0.246208 0.610673 0.247373 0.609071 0.247180 0.607624 0.248345 0.606020 0.248152 0.604574 0.249318 0.602971 0.249125 0.601524 0.250290 0.599920 0.250097 0.598474 0.252427 0.595268 0.252234 0.593821 0.255730 0.589012 0.255537 0.587566 0.260198 0.581153 0.259812 0.578260 0.260978 0.576656 0.260399 0.572317 0.258848 0.571027 0.258462 0.568134 0.256910 0.566845 0.256717 0.565398 0.252064 0.561528 0.251871 0.560082 0.250321 0.558793 0.250128 0.557346 0.247025 0.554767 0.246253 0.548981
0 0.577372 0.622385 0.579880 0.641189 0.588029 0.640249 0.589581 0.641539 0.611312 0.639030 0.612862 0.640320 0.619653 0.639536 0.620818 0.637933 0.626251 0.637306 0.627416 0.635702 0.632849 0.635075 0.630340 0.616271
0 0.186490 0.297379 0.189384 0.319077 0.205683 0.317196 0.205104 0.312856 0.209765 0.306443 0.213839 0.305973 0.212295 0.294401
0 0.131270 0.462378 0.132042 0.468164 0.129711 0.471370 0.129904 0.472817 0.124079 0.480833 0.124271 0.482279 0.123106 0.483883 0.117673 0.484510 0.119988 0.501868 0.125421 0.501241 0.126973 0.502531 0.127744 0.508316 0.149475 0.505807 0.148704 0.500022 0.149868 0.498419 0.149675 0.496973 0.150841 0.495369 0.150648 0.493922 0.152978 0.490716 0.152786 0.489270 0.153950 0.487666 0.151249 0.467416 0.149699 0.466126 0.148927 0.460340
1 0.559062 0.195625 0.571989 0.292538 0.576063 0.292068 0.579166 0.294647 0.579359 0.296094 0.580910 0.297383 0.582268 0.297227 0.583819 0.298517 0.585178 0.298360 0.591382 0.303519 0.592740 0.303362 0.595842 0.305942 0.598559 0.305628 0.600110 0.306917 0.602825 0.306604 0.604377 0.307894 0.607093 0.307580 0.608645 0.308870 0.614078 0.308242 0.615628 0.309533 0.618345 0.309219 0.619510 0.307615 0.620868 0.307459 0.622034 0.305856 0.627467 0.305229 0.620328 0.251710 0.616253 0.252180 0.613150 0.249600 0.612958 0.248154 0.611407 0.246863 0.611214 0.245417 0.608111 0.242838 0.607532 0.238499 0.605981 0.237209 0.605595 0.234316 0.604045 0.233026 0.603852 0.231580 0.602300 0.230290 0.602107 0.228844 0.600556 0.227554 0.598819 0.214536 0.599985 0.212933 0.597091 0.191235
0 0.188654 0.520379 0.191355 0.540630 0.199504 0.539689 0.201056 0.540979 0.202413 0.540822 0.203964 0.542112 0.204543 0.546451 0.218125 0.544883 0.215616 0.526080 0.211542 0.526550 0.208440 0.523970 0.207668 0.518185
0 0.762205 0.436551 0.764328 0.452462 0.771119 0.451678 0.772670 0.452968 0.773248 0.457307 0.790904 0.455269 0.790325 0.450930 0.792657 0.447723 0.794015 0.447567 0.796345 0.444360 0.800419 0.443890 0.798876 0.432318
0 0.708060 0.196051 0.711726 0.223534 0.740248 0.220242 0.739669 0.215903 0.743165 0.211093 0.747240 0.210623 0.745696 0.199051 0.741621 0.199522 0.738519 0.196942 0.737940 0.192602
0 0.674510 0.440798 0.676440 0.455263 0.681872 0.454636 0.683424 0.455925 0.684782 0.455769 0.686332 0.457059 0.686911 0.461398 0.708642 0.458889 0.705748 0.437193
0 0.665775 0.447682 0.666354 0.452021 0.662858 0.456831 0.663051 0.458277 0.657225 0.466293 0.657418 0.467740 0.655087 0.470946 0.651012 0.471416 0.654871 0.500346 0.665737 0.499092 0.668067 0.495886 0.669425 0.495729 0.671756 0.492522 0.671563 0.491076 0.677389 0.483059 0.677196 0.481613 0.679527 0.478407 0.679334 0.476960 0.680499 0.475357 0.680306 0.473911 0.681471 0.472307 0.681085 0.469414 0.682250 0.467811 0.681285 0.460579 0.679735 0.459289 0.679156 0.454950 0.677604 0.453659 0.676640 0.446428
0 0.083117 0.514936 0.088712 0.556884 0.099578 0.555630 0.100743 0.554027 0.100550 0.552580 0.105211 0.546168 0.105018 0.544721 0.108514 0.539911 0.112588 0.539441 0.111816 0.533654 0.107742 0.534125 0.106190 0.532835 0.105998 0.531389 0.104447 0.530099 0.104254 0.528652 0.098049 0.523493 0.097857 0.522047 0.096306 0.520757 0.095341 0.513525
0 0.165969 0.763872 0.169442 0.789909 0.178950 0.788811 0.180500 0.790101 0.190008 0.789003 0.191173 0.787400 0.193889 0.787087 0.195054 0.785484 0.200487 0.784857 0.197207 0.760267
0 0.063021 0.405631 0.065915 0.427328 0.071348 0.426701 0.076009 0.420289 0.077367 0.420132 0.077174 0.418685 0.079504 0.415478 0.077960 0.403907
0 0.695409 0.514761 0.699074 0.542244 0.711298 0.540833 0.710719 0.536494 0.713050 0.533287 0.714408 0.533130 0.719069 0.526717 0.723143 0.526247 0.721214 0.511782
0 0.578764 0.312319 0.577599 0.313922 0.577793 0.315369 0.576627 0.316972 0.576820 0.318419 0.574490 0.321624 0.570415 0.322095 0.579483 0.390080 0.586274 0.389296 0.589376 0.391875 0.589955 0.396214 0.592672 0.395901 0.592093 0.391562 0.595589 0.386752 0.595203 0.383859 0.596368 0.382256 0.595789 0.377916 0.596954 0.376313 0.595218 0.363295 0.596383 0.361692 0.594839 0.350120 0.596005 0.348516 0.595812 0.347070 0.596978 0.345467 0.596592 0.342574 0.597756 0.340971 0.597178 0.336631 0.598343 0.335028 0.597764 0.330689 0.596213 0.329399 0.595827 0.326506 0.594276 0.325216 0.593698 0.320877 0.592146 0.319586 0.591953 0.318140 0.590402 0.316851 0.590209 0.315404 0.587107 0.312825 0.584390 0.313138 0.582839 0.311848
0 0.581352 0.486801 0.583474 0.502712 0.594340 0.501458 0.593568 0.495672 0.598229 0.489260 0.602303 0.488790 0.601724 0.484450
0 0.646699 0.532133 0.647278 0.536473 0.643783 0.541282 0.638350 0.541910 0.640858 0.560713 0.653082 0.559302 0.652503 0.554963 0.653668 0.553360 0.655027 0.553203 0.656192 0.551600 0.658908 0.551287 0.660074 0.549684 0.665506 0.549057 0.666671 0.547453 0.670745 0.546983 0.671911 0.545379 0.673269 0.545222 0.674434 0.543619 0.677151 0.543306 0.680647 0.538496 0.680454 0.537050 0.681619 0.535446 0.680654 0.528214
0 0.575855 0.311186 0.576627 0.316972 0.574297 0.320178 0.570222 0.320649 0.579676 0.391527 0.595974 0.389645 0.594817 0.380966 0.595982 0.379363 0.594632 0.369237 0.595797 0.367634 0.593481 0.350276 0.594646 0.348673 0.594067 0.344334 0.595233 0.342731 0.599308 0.342261 0.594870 0.308991
0 0.572030 0.499627 0.572802 0.505413 0.571637 0.507017 0.571830 0.508463 0.569499 0.511669 0.569692 0.513116 0.567362 0.516323 0.567555 0.517769 0.562893 0.524182 0.558819 0.524652 0.564029 0.563706 0.568103 0.563236 0.567524 0.558897 0.569855 0.555691 0.572572 0.555377 0.574901 0.552171 0.576260 0.552014 0.580921 0.545601 0.582278 0.545444 0.583444 0.543841 0.583251 0.542394 0.589078 0.534379 0.588885 0.532932 0.591214 0.529725 0.591022 0.528279 0.593353 0.525072 0.591230 0.509161 0.589679 0.507871 0.589293 0.504979 0.587742 0.503689 0.586970 0.497903
0 0.537058 0.568289 0.539952 0.589986 0.545385 0.589358 0.546936 0.590649 0.548294 0.590492 0.551396 0.593071 0.554113 0.592758 0.555664 0.594047 0.558380 0.593733 0.559931 0.595024 0.560510 0.599363 0.563226 0.599049 0.562648 0.594710 0.563813 0.593106 0.565171 0.592950 0.566336 0.591347 0.567695 0.591190 0.572355 0.584777 0.576430 0.584307 0.573729 0.564056
0 0.105438 0.764984 0.107560 0.780896 0.127932 0.778544 0.125810 0.762633
0 0.643549 0.332747 0.644127 0.337087 0.642962 0.338690 0.643155 0.340137 0.638494 0.346549 0.634419 0.347019 0.637892 0.373056 0.647399 0.371959 0.646821 0.367620 0.647986 0.366017 0.647793 0.364570 0.650124 0.361363 0.649931 0.359916 0.651096 0.358314 0.650903 0.356868 0.653234 0.353661 0.653041 0.352214 0.656536 0.347404 0.657894 0.347247 0.662555 0.340834 0.661204 0.330709
0 0.672192 0.164941 0.672964 0.170727 0.671798 0.172330 0.672570 0.178117 0.671404 0.179720 0.671597 0.181166 0.670432 0.182770 0.670818 0.185662 0.669653 0.187265 0.670039 0.190159 0.668874 0.191762 0.669067 0.193208 0.667902 0.194812 0.663827 0.195282 0.669615 0.238676 0.673690 0.238206 0.676791 0.240785 0.677177 0.243678 0.678729 0.244968 0.679115 0.247861 0.680665 0.249151 0.681630 0.256383 0.693854 0.254972 0.692889 0.247740 0.694055 0.246137 0.693862 0.244690 0.695027 0.243087 0.694834 0.241640 0.697164 0.238434 0.696972 0.236987 0.698136 0.235384 0.697943 0.233938 0.699109 0.232334 0.698723 0.229441 0.699889 0.227839 0.699696 0.226392 0.700861 0.224788 0.704935 0.224318 0.699725 0.185263 0.695651 0.185734 0.694101 0.184443 0.693715 0.181551 0.692163 0.180261 0.691777 0.177368 0.690226 0.176079 0.689840 0.173186 0.688289 0.171896 0.688096 0.170449 0.686546 0.169160 0.685774 0.163374
0 0.854501 0.508147 0.856430 0.522612 0.870012 0.521044 0.871177 0.519441 0.873893 0.519127 0.875058 0.517524 0.877775 0.517211 0.878940 0.515608 0.887089 0.514667 0.885738 0.504542
0 0.205845 0.359770 0.208739 0.381467 0.215530 0.380683 0.214952 0.376344 0.218447 0.371535 0.222521 0.371065 0.220785 0.358046
0 0.071359 0.674918 0.073095 0.687937 0.078528 0.687310 0.079693 0.685706 0.081051 0.685549 0.080858 0.684102 0.083189 0.680897 0.087264 0.680426 0.086299 0.673194
0 0.091485 0.743095 0.094379 0.764791 0.107961 0.763224 0.107382 0.758885 0.113208 0.750869 0.111857 0.740743
1 0.424390 0.499044 0.425162 0.504830 0.423997 0.506433 0.424190 0.507880 0.421859 0.511086 0.422052 0.512532 0.420887 0.514136 0.421080 0.515582 0.415254 0.523598 0.415447 0.525045 0.413116 0.528251 0.413309 0.529698 0.410978 0.532904 0.411171 0.534351 0.410007 0.535954 0.410199 0.537400 0.409034 0.539004 0.409227 0.540451 0.408061 0.542054 0.408254 0.543500 0.407089 0.545103 0.407282 0.546549 0.406117 0.548153 0.406310 0.549600 0.405145 0.551203 0.405338 0.552649 0.404173 0.554252 0.404559 0.557145 0.403393 0.558748 0.403779 0.561642 0.402614 0.563245 0.402807 0.564692 0.401641 0.566295 0.401834 0.567741 0.400670 0.569344 0.400863 0.570791 0.399697 0.572394 0.399890 0.573840 0.397559 0.577047 0.397752 0.578493 0.396587 0.580097 0.396780 0.581543 0.394449 0.584750 0.394642 0.586197 0.389982 0.592610 0.385907 0.593080 0.388801 0.614777 0.394234 0.614150 0.397336 0.616729 0.398694 0.616572 0.403348 0.620442 0.404705 0.620285 0.407808 0.622864 0.409166 0.622708 0.410718 0.623997 0.412075 0.623840 0.418280 0.628999 0.418859 0.633338 0.429724 0.632084 0.428952 0.626299 0.430117 0.624695 0.429924 0.623248 0.431090 0.621645 0.430897 0.620199 0.432062 0.618596 0.431097 0.611364 0.432263 0.609760 0.431491 0.603974 0.432657 0.602370 0.432078 0.598031 0.433243 0.596429 0.432664 0.592089 0.433829 0.590486 0.433637 0.589039 0.434801 0.587436 0.434608 0.585989 0.435774 0.584386 0.435388 0.581493 0.436553 0.579890 0.436167 0.576997 0.437332 0.575394 0.436946 0.572500 0.438112 0.570897 0.437919 0.569451 0.439084 0.567848 0.438698 0.564955 0.439863 0.563351 0.438706 0.554672 0.439871 0.553069 0.438714 0.544390 0.439878 0.542787 0.439300 0.538448 0.440465 0.536845 0.440079 0.533951 0.441244 0.532348 0.440858 0.529455 0.442023 0.527853 0.441830 0.526406 0.442996 0.524802 0.442803 0.523356 0.443968 0.521753 0.443582 0.518859 0.444748 0.517257 0.444362 0.514364 0.446692 0.511157 0.446499 0.509710 0.447665 0.508107 0.447472 0.506661 0.450967 0.501851 0.455041 0.501381 0.454270 0.495595
0 0.650494 0.384821 0.654160 0.412304 0.662309 0.411363 0.661731 0.407024 0.662896 0.405420 0.664254 0.405263 0.666584 0.402057 0.667943 0.401900 0.669108 0.400297 0.668915 0.398850 0.671245 0.395644 0.671052 0.394198 0.672217 0.392595 0.677650 0.391968 0.676299 0.381842
0 0.059162 0.376701 0.062056 0.398398 0.071563 0.397301 0.070984 0.392962 0.073315 0.389755 0.074673 0.389599 0.077004 0.386392 0.078362 0.386235 0.081857 0.381425 0.085932 0.380955 0.084967 0.373723
0 0.141054 0.349624 0.141633 0.353964 0.139302 0.357170 0.133869 0.357797 0.135799 0.372261 0.149380 0.370694 0.148802 0.366355 0.155793 0.356735 0.159867 0.356265 0.158709 0.347586
0 0.065575 0.362743 0.066153 0.367082 0.067704 0.368371 0.068476 0.374158 0.073909 0.373531 0.072172 0.360512 0.066739 0.361139 0.065575 0.362743 0.059756 0.360477 0.059563 0.359030 0.060728 0.357427 0.060535 0.355981 0.062866 0.352774 0.062094 0.346988 0.039005 0.349653 0.041320 0.367011 0.053543 0.365600 0.054709 0.363997 0.057426 0.363684 0.059756 0.360477
0 0.643549 0.332747 0.644127 0.337087 0.642962 0.338690 0.643155 0.340137 0.638494 0.346549 0.634419 0.347019 0.637892 0.373056 0.648758 0.371802 0.647986 0.366017 0.649152 0.364413 0.648959 0.362966 0.651288 0.359760 0.651096 0.358314 0.652261 0.356711 0.652068 0.355264 0.660225 0.344041 0.665657 0.343414 0.663921 0.330396
0 0.077132 0.738877 0.080026 0.760573 0.081384 0.760416 0.080613 0.754631 0.085273 0.748219 0.083922 0.738093
1 0.197208 0.363950 0.190014 0.473711 0.203410 0.505212 0.217306 0.514623 0.208990 0.391965 0.208367 0.361437
0 0.227689 0.247827 0.250807 0.248831 0.279425 0.247976 0.302068 0.236793 0.314195 0.232947 0.304807 0.248718 0.296871 0.266768 0.278917 0.278633 0.262911 0.279257 0.243193 0.269292
0 0.915736 0.419263 0.898289 0.414120 0.892716 0.422714 0.893551 0.428979 0.901109 0.435261 0.910979 0.436507 0.916676 0.426309
0 0.918451 0.439621 0.905724 0.441884 0.902675 0.447007 0.907713 0.451195 0.920749 0.456846
0 0.145750 0.648865 0.153198 0.659931 0.158967 0.669601 0.158962 0.675167 0.148044 0.671657 0.145002 0.665648
0 0.665916 0.222303 0.656148 0.221839 0.653726 0.231659 0.656763 0.243234 0.663271 0.247253 0.671467 0.241536 0.671157 0.233622 0.663714 0.216990
