1 0.694757 0.329465 0.641240 0.283979 0.614112 0.387901 0.676956 0.385579 0.672968 0.350825 0.680174 0.346339 0.674663 0.327253 0.670106 0.318833
1 0.490592 0.621114 0.452884 0.721232 0.511754 0.738270
1 0.448128 0.722028 0.383432 0.700387 0.399852 0.762908
1 0.380114 0.689464 0.358754 0.581525 0.311704 0.675334
1 0.314125 0.672960 0.243435 0.654620 0.257576 0.712930
1 0.243606 0.646720 0.222415 0.530880 0.175365 0.624690
1 0.534837 0.492681 0.122732 0.538385 0.118640 0.629005 0.249958 0.681734 0.383875 0.734752 0.511583 0.746170 0.497811 0.670744 0.504932 0.670207 0.521080 0.690463 0.530310 0.702038 0.541986 0.709922 0.552880 0.699242 0.554745 0.667771 0.550444 0.647500 0.541444 0.625392 0.536831 0.619605 0.525381 0.601186
1 0.593462 0.000000 0.604996 0.000000 0.499974 0.022937 0.405617 0.112858 0.399992 0.099041 0.394481 0.079955 0.370642 0.086572 0.370073 0.112904 0.373533 0.117245 0.375670 0.128040 0.124933 0.338011 0.130657 0.073351 0.282607 0.000000
0 0.361361 0.625366 0.350609 0.629461 0.341039 0.633688 0.331241 0.648448 0.342890 0.657650 0.350068 0.654480 0.362171 0.642613
0 0.489908 0.652715 0.482817 0.651935 0.474344 0.660241 0.466797 0.680528 0.466426 0.697645 0.472279 0.700929 0.481991 0.690120 0.490578 0.676546
0 0.223840 0.574592 0.227044 0.590783 0.220878 0.601983 0.200584 0.608987 0.200584 0.608987 0.195886 0.607150 0.198506 0.595561 0.216492 0.585662 0.221305 0.582232
0 0.392145 0.078380 0.400191 0.089824 0.405731 0.107591 0.405589 0.114175 0.392302 0.125910 0.382818 0.126186 0.375784 0.122773 0.368976 0.108824 0.368078 0.095528 0.377734 0.087352
0 0.256890 0.087247 0.287365 0.102481 0.287023 0.118281 0.277339 0.127774 0.265292 0.137006 0.256876 0.142679 0.248545 0.144402 0.237965 0.140597 0.232367 0.125462 0.237722 0.097016 0.253202 0.093441
