1 0.623970 0.258815 0.624327 0.265235 0.622636 0.266745 0.620855 0.266651 0.615784 0.271183 0.615873 0.272788 0.614183 0.274298 0.614273 0.275904 0.610890 0.278925 0.610979 0.280530 0.609289 0.282040 0.609379 0.283645 0.607689 0.285155 0.607778 0.286761 0.606087 0.288272 0.606176 0.289876 0.604485 0.291387 0.604574 0.292992 0.602884 0.294502 0.602973 0.296107 0.601283 0.297617 0.601372 0.299223 0.599681 0.300733 0.599771 0.302339 0.598079 0.303850 0.598169 0.305454 0.596479 0.306965 0.596568 0.308570 0.593187 0.311591 0.593276 0.313195 0.589895 0.316216 0.589984 0.317822 0.586603 0.320843 0.586781 0.324053 0.585091 0.325563 0.585270 0.328773 0.583579 0.330284 0.583668 0.331889 0.581978 0.333400 0.582246 0.338215 0.580554 0.339725 0.580733 0.342935 0.579042 0.344445 0.579399 0.350867 0.577709 0.352377 0.577798 0.353982 0.576108 0.355492 0.576197 0.357097 0.574506 0.358608 0.574685 0.361818 0.572993 0.363328 0.573083 0.364933 0.571393 0.366444 0.571482 0.368049 0.569792 0.369560 0.569881 0.371165 0.566499 0.374186 0.561160 0.373902 0.562588 0.399582 0.569707 0.399960 0.573445 0.403359 0.577005 0.403548 0.578875 0.405248 0.580654 0.405343 0.584392 0.408741 0.586173 0.408835 0.593648 0.415634 0.593737 0.417239 0.597477 0.420638 0.597566 0.422242 0.601303 0.425641 0.603083 0.425736 0.610560 0.432535 0.612339 0.432629 0.617947 0.437727 0.619726 0.437822 0.627204 0.444620 0.627471 0.449435 0.643490 0.450286 0.643132 0.443865 0.641263 0.442166 0.641174 0.440561 0.639305 0.438861 0.638502 0.424415 0.640192 0.422905 0.639656 0.413275 0.641347 0.411764 0.641080 0.406950 0.642771 0.405440 0.642503 0.400624 0.644193 0.399113 0.644104 0.397508 0.645794 0.395997 0.645705 0.394393 0.647396 0.392882 0.647217 0.389673 0.648909 0.388162 0.648730 0.384952 0.650420 0.383441 0.650331 0.381836 0.652021 0.380325 0.651932 0.378721 0.653623 0.377211 0.653534 0.375605 0.655225 0.374095 0.655135 0.372489 0.656825 0.370979 0.656736 0.369374 0.658427 0.367863 0.658338 0.366258 0.660028 0.364747 0.659939 0.363143 0.661629 0.361632 0.661450 0.358423 0.663142 0.356912 0.662963 0.353701 0.661093 0.352001 0.659576 0.324717 0.661267 0.323207 0.659398 0.321507 0.659130 0.316691 0.660821 0.315181 0.660553 0.310366 0.658684 0.308666 0.658148 0.299036 0.659839 0.297525 0.659482 0.291106 0.661173 0.289595 0.660995 0.286385 0.662685 0.284874 0.662506 0.281665 0.664196 0.280154 0.663929 0.275339 0.665620 0.273828 0.665352 0.269013 0.667042 0.267503 0.666685 0.261083
1 0.577341 0.281945 0.577609 0.286760 0.572538 0.291291 0.570757 0.291197 0.557233 0.303281 0.557322 0.304887 0.548870 0.312439 0.548959 0.314043 0.545578 0.317066 0.545667 0.318670 0.542285 0.321691 0.542374 0.323296 0.538994 0.326317 0.539083 0.327922 0.532321 0.333964 0.532410 0.335570 0.525646 0.341611 0.525736 0.343217 0.518973 0.349259 0.519062 0.350864 0.515682 0.353884 0.515772 0.355490 0.514080 0.357000 0.514170 0.358605 0.510789 0.361627 0.510878 0.363232 0.509187 0.364742 0.509276 0.366348 0.507586 0.367858 0.507675 0.369463 0.500913 0.375504 0.501002 0.377110 0.499312 0.378621 0.497532 0.378527 0.495840 0.380037 0.495930 0.381642 0.490858 0.386173 0.490948 0.387778 0.484185 0.393821 0.484274 0.395425 0.480893 0.398447 0.480983 0.400052 0.477601 0.403072 0.477691 0.404678 0.476000 0.406188 0.476090 0.407793 0.471017 0.412325 0.471107 0.413930 0.466034 0.418461 0.466124 0.420066 0.455981 0.429130 0.450641 0.428846 0.451444 0.443292 0.458564 0.443670 0.464170 0.448768 0.465951 0.448862 0.471558 0.453961 0.473338 0.454055 0.475208 0.455755 0.476987 0.455850 0.478857 0.457550 0.478946 0.459154 0.482684 0.462553 0.484463 0.462647 0.486332 0.464347 0.486421 0.465952 0.493899 0.472750 0.493988 0.474356 0.497725 0.477754 0.499505 0.477849 0.505113 0.482947 0.505381 0.487762 0.512500 0.488140 0.512233 0.483325 0.518995 0.477283 0.518906 0.475678 0.520596 0.474167 0.520328 0.469352 0.522019 0.467842 0.521930 0.466237 0.523620 0.464726 0.523531 0.463121 0.525221 0.461610 0.525132 0.460006 0.526823 0.458495 0.526733 0.456889 0.528425 0.455379 0.528246 0.452169 0.529936 0.450658 0.529758 0.447449 0.531448 0.445938 0.530912 0.436308 0.534293 0.433287 0.534115 0.430077 0.535806 0.428567 0.535628 0.425356 0.537319 0.423846 0.537229 0.422240 0.538919 0.420730 0.538830 0.419125 0.540520 0.417615 0.540431 0.416010 0.542122 0.414499 0.542033 0.412894 0.543724 0.411383 0.543635 0.409778 0.545325 0.408268 0.545236 0.406662 0.546926 0.405152 0.546836 0.403548 0.548528 0.402037 0.548438 0.400432 0.550129 0.398921 0.549951 0.395711 0.551641 0.394200 0.551462 0.390990 0.554844 0.387969 0.554754 0.386364 0.556445 0.384854 0.556355 0.383249 0.559737 0.380228 0.559648 0.378622 0.561338 0.377112 0.561249 0.375507 0.562939 0.373997 0.562850 0.372392 0.564541 0.370881 0.564452 0.369277 0.566142 0.367765 0.565963 0.364555 0.567654 0.363044 0.567476 0.359834 0.569167 0.358324 0.568989 0.355114 0.570679 0.353604 0.570589 0.351999 0.572279 0.350489 0.572101 0.347278 0.573792 0.345768 0.573524 0.340953 0.575215 0.339442 0.575037 0.336232 0.576727 0.334722 0.576638 0.333116 0.578328 0.331605 0.578149 0.328395 0.579840 0.326885 0.579751 0.325280 0.581442 0.323770 0.581264 0.320560 0.584645 0.317538 0.584556 0.315933 0.586246 0.314423 0.586157 0.312817 0.587847 0.311307 0.587757 0.309703 0.589449 0.308192 0.589359 0.306587 0.592740 0.303566 0.598079 0.303850 0.597365 0.291009 0.588467 0.290537 0.584729 0.287138 0.584461 0.282322
0 0.437116 0.440931 0.440419 0.500316 0.445759 0.500600 0.447627 0.502300 0.447716 0.503905 0.449586 0.505604 0.449765 0.508814 0.451633 0.510513 0.451901 0.515329 0.453769 0.517028 0.454037 0.521843 0.455907 0.523542 0.455996 0.525148 0.457865 0.526848 0.457954 0.528452 0.459824 0.530152 0.460002 0.533361 0.461872 0.535061 0.462050 0.538271 0.469526 0.545069 0.469793 0.549884 0.471574 0.549978 0.471306 0.545164 0.474687 0.542143 0.476466 0.542237 0.478158 0.540726 0.478068 0.539122 0.483141 0.534590 0.483051 0.532985 0.486433 0.529964 0.486343 0.528359 0.491415 0.523827 0.491325 0.522223 0.494707 0.519201 0.494617 0.517596 0.497999 0.514575 0.503338 0.514859 0.501820 0.487573 0.496481 0.487289 0.492743 0.483890 0.492654 0.482286 0.490784 0.480586 0.490695 0.478981 0.488826 0.477282 0.488737 0.475677 0.486867 0.473978 0.486778 0.472372 0.484910 0.470672 0.484820 0.469068 0.475475 0.460571 0.473695 0.460476 0.471825 0.458776 0.471736 0.457172 0.460523 0.446974 0.460255 0.442159
0 0.923015 0.466723 0.923282 0.471538 0.906376 0.486644 0.904597 0.486550 0.899525 0.491081 0.897746 0.490987 0.894364 0.494008 0.892584 0.493913 0.889203 0.496934 0.887423 0.496840 0.885733 0.498351 0.883953 0.498256 0.882262 0.499766 0.880482 0.499672 0.877101 0.502693 0.873542 0.502504 0.870160 0.505525 0.868381 0.505431 0.866690 0.506941 0.864910 0.506846 0.863219 0.508357 0.861440 0.508263 0.859749 0.509774 0.857969 0.509679 0.856279 0.511189 0.854498 0.511095 0.852808 0.512606 0.851029 0.512512 0.849338 0.514022 0.847557 0.513927 0.845867 0.515438 0.838748 0.515060 0.839640 0.531109 0.844980 0.531393 0.846849 0.533093 0.847117 0.537907 0.902292 0.540836 0.902024 0.536022 0.903715 0.534511 0.905495 0.534605 0.907185 0.533095 0.908965 0.533190 0.910656 0.531679 0.912436 0.531773 0.914126 0.530263 0.915907 0.530358 0.917597 0.528847 0.919376 0.528942 0.921067 0.527431 0.922848 0.527525 0.924538 0.526014 0.928097 0.526203 0.929787 0.524693 0.931568 0.524788 0.934949 0.521767 0.936728 0.521861 0.940111 0.518840 0.941890 0.518934 0.945271 0.515913 0.945182 0.514309 0.953634 0.506756 0.955415 0.506850 0.955325 0.505245 0.958707 0.502224 0.964046 0.502508 0.962975 0.483248 0.957636 0.482964 0.948291 0.474466 0.947934 0.468046
1 0.232040 0.199604 0.232486 0.207629 0.239606 0.208007 0.250820 0.218204 0.250910 0.219809 0.275208 0.241903 0.275297 0.243507 0.278856 0.243696 0.280726 0.245395 0.286066 0.245679 0.287756 0.244169 0.294876 0.244547 0.296744 0.246246 0.303865 0.246624 0.305555 0.245113 0.307335 0.245208 0.322550 0.231614 0.324330 0.231708 0.334473 0.222645 0.334384 0.221039 0.337766 0.218018 0.339545 0.218113 0.341236 0.216602 0.341147 0.214997 0.346218 0.210465 0.345951 0.205650
0 0.807698 0.563020 0.807966 0.567835 0.806275 0.569346 0.799155 0.568968 0.800494 0.593043 0.827191 0.594460 0.826924 0.589645 0.828615 0.588135 0.830395 0.588230 0.832085 0.586719 0.835645 0.586908 0.837336 0.585397 0.839115 0.585491 0.840805 0.583981 0.842586 0.584076 0.844277 0.582566 0.846056 0.582660 0.847747 0.581149 0.851306 0.581338 0.852997 0.579828 0.858336 0.580111 0.860027 0.578600 0.863587 0.578789 0.865278 0.577278 0.865189 0.575674 0.866879 0.574164 0.866433 0.566138
1 0.414346 0.510135 0.414614 0.514949 0.407851 0.520991 0.407941 0.522597 0.406250 0.524108 0.406428 0.527318 0.394594 0.537891 0.392814 0.537797 0.392903 0.539401 0.384450 0.546954 0.384539 0.548560 0.379468 0.553091 0.379557 0.554697 0.377867 0.556207 0.377956 0.557812 0.372884 0.562343 0.373062 0.565553 0.371371 0.567063 0.371460 0.568669 0.366389 0.573201 0.366478 0.574806 0.364787 0.576316 0.364877 0.577921 0.361497 0.580942 0.361586 0.582547 0.356513 0.587079 0.356603 0.588685 0.348150 0.596237 0.348240 0.597841 0.346548 0.599352 0.346638 0.600957 0.341566 0.605489 0.341656 0.607094 0.331511 0.616158 0.326172 0.615874 0.326797 0.627109 0.333916 0.627487 0.335785 0.629186 0.337565 0.629280 0.356256 0.646275 0.358035 0.646370 0.363643 0.651469 0.376102 0.652130 0.381174 0.647598 0.380995 0.644389 0.382687 0.642878 0.382508 0.639668 0.384198 0.638158 0.383930 0.633342 0.385622 0.631831 0.385354 0.627017 0.387044 0.625506 0.386955 0.623901 0.388645 0.622391 0.388466 0.619181 0.390157 0.617670 0.390068 0.616065 0.391758 0.614554 0.391580 0.611344 0.393271 0.609833 0.393181 0.608229 0.394873 0.606719 0.394783 0.605113 0.396473 0.603602 0.396295 0.600392 0.397986 0.598882 0.397897 0.597278 0.401277 0.594256 0.401188 0.592651 0.402879 0.591141 0.402790 0.589535 0.404480 0.588025 0.404390 0.586420 0.407772 0.583399 0.407682 0.581794 0.409373 0.580283 0.409195 0.577073 0.410886 0.575563 0.410797 0.573958 0.412487 0.572447 0.412398 0.570842 0.414089 0.569331 0.414000 0.567727 0.415690 0.566216 0.415511 0.563005 0.417202 0.561495 0.417113 0.559891 0.420493 0.556870 0.420404 0.555264 0.422095 0.553753 0.422006 0.552149 0.423696 0.550639 0.423606 0.549033 0.425298 0.547522 0.425208 0.545918 0.426900 0.544407 0.426810 0.542802 0.430191 0.539781 0.430102 0.538175 0.433482 0.535155 0.433393 0.533550 0.438465 0.529019 0.438376 0.527413 0.441757 0.524392 0.447097 0.524675 0.446383 0.511835
0 0.000712 0.507381 0.000979 0.512197 0.000000 0.513707 0.000000 0.513424 0.000000 0.534289 0.000449 0.534573 0.009795 0.543070 0.009884 0.544675 0.011754 0.546374 0.011843 0.547979 0.013711 0.549679 0.013801 0.551283 0.015670 0.552983 0.015938 0.557798 0.017717 0.557892 0.017360 0.551472 0.019050 0.549962 0.020831 0.550057 0.025903 0.545526 0.025814 0.543920 0.032576 0.537878 0.032487 0.536273 0.035867 0.533251 0.035778 0.531647 0.039159 0.528626 0.039070 0.527020 0.040761 0.525510 0.039868 0.509460
0 0.532545 0.625228 0.533884 0.649303 0.539224 0.649587 0.541093 0.651287 0.541360 0.656101 0.575178 0.657896 0.573482 0.627401
0 0.718301 0.263822 0.719908 0.292713 0.728807 0.293185 0.732546 0.296584 0.732814 0.301399 0.738153 0.301682 0.737885 0.296868 0.739575 0.295358 0.746694 0.295736 0.748386 0.294225 0.750166 0.294319 0.760309 0.285256 0.760220 0.283651 0.765292 0.279119 0.765202 0.277514 0.766893 0.276004 0.766358 0.266373
0 0.731853 0.411768 0.732210 0.418188 0.727137 0.422720 0.720018 0.422342 0.721178 0.443207 0.728298 0.443585 0.730167 0.445285 0.735506 0.445568 0.738887 0.442547 0.740668 0.442642 0.740579 0.441036 0.743959 0.438015 0.743869 0.436410 0.762467 0.419794 0.767807 0.420078 0.767450 0.413658
0 0.002812 0.289854 0.003883 0.309114 0.011003 0.309492 0.025955 0.323088 0.026223 0.327903 0.056481 0.329509 0.056213 0.324694 0.068047 0.314121 0.073387 0.314405 0.072227 0.293539
0 0.946873 0.512798 0.947141 0.517613 0.943758 0.520634 0.938419 0.520351 0.939758 0.544426 0.945097 0.544709 0.952575 0.551507 0.952843 0.556323 0.975980 0.557551 0.975712 0.552736 0.979093 0.549714 0.979004 0.548110 0.987458 0.540557 0.987190 0.535741 0.988880 0.534231 0.994220 0.534515 0.988880 0.534231 0.985142 0.530832 0.985052 0.529227 0.977576 0.522430 0.977487 0.520824 0.975618 0.519125 0.975351 0.514309
0 0.861403 0.284221 0.863099 0.314716 0.911156 0.317267 0.909995 0.296402 0.904655 0.296118 0.900917 0.292720 0.900560 0.286299
0 0.012792 0.373599 0.013060 0.378413 0.007989 0.382945 0.000869 0.382567 0.002208 0.406643 0.009328 0.407021 0.011196 0.408720 0.012977 0.408815 0.016715 0.412214 0.018495 0.412308 0.020364 0.414007 0.025704 0.414291 0.034156 0.406738 0.034067 0.405134 0.047592 0.393049 0.047502 0.391444 0.050884 0.388423 0.056224 0.388706 0.055510 0.375866
0 0.045901 0.394560 0.046168 0.399374 0.039407 0.405417 0.039496 0.407022 0.031043 0.414574 0.023923 0.414196 0.024816 0.430246 0.031935 0.430624 0.039412 0.437423 0.041192 0.437518 0.043061 0.439217 0.043328 0.444031 0.052227 0.444504 0.051959 0.439689 0.055342 0.436668 0.057121 0.436763 0.060502 0.433742 0.060413 0.432136 0.068866 0.424584 0.068777 0.422979 0.070467 0.421468 0.070378 0.419864 0.072068 0.418353 0.071979 0.416747 0.073670 0.415237 0.079010 0.415520 0.077939 0.396260
0 0.564593 0.690941 0.565753 0.711807 0.572873 0.712185 0.574741 0.713884 0.576522 0.713978 0.578391 0.715677 0.578748 0.722097 0.626804 0.724648 0.626536 0.719834 0.629917 0.716813 0.635256 0.717096 0.634453 0.702650 0.629114 0.702367 0.625376 0.698969 0.625108 0.694153
0 0.992419 0.406396 0.992687 0.411211 0.989305 0.414232 0.987526 0.414137 0.985835 0.415648 0.984055 0.415554 0.982365 0.417064 0.980585 0.416969 0.978894 0.418480 0.975334 0.418291 0.973643 0.419803 0.971864 0.419708 0.970174 0.421218 0.968394 0.421124 0.966702 0.422635 0.963144 0.422446 0.961453 0.423956 0.957893 0.423767 0.956202 0.425278 0.952643 0.425089 0.950952 0.426599 0.949172 0.426504 0.947482 0.428015 0.943922 0.427826 0.942232 0.429337 0.936892 0.429053 0.935202 0.430563 0.933421 0.430469 0.931730 0.431980 0.928172 0.431791 0.926480 0.433302 0.924700 0.433207 0.923010 0.434717 0.919450 0.434528 0.917760 0.436039 0.912420 0.435756 0.910730 0.437266 0.908950 0.437172 0.907260 0.438682 0.898360 0.438209 0.899163 0.452655 0.904502 0.452938 0.906372 0.454638 0.908152 0.454733 0.910021 0.456432 0.913581 0.456621 0.915449 0.458320 0.919010 0.458509 0.920878 0.460209 0.922658 0.460303 0.924527 0.462002 0.935206 0.462569 0.937076 0.464269 0.940635 0.464458 0.942504 0.466158 0.944285 0.466253 0.946153 0.467952 0.946421 0.472766 0.983798 0.474750 0.983441 0.468331 0.985131 0.466820 0.986911 0.466915 0.990293 0.463894 0.990204 0.462288 0.991894 0.460778 0.993673 0.460872 1.000000 0.454830 1.000000 0.453226 1.000000 0.447183 1.000000 0.445578 1.000000 0.441047 1.000000 0.439441 1.000000 0.437931 1.000000 0.436326 1.000000 0.433305 1.000000 0.431699 1.000000 0.430189 1.000000 0.428585 1.000000 0.425563 1.000000 0.420748 1.000000 0.417727 1.000000 0.418010 1.000000 0.408380
0 0.842586 0.584076 0.844014 0.609756 0.849354 0.610040 0.851222 0.611739 0.854782 0.611928 0.856652 0.613628 0.860210 0.613816 0.862080 0.615516 0.863859 0.615611 0.865729 0.617310 0.865997 0.622125 0.890915 0.623448 0.890647 0.618633 0.894028 0.615612 0.899367 0.615895 0.898385 0.598239 0.891267 0.597861 0.887528 0.594462 0.885748 0.594368 0.882010 0.590970 0.881742 0.586154
0 0.162988 0.234345 0.164327 0.258420 0.205263 0.260593 0.203924 0.236518
0 0.747534 0.534222 0.748338 0.548667 0.755457 0.549045 0.757327 0.550745 0.760885 0.550934 0.762755 0.552634 0.766315 0.552823 0.768183 0.554522 0.768451 0.559336 0.772012 0.559525 0.771744 0.554711 0.773434 0.553201 0.776994 0.553390 0.778684 0.551879 0.780464 0.551973 0.783846 0.548952 0.789184 0.549235 0.788470 0.536395
0 0.618692 0.642603 0.620299 0.671494 0.629198 0.671966 0.631067 0.673666 0.632846 0.673761 0.634716 0.675460 0.636496 0.675554 0.638365 0.677253 0.640145 0.677348 0.642014 0.679048 0.670491 0.680559 0.672183 0.679048 0.675742 0.679237 0.677432 0.677727 0.682772 0.678011 0.682326 0.669986 0.676986 0.669703 0.675117 0.668003 0.673337 0.667908 0.654646 0.650913 0.654289 0.644493
0 0.563165 0.665261 0.563968 0.679706 0.571088 0.680084 0.576695 0.685182 0.576963 0.689997 0.612560 0.691886 0.611221 0.667812
0 0.880997 0.381278 0.882693 0.411773 0.923629 0.413946 0.922379 0.391477 0.917041 0.391193 0.915172 0.389493 0.914815 0.383073
0 0.000000 0.718489 0.000000 0.748984 0.023088 0.750212 0.024779 0.748702 0.028338 0.748891 0.035101 0.742849 0.040441 0.743132 0.039191 0.720662
0 0.566683 0.409402 0.567040 0.415822 0.565349 0.417333 0.565438 0.418937 0.562058 0.421958 0.562147 0.423563 0.557075 0.428095 0.549956 0.427717 0.551294 0.451792 0.577992 0.453209 0.577635 0.446790 0.579326 0.445279 0.579236 0.443673 0.580928 0.442163 0.580838 0.440558 0.592672 0.429985 0.598012 0.430268 0.596941 0.411008
0 0.680268 0.601064 0.681606 0.625139 0.708305 0.626556 0.708037 0.621742 0.709727 0.620231 0.720406 0.620797 0.722275 0.622497 0.722542 0.627312 0.735002 0.627973 0.734734 0.623159 0.739806 0.618627 0.741586 0.618721 0.743277 0.617211 0.743188 0.615606 0.744878 0.614095 0.744788 0.612490 0.746478 0.610980 0.746121 0.604560
0 0.000000 0.531550 0.000000 0.550810 0.000000 0.551188 0.000000 0.557986 0.000000 0.562801 0.014515 0.564124 0.014068 0.556099 0.017449 0.553078 0.022788 0.553361 0.017449 0.553078 0.015581 0.551378 0.013801 0.551283 0.010062 0.547884 0.009973 0.546280 0.002497 0.539482 0.002140 0.533062
0 0.674219 0.619946 0.674487 0.624761 0.672797 0.626272 0.667457 0.625989 0.668796 0.650063 0.684814 0.650914 0.684546 0.646099 0.686237 0.644589 0.688016 0.644684 0.689708 0.643173 0.693267 0.643362 0.694957 0.641850 0.700297 0.642134 0.701987 0.640624 0.709108 0.641002 0.710798 0.639492 0.714358 0.639681 0.716049 0.638170 0.717828 0.638264 0.719518 0.636754 0.721299 0.636849 0.722989 0.635338 0.730108 0.635715 0.729394 0.622875
0 0.663499 0.363332 0.663856 0.369752 0.658784 0.374284 0.658874 0.375888 0.655492 0.378910 0.655582 0.380514 0.653891 0.382025 0.653980 0.383630 0.652289 0.385141 0.652378 0.386746 0.650688 0.388256 0.650777 0.389862 0.649087 0.391372 0.649176 0.392976 0.647485 0.394487 0.647574 0.396092 0.645883 0.397603 0.640544 0.397319 0.643490 0.450286 0.648829 0.450569 0.650698 0.452268 0.650966 0.457083 0.658085 0.457461 0.657818 0.452646 0.664580 0.446604 0.664401 0.443394 0.666092 0.441884 0.665913 0.438674 0.667604 0.437163 0.667247 0.430743 0.668938 0.429232 0.668760 0.426022 0.670450 0.424511 0.670271 0.421301 0.671961 0.419791 0.671872 0.418186 0.673563 0.416675 0.673385 0.413465 0.675075 0.411955 0.674896 0.408745 0.676587 0.407235 0.676498 0.405629 0.678189 0.404119 0.678011 0.400908 0.679701 0.399398 0.679612 0.397792 0.681302 0.396282 0.681034 0.391468 0.682725 0.389957 0.681297 0.364276
0 0.105004 0.468109 0.106699 0.498604 0.140516 0.500399 0.139713 0.485955 0.134374 0.485671 0.130635 0.482272 0.130546 0.480667 0.126808 0.477269 0.126362 0.469243
0 0.825445 0.243905 0.825802 0.250325 0.824111 0.251835 0.824200 0.253441 0.822509 0.254952 0.822687 0.258162 0.820997 0.259672 0.821086 0.261277 0.819396 0.262788 0.819486 0.264393 0.817794 0.265903 0.817884 0.267509 0.816193 0.269019 0.816282 0.270624 0.814592 0.272134 0.814770 0.275344 0.813080 0.276854 0.813259 0.280064 0.809876 0.283087 0.804537 0.282803 0.806769 0.322928 0.812108 0.323212 0.815847 0.326611 0.816025 0.329821 0.817894 0.331521 0.818251 0.337940 0.830711 0.338601 0.830354 0.332182 0.835425 0.327650 0.835246 0.324440 0.838628 0.321419 0.838538 0.319814 0.840229 0.318303 0.840140 0.316699 0.841830 0.315188 0.841652 0.311978 0.843342 0.310466 0.843252 0.308862 0.844944 0.307351 0.844676 0.302536 0.848057 0.299515 0.853396 0.299799 0.850362 0.245228
0 0.743602 0.431595 0.743959 0.438015 0.742269 0.439526 0.742358 0.441131 0.738977 0.444152 0.739066 0.445757 0.733995 0.450289 0.728655 0.450005 0.729547 0.466055 0.738446 0.466528 0.740137 0.465017 0.743697 0.465206 0.748768 0.460675 0.750548 0.460769 0.752239 0.459259 0.752150 0.457653 0.755530 0.454632 0.755441 0.453027 0.760513 0.448496 0.760424 0.446891 0.763805 0.443870 0.769145 0.444154 0.768521 0.432918
0 0.599812 0.558386 0.600169 0.564807 0.593407 0.570849 0.593496 0.572453 0.586734 0.578495 0.586823 0.580101 0.578369 0.587653 0.573030 0.587370 0.575172 0.625890 0.582292 0.626268 0.582024 0.621454 0.585405 0.618433 0.587185 0.618527 0.588876 0.617017 0.590656 0.617111 0.594036 0.614089 0.595817 0.614184 0.614413 0.597568 0.614323 0.595963 0.617706 0.592943 0.617616 0.591337 0.619306 0.589826 0.619128 0.586617 0.620818 0.585106 0.620372 0.577081 0.618503 0.575381 0.617611 0.559331
0 0.744699 0.610885 0.746395 0.641381 0.758853 0.642043 0.760544 0.640532 0.762325 0.640626 0.764015 0.639116 0.767575 0.639305 0.770956 0.636283 0.772735 0.636377 0.779499 0.630335 0.779409 0.628731 0.781099 0.627221 0.786440 0.627504 0.785636 0.613058
0 0.854682 0.546311 0.855932 0.568781 0.864832 0.569254 0.868569 0.572653 0.868837 0.577467 0.904434 0.579357 0.903363 0.560098 0.898024 0.559814 0.896154 0.558114 0.894375 0.558020 0.888768 0.552922 0.888500 0.548106
0 0.733296 0.533466 0.733653 0.539886 0.731962 0.541397 0.730182 0.541303 0.726801 0.544324 0.726890 0.545929 0.715056 0.556502 0.715145 0.558107 0.711765 0.561129 0.706425 0.560845 0.708299 0.594550 0.717198 0.595022 0.716930 0.590208 0.718621 0.588697 0.720400 0.588791 0.723783 0.585770 0.725562 0.585865 0.737397 0.575291 0.737307 0.573687 0.740689 0.570665 0.740599 0.569060 0.745671 0.564528 0.745581 0.562924 0.747272 0.561414 0.747183 0.559808 0.748873 0.558297 0.748695 0.555087 0.750385 0.553577 0.750028 0.547157 0.748159 0.545458 0.748070 0.543852 0.746201 0.542153 0.745755 0.534128
0 0.087531 0.281549 0.088334 0.295995 0.099013 0.296561 0.100703 0.295050 0.104263 0.295239 0.111025 0.289197 0.110668 0.282777
1 0.696937 0.230683 0.697205 0.235497 0.695515 0.237008 0.693736 0.236914 0.692045 0.238424 0.686706 0.238140 0.685014 0.239651 0.681455 0.239463 0.673001 0.247016 0.673091 0.248620 0.671400 0.250131 0.671490 0.251736 0.669800 0.253246 0.669978 0.256457 0.668287 0.257967 0.668376 0.259573 0.666685 0.261083 0.661346 0.260799 0.666612 0.355496 0.675512 0.355968 0.677380 0.357667 0.679160 0.357762 0.682899 0.361161 0.684678 0.361255 0.688416 0.364654 0.690197 0.364749 0.693935 0.368148 0.695714 0.368242 0.697583 0.369941 0.699363 0.370036 0.703102 0.373436 0.706661 0.373625 0.708530 0.375324 0.719210 0.375891 0.720900 0.374381 0.722679 0.374475 0.724370 0.372964 0.724281 0.371358 0.725972 0.369848 0.725883 0.368243 0.727573 0.366733 0.727216 0.360313 0.728907 0.358803 0.728640 0.353987 0.730330 0.352476 0.735670 0.352760 0.730330 0.352476 0.728461 0.350777 0.728283 0.347567 0.729973 0.346057 0.735313 0.346341 0.733349 0.311030 0.728009 0.310747 0.726140 0.309047 0.725784 0.302626 0.723914 0.300926 0.723735 0.297717 0.721867 0.296017 0.721778 0.294413 0.719908 0.292713 0.719819 0.291107 0.717949 0.289408 0.717860 0.287803 0.715991 0.286104 0.715366 0.274868 0.717056 0.273358 0.716967 0.271753 0.720349 0.268731 0.720260 0.267127 0.725331 0.262596 0.730672 0.262879 0.728976 0.232383
0 0.375189 0.508056 0.375547 0.514476 0.372165 0.517497 0.372254 0.519102 0.363801 0.526655 0.363890 0.528260 0.358819 0.532792 0.358908 0.534396 0.348763 0.543459 0.348853 0.545065 0.345473 0.548086 0.345562 0.549691 0.343871 0.551202 0.343960 0.552807 0.342270 0.554317 0.342359 0.555923 0.338978 0.558943 0.339067 0.560548 0.335685 0.563569 0.335774 0.565174 0.334084 0.566685 0.334173 0.568290 0.330792 0.571312 0.330882 0.572916 0.322429 0.580468 0.317089 0.580185 0.318874 0.612285 0.334892 0.613136 0.334535 0.606716 0.337916 0.603695 0.337827 0.602090 0.339518 0.600579 0.339429 0.598974 0.344501 0.594443 0.344412 0.592838 0.347793 0.589817 0.347704 0.588212 0.354465 0.582169 0.354376 0.580564 0.357758 0.577543 0.357669 0.575938 0.362740 0.571407 0.362651 0.569801 0.364341 0.568291 0.364252 0.566686 0.367633 0.563665 0.367544 0.562060 0.370925 0.559039 0.370836 0.557434 0.374218 0.554413 0.374129 0.552808 0.375819 0.551297 0.375730 0.549692 0.379111 0.546671 0.379022 0.545066 0.380713 0.543556 0.380623 0.541951 0.387385 0.535908 0.387295 0.534303 0.402511 0.520708 0.402422 0.519103 0.405803 0.516082 0.411143 0.516366 0.410786 0.509946
0 0.613694 0.552722 0.614319 0.563957 0.624998 0.564524 0.626688 0.563014 0.630249 0.563203 0.635320 0.558670 0.640660 0.558954 0.640392 0.554139
0 0.174035 0.305344 0.175016 0.322999 0.182136 0.323377 0.183826 0.321867 0.185606 0.321961 0.187298 0.320451 0.194416 0.320829 0.193613 0.306383
0 0.960066 0.654323 0.960959 0.670374 0.978757 0.671318 0.980447 0.669808 1.000000 0.671320 1.000000 0.656874
0 0.752150 0.457653 0.752507 0.464074 0.747435 0.468605 0.745654 0.468510 0.742274 0.471532 0.736934 0.471249 0.735244 0.472759 0.729904 0.472475 0.731064 0.493340 0.750642 0.494380 0.750285 0.487960 0.755358 0.483428 0.755268 0.481823 0.763721 0.474271 0.767282 0.474460 0.768972 0.472949 0.770752 0.473044 0.772442 0.471533 0.777782 0.471816 0.777068 0.458976
0 0.613694 0.552722 0.614319 0.563957 0.621438 0.564335 0.623129 0.562825 0.628468 0.563108 0.633541 0.558576 0.633273 0.553761
1 0.165971 0.511353 0.178286 0.546680 0.049719 0.707886 0.011306 0.708513 0.088782 0.585937
1 0.169199 0.303487 0.143031 0.364776 0.121089 0.422288 0.125841 0.454546 0.142825 0.467449 0.146381 0.451635 0.166762 0.366036 0.174615 0.321110
0 0.011558 0.591169 0.017085 0.602222 0.021595 0.620185 0.021877 0.625264 0.005333 0.618056 0.002164 0.611558 0.003991 0.593933
0 0.028740 0.622463 0.050595 0.598938 0.056404 0.602410 0.049259 0.612791 0.046023 0.617684 0.034514 0.625302 0.023955 0.624741
0 0.522132 0.419519 0.526638 0.424821 0.524951 0.432327 0.518685 0.433261 0.515480 0.426129 0.517382 0.422431
0 0.795365 0.296669 0.787163 0.300663 0.789386 0.315340 0.794244 0.326991 0.800510 0.326058 0.807126 0.318814 0.806702 0.311195 0.798216 0.297452
