0 0.400439 0.421873 0.400553 0.427823 0.399214 0.429246 0.393744 0.428987 0.394289 0.457248 0.399759 0.457507 0.403947 0.462163 0.405315 0.462227 0.406711 0.463780 0.408079 0.463845 0.410871 0.466949 0.412239 0.467014 0.413635 0.468565 0.415003 0.468630 0.416398 0.470182 0.417766 0.470247 0.419162 0.471800 0.421897 0.471929 0.423293 0.473481 0.427396 0.473675 0.428792 0.475227 0.436997 0.475615 0.438336 0.474192 0.445174 0.474516 0.446512 0.473093 0.449248 0.473223 0.451925 0.470376 0.453293 0.470441 0.459987 0.463328 0.464089 0.463522 0.463659 0.441210 0.458189 0.440951 0.456793 0.439400 0.455426 0.439335 0.451237 0.434678 0.449869 0.434613 0.447077 0.431510 0.445710 0.431445 0.442917 0.428341 0.442831 0.423878
0 0.598834 0.365871 0.598920 0.370332 0.594904 0.374601 0.593536 0.374536 0.592198 0.375960 0.590830 0.375895 0.589491 0.377317 0.588124 0.377253 0.585446 0.380098 0.584079 0.380033 0.582740 0.381456 0.578637 0.381262 0.579067 0.403573 0.584537 0.403832 0.587330 0.406936 0.587416 0.411398 0.638015 0.413792 0.637900 0.407843 0.640577 0.404996 0.640519 0.402022 0.641859 0.400599 0.641744 0.394650 0.643083 0.393227 0.643026 0.390252 0.644364 0.388829 0.648466 0.389023 0.648208 0.375636 0.644106 0.375442 0.642711 0.373890 0.642596 0.367941
0 0.686347 0.298679 0.686433 0.303140 0.685094 0.304564 0.680992 0.304370 0.681508 0.331143 0.686978 0.331402 0.691167 0.336059 0.692534 0.336124 0.693930 0.337675 0.695298 0.337740 0.696695 0.339293 0.700797 0.339487 0.703589 0.342591 0.704957 0.342656 0.706353 0.344207 0.720028 0.344854 0.721367 0.343432 0.725469 0.343626 0.728147 0.340780 0.729514 0.340845 0.732193 0.338000 0.733560 0.338064 0.740254 0.330950 0.741622 0.331015 0.746977 0.325324 0.751080 0.325518 0.750879 0.315106 0.746776 0.314912 0.742588 0.310255 0.741220 0.310191 0.738428 0.307086 0.738313 0.301137
0 0.222652 0.342132 0.222910 0.355518 0.228380 0.355777 0.229776 0.357330 0.231144 0.357394 0.232539 0.358947 0.233907 0.359011 0.235304 0.360563 0.235390 0.365025 0.270945 0.366707 0.270745 0.356295 0.266642 0.356101 0.263849 0.352997 0.263821 0.351510 0.262425 0.349957 0.262310 0.344008
0 0.826231 0.751117 0.826603 0.770454 0.832073 0.770712 0.833470 0.772265 0.834837 0.772330 0.840422 0.778538 0.841790 0.778603 0.844581 0.781707 0.844667 0.786169 0.850138 0.786428 0.850052 0.781966 0.852729 0.779120 0.854097 0.779185 0.855436 0.777762 0.856804 0.777826 0.856775 0.776339 0.859453 0.773494 0.863556 0.773688 0.863383 0.764763 0.859280 0.764569 0.856488 0.761465 0.856459 0.759978 0.853667 0.756873 0.853581 0.752411
0 0.762249 0.337935 0.762335 0.342397 0.758319 0.346665 0.752849 0.346407 0.753336 0.371693 0.790259 0.373440 0.789743 0.346666 0.785640 0.346472 0.784244 0.344919 0.784129 0.338970
0 0.762390 0.557880 0.762677 0.572755 0.768147 0.573013 0.772335 0.577670 0.773703 0.577735 0.783477 0.588599 0.783563 0.593062 0.794502 0.593579 0.793842 0.559368
0 0.194728 0.311089 0.195043 0.327452 0.200513 0.327710 0.203306 0.330815 0.204673 0.330879 0.206069 0.332431 0.207437 0.332496 0.210229 0.335600 0.211597 0.335665 0.214389 0.338769 0.229432 0.339480 0.230771 0.338057 0.251284 0.339027 0.252680 0.340580 0.259517 0.340903 0.259316 0.330492 0.253846 0.330233 0.252450 0.328681 0.251083 0.328616 0.249687 0.327063 0.248320 0.326999 0.245526 0.323894 0.244159 0.323830 0.242764 0.322278 0.240028 0.322149 0.238632 0.320597 0.237264 0.320532 0.234472 0.317428 0.234386 0.312965
0 0.234297 0.521011 0.234383 0.525473 0.233045 0.526896 0.233074 0.528384 0.225040 0.536921 0.225069 0.538408 0.204986 0.559749 0.199516 0.559491 0.199917 0.580315 0.205387 0.580573 0.206784 0.582125 0.224561 0.582966 0.225901 0.581544 0.228636 0.581673 0.236668 0.573136 0.236639 0.571649 0.237978 0.570226 0.237950 0.568739 0.239289 0.567316 0.239260 0.565828 0.240599 0.564405 0.240570 0.562918 0.241909 0.561496 0.241880 0.560008 0.243219 0.558586 0.243190 0.557098 0.245868 0.554252 0.245840 0.552765 0.248517 0.549919 0.248489 0.548432 0.249827 0.547010 0.249770 0.544034 0.252448 0.541189 0.252420 0.539702 0.253758 0.538279 0.253729 0.536791 0.256407 0.533946 0.256378 0.532459 0.259056 0.529613 0.263158 0.529807 0.263015 0.522370
0 0.430083 0.542161 0.430169 0.546624 0.426152 0.550892 0.424784 0.550827 0.420768 0.555096 0.419401 0.555031 0.416723 0.557876 0.412620 0.557682 0.412992 0.577019 0.417095 0.577213 0.424076 0.584974 0.425443 0.585038 0.431029 0.591247 0.432396 0.591311 0.433792 0.592863 0.452937 0.593769 0.454276 0.592346 0.455644 0.592411 0.467693 0.579606 0.471796 0.579800 0.471366 0.557489 0.465895 0.557230 0.458915 0.549469 0.458800 0.543520
0 0.933797 0.661097 0.934228 0.683409 0.954740 0.684379 0.954310 0.662067
0 0.318934 0.233745 0.319594 0.267955 0.346944 0.269249 0.346858 0.264787 0.349536 0.261942 0.350903 0.262006 0.352242 0.260584 0.353610 0.260649 0.353581 0.259161 0.357598 0.254892 0.358966 0.254957 0.360304 0.253534 0.360275 0.252047 0.361614 0.250624 0.361585 0.249137 0.362924 0.247714 0.367027 0.247908 0.366798 0.236009
0 0.946547 0.542814 0.946662 0.548764 0.943983 0.551609 0.942616 0.551545 0.941278 0.552967 0.937175 0.552773 0.937691 0.579548 0.943161 0.579806 0.952934 0.590671 0.953020 0.595133 0.963960 0.595651 0.963788 0.586726 0.965127 0.585303 0.964926 0.574891 0.966266 0.573468 0.966151 0.567519 0.967489 0.566096 0.967432 0.563122 0.968771 0.561698 0.971506 0.561828 0.971162 0.543979
0 0.632140 0.605218 0.632570 0.627529 0.644877 0.628111 0.644791 0.623649 0.647470 0.620804 0.652939 0.621062 0.652652 0.606188
0 0.559309 0.512608 0.559825 0.539382 0.566662 0.539705 0.569454 0.542810 0.569540 0.547272 0.576378 0.547596 0.576292 0.543133 0.584325 0.534597 0.584297 0.533110 0.589652 0.527418 0.589623 0.525931 0.590963 0.524508 0.596432 0.524767 0.596231 0.514355
0 0.392480 0.576048 0.392595 0.581998 0.391256 0.583421 0.389888 0.583356 0.387211 0.586201 0.385843 0.586136 0.381826 0.590405 0.380459 0.590340 0.379119 0.591763 0.375017 0.591569 0.375619 0.622805 0.381089 0.623064 0.382485 0.624616 0.407101 0.625781 0.408497 0.627332 0.418070 0.627785 0.420748 0.624940 0.422115 0.625004 0.432826 0.613622 0.434193 0.613687 0.435532 0.612264 0.439634 0.612458 0.439348 0.597585 0.433878 0.597326 0.425500 0.588012 0.424133 0.587948 0.418549 0.581739 0.418463 0.577277
0 0.259337 0.260647 0.259767 0.282958 0.263869 0.283152 0.263783 0.278690 0.265122 0.277267 0.267857 0.277396 0.269197 0.275974 0.278769 0.276427 0.280107 0.275005 0.281475 0.275069 0.282814 0.273646 0.284181 0.273711 0.284153 0.272224 0.286831 0.269377 0.290933 0.269571 0.290789 0.262135
0 0.813765 0.387926 0.813851 0.392388 0.812512 0.393811 0.809777 0.393682 0.808438 0.395104 0.802968 0.394845 0.803112 0.402283 0.808582 0.402541 0.809977 0.404094 0.811345 0.404159 0.812741 0.405710 0.814109 0.405775 0.815506 0.407328 0.818240 0.407457 0.819636 0.409009 0.822371 0.409138 0.823767 0.410690 0.826503 0.410819 0.827899 0.412372 0.833369 0.412630 0.834766 0.414182 0.844338 0.414635 0.845676 0.413213 0.855249 0.413665 0.856589 0.412242 0.871631 0.412954 0.871602 0.411467 0.874280 0.408621 0.878382 0.408815 0.874280 0.408621 0.867299 0.400860 0.865932 0.400796 0.860347 0.394587 0.860261 0.390125
0 0.666417 0.398789 0.666703 0.413663 0.679012 0.414245 0.680350 0.412823 0.687187 0.413146 0.686929 0.399759
0 0.948717 0.584527 0.948803 0.588989 0.952905 0.589183 0.952819 0.584721 0.948717 0.584527 0.932049 0.570364 0.932020 0.568876 0.933359 0.567453 0.933302 0.564479 0.934640 0.563056 0.934583 0.560081 0.935921 0.558658 0.935864 0.555684 0.937203 0.554261 0.937175 0.552773 0.943868 0.545660 0.943840 0.544172 0.945179 0.542750 0.945150 0.541263 0.943754 0.539710 0.943582 0.530785 0.921701 0.529750 0.921816 0.535700 0.920478 0.537122 0.915008 0.536864 0.915466 0.560663 0.920936 0.560922 0.926521 0.567130 0.927889 0.567194 0.930681 0.570300 0.932049 0.570364
0 0.676669 0.363608 0.676984 0.379970 0.689292 0.380552 0.689206 0.376090 0.691884 0.373244 0.697354 0.373503 0.697182 0.364578
0 0.884532 0.373441 0.884847 0.389803 0.888950 0.389997 0.890346 0.391548 0.890432 0.396010 0.910945 0.396981 0.910659 0.382107 0.911997 0.380684 0.916100 0.380878 0.915985 0.374928
0 0.865060 0.497350 0.865433 0.516687 0.873638 0.517075 0.875034 0.518626 0.883240 0.519015 0.884635 0.520566 0.886003 0.520631 0.887342 0.519209 0.888709 0.519273 0.890048 0.517851 0.891416 0.517916 0.892754 0.516493 0.896857 0.516687 0.896513 0.498837
0 0.884417 0.367491 0.884733 0.383852 0.907981 0.384952 0.907866 0.379003 0.909205 0.377580 0.909176 0.376093 0.910515 0.374670 0.910401 0.368720
0 0.813765 0.387926 0.813851 0.392388 0.812512 0.393811 0.809777 0.393682 0.808438 0.395104 0.802968 0.394845 0.803112 0.402283 0.808582 0.402541 0.809977 0.404094 0.811345 0.404159 0.812741 0.405710 0.814109 0.405775 0.815506 0.407328 0.816873 0.407392 0.818268 0.408944 0.821004 0.409073 0.822400 0.410625 0.826503 0.410819 0.827899 0.412372 0.829267 0.412436 0.830663 0.413988 0.848441 0.414829 0.849779 0.413407 0.855249 0.413665 0.856589 0.412242 0.868896 0.412824 0.872912 0.408557 0.868724 0.403901 0.868695 0.402413 0.867299 0.400860 0.865932 0.400796 0.860347 0.394587 0.860261 0.390125
0 0.905300 0.600306 0.905501 0.610718 0.916441 0.611235 0.919119 0.608391 0.918975 0.600953
0 0.517558 0.387874 0.534179 0.387529 0.545990 0.380176 0.543626 0.365370 0.529387 0.354522 0.514792 0.352136 0.502116 0.368492 0.506483 0.379438 0.513875 0.385439
0 0.549910 0.367927 0.553820 0.355112 0.547805 0.339568 0.539308 0.330123 0.548463 0.319817 0.555702 0.317898 0.571337 0.320334 0.577178 0.326828 0.571598 0.333912 0.567004 0.338215 0.565564 0.344364 0.562651 0.354965 0.562273 0.362294 0.565026 0.370337 0.561419 0.371863 0.552035 0.370288
0 0.827951 0.424033 0.832513 0.418032 0.848592 0.416532 0.873968 0.412080 0.886528 0.416631 0.892954 0.426542 0.891004 0.433232 0.878056 0.435447 0.850957 0.431338 0.841041 0.429173
1 0.253077 0.550006 0.291886 0.433717 0.340245 0.435440 0.300049 0.560706
1 0.365351 0.363153 0.370852 0.324980 0.412794 0.317357 0.405607 0.375795
1 0.405196 0.381428 0.425874 0.241110 0.438800 0.237765 0.459647 0.241011 0.480085 0.249890 0.484299 0.252916 0.468248 0.390628 0.464141 0.393260 0.453186 0.391046 0.432871 0.388389
1 0.428763 0.391021 0.613605 0.410502 0.596424 0.435688 0.444446 0.422848
1 0.504865 0.430228 0.674625 0.448996 0.676802 0.454186 0.676469 0.463777 0.673577 0.475510 0.670608 0.483282 0.670121 0.484954 0.504035 0.468055 0.501336 0.462840 0.501639 0.451552 0.502980 0.440311
1 0.586872 0.479321 0.587479 0.483871 0.587665 0.493490 0.587839 0.502540 0.585392 0.510336 0.586963 0.510977 0.745778 0.528097 0.746677 0.520792 0.750154 0.512479 0.751529 0.502935 0.749860 0.497204 0.747769 0.496541 0.589441 0.477747
0 0.625653 0.577237 0.621612 0.583264 0.611861 0.589585 0.606282 0.596668 0.606922 0.602915 0.618938 0.606310 0.627260 0.606704 0.629254 0.602275 0.631637 0.591085
0 0.634320 0.568604 0.627537 0.567152 0.620896 0.573056 0.621579 0.581567 0.624180 0.581690 0.631419 0.579771 0.633444 0.577041
0 0.274458 0.311377 0.277667 0.316051 0.283951 0.318609 0.288080 0.317109 0.288479 0.310909 0.282173 0.307221 0.277027 0.309804
0 0.709413 0.587690 0.713930 0.585230 0.723745 0.584551 0.737801 0.585216 0.755763 0.588355 0.759000 0.592326 0.754557 0.598607 0.752105 0.598873 0.731741 0.598674 0.718352 0.596131 0.709113 0.590348
0 0.703331 0.600004 0.716318 0.599853 0.723001 0.600552 0.725161 0.603325 0.724590 0.610172 0.721824 0.612332 0.715858 0.612431 0.709445 0.607546
0 0.106793 0.483988 0.123319 0.466427 0.124490 0.454255 0.125689 0.443612 0.128986 0.432303 0.148604 0.429410 0.157073 0.431338 0.158627 0.439055 0.143493 0.455918 0.139481 0.466428 0.136332 0.485385 0.135717 0.489942 0.128040 0.492636 0.111132 0.490309
0 0.112588 0.420064 0.108997 0.416071 0.108206 0.411450 0.118683 0.408123 0.122184 0.407525 0.124367 0.411449 0.124530 0.419865 0.122464 0.422060
