0 0.060810 0.566405 0.059502 0.573454 0.051109 0.580016 0.044023 0.579529 0.039121 0.605956 0.046205 0.606442 0.047650 0.608325 0.046670 0.613608 0.059065 0.614457 0.060046 0.609175 0.064241 0.605895 0.066012 0.606017 0.074402 0.599458 0.076173 0.599579 0.080368 0.596300 0.082138 0.596421 0.084237 0.594782 0.086007 0.594904 0.088105 0.593263 0.089874 0.593385 0.091973 0.591745 0.093743 0.591866 0.095841 0.590227 0.097611 0.590349 0.099708 0.588709 0.105019 0.589074 0.107313 0.576744 0.102001 0.576378 0.100559 0.574494 0.101542 0.569209
0 0.194013 0.860190 0.193030 0.865447 0.188846 0.868716 0.187082 0.868598 0.184990 0.870232 0.183227 0.870114 0.179044 0.873382 0.177281 0.873264 0.175188 0.874899 0.168132 0.874427 0.163876 0.897201 0.170931 0.897672 0.172368 0.899541 0.174131 0.899658 0.175567 0.901528 0.174584 0.906781 0.206322 0.908897 0.207305 0.903645 0.211485 0.900378 0.213249 0.900496 0.221611 0.893962 0.226900 0.894315 0.232807 0.862789
0 0.221639 0.434652 0.214065 0.475224 0.245909 0.477438 0.246897 0.472149 0.253193 0.467229 0.254961 0.467352 0.263354 0.460789 0.265122 0.460913 0.267221 0.459273 0.272527 0.459642 0.276487 0.438479
0 0.007832 0.348083 0.004234 0.367542 0.011337 0.368040 0.018578 0.377506 0.017597 0.382811 0.033573 0.383929 0.034554 0.378626 0.038759 0.375338 0.040534 0.375462 0.046841 0.370530 0.052164 0.370903 0.055768 0.351450
0 0.170750 0.438253 0.169764 0.443548 0.167665 0.445189 0.162351 0.444819 0.156108 0.478344 0.179124 0.479943 0.180111 0.474651 0.184307 0.471370 0.186078 0.471493 0.190276 0.468211 0.192046 0.468334 0.198343 0.463412 0.200113 0.463535 0.202212 0.461894 0.203982 0.462017 0.212377 0.455454 0.213036 0.451925 0.215135 0.450285 0.216782 0.441463
0 0.242952 0.127872 0.237664 0.156240 0.244759 0.156748 0.249088 0.162447 0.254410 0.162828 0.256514 0.161182 0.258287 0.161309 0.259730 0.163209 0.263276 0.163463 0.264719 0.165361 0.263727 0.170677 0.283228 0.172072 0.290841 0.131310
0 0.000000 0.710432 0.000000 0.757910 0.000000 0.759464 0.000000 0.754191 0.000000 0.752552 0.000000 0.752672 0.002066 0.747759 0.003837 0.747878 0.010123 0.742965 0.011892 0.743085 0.016085 0.739808 0.017854 0.739927 0.022045 0.736651 0.027353 0.737011 0.031595 0.714157
0 0.504633 0.547104 0.503636 0.552380 0.499447 0.555651 0.497685 0.555530 0.493498 0.558802 0.491735 0.558681 0.489640 0.560317 0.487879 0.560196 0.485784 0.561833 0.484022 0.561711 0.479834 0.564983 0.478072 0.564861 0.475978 0.566498 0.474216 0.566376 0.472121 0.568013 0.470360 0.567892 0.466170 0.571164 0.464408 0.571042 0.462315 0.572679 0.460552 0.572557 0.458457 0.574194 0.456695 0.574073 0.454601 0.575709 0.452838 0.575587 0.448650 0.578860 0.446886 0.578739 0.442699 0.582012 0.440936 0.581890 0.436747 0.585163 0.434984 0.585042 0.430796 0.588315 0.429033 0.588193 0.426939 0.589829 0.425176 0.589708 0.420987 0.592982 0.413935 0.592497 0.410623 0.610074 0.447637 0.612617 0.448632 0.607345 0.450725 0.605709 0.452487 0.605830 0.454581 0.604194 0.458105 0.604437 0.460198 0.602801 0.461960 0.602923 0.468242 0.598014 0.470003 0.598135 0.472096 0.596500 0.475621 0.596743 0.477714 0.595106 0.479475 0.595227 0.481570 0.593591 0.483331 0.593712 0.485425 0.592077 0.490709 0.592441 0.492803 0.590804 0.494565 0.590926 0.500845 0.586019 0.502607 0.586140 0.504700 0.584504 0.506462 0.584625 0.508555 0.582990 0.510316 0.583111 0.512410 0.581476 0.514171 0.581597 0.518357 0.578326 0.520119 0.578447 0.522212 0.576811 0.523973 0.576932 0.530253 0.572026 0.537297 0.572512 0.541623 0.549663
0 0.124048 0.148104 0.120428 0.167615 0.127533 0.168123 0.128981 0.170024 0.134309 0.170405 0.135755 0.172306 0.148186 0.173194 0.149633 0.175093 0.162060 0.175981 0.164166 0.174336 0.165940 0.174463 0.168045 0.172816 0.169820 0.172943 0.174030 0.169651 0.174359 0.167879 0.178569 0.164585 0.183895 0.164966 0.178569 0.164585 0.177124 0.162686 0.177454 0.160913 0.176008 0.159013 0.177326 0.151919
0 0.048799 0.243343 0.045193 0.262833 0.050522 0.263210 0.051970 0.265108 0.053746 0.265234 0.056643 0.269028 0.058419 0.269154 0.059868 0.271051 0.065195 0.271428 0.067300 0.269782 0.070851 0.270034 0.081371 0.261807 0.086698 0.262185 0.089654 0.246242
0 0.042080 0.522256 0.040772 0.529311 0.038673 0.530953 0.036901 0.530831 0.013808 0.548884 0.006717 0.548395 0.001820 0.574842 0.007138 0.575207 0.008118 0.569919 0.012315 0.566638 0.014087 0.566760 0.022483 0.560196 0.024255 0.560318 0.030552 0.555396 0.032325 0.555518 0.034424 0.553876 0.036195 0.553998 0.040394 0.550717 0.042166 0.550839 0.046364 0.547557 0.048135 0.547679 0.050235 0.546039 0.052007 0.546161 0.054106 0.544520 0.055877 0.544642 0.062174 0.539720 0.063946 0.539842 0.066045 0.538200 0.067816 0.538323 0.076212 0.531759 0.077522 0.524706
0 0.100659 0.390418 0.094427 0.423985 0.129877 0.426459 0.130862 0.421162 0.135063 0.417878 0.136835 0.418002 0.138935 0.416359 0.144251 0.416730 0.148522 0.393769
0 0.392678 0.496561 0.391684 0.501843 0.383299 0.508397 0.381533 0.508275 0.375245 0.513189 0.373480 0.513067 0.369288 0.516343 0.367522 0.516221 0.363329 0.519498 0.361563 0.519375 0.357371 0.522652 0.355606 0.522530 0.351413 0.525806 0.349648 0.525684 0.345456 0.528961 0.343689 0.528839 0.339497 0.532115 0.337731 0.531993 0.333539 0.535270 0.331773 0.535148 0.327580 0.538424 0.325815 0.538302 0.323718 0.539941 0.316654 0.539453 0.313352 0.557055 0.323947 0.557787 0.325383 0.559668 0.328914 0.559912 0.331783 0.563675 0.330792 0.568954 0.331783 0.563675 0.335975 0.560399 0.337741 0.560521 0.350315 0.550693 0.352080 0.550815 0.360464 0.544264 0.362229 0.544386 0.364325 0.542748 0.366090 0.542870 0.372377 0.537956 0.374142 0.538078 0.380430 0.533165 0.382194 0.533287 0.390577 0.526736 0.392342 0.526858 0.404918 0.517029 0.406682 0.517152 0.412969 0.512238 0.420027 0.512728 0.422680 0.498644
0 0.236831 0.199276 0.231878 0.225842 0.246060 0.226851 0.247051 0.221539 0.253359 0.216606 0.253690 0.214835 0.260000 0.209902 0.260330 0.208131 0.262434 0.206485 0.263426 0.201173
0 0.649728 0.063798 0.640002 0.115138 0.648830 0.115774 0.650260 0.117671 0.653790 0.117926 0.655892 0.116283 0.657656 0.116410 0.661858 0.113127 0.667154 0.113509 0.669168 0.102890 0.663871 0.102508 0.662441 0.100611 0.663448 0.095302 0.662018 0.093404 0.664368 0.081012 0.662938 0.079114 0.665624 0.064949
0 0.906089 0.404057 0.902377 0.423396 0.907641 0.423765 0.909059 0.425646 0.908047 0.430918 0.923839 0.432025 0.925189 0.424997 0.931466 0.420093 0.936730 0.420462 0.939432 0.406400
0 0.058380 0.801359 0.057400 0.806626 0.053211 0.809897 0.051444 0.809778 0.049350 0.811415 0.045815 0.811178 0.043721 0.812814 0.036649 0.812338 0.032084 0.836910 0.039155 0.837384 0.040597 0.839258 0.045899 0.839613 0.048781 0.843359 0.047803 0.848621 0.074307 0.850397 0.075286 0.845135 0.079471 0.841864 0.083004 0.842101 0.085098 0.840465 0.086865 0.840583 0.095238 0.834042 0.097003 0.834160 0.105376 0.827618 0.110675 0.827974 0.114926 0.805164
0 0.211420 0.104033 0.207788 0.123550 0.223762 0.124697 0.225083 0.117601 0.231399 0.112662 0.236723 0.113045 0.238045 0.105948
0 0.363532 0.365917 0.358564 0.392388 0.383306 0.394123 0.384300 0.388831 0.392694 0.382270 0.394020 0.375212 0.396120 0.373571 0.397115 0.368278
0 0.196765 0.375674 0.192485 0.398636 0.199569 0.399132 0.201010 0.401022 0.204552 0.401270 0.205994 0.403159 0.207765 0.403283 0.209865 0.401642 0.222258 0.402509 0.224358 0.400867 0.227899 0.401115 0.236298 0.394549 0.238068 0.394673 0.240169 0.393031 0.240498 0.391266 0.242598 0.389624 0.242928 0.387858 0.245028 0.386216 0.250339 0.386589 0.251658 0.379525
0 0.482836 0.302777 0.479175 0.322198 0.496833 0.323445 0.497832 0.318149 0.502029 0.314868 0.507326 0.315243 0.509324 0.304651
0 0.641764 0.256796 0.638081 0.276213 0.648659 0.276965 0.649664 0.271670 0.655958 0.266751 0.656293 0.264986 0.658391 0.263346 0.659396 0.258050
0 0.043853 0.522378 0.042872 0.527669 0.036574 0.532594 0.034801 0.532471 0.013808 0.548884 0.006717 0.548395 0.001820 0.574842 0.007138 0.575207 0.008118 0.569919 0.016512 0.563356 0.018285 0.563478 0.024582 0.558554 0.026355 0.558676 0.032652 0.553754 0.034424 0.553876 0.036522 0.552235 0.038295 0.552357 0.040394 0.550717 0.042166 0.550839 0.048462 0.545916 0.050235 0.546039 0.052334 0.544397 0.054106 0.544520 0.056204 0.542878 0.057977 0.543000 0.062174 0.539720 0.063946 0.539842 0.066045 0.538200 0.067816 0.538323 0.074114 0.533401 0.079429 0.533768 0.081066 0.524951
0 0.489495 0.267452 0.486166 0.285117 0.500295 0.286118 0.502394 0.284478 0.504160 0.284603 0.508359 0.281320 0.513656 0.281696 0.515989 0.269333
0 0.864731 0.322662 0.861696 0.338510 0.873997 0.339380 0.884468 0.331199 0.889738 0.331572 0.891088 0.324529
0 0.065411 0.309110 0.062788 0.323268 0.069888 0.323768 0.071335 0.325663 0.073110 0.325788 0.074558 0.327682 0.078106 0.327932 0.081001 0.331720 0.080017 0.337027 0.088889 0.337651 0.089873 0.332345 0.098283 0.325768 0.103605 0.326143 0.103934 0.324373 0.098611 0.323998 0.094273 0.318316 0.095586 0.311238
0 0.959618 0.236540 0.954539 0.262974 0.959809 0.263350 0.960824 0.258064 0.965013 0.254791 0.966770 0.254916 0.973054 0.250006 0.973393 0.248243 0.975489 0.246606 0.977183 0.237794
0 0.232721 0.105565 0.229086 0.125079 0.255700 0.126990 0.259339 0.107480
0 0.637746 0.277978 0.634734 0.293860 0.643548 0.294485 0.644976 0.296374 0.660839 0.297498 0.664189 0.279855
0 0.626317 0.262854 0.614609 0.324614 0.625186 0.325362 0.629535 0.302431 0.628107 0.300543 0.633461 0.272308 0.632032 0.270417 0.633371 0.263356
0 0.039667 0.730934 0.061799 0.730350 0.082812 0.724479 0.087493 0.733132 0.073460 0.735308 0.052830 0.739118 0.041054 0.740405
0 0.075994 0.738604 0.091634 0.733413 0.103596 0.731099 0.113945 0.731800 0.108465 0.738720 0.093209 0.741852
0 0.107658 0.726164 0.190407 0.686983 0.202771 0.699289 0.185914 0.705434 0.161889 0.716302 0.133071 0.724763
0 0.149741 0.719644 0.244559 0.688589 0.303441 0.675935 0.314619 0.694403 0.292488 0.706433 0.237171 0.722455 0.207726 0.728786 0.163872 0.739349
0 0.349451 0.642615 0.452100 0.602765 0.463702 0.607732 0.464212 0.616102 0.444479 0.620998 0.359841 0.648537
0 0.428064 0.696927 0.447399 0.694083 0.462863 0.695138 0.463758 0.701441 0.449583 0.704636 0.431476 0.706526 0.423033 0.706990
0 0.391964 0.711119 0.497510 0.699581 0.506316 0.713701 0.499164 0.718413 0.402660 0.726411 0.389898 0.727624
0 0.508374 0.713841 0.550229 0.702135 0.572181 0.696352 0.585031 0.705546 0.580580 0.712520 0.565587 0.714617 0.548340 0.717601 0.513582 0.719394
0 0.547951 0.719653 0.599935 0.714877 0.612225 0.710519 0.617617 0.715043 0.610912 0.722900 0.591422 0.726769 0.553014 0.731431 0.547868 0.731082
0 0.600304 0.690994 0.639448 0.698862 0.656733 0.701082 0.658839 0.706421 0.646749 0.709754 0.619034 0.713062 0.598073 0.713711
0 0.637156 0.716374 0.658253 0.709500 0.681260 0.708990 0.714093 0.706033 0.729895 0.705034 0.724854 0.715077 0.693300 0.722276 0.661933 0.728450 0.648373 0.728565 0.633981 0.727586 0.632653 0.718145
0 0.663386 0.688026 0.665782 0.680912 0.689625 0.681503 0.701127 0.681249 0.700588 0.689527 0.681697 0.690315
0 0.665884 0.691313 0.661091 0.705536 0.679008 0.709874 0.689873 0.707499 0.716735 0.703098 0.749360 0.701170 0.772540 0.699637 0.774942 0.692529 0.763842 0.690733 0.738801 0.691100 0.700833 0.693700 0.673472 0.689753
0 0.743106 0.690353 0.743991 0.674828 0.754217 0.670331 0.764926 0.674183 0.773581 0.677892 0.791081 0.684285 0.802176 0.686082 0.800801 0.693259 0.783155 0.693090 0.748045 0.691731
0 0.747158 0.707252 0.766623 0.703387 0.796981 0.702344 0.825038 0.696992 0.852932 0.697859 0.860308 0.697325 0.860828 0.710855 0.833178 0.714157 0.802004 0.714108 0.772874 0.714197 0.754002 0.714987 0.744563 0.715383
0 0.801934 0.681910 0.820801 0.681124 0.851978 0.681180 0.880064 0.681025 0.897494 0.682218 0.920244 0.682739 0.921939 0.690120 0.906800 0.693237 0.890005 0.694164 0.863779 0.695487 0.831194 0.697413 0.810278 0.698061 0.806763 0.694704 0.802176 0.686082
0 0.882311 0.680142 0.887120 0.665932 0.892011 0.662113 0.911492 0.663449 0.927894 0.664574 0.955169 0.668522 0.969551 0.674697 0.959973 0.681308 0.928838 0.681251 0.893787 0.679888
0 0.918866 0.662918 0.934287 0.642163 0.950489 0.644317 0.967713 0.646538 0.989858 0.650137 0.993198 0.659711 0.988149 0.669746 0.969749 0.673673 0.940033 0.671636 0.916619 0.663801
0 0.890309 0.627710 0.898397 0.612677 0.922617 0.616425 0.964726 0.629714 0.989624 0.645967 0.977168 0.651341 0.944771 0.647039 0.916621 0.636793
0 0.843005 0.587015 0.854216 0.577386 0.865550 0.583372 0.885331 0.594099 0.912915 0.607440 0.927509 0.612604 0.930427 0.619041 0.922222 0.618476 0.899619 0.611720 0.877991 0.599832 0.846521 0.590380
0 0.904630 0.596471 0.909877 0.585394 0.934141 0.594350 0.937847 0.596685 0.953896 0.605069 0.965209 0.611046 0.967334 0.621583 0.963664 0.624447 0.948647 0.616140 0.924788 0.605140 0.914927 0.602380
0 0.800386 0.548681 0.813656 0.539188 0.825834 0.546280 0.836784 0.554325 0.849152 0.560387 0.865229 0.568784 0.885406 0.577461 0.892198 0.580012 0.891883 0.592471 0.889634 0.593357 0.861640 0.582060 0.852163 0.577244 0.826204 0.566084
0 0.781369 0.511944 0.792921 0.516915 0.815821 0.527881 0.834995 0.536503 0.851910 0.546005 0.835954 0.553228 0.819428 0.541671 0.797562 0.530779 0.780629 0.521270
0 0.232596 0.629401 0.249650 0.622226 0.282144 0.610897 0.325805 0.601381 0.335107 0.602020 0.334592 0.610327 0.316320 0.618457 0.286553 0.632054 0.265178 0.639974 0.246446 0.644948 0.235385 0.636891
0 0.297831 0.594241 0.368804 0.539654 0.380429 0.544633 0.395599 0.552988 0.360861 0.565198 0.337359 0.584443 0.317345 0.601841 0.301979 0.611215 0.293446 0.606457
0 0.245380 0.673017 0.342868 0.644249 0.359585 0.661022 0.245784 0.687632 0.241649 0.687350 0.243120 0.673904
0 0.570140 0.387582 0.533270 0.449794 0.537065 0.457370 0.540860 0.464946 0.590781 0.389032
0 0.577310 0.382857 0.621380 0.315877 0.624975 0.324501 0.616932 0.344859 0.592010 0.388073
0 0.855863 0.533277 0.869032 0.530574 0.890683 0.533886 0.914705 0.537362 0.925192 0.542307 0.923134 0.553007 0.918746 0.553908 0.898321 0.553696 0.865951 0.546633 0.857833 0.541852
