0 0.426212 0.142210 0.427600 0.147616 0.429627 0.148719 0.429974 0.150070 0.432000 0.151173 0.432347 0.152524 0.434372 0.153627 0.435066 0.156330 0.437092 0.157433 0.438133 0.161487 0.440158 0.162590 0.440852 0.165294 0.442879 0.166397 0.447914 0.165649 0.457630 0.203494 0.437487 0.206483 0.436446 0.202429 0.432395 0.200224 0.429038 0.200722 0.427012 0.199619 0.423654 0.200117 0.421629 0.199015 0.419951 0.199264 0.417925 0.198162 0.416247 0.198411 0.414221 0.197308 0.410863 0.197806 0.408838 0.196703 0.405480 0.197201 0.403455 0.196099 0.401777 0.196348 0.399751 0.195245 0.394714 0.195992 0.392689 0.194890 0.389332 0.195388 0.387306 0.194286 0.383950 0.194784 0.381923 0.193681 0.380245 0.193930 0.378219 0.192827 0.374862 0.193326 0.372837 0.192223 0.366122 0.193220 0.362305 0.178352 0.369020 0.177356 0.371682 0.174154 0.373361 0.173905 0.376024 0.170703 0.377703 0.170454 0.380365 0.167253 0.382044 0.167003 0.383376 0.165403 0.385055 0.165154 0.389049 0.160352 0.390728 0.160103 0.394722 0.155301 0.396401 0.155052 0.397733 0.153451 0.399412 0.153202 0.400743 0.151601 0.399354 0.146195
0 0.843413 0.192556 0.844454 0.196611 0.846480 0.197713 0.848158 0.197465 0.852209 0.199670 0.853888 0.199420 0.857940 0.201626 0.859619 0.201376 0.861644 0.202480 0.868358 0.201483 0.872870 0.219054 0.866155 0.220050 0.863492 0.223252 0.864533 0.227306 0.809139 0.235526 0.806363 0.224713 0.811399 0.223966 0.812731 0.222365 0.812383 0.221013 0.813715 0.219413 0.813368 0.218061 0.816031 0.214860 0.815684 0.213508 0.818347 0.210307 0.818000 0.208955 0.820663 0.205753 0.820316 0.204402 0.821647 0.202802 0.821300 0.201450 0.822632 0.199849 0.821591 0.195794
0 0.843413 0.192556 0.844454 0.196611 0.848505 0.198817 0.850184 0.198567 0.852209 0.199670 0.853888 0.199420 0.857940 0.201626 0.859619 0.201376 0.861644 0.202480 0.868358 0.201483 0.872870 0.219054 0.866155 0.220050 0.863492 0.223252 0.864533 0.227306 0.809139 0.235526 0.806363 0.224713 0.811399 0.223966 0.812731 0.222365 0.812383 0.221013 0.813715 0.219413 0.813368 0.218061 0.816031 0.214860 0.815684 0.213508 0.818347 0.210307 0.818000 0.208955 0.820663 0.205753 0.820316 0.204402 0.822979 0.201200 0.821591 0.195794
0 0.580355 0.124950 0.581396 0.129006 0.585447 0.131211 0.587126 0.130962 0.591176 0.133166 0.592855 0.132917 0.594881 0.134020 0.599917 0.133273 0.602693 0.144086 0.597657 0.144833 0.596326 0.146433 0.594647 0.146683 0.593316 0.148284 0.589958 0.148782 0.587295 0.151983 0.588336 0.156039 0.546372 0.162265 0.542207 0.146045 0.548920 0.145049 0.554248 0.138646 0.553901 0.137294 0.556563 0.134093 0.555175 0.128687
0 0.987904 0.395618 0.992416 0.413189 0.987380 0.413937 0.986048 0.415537 0.984369 0.415786 0.981707 0.418987 0.982748 0.423042 0.952533 0.427525 0.951145 0.422119 0.945067 0.418811 0.940031 0.419559 0.935867 0.403339
0 0.981221 0.233846 0.986426 0.254120 0.978033 0.255366 0.976702 0.256967 0.973345 0.257465 0.970681 0.260666 0.969003 0.260915 0.967671 0.262516 0.969059 0.267922 0.938844 0.272405 0.937456 0.267000 0.933405 0.264795 0.928370 0.265542 0.925593 0.254729 0.930629 0.253981 0.931960 0.252380 0.933639 0.252131 0.934970 0.250531 0.936649 0.250282 0.937981 0.248681 0.939659 0.248432 0.943654 0.243629 0.942614 0.239575
0 0.757546 0.339998 0.762752 0.360273 0.757716 0.361020 0.756384 0.362620 0.757425 0.366675 0.723853 0.371656 0.722812 0.367602 0.720786 0.366500 0.719108 0.366749 0.717083 0.365645 0.710367 0.366642 0.705509 0.347719
0 0.294248 0.116890 0.295289 0.120945 0.297314 0.122048 0.300672 0.121549 0.302698 0.122652 0.309411 0.121655 0.311437 0.122758 0.314795 0.122260 0.316820 0.123362 0.320178 0.122864 0.322203 0.123967 0.323881 0.123718 0.325908 0.124821 0.329265 0.124323 0.331291 0.125425 0.339683 0.124180 0.343848 0.140399 0.337133 0.141396 0.335802 0.142996 0.336149 0.144348 0.332154 0.149150 0.333542 0.154557 0.308362 0.158293 0.307321 0.154238 0.305296 0.153135 0.303618 0.153384 0.301592 0.152282 0.296556 0.153029 0.294530 0.151926 0.291173 0.152424 0.289147 0.151322 0.284112 0.152069 0.282085 0.150966 0.275372 0.151963 0.273346 0.150860 0.264953 0.152106 0.262927 0.151003 0.259570 0.151501 0.257545 0.150399 0.250830 0.151395 0.243890 0.124362
0 0.559957 0.846381 0.573491 0.899095 0.558383 0.901336 0.557342 0.897282 0.553292 0.895076 0.551613 0.895326 0.547561 0.893120 0.545883 0.893369 0.541831 0.891164 0.540153 0.891413 0.538127 0.890312 0.531412 0.891308 0.526207 0.871033 0.532921 0.870036 0.535584 0.866835 0.535238 0.865484 0.537902 0.862282 0.539580 0.862033 0.542243 0.858831 0.541896 0.857480 0.545890 0.852677 0.544849 0.848623
0 0.915433 0.411983 0.919945 0.429554 0.914909 0.430301 0.913577 0.431903 0.911898 0.432152 0.909235 0.435353 0.910276 0.439409 0.876705 0.444390 0.871499 0.424115 0.876535 0.423368 0.877866 0.421767 0.876825 0.417712
0 0.208673 0.550527 0.209714 0.554583 0.215792 0.557890 0.217470 0.557641 0.219495 0.558743 0.219842 0.560095 0.221868 0.561198 0.223547 0.560949 0.225572 0.562051 0.227250 0.561802 0.229277 0.562904 0.242705 0.560912 0.244731 0.562015 0.248088 0.561517 0.250114 0.562620 0.253471 0.562121 0.255496 0.563224 0.258855 0.562725 0.260880 0.563828 0.264237 0.563330 0.268288 0.565535 0.271646 0.565037 0.273671 0.566140 0.278707 0.565392 0.284259 0.587018 0.277545 0.588015 0.276214 0.589615 0.276561 0.590967 0.273898 0.594169 0.274592 0.596872 0.273260 0.598472 0.273607 0.599824 0.272275 0.601425 0.272622 0.602777 0.271290 0.604377 0.271638 0.605729 0.270306 0.607329 0.270654 0.608681 0.265327 0.615084 0.266368 0.619139 0.221045 0.625864 0.219657 0.620457 0.213581 0.617150 0.193436 0.620139 0.191411 0.619036 0.186376 0.619783 0.184350 0.618681 0.180993 0.619179 0.176941 0.616974 0.168549 0.618219 0.161955 0.592537 0.166990 0.591790 0.169654 0.588590 0.169307 0.587238 0.171970 0.584036 0.171623 0.582685 0.172954 0.581084 0.172607 0.579733 0.173939 0.578131 0.173592 0.576779 0.176255 0.573579 0.175908 0.572227 0.178571 0.569025 0.178224 0.567674 0.180887 0.564472 0.180540 0.563121 0.183203 0.559919 0.181815 0.554513
0 0.734499 0.691394 0.735540 0.695450 0.739591 0.697654 0.744628 0.696907 0.750875 0.721237 0.720659 0.725720 0.719271 0.720313 0.715220 0.718109 0.710184 0.718856 0.706713 0.705339 0.711750 0.704592 0.715745 0.699790 0.714357 0.694383
0 0.461015 0.664623 0.462056 0.668678 0.474210 0.675294 0.480924 0.674298 0.485782 0.693220 0.479068 0.694216 0.477737 0.695817 0.478084 0.697169 0.474089 0.701971 0.475130 0.706027 0.449950 0.709763 0.439192 0.667861
0 0.622355 0.539658 0.623743 0.545065 0.625768 0.546167 0.626115 0.547519 0.628141 0.548622 0.628834 0.551325 0.630861 0.552428 0.631208 0.553779 0.633233 0.554882 0.638269 0.554135 0.647639 0.590628 0.634210 0.592621 0.632822 0.587214 0.628771 0.585010 0.627092 0.585259 0.626744 0.583907 0.624719 0.582804 0.623040 0.583053 0.616964 0.579746 0.616617 0.578395 0.608514 0.573984 0.606835 0.574234 0.596707 0.568720 0.595029 0.568969 0.588952 0.565661 0.587273 0.565910 0.577145 0.560398 0.572110 0.561145 0.568639 0.547629
0 0.395418 0.449855 0.404788 0.486350 0.379610 0.490086 0.378568 0.486031 0.376542 0.484928 0.374863 0.485177 0.372838 0.484075 0.371160 0.484324 0.369134 0.483221 0.365776 0.483719 0.363750 0.482617 0.362072 0.482866 0.358021 0.480661 0.357674 0.479310 0.355648 0.478207 0.355301 0.476855 0.356633 0.475254 0.355939 0.472551 0.362596 0.464548 0.364275 0.464299 0.365607 0.462698 0.367286 0.462449 0.368617 0.460848 0.370296 0.460599 0.372959 0.457397 0.371918 0.453342
0 0.977060 0.801329 0.978101 0.805384 0.980127 0.806486 0.983483 0.805988 0.985509 0.807091 0.993902 0.805845 0.995928 0.806948 1.000000 0.806201 1.000000 0.807303 1.000000 0.806805 1.000000 0.807908 1.000000 0.806663 1.000000 0.817476 1.000000 0.818223 1.000000 0.819824 1.000000 0.820073 1.000000 0.821673 1.000000 0.821922 1.000000 0.823524 1.000000 0.823773 1.000000 0.826973 0.999454 0.827471 0.998124 0.829072 0.996445 0.829321 0.995113 0.830923 0.991756 0.831421 0.990424 0.833021 0.988746 0.833270 0.987415 0.834870 0.984056 0.835369 0.982725 0.836970 0.981046 0.837219 0.979715 0.838819 0.978037 0.839068 0.976705 0.840669 0.975026 0.840919 0.973695 0.842520 0.972017 0.842769 0.970685 0.844369 0.967327 0.844867 0.965996 0.846467 0.964317 0.846716 0.962986 0.848318 0.964027 0.852372 0.933812 0.856855 0.929648 0.840637 0.934683 0.839889 0.937346 0.836687 0.936999 0.835336 0.938331 0.833736 0.937983 0.832384 0.939316 0.830783 0.938621 0.828079 0.939954 0.826479 0.939607 0.825128 0.940938 0.823526 0.940590 0.822174 0.941922 0.820574 0.941228 0.817871 0.942560 0.816270 0.941866 0.813566 0.943197 0.811966 0.941809 0.806560
0 0.152150 0.710453 0.153191 0.714507 0.157242 0.716713 0.160600 0.716215 0.164651 0.718419 0.171365 0.717423 0.175530 0.733643 0.140279 0.738873 0.139238 0.734819 0.135187 0.732614 0.131829 0.733112 0.127778 0.730907 0.121064 0.731903 0.116900 0.715683
1 0.459737 0.381380 0.466856 0.388743 0.451514 0.403647 0.393045 0.447401 0.359239 0.465046 0.346617 0.483756 0.257409 0.550311 0.240970 0.554154 0.253310 0.500407 0.310817 0.337529
1 0.317371 0.274820 0.319453 0.282930 0.247176 0.490092 0.235483 0.498843 0.173405 0.345291 0.156804 0.287419
0 0.748620 0.108402 0.758111 0.118219 0.756835 0.126827 0.731365 0.136219 0.723262 0.131809 0.725465 0.113240 0.729461 0.108439
0 0.505665 0.241268 0.510120 0.251831 0.486966 0.256671 0.488879 0.243759
0 0.982837 0.559133 0.987236 0.562689 0.982893 0.566141 0.927209 0.580016 0.848257 0.584714 0.895380 0.551063
0 1.000000 0.507947 1.000000 0.547785 0.995572 0.554437 0.933003 0.548286
0 0.213187 0.859950 0.218972 0.868914 0.213646 0.875317 0.191421 0.870195 0.195013 0.857035
0 0.221652 0.784328 0.231780 0.789841 0.228478 0.797346 0.205269 0.795178 0.212911 0.784221
0 0.180734 0.462066 0.183566 0.479886 0.163366 0.475868 0.165626 0.464308
0 0.293429 0.765259 0.297883 0.775823 0.277046 0.776109 0.278958 0.763197
0 0.461537 0.354453 0.468825 0.382838 0.415924 0.366834 0.447705 0.348087
0 0.346827 0.301318 0.348909 0.309428 0.322511 0.328779 0.304684 0.327214 0.293515 0.317647 0.319509 0.289937
