0 0.655720 0.335383 0.655030 0.340673 0.656618 0.342293 0.658381 0.342591 0.664737 0.349071 0.671784 0.350261 0.667988 0.379354 0.662703 0.378461 0.656900 0.381535 0.656728 0.382857 0.654794 0.383882 0.654622 0.385204 0.650752 0.387253 0.650580 0.388576 0.648646 0.389601 0.648473 0.390923 0.646539 0.391948 0.646194 0.394593 0.642325 0.396641 0.642153 0.397964 0.640219 0.398989 0.640047 0.400311 0.638113 0.401337 0.637940 0.402659 0.630203 0.406757 0.628441 0.406460 0.614903 0.413633 0.613140 0.413335 0.605404 0.417433 0.601880 0.416838 0.599947 0.417863 0.599429 0.421830 0.583574 0.419151 0.584091 0.415184 0.580913 0.411944 0.579152 0.411646 0.577562 0.410026 0.575800 0.409729 0.569444 0.403248 0.567683 0.402951 0.559736 0.394850 0.557975 0.394552 0.556386 0.392932 0.556558 0.391610 0.545435 0.380269 0.540149 0.379376 0.543428 0.354251 0.548713 0.355145 0.552582 0.353095 0.552754 0.351773 0.560491 0.347674 0.560663 0.346352 0.574203 0.339179 0.574376 0.337856 0.582111 0.333757 0.583874 0.334055 0.587742 0.332006 0.589504 0.332304 0.595306 0.329230 0.595824 0.325262
0 0.572522 0.434853 0.572004 0.438820 0.581540 0.448541 0.583301 0.448839 0.586480 0.452078 0.593526 0.453269 0.590075 0.479716 0.563650 0.475251 0.564340 0.469962 0.561162 0.466721 0.561335 0.465399 0.550211 0.454060 0.548449 0.453762 0.537326 0.442421 0.532040 0.441528 0.533766 0.428304
0 0.768085 0.343558 0.767395 0.348848 0.770573 0.352088 0.772334 0.352386 0.786637 0.366966 0.791921 0.367859 0.788125 0.396951 0.782841 0.396058 0.780906 0.397083 0.779144 0.396785 0.775276 0.398835 0.774931 0.401479 0.772997 0.402504 0.771962 0.410439 0.770027 0.411463 0.769854 0.412786 0.765987 0.414835 0.765815 0.416157 0.760011 0.419231 0.759839 0.420554 0.755971 0.422603 0.755798 0.423926 0.748061 0.428024 0.746299 0.427726 0.736629 0.432850 0.734866 0.432552 0.727131 0.436651 0.723607 0.436056 0.721673 0.437080 0.719912 0.436782 0.717977 0.437807 0.714454 0.437212 0.712519 0.438236 0.707235 0.437343 0.705301 0.438369 0.698253 0.437178 0.696319 0.438203 0.683988 0.436119 0.682399 0.434499 0.675352 0.433308 0.673763 0.431687 0.670240 0.431092 0.668651 0.429472 0.665127 0.428877 0.663538 0.427256 0.661777 0.426959 0.658598 0.423720 0.656837 0.423422 0.645713 0.412081 0.645885 0.410758 0.644296 0.409139 0.637250 0.407948 0.638285 0.400014 0.643570 0.400907 0.645504 0.399882 0.645676 0.398560 0.647611 0.397535 0.647783 0.396213 0.651652 0.394163 0.651824 0.392841 0.653759 0.391816 0.653931 0.390494 0.655865 0.389469 0.656038 0.388146 0.657972 0.387122 0.658318 0.384477 0.662186 0.382428 0.662531 0.379783 0.666398 0.377734 0.666571 0.376411 0.668505 0.375387 0.668851 0.372742 0.670784 0.371718 0.670957 0.370395 0.672891 0.369371 0.673237 0.366726 0.675171 0.365701 0.675689 0.361733 0.677623 0.360709 0.677968 0.358064 0.679902 0.357040 0.680075 0.355717 0.685877 0.352643 0.686049 0.351321 0.703458 0.342098 0.705219 0.342396 0.712956 0.338297 0.713473 0.334330
0 0.320061 0.451660 0.317473 0.471496 0.312189 0.470603 0.300584 0.476751 0.300411 0.478073 0.290740 0.483196 0.290567 0.484519 0.284764 0.487593 0.284591 0.488915 0.274921 0.494039 0.274749 0.495361 0.268945 0.498435 0.268773 0.499758 0.261037 0.503857 0.260865 0.505179 0.256995 0.507229 0.256823 0.508551 0.249087 0.512650 0.248915 0.513972 0.237308 0.520120 0.235547 0.519822 0.233613 0.520847 0.226566 0.519656 0.224632 0.520681 0.223044 0.519061 0.215997 0.517870 0.214407 0.516250 0.210884 0.515654 0.207706 0.512415 0.205945 0.512118 0.204355 0.510497 0.202593 0.510199 0.201004 0.508580 0.199243 0.508282 0.197653 0.506662 0.195891 0.506364 0.194303 0.504743 0.192541 0.504446 0.190952 0.502826 0.189191 0.502528 0.186011 0.499288 0.184250 0.498991 0.182662 0.497370 0.180900 0.497072 0.177721 0.493833 0.175959 0.493535 0.174371 0.491915 0.172610 0.491617 0.171020 0.489997 0.165735 0.489104 0.166598 0.482492 0.171883 0.483385 0.175751 0.481336 0.177512 0.481634 0.179447 0.480609 0.181209 0.480907 0.185077 0.478858 0.186838 0.479155 0.190707 0.477105 0.192469 0.477403 0.196336 0.475354 0.198098 0.475652 0.201967 0.473602 0.203729 0.473900 0.209531 0.470826 0.211293 0.471124 0.217095 0.468049 0.218858 0.468347 0.222726 0.466298 0.224487 0.466596 0.228355 0.464546 0.230118 0.464843 0.237853 0.460745 0.239615 0.461043 0.247352 0.456944 0.249114 0.457242 0.254916 0.454167 0.256679 0.454465 0.262481 0.451391 0.264242 0.451688 0.271978 0.447590 0.272496 0.443623
0 0.209350 0.141022 0.197790 0.229622 0.192505 0.228729 0.190571 0.229753 0.190054 0.233721 0.130157 0.223600 0.130675 0.219632 0.129086 0.218012 0.127324 0.217715 0.125735 0.216094 0.122211 0.215499 0.120623 0.213878 0.115337 0.212985 0.116717 0.202407 0.123764 0.203598 0.131502 0.199499 0.131674 0.198176 0.145213 0.191003 0.145386 0.189681 0.149254 0.187632 0.149427 0.186310 0.155229 0.183235 0.155401 0.181913 0.157336 0.180888 0.157681 0.178243 0.159616 0.177219 0.159961 0.174575 0.161895 0.173549 0.162240 0.170905 0.164173 0.169880 0.164691 0.165913 0.166626 0.164888 0.167316 0.159598 0.169249 0.158574 0.170112 0.151962 0.172047 0.150937 0.172564 0.146970 0.174499 0.145946 0.174844 0.143301 0.178711 0.141251 0.179402 0.135962
0 0.386241 0.441219 0.383308 0.463699 0.376262 0.462508 0.374328 0.463533 0.372566 0.463235 0.370631 0.464260 0.360061 0.462474 0.358473 0.460854 0.354949 0.460258 0.353360 0.458638 0.351599 0.458340 0.348420 0.455100 0.346658 0.454802 0.343480 0.451563 0.341719 0.451266 0.340130 0.449645 0.338368 0.449347 0.336778 0.447728 0.329733 0.446537 0.331631 0.431991
0 0.312434 0.234127 0.309846 0.253963 0.304561 0.253070 0.302627 0.254094 0.300865 0.253796 0.293129 0.257895 0.292611 0.261863 0.266186 0.257398 0.266704 0.253430 0.260347 0.246950 0.255062 0.246057 0.257822 0.224899
0 0.271825 0.324575 0.269237 0.344410 0.232242 0.338159 0.230653 0.336539 0.227130 0.335944 0.220773 0.329464 0.215488 0.328570 0.217213 0.315347
0 0.538216 0.380401 0.534938 0.405526 0.504989 0.400465 0.505507 0.396499 0.503918 0.394879 0.504091 0.393556 0.500912 0.390316 0.495628 0.389423 0.497698 0.373555
0 0.480208 0.549001 0.476930 0.574126 0.443459 0.568470 0.443977 0.564503 0.442387 0.562882 0.440625 0.562585 0.437446 0.559345 0.430400 0.558154 0.432643 0.540963
0 0.602906 0.602171 0.598938 0.632586 0.568990 0.627525 0.569680 0.622235 0.564912 0.617375 0.559628 0.616482 0.561698 0.600614 0.566983 0.601507 0.568916 0.600482 0.569434 0.596515
0 0.346613 0.634548 0.345060 0.646449 0.338013 0.645259 0.324475 0.652432 0.323957 0.656399 0.302817 0.652827 0.306095 0.627702
0 0.630802 0.498762 0.628904 0.513308 0.621858 0.512117 0.617989 0.514167 0.616227 0.513869 0.612359 0.515918 0.610598 0.515621 0.608664 0.516646 0.608146 0.520613 0.592291 0.517934 0.592809 0.513967 0.589630 0.510727 0.589803 0.509404 0.586625 0.506164 0.581339 0.505271 0.583237 0.490725
0 0.286753 0.375752 0.283648 0.399555 0.276601 0.398364 0.274668 0.399389 0.272905 0.399091 0.270971 0.400116 0.270453 0.404083 0.259883 0.402297 0.260401 0.398330 0.258812 0.396710 0.255289 0.396114 0.253699 0.394494 0.248415 0.393602 0.246825 0.391982 0.243302 0.391386 0.241713 0.389766 0.238190 0.389171 0.236600 0.387551 0.233078 0.386956 0.231488 0.385335 0.227965 0.384740 0.226376 0.383119 0.222853 0.382524 0.214907 0.374424 0.209622 0.373531 0.211002 0.362952
0 0.530115 0.773678 0.527527 0.793514 0.497579 0.788453 0.498097 0.784486 0.494919 0.781246 0.487871 0.780055 0.489596 0.766832
0 0.313850 0.499266 0.312297 0.511167 0.307013 0.510274 0.305078 0.511299 0.303316 0.511001 0.299447 0.513050 0.297686 0.512753 0.293818 0.514802 0.292056 0.514504 0.288188 0.516554 0.286426 0.516256 0.282558 0.518305 0.273749 0.516817 0.272160 0.515197 0.263352 0.513709 0.264214 0.507097 0.269500 0.507990 0.273368 0.505940 0.273541 0.504618 0.283211 0.499494 0.283901 0.494205
0 0.688591 0.773427 0.685313 0.798552 0.657126 0.793789 0.657644 0.789822 0.651288 0.783342 0.646003 0.782449 0.648074 0.766580
0 0.668686 0.705190 0.666443 0.722381 0.657634 0.720893 0.655701 0.721917 0.652178 0.721322 0.650244 0.722347 0.648482 0.722049 0.646548 0.723074 0.646030 0.727041 0.635459 0.725255 0.635977 0.721287 0.632800 0.718047 0.625752 0.716857 0.628168 0.698343
0 0.699343 0.580624 0.697445 0.595170 0.674543 0.591300 0.675406 0.584688 0.670639 0.579828 0.665355 0.578935 0.665872 0.574968
0 0.644496 0.614605 0.642598 0.629150 0.616172 0.624685 0.618070 0.610139
0 0.666871 0.553512 0.665318 0.565413 0.658271 0.564222 0.656336 0.565247 0.654575 0.564950 0.650707 0.566999 0.648946 0.566702 0.647011 0.567726 0.645249 0.567428 0.643315 0.568453 0.638031 0.567560 0.636096 0.568584 0.623764 0.566501 0.621830 0.567526 0.611260 0.565740 0.609326 0.566765 0.593471 0.564086 0.591882 0.562465 0.590121 0.562168 0.588531 0.560547 0.585008 0.559952 0.583419 0.558332 0.576372 0.557141 0.574783 0.555521 0.573022 0.555223 0.571432 0.553603 0.569671 0.553306 0.569843 0.551984 0.566665 0.548743 0.561381 0.547850 0.561898 0.543883 0.567183 0.544776 0.569117 0.543752 0.569290 0.542429 0.571224 0.541404 0.571741 0.537437
0 0.243420 0.763076 0.240831 0.782911 0.232023 0.781423 0.232540 0.777456 0.230952 0.775836 0.222143 0.774347 0.224041 0.759801
0 0.495391 0.432632 0.492113 0.457758 0.456880 0.451804 0.457570 0.446514 0.455980 0.444894 0.454219 0.444596 0.447863 0.438116 0.446101 0.437818 0.442923 0.434578 0.443096 0.433256 0.441506 0.431636 0.441679 0.430313 0.440090 0.428693 0.440780 0.423404
1 0.274017 0.540064 0.368032 0.578475 0.270316 0.637425 0.261532 0.589762
1 0.241864 0.533503 0.035991 0.478443 0.250944 0.636403 0.246413 0.533147
1 0.081060 0.431997 0.000000 0.370708 0.000000 0.412584 0.000000 0.469127 0.041575 0.481640
0 0.917801 0.447246 0.881849 0.446803 0.849726 0.451511 0.836544 0.460546 0.827046 0.475835 0.826215 0.493714 0.832547 0.502669 0.853131 0.517410 0.895417 0.526808 0.933873 0.531053 0.972270 0.512764 0.983491 0.484250 0.966708 0.463393 0.933661 0.452179
0 0.838473 0.250259 0.962395 0.277956 0.961820 0.282364 0.929234 0.279111 0.861705 0.267700 0.837179 0.260177
0 0.963144 0.283714 0.969660 0.360276 0.956447 0.358043 0.947352 0.358758 0.944263 0.301923 0.943916 0.281592 0.951542 0.280627
0 0.951899 0.358401 1.000000 0.376400 1.000000 0.387916 0.981578 0.372426 0.955009 0.369063
0 0.944013 0.372837 0.973375 0.377798 0.925140 0.448486 0.907380 0.446611 0.937739 0.386417
0 0.828484 0.464816 0.796332 0.458255 0.791064 0.464123 0.790201 0.470735 0.822355 0.477295 0.826759 0.478039
0 0.849157 0.513359 0.713220 0.600764 0.721310 0.607762 0.863264 0.520248
0 1.000000 0.655696 0.980813 0.688779 0.993019 0.698726 1.000000 0.677240
0 0.977416 0.680321 0.720128 0.605311 0.714574 0.613381 0.976409 0.688035
0 0.718660 0.605063 0.611894 0.572379 0.606770 0.577145 0.715899 0.614732
0 0.901677 0.761111 0.805682 0.749004 0.806147 0.762251 0.908367 0.777054
0 0.382221 0.171331 0.364218 0.174873 0.363063 0.183729 0.376482 0.190112 0.370593 0.193231 0.357299 0.194278 0.353116 0.192748 0.353956 0.186305 0.338495 0.178756 0.320388 0.183102 0.313342 0.195080 0.318622 0.205024 0.340983 0.226908 0.353225 0.233913 0.378212 0.235667 0.399726 0.222020 0.408939 0.218639 0.417858 0.225907 0.427384 0.220110 0.431781 0.220029 0.435210 0.218963 0.423575 0.198892 0.397365 0.181296
0 0.431991 0.218419 0.418278 0.222687 0.411758 0.230638 0.413483 0.234220 0.420783 0.237099 0.441059 0.241349 0.460262 0.245416 0.450586 0.235552 0.431570 0.221641 0.429530 0.220473
0 0.401895 0.230616 0.391062 0.229609 0.383262 0.238989 0.383808 0.243196 0.399793 0.246721 0.411592 0.248715 0.421037 0.251955 0.421014 0.243722 0.411128 0.235468
0 0.245376 0.758018 0.235277 0.751373 0.229075 0.756909 0.231453 0.763895 0.243042 0.767500 0.246785 0.764017 0.247310 0.759991
