1 0.055993 0.590831 0.307136 0.676739 0.082603 0.884775
1 0.498623 0.604975 0.349280 0.849710 0.361488 0.857876 0.686402 0.908595 0.692374 0.904145
1 0.105781 0.551301 0.350912 0.664212 0.313123 0.424133 0.214678 0.456947 0.109470 0.543409
1 0.340573 0.405742 0.413059 0.434988 0.587230 0.505310 0.371716 0.645867
1 0.098042 0.375033 0.192804 0.448651 0.059435 0.490598
1 0.086649 0.318963 0.169866 0.386798 0.206755 0.291114 0.125896 0.286333
1 0.205358 0.307235 0.217895 0.312424 0.315583 0.359209 0.192998 0.411137
1 0.370557 0.298046 0.445807 0.389976 0.309262 0.388278
1 0.217296 0.277995 0.264974 0.231394 0.319330 0.236967 0.319309 0.320550
1 0.408369 0.334594 0.518966 0.239833 0.574021 0.242902 0.643640 0.420497
1 0.610047 0.227868 0.659862 0.324780 0.746356 0.257680 0.669761 0.218346
1 0.385268 0.295668 0.539157 0.207721 0.404562 0.136719 0.348478 0.154348
1 0.170339 0.285336 0.253749 0.231041 0.166662 0.201162 0.142922 0.211526 0.156335 0.285194
1 0.178303 0.197827 0.200218 0.133048 0.276180 0.179332
1 0.575796 0.530218 0.647410 0.788680 0.941458 1.000000 1.000000 1.000000 1.000000 0.664422
1 0.569062 0.460213 0.816397 0.595957 0.981223 0.569959 0.921312 0.359964 0.892841 0.264664
1 0.000000 0.235489 0.016711 0.392607 0.068648 0.325306 0.000000 0.203788 0.000000 0.208316
1 0.000000 0.167804 0.059955 0.296385 0.103100 0.235367 0.000000 0.142862 0.000000 0.148037
1 0.000000 0.141820 0.113247 0.226025 0.150946 0.178040 0.082655 0.133593
1 0.456767 0.160565 0.779678 0.224474 0.791755 0.078085 0.676077 0.086943 0.452207 0.104086
1 0.444754 0.107068 0.428455 0.148198 0.408625 0.136407 0.370633 0.144165 0.226208 0.121391
0 0.294822 0.218089 0.278886 0.215660 0.273309 0.205114 0.301427 0.190765 0.309736 0.201082 0.312527 0.216719 0.299864 0.221362
