0 0.413495 0.371147 0.412883 0.376514 0.423198 0.389170 0.428232 0.389227 0.425169 0.416064 0.420134 0.416008 0.418253 0.417779 0.413219 0.417723 0.411337 0.419494 0.404625 0.419419 0.403151 0.417610 0.393083 0.417498 0.391610 0.415689 0.389932 0.415671 0.388458 0.413863 0.385102 0.413826 0.383629 0.412017 0.381951 0.411999 0.380477 0.410191 0.378799 0.410172 0.377325 0.408365 0.373970 0.408328 0.372496 0.406519 0.370817 0.406500 0.369344 0.404693 0.367666 0.404674 0.366192 0.402866 0.364514 0.402847 0.363041 0.401040 0.361362 0.401021 0.356942 0.395597 0.355263 0.395578 0.352317 0.391962 0.350638 0.391943 0.347691 0.388327 0.342657 0.388271 0.343474 0.381114 0.348508 0.381171 0.352272 0.377630 0.353089 0.370473
0 0.263649 0.476963 0.260177 0.507379 0.253465 0.507304 0.251583 0.509074 0.241515 0.508962 0.240042 0.507155 0.238364 0.507136 0.233943 0.501712 0.234147 0.499922 0.228252 0.492691 0.226574 0.492672 0.223627 0.489057 0.225509 0.487286 0.226734 0.476550
0 0.280629 0.269342 0.278382 0.289022 0.271671 0.288947 0.269789 0.290718 0.268110 0.290699 0.266228 0.292470 0.262873 0.292433 0.260990 0.294203 0.259313 0.294184 0.255547 0.297725 0.254935 0.303092 0.238155 0.302905 0.238768 0.297538 0.235821 0.293922 0.234143 0.293903 0.232669 0.292096 0.230991 0.292077 0.229518 0.290269 0.227840 0.290250 0.226366 0.288441 0.224688 0.288423 0.218793 0.281191 0.213760 0.281135 0.215189 0.268611
0 0.253650 0.226045 0.252833 0.233202 0.254306 0.235010 0.255984 0.235029 0.257458 0.236836 0.264170 0.236911 0.261719 0.258382 0.253329 0.258288 0.249565 0.261829 0.248953 0.267196 0.237207 0.267065 0.237819 0.261698 0.231924 0.254466 0.232129 0.252676 0.227707 0.247253 0.227911 0.245463 0.226438 0.243656 0.226642 0.241867 0.225169 0.240059 0.218457 0.239984 0.220091 0.225670
0 0.942822 0.355560 0.940575 0.375242 0.935542 0.375185 0.929895 0.380496 0.928217 0.380477 0.924452 0.384018 0.923839 0.389386 0.902026 0.389143 0.902639 0.383775 0.901166 0.381966 0.899487 0.381947 0.895067 0.376524 0.888355 0.376449 0.888968 0.371082 0.894001 0.371139 0.899647 0.365827 0.901325 0.365845 0.906972 0.360533 0.907584 0.355166
0 0.286788 0.362567 0.285971 0.369724 0.287445 0.371532 0.295834 0.371626 0.292975 0.396673 0.286264 0.396598 0.284382 0.398369 0.284177 0.400159 0.282295 0.401929 0.282091 0.403719 0.280209 0.405489 0.279800 0.409067 0.276035 0.412608 0.274358 0.412589 0.270593 0.416130 0.268915 0.416111 0.265151 0.419652 0.263473 0.419634 0.261590 0.421405 0.259913 0.421386 0.258030 0.423156 0.256353 0.423137 0.254471 0.424907 0.252793 0.424888 0.249028 0.428429 0.245672 0.428392 0.243791 0.430163 0.228689 0.429994 0.227214 0.428186 0.217147 0.428073 0.222865 0.377976 0.227900 0.378032 0.231664 0.374491 0.231868 0.372702 0.233750 0.370933 0.234771 0.361986
0 0.875239 0.476625 0.870950 0.514199 0.864238 0.514124 0.856710 0.521206 0.855031 0.521187 0.853150 0.522957 0.836370 0.522770 0.833423 0.519154 0.831744 0.519135 0.830271 0.517328 0.828593 0.517309 0.825645 0.513693 0.823968 0.513674 0.822493 0.511866 0.820816 0.511847 0.814921 0.504615 0.815738 0.497459 0.817620 0.495689 0.817824 0.493899 0.823471 0.488587 0.825149 0.488606 0.832678 0.481525 0.833291 0.476157
0 1.000000 0.299055 1.000000 0.318737 1.000000 0.318662 1.000000 0.320432 1.000000 0.325799 0.993276 0.325668 0.993889 0.320301 0.985047 0.309453 0.986272 0.298718
0 0.836666 0.755664 0.834215 0.777134 0.829181 0.777078 0.825417 0.780619 0.825008 0.784197 0.823127 0.785967 0.822718 0.789546 0.820836 0.791317 0.820224 0.796684 0.805122 0.796515 0.805734 0.791148 0.799840 0.783916 0.798162 0.783898 0.792266 0.776666 0.790589 0.776647 0.784694 0.769416 0.783016 0.769397 0.783220 0.767607 0.785103 0.765837 0.785307 0.764048 0.787188 0.762278 0.788005 0.755121
0 0.225012 0.462199 0.221949 0.489038 0.203492 0.488832 0.204105 0.483464 0.201156 0.479848 0.199479 0.479829 0.196531 0.476213 0.191498 0.476157 0.193132 0.461843
0 0.769773 0.281969 0.768343 0.294493 0.761631 0.294418 0.759750 0.296189 0.758071 0.296170 0.756189 0.297941 0.752832 0.297904 0.750951 0.299673 0.749272 0.299655 0.747391 0.301426 0.746574 0.308581 0.723083 0.308319 0.723899 0.301163 0.722426 0.299355 0.715714 0.299280 0.717756 0.281388
0 0.126987 0.231797 0.126374 0.237165 0.129321 0.240781 0.131000 0.240799 0.133947 0.244414 0.135625 0.244433 0.137098 0.246241 0.138776 0.246260 0.140251 0.248067 0.148640 0.248161 0.147006 0.262476 0.136938 0.262363 0.135055 0.264133 0.130022 0.264077 0.126258 0.267618 0.125645 0.272986 0.095442 0.272649 0.096055 0.267281 0.094582 0.265472 0.092903 0.265454 0.088482 0.260030 0.089708 0.249295 0.091590 0.247524 0.091998 0.243946 0.095762 0.240406 0.096784 0.231459
0 0.763413 0.396552 0.760554 0.421601 0.753842 0.421526 0.751959 0.423297 0.750282 0.423278 0.746518 0.426819 0.744840 0.426800 0.742958 0.428570 0.741280 0.428551 0.739398 0.430321 0.738581 0.437478 0.725157 0.437328 0.725974 0.430171 0.721552 0.424748 0.721756 0.422960 0.718809 0.419343 0.719013 0.417554 0.711645 0.408515 0.711849 0.406725 0.710376 0.404918 0.703663 0.404843 0.704685 0.395896
0 0.746193 0.253042 0.743743 0.274512 0.737031 0.274437 0.735148 0.276207 0.733471 0.276189 0.731589 0.277960 0.721520 0.277847 0.720047 0.276039 0.718369 0.276020 0.716895 0.274213 0.715217 0.274194 0.707849 0.265155 0.708462 0.259787 0.706987 0.257978 0.707600 0.252611
0 0.121885 0.482546 0.119434 0.504016 0.112722 0.503941 0.110840 0.505712 0.104128 0.505637 0.102246 0.507407 0.092178 0.507295 0.090704 0.505487 0.083992 0.505412 0.082519 0.503604 0.080840 0.503585 0.077894 0.499969 0.078098 0.498179 0.076624 0.496372 0.078258 0.482059
0 0.837243 0.397376 0.835405 0.413480 0.828693 0.413405 0.826810 0.415175 0.825133 0.415156 0.821369 0.418697 0.820756 0.424065 0.815722 0.424009 0.816335 0.418641 0.811914 0.413217 0.810236 0.413199 0.808762 0.411390 0.803728 0.411334 0.805362 0.397020
0 0.482047 0.565392 0.480821 0.576127 0.474109 0.576052 0.470345 0.579593 0.466989 0.579555 0.465107 0.581326 0.461752 0.581289 0.459869 0.583059 0.458395 0.581251 0.453361 0.581195 0.451887 0.579387 0.450210 0.579368 0.447262 0.575752 0.447466 0.573963 0.445992 0.572155 0.446809 0.564998
0 0.907472 0.591639 0.906859 0.597007 0.911281 0.602431 0.912959 0.602449 0.914433 0.604258 0.921144 0.604333 0.918898 0.624013 0.912186 0.623938 0.908422 0.627479 0.907809 0.632847 0.894385 0.632698 0.894998 0.627329 0.890578 0.621906 0.890782 0.620116 0.887833 0.616501 0.886156 0.616482 0.883208 0.612866 0.881530 0.612847 0.880057 0.611039 0.878378 0.611020 0.876905 0.609213 0.875228 0.609194 0.873754 0.607385 0.872075 0.607367 0.872688 0.602000 0.876453 0.598459 0.877270 0.591302
0 0.892219 0.269004 0.890789 0.281529 0.885755 0.281473 0.883873 0.283243 0.882195 0.283224 0.880313 0.284995 0.876957 0.284958 0.875074 0.286728 0.856618 0.286521 0.854736 0.288291 0.853057 0.288273 0.851175 0.290044 0.850562 0.295411 0.843851 0.295336 0.844464 0.289969 0.842990 0.288160 0.841311 0.288141 0.839838 0.286334 0.838160 0.286315 0.833739 0.280892 0.833943 0.279102 0.832470 0.277294 0.832674 0.275505 0.831200 0.273697 0.826167 0.273641 0.826779 0.268274
0 0.662448 0.574572 0.658976 0.604987 0.652264 0.604913 0.646617 0.610224 0.644940 0.610206 0.637411 0.617288 0.635734 0.617269 0.628204 0.624351 0.627591 0.629719 0.604101 0.629456 0.604918 0.622299 0.587233 0.600605 0.580520 0.600530 0.581337 0.593373 0.586372 0.593429 0.593901 0.586346 0.595579 0.586365 0.597461 0.584595 0.599138 0.584614 0.601021 0.582844 0.604377 0.582881 0.608141 0.579339 0.608754 0.573972
0 1.000000 0.721829 1.000000 0.746877 1.000000 0.746802 0.998158 0.753884 0.994802 0.753847 0.992919 0.755617 0.974462 0.755411 0.972988 0.753603 0.956209 0.753416 0.954735 0.751607 0.953058 0.751589 0.951584 0.749781 0.949906 0.749762 0.945485 0.744338 0.943806 0.744319 0.942333 0.742512 0.942537 0.740723 0.944419 0.738952 0.944827 0.735374 0.946506 0.735393 0.948389 0.733622 0.950066 0.733641 0.951949 0.731871 0.956982 0.731927 0.958864 0.730157 0.962220 0.730194 0.965984 0.726652 0.966597 0.721285
0 0.520443 0.229024 0.518401 0.246916 0.513367 0.246860 0.511485 0.248629 0.509808 0.248611 0.507925 0.250382 0.506246 0.250363 0.504365 0.252133 0.502687 0.252114 0.498923 0.255655 0.497244 0.255636 0.482187 0.269800 0.481983 0.271590 0.474454 0.278672 0.473841 0.284039 0.455384 0.283833 0.455997 0.278466 0.453049 0.274850 0.451371 0.274831 0.449898 0.273022 0.448220 0.273004 0.446745 0.271196 0.445068 0.271178 0.443594 0.269369 0.436882 0.269294 0.438516 0.254981 0.445228 0.255056 0.454639 0.246204 0.456316 0.246223 0.461963 0.240912 0.463641 0.240931 0.469288 0.235619 0.470105 0.228462
0 0.448952 0.443202 0.446910 0.461094 0.440198 0.461019 0.438315 0.462789 0.433282 0.462733 0.431399 0.464504 0.430787 0.469871 0.419042 0.469740 0.419654 0.464373 0.418181 0.462564 0.413147 0.462508 0.411674 0.460701 0.408318 0.460663 0.405369 0.457047 0.403692 0.457029 0.403896 0.455240 0.400949 0.451623 0.395915 0.451567 0.396936 0.442621
0 0.372848 0.521177 0.370193 0.544437 0.363481 0.544362 0.352188 0.554985 0.350510 0.554966 0.348628 0.556736 0.346949 0.556717 0.345068 0.558487 0.341712 0.558450 0.339830 0.560221 0.314660 0.559940 0.313186 0.558131 0.309830 0.558094 0.308357 0.556287 0.305001 0.556249 0.303527 0.554442 0.301849 0.554423 0.300376 0.552614 0.297020 0.552577 0.295546 0.550770 0.293868 0.550751 0.292395 0.548942 0.290717 0.548924 0.289243 0.547115 0.284210 0.547059 0.285027 0.539902 0.291738 0.539977 0.297384 0.534666 0.299063 0.534685 0.300945 0.532914 0.302623 0.532933 0.306386 0.529392 0.308065 0.529411 0.311829 0.525871 0.312442 0.520503
0 0.752793 0.489590 0.750751 0.507482 0.744039 0.507407 0.742156 0.509177 0.740479 0.509158 0.738597 0.510929 0.736919 0.510910 0.733154 0.514451 0.731477 0.514432 0.729594 0.516203 0.727916 0.516185 0.726034 0.517955 0.725421 0.523322 0.706963 0.523116 0.707576 0.517749 0.706103 0.515941 0.704425 0.515922 0.701478 0.512307 0.699799 0.512288 0.695378 0.506864 0.693700 0.506845 0.690753 0.503229 0.685720 0.503173 0.687354 0.488859
0 0.710360 0.331467 0.708726 0.345780 0.702014 0.345705 0.700133 0.347475 0.698454 0.347456 0.694690 0.350998 0.693011 0.350980 0.691129 0.352750 0.690517 0.358117 0.673737 0.357929 0.674554 0.350774 0.668659 0.343541 0.663625 0.343485 0.665055 0.330961
0 0.809755 0.461562 0.807304 0.483033 0.798914 0.482939 0.795150 0.486480 0.790116 0.486424 0.788235 0.488194 0.783200 0.488137 0.781318 0.489908 0.780705 0.495276 0.781318 0.489908 0.779844 0.488100 0.778166 0.488081 0.776693 0.486274 0.773337 0.486236 0.771864 0.484429 0.770185 0.484410 0.768712 0.482602 0.767034 0.482583 0.765559 0.480776 0.765764 0.478986 0.764290 0.477179 0.765107 0.470021 0.766989 0.468251 0.767806 0.461094
0 0.668631 0.402660 0.666793 0.418762 0.660081 0.418687 0.658200 0.420458 0.656521 0.420439 0.654639 0.422210 0.653822 0.429366 0.635365 0.429160 0.635977 0.423793 0.634503 0.421985 0.627792 0.421910 0.630039 0.402229
0 0.995763 0.657118 0.993516 0.676800 0.983449 0.676687 0.981566 0.678457 0.980953 0.683824 0.979276 0.683805 0.979889 0.678438 0.978415 0.676631 0.975060 0.676594 0.973585 0.674785 0.970229 0.674748 0.968755 0.672939 0.967078 0.672920 0.964130 0.669306 0.964539 0.665727 0.963066 0.663919 0.963882 0.656762
0 0.980417 0.850426 0.978171 0.870106 0.959713 0.869900 0.960325 0.864533 0.958852 0.862724 0.953819 0.862668 0.955248 0.850144
0 0.804545 0.404177 0.803932 0.409545 0.808354 0.414968 0.815065 0.415043 0.812410 0.438302 0.793953 0.438096 0.794566 0.432729 0.793092 0.430921 0.789736 0.430883 0.788262 0.429076 0.781551 0.429001 0.780077 0.427194 0.778399 0.427175 0.776925 0.425366 0.775248 0.425348 0.772299 0.421732 0.772503 0.419942 0.769556 0.416326 0.770986 0.403802
0 0.364390 0.771889 0.362144 0.791569 0.338652 0.791307 0.339469 0.784150 0.337996 0.782343 0.331284 0.782268 0.332510 0.771533
0 0.809355 0.877179 0.806291 0.904016 0.784478 0.903773 0.785091 0.898406 0.780669 0.892982 0.775636 0.892925 0.777474 0.876823
0 0.870690 0.634224 0.868443 0.653904 0.849985 0.653698 0.852232 0.634018
0 0.597252 0.380365 0.595006 0.400046 0.584938 0.399933 0.583465 0.398126 0.573396 0.398013 0.571923 0.396205 0.570245 0.396186 0.568771 0.394379 0.563738 0.394323 0.565372 0.380009
0 0.940611 0.728161 0.938364 0.747843 0.906483 0.747487 0.908730 0.727805
0 0.449481 0.615189 0.447439 0.633081 0.432337 0.632913 0.430863 0.631104 0.427507 0.631067 0.421612 0.623836 0.416579 0.623780 0.417600 0.614833
0 0.766681 0.367925 0.765047 0.382238 0.756657 0.382145 0.754775 0.383915 0.746386 0.383821 0.741964 0.378398 0.742169 0.376609 0.739221 0.372993 0.734188 0.372937 0.734801 0.367569
0 0.307540 0.563443 0.306927 0.568810 0.308401 0.570619 0.313435 0.570675 0.311188 0.590357 0.279308 0.590001 0.280125 0.582843 0.278651 0.581035 0.276972 0.581017 0.275499 0.579209 0.273820 0.579191 0.270874 0.575574 0.269196 0.575555 0.267721 0.573747 0.264367 0.573710 0.262892 0.571903 0.259536 0.571865 0.258062 0.570057 0.256385 0.570038 0.254912 0.568229 0.255524 0.562862
0 0.811165 0.920195 0.808918 0.939875 0.802206 0.939800 0.802819 0.934433 0.801345 0.932625 0.794633 0.932550 0.793160 0.930742 0.789804 0.930705 0.786856 0.927089 0.787673 0.919932
0 0.518409 0.658954 0.516162 0.678635 0.497704 0.678429 0.499951 0.658748
0 0.280405 0.742287 0.278158 0.761968 0.258023 0.761743 0.258635 0.756376 0.257161 0.754568 0.255484 0.754549 0.249589 0.747317 0.250202 0.741950
0 1.000000 0.721829 1.000000 0.746877 1.000000 0.746802 1.000000 0.752113 0.998362 0.752095 0.996479 0.753865 0.991446 0.753809 0.989565 0.755579 0.982853 0.755504 0.981378 0.753697 0.957887 0.753435 0.956413 0.751626 0.953058 0.751589 0.950110 0.747974 0.948432 0.747955 0.946959 0.746147 0.940246 0.746072 0.941471 0.735337 0.946506 0.735393 0.948389 0.733622 0.951744 0.733659 0.953626 0.731889 0.956982 0.731927 0.958864 0.730157 0.962220 0.730194 0.965984 0.726652 0.966597 0.721285
0 0.327563 0.800141 0.325317 0.819822 0.306859 0.819615 0.307471 0.814248 0.300103 0.805209 0.295070 0.805153 0.295683 0.799785
0 0.232893 0.569776 0.231464 0.582300 0.219719 0.582168 0.218244 0.580361 0.214889 0.580324 0.213415 0.578516 0.206702 0.578441 0.207724 0.569495
0 0.893340 0.906780 0.891910 0.919305 0.886876 0.919249 0.885403 0.917441 0.878691 0.917366 0.877217 0.915558 0.875539 0.915539 0.872592 0.911923 0.867559 0.911866 0.868171 0.906499
0 0.372960 0.284704 0.369692 0.313331 0.362981 0.313256 0.357335 0.318567 0.356518 0.325724 0.334704 0.325480 0.335316 0.320113 0.332369 0.316498 0.329013 0.316460 0.327540 0.314653 0.324184 0.314615 0.318289 0.307382 0.316611 0.307364 0.313663 0.303748 0.314072 0.300171 0.312599 0.298362 0.312803 0.296573 0.316566 0.293033 0.318245 0.293051 0.322009 0.289509 0.322622 0.284142
0 0.959275 0.388042 0.958662 0.393410 0.964557 0.400641 0.966234 0.400660 0.970656 0.406083 0.977368 0.406158 0.973896 0.436575 0.963828 0.436463 0.961946 0.438233 0.945167 0.438045 0.941402 0.441586 0.940380 0.450533 0.918567 0.450289 0.919384 0.443132 0.916437 0.439517 0.914760 0.439498 0.911812 0.435882 0.910134 0.435863 0.905713 0.430439 0.904035 0.430420 0.896667 0.421381 0.889955 0.421306 0.892201 0.401624 0.898913 0.401699 0.904559 0.396389 0.904764 0.394599 0.906645 0.392829 0.907258 0.387461
0 0.337943 0.355972 0.336514 0.368497 0.328124 0.368403 0.326242 0.370173 0.325629 0.375540 0.313883 0.375409 0.314496 0.370042 0.311549 0.366426 0.304838 0.366351 0.306063 0.355616
0 0.713515 0.539313 0.711677 0.555416 0.704965 0.555341 0.703083 0.557111 0.698049 0.557055 0.696168 0.558826 0.692812 0.558788 0.691338 0.556980 0.687982 0.556942 0.686507 0.555135 0.679797 0.555060 0.681635 0.538957
0 0.114600 0.296151 0.113987 0.301518 0.116935 0.305134 0.121969 0.305190 0.120131 0.321294 0.106707 0.321144 0.104824 0.322914 0.094757 0.322801 0.093283 0.320994 0.089928 0.320956 0.088454 0.319148 0.086776 0.319129 0.085302 0.317322 0.083624 0.317303 0.082151 0.315495 0.080473 0.315476 0.077525 0.311861 0.069135 0.311768 0.070973 0.295664
0 0.529318 0.386772 0.527071 0.406454 0.506936 0.406229 0.507753 0.399071 0.506278 0.397264 0.506483 0.395474 0.505009 0.393667 0.505826 0.386510
0 0.428929 0.206504 0.427091 0.222607 0.422058 0.222550 0.420175 0.224321 0.400040 0.224097 0.398565 0.222288 0.396888 0.222269 0.395415 0.220462 0.388703 0.220387 0.390337 0.206074
0 0.327611 0.269866 0.325569 0.287758 0.320536 0.287702 0.318653 0.289472 0.316975 0.289453 0.315093 0.291224 0.314480 0.296592 0.304412 0.296480 0.305025 0.291112 0.302078 0.287496 0.300399 0.287477 0.295979 0.282053 0.297408 0.269529
0 0.720291 0.833189 0.718861 0.845714 0.712150 0.845639 0.710677 0.843831 0.705642 0.843775 0.704168 0.841967 0.694101 0.841855 0.695122 0.832908
0 0.643770 0.502704 0.642545 0.513440 0.635833 0.513365 0.633951 0.515136 0.632273 0.515117 0.630391 0.516887 0.629779 0.522254 0.628100 0.522235 0.628713 0.516868 0.627239 0.515061 0.623883 0.515023 0.622410 0.513215 0.617376 0.513159 0.618602 0.502423
0 0.535100 0.630477 0.532854 0.650157 0.514397 0.649951 0.516643 0.630271
0 0.862232 0.884935 0.859985 0.904616 0.844883 0.904447 0.845496 0.899080 0.842550 0.895464 0.835838 0.895389 0.837063 0.884654
0 1.000000 0.549692 0.999876 0.562217 0.981418 0.562010 0.982848 0.549486
0 0.236273 0.304676 0.233210 0.331514 0.224821 0.331421 0.221056 0.334961 0.219378 0.334943 0.217495 0.336713 0.215818 0.336694 0.212053 0.340235 0.211849 0.342023 0.206203 0.347335 0.205590 0.352702 0.180421 0.352421 0.181033 0.347054 0.179560 0.345247 0.171170 0.345153 0.169696 0.343345 0.164662 0.343289 0.163189 0.341480 0.159832 0.341443 0.156886 0.337827 0.155207 0.337808 0.152260 0.334193 0.150581 0.334175 0.147635 0.330559 0.140923 0.330484 0.142761 0.314381 0.149473 0.314455 0.155119 0.309145 0.155732 0.303777
0 0.594978 0.459164 0.592731 0.478846 0.572596 0.478621 0.573413 0.471463 0.571940 0.469656 0.570261 0.469637 0.567314 0.466021 0.562279 0.465965 0.563096 0.458808
0 0.361611 0.413563 0.360998 0.418932 0.363946 0.422547 0.365624 0.422566 0.367097 0.424373 0.368775 0.424392 0.370249 0.426200 0.376961 0.426275 0.374510 0.447745 0.367798 0.447670 0.365915 0.449441 0.364238 0.449422 0.360474 0.452963 0.358795 0.452944 0.351267 0.460026 0.349589 0.460007 0.347706 0.461777 0.337639 0.461665 0.336165 0.459858 0.331131 0.459801 0.329658 0.457994 0.327980 0.457975 0.323559 0.452551 0.321880 0.452532 0.320407 0.450724 0.318730 0.450705 0.317255 0.448898 0.315577 0.448879 0.314104 0.447070 0.312426 0.447052 0.310952 0.445244 0.309275 0.445226 0.307800 0.443418 0.306122 0.443399 0.304649 0.441591 0.296260 0.441497 0.297689 0.428972 0.302723 0.429029 0.308369 0.423718 0.308573 0.421929 0.312338 0.418388 0.312951 0.413020
0 0.728749 0.582478 0.727319 0.595003 0.702150 0.594722 0.703579 0.582197
0 0.562412 0.508962 0.560165 0.528644 0.534997 0.528363 0.537243 0.508681
0 0.443298 0.787101 0.441051 0.806783 0.424271 0.806596 0.424884 0.801227 0.421937 0.797612 0.416903 0.797555 0.418128 0.786820
0 0.499731 0.587087 0.498302 0.599612 0.488234 0.599499 0.489664 0.586974
0 0.531945 0.422631 0.529698 0.442313 0.507884 0.442069 0.508497 0.436701 0.505551 0.433085 0.498839 0.433010 0.500064 0.422275
0 0.560025 0.824234 0.558596 0.836758 0.548528 0.836645 0.549957 0.824122
0 0.119722 0.324872 0.116454 0.353499 0.109743 0.353424 0.105978 0.356965 0.104301 0.356946 0.100535 0.360487 0.098858 0.360469 0.091329 0.367550 0.090717 0.372917 0.085683 0.372861 0.086296 0.367494 0.083348 0.363878 0.081670 0.363860 0.078723 0.360244 0.080356 0.345930 0.095414 0.331767 0.096231 0.324610
0 0.223266 0.712986 0.222041 0.723721 0.215329 0.723646 0.213447 0.725416 0.208413 0.725360 0.206939 0.723552 0.205261 0.723534 0.203788 0.721726 0.197076 0.721651 0.198098 0.712705
0 1.000000 0.600613 1.000000 0.614927 1.000000 0.614852 1.000000 0.618393 1.000000 0.618374 1.000000 0.623686 1.000000 0.623667 1.000000 0.630749 1.000000 0.632538 1.000000 0.639620 1.000000 0.641409 1.000000 0.646720 1.000000 0.646626 1.000000 0.644818 1.000000 0.644780 1.000000 0.642973 1.000000 0.642936 1.000000 0.641128 1.000000 0.641091 1.000000 0.639282 0.999484 0.639245 0.998010 0.637436 0.994654 0.637399 0.993180 0.635592 0.989824 0.635554 0.988350 0.633747 0.986672 0.633728 0.985199 0.631919 0.980165 0.631863 0.978691 0.630056 0.975335 0.630018 0.973861 0.628210 0.972184 0.628191 0.970710 0.626383 0.967355 0.626345 0.964407 0.622731 0.961051 0.622693 0.959577 0.620885 0.957899 0.620866 0.956425 0.619057 0.954747 0.619039 0.953274 0.617231 0.948240 0.617175 0.950283 0.599283
0 0.492090 0.830641 0.490865 0.841377 0.470730 0.841152 0.469256 0.839344 0.467578 0.839326 0.466105 0.837517 0.459393 0.837442 0.460210 0.830286
0 0.640326 0.474002 0.638488 0.490105 0.633455 0.490048 0.631572 0.491819 0.628216 0.491782 0.626334 0.493553 0.624656 0.493534 0.622774 0.495304 0.622161 0.500671 0.617128 0.500615 0.617740 0.495248 0.616267 0.493440 0.614588 0.493422 0.608694 0.486189 0.608898 0.484400 0.607425 0.482593 0.607629 0.480803 0.606155 0.478996 0.601121 0.478940 0.601734 0.473571
0 0.873429 0.433610 0.871182 0.453290 0.864471 0.453215 0.860706 0.456756 0.859029 0.456738 0.853382 0.462049 0.852769 0.467417 0.844380 0.467323 0.844992 0.461956 0.843518 0.460148 0.843723 0.458359 0.840775 0.454743 0.839097 0.454724 0.831729 0.445685 0.826695 0.445629 0.828125 0.433104
0 0.957591 0.520540 0.956365 0.531275 0.946298 0.531163 0.944824 0.529354 0.938113 0.529279 0.939134 0.520334
0 0.502534 0.680275 0.500288 0.699956 0.490220 0.699844 0.490833 0.694476 0.487885 0.690860 0.482852 0.690804 0.484078 0.680068
0 0.509887 0.615864 0.507640 0.635545 0.492539 0.635377 0.493152 0.630009 0.491678 0.628201 0.490000 0.628183 0.484106 0.620950 0.484718 0.615583
0 0.291553 0.821237 0.289307 0.840918 0.269171 0.840693 0.269784 0.835325 0.268311 0.833517 0.268515 0.831728 0.265568 0.828112 0.266385 0.820955
0 0.601049 0.523725 0.599415 0.538039 0.591025 0.537945 0.587260 0.541486 0.585583 0.541467 0.581818 0.545008 0.581206 0.550375 0.572816 0.550281 0.573428 0.544914 0.570481 0.541298 0.568803 0.541280 0.567330 0.539472 0.560618 0.539397 0.562457 0.523294
0 0.822714 0.583527 0.820467 0.603209 0.795299 0.602928 0.797545 0.583246
0 0.728749 0.582478 0.727319 0.595003 0.702150 0.594722 0.703579 0.582197
0 0.372848 0.521177 0.370397 0.542647 0.365364 0.542591 0.363481 0.544362 0.361803 0.544344 0.359921 0.546113 0.359717 0.547902 0.355952 0.551444 0.354274 0.551425 0.348628 0.556736 0.345272 0.556699 0.343389 0.558469 0.338356 0.558412 0.336473 0.560183 0.331440 0.560127 0.329967 0.558319 0.328288 0.558300 0.326406 0.560071 0.314660 0.559940 0.313186 0.558131 0.308153 0.558075 0.306680 0.556268 0.305001 0.556249 0.303527 0.554442 0.301849 0.554423 0.300376 0.552614 0.298698 0.552596 0.297225 0.550788 0.295546 0.550770 0.294072 0.548961 0.292395 0.548942 0.289447 0.545327 0.284414 0.545270 0.284822 0.541692 0.289856 0.541748 0.293620 0.538207 0.295297 0.538226 0.300945 0.532914 0.302623 0.532933 0.304505 0.531163 0.306182 0.531182 0.311829 0.525871 0.312442 0.520503
0 0.101813 0.776123 0.100384 0.788647 0.081926 0.788440 0.083355 0.775917
0 0.412302 0.528784 0.410055 0.548464 0.394953 0.548295 0.395566 0.542928 0.391145 0.537505 0.386112 0.537449 0.387133 0.528503
0 0.873429 0.433610 0.871182 0.453290 0.866148 0.453234 0.864266 0.455005 0.862588 0.454986 0.858825 0.458527 0.857146 0.458509 0.853382 0.462049 0.852769 0.467417 0.844380 0.467323 0.844992 0.461956 0.843518 0.460148 0.843723 0.458359 0.840775 0.454743 0.839097 0.454724 0.833202 0.447492 0.826491 0.447417 0.828125 0.433104
0 0.625445 0.545495 0.623198 0.565177 0.604741 0.564971 0.606987 0.545289
0 0.155331 0.719393 0.153902 0.731918 0.147190 0.731843 0.145308 0.733613 0.144695 0.738981 0.134628 0.738869 0.135241 0.733501 0.130819 0.728077 0.129141 0.728059 0.127667 0.726250 0.122633 0.726194 0.123450 0.719037
0 0.601289 0.874856 0.599043 0.894537 0.582263 0.894349 0.582876 0.888982 0.579928 0.885366 0.574895 0.885310 0.576120 0.874575
0 0.357150 0.599827 0.354903 0.619507 0.334768 0.619282 0.335380 0.613915 0.330959 0.608492 0.324248 0.608417 0.325269 0.599471
0 0.161162 0.432823 0.159528 0.447137 0.154494 0.447080 0.152612 0.448850 0.140867 0.448719 0.139393 0.446912 0.137714 0.446893 0.134768 0.443277 0.133090 0.443258 0.131615 0.441451 0.129938 0.441432 0.126990 0.437816 0.127603 0.432448
0 0.987039 0.925084 0.985609 0.937608 0.968830 0.937421 0.970259 0.924897
0 0.072451 0.503491 0.070613 0.519594 0.062223 0.519500 0.060341 0.521271 0.048595 0.521140 0.045648 0.517524 0.038936 0.517449 0.040570 0.503135
0 0.185270 0.633737 0.183841 0.646261 0.173773 0.646148 0.171891 0.647919 0.171279 0.653286 0.167922 0.653249 0.168534 0.647882 0.167061 0.646073 0.165383 0.646055 0.163909 0.644247 0.162232 0.644229 0.159283 0.640613 0.152573 0.640538 0.153390 0.633381
0 0.337367 0.714260 0.335937 0.726784 0.319158 0.726596 0.320587 0.714072
0 0.640326 0.474002 0.638488 0.490105 0.633455 0.490048 0.631572 0.491819 0.628216 0.491782 0.626334 0.493553 0.624656 0.493534 0.622774 0.495304 0.622161 0.500671 0.613772 0.500577 0.614384 0.495210 0.611437 0.491595 0.611641 0.489805 0.608694 0.486189 0.609102 0.482612 0.607629 0.480803 0.608446 0.473646
0 0.179087 0.805649 0.176840 0.825330 0.163417 0.825180 0.164029 0.819813 0.158135 0.812581 0.153101 0.812525 0.153918 0.805368
0 0.759040 0.611480 0.757406 0.625793 0.750695 0.625718 0.743166 0.632800 0.742553 0.638168 0.722418 0.637943 0.723030 0.632575 0.715661 0.623535 0.717544 0.621765 0.717953 0.618187 0.719835 0.616416 0.720448 0.611049
0 0.950879 0.520465 0.949449 0.532990 0.939382 0.532878 0.940811 0.520353
0 0.578527 0.838772 0.577097 0.851297 0.551927 0.851016 0.553357 0.838491
0 0.220992 0.791785 0.219562 0.804310 0.201105 0.804104 0.202535 0.791579
0 0.791958 0.676340 0.789712 0.696021 0.769577 0.695796 0.770189 0.690429 0.768715 0.688620 0.768919 0.686832 0.767446 0.685024 0.767650 0.683235 0.766177 0.681426 0.766790 0.676059
0 0.578575 0.308498 0.576124 0.329968 0.569412 0.329893 0.567530 0.331664 0.567326 0.333453 0.565443 0.335224 0.565239 0.337012 0.563357 0.338783 0.563152 0.340572 0.561271 0.342342 0.561066 0.344132 0.559185 0.345901 0.558981 0.347691 0.557098 0.349462 0.556894 0.351251 0.555012 0.353022 0.554808 0.354811 0.551042 0.358351 0.550430 0.363718 0.538685 0.363587 0.539297 0.358220 0.536350 0.354604 0.532994 0.354567 0.531521 0.352760 0.528164 0.352722 0.526691 0.350914 0.523335 0.350876 0.521861 0.349069 0.520183 0.349050 0.518709 0.347242 0.517031 0.347223 0.515558 0.345414 0.508846 0.345339 0.509459 0.339972 0.514492 0.340029 0.520138 0.334718 0.521817 0.334737 0.527464 0.329425 0.529141 0.329443 0.536670 0.322362 0.538348 0.322380 0.543995 0.317069 0.545673 0.317088 0.547555 0.315317 0.548372 0.308160
0 0.416274 0.729473 0.414028 0.749153 0.398926 0.748985 0.399743 0.741829 0.398269 0.740020 0.398474 0.738231 0.397000 0.736423 0.397817 0.729267
0 0.875415 0.533954 0.873169 0.553635 0.848000 0.553354 0.850247 0.533673
0 0.581907 0.573673 0.580068 0.589776 0.573357 0.589701 0.571475 0.591471 0.571271 0.593260 0.563741 0.600342 0.563537 0.602131 0.557891 0.607442 0.557074 0.614599 0.541972 0.614430 0.542584 0.609063 0.539638 0.605447 0.534604 0.605391 0.533130 0.603582 0.531452 0.603564 0.529979 0.601756 0.528300 0.601738 0.526827 0.599930 0.520115 0.599855 0.521137 0.590909 0.526170 0.590965 0.529934 0.587424 0.531613 0.587443 0.533494 0.585672 0.535172 0.585690 0.540819 0.580380 0.541636 0.573223
0 0.560025 0.824234 0.558800 0.834969 0.553765 0.834913 0.550818 0.831297 0.549141 0.831278 0.547667 0.829470 0.540955 0.829395 0.541567 0.824028
0 0.165487 0.748170 0.163036 0.769640 0.156325 0.769566 0.148796 0.776647 0.148183 0.782014 0.133081 0.781846 0.133898 0.774690 0.132425 0.772882 0.132629 0.771092 0.131156 0.769284 0.131564 0.765706 0.133446 0.763936 0.134263 0.756779 0.136145 0.755008 0.136962 0.747852
0 0.035801 0.589073 0.034371 0.601597 0.017592 0.601409 0.019021 0.588885
0 0.553778 0.702344 0.552553 0.713080 0.542485 0.712967 0.538720 0.716508 0.538108 0.721875 0.519650 0.721669 0.521896 0.701988
0 0.601049 0.523725 0.599415 0.538039 0.592703 0.537964 0.590820 0.539735 0.589143 0.539716 0.587260 0.541486 0.585583 0.541467 0.583700 0.543237 0.582023 0.543218 0.580141 0.544989 0.579528 0.550356 0.572816 0.550281 0.573428 0.544914 0.570481 0.541298 0.568803 0.541280 0.567330 0.539472 0.560618 0.539397 0.562457 0.523294
0 0.386448 0.578656 0.384610 0.594758 0.377898 0.594683 0.376015 0.596454 0.365947 0.596342 0.364474 0.594533 0.361118 0.594496 0.359645 0.592689 0.356288 0.592651 0.354815 0.590844 0.353137 0.590825 0.351663 0.589016 0.346630 0.588960 0.347855 0.578225
0 0.748132 0.883661 0.746702 0.896185 0.721533 0.895904 0.722963 0.883380
0 0.941540 0.484531 0.939498 0.502423 0.924396 0.502255 0.922922 0.500447 0.919567 0.500410 0.916619 0.496794 0.916823 0.495004 0.915350 0.493196 0.908639 0.493121 0.909660 0.484175
0 0.699980 0.775636 0.696916 0.802473 0.666713 0.802136 0.667530 0.794979 0.663108 0.789556 0.663517 0.785977 0.662044 0.784169 0.663065 0.775223
0 0.115481 0.582797 0.114868 0.588165 0.117816 0.591779 0.119494 0.591798 0.120967 0.593607 0.122645 0.593625 0.124120 0.595434 0.127476 0.595471 0.128949 0.597279 0.130626 0.597297 0.133575 0.600913 0.135252 0.600932 0.138200 0.604548 0.139877 0.604567 0.141351 0.606375 0.148063 0.606450 0.144591 0.636866 0.137879 0.636791 0.128469 0.645642 0.126790 0.645624 0.124908 0.647395 0.121553 0.647357 0.119670 0.649128 0.116314 0.649091 0.114431 0.650861 0.111077 0.650823 0.109194 0.652593 0.107515 0.652574 0.105634 0.654345 0.105021 0.659714 0.058038 0.659189 0.058651 0.653821 0.057177 0.652012 0.055500 0.651994 0.054026 0.650186 0.050670 0.650149 0.049196 0.648341 0.047518 0.648323 0.046045 0.646514 0.042689 0.646477 0.038268 0.641053 0.036590 0.641035 0.021852 0.622956 0.020175 0.622937 0.015753 0.617512 0.014076 0.617494 0.011127 0.613878 0.011332 0.612089 0.008385 0.608472 0.012149 0.604932 0.012353 0.603143 0.014236 0.601372 0.031015 0.601559 0.032898 0.599789 0.034575 0.599808 0.042104 0.592726 0.043782 0.592745 0.049428 0.587434 0.050041 0.582066
0 0.545608 0.773912 0.544383 0.784647 0.534315 0.784535 0.532842 0.782726 0.526129 0.782651 0.527150 0.773706
0 0.227639 0.498058 0.225393 0.517739 0.200224 0.517458 0.201041 0.510302 0.199567 0.508494 0.197888 0.508475 0.194942 0.504859 0.188230 0.504784 0.189047 0.497627
0 0.411196 0.715084 0.408950 0.734766 0.350221 0.734110 0.352468 0.714428
0 0.895124 0.808338 0.889076 0.801607 0.879707 0.799079 0.872470 0.797788 0.858217 0.798234 0.853198 0.802418 0.854913 0.807283 0.865984 0.809828 0.868407 0.813491 0.875214 0.813567 0.890241 0.811311
0 0.877977 0.535579 0.882031 0.539863 0.892035 0.541793 0.895440 0.541831 0.899496 0.546115 0.898790 0.547320 0.891360 0.552687 0.885188 0.552013 0.876872 0.545257 0.876441 0.544040
0 0.906133 0.468054 0.914782 0.466939 0.923874 0.471885 0.917372 0.479083 0.909652 0.482023 0.904531 0.477121
0 0.885476 0.345470 0.858230 0.340321 0.826391 0.340571 0.788410 0.349838 0.763323 0.355614 0.769249 0.368402 0.786437 0.377073 0.798366 0.382051 0.825167 0.381139 0.847432 0.380177 0.872556 0.364104
0 0.890621 0.335231 0.885539 0.320031 0.874676 0.315670 0.853034 0.311189 0.834258 0.316432 0.819039 0.325346 0.817243 0.341075 0.818378 0.341087
0 0.775307 0.539277 0.787940 0.543052 0.791995 0.547339 0.786129 0.553936 0.773926 0.551376 0.769870 0.547092
0 0.779766 0.559922 0.793588 0.558259 0.802597 0.558965 0.805877 0.565059 0.801492 0.568643 0.788291 0.564862 0.780762 0.561144
0 0.617180 0.750114 0.603287 0.752383 0.579668 0.750301 0.559382 0.748864 0.542347 0.743827 0.528869 0.742466 0.523570 0.749069 0.522742 0.756329 0.529082 0.765485 0.541799 0.773503 0.551320 0.779665 0.560552 0.783401 0.574650 0.779319 0.591004 0.770416 0.610693 0.762156 0.616268 0.753133
0 0.669504 0.654998 0.676811 0.655685 0.683121 0.655150 0.686594 0.654583 0.689859 0.655831 0.687121 0.664885 0.684215 0.665458 0.668330 0.665281 0.667970 0.663459
0 0.615604 0.699217 0.619783 0.697447 0.626729 0.696314 0.628723 0.698758 0.628599 0.704814 0.620880 0.707757 0.614208 0.706471
0 0.639586 0.518986 0.645842 0.523901 0.651445 0.524569 0.656414 0.525836 0.658767 0.530102 0.659058 0.532528 0.651408 0.534866 0.645235 0.534191 0.640905 0.532325 0.638481 0.528665 0.639034 0.523825
0 0.529304 0.768516 0.521292 0.769032 0.517031 0.766561 0.513336 0.764098 0.509861 0.764665 0.505199 0.770670 0.505492 0.773097 0.510474 0.779209 0.516645 0.779884 0.521461 0.777514
0 0.484128 0.721373 0.494326 0.716641 0.497232 0.716068 0.503059 0.719766 0.502590 0.728847 0.497345 0.729999 0.490400 0.731134 0.485294 0.731077 0.483285 0.723786
0 0.490342 0.781407 0.476074 0.777008 0.462459 0.776856 0.456303 0.781027 0.460733 0.791979 0.468704 0.801760 0.476011 0.802447 0.486898 0.791665 0.491407 0.782024
0 0.464753 0.761739 0.468930 0.759967 0.476943 0.759451 0.479363 0.763114 0.479518 0.766748 0.476903 0.769748 0.471160 0.770290 0.466622 0.770239 0.464201 0.766577
0 0.428004 0.710449 0.433608 0.711117 0.442893 0.709404 0.454116 0.715586 0.453066 0.719813 0.444639 0.723960 0.438965 0.723897 0.431591 0.723815 0.424974 0.717078
0 0.500350 0.484722 0.491189 0.480381 0.483951 0.479088 0.477075 0.479617 0.476936 0.480828 0.480218 0.486922 0.482348 0.488156 0.489518 0.490052 0.497306 0.486506
0 0.412045 0.501908 0.403812 0.499392 0.394734 0.499291 0.387360 0.499209 0.383694 0.506437 0.386753 0.509500 0.393920 0.511396 0.398528 0.510842 0.403344 0.508473
0 0.414323 0.666079 0.415787 0.658222 0.407372 0.642379 0.402680 0.638692 0.386073 0.634874 0.373455 0.635944 0.360146 0.643063 0.353659 0.655105 0.355805 0.661186 0.364399 0.665522 0.378582 0.665680 0.400140 0.665921
0 0.282166 0.674295 0.288668 0.667100 0.285856 0.651925 0.278037 0.645782 0.269236 0.643259 0.256755 0.643119 0.236454 0.636837 0.228082 0.635531 0.217885 0.640264 0.210816 0.647453 0.211052 0.655331 0.219715 0.659061 0.232627 0.660416 0.247376 0.660581 0.254767 0.665508 0.259819 0.671017 0.267775 0.675952 0.282249 0.678537
0 0.271845 0.685084 0.262908 0.683771 0.258369 0.683720 0.253707 0.689726 0.260169 0.692827 0.265274 0.692884 0.275043 0.686936
0 0.192709 0.731445 0.195032 0.726019 0.192111 0.721746 0.183172 0.720436 0.175948 0.723989 0.175620 0.731859 0.181515 0.734954 0.188599 0.732609
0 0.217567 0.767459 0.221800 0.760238 0.217025 0.752309 0.204459 0.747930 0.191481 0.747180 0.183039 0.746480 0.168734 0.752376 0.167614 0.757209 0.172044 0.768161 0.180706 0.771892 0.189216 0.771987 0.198363 0.771484 0.211549 0.770421
0 0.175217 0.785156 0.181595 0.784017 0.186302 0.792550 0.181057 0.793702 0.172478 0.794212 0.169143 0.793569 0.172103 0.787545
0 0.187668 0.775605 0.193050 0.773241 0.202126 0.773342 0.208090 0.775833 0.208176 0.780072 0.206694 0.783086 0.197480 0.784194 0.193011 0.783539 0.188733 0.776223
0 0.176975 0.665245 0.181596 0.669538 0.182540 0.676211 0.177296 0.677365 0.170487 0.677289 0.169062 0.674850 0.169546 0.670614
0 0.070407 0.693129 0.079125 0.691411 0.082251 0.693869 0.084398 0.699950 0.080718 0.702331 0.074975 0.702872 0.071641 0.702230 0.069578 0.700390
0 0.067630 0.712483 0.076348 0.710763 0.083155 0.710839 0.088069 0.717556 0.089563 0.719390 0.092706 0.726693 0.090659 0.729700 0.084932 0.735086 0.084365 0.735080 0.075716 0.736196 0.066416 0.733062 0.063083 0.732419 0.060452 0.730573 0.066511 0.717316
0 0.038821 0.706104 0.045337 0.703753 0.056752 0.703275 0.059312 0.705728 0.059758 0.711789 0.055800 0.716591 0.051124 0.717749 0.045519 0.717081 0.040329 0.712784
0 0.055790 0.666923 0.064577 0.664598 0.072311 0.666502 0.072824 0.671958 0.070777 0.674963 0.066169 0.675517 0.061133 0.674855 0.058073 0.671793
0 0.021636 0.652611 0.029718 0.651488 0.035958 0.651558 0.040718 0.654640 0.040734 0.659486 0.039253 0.662497 0.033373 0.664250 0.026343 0.661142 0.024212 0.659907
0 0.072047 0.534454 0.077582 0.535728 0.084320 0.536408 0.093911 0.541966 0.092362 0.545584 0.082082 0.546075 0.069808 0.544122 0.067677 0.542885 0.067093 0.538034 0.068575 0.535020
0 0.007165 0.535547 0.021985 0.535107 0.029083 0.537610 0.033568 0.543109 0.034288 0.546752 0.032892 0.554004 0.024896 0.559367 0.012637 0.562259 0.007669 0.560993 0.005675 0.558547 0.004490 0.554292 0.005456 0.545825
0 0.018369 0.432701 0.025075 0.433382 0.029337 0.435854 0.031193 0.439507 0.031485 0.441934 0.030142 0.443736 0.026034 0.444901 0.021356 0.446062 0.019362 0.443616 0.018145 0.439361 0.018300 0.433307
0 0.078127 0.366741 0.085999 0.367436 0.085738 0.374701 0.078185 0.386124 0.052978 0.397957 0.025277 0.406734 0.022167 0.399432 0.024170 0.381887 0.043480 0.376653 0.066573 0.368430
0 0.042161 0.293655 0.058131 0.298074 0.063045 0.304792 0.060928 0.308403 0.047756 0.314313 0.032315 0.320196 0.031559 0.317159 0.033561 0.299616 0.042161 0.293655
0 0.104163 0.277993 0.115717 0.276306 0.128059 0.277654 0.139489 0.282022 0.136683 0.291683 0.127827 0.294611 0.108470 0.295001 0.103004 0.293123 0.101064 0.285228
0 0.120133 0.352068 0.132614 0.352207 0.145026 0.352951 0.146743 0.357816 0.146565 0.369323 0.136576 0.372240 0.122821 0.373298 0.117992 0.370820 0.113714 0.363504 0.118154 0.354470
1 0.745167 0.711321 0.673621 0.717238 0.718798 0.735375
1 0.107608 0.557265 0.164742 0.532714 0.120188 0.460848 0.015710 0.465557 0.007728 0.525923 0.019082 0.539485 0.039051 0.543904 0.033970 0.553923 0.052174 0.560005 0.076171 0.563631
0 0.442562 0.582311 0.430659 0.582178 0.423441 0.585728 0.427577 0.594246 0.436923 0.591930 0.444706 0.588386 0.444125 0.583536
