0 0.443483 0.283115 0.440124 0.285635 0.440088 0.288316 0.438409 0.289576 0.438355 0.293596 0.436676 0.294856 0.436640 0.297537 0.433281 0.300057 0.433227 0.304077 0.424919 0.303677 0.424973 0.299657 0.423329 0.298237 0.421667 0.298157 0.420023 0.296737 0.418362 0.296657 0.410143 0.289556 0.408481 0.289476 0.405193 0.286636 0.403532 0.286556 0.401888 0.285136 0.400226 0.285056 0.396939 0.282216 0.390292 0.281896 0.390453 0.269835 0.395438 0.270075 0.398797 0.267554 0.398815 0.266214 0.400494 0.264954 0.400512 0.263614 0.405551 0.259833 0.405569 0.258493 0.407248 0.257233 0.407266 0.255893 0.408945 0.254633 0.408963 0.253293 0.412322 0.250773 0.412340 0.249432 0.414020 0.248172 0.414038 0.246832 0.415717 0.245572 0.415789 0.240212 0.449022 0.241811 0.448468 0.283355 0.443483 0.283115
0 0.243977 0.156846 0.245639 0.156926 0.247282 0.158346 0.250606 0.158506 0.252250 0.159926 0.253911 0.160006 0.255555 0.161426 0.257217 0.161506 0.260504 0.164346 0.262166 0.164426 0.265454 0.167267 0.270438 0.167507 0.270010 0.199670 0.263363 0.199350 0.260004 0.201870 0.258342 0.201790 0.256663 0.203050 0.253340 0.202890 0.251660 0.204150 0.248337 0.203990 0.246657 0.205250 0.240011 0.204930 0.238331 0.206191 0.220053 0.205311 0.218374 0.206571 0.200095 0.205691 0.198416 0.206951 0.183461 0.206231 0.181817 0.204811 0.180156 0.204731 0.173580 0.199051 0.173598 0.197711 0.171954 0.196291 0.165308 0.195971 0.165808 0.158447 0.170793 0.158687 0.175831 0.154907 0.177493 0.154987 0.179173 0.153726 0.179244 0.148366 0.242387 0.151405 0.242333 0.155426 0.243977 0.156846
0 0.488222 0.294656 0.484863 0.297176 0.484846 0.298516 0.483166 0.299776 0.481504 0.299696 0.479825 0.300956 0.478163 0.300876 0.476484 0.302137 0.476430 0.306157 0.454829 0.305117 0.454900 0.299757 0.451613 0.296916 0.451630 0.295576 0.449987 0.294156 0.450040 0.290136 0.448396 0.288716 0.443411 0.288476 0.443769 0.261673 0.448754 0.261913 0.450433 0.260653 0.450505 0.255292 0.452184 0.254032 0.452220 0.251352 0.453899 0.250092 0.453917 0.248752 0.457276 0.246232 0.457330 0.242211 0.495548 0.244051 0.494869 0.294976 0.488222 0.294656
0 0.158679 0.194311 0.155320 0.196831 0.155267 0.200851 0.153587 0.202111 0.153533 0.206132 0.151854 0.207392 0.151836 0.208732 0.150157 0.209992 0.150121 0.212672 0.148441 0.213932 0.148423 0.215273 0.146744 0.216533 0.146708 0.219213 0.145029 0.220473 0.144993 0.223153 0.143313 0.224414 0.143296 0.225754 0.141616 0.227014 0.141580 0.229694 0.139901 0.230954 0.139883 0.232294 0.138203 0.233554 0.138186 0.234895 0.129788 0.241195 0.128144 0.239775 0.124821 0.239615 0.123177 0.238195 0.123195 0.236855 0.121551 0.235435 0.119890 0.235355 0.114958 0.231095 0.114976 0.229754 0.100182 0.216973 0.100200 0.215633 0.090337 0.207113 0.085352 0.206873 0.085566 0.190791 0.090551 0.191031 0.092231 0.189771 0.092249 0.188431 0.093928 0.187171 0.093964 0.184490 0.097323 0.181970 0.097341 0.180630 0.099020 0.179370 0.099038 0.178030 0.100718 0.176770 0.100754 0.174089 0.102433 0.172829 0.102451 0.171489 0.105810 0.168969 0.105828 0.167629 0.107507 0.166369 0.107525 0.165028 0.110884 0.162508 0.110902 0.161168 0.114261 0.158648 0.114279 0.157308 0.117638 0.154787 0.117656 0.153447 0.121015 0.150927 0.121086 0.145566 0.164289 0.147646 0.163664 0.194550 0.158679 0.194311
0 0.496262 0.190446 0.494583 0.191706 0.492921 0.191626 0.491242 0.192886 0.487918 0.192726 0.486239 0.193986 0.484577 0.193906 0.479539 0.197687 0.477877 0.197607 0.476197 0.198867 0.472874 0.198707 0.471195 0.199967 0.471141 0.203987 0.456186 0.203268 0.456258 0.197907 0.443107 0.186546 0.438122 0.186306 0.438390 0.166204 0.443375 0.166444 0.445055 0.165184 0.446716 0.165264 0.450075 0.162744 0.451737 0.162824 0.455096 0.160304 0.455150 0.156283 0.503338 0.158603 0.502909 0.190766 0.496262 0.190446
0 0.423400 0.168165 0.425061 0.168245 0.431636 0.173925 0.433298 0.174005 0.434942 0.175425 0.434906 0.178105 0.436550 0.179526 0.436479 0.184886 0.438122 0.186306 0.443107 0.186546 0.443000 0.194587 0.438015 0.194347 0.434656 0.196867 0.434585 0.202228 0.412983 0.201188 0.413037 0.197168 0.411393 0.195747 0.409731 0.195667 0.408088 0.194247 0.406426 0.194167 0.404782 0.192747 0.398136 0.192427 0.396492 0.191007 0.391507 0.190767 0.389863 0.189347 0.388201 0.189267 0.386558 0.187847 0.384896 0.187767 0.383252 0.186347 0.381590 0.186267 0.378303 0.183427 0.378321 0.182087 0.376677 0.180666 0.371692 0.180426 0.371781 0.173726 0.376766 0.173966 0.378446 0.172706 0.378464 0.171366 0.380143 0.170105 0.380161 0.168765 0.385200 0.164985 0.385217 0.163645 0.386897 0.162385 0.386950 0.158364 0.418522 0.159884 0.418468 0.163904 0.423400 0.168165
0 0.747547 0.299093 0.745868 0.300353 0.745850 0.301693 0.744188 0.301613 0.742509 0.302873 0.742437 0.308234 0.727482 0.307514 0.727536 0.303493 0.725892 0.302073 0.724231 0.301993 0.722587 0.300573 0.720925 0.300493 0.715994 0.296233 0.714332 0.296153 0.712688 0.294733 0.711027 0.294653 0.709383 0.293233 0.702736 0.292913 0.702951 0.276831 0.707935 0.277071 0.709615 0.275811 0.709686 0.270451 0.754551 0.272610 0.754194 0.299413 0.747547 0.299093
0 0.487579 0.218189 0.487561 0.219529 0.489205 0.220949 0.489187 0.222289 0.490831 0.223709 0.495816 0.223949 0.495601 0.240030 0.483970 0.239471 0.482290 0.240731 0.437426 0.238571 0.435782 0.237151 0.432459 0.236991 0.430815 0.235571 0.429153 0.235491 0.427509 0.234071 0.425848 0.233991 0.425883 0.231311 0.424240 0.229890 0.424311 0.224530 0.425991 0.223270 0.426009 0.221930 0.427688 0.220670 0.427706 0.219329 0.431065 0.216809 0.431083 0.215469 0.436121 0.211689 0.437783 0.211769 0.442821 0.207988 0.442875 0.203968 0.479431 0.205727 0.479360 0.211088 0.487579 0.218189
0 0.087032 0.205613 0.087014 0.206953 0.088658 0.208373 0.088640 0.209713 0.090284 0.211133 0.090266 0.212473 0.093553 0.215313 0.093535 0.216653 0.095179 0.218074 0.095161 0.219414 0.098449 0.222254 0.103434 0.222494 0.103184 0.241256 0.096537 0.240936 0.094858 0.242196 0.089873 0.241956 0.088193 0.243216 0.079885 0.242816 0.078205 0.244076 0.069897 0.243676 0.068218 0.244936 0.061571 0.244616 0.059891 0.245877 0.053245 0.245557 0.051565 0.246817 0.038272 0.246177 0.036593 0.247437 0.000000 0.245437 0.000000 0.244017 0.000000 0.243937 0.000000 0.242517 0.000000 0.241177 0.000000 0.238337 0.000000 0.236997 0.000000 0.234157 0.000000 0.232816 0.000000 0.229976 0.000000 0.228636 0.000000 0.225796 0.000000 0.225556 0.000000 0.213495 0.000000 0.213735 0.000000 0.208694 0.000000 0.208774 0.000000 0.206254 0.000000 0.206334 0.000000 0.205074 0.000000 0.205154 0.000000 0.203894 0.000000 0.203974 0.000626 0.201453 0.002287 0.201533 0.003967 0.200273 0.007290 0.200433 0.008970 0.199173 0.010631 0.199253 0.012311 0.197993 0.012365 0.193972 0.083816 0.197412 0.083744 0.202772 0.087032 0.205613
0 0.540252 0.258272 0.541913 0.258352 0.545201 0.261192 0.545183 0.262532 0.550114 0.266792 0.555099 0.267032 0.554671 0.299195 0.513129 0.297196 0.513201 0.291835 0.509913 0.288995 0.509931 0.287655 0.506644 0.284814 0.506661 0.283474 0.505018 0.282054 0.505053 0.279374 0.503409 0.277954 0.503463 0.273934 0.501819 0.272513 0.496834 0.272273 0.497138 0.249491 0.537018 0.251411 0.536964 0.255431 0.540252 0.258272
0 0.403907 0.258413 0.398868 0.262194 0.398851 0.263534 0.397171 0.264794 0.397153 0.266134 0.395474 0.267394 0.395456 0.268734 0.393776 0.269995 0.393705 0.275355 0.348840 0.273195 0.348894 0.269175 0.343962 0.264915 0.337316 0.264595 0.337691 0.236452 0.342676 0.236692 0.344355 0.235432 0.344409 0.231412 0.409213 0.234531 0.408892 0.258653 0.403907 0.258413
0 0.785640 0.310313 0.785694 0.306293 0.784050 0.304873 0.777403 0.304553 0.775760 0.303133 0.774098 0.303053 0.772454 0.301633 0.770793 0.301553 0.767505 0.298712 0.765843 0.298632 0.764199 0.297212 0.764217 0.295872 0.762574 0.294452 0.762752 0.281051 0.764432 0.279791 0.764450 0.278451 0.766129 0.277190 0.766183 0.273170 0.801077 0.274850 0.800595 0.311033 0.785640 0.310313
0 0.569000 0.222108 0.575646 0.222428 0.575182 0.257271 0.568535 0.256951 0.566856 0.258211 0.566802 0.262232 0.555171 0.261672 0.555224 0.257651 0.553581 0.256231 0.551919 0.256151 0.550275 0.254731 0.543628 0.254411 0.541985 0.252991 0.540323 0.252911 0.537035 0.250071 0.528727 0.249671 0.527084 0.248251 0.520437 0.247931 0.518793 0.246511 0.513808 0.246271 0.512164 0.244851 0.507179 0.244611 0.505536 0.243191 0.503874 0.243111 0.502230 0.241691 0.497245 0.241451 0.497549 0.218668 0.504195 0.218988 0.507554 0.216468 0.507608 0.212448 0.567427 0.215327 0.567356 0.220688 0.569000 0.222108
1 0.865006 0.343635 0.866668 0.343715 0.876531 0.352236 0.878193 0.352316 0.891343 0.363677 0.893004 0.363757 0.894648 0.365177 0.894630 0.366517 0.914356 0.383558 0.914338 0.384899 0.920913 0.390579 0.925898 0.390819 0.924791 0.473907 0.918144 0.473587 0.916465 0.474847 0.916447 0.476187 0.906370 0.483748 0.904708 0.483668 0.899670 0.487448 0.898008 0.487368 0.894649 0.489889 0.892987 0.489809 0.889628 0.492329 0.887967 0.492249 0.886287 0.493509 0.884625 0.493429 0.882946 0.494689 0.881284 0.494609 0.879605 0.495869 0.877943 0.495789 0.876264 0.497050 0.874602 0.496970 0.871243 0.499490 0.869581 0.499410 0.867902 0.500670 0.862917 0.500430 0.859558 0.502950 0.859504 0.506971 0.842888 0.506171 0.842959 0.500810 0.839671 0.497970 0.839707 0.495290 0.838063 0.493870 0.838153 0.487169 0.836509 0.485749 0.836866 0.458947 0.835222 0.457526 0.836902 0.456266 0.837348 0.422763 0.835705 0.421343 0.835973 0.401241 0.834329 0.399821 0.834507 0.386420 0.836187 0.385160 0.836490 0.362378 0.838170 0.361117 0.838331 0.349056 0.840010 0.347796 0.840082 0.342436 0.841761 0.341175 0.841833 0.335815 0.863434 0.336855 0.863363 0.342215 0.865006 0.343635
0 0.424561 0.205768 0.429546 0.206008 0.429314 0.223430 0.424329 0.223190 0.420970 0.225710 0.420952 0.227050 0.419273 0.228310 0.417611 0.228230 0.412572 0.232011 0.410911 0.231931 0.409231 0.233191 0.392615 0.232391 0.390935 0.233651 0.390882 0.237672 0.384235 0.237352 0.384289 0.233331 0.382645 0.231911 0.371013 0.231351 0.369369 0.229931 0.364384 0.229691 0.364652 0.209589 0.369637 0.209829 0.371317 0.208569 0.371335 0.207229 0.373014 0.205969 0.373032 0.204629 0.378071 0.200848 0.378142 0.195488 0.419683 0.197487 0.419630 0.201508 0.424561 0.205768
0 0.541198 0.187245 0.541180 0.188585 0.544468 0.191425 0.549453 0.191665 0.549203 0.210427 0.542556 0.210107 0.540877 0.211367 0.537553 0.211207 0.535874 0.212467 0.534212 0.212387 0.532533 0.213648 0.532408 0.223028 0.510806 0.221989 0.510860 0.217968 0.509216 0.216548 0.507554 0.216468 0.505911 0.215048 0.484309 0.214008 0.484541 0.196587 0.491188 0.196907 0.496226 0.193126 0.497888 0.193206 0.499568 0.191946 0.501229 0.192026 0.506268 0.188245 0.507929 0.188325 0.512968 0.184545 0.513022 0.180525 0.539608 0.181804 0.539555 0.185825 0.541198 0.187245
0 0.256467 0.217791 0.258128 0.217871 0.274566 0.232073 0.274548 0.233413 0.277836 0.236253 0.282821 0.236493 0.282588 0.253914 0.275942 0.253595 0.274262 0.254855 0.274209 0.258875 0.217713 0.256156 0.217766 0.252135 0.216122 0.250715 0.207814 0.250315 0.206170 0.248895 0.179584 0.247615 0.177940 0.246195 0.169632 0.245795 0.167988 0.244375 0.163003 0.244135 0.161359 0.242715 0.156375 0.242475 0.154731 0.241055 0.144761 0.240575 0.144922 0.228514 0.149906 0.228754 0.153266 0.226234 0.153283 0.224893 0.154963 0.223633 0.154981 0.222293 0.160019 0.218513 0.160037 0.217173 0.163396 0.214652 0.165058 0.214732 0.166737 0.213472 0.170061 0.213632 0.171740 0.212372 0.175063 0.212532 0.176743 0.211272 0.176796 0.207252 0.253232 0.210931 0.253179 0.214951 0.256467 0.217791
0 0.865006 0.343635 0.866668 0.343715 0.876531 0.352236 0.878193 0.352316 0.891343 0.363677 0.893004 0.363757 0.894648 0.365177 0.894630 0.366517 0.914356 0.383558 0.914338 0.384899 0.920913 0.390579 0.925898 0.390819 0.924791 0.473907 0.918144 0.473587 0.916465 0.474847 0.916447 0.476187 0.906370 0.483748 0.904708 0.483668 0.899670 0.487448 0.898008 0.487368 0.894649 0.489889 0.892987 0.489809 0.889628 0.492329 0.887967 0.492249 0.886287 0.493509 0.884625 0.493429 0.882946 0.494689 0.881284 0.494609 0.879605 0.495869 0.877943 0.495789 0.876264 0.497050 0.874602 0.496970 0.871243 0.499490 0.869581 0.499410 0.867902 0.500670 0.862917 0.500430 0.859558 0.502950 0.859504 0.506971 0.842888 0.506171 0.842959 0.500810 0.839671 0.497970 0.839707 0.495290 0.838063 0.493870 0.838153 0.487169 0.836509 0.485749 0.836866 0.458947 0.835222 0.457526 0.836902 0.456266 0.837348 0.422763 0.835705 0.421343 0.835973 0.401241 0.834329 0.399821 0.834507 0.386420 0.836187 0.385160 0.836490 0.362378 0.838170 0.361117 0.838331 0.349056 0.840010 0.347796 0.840082 0.342436 0.841761 0.341175 0.841833 0.335815 0.863434 0.336855 0.863363 0.342215 0.865006 0.343635
0 0.489884 0.294736 0.483166 0.299776 0.481504 0.299696 0.479825 0.300956 0.478163 0.300876 0.476484 0.302137 0.476430 0.306157 0.454829 0.305117 0.454882 0.301097 0.453238 0.299677 0.453256 0.298336 0.451613 0.296916 0.451630 0.295576 0.449987 0.294156 0.450022 0.291476 0.448379 0.290056 0.443394 0.289816 0.443751 0.263013 0.448736 0.263253 0.450415 0.261993 0.450487 0.256633 0.452166 0.255372 0.452220 0.251352 0.457258 0.247572 0.457330 0.242211 0.495548 0.244051 0.494869 0.294976 0.489884 0.294736
0 0.796129 0.396641 0.719747 0.409727 0.655945 0.414478 0.636590 0.411312 0.637037 0.377809 0.655722 0.327303 0.683550 0.318585 0.736139 0.323352 0.818909 0.350803 0.821158 0.390024 0.796129 0.396641
0 0.817152 0.482582 0.780838 0.504301 0.721205 0.508135 0.650570 0.505854 0.616087 0.494136 0.605500 0.456750 0.609907 0.437964 0.654442 0.423346 0.694733 0.415228 0.730823 0.410260 0.771100 0.403258 0.805732 0.403808 0.826398 0.412625 0.828692 0.448496 0.817152 0.482582
0 0.584432 0.478084 0.569097 0.485170 0.503836 0.495438 0.469189 0.496004 0.459659 0.483254 0.501870 0.434999 0.530116 0.395011 0.573711 0.346822 0.593231 0.337705 0.626152 0.362756 0.617203 0.410379 0.584432 0.478084
0 0.499489 0.405829 0.468354 0.454618 0.441763 0.474569 0.411806 0.435133 0.410926 0.397097 0.447524 0.354158 0.493696 0.320622 0.554743 0.314620 0.574098 0.317787 0.540135 0.370909 0.499489 0.405829
0 0.310722 0.534194 0.254723 0.473389 0.178816 0.346811 0.164180 0.301408 0.361969 0.327691 0.395159 0.436567 0.310722 0.534194
0 0.196729 0.458305 0.207211 0.503508 0.063067 0.506627 0.000000 0.486960 0.000000 0.404320 0.000000 0.303376 0.080919 0.310810 0.149082 0.394550 0.196729 0.458305
0 0.908455 0.597608 0.920367 0.639529 0.915469 0.695167 0.864905 0.746373 0.827369 0.755742 0.748753 0.728490 0.706332 0.688453 0.692723 0.669918 0.734056 0.583627 0.805510 0.524486 0.863310 0.554088 0.908455 0.597608
0 0.672801 0.605262 0.676494 0.640082 0.681392 0.688370 0.681154 0.706238 0.656170 0.709505 0.631245 0.708305 0.611994 0.697321 0.572492 0.646251 0.545407 0.599130 0.525262 0.551226 0.513216 0.519357 0.575513 0.523473 0.610073 0.529606 0.637736 0.533173 0.656706 0.565375 0.672801 0.605262
0 0.520453 0.600164 0.537815 0.649051 0.545662 0.684071 0.530221 0.698973 0.503555 0.724509 0.461746 0.742611 0.434245 0.726760 0.380658 0.692890 0.340873 0.663039 0.314980 0.630503 0.338863 0.605950 0.379480 0.573263 0.429866 0.535459 0.468921 0.516106 0.491954 0.555210 0.520453 0.600164
0 0.289922 0.639354 0.264595 0.668307 0.239402 0.687209 0.196447 0.687376 0.109330 0.674243 0.040257 0.658625 0.000000 0.635857 0.000000 0.618740 0.000000 0.587270 0.000000 0.556850 0.000000 0.535531 0.040615 0.527897 0.105799 0.523212 0.177790 0.527795 0.247025 0.531127 0.284322 0.539628 0.313163 0.558895 0.305705 0.598766 0.289922 0.639354
0 0.917420 0.860650 0.904823 0.870101 0.862910 0.896020 0.815412 0.925023 0.759816 0.937992 0.673740 0.950611 0.592029 0.947795 0.533945 0.939412 0.502617 0.898792 0.468581 0.853571 0.460763 0.816318 0.468326 0.768631 0.512786 0.759595 0.566805 0.761078 0.629191 0.758493 0.709503 0.762359 0.773127 0.771010 0.822961 0.774526 0.864279 0.793277 0.894326 0.826014 0.917420 0.860650
0 0.445293 0.833453 0.453036 0.876290 0.464843 0.926029 0.457487 0.958081 0.404870 0.955548 0.299630 0.950482 0.216578 0.944250 0.150141 0.938817 0.067148 0.928117 0.000000 0.915834 0.000000 0.900167 0.000000 0.875663 0.000000 0.830343 0.000000 0.768220 0.044843 0.730365 0.111503 0.719047 0.186351 0.717062 0.262660 0.709561 0.380315 0.718577 0.418834 0.739428 0.433590 0.775898 0.445293 0.833453
0 0.053463 0.187681 0.009047 0.193366 0.000000 0.189216 0.000000 0.165497 0.000000 0.148879 0.020765 0.145877 0.069185 0.151561 0.078804 0.157611 0.093826 0.173980 0.084030 0.181330 0.053463 0.187681
0 0.854316 0.293280 0.809916 0.297848 0.801875 0.277346 0.842032 0.279279 0.841988 0.282630 0.854316 0.293280
0 0.836552 0.274546 0.817465 0.251277 0.841168 0.240126 0.858947 0.257745 0.836552 0.274546
0 0.809618 0.216258 0.822214 0.206807 0.835987 0.213057 0.848226 0.230409 0.825937 0.239393 0.809618 0.216258
0 0.799195 0.270512 0.772916 0.267013 0.775864 0.253745 0.807771 0.250810 0.817212 0.270263 0.799195 0.270512
0 0.746502 0.273564 0.727161 0.269280 0.723170 0.256795 0.737091 0.251879 0.763372 0.255378 0.763149 0.272130 0.746502 0.273564
0 0.689669 0.275297 0.675897 0.269048 0.688598 0.251779 0.712166 0.250679 0.706286 0.276097 0.689669 0.275297
0 0.695684 0.239828 0.687301 0.245011 0.674973 0.234361 0.666903 0.216093 0.693288 0.211775 0.698632 0.226560 0.695684 0.239828
0 0.735826 0.242878 0.727473 0.245828 0.706747 0.241478 0.704126 0.230177 0.711214 0.218226 0.734769 0.218243 0.738760 0.230726 0.735826 0.242878
0 0.762061 0.249728 0.746889 0.244527 0.748482 0.228960 0.766512 0.227592 0.774597 0.244744 0.762061 0.249728
0 0.807875 0.242993 0.782995 0.238443 0.776236 0.225825 0.795740 0.217825 0.816287 0.235576 0.807875 0.242993
0 0.811092 0.209624 0.787491 0.212957 0.776608 0.197906 0.800311 0.186754 0.815350 0.202007 0.811092 0.209624
0 0.770786 0.218858 0.749970 0.221208 0.739147 0.201691 0.744849 0.189673 0.775163 0.202306 0.776504 0.205723 0.770786 0.218858
0 0.727890 0.214559 0.698856 0.209809 0.700374 0.199825 0.718465 0.193990 0.733637 0.199190 0.736288 0.208258 0.727890 0.214559
