0 0.771123 0.657812 0.769560 0.659375 0.766435 0.659375 0.764873 0.660937 0.761748 0.660937 0.760185 0.662500 0.757060 0.662500 0.755498 0.664062 0.752373 0.664062 0.750810 0.665625 0.747685 0.665625 0.746123 0.667188 0.742998 0.667188 0.741435 0.668750 0.733623 0.668750 0.732060 0.670313 0.727373 0.670313 0.725810 0.671875 0.722685 0.671875 0.721123 0.673437 0.711748 0.673437 0.710185 0.675000 0.708623 0.675000 0.707060 0.673437 0.705498 0.673437 0.703935 0.671875 0.703935 0.670313 0.707060 0.667188 0.707060 0.665625 0.719560 0.653125 0.719560 0.646875 0.775810 0.646875 0.775810 0.657812 0.771123 0.657812
0 0.286748 0.278125 0.286748 0.279687 0.288310 0.281250 0.288310 0.282813 0.289873 0.284375 0.294560 0.284375 0.294560 0.307813 0.252373 0.307813 0.252373 0.303125 0.250810 0.301562 0.249248 0.301562 0.247685 0.300000 0.241435 0.300000 0.239873 0.298438 0.238310 0.298438 0.236748 0.296875 0.235185 0.296875 0.233623 0.295312 0.227373 0.295312 0.227373 0.289062 0.233623 0.289062 0.236748 0.285938 0.238310 0.285938 0.241435 0.282813 0.242998 0.282813 0.246123 0.279687 0.247685 0.279687 0.249248 0.278125 0.249248 0.271875 0.285185 0.271875 0.285185 0.276562 0.286748 0.278125
0 0.733623 0.565625 0.735185 0.565625 0.736748 0.567187 0.738310 0.567187 0.739873 0.568750 0.741435 0.568750 0.742998 0.570312 0.750810 0.570312 0.750810 0.578125 0.746123 0.578125 0.744560 0.579688 0.741435 0.579688 0.739873 0.581250 0.735185 0.581250 0.733623 0.582812 0.732060 0.582812 0.730498 0.584375 0.730498 0.589063 0.705498 0.589063 0.705498 0.584375 0.699248 0.578125 0.699248 0.576562 0.694560 0.571875 0.692998 0.571875 0.691435 0.570312 0.691435 0.568750 0.688310 0.565625 0.683623 0.565625 0.683623 0.559375 0.732060 0.559375 0.732060 0.564063 0.733623 0.565625
0 0.544560 0.445312 0.544560 0.440625 0.541435 0.437500 0.538310 0.437500 0.535185 0.434375 0.533623 0.434375 0.532060 0.432813 0.528935 0.432813 0.527373 0.431250 0.519560 0.431250 0.517998 0.429688 0.516435 0.429688 0.514873 0.428125 0.508623 0.428125 0.508623 0.417188 0.513310 0.417188 0.516435 0.414062 0.517998 0.414062 0.524248 0.407813 0.524248 0.403125 0.575810 0.403125 0.575810 0.445312 0.544560 0.445312
0 0.771123 0.242188 0.775810 0.242188 0.775810 0.270313 0.769560 0.270313 0.761748 0.262500 0.758623 0.262500 0.753935 0.257812 0.752373 0.257812 0.749248 0.254688 0.747685 0.254688 0.744560 0.251563 0.742998 0.251563 0.739873 0.248437 0.738310 0.248437 0.736748 0.246875 0.735185 0.246875 0.732060 0.243750 0.727373 0.243750 0.727373 0.240625 0.732060 0.240625 0.738310 0.234375 0.738310 0.228125 0.763310 0.228125 0.763310 0.234375 0.771123 0.242188
0 0.928935 0.282813 0.927373 0.281250 0.924248 0.281250 0.917998 0.275000 0.917998 0.273438 0.916435 0.271875 0.916435 0.270313 0.914873 0.268750 0.914873 0.265625 0.913310 0.264062 0.914873 0.262500 0.914873 0.253125 0.969560 0.253125 0.969560 0.282813 0.928935 0.282813
0 0.625810 0.414062 0.624248 0.412500 0.611748 0.412500 0.610185 0.414062 0.608623 0.414062 0.607060 0.412500 0.600810 0.412500 0.596123 0.407813 0.596123 0.401563 0.597685 0.400000 0.597685 0.396875 0.599248 0.395312 0.600810 0.395312 0.605498 0.390625 0.605498 0.384375 0.638310 0.384375 0.638310 0.414062 0.625810 0.414062
0 0.542998 0.203125 0.544560 0.203125 0.546123 0.204688 0.550810 0.204688 0.550810 0.226562 0.536748 0.226562 0.536748 0.221875 0.535185 0.220313 0.516435 0.220313 0.514873 0.218750 0.508623 0.218750 0.507060 0.217187 0.503935 0.217187 0.502373 0.215625 0.500810 0.215625 0.499248 0.214062 0.497685 0.214062 0.496123 0.212500 0.492998 0.212500 0.491435 0.210938 0.489873 0.210938 0.488310 0.209375 0.486748 0.209375 0.485185 0.207813 0.483623 0.207813 0.482060 0.206250 0.478935 0.206250 0.477373 0.204688 0.467998 0.204688 0.466435 0.203125 0.458623 0.203125 0.458623 0.200000 0.463310 0.200000 0.467998 0.195312 0.467998 0.190625 0.535185 0.190625 0.535185 0.195312 0.542998 0.203125
0 0.450810 0.576562 0.449248 0.578125 0.447685 0.578125 0.438310 0.587500 0.435185 0.587500 0.433623 0.589063 0.425810 0.589063 0.417998 0.581250 0.416435 0.581250 0.414873 0.579688 0.413310 0.579688 0.408623 0.575000 0.402373 0.575000 0.402373 0.565625 0.457060 0.565625 0.457060 0.576562 0.450810 0.576562
0 0.913310 0.382812 0.911748 0.381250 0.905498 0.381250 0.903935 0.379687 0.902373 0.379687 0.899248 0.376563 0.897685 0.376563 0.892998 0.371875 0.891435 0.371875 0.891435 0.370313 0.889873 0.368750 0.889873 0.367188 0.888310 0.365625 0.883623 0.365625 0.883623 0.362500 0.888310 0.362500 0.889873 0.360938 0.889873 0.353125 0.938310 0.353125 0.938310 0.382812 0.913310 0.382812
0 0.096123 0.535937 0.107060 0.535937 0.107060 0.546875 0.099248 0.546875 0.097685 0.548438 0.094560 0.548438 0.092998 0.550000 0.074248 0.550000 0.072685 0.551562 0.061748 0.551562 0.060185 0.553125 0.060185 0.557813 0.046123 0.557813 0.046123 0.553125 0.044560 0.551562 0.039873 0.551562 0.038310 0.550000 0.033623 0.550000 0.033623 0.528125 0.092998 0.528125 0.092998 0.532813 0.096123 0.535937
0 0.469560 0.289062 0.467998 0.290625 0.467998 0.295312 0.441435 0.295312 0.441435 0.289062 0.438310 0.285938 0.433623 0.285938 0.433623 0.279687 0.438310 0.279687 0.439873 0.278125 0.439873 0.271875 0.441435 0.270313 0.441435 0.265625 0.475810 0.265625 0.475810 0.289062 0.469560 0.289062
0 0.482060 0.464063 0.482060 0.459375 0.480498 0.457812 0.475810 0.457812 0.474248 0.456250 0.471123 0.456250 0.469560 0.454688 0.467998 0.454688 0.464873 0.451562 0.463310 0.451562 0.461748 0.450000 0.458623 0.450000 0.457060 0.448438 0.455498 0.448438 0.453935 0.446875 0.446123 0.446875 0.446123 0.434375 0.494560 0.434375 0.494560 0.464063 0.482060 0.464063
0 0.452373 0.195312 0.450810 0.196875 0.450810 0.201562 0.421123 0.201562 0.421123 0.171875 0.457060 0.171875 0.457060 0.195312 0.452373 0.195312
0 0.619560 0.220313 0.619560 0.215625 0.617998 0.214062 0.610185 0.214062 0.608623 0.212500 0.605498 0.212500 0.603935 0.210938 0.603935 0.209375 0.602373 0.207813 0.602373 0.196875 0.638310 0.196875 0.638310 0.220313 0.619560 0.220313
0 0.228935 0.664062 0.227373 0.662500 0.225810 0.662500 0.224248 0.664062 0.208623 0.664062 0.207060 0.662500 0.205498 0.662500 0.202373 0.659375 0.196123 0.659375 0.196123 0.646875 0.244560 0.646875 0.244560 0.664062 0.228935 0.664062
0 0.482060 0.464063 0.482060 0.459375 0.480498 0.457812 0.475810 0.457812 0.474248 0.456250 0.471123 0.456250 0.469560 0.454688 0.467998 0.454688 0.464873 0.451562 0.463310 0.451562 0.461748 0.450000 0.458623 0.450000 0.457060 0.448438 0.455498 0.448438 0.453935 0.446875 0.446123 0.446875 0.446123 0.434375 0.494560 0.434375 0.494560 0.464063 0.482060 0.464063
0 0.713310 0.276562 0.710185 0.279687 0.708623 0.279687 0.707060 0.281250 0.694560 0.281250 0.692998 0.282813 0.683623 0.282813 0.682060 0.281250 0.678935 0.281250 0.677373 0.279687 0.671123 0.279687 0.671123 0.259375 0.719560 0.259375 0.719560 0.276562 0.713310 0.276562
0 0.283623 0.501563 0.283623 0.495313 0.289873 0.495313 0.291435 0.493750 0.292998 0.493750 0.297685 0.489062 0.297685 0.484375 0.338310 0.484375 0.338310 0.501563 0.283623 0.501563
0 0.114873 0.370313 0.114873 0.364062 0.110185 0.359375 0.110185 0.353125 0.125810 0.353125 0.125810 0.370313 0.114873 0.370313
0 0.078935 0.226562 0.078935 0.221875 0.075810 0.218750 0.071123 0.218750 0.071123 0.203125 0.125810 0.203125 0.125810 0.226562 0.078935 0.226562
0 0.986748 0.220313 0.986748 0.215625 0.985185 0.214062 0.983623 0.214062 0.982060 0.212500 0.980498 0.212500 0.974248 0.206250 0.974248 0.204688 0.972685 0.203125 0.972685 0.184375 0.994560 0.184375 0.994560 0.220313 0.986748 0.220313
0 0.621123 0.507812 0.621123 0.490625 0.657060 0.490625 0.657060 0.507812 0.621123 0.507812
0 0.032060 0.282813 0.032060 0.278125 0.030498 0.276562 0.030498 0.273438 0.028935 0.271875 0.028935 0.265625 0.050810 0.265625 0.050810 0.282813 0.032060 0.282813
0 0.908623 0.742188 0.907060 0.743750 0.907060 0.745313 0.905498 0.746875 0.905498 0.748438 0.903935 0.750000 0.903935 0.751562 0.899248 0.756250 0.888310 0.756250 0.886748 0.754687 0.885185 0.754687 0.882060 0.751562 0.880498 0.751562 0.878935 0.750000 0.875810 0.750000 0.874248 0.748438 0.872685 0.748438 0.867998 0.743750 0.866435 0.743750 0.864873 0.742188 0.863310 0.742188 0.861748 0.740625 0.860185 0.740625 0.858623 0.739062 0.857060 0.739062 0.855498 0.737500 0.852373 0.737500 0.849248 0.734375 0.847685 0.734375 0.846123 0.732813 0.839873 0.732813 0.838310 0.731250 0.836748 0.731250 0.833623 0.728125 0.832060 0.728125 0.827373 0.723437 0.821123 0.723437 0.821123 0.715625 0.825810 0.715625 0.827373 0.714063 0.827373 0.709375 0.913310 0.709375 0.913310 0.742188 0.908623 0.742188
0 0.607060 0.250000 0.603935 0.253125 0.603935 0.257812 0.596123 0.257812 0.596123 0.240625 0.619560 0.240625 0.619560 0.250000 0.607060 0.250000
0 0.332060 0.723437 0.330498 0.725000 0.330498 0.726562 0.314873 0.742188 0.313310 0.742188 0.311748 0.743750 0.307060 0.743750 0.300810 0.737500 0.299248 0.737500 0.297685 0.735937 0.297685 0.734375 0.294560 0.731250 0.292998 0.731250 0.291435 0.729688 0.291435 0.728125 0.288310 0.725000 0.283623 0.725000 0.283623 0.709375 0.338310 0.709375 0.338310 0.723437 0.332060 0.723437
0 0.221123 0.615625 0.222685 0.615625 0.227373 0.620313 0.228935 0.620313 0.232060 0.623438 0.233623 0.623438 0.238310 0.628125 0.239873 0.628125 0.241435 0.629687 0.242998 0.629687 0.246123 0.632812 0.250810 0.632812 0.250810 0.643750 0.246123 0.643750 0.244560 0.642187 0.224248 0.642187 0.222685 0.640625 0.213310 0.640625 0.211748 0.639063 0.178935 0.639063 0.177373 0.640625 0.174248 0.640625 0.172685 0.642187 0.169560 0.642187 0.167998 0.643750 0.160185 0.643750 0.158623 0.645312 0.155498 0.645312 0.153935 0.643750 0.152373 0.643750 0.150810 0.642187 0.146123 0.642187 0.146123 0.640625 0.150810 0.640625 0.158623 0.632812 0.160185 0.632812 0.169560 0.623438 0.171123 0.623438 0.175810 0.618750 0.177373 0.618750 0.182060 0.614062 0.182060 0.609375 0.219560 0.609375 0.219560 0.614062 0.221123 0.615625
0 0.333623 0.723437 0.313310 0.743750 0.307060 0.743750 0.305498 0.742188 0.303935 0.742188 0.297685 0.735937 0.297685 0.734375 0.294560 0.731250 0.292998 0.731250 0.289873 0.728125 0.289873 0.726562 0.285185 0.721875 0.285185 0.709375 0.338310 0.709375 0.338310 0.723437 0.333623 0.723437
0 0.296123 0.515625 0.294560 0.517188 0.277373 0.517188 0.275810 0.518750 0.274248 0.518750 0.272685 0.520312 0.272685 0.526563 0.263310 0.526563 0.263310 0.520312 0.258623 0.515625 0.257060 0.515625 0.255498 0.514062 0.253935 0.514062 0.250810 0.510938 0.246123 0.510938 0.246123 0.503125 0.300810 0.503125 0.300810 0.515625 0.296123 0.515625
1 0.489873 0.722656 0.346643 0.707031 0.453415 0.578125 0.617477 0.691406 0.489873 0.722656
1 0.954716 0.598958 0.726852 0.558594 0.967737 0.473958 0.975549 0.605469 0.954716 0.598958
1 0.972946 0.355469 0.971643 0.351562 0.996384 0.355469 0.997685 0.462239 0.969040 0.467448 0.972946 0.355469
0 0.864873 0.498698 0.898727 0.516927 0.832321 0.523438 0.864873 0.498698
0 0.607988 0.716494 0.596420 0.697695 0.602927 0.696972 0.613771 0.712878 0.607988 0.716494
0 0.598588 0.718662 0.589190 0.699142 0.595696 0.698419 0.607265 0.716494 0.598588 0.718662
0 0.589913 0.718662 0.579068 0.702034 0.584852 0.699864 0.595696 0.716494 0.589913 0.718662
0 0.581237 0.719386 0.572560 0.703480 0.577621 0.702756 0.590635 0.720109 0.581237 0.719386
