0 0.875720 0.430873 0.877526 0.450598 0.871091 0.451791 0.866717 0.457616 0.866867 0.459260 0.863950 0.463144 0.864101 0.464788 0.861185 0.468671 0.861336 0.470315 0.856960 0.476141 0.857111 0.477785 0.854195 0.481669 0.854345 0.483313 0.852887 0.485254 0.853038 0.486898 0.850121 0.490783 0.850271 0.492426 0.848813 0.494367 0.848964 0.496011 0.846047 0.499895 0.846198 0.501540 0.843281 0.505422 0.843432 0.507067 0.841973 0.509009 0.842124 0.510652 0.840666 0.512594 0.840816 0.514238 0.837900 0.518122 0.838051 0.519766 0.836592 0.521708 0.836742 0.523351 0.833826 0.527236 0.833976 0.528879 0.832519 0.530820 0.832669 0.532464 0.826836 0.540232 0.827288 0.545164 0.820853 0.546357 0.820401 0.541425 0.816883 0.538734 0.815274 0.539032 0.813515 0.537687 0.813365 0.536043 0.809846 0.533352 0.808238 0.533650 0.795923 0.524230 0.794315 0.524528 0.789037 0.520492 0.787428 0.520790 0.778632 0.514063 0.773806 0.514958 0.772301 0.498520 0.777127 0.497626 0.778584 0.495683 0.778434 0.494039 0.779893 0.492098 0.779742 0.490453 0.781200 0.488512 0.781049 0.486869 0.783967 0.482984 0.783816 0.481341 0.788190 0.475515 0.788040 0.473871 0.792414 0.468046 0.792264 0.466402 0.795180 0.462518 0.796789 0.462220 0.806996 0.448627 0.806545 0.443695
0 0.367800 0.351167 0.368251 0.356097 0.370010 0.357444 0.370161 0.359087 0.373680 0.361779 0.373831 0.363422 0.379108 0.367458 0.379258 0.369103 0.381018 0.370448 0.381168 0.372092 0.384686 0.374783 0.384836 0.376427 0.388356 0.379118 0.393182 0.378224 0.396041 0.409454 0.389606 0.410647 0.385232 0.416473 0.383623 0.416772 0.380706 0.420654 0.379098 0.420953 0.374723 0.426779 0.373114 0.427077 0.368740 0.432903 0.367131 0.433202 0.364215 0.437084 0.362606 0.437383 0.359689 0.441266 0.356472 0.441863 0.355014 0.443805 0.353405 0.444103 0.351946 0.446045 0.350338 0.446343 0.348880 0.448285 0.347271 0.448584 0.344355 0.452467 0.342746 0.452766 0.339830 0.456649 0.338221 0.456948 0.336762 0.458890 0.335154 0.459188 0.332238 0.463071 0.330629 0.463369 0.327712 0.467253 0.326104 0.467551 0.324646 0.469494 0.323037 0.469792 0.320120 0.473676 0.320572 0.478606 0.304485 0.481588 0.304033 0.476657 0.300515 0.473966 0.298907 0.474264 0.297147 0.472918 0.295538 0.473217 0.290260 0.469180 0.290110 0.467537 0.288350 0.466191 0.288200 0.464548 0.286441 0.463202 0.285688 0.454983 0.283930 0.453638 0.282124 0.433913 0.283581 0.431971 0.283130 0.427039 0.284588 0.425097 0.284287 0.421810 0.285745 0.419868 0.285595 0.418224 0.287053 0.416282 0.286903 0.414639 0.289818 0.410756 0.289668 0.409111 0.292585 0.405227 0.292435 0.403583 0.298267 0.395817 0.298116 0.394172 0.299725 0.393874 0.308475 0.382222 0.310084 0.381924 0.312999 0.378041 0.314609 0.377742 0.316067 0.375801 0.317675 0.375503 0.319133 0.373560 0.322352 0.372964 0.323809 0.371023 0.325419 0.370724 0.326876 0.368782 0.328484 0.368484 0.329943 0.366541 0.331552 0.366243 0.334468 0.362359 0.334016 0.357429
0 0.945705 0.391155 0.946307 0.397730 0.976213 0.420604 0.977821 0.420306 0.981341 0.422997 0.986166 0.422103 0.987370 0.435253 0.979326 0.436744 0.977868 0.438686 0.974651 0.439282 0.973193 0.441225 0.965149 0.442716 0.963691 0.444657 0.955647 0.446148 0.954189 0.448090 0.947755 0.449283 0.946296 0.451225 0.943079 0.451821 0.941621 0.453762 0.938403 0.454359 0.936945 0.456301 0.932119 0.457196 0.930661 0.459138 0.925835 0.460032 0.902964 0.442540 0.902814 0.440897 0.874666 0.419368 0.869840 0.420262 0.869388 0.415330 0.875823 0.414138 0.877282 0.412195 0.882108 0.411301 0.883566 0.409359 0.888393 0.408465 0.889850 0.406522 0.889399 0.401592
0 0.536853 0.660847 0.538207 0.675641 0.533382 0.676535 0.531923 0.678477 0.530314 0.678775 0.527397 0.682659 0.525789 0.682957 0.524331 0.684899 0.522722 0.685198 0.519805 0.689081 0.518197 0.689379 0.516739 0.691321 0.515130 0.691619 0.513672 0.693562 0.512063 0.693860 0.510605 0.695801 0.507387 0.696398 0.505929 0.698340 0.504320 0.698638 0.502863 0.700580 0.499644 0.701176 0.496728 0.705060 0.495120 0.705358 0.493662 0.707300 0.492053 0.707599 0.490594 0.709540 0.488986 0.709838 0.487528 0.711780 0.485919 0.712078 0.484461 0.714020 0.482852 0.714319 0.481393 0.716260 0.479785 0.716558 0.478327 0.718500 0.476718 0.718799 0.475259 0.720741 0.473651 0.721039 0.472193 0.722981 0.470584 0.723279 0.469125 0.725220 0.467517 0.725519 0.466059 0.727461 0.464450 0.727759 0.462993 0.729701 0.461383 0.730000 0.458467 0.733883 0.456859 0.734181 0.455400 0.736123 0.453792 0.736421 0.452333 0.738364 0.450724 0.738662 0.449266 0.740603 0.447658 0.740901 0.444741 0.744785 0.441524 0.745382 0.440065 0.747323 0.438456 0.747621 0.435540 0.751506 0.433932 0.751804 0.432474 0.753746 0.430865 0.754044 0.427948 0.757928 0.426340 0.758226 0.424881 0.760167 0.423273 0.760465 0.421814 0.762408 0.420205 0.762706 0.417290 0.766590 0.415680 0.766888 0.414222 0.768830 0.412613 0.769128 0.409697 0.773013 0.408088 0.773311 0.406630 0.775252 0.405021 0.775551 0.400647 0.781377 0.399038 0.781675 0.397580 0.783616 0.395972 0.783914 0.393055 0.787798 0.391446 0.788097 0.389987 0.790038 0.388379 0.790336 0.386921 0.792278 0.383703 0.792875 0.382245 0.794817 0.379028 0.795414 0.377268 0.794068 0.374051 0.794664 0.372292 0.793318 0.370684 0.793616 0.368924 0.792271 0.367315 0.792569 0.363797 0.789878 0.362188 0.790176 0.358670 0.787485 0.353844 0.788380 0.352640 0.775230 0.357466 0.774335 0.358924 0.772393 0.358774 0.770749 0.360231 0.768807 0.360081 0.767164 0.362997 0.763280 0.362847 0.761636 0.365763 0.757753 0.365613 0.756109 0.369987 0.750283 0.369836 0.748639 0.374212 0.742813 0.374061 0.741170 0.381353 0.731459 0.381202 0.729816 0.382810 0.729518 0.395935 0.712040 0.397543 0.711742 0.399001 0.709801 0.400610 0.709503 0.402068 0.707561 0.403677 0.707263 0.405136 0.705320 0.408352 0.704724 0.409811 0.702782 0.411420 0.702483 0.412878 0.700542 0.416095 0.699946 0.417554 0.698004 0.420771 0.697408 0.422229 0.695466 0.425446 0.694869 0.426905 0.692927 0.430122 0.692331 0.431580 0.690389 0.433188 0.690091 0.434647 0.688148 0.439473 0.687254 0.440932 0.685312 0.444149 0.684716 0.445607 0.682775 0.445155 0.677843
0 0.418045 0.488958 0.418647 0.495533 0.420406 0.496878 0.420557 0.498522 0.422315 0.499867 0.422466 0.501512 0.424226 0.502858 0.424527 0.506145 0.426286 0.507490 0.431112 0.506596 0.440443 0.608508 0.434008 0.609700 0.431092 0.613584 0.431543 0.618516 0.415456 0.621498 0.415005 0.616566 0.413246 0.615221 0.411637 0.615519 0.409878 0.614173 0.401834 0.615664 0.400074 0.614319 0.396858 0.614915 0.395098 0.613569 0.391881 0.614165 0.384844 0.608783 0.383235 0.609082 0.376199 0.603699 0.374589 0.603997 0.367553 0.598615 0.367402 0.596972 0.355087 0.587553 0.354936 0.585908 0.333827 0.569762 0.333225 0.563187 0.334683 0.561245 0.334532 0.559602 0.340365 0.551834 0.340214 0.550190 0.344589 0.544365 0.344438 0.542720 0.369228 0.509707 0.370837 0.509409 0.375211 0.503584 0.374609 0.497009
0 0.783973 0.715341 0.786231 0.739996 0.779796 0.741189 0.778338 0.743131 0.778790 0.748063 0.738571 0.755518 0.738120 0.750586 0.736360 0.749240 0.734752 0.749538 0.729475 0.745502 0.723039 0.746695 0.721233 0.726970
0 0.534515 0.260087 0.535117 0.266662 0.540394 0.270698 0.542003 0.270400 0.547281 0.274437 0.553715 0.273244 0.555521 0.292969 0.549087 0.294162 0.547629 0.296104 0.546020 0.296403 0.544562 0.298344 0.545013 0.303275 0.543404 0.303573 0.542953 0.298642 0.541193 0.297297 0.537977 0.297893 0.529180 0.291165 0.529029 0.289522 0.514956 0.278756 0.513347 0.279054 0.509829 0.276363 0.503394 0.277556 0.502341 0.266050
0 0.621563 0.370997 0.623820 0.395653 0.618994 0.396547 0.617536 0.398489 0.615928 0.398788 0.611552 0.404614 0.609943 0.404912 0.608486 0.406854 0.608937 0.411784 0.599285 0.413573 0.598833 0.408643 0.597075 0.407297 0.595465 0.407596 0.593706 0.406250 0.592097 0.406548 0.590338 0.405203 0.590187 0.403559 0.588428 0.402212 0.586820 0.402511 0.583302 0.399819 0.581692 0.400118 0.574656 0.394736 0.573046 0.395035 0.571288 0.393689 0.569678 0.393987 0.567920 0.392642 0.567769 0.390997 0.566010 0.389651 0.559575 0.390844 0.558822 0.382626
0 0.634383 0.636083 0.634834 0.641015 0.636593 0.642360 0.636744 0.644003 0.640262 0.646695 0.646697 0.645502 0.648804 0.668515 0.640761 0.670006 0.639302 0.671947 0.632867 0.673140 0.631409 0.675082 0.621757 0.676871 0.620299 0.678813 0.620750 0.683744 0.598228 0.687919 0.597777 0.682987 0.592499 0.678951 0.586064 0.680144 0.582903 0.645625
0 0.535274 0.500662 0.536628 0.515456 0.530194 0.516649 0.528735 0.518590 0.527127 0.518889 0.525669 0.520830 0.524060 0.521128 0.516768 0.530838 0.517220 0.535770 0.496307 0.539646 0.495855 0.534715 0.494097 0.533369 0.492487 0.533668 0.490728 0.532322 0.489119 0.532620 0.487361 0.531275 0.484142 0.531871 0.482384 0.530525 0.479166 0.531121 0.477407 0.529775 0.470972 0.530968 0.469213 0.529623 0.467605 0.529921 0.465845 0.528576 0.464236 0.528874 0.462477 0.527528 0.462176 0.524241 0.465092 0.520357 0.464490 0.513782
0 0.529481 0.294453 0.532340 0.325683 0.508210 0.330156 0.507759 0.325225 0.505999 0.323880 0.505849 0.322236 0.502330 0.319545 0.502180 0.317900 0.498661 0.315209 0.498511 0.313566 0.493233 0.309530 0.491624 0.309828 0.489866 0.308482 0.488256 0.308780 0.486497 0.307435 0.486045 0.302504
0 0.714434 0.527633 0.715036 0.534208 0.716794 0.535554 0.717095 0.538841 0.718855 0.540187 0.722072 0.539591 0.723832 0.540937 0.727050 0.540340 0.728808 0.541685 0.735243 0.540493 0.737350 0.563505 0.729307 0.564996 0.727848 0.566937 0.724631 0.567534 0.723172 0.569476 0.711912 0.571564 0.710454 0.573505 0.705627 0.574399 0.704169 0.576342 0.702560 0.576640 0.701103 0.578582 0.699494 0.578881 0.695119 0.584706 0.695571 0.589637 0.674657 0.593513 0.674206 0.588582 0.670687 0.585891 0.669079 0.586189 0.667319 0.584844 0.662494 0.585739 0.660734 0.584393 0.657516 0.584989 0.655757 0.583643 0.650931 0.584538 0.649172 0.583192 0.645955 0.583789 0.644195 0.582443 0.642586 0.582741 0.639068 0.580051 0.637459 0.580349 0.633941 0.577657 0.629115 0.578551 0.625955 0.544033
0 0.792698 0.292471 0.793150 0.297401 0.800188 0.302785 0.801796 0.302486 0.831703 0.325360 0.831854 0.327005 0.838890 0.332387 0.839041 0.334030 0.846077 0.339413 0.846227 0.341057 0.849747 0.343748 0.854572 0.342853 0.856077 0.359291 0.851252 0.360185 0.843960 0.369894 0.844111 0.371538 0.826612 0.394842 0.825003 0.395140 0.823545 0.397081 0.821936 0.397380 0.820478 0.399322 0.818869 0.399620 0.815954 0.403504 0.812736 0.404100 0.811278 0.406042 0.806451 0.406936 0.804993 0.408878 0.800167 0.409772 0.798709 0.411715 0.799160 0.416646 0.734812 0.428573 0.734360 0.423642 0.732601 0.422296 0.729384 0.422892 0.727624 0.421547 0.722798 0.422442 0.721039 0.421096 0.716213 0.421991 0.714454 0.420645 0.712845 0.420943 0.711086 0.419598 0.706259 0.420493 0.704500 0.419147 0.699675 0.420041 0.697915 0.418696 0.693088 0.419591 0.691329 0.418244 0.688112 0.418841 0.686353 0.417495 0.684744 0.417793 0.681226 0.415102 0.679617 0.415400 0.677858 0.414055 0.676249 0.414353 0.674490 0.413007 0.672881 0.413305 0.669362 0.410615 0.667754 0.410913 0.665995 0.409567 0.664386 0.409865 0.653831 0.401792 0.652222 0.402090 0.645185 0.396708 0.645035 0.395065 0.629202 0.382954 0.629051 0.381311 0.627292 0.379965 0.627142 0.378321 0.625382 0.376976 0.624479 0.367113 0.625938 0.365172 0.625787 0.363527 0.628704 0.359643 0.630312 0.359345 0.633228 0.355462 0.634837 0.355163 0.636295 0.353221 0.637903 0.352923 0.640821 0.349040 0.642429 0.348742 0.643888 0.346799 0.645496 0.346501 0.646955 0.344560 0.650171 0.343963 0.653088 0.340079 0.656306 0.339482 0.657764 0.337541 0.659373 0.337242 0.660831 0.335300 0.664048 0.334704 0.665506 0.332762 0.667115 0.332464 0.668573 0.330523 0.670182 0.330225 0.671641 0.328282 0.674858 0.327686 0.676316 0.325744 0.681142 0.324850 0.682600 0.322907 0.685818 0.322311 0.687276 0.320370 0.692102 0.319475 0.693560 0.317533 0.701604 0.316042 0.703062 0.314099 0.702611 0.309169
0 0.936112 0.071979 0.936714 0.078554 0.938473 0.079900 0.940082 0.079601 0.941841 0.080947 0.943449 0.080648 0.945209 0.081993 0.946817 0.081695 0.955614 0.088424 0.955764 0.090068 0.957524 0.091413 0.957674 0.093056 0.961192 0.095747 0.961342 0.097392 0.963102 0.098738 0.963253 0.100381 0.965011 0.101726 0.965312 0.105014 0.968831 0.107706 0.968981 0.109349 0.970741 0.110694 0.971042 0.113982 0.972802 0.115327 0.972952 0.116970 0.974711 0.118317 0.974862 0.119961 0.976621 0.121306 0.976922 0.124593 0.978681 0.125938 0.978831 0.127583 0.980590 0.128929 0.985417 0.128034 0.986922 0.144472 0.982095 0.145366 0.979180 0.149250 0.979330 0.150893 0.977721 0.151191 0.976264 0.153134 0.974654 0.153432 0.973195 0.155374 0.971587 0.155672 0.968671 0.159556 0.969122 0.164486 0.953035 0.167468 0.952584 0.162537 0.949065 0.159846 0.948915 0.158203 0.941878 0.152821 0.941727 0.151176 0.932931 0.144449 0.932780 0.142805 0.902874 0.119931 0.902723 0.118287 0.899205 0.115595 0.897596 0.115894 0.872967 0.097056 0.866533 0.098248 0.865329 0.085098
0 0.418045 0.488958 0.418647 0.495533 0.420406 0.496878 0.420557 0.498522 0.422315 0.499867 0.422466 0.501512 0.424226 0.502858 0.424376 0.504501 0.426136 0.505847 0.430961 0.504952 0.440443 0.608508 0.434008 0.609700 0.432550 0.611643 0.430941 0.611941 0.429484 0.613882 0.424657 0.614777 0.423198 0.616718 0.421590 0.617017 0.419831 0.615671 0.416613 0.616268 0.414854 0.614923 0.413246 0.615221 0.411486 0.613875 0.401834 0.615664 0.400074 0.614319 0.396858 0.614915 0.395098 0.613569 0.391881 0.614165 0.386604 0.610129 0.384994 0.610427 0.377957 0.605045 0.376349 0.605343 0.365793 0.597270 0.365642 0.595626 0.355087 0.587553 0.354936 0.585908 0.333827 0.569762 0.333676 0.568118 0.331917 0.566772 0.327091 0.567667 0.326940 0.566023 0.331766 0.565129 0.334683 0.561245 0.334532 0.559602 0.338907 0.553775 0.338757 0.552132 0.344589 0.544365 0.344438 0.542720 0.350271 0.534953 0.350120 0.533310 0.351730 0.533011 0.375061 0.501939 0.374609 0.497009
0 0.415005 0.616566 0.415908 0.626428 0.391777 0.630901 0.390018 0.629555 0.385191 0.630450 0.384439 0.622231
0 0.310843 0.622499 0.312498 0.640581 0.304454 0.642072 0.302997 0.644013 0.303448 0.648944 0.276100 0.654013 0.275649 0.649082 0.272129 0.646391 0.270521 0.646690 0.267003 0.643998 0.265393 0.644297 0.265243 0.642653 0.259966 0.638616 0.255139 0.639511 0.254537 0.632936
0 0.379486 0.228643 0.380991 0.245080 0.360077 0.248957 0.358318 0.247610 0.345448 0.249996 0.343690 0.248651 0.340471 0.249247 0.336954 0.246556 0.335344 0.246854 0.333585 0.245508 0.331976 0.245806 0.330218 0.244461 0.328609 0.244760 0.326849 0.243414 0.325241 0.243712 0.324789 0.238781
0 0.917794 0.175672 0.919449 0.193754 0.913015 0.194947 0.911556 0.196888 0.912007 0.201819 0.887877 0.206291 0.887426 0.201361 0.885667 0.200016 0.884058 0.200314 0.882298 0.198968 0.880690 0.199266 0.875412 0.195229 0.868978 0.196421 0.867924 0.184916
0 0.568505 0.220354 0.569558 0.231860 0.561514 0.233351 0.560057 0.235293 0.558447 0.235591 0.556990 0.237533 0.555380 0.237831 0.553923 0.239773 0.552315 0.240071 0.550856 0.242013 0.549248 0.242311 0.547789 0.244253 0.548240 0.249185 0.530544 0.252465 0.530092 0.247533 0.526575 0.244842 0.523357 0.245439 0.521598 0.244092 0.519989 0.244391 0.518230 0.243046 0.516622 0.243344 0.514862 0.241998 0.513253 0.242296 0.506217 0.236915 0.505765 0.231983
0 0.137971 0.306841 0.139476 0.323278 0.129823 0.325067 0.128365 0.327010 0.123539 0.327904 0.122081 0.329846 0.122533 0.334776 0.120923 0.335075 0.120472 0.330144 0.118712 0.328799 0.109061 0.330588 0.107405 0.312506
0 0.296394 0.464700 0.296846 0.469631 0.292020 0.470525 0.290561 0.472468 0.288952 0.472766 0.287494 0.474708 0.285886 0.475006 0.280052 0.482774 0.278444 0.483073 0.276987 0.485014 0.275377 0.485312 0.272461 0.489196 0.270853 0.489494 0.267936 0.493378 0.266327 0.493676 0.264868 0.495618 0.263260 0.495916 0.261802 0.497858 0.260193 0.498156 0.258734 0.500099 0.255518 0.500695 0.254059 0.502637 0.247624 0.503829 0.246167 0.505772 0.244558 0.506070 0.243099 0.508011 0.239882 0.508608 0.238424 0.510550 0.236815 0.510848 0.235357 0.512790 0.232139 0.513386 0.230681 0.515327 0.227463 0.515924 0.226005 0.517866 0.222788 0.518463 0.221329 0.520404 0.219721 0.520702 0.218262 0.522645 0.211827 0.523837 0.210370 0.525780 0.207152 0.526376 0.205695 0.528317 0.206146 0.533248 0.138579 0.545772 0.138127 0.540841 0.136369 0.539496 0.125107 0.541583 0.123348 0.540237 0.112088 0.542324 0.110328 0.540978 0.100676 0.542767 0.098916 0.541422 0.092481 0.542615 0.090723 0.541269 0.087505 0.541865 0.085746 0.540520 0.082528 0.541117 0.080769 0.539772 0.075944 0.540666 0.074184 0.539320 0.070966 0.539916 0.069208 0.538571 0.067599 0.538870 0.062321 0.534832 0.062020 0.531545 0.063478 0.529602 0.063328 0.527959 0.067703 0.522134 0.069311 0.521836 0.070769 0.519894 0.078813 0.518402 0.080270 0.516461 0.101184 0.512585 0.102642 0.510642 0.136426 0.504381 0.137884 0.502438 0.147537 0.500649 0.148994 0.498708 0.153820 0.497813 0.155279 0.495871 0.154827 0.490940
0 0.037773 0.347144 0.064962 0.346284 0.070700 0.349399 0.067682 0.361103 0.055867 0.366078 0.041120 0.368811 0.037563 0.359720
0 1.000000 0.202188 0.998991 0.198375 0.990304 0.196504 0.980255 0.198366 0.971124 0.200930 0.957593 0.211268 0.964684 0.214305 0.986167 0.216413 0.990274 0.214782 0.999774 0.206930
0 0.891985 0.136420 0.872256 0.134856 0.827876 0.143082 0.801999 0.148749 0.777794 0.154105 0.735560 0.167154 0.720198 0.176092 0.740241 0.181078 0.788385 0.186077 0.807433 0.189506 0.821223 0.191301 0.836295 0.188507 0.853933 0.176537 0.867986 0.162621 0.880365 0.149014
0 0.669943 0.268936 0.664817 0.259445 0.634125 0.259042 0.624468 0.265183 0.621510 0.270081 0.621377 0.277937 0.627475 0.279416 0.644299 0.277170 0.654348 0.275307 0.660968 0.273208 0.662485 0.271188
0 0.132196 0.627022 0.119870 0.631917 0.119425 0.636350 0.128034 0.637365 0.134732 0.636123 0.136015 0.631534 0.132275 0.627879
0 0.855483 0.277179 0.850905 0.273676 0.843972 0.272352 0.839104 0.274995 0.839809 0.282693 0.842555 0.284796 0.849724 0.288688 0.855351 0.285033 0.857549 0.281146
1 0.905879 0.269578 0.770242 0.239033 0.844357 0.304473
1 0.349912 0.261257 0.283977 0.238675 0.310154 0.319962
1 0.453740 0.242012 0.277935 0.228484 0.282303 0.238985 0.354176 0.261337
1 0.298680 0.808465 0.218292 0.851208 0.208865 0.887758 0.286767 0.855047 0.293969 0.812818
1 0.201415 0.713383 0.126518 0.760327 0.136037 0.789886 0.167020 0.784143
