0 0.437578 0.286017 0.438204 0.290930 0.441538 0.293741 0.442997 0.293509 0.444664 0.294914 0.446123 0.294681 0.449458 0.297492 0.450916 0.297260 0.457586 0.302882 0.459045 0.302650 0.464048 0.306867 0.464257 0.308504 0.465924 0.309910 0.471759 0.308982 0.476142 0.343367 0.471766 0.344063 0.466766 0.351540 0.466975 0.353178 0.460725 0.362524 0.459266 0.362756 0.455516 0.368364 0.454057 0.368596 0.452807 0.370465 0.451348 0.370698 0.448849 0.374436 0.447390 0.374668 0.446140 0.376538 0.444681 0.376770 0.443432 0.378639 0.440514 0.379103 0.439264 0.380973 0.437805 0.381205 0.436555 0.383073 0.432179 0.383769 0.430929 0.385638 0.426552 0.386334 0.425303 0.388204 0.409257 0.390756 0.407590 0.389350 0.384250 0.393061 0.383001 0.394931 0.378624 0.395627 0.377375 0.397496 0.374456 0.397960 0.373207 0.399829 0.370289 0.400293 0.369039 0.402163 0.367581 0.402395 0.366330 0.404264 0.364872 0.404496 0.363622 0.406366 0.362163 0.406598 0.360913 0.408467 0.359455 0.408699 0.355705 0.414306 0.354246 0.414538 0.352995 0.416408 0.351537 0.416640 0.349037 0.420379 0.349663 0.425291 0.327783 0.428771 0.320269 0.369824 0.324644 0.369128 0.328395 0.363520 0.328186 0.361883 0.329436 0.360013 0.329227 0.358377 0.340477 0.341552 0.341936 0.341320 0.344436 0.337581 0.345895 0.337349 0.348395 0.333610 0.349853 0.333378 0.351102 0.331509 0.352562 0.331277 0.353812 0.329408 0.356729 0.328944 0.357979 0.327075 0.360897 0.326611 0.362147 0.324741 0.372357 0.323117 0.373608 0.321249 0.380901 0.320089 0.382151 0.318219 0.386527 0.317523 0.387777 0.315654 0.389236 0.315422 0.390486 0.313552 0.393403 0.313089 0.394653 0.311219 0.396112 0.310987 0.397362 0.309118 0.398820 0.308886 0.401321 0.305147 0.402779 0.304915 0.404030 0.303045 0.405488 0.302813 0.410488 0.295337 0.409862 0.290424
0 0.840394 0.235326 0.841020 0.240238 0.842687 0.241644 0.844146 0.241412 0.845814 0.242818 0.847272 0.242586 0.848939 0.243991 0.850398 0.243759 0.853733 0.246570 0.855191 0.246338 0.856859 0.247744 0.858318 0.247512 0.859985 0.248917 0.861445 0.248684 0.864779 0.251495 0.866238 0.251263 0.867906 0.252668 0.869364 0.252436 0.872699 0.255248 0.874157 0.255016 0.885830 0.264854 0.886038 0.266491 0.891041 0.270707 0.895417 0.270012 0.901679 0.319133 0.897303 0.319829 0.894802 0.323568 0.895011 0.325205 0.892511 0.328944 0.892720 0.330582 0.887721 0.338059 0.887929 0.339697 0.885429 0.343436 0.883970 0.343668 0.880221 0.349275 0.880847 0.354188 0.845838 0.359755 0.845212 0.354842 0.840209 0.350626 0.838750 0.350858 0.832080 0.345237 0.829163 0.345701 0.822494 0.340078 0.816658 0.341006 0.814991 0.339601 0.813533 0.339833 0.811865 0.338427 0.806030 0.339355 0.804363 0.337950 0.802904 0.338182 0.801236 0.336777 0.799778 0.337009 0.796443 0.334198 0.794984 0.334430 0.789982 0.330213 0.785605 0.330909 0.779761 0.285062 0.784137 0.284366 0.786637 0.280627 0.786428 0.278989 0.787678 0.277121 0.787469 0.275483 0.789970 0.271745 0.789761 0.270107 0.791011 0.268238 0.790802 0.266600 0.797052 0.257254 0.796843 0.255616 0.799343 0.251877 0.800802 0.251645 0.804551 0.246037 0.803925 0.241125
0 0.267680 0.015670 0.275195 0.074616 0.270819 0.075312 0.267068 0.080919 0.267277 0.082557 0.266027 0.084426 0.264568 0.084658 0.260818 0.090267 0.259360 0.090498 0.256860 0.094237 0.257486 0.099150 0.221019 0.104949 0.220392 0.100036 0.218724 0.098630 0.217265 0.098862 0.215598 0.097457 0.212681 0.097921 0.211013 0.096515 0.206637 0.097211 0.204970 0.095806 0.202052 0.096270 0.200385 0.094864 0.196009 0.095560 0.194341 0.094155 0.188507 0.095083 0.186839 0.093677 0.181004 0.094605 0.179337 0.093200 0.169126 0.094824 0.167458 0.093419 0.139743 0.097826 0.138075 0.096420 0.104524 0.101756 0.102858 0.100351 0.094105 0.101742 0.092437 0.100336 0.086603 0.101264 0.084935 0.099858 0.079101 0.100786 0.077434 0.099381 0.075974 0.099613 0.074307 0.098208 0.071390 0.098672 0.069722 0.097266 0.068263 0.097498 0.066596 0.096092 0.065138 0.096324 0.058467 0.090703 0.057009 0.090934 0.056800 0.089298 0.050130 0.083676 0.049921 0.082038 0.046587 0.079227 0.046169 0.075953 0.042834 0.073143 0.038459 0.073838 0.035745 0.052552
0 1.000000 0.604872 1.000000 0.611422 1.000000 0.614233 1.000000 0.614001 1.000000 0.759729 1.000000 0.767384 1.000000 0.762471 1.000000 0.759661 1.000000 0.759892 1.000000 0.758488 1.000000 0.758719 1.000000 0.757314 1.000000 0.757777 0.999089 0.756371 0.996171 0.756835 0.994504 0.755431 0.993045 0.755663 0.991378 0.754258 0.989919 0.754490 0.983249 0.748868 0.983041 0.747230 0.981374 0.745824 0.975538 0.746752 0.971781 0.717280 0.976157 0.716584 0.978657 0.712844 0.978449 0.711207 0.979699 0.709337 0.979282 0.706064 0.980531 0.704194 0.980322 0.702556 0.981572 0.700687 0.981363 0.699050 0.983863 0.695311 0.983654 0.693674 0.984905 0.691804 0.984696 0.690167 0.992196 0.678951 0.991987 0.677313 0.993238 0.675444 0.992820 0.672169 0.994070 0.670300 0.993235 0.663751 0.994484 0.661881 0.993858 0.656968 0.995109 0.655099 0.994900 0.653462 0.998650 0.647854 0.998442 0.646217 1.000000 0.638738 1.000000 0.637102 1.000000 0.631493 1.000000 0.629856 1.000000 0.622379 1.000000 0.620741 1.000000 0.613263 1.000000 0.608352
0 0.605166 0.479884 0.605792 0.484797 0.609127 0.487608 0.610586 0.487376 0.612254 0.488781 0.613712 0.488549 0.618714 0.492765 0.620173 0.492533 0.625175 0.496750 0.625384 0.498386 0.627052 0.499792 0.632887 0.498864 0.639566 0.551261 0.635190 0.551957 0.626440 0.565042 0.624982 0.565274 0.621231 0.570883 0.619772 0.571115 0.618523 0.572984 0.617064 0.573216 0.615814 0.575085 0.614356 0.575317 0.611856 0.579056 0.612482 0.583967 0.594977 0.586751 0.594351 0.581839 0.591015 0.579029 0.588098 0.579492 0.586431 0.578088 0.583514 0.578551 0.581847 0.577145 0.580387 0.577378 0.577052 0.574567 0.575593 0.574799 0.572259 0.571988 0.570800 0.572220 0.564130 0.566598 0.562672 0.566830 0.559336 0.564019 0.557878 0.564251 0.551208 0.558629 0.549749 0.558861 0.548082 0.557456 0.546624 0.557688 0.541621 0.553472 0.540163 0.553703 0.536827 0.550893 0.535369 0.551125 0.525364 0.542692 0.520988 0.543388 0.519319 0.530289 0.523694 0.529593 0.527445 0.523984 0.527236 0.522347 0.533485 0.513000 0.534945 0.512768 0.538694 0.507161 0.540153 0.506929 0.541403 0.505059 0.542861 0.504827 0.544111 0.502958 0.545571 0.502726 0.548071 0.498987 0.549529 0.498755 0.550778 0.496887 0.552238 0.496655 0.554738 0.492916 0.554111 0.488003
0 0.963683 0.863908 0.964518 0.870457 0.966186 0.871862 0.967645 0.871630 0.969312 0.873036 0.970772 0.872804 0.972439 0.874210 0.973897 0.873978 0.977232 0.876788 0.978691 0.876556 0.982026 0.879367 0.983485 0.879135 0.986820 0.881947 0.988278 0.881715 0.993280 0.885931 0.994739 0.885699 1.000000 0.899753 1.000000 0.901391 1.000000 0.904201 1.000000 0.905839 1.000000 0.908650 1.000000 0.910287 1.000000 0.911692 1.000000 0.913329 1.000000 0.914735 1.000000 0.918010 1.000000 0.919415 1.000000 0.922691 1.000000 0.925502 1.000000 0.924806 1.000000 0.960827 0.845967 0.991215 0.842210 0.961742 0.848044 0.960815 0.849295 0.958945 0.849086 0.957307 0.850336 0.955438 0.850127 0.953801 0.852628 0.950062 0.852419 0.948424 0.856169 0.942817 0.855960 0.941179 0.877210 0.909399 0.878668 0.909168 0.882418 0.903560 0.883877 0.903328 0.885127 0.901458 0.886586 0.901226 0.889086 0.897488 0.890545 0.897256 0.891794 0.895387 0.893253 0.895155 0.894503 0.893285 0.895961 0.893053 0.897212 0.891184 0.898671 0.890952 0.899920 0.889082 0.901379 0.888850 0.902629 0.886981 0.904088 0.886749 0.905338 0.884881 0.906796 0.884649 0.908046 0.882779 0.910964 0.882315 0.912214 0.880445 0.913673 0.880213 0.914922 0.878344 0.916381 0.878112 0.917632 0.876243 0.917005 0.871331
0 0.797937 0.509371 0.798564 0.514283 0.801899 0.517095 0.803357 0.516863 0.815029 0.526700 0.815238 0.528337 0.818573 0.531149 0.818782 0.532786 0.822117 0.535597 0.822325 0.537234 0.825660 0.540046 0.825869 0.541682 0.832539 0.547304 0.832747 0.548941 0.837749 0.553158 0.842126 0.552462 0.857572 0.673629 0.853195 0.674325 0.849446 0.679932 0.849655 0.681570 0.840904 0.694656 0.839446 0.694888 0.836946 0.698626 0.835488 0.698858 0.834237 0.700728 0.832778 0.700960 0.831529 0.702829 0.830070 0.703061 0.828820 0.704930 0.829446 0.709842 0.787143 0.716569 0.786517 0.711658 0.781515 0.707441 0.780057 0.707673 0.770051 0.699241 0.769842 0.697603 0.764840 0.693386 0.764632 0.691749 0.761297 0.688939 0.761088 0.687301 0.759421 0.685896 0.759212 0.684259 0.757545 0.682853 0.757336 0.681215 0.755669 0.679810 0.755460 0.678172 0.752124 0.675362 0.751707 0.672087 0.750040 0.670682 0.749622 0.667407 0.747955 0.666002 0.747537 0.662726 0.745870 0.661321 0.745035 0.654772 0.743368 0.653367 0.742951 0.650091 0.741283 0.648686 0.736907 0.649382 0.731689 0.608447 0.736064 0.607751 0.737315 0.605882 0.736689 0.600970 0.737938 0.599100 0.736060 0.584363 0.737309 0.582494 0.735848 0.571033 0.737098 0.569163 0.736055 0.560977 0.737304 0.559107 0.736887 0.555832 0.738137 0.553963 0.737720 0.550688 0.738970 0.548819 0.738761 0.547181 0.740011 0.545312 0.739802 0.543675 0.742302 0.539935 0.742094 0.538298 0.753344 0.521474 0.752718 0.516562
0 0.518579 0.000000 0.520875 0.000000 0.515040 0.000000 0.507540 0.005927 0.506082 0.006159 0.502332 0.011767 0.500873 0.011999 0.498373 0.015738 0.496914 0.015970 0.495665 0.017839 0.494206 0.018071 0.491706 0.021809 0.490246 0.022041 0.488997 0.023911 0.483162 0.024839 0.481912 0.026709 0.474619 0.027869 0.473369 0.029738 0.467533 0.030666 0.465034 0.034404 0.463575 0.034636 0.462325 0.036506 0.460866 0.036738 0.457117 0.042345 0.457743 0.047258 0.361467 0.062568 0.360841 0.057655 0.350836 0.049223 0.350627 0.047586 0.347293 0.044774 0.347085 0.043137 0.343749 0.040326 0.343540 0.038689 0.340206 0.035877 0.339997 0.034240 0.336662 0.031429 0.336454 0.029793 0.333118 0.026982 0.332909 0.025344 0.331242 0.023939 0.331034 0.022301 0.329367 0.020896 0.329158 0.019258 0.327490 0.017852 0.323114 0.018548 0.321653 0.007087
0 0.750385 0.323145 0.751846 0.334606 0.753513 0.336012 0.759775 0.385134 0.761443 0.386539 0.762696 0.396364 0.764363 0.397769 0.765407 0.405957 0.767074 0.407362 0.767700 0.412273 0.769368 0.413679 0.769994 0.418591 0.771661 0.419997 0.772079 0.423272 0.773747 0.424677 0.774164 0.427952 0.775831 0.429357 0.776249 0.432632 0.777916 0.434037 0.778124 0.435675 0.781459 0.438486 0.781668 0.440124 0.783336 0.441529 0.783544 0.443165 0.788547 0.447382 0.788756 0.449019 0.793758 0.453236 0.793967 0.454874 0.802304 0.461901 0.803763 0.461668 0.808766 0.465885 0.813141 0.465189 0.815855 0.486475 0.810020 0.487403 0.806269 0.493011 0.804811 0.493243 0.802311 0.496981 0.800852 0.497213 0.797102 0.502822 0.797729 0.507733 0.743756 0.516316 0.742921 0.509767 0.731249 0.499929 0.731040 0.498291 0.729373 0.496886 0.729164 0.495249 0.725829 0.492437 0.725620 0.490800 0.723953 0.489395 0.723744 0.487758 0.722077 0.486352 0.721869 0.484715 0.720201 0.483309 0.715825 0.484005 0.705806 0.405411 0.710182 0.404715 0.711432 0.402845 0.711224 0.401208 0.712473 0.399338 0.712056 0.396064 0.713305 0.394194 0.712888 0.390919 0.714138 0.389050 0.713721 0.385775 0.714970 0.383906 0.714553 0.380632 0.715803 0.378762 0.715594 0.377124 0.716845 0.375255 0.716636 0.373617 0.717886 0.371748 0.717677 0.370111 0.718927 0.368241 0.718719 0.366605 0.721218 0.362866 0.721009 0.361228 0.723509 0.357489 0.723300 0.355851 0.727051 0.350244 0.726842 0.348607 0.731842 0.341128 0.731633 0.339492 0.732883 0.337622 0.734342 0.337390 0.738091 0.331782 0.737256 0.325233
0 0.247561 0.476609 0.248187 0.481521 0.256524 0.488549 0.257982 0.488317 0.266320 0.495343 0.267778 0.495112 0.276116 0.502139 0.277575 0.501907 0.285912 0.508934 0.287371 0.508702 0.294040 0.514325 0.295499 0.514093 0.300501 0.518308 0.301960 0.518076 0.310298 0.525103 0.311756 0.524871 0.326763 0.537521 0.328222 0.537289 0.339893 0.547126 0.341353 0.546894 0.348022 0.552516 0.349481 0.552284 0.349689 0.553922 0.353025 0.556733 0.354483 0.556501 0.361153 0.562122 0.362612 0.561890 0.377619 0.574539 0.379078 0.574307 0.382412 0.577119 0.382621 0.578756 0.384289 0.580160 0.385748 0.579928 0.394085 0.586956 0.394293 0.588594 0.399295 0.592810 0.400754 0.592578 0.409092 0.599605 0.409301 0.601242 0.410968 0.602647 0.412427 0.602415 0.419097 0.608037 0.420555 0.607805 0.422222 0.609211 0.422431 0.610849 0.432436 0.619282 0.433895 0.619050 0.435563 0.620454 0.435980 0.623729 0.437647 0.625135 0.437856 0.626772 0.444525 0.632394 0.445360 0.638943 0.448695 0.641754 0.448904 0.643391 0.450571 0.644797 0.451197 0.649710 0.452865 0.651115 0.453074 0.652752 0.454742 0.654157 0.454951 0.655795 0.468289 0.667038 0.468498 0.668676 0.480170 0.678514 0.480379 0.680151 0.482047 0.681556 0.482256 0.683194 0.488926 0.688816 0.490384 0.688584 0.505391 0.701232 0.506849 0.701000 0.515187 0.708028 0.516646 0.707796 0.521648 0.712013 0.523107 0.711781 0.543116 0.728645 0.544575 0.728413 0.561249 0.742467 0.562708 0.742235 0.572712 0.750668 0.574171 0.750436 0.584175 0.758869 0.588552 0.758173 0.591265 0.779459 0.586889 0.780155 0.583139 0.785764 0.583348 0.787401 0.577099 0.796748 0.577307 0.798385 0.572307 0.805862 0.570848 0.806094 0.563348 0.817310 0.561889 0.817542 0.555640 0.826888 0.554181 0.827120 0.551682 0.830860 0.550222 0.831092 0.546473 0.836700 0.547099 0.841612 0.456658 0.855994 0.456032 0.851081 0.452697 0.848271 0.449780 0.848734 0.448112 0.847330 0.445195 0.847793 0.443528 0.846387 0.439151 0.847083 0.437483 0.845678 0.434567 0.846141 0.432899 0.844736 0.431440 0.844969 0.429773 0.843563 0.428315 0.843795 0.426647 0.842389 0.422270 0.843085 0.420603 0.841679 0.417686 0.842143 0.416018 0.840739 0.413101 0.841202 0.411433 0.839797 0.408516 0.840261 0.406848 0.838856 0.403931 0.839319 0.402264 0.837914 0.399346 0.838377 0.397679 0.836972 0.394761 0.837436 0.393094 0.836030 0.391635 0.836263 0.389968 0.834858 0.387050 0.835321 0.385382 0.833917 0.383924 0.834149 0.382257 0.832742 0.380798 0.832974 0.377463 0.830164 0.376004 0.830396 0.374337 0.828991 0.372879 0.829223 0.371211 0.827817 0.369752 0.828049 0.368085 0.826644 0.366626 0.826876 0.364958 0.825470 0.363499 0.825702 0.361832 0.824296 0.358915 0.824760 0.355580 0.821950 0.354121 0.822182 0.352454 0.820776 0.350996 0.821008 0.349328 0.819602 0.347869 0.819834 0.346201 0.818429 0.344742 0.818661 0.341408 0.815850 0.339949 0.816082 0.338281 0.814676 0.336823 0.814908 0.335156 0.813503 0.333697 0.813735 0.330362 0.810924 0.328903 0.811156 0.327236 0.809751 0.325778 0.809983 0.322442 0.807171 0.320983 0.807403 0.319316 0.805998 0.317857 0.806230 0.316190 0.804825 0.314731 0.805057 0.311396 0.802247 0.309938 0.802478 0.308270 0.801073 0.306811 0.801305 0.305144 0.799899 0.303686 0.800131 0.298683 0.795915 0.297224 0.796147 0.295557 0.794741 0.294098 0.794973 0.290763 0.792163 0.289304 0.792395 0.285969 0.789583 0.284511 0.789815 0.282843 0.788410 0.281384 0.788642 0.278050 0.785831 0.276591 0.786063 0.274923 0.784658 0.273465 0.784890 0.271798 0.783484 0.270339 0.783716 0.268671 0.782310 0.267212 0.782542 0.265545 0.781137 0.264086 0.781369 0.260752 0.778558 0.259292 0.778790 0.255958 0.775979 0.254499 0.776212 0.246162 0.769184 0.244703 0.769416 0.224694 0.752552 0.223236 0.752783 0.216565 0.747161 0.215107 0.747393 0.203434 0.737555 0.201976 0.737787 0.171962 0.712490 0.171753 0.710853 0.155079 0.696798 0.154870 0.695160 0.151535 0.692350 0.151326 0.690712 0.144656 0.685090 0.144448 0.683453 0.142780 0.682048 0.142571 0.680410 0.139237 0.677599 0.139028 0.675961 0.137361 0.674557 0.137152 0.672920 0.135484 0.671514 0.135275 0.669876 0.131940 0.667066 0.131732 0.665428 0.130065 0.664023 0.129647 0.660747 0.127980 0.659342 0.127771 0.657705 0.126104 0.656300 0.125686 0.653025 0.124018 0.651620 0.123809 0.649982 0.122142 0.648576 0.117767 0.649272 0.109209 0.582139 0.113584 0.581444 0.117335 0.575836 0.117126 0.574198 0.118376 0.572328 0.118167 0.570691 0.119416 0.568822 0.119208 0.567185 0.121708 0.563446 0.121499 0.561809 0.131499 0.546853 0.131290 0.545216 0.133791 0.541477 0.135249 0.541245 0.137749 0.537507 0.139207 0.537275 0.142958 0.531666 0.144416 0.531434 0.148167 0.525827 0.149626 0.525595 0.150875 0.523726 0.152334 0.523494 0.154834 0.519755 0.156293 0.519523 0.157542 0.517653 0.159001 0.517421 0.160252 0.515551 0.161710 0.515320 0.162960 0.513451 0.164419 0.513219 0.165668 0.511349 0.167127 0.511117 0.168378 0.509248 0.169836 0.509016 0.171086 0.507146 0.174003 0.506682 0.175254 0.504813 0.178171 0.504350 0.179421 0.502481 0.180880 0.502249 0.182130 0.500379 0.185047 0.499915 0.186297 0.498046 0.189215 0.497582 0.190465 0.495712 0.193381 0.495249 0.194632 0.493379 0.200467 0.492451 0.201716 0.490582 0.203175 0.490350 0.204426 0.488480 0.203800 0.483568
0 0.997244 0.905347 0.998079 0.911897 0.999746 0.913303 1.000000 0.916577 1.000000 0.919389 1.000000 0.917765 1.000000 0.963611 0.968499 0.971730 0.963072 0.929157 0.968906 0.928230 0.971407 0.924492 0.971198 0.922854 0.972448 0.920984 0.972239 0.919347 0.974739 0.915609 0.973905 0.909059
1 0.871474 0.043278 0.872743 0.134959 0.864219 0.231538 0.875893 0.253069 0.832544 0.239915 0.811705 0.239888 0.793577 0.249453 0.780038 0.283347 0.787550 0.330600 0.794219 0.336221 0.827146 0.337668 0.857786 0.367877 0.855728 0.491829 0.844499 0.613896 0.840383 0.861798 0.833512 0.889620 0.820383 0.891708 0.799333 0.878349 0.233665 0.468796 0.193438 0.433428 0.196145 0.419633 0.252820 0.385561 0.432646 0.290142 0.444313 0.276593 0.825630 0.057251 0.862096 0.039757
0 0.807433 0.070168 0.816819 0.108769 0.813697 0.130983 0.788071 0.163458 0.721204 0.292702 0.697452 0.316528 0.640790 0.420761 0.620162 0.434065 0.587025 0.430980 0.573269 0.416462 0.576174 0.357530 0.583255 0.331345 0.602213 0.304942 0.610960 0.280164 0.710124 0.124065 0.736378 0.108196 0.757000 0.059811 0.773669 0.050479 0.789091 0.054708
0 0.608176 0.923782 0.610474 0.953487 0.552766 1.000000 0.367509 1.000000 0.378344 1.000000 0.430440 1.000000 0.452730 1.000000 0.469806 0.947456 0.460206 0.883829 0.476248 0.857890 0.523344 0.853742 0.546685 0.861724 0.584202 0.887500
