0 0.381013 0.420037 0.381342 0.426833 0.382894 0.428317 0.382976 0.430014 0.386078 0.432978 0.386160 0.434674 0.392356 0.440595 0.392437 0.442289 0.397078 0.446721 0.397159 0.448414 0.412585 0.463146 0.414045 0.462929 0.420197 0.468805 0.421655 0.468587 0.421733 0.470273 0.424803 0.473205 0.426260 0.472987 0.429328 0.475918 0.429406 0.477601 0.434002 0.481992 0.438363 0.481335 0.439665 0.509872 0.429502 0.511425 0.427971 0.509969 0.425063 0.510413 0.423531 0.508957 0.422076 0.509179 0.420542 0.507721 0.419087 0.507943 0.417552 0.506486 0.416096 0.506707 0.413025 0.503790 0.411567 0.504012 0.408492 0.501091 0.407033 0.501313 0.405495 0.499851 0.404035 0.500073 0.399413 0.495686 0.397952 0.495907 0.391779 0.490049 0.390315 0.490270 0.384131 0.484402 0.382665 0.484623 0.379568 0.481685 0.378102 0.481905 0.375002 0.478965 0.373533 0.479185 0.364215 0.470350 0.364131 0.468655 0.348549 0.453878 0.347074 0.454096 0.339257 0.446686 0.338740 0.436475 0.340132 0.434557 0.340046 0.432853 0.341440 0.430935 0.341182 0.425824
0 0.563297 0.195933 0.563561 0.202775 0.565071 0.204297 0.565137 0.206006 0.568153 0.209046 0.572476 0.208479 0.574493 0.261279 0.570182 0.261862 0.564692 0.269436 0.564758 0.271135 0.563385 0.273028 0.563451 0.274727 0.560706 0.278514 0.560772 0.280212 0.559399 0.282106 0.559465 0.283802 0.556720 0.287590 0.556787 0.289287 0.554043 0.293075 0.554243 0.298163 0.521065 0.302735 0.520856 0.297635 0.516305 0.293128 0.514856 0.293326 0.511818 0.290318 0.510368 0.290516 0.505805 0.286000 0.504353 0.286198 0.502831 0.284692 0.502688 0.281280 0.499640 0.278263 0.495280 0.278855 0.494846 0.268609 0.499209 0.268020 0.500592 0.266115 0.500520 0.264406 0.501901 0.262503 0.501758 0.259084 0.503140 0.257180 0.503068 0.255470 0.504451 0.253566 0.504379 0.251856 0.505762 0.249952 0.505548 0.244819 0.506930 0.242914 0.505405 0.241396 0.504834 0.227692 0.503307 0.226169 0.502949 0.217592 0.504334 0.215684 0.504262 0.213968 0.507030 0.210155 0.506745 0.203285
0 0.418337 0.172958 0.418656 0.179899 0.420214 0.181445 0.420453 0.186646 0.422009 0.188190 0.422168 0.191654 0.423725 0.193197 0.423883 0.196660 0.425437 0.198200 0.425595 0.201660 0.427149 0.203200 0.427307 0.206658 0.428860 0.208195 0.428939 0.209924 0.430492 0.211461 0.430570 0.213188 0.432122 0.214724 0.432200 0.216450 0.435301 0.219518 0.435379 0.221244 0.455474 0.241119 0.456939 0.240925 0.458480 0.242450 0.462874 0.241868 0.463626 0.259031 0.457773 0.259814 0.456386 0.261725 0.454921 0.261921 0.452144 0.265745 0.452373 0.270889 0.425960 0.274445 0.425724 0.269292 0.422624 0.266248 0.422545 0.264529 0.413228 0.255381 0.411754 0.255577 0.402413 0.246407 0.400934 0.246603 0.399374 0.245072 0.399293 0.243347 0.396172 0.240281 0.394692 0.240476 0.386876 0.232805 0.385393 0.232999 0.383827 0.231463 0.382344 0.231657 0.380777 0.230120 0.374838 0.230897 0.373077 0.194454 0.377541 0.193883 0.385963 0.182313 0.385714 0.177095
0 0.562790 0.660203 0.563049 0.666737 0.564525 0.668135 0.565937 0.667900 0.568886 0.670694 0.570295 0.670459 0.571768 0.671855 0.573177 0.671619 0.576121 0.674409 0.577528 0.674174 0.578999 0.675569 0.584626 0.674628 0.585315 0.692525 0.579694 0.693473 0.578351 0.695336 0.576945 0.695573 0.575602 0.697438 0.572788 0.697913 0.571445 0.699778 0.568630 0.700253 0.567287 0.702118 0.564469 0.702594 0.563125 0.704460 0.560307 0.704937 0.558963 0.706802 0.554732 0.707519 0.553387 0.709385 0.550564 0.709864 0.549219 0.711731 0.547808 0.711970 0.546461 0.713838 0.545048 0.714078 0.543703 0.715945 0.542290 0.716185 0.540943 0.718052 0.539531 0.718293 0.535490 0.723898 0.535557 0.725526 0.532863 0.729261 0.532931 0.730888 0.531584 0.732757 0.531651 0.734383 0.530304 0.736251 0.530372 0.737877 0.528957 0.738120 0.527611 0.739989 0.527678 0.741614 0.524985 0.745351 0.522154 0.745838 0.520807 0.747706 0.517975 0.748194 0.516627 0.750064 0.510959 0.751040 0.509610 0.752911 0.503938 0.753888 0.502588 0.755759 0.502797 0.760638 0.480056 0.764568 0.479840 0.759682 0.478345 0.758299 0.474069 0.759036 0.472570 0.757651 0.468291 0.758388 0.465290 0.755616 0.463862 0.755861 0.462360 0.754475 0.460931 0.754721 0.457925 0.751945 0.456495 0.752191 0.454991 0.750802 0.453560 0.751047 0.447534 0.745487 0.446102 0.745732 0.444593 0.744340 0.440292 0.745075 0.439687 0.731970 0.443991 0.731239 0.446709 0.727473 0.446634 0.725834 0.449352 0.722070 0.449277 0.720430 0.450636 0.718548 0.450561 0.716907 0.458715 0.705615 0.458641 0.703974 0.460000 0.702091 0.461433 0.701851 0.466867 0.694326 0.468299 0.694087 0.469656 0.692205 0.471088 0.691966 0.473803 0.688205 0.475234 0.687966 0.476591 0.686086 0.479451 0.685609 0.480808 0.683729 0.482237 0.683491 0.483594 0.681612 0.486450 0.681136 0.489164 0.677377 0.488950 0.672452
0 0.313012 0.881149 0.313360 0.887676 0.314901 0.889045 0.314987 0.890676 0.318066 0.893412 0.323873 0.892364 0.325586 0.924888 0.319789 0.925948 0.317062 0.929727 0.317148 0.931351 0.315784 0.933240 0.316043 0.938109 0.279700 0.944791 0.279431 0.939911 0.274785 0.935829 0.273325 0.936097 0.270223 0.933372 0.268763 0.933639 0.256328 0.922722 0.250467 0.923788 0.249726 0.910706 0.257057 0.909380 0.258431 0.907480 0.259896 0.907216 0.261269 0.905316 0.262734 0.905052 0.264107 0.903151 0.265571 0.902887 0.266944 0.900987 0.269870 0.900459 0.271243 0.898561 0.275630 0.897770 0.277002 0.895871 0.282847 0.894818 0.285589 0.891025 0.285321 0.886120
0 0.684575 0.302114 0.684849 0.310491 0.680624 0.311084 0.679270 0.312956 0.676452 0.313351 0.675097 0.315225 0.673687 0.315423 0.672333 0.317296 0.670923 0.317494 0.669568 0.319369 0.668157 0.319567 0.666803 0.321441 0.665391 0.321640 0.662680 0.325389 0.662850 0.330414 0.641642 0.333415 0.641467 0.328382 0.639991 0.326903 0.635738 0.327502 0.635501 0.320786 0.639756 0.320188 0.645191 0.312674 0.645016 0.307633
0 0.947250 0.570862 0.947343 0.575646 0.951426 0.579770 0.955413 0.579113 0.955808 0.599792 0.951825 0.600454 0.950528 0.602265 0.949200 0.602486 0.947902 0.604297 0.946574 0.604518 0.945276 0.606328 0.942617 0.606772 0.941319 0.608583 0.939989 0.608805 0.938626 0.607437 0.937296 0.607658 0.931841 0.602180 0.931809 0.600588 0.918135 0.586852 0.914124 0.587513 0.913887 0.576328
0 0.381866 0.528871 0.383010 0.552378 0.377163 0.553286 0.374403 0.557096 0.374650 0.562127 0.362941 0.563954 0.362690 0.558919 0.359591 0.556017 0.358125 0.556245 0.353470 0.551886 0.349065 0.552568 0.348131 0.534052
0 0.660478 0.591630 0.661431 0.619328 0.653072 0.620699 0.651735 0.622555 0.634983 0.625304 0.633527 0.623904 0.630730 0.624363 0.629271 0.622961 0.627872 0.623190 0.624954 0.620386 0.624895 0.618754 0.623435 0.617350 0.617828 0.618266 0.617528 0.610096 0.623138 0.609183 0.628506 0.601737 0.628329 0.596832
0 0.790190 0.267320 0.790734 0.287303 0.786577 0.287883 0.781215 0.295313 0.781307 0.298640 0.782739 0.300108 0.782785 0.301770 0.785648 0.304704 0.791186 0.303924 0.791728 0.323832 0.787579 0.324423 0.783565 0.329988 0.782181 0.330186 0.774149 0.341318 0.772764 0.341517 0.771425 0.343374 0.768653 0.343772 0.767313 0.345628 0.763151 0.346227 0.761812 0.348085 0.754870 0.349084 0.753529 0.350943 0.750749 0.351344 0.749407 0.353202 0.749554 0.358176 0.721696 0.362205 0.720618 0.327264 0.724813 0.326669 0.728852 0.321076 0.728801 0.319408 0.738225 0.306360 0.739621 0.306164 0.753076 0.287531 0.754470 0.287338 0.758504 0.281750 0.759897 0.281557 0.762586 0.277833 0.762395 0.271154
0 0.420934 0.516114 0.421247 0.522823 0.422779 0.524276 0.422857 0.525951 0.424389 0.527403 0.424544 0.530753 0.423169 0.532653 0.420262 0.533101 0.418886 0.535001 0.420419 0.536451 0.421872 0.536226 0.423403 0.537675 0.429211 0.536776 0.430740 0.538225 0.433640 0.537776 0.435168 0.539222 0.443861 0.537875 0.445385 0.539322 0.448278 0.538873 0.451322 0.541763 0.454214 0.541314 0.455733 0.542757 0.458622 0.542308 0.460141 0.543752 0.461584 0.543527 0.464618 0.546411 0.466061 0.546187 0.475147 0.554826 0.475220 0.556489 0.478243 0.559364 0.478315 0.561026 0.482846 0.565331 0.488592 0.564426 0.489882 0.594264 0.484146 0.595181 0.480058 0.600837 0.478623 0.601067 0.475897 0.604839 0.474461 0.605069 0.471735 0.608841 0.470298 0.609072 0.467571 0.612845 0.451742 0.615394 0.450227 0.613970 0.448786 0.614201 0.447269 0.612775 0.445826 0.613007 0.444308 0.611580 0.442866 0.611812 0.441346 0.610385 0.439903 0.610617 0.438383 0.609189 0.436938 0.609421 0.432373 0.605133 0.430926 0.605364 0.427880 0.602503 0.426432 0.602734 0.418801 0.595571 0.418722 0.593906 0.414135 0.589599 0.414057 0.587933 0.409464 0.583619 0.409385 0.581951 0.407853 0.580513 0.407773 0.578843 0.406240 0.577403 0.406161 0.575733 0.401558 0.571408 0.401478 0.569736 0.398406 0.566849 0.398326 0.565177 0.395251 0.562286 0.395171 0.560612 0.393632 0.559165 0.393552 0.557491 0.392013 0.556044 0.391932 0.554368 0.390392 0.552919 0.390311 0.551243 0.388770 0.549794 0.388608 0.546439 0.387067 0.544988 0.386904 0.541632 0.385361 0.540180 0.385280 0.538501 0.382193 0.535593 0.381538 0.522144
0 0.679483 0.489781 0.680029 0.506225 0.673048 0.507309 0.669021 0.512893 0.663428 0.513764 0.661973 0.512337 0.660573 0.512555 0.659117 0.511128 0.653513 0.511999 0.652886 0.493879
0 0.964433 0.491056 0.964760 0.508701 0.960765 0.509337 0.959403 0.507945 0.948734 0.509641 0.947368 0.508249 0.946032 0.508461 0.943298 0.505673 0.941962 0.505885 0.940593 0.504491 0.939256 0.504702 0.935146 0.500515 0.935049 0.495690
0 0.776324 0.369245 0.776834 0.387399 0.750527 0.391272 0.749992 0.373084
0 0.562577 0.400409 0.563232 0.417165 0.557515 0.418006 0.556152 0.419890 0.550429 0.420733 0.549064 0.422620 0.549264 0.427644 0.546401 0.428067 0.546200 0.423042 0.544701 0.421576 0.540402 0.422209 0.538900 0.420744 0.536033 0.421166 0.534529 0.419700 0.530222 0.420333 0.529606 0.405216
0 0.819105 0.095024 0.819666 0.116988 0.812711 0.117867 0.811363 0.119733 0.807186 0.120261 0.805837 0.122127 0.804445 0.122303 0.803095 0.124169 0.801701 0.124345 0.800353 0.126211 0.797564 0.126565 0.796214 0.128432 0.793425 0.128786 0.790725 0.132520 0.790862 0.137586 0.767096 0.140622 0.766953 0.135547 0.764055 0.132518 0.759848 0.133053 0.759509 0.121189 0.765121 0.120482 0.775955 0.105509 0.775814 0.100421
0 0.206291 0.596949 0.207272 0.613877 0.198277 0.615298 0.196877 0.617227 0.195376 0.617464 0.193775 0.616009 0.192274 0.616246 0.190674 0.614791 0.189171 0.615028 0.185966 0.612112 0.185866 0.610418 0.184261 0.608959 0.183760 0.600479
0 0.334114 0.864191 0.335302 0.887014 0.328054 0.888321 0.326689 0.890211 0.323787 0.890734 0.322249 0.889367 0.319345 0.889890 0.317807 0.888521 0.317720 0.886891 0.314641 0.884152 0.314554 0.882520 0.306843 0.875660 0.301016 0.876703 0.300664 0.870162
0 0.930346 0.528671 0.930476 0.535085 0.931846 0.536473 0.931879 0.538075 0.934615 0.540849 0.938622 0.540202 0.939100 0.564188 0.929760 0.565713 0.928392 0.564333 0.924383 0.564986 0.920272 0.560840 0.918935 0.561058 0.907945 0.549980 0.907911 0.548376 0.906535 0.546988 0.902509 0.547638 0.902194 0.533183
0 0.694325 0.253536 0.694595 0.261947 0.688957 0.262716 0.684890 0.268340 0.683479 0.268533 0.682123 0.270408 0.680711 0.270601 0.676641 0.276228 0.675230 0.276422 0.669802 0.283926 0.668389 0.284121 0.664317 0.289750 0.664373 0.291432 0.662959 0.291628 0.657530 0.299135 0.656114 0.299332 0.653398 0.303087 0.651983 0.303284 0.650624 0.305161 0.649207 0.305359 0.647850 0.307238 0.646432 0.307435 0.645074 0.309313 0.643656 0.309511 0.642298 0.311390 0.629527 0.313175 0.629049 0.299709 0.634732 0.298921 0.638815 0.293278 0.640235 0.293082 0.642955 0.289323 0.644374 0.289127 0.645733 0.287246 0.647152 0.287051 0.649872 0.283292 0.651290 0.283096 0.652649 0.281218 0.654067 0.281023 0.656785 0.277264 0.658201 0.277070 0.660919 0.273313 0.660862 0.271629 0.662278 0.271435 0.667713 0.263923 0.667488 0.257181
0 0.367273 0.739281 0.367520 0.744224 0.370585 0.747024 0.370667 0.748671 0.372200 0.750070 0.373649 0.749823 0.376711 0.752620 0.376793 0.754264 0.378322 0.755660 0.379769 0.755413 0.384353 0.759601 0.384434 0.761243 0.385960 0.762637 0.387406 0.762389 0.387487 0.764031 0.393585 0.769599 0.399356 0.768606 0.400939 0.801328 0.395178 0.802334 0.393817 0.804220 0.383722 0.805984 0.382359 0.807872 0.379472 0.808377 0.378109 0.810264 0.365098 0.812540 0.363733 0.814430 0.355043 0.815951 0.351977 0.813184 0.351894 0.811545 0.350360 0.810160 0.349858 0.800321 0.342174 0.793374 0.342089 0.791732 0.335931 0.786161 0.331562 0.786915 0.330963 0.775391 0.336791 0.774391 0.338162 0.772494 0.339619 0.772245 0.340989 0.770348 0.342444 0.770098 0.347928 0.762514 0.347591 0.755924 0.346051 0.754523 0.344595 0.754771 0.343055 0.753371 0.340142 0.753866 0.335513 0.749660 0.335257 0.744705
0 0.905281 0.000000 0.905710 0.000000 0.898812 0.000000 0.897468 0.000000 0.894707 0.000000 0.893363 0.001071 0.890600 0.001397 0.889255 0.003256 0.886490 0.003583 0.885145 0.005444 0.883762 0.005607 0.882416 0.007468 0.878266 0.007960 0.876919 0.009821 0.872765 0.010313 0.871419 0.012175 0.870033 0.012340 0.868686 0.014202 0.864527 0.014696 0.863179 0.016558 0.860404 0.016888 0.859057 0.018752 0.852114 0.019579 0.850765 0.021443 0.845205 0.022106 0.843855 0.023972 0.842464 0.024138 0.841113 0.026004 0.838331 0.026337 0.836980 0.028203 0.834195 0.028536 0.832844 0.030404 0.828664 0.030904 0.827312 0.032771 0.824524 0.033105 0.823172 0.034974 0.818986 0.035476 0.817633 0.037345 0.813443 0.037848 0.812091 0.039717 0.810694 0.039885 0.809340 0.041756 0.807942 0.041924 0.806589 0.043794 0.802394 0.044299 0.801039 0.046171 0.795440 0.046846 0.794084 0.048718 0.791283 0.049056 0.789927 0.050929 0.787124 0.051268 0.785768 0.053142 0.782963 0.053481 0.781607 0.055354 0.778800 0.055694 0.777443 0.057569 0.776039 0.057739 0.774683 0.059613 0.774824 0.064723 0.760770 0.066435 0.760624 0.061320 0.759168 0.059786 0.757760 0.059957 0.756303 0.058421 0.754893 0.058591 0.751976 0.055518 0.751878 0.052102 0.750419 0.050563 0.750073 0.038594 0.751434 0.036715 0.751385 0.035003 0.752747 0.033123 0.752698 0.031412 0.754059 0.029532 0.755470 0.029364 0.758194 0.025607 0.759604 0.025439 0.762327 0.021681 0.763736 0.021515 0.765097 0.019636 0.766506 0.019469 0.769228 0.015713 0.770636 0.015546 0.771997 0.013668 0.773405 0.013502 0.774765 0.011625 0.776172 0.011460 0.777532 0.009582 0.778938 0.009416 0.780299 0.007540 0.781705 0.007375 0.783064 0.005498 0.784470 0.005333 0.785829 0.003457 0.787235 0.003292 0.788594 0.001417 0.789999 0.001252 0.791357 0.000000 0.792761 0.000000 0.794120 0.000000 0.795525 0.000000 0.796882 0.000000 0.798285 0.000000 0.799644 0.000000 0.799508 0.000000
0 0.799811 0.158430 0.799945 0.163480 0.802815 0.166483 0.809765 0.165579 0.810247 0.184053 0.803304 0.184966 0.801959 0.186827 0.800570 0.187010 0.799225 0.188873 0.796444 0.189240 0.795099 0.191103 0.792317 0.191470 0.790970 0.193332 0.789578 0.193516 0.788232 0.195379 0.785448 0.195747 0.784100 0.197611 0.782708 0.197796 0.780014 0.201524 0.780153 0.206560 0.750831 0.210462 0.750095 0.185200 0.755697 0.184466 0.763806 0.173252 0.765204 0.173070 0.769257 0.167466 0.769114 0.162404
0 0.210572 0.027683 0.213277 0.075907 0.207135 0.076629 0.180865 0.050913 0.179321 0.051091 0.179218 0.049300 0.174270 0.044458 0.169630 0.044991 0.174270 0.044458 0.177154 0.040517 0.176636 0.031548
0 0.264134 0.662522 0.264504 0.669221 0.266077 0.670654 0.267556 0.670413 0.270699 0.673276 0.276612 0.672311 0.277341 0.685678 0.268476 0.687134 0.267090 0.689047 0.267366 0.694057 0.252566 0.696495 0.252286 0.691480 0.250710 0.690051 0.249227 0.690295 0.247651 0.688865 0.246168 0.689108 0.244590 0.687679 0.244496 0.686004 0.241338 0.683141 0.236881 0.683870 0.235932 0.667100
0 0.998121 0.434225 0.998552 0.459950 0.997224 0.460157 0.995924 0.461970 0.994597 0.462177 0.991996 0.465801 0.990668 0.466009 0.969848 0.495029 0.968488 0.493636 0.967156 0.493846 0.965795 0.492452 0.964463 0.492662 0.961737 0.489870 0.960404 0.490080 0.959040 0.488685 0.956372 0.489105 0.955007 0.487707 0.941645 0.489809 0.940339 0.491629 0.933645 0.492683 0.928155 0.487084 0.926814 0.487294 0.925439 0.485893 0.924098 0.486103 0.921347 0.483300 0.920004 0.483510 0.915872 0.479299 0.914528 0.479509 0.913149 0.478104 0.913081 0.474875 0.911701 0.473468 0.913012 0.471643 0.912910 0.466794 0.915532 0.463144 0.916878 0.462935 0.918188 0.461110 0.926252 0.459862 0.927563 0.458039 0.936956 0.456586 0.938265 0.454765 0.946304 0.453523 0.947611 0.451701 0.963657 0.449225 0.964963 0.447406 0.968967 0.446788 0.970271 0.444971 0.971606 0.444765 0.972911 0.442947 0.972824 0.438110
0 0.490393 0.471813 0.491184 0.490225 0.486862 0.490881 0.485493 0.492772 0.485710 0.497788 0.468395 0.500427 0.468174 0.495405 0.465134 0.492495 0.465060 0.490819 0.463540 0.489362 0.457751 0.490239 0.457151 0.476815
0 0.404364 0.382422 0.405167 0.399432 0.393424 0.401122 0.391873 0.399632 0.388934 0.400055 0.387381 0.398565 0.385910 0.398777 0.381248 0.394302 0.376829 0.394935 0.376414 0.386409
0 0.392535 0.807739 0.392934 0.815903 0.394454 0.817282 0.394613 0.820544 0.396132 0.821922 0.396370 0.826812 0.399405 0.829563 0.399484 0.831192 0.401001 0.832565 0.401080 0.834193 0.402595 0.835567 0.402674 0.837194 0.405704 0.839937 0.405782 0.841564 0.414856 0.849779 0.416289 0.849523 0.417798 0.850891 0.419230 0.850636 0.420739 0.852002 0.426462 0.850979 0.428294 0.889818 0.424012 0.890596 0.421308 0.894347 0.421615 0.900806 0.420264 0.902680 0.420341 0.904294 0.417639 0.908044 0.417870 0.912882 0.412156 0.913930 0.411923 0.909089 0.408908 0.906383 0.407477 0.906645 0.402949 0.902582 0.402870 0.900965 0.401359 0.899608 0.401280 0.897992 0.399769 0.896635 0.399532 0.891780 0.398020 0.890421 0.397941 0.888802 0.387334 0.879273 0.385897 0.879532 0.379821 0.874076 0.379740 0.872451 0.378220 0.871084 0.378139 0.869459 0.370527 0.862618 0.370445 0.860991 0.368921 0.859622 0.368839 0.857993 0.367315 0.856621 0.367233 0.854993 0.364180 0.852248 0.364098 0.850617 0.357986 0.845121 0.357820 0.841855 0.356290 0.840479 0.355958 0.833944 0.354426 0.832565 0.354177 0.827661 0.355542 0.825770 0.355459 0.824134 0.356825 0.822245 0.362616 0.821228 0.363980 0.819338 0.365427 0.819084 0.366791 0.817194 0.366545 0.812287
1 0.750978 0.438107 0.740293 0.545235 0.830281 0.479340
1 0.964224 0.646596 0.726867 0.634339 0.916720 0.498311
1 0.854756 0.642538 0.957635 0.707018 0.953741 0.733950 0.884548 0.764627
1 0.459313 0.638611 0.196845 0.556141 0.096654 0.721895 0.099353 0.764019
1 0.658399 0.000000 0.533682 0.000000 0.445520 0.138977 0.699114 0.121681
1 0.972124 0.034231 0.958034 0.133773 0.992894 0.122333 0.991565 0.043070 0.977794 0.033543
0 0.656415 0.583506 0.647980 0.586867 0.637120 0.594625 0.627956 0.602116 0.617039 0.608894 0.601569 0.609404 0.597803 0.600984 0.599963 0.589587 0.615049 0.578123 0.627839 0.575069 0.641422 0.570889 0.653518 0.573964
0 0.864880 0.596061 0.852559 0.598091 0.841836 0.598876 0.834344 0.597164 0.827641 0.594333 0.828794 0.606916 0.829644 0.607758 0.835565 0.612665 0.843849 0.613251 0.849581 0.611323 0.860213 0.607603 0.869895 0.599149
0 0.589943 0.063065 0.614748 0.065368 0.628263 0.074279 0.647041 0.084617 0.659588 0.093573 0.666785 0.100018 0.673101 0.106560 0.677607 0.111228 0.674413 0.119983 0.669246 0.121675 0.657022 0.121115 0.644595 0.115339 0.610505 0.094346 0.593091 0.076429 0.589335 0.070542
0 0.568605 0.061385 0.554489 0.064136 0.551108 0.068786 0.537250 0.078944 0.534714 0.082435 0.536657 0.086443 0.540247 0.087068 0.548987 0.082828 0.562017 0.074894 0.570494 0.064339
