0 0.149648 0.409793 0.148441 0.414985 0.165080 0.439460 0.164678 0.441191 0.169799 0.448720 0.174846 0.449177 0.164786 0.492438 0.158057 0.491829 0.155972 0.493406 0.155570 0.495137 0.132638 0.512496 0.130955 0.512344 0.128871 0.513922 0.127189 0.513769 0.125104 0.515347 0.120058 0.514890 0.117973 0.516468 0.112925 0.516011 0.110841 0.517590 0.109159 0.517438 0.107074 0.519015 0.105391 0.518863 0.103307 0.520440 0.096577 0.519831 0.094492 0.521410 0.072622 0.519429 0.071342 0.517546 0.064613 0.516937 0.073465 0.478869 0.078511 0.479326 0.082681 0.476169 0.083486 0.472709 0.087655 0.469553 0.088057 0.467822 0.090142 0.466244 0.090544 0.464514 0.092629 0.462936 0.093032 0.461205 0.095116 0.459627 0.095518 0.457897 0.097603 0.456319 0.098006 0.454588 0.100091 0.453010 0.100493 0.451280 0.102578 0.449701 0.102980 0.447972 0.105064 0.446394 0.105466 0.444663 0.107552 0.443084 0.107954 0.441355 0.112123 0.438198 0.112526 0.436469 0.116695 0.433311 0.117097 0.431581 0.121267 0.428425 0.121669 0.426694 0.125839 0.423539 0.126241 0.421808 0.130410 0.418652 0.130813 0.416921 0.134982 0.413766 0.136189 0.408574
0 0.554286 0.531238 0.545434 0.569306 0.540387 0.568849 0.538302 0.570427 0.536620 0.570274 0.532451 0.573432 0.532049 0.575162 0.529964 0.576739 0.528282 0.576587 0.524112 0.579744 0.522429 0.579592 0.516175 0.584325 0.514493 0.584173 0.510324 0.587329 0.508642 0.587177 0.504472 0.590333 0.502789 0.590181 0.500704 0.591758 0.497340 0.591454 0.495255 0.593032 0.488526 0.592423 0.486442 0.594001 0.479712 0.593391 0.477627 0.594970 0.476420 0.600160 0.466326 0.599247 0.467533 0.594056 0.466253 0.592173 0.462888 0.591868 0.461609 0.589986 0.459927 0.589833 0.458646 0.587950 0.453600 0.587493 0.454404 0.584033 0.459451 0.584490 0.490721 0.560819 0.491123 0.559088 0.520310 0.536996 0.520712 0.535265 0.522797 0.533686 0.524004 0.528496
0 0.724511 0.087275 0.722901 0.094197 0.724181 0.096079 0.730910 0.096688 0.720851 0.139949 0.714122 0.139339 0.709952 0.142495 0.708269 0.142343 0.704100 0.145499 0.702418 0.145347 0.700334 0.146925 0.698651 0.146772 0.694482 0.149929 0.692800 0.149777 0.690715 0.151355 0.689032 0.151202 0.686948 0.152780 0.685265 0.152627 0.683181 0.154206 0.681498 0.154054 0.679414 0.155631 0.676049 0.155327 0.673965 0.156905 0.670599 0.156601 0.668515 0.158179 0.639915 0.155590 0.638635 0.153706 0.635270 0.153402 0.633990 0.151519 0.632308 0.151366 0.631028 0.149484 0.629346 0.149332 0.628066 0.147449 0.624702 0.147144 0.623421 0.145262 0.620056 0.144957 0.618776 0.143075 0.615411 0.142770 0.614131 0.140887 0.612450 0.140735 0.611169 0.138851 0.609487 0.138699 0.605647 0.133051 0.603964 0.132899 0.600124 0.127251 0.595078 0.126795 0.599102 0.109489 0.604148 0.109946 0.627079 0.092588 0.628762 0.092740 0.639186 0.084851 0.640393 0.079659
0 0.701463 0.297207 0.699853 0.304129 0.701132 0.306012 0.702815 0.306165 0.705375 0.309930 0.704973 0.311660 0.707533 0.315425 0.709216 0.315578 0.714335 0.323109 0.719382 0.323566 0.709324 0.366825 0.704276 0.366368 0.698022 0.371103 0.697620 0.372833 0.693450 0.375990 0.693048 0.377720 0.690964 0.379298 0.690562 0.381028 0.682222 0.387340 0.680540 0.387188 0.676371 0.390344 0.674689 0.390192 0.672603 0.391771 0.670922 0.391618 0.668836 0.393196 0.663789 0.392739 0.662509 0.390857 0.640639 0.388876 0.638554 0.390454 0.623414 0.389083 0.621328 0.390662 0.612916 0.389900 0.611637 0.388017 0.609955 0.387864 0.608674 0.385982 0.606992 0.385830 0.604433 0.382064 0.602750 0.381911 0.600190 0.378146 0.598507 0.377993 0.594667 0.372346 0.592986 0.372193 0.571225 0.340187 0.566179 0.339730 0.571812 0.315505 0.576858 0.315962 0.581028 0.312806 0.581430 0.311075 0.596023 0.300029 0.597705 0.300181 0.599789 0.298603 0.601472 0.298755 0.603556 0.297178 0.608604 0.297635 0.610689 0.296056 0.614053 0.296361 0.616138 0.294782 0.617345 0.289591
0 0.347504 0.526650 0.346297 0.531841 0.347576 0.533724 0.349258 0.533876 0.350539 0.535758 0.353903 0.536063 0.355184 0.537946 0.358547 0.538251 0.359828 0.540134 0.363192 0.540438 0.364472 0.542321 0.371202 0.542930 0.372482 0.544812 0.375847 0.545117 0.377127 0.547000 0.380491 0.547305 0.381771 0.549187 0.383453 0.549339 0.384734 0.551223 0.388098 0.551527 0.389378 0.553410 0.392743 0.553715 0.394023 0.555597 0.395705 0.555750 0.396985 0.557632 0.400350 0.557936 0.401630 0.559820 0.410042 0.560581 0.403202 0.589999 0.398154 0.589541 0.396070 0.591119 0.394388 0.590967 0.390219 0.594123 0.389816 0.595854 0.387731 0.597431 0.375955 0.596365 0.373394 0.592600 0.371712 0.592447 0.370432 0.590564 0.368750 0.590412 0.367471 0.588530 0.365788 0.588377 0.363228 0.584612 0.361546 0.584459 0.358986 0.580694 0.357303 0.580542 0.356023 0.578658 0.354341 0.578506 0.351781 0.574742 0.348416 0.574437 0.347137 0.572554 0.345454 0.572402 0.344173 0.570518 0.342492 0.570366 0.341211 0.568484 0.339529 0.568331 0.338249 0.566449 0.336567 0.566297 0.335286 0.564414 0.333604 0.564261 0.332325 0.562379 0.330642 0.562227 0.329363 0.560344 0.327680 0.560191 0.326399 0.558308 0.324717 0.558156 0.323438 0.556274 0.321755 0.556121 0.320474 0.554239 0.318793 0.554087 0.317513 0.552203 0.315830 0.552051 0.314550 0.550168 0.312868 0.550016 0.311588 0.548133 0.309906 0.547981 0.308626 0.546099 0.305260 0.545794 0.303981 0.543911 0.302299 0.543759 0.301019 0.541875 0.297654 0.541571 0.296374 0.539688 0.293010 0.539384 0.291729 0.537501 0.290047 0.537348 0.288767 0.535466 0.287085 0.535314 0.285805 0.533432 0.280757 0.532975 0.283574 0.520861
0 0.811914 0.250670 0.800245 0.300852 0.793516 0.300242 0.791432 0.301820 0.791030 0.303550 0.780606 0.311441 0.778924 0.311288 0.772669 0.316023 0.770986 0.315871 0.766817 0.319027 0.765135 0.318875 0.760966 0.322030 0.759284 0.321877 0.755115 0.325033 0.751749 0.324729 0.749665 0.326307 0.739570 0.325393 0.738291 0.323510 0.728197 0.322596 0.726916 0.320714 0.720187 0.320105 0.718907 0.318221 0.717225 0.318069 0.715944 0.316187 0.712579 0.315882 0.706180 0.306469 0.704497 0.306317 0.699378 0.298785 0.697696 0.298633 0.693856 0.292985 0.692173 0.292833 0.685773 0.283419 0.684091 0.283266 0.681531 0.279501 0.676483 0.279044 0.680909 0.260010 0.685957 0.260467 0.688042 0.258888 0.689724 0.259041 0.691808 0.257463 0.693491 0.257616 0.695575 0.256038 0.697258 0.256190 0.699342 0.254612 0.702708 0.254916 0.704792 0.253339 0.706475 0.253491 0.710644 0.250334 0.715691 0.250791 0.717775 0.249213 0.719458 0.249366 0.721543 0.247787 0.722750 0.242596
0 0.387728 0.678705 0.386521 0.683897 0.389082 0.687661 0.390764 0.687814 0.392043 0.689697 0.393726 0.689849 0.396286 0.693615 0.397968 0.693767 0.399248 0.695650 0.400931 0.695802 0.402211 0.697685 0.403894 0.697837 0.405173 0.699719 0.406855 0.699871 0.408135 0.701755 0.409818 0.701907 0.411098 0.703790 0.412781 0.703943 0.414060 0.705825 0.415742 0.705977 0.418302 0.709743 0.419985 0.709895 0.421264 0.711778 0.422947 0.711930 0.424228 0.713813 0.425909 0.713965 0.428469 0.717730 0.431834 0.718035 0.433114 0.719917 0.441526 0.720679 0.436295 0.743175 0.427883 0.742413 0.423715 0.745569 0.422507 0.750761 0.387178 0.747562 0.388385 0.742370 0.384545 0.736723 0.382862 0.736570 0.380303 0.732804 0.378621 0.732652 0.377340 0.730769 0.375657 0.730617 0.373097 0.726851 0.371415 0.726699 0.368856 0.722934 0.367173 0.722781 0.364614 0.719016 0.362931 0.718864 0.360371 0.715098 0.358688 0.714946 0.357409 0.713063 0.355727 0.712910 0.353166 0.709146 0.351484 0.708994 0.347643 0.703345 0.345962 0.703193 0.344681 0.701309 0.337952 0.700700 0.343987 0.674745
0 0.221995 0.253795 0.220788 0.258986 0.223346 0.262753 0.225029 0.262905 0.226310 0.264787 0.227992 0.264939 0.229272 0.266823 0.232636 0.267127 0.233916 0.269009 0.235599 0.269162 0.236878 0.271045 0.238560 0.271197 0.239841 0.273080 0.241523 0.273232 0.242803 0.275114 0.244486 0.275266 0.245766 0.277150 0.247447 0.277302 0.248728 0.279184 0.250411 0.279337 0.251690 0.281220 0.253372 0.281372 0.254653 0.283255 0.256335 0.283408 0.257615 0.285290 0.259298 0.285442 0.260577 0.287325 0.262259 0.287478 0.263540 0.289360 0.265222 0.289512 0.266502 0.291394 0.273231 0.292004 0.268403 0.312768 0.224662 0.308808 0.225869 0.303617 0.224589 0.301735 0.222907 0.301583 0.221627 0.299700 0.219944 0.299547 0.218665 0.297665 0.216982 0.297513 0.214422 0.293746 0.212740 0.293594 0.211460 0.291712 0.208095 0.291407 0.206816 0.289524 0.205133 0.289372 0.203852 0.287489 0.202170 0.287337 0.200890 0.285454 0.199208 0.285301 0.197929 0.283419 0.194563 0.283115 0.193283 0.281232 0.189919 0.280928 0.188639 0.279045 0.185274 0.278740 0.183994 0.276858 0.182312 0.276705 0.181032 0.274822 0.175985 0.274365 0.179204 0.260522 0.184251 0.260979 0.188420 0.257823 0.190029 0.250901
0 0.306340 0.000000 0.305133 0.000000 0.307693 0.000000 0.309375 0.000000 0.311935 0.000000 0.313618 0.000000 0.316178 0.000000 0.317860 0.000000 0.324260 0.000000 0.330990 0.000000 0.324954 0.010462 0.318225 0.009853 0.314056 0.013008 0.312374 0.012855 0.306119 0.017590 0.304437 0.017438 0.302352 0.019017 0.300669 0.018864 0.296500 0.022019 0.293136 0.021715 0.291051 0.023293 0.286004 0.022836 0.283919 0.024415 0.278871 0.023958 0.276787 0.025535 0.275580 0.030726 0.258757 0.029203 0.259964 0.024012 0.258684 0.022130 0.257001 0.021978 0.255721 0.020094 0.243945 0.019028 0.242666 0.017145 0.237618 0.016688 0.236339 0.014806 0.234656 0.014653 0.224416 0.000000 0.222734 0.000000 0.218894 0.000000 0.213847 0.000000 0.218273 0.000000 0.223320 0.000000 0.233743 0.000000 0.235426 0.000000 0.239595 0.000000 0.241277 0.000000 0.245446 0.000000 0.247129 0.000000 0.251298 0.000000 0.252505 0.000000
0 0.880676 0.073145 0.869813 0.119866 0.851308 0.118190 0.852515 0.113000 0.849954 0.109234 0.848272 0.109082 0.846992 0.107198 0.845310 0.107046 0.844030 0.105164 0.842347 0.105012 0.841067 0.103129 0.837703 0.102825 0.836422 0.100942 0.831375 0.100485 0.830096 0.098601 0.821683 0.097840 0.828523 0.068423
0 0.438720 0.407697 0.433087 0.431923 0.421311 0.430856 0.420030 0.428974 0.416666 0.428669 0.414106 0.424904 0.410741 0.424599 0.409460 0.422716 0.406097 0.422412 0.404816 0.420529 0.403133 0.420377 0.401854 0.418494 0.398489 0.418189 0.397210 0.416306 0.395527 0.416154 0.394246 0.414271 0.392565 0.414119 0.390005 0.410354 0.384958 0.409897 0.386568 0.402975
0 0.956668 0.270843 0.955461 0.276035 0.958021 0.279800 0.963068 0.280257 0.957436 0.304482 0.927153 0.301740 0.928763 0.294820 0.926203 0.291054 0.926605 0.289323 0.924045 0.285558 0.924448 0.283827 0.921888 0.280061 0.916841 0.279604 0.919657 0.267492
0 0.662107 0.392586 0.656474 0.416812 0.651428 0.416355 0.638918 0.425823 0.637711 0.431014 0.607429 0.428272 0.608636 0.423082 0.607357 0.421200 0.605674 0.421047 0.604394 0.419164 0.602712 0.419012 0.596312 0.409599 0.591264 0.409142 0.592472 0.403950 0.599202 0.404559 0.601286 0.402982 0.601688 0.401251 0.603774 0.399672 0.605456 0.399824 0.607541 0.398247 0.609223 0.398399 0.611307 0.396820 0.614672 0.397125 0.618842 0.393969 0.620049 0.388778
0 0.966549 0.087988 0.960513 0.113944 0.942007 0.112269 0.943214 0.107077 0.936815 0.097663 0.931769 0.097206 0.934585 0.085094
0 0.504545 0.597407 0.501728 0.609519 0.496681 0.609062 0.488343 0.615376 0.486660 0.615223 0.484576 0.616801 0.482893 0.616648 0.480809 0.618226 0.479126 0.618074 0.472871 0.622808 0.471190 0.622656 0.464936 0.627390 0.463253 0.627238 0.459084 0.630395 0.457401 0.630242 0.455317 0.631820 0.451952 0.631515 0.449868 0.633093 0.444820 0.632636 0.442736 0.634214 0.441529 0.639405 0.439846 0.639253 0.441053 0.634062 0.439773 0.632179 0.434726 0.631722 0.433446 0.629840 0.428399 0.629383 0.427120 0.627501 0.425437 0.627348 0.424156 0.625465 0.422474 0.625313 0.421195 0.623429 0.419512 0.623277 0.418233 0.621395 0.416550 0.621243 0.412710 0.615595 0.411027 0.615443 0.409747 0.613559 0.406383 0.613255 0.405103 0.611372 0.403420 0.611219 0.402140 0.609337 0.398776 0.609032 0.397496 0.607150 0.394130 0.606845 0.390291 0.601197 0.391096 0.597736 0.395265 0.594580 0.396875 0.587658
0 0.537317 0.515566 0.534500 0.527679 0.527771 0.527069 0.525686 0.528648 0.524004 0.528496 0.521919 0.530074 0.521517 0.531804 0.513177 0.538116 0.512775 0.539846 0.510691 0.541425 0.509008 0.541273 0.504840 0.544429 0.504437 0.546160 0.502352 0.547737 0.500670 0.547585 0.496501 0.550741 0.496098 0.552472 0.494013 0.554049 0.492330 0.553897 0.488161 0.557053 0.487759 0.558783 0.483589 0.561940 0.481907 0.561788 0.477738 0.564943 0.476129 0.571865 0.454258 0.569885 0.455465 0.564694 0.452905 0.560928 0.451223 0.560776 0.444823 0.551362 0.443141 0.551210 0.438021 0.543679 0.436339 0.543527 0.435058 0.541644 0.430012 0.541187 0.432828 0.529075 0.439557 0.529684 0.445811 0.524950 0.447493 0.525102 0.449578 0.523524 0.451261 0.523677 0.453345 0.522098 0.455028 0.522251 0.457112 0.520672 0.458794 0.520824 0.460879 0.519247 0.462561 0.519399 0.468816 0.514665 0.470023 0.509474
0 0.666503 0.166831 0.664089 0.177213 0.659042 0.176756 0.656957 0.178335 0.655275 0.178182 0.646936 0.184494 0.645326 0.191415 0.615045 0.188673 0.619068 0.171371 0.624115 0.171827 0.628284 0.168670 0.629491 0.163480
0 0.509222 0.725042 0.503187 0.750997 0.493093 0.750083 0.494300 0.744893 0.493020 0.743009 0.476196 0.741486 0.474916 0.739604 0.471552 0.739299 0.466432 0.731769 0.461385 0.731312 0.463799 0.720929
0 0.157122 0.000000 0.153099 0.010803 0.146369 0.010193 0.144284 0.011772 0.142602 0.011620 0.138433 0.014776 0.136750 0.014623 0.130496 0.019357 0.129289 0.024548 0.114149 0.023177 0.115356 0.017986 0.108955 0.008573 0.113125 0.005416 0.113527 0.003686 0.123950 0.000000 0.125157 0.000000
0 0.312169 0.685998 0.308145 0.703302 0.294687 0.702084 0.290517 0.705240 0.289310 0.710432 0.267439 0.708451 0.273474 0.682495
0 0.847743 0.628481 0.840099 0.661358 0.814863 0.659073 0.816070 0.653882 0.814790 0.652000 0.809743 0.651543 0.815778 0.625587
0 0.501779 0.166051 0.484478 0.240457 0.467654 0.238934 0.468861 0.233743 0.467582 0.231861 0.467984 0.230130 0.461584 0.220717 0.459901 0.220565 0.458621 0.218682 0.456939 0.218529 0.454380 0.214764 0.452697 0.214612 0.450137 0.210846 0.448455 0.210694 0.447175 0.208811 0.447577 0.207081 0.445017 0.203315 0.439970 0.202858 0.442384 0.192476 0.447431 0.192933 0.449516 0.191354 0.450723 0.186164 0.452807 0.184586 0.454014 0.179394 0.456100 0.177817 0.457709 0.170894 0.459793 0.169317 0.461403 0.162395
0 0.635763 0.771836 0.628520 0.802983 0.610015 0.801307 0.608734 0.799425 0.605370 0.799120 0.604089 0.797237 0.602407 0.797085 0.599847 0.793319 0.598165 0.793167 0.595606 0.789402 0.593923 0.789249 0.591363 0.785484 0.586316 0.785027 0.590340 0.767723
0 0.462429 0.098882 0.458003 0.117916 0.431085 0.115479 0.429805 0.113597 0.423075 0.112987 0.421796 0.111105 0.418431 0.110801 0.417151 0.108917 0.413786 0.108613 0.408666 0.101082 0.410276 0.094160
0 0.600657 0.627311 0.594622 0.653267 0.587893 0.652657 0.589100 0.647466 0.587819 0.645583 0.577726 0.644669 0.575641 0.646248 0.574434 0.651439 0.572751 0.651286 0.573958 0.646096 0.572679 0.644212 0.567631 0.643755 0.565072 0.639991 0.558341 0.639382 0.561963 0.623808
0 0.927329 0.522610 0.923306 0.539914 0.918259 0.539457 0.914089 0.542613 0.912881 0.547805 0.892693 0.545977 0.893900 0.540785 0.891341 0.537020 0.891744 0.535290 0.890463 0.533407 0.890866 0.531676 0.888305 0.527911 0.890317 0.519259
0 0.635763 0.771836 0.624497 0.820287 0.616084 0.819525 0.609831 0.824259 0.608221 0.831180 0.577939 0.828439 0.579146 0.823248 0.577867 0.821365 0.578269 0.819635 0.576988 0.817753 0.571942 0.817296 0.572344 0.815565 0.577391 0.816022 0.579476 0.814443 0.582840 0.814748 0.584925 0.813170 0.586607 0.813323 0.587887 0.815205 0.597982 0.816119 0.604235 0.811385 0.605844 0.804463 0.603284 0.800698 0.601603 0.800546 0.602005 0.798816 0.590484 0.781871 0.590887 0.780140 0.592972 0.778562 0.593375 0.776831 0.595459 0.775254 0.597068 0.768332
0 0.320065 0.799790 0.317248 0.811904 0.312201 0.811447 0.310117 0.813024 0.308909 0.818216 0.287038 0.816236 0.288246 0.811044 0.285686 0.807278 0.286088 0.805549 0.284809 0.803665 0.279761 0.803208 0.281370 0.796287
0 0.600657 0.627311 0.594622 0.653267 0.564340 0.650525 0.565547 0.645334 0.562987 0.641569 0.557939 0.641112 0.561963 0.623808
0 0.058353 0.684219 0.055135 0.698062 0.046722 0.697301 0.044638 0.698880 0.042956 0.698727 0.040871 0.700305 0.034142 0.699695 0.032862 0.697813 0.031179 0.697661 0.029899 0.695778 0.023171 0.695168 0.026389 0.681325
0 0.544596 0.250318 0.548865 0.256594 0.553190 0.268765 0.539629 0.277843 0.532954 0.275766 0.513206 0.262199 0.527834 0.254690
1 1.000000 0.330623 0.927788 0.295319 0.880874 0.601739 1.000000 0.467613
1 0.956364 0.621826 0.870603 0.590502 0.751153 0.857962 0.900740 0.762552
0 0.825557 0.568755 0.747201 0.542520 0.678623 0.683546 0.824003 0.587756 0.828422 0.574905
0 0.116554 0.000842 0.123325 0.000000 0.115782 0.000000 0.093095 0.000000 0.091391 0.009083 0.101883 0.011947 0.114376 0.010208
