0 0.417187 0.184375 0.417187 0.189062 0.412500 0.193750 0.410938 0.193750 0.409375 0.195312 0.403125 0.195312 0.403125 0.228125 0.409375 0.228125 0.410938 0.229687 0.410938 0.231250 0.421875 0.242188 0.423438 0.242188 0.426563 0.245312 0.428125 0.245312 0.431250 0.248438 0.432812 0.248438 0.434375 0.250000 0.435937 0.250000 0.437500 0.251563 0.439063 0.251563 0.440625 0.253125 0.443750 0.253125 0.445312 0.254688 0.446875 0.254688 0.448437 0.256250 0.451562 0.256250 0.453125 0.257812 0.456250 0.257812 0.457813 0.259375 0.460938 0.259375 0.462500 0.260937 0.465625 0.260937 0.467187 0.262500 0.473438 0.262500 0.475000 0.264062 0.478125 0.264062 0.479687 0.265625 0.479687 0.270313 0.520312 0.270313 0.520312 0.265625 0.521875 0.264062 0.523438 0.264062 0.525000 0.262500 0.528125 0.262500 0.529687 0.260937 0.531250 0.260937 0.534375 0.257812 0.535937 0.257812 0.540625 0.253125 0.545312 0.253125 0.545312 0.223438 0.540625 0.223438 0.532813 0.215625 0.532813 0.214062 0.531250 0.212500 0.529687 0.212500 0.520312 0.203125 0.518750 0.203125 0.515625 0.200000 0.514062 0.200000 0.510938 0.196875 0.509375 0.196875 0.507812 0.195312 0.506250 0.195312 0.504687 0.193750 0.503125 0.193750 0.501563 0.192188 0.500000 0.192188 0.496875 0.189062 0.496875 0.184375
0 0.403125 0.378125 0.403125 0.382812 0.400000 0.385937 0.398438 0.385937 0.396875 0.387500 0.395313 0.387500 0.390625 0.392188 0.389062 0.392188 0.382812 0.398438 0.381250 0.398438 0.376563 0.403125 0.371875 0.403125 0.371875 0.415625 0.376563 0.415625 0.381250 0.420312 0.382812 0.420312 0.389062 0.426563 0.390625 0.426563 0.393750 0.429688 0.395313 0.429688 0.398438 0.432812 0.400000 0.432812 0.403125 0.435937 0.404687 0.435937 0.409375 0.440625 0.409375 0.445312 0.457813 0.445312 0.457813 0.421875 0.451562 0.421875 0.446875 0.417187 0.446875 0.415625 0.434375 0.403125 0.434375 0.401562 0.431250 0.398438 0.431250 0.396875 0.429688 0.395313 0.429688 0.393750 0.426563 0.390625 0.426563 0.389062 0.423438 0.385937 0.423438 0.384375 0.421875 0.382812 0.421875 0.378125
0 0.606250 0.246875 0.606250 0.251563 0.603125 0.254688 0.601562 0.254688 0.600000 0.256250 0.598437 0.256250 0.595313 0.259375 0.593750 0.259375 0.592187 0.260937 0.590625 0.260937 0.587500 0.264062 0.585938 0.264062 0.584375 0.265625 0.582812 0.265625 0.579688 0.268750 0.578125 0.268750 0.573438 0.273438 0.571875 0.273438 0.560937 0.284375 0.560937 0.285938 0.559375 0.287500 0.553125 0.287500 0.553125 0.328125 0.559375 0.328125 0.565625 0.334375 0.567187 0.334375 0.568750 0.335938 0.570312 0.335938 0.573438 0.339062 0.575000 0.339062 0.581250 0.345313 0.582812 0.345313 0.587500 0.350000 0.587500 0.351562 0.593750 0.357812 0.595313 0.357812 0.598437 0.360938 0.601562 0.360938 0.603125 0.362500 0.606250 0.362500 0.607812 0.364063 0.610938 0.364063 0.612500 0.365625 0.614062 0.365625 0.615625 0.367188 0.618750 0.367188 0.620313 0.368750 0.623437 0.368750 0.626563 0.371875 0.626563 0.376563 0.668750 0.376563 0.668750 0.371875 0.671875 0.368750 0.673438 0.368750 0.675000 0.367188 0.676562 0.367188 0.682813 0.360938 0.684375 0.360938 0.685937 0.359375 0.685937 0.357812 0.689063 0.354687 0.695312 0.354687 0.695312 0.310937 0.690625 0.310937 0.689063 0.309375 0.689063 0.307812 0.687500 0.306250 0.687500 0.303125 0.685937 0.301563 0.685937 0.298438 0.684375 0.296875 0.684375 0.293750 0.682813 0.292187 0.682813 0.289062 0.681250 0.287500 0.681250 0.285938 0.679688 0.284375 0.679688 0.282813 0.678125 0.281250 0.678125 0.279687 0.675000 0.276562 0.675000 0.275000 0.657813 0.257812 0.656250 0.257812 0.654687 0.256250 0.653125 0.256250 0.648438 0.251563 0.648438 0.246875
0 0.465625 0.365625 0.465625 0.370312 0.464062 0.371875 0.462500 0.371875 0.460938 0.373437 0.459375 0.373437 0.457813 0.375000 0.456250 0.375000 0.454688 0.376563 0.453125 0.376563 0.451562 0.378125 0.450000 0.378125 0.448437 0.379688 0.446875 0.379688 0.445312 0.381250 0.443750 0.381250 0.442188 0.382812 0.434375 0.382812 0.434375 0.401562 0.439063 0.401562 0.442188 0.404687 0.442188 0.406250 0.448437 0.412500 0.448437 0.414062 0.453125 0.418750 0.453125 0.420312 0.460938 0.428125 0.462500 0.428125 0.464062 0.429688 0.465625 0.429688 0.467187 0.431250 0.468750 0.431250 0.470313 0.432812 0.471875 0.432812 0.473438 0.434375 0.473438 0.439063 0.495312 0.439063 0.495312 0.432812 0.496875 0.431250 0.498437 0.431250 0.506250 0.423438 0.506250 0.421875 0.509375 0.418750 0.509375 0.417187 0.512500 0.414062 0.512500 0.412500 0.514062 0.410938 0.520312 0.410938 0.520312 0.390625 0.514062 0.390625 0.509375 0.385937 0.507812 0.385937 0.503125 0.381250 0.501563 0.381250 0.498437 0.378125 0.496875 0.378125 0.489063 0.370312 0.489063 0.365625
0 0.289062 0.278125 0.289062 0.284375 0.285938 0.287500 0.285938 0.289062 0.282813 0.292187 0.278125 0.292187 0.278125 0.318750 0.284375 0.318750 0.285938 0.320312 0.287500 0.320312 0.289062 0.321875 0.289062 0.326562 0.304688 0.326562 0.304688 0.321875 0.307812 0.318750 0.309375 0.318750 0.312500 0.315625 0.314063 0.315625 0.315625 0.314063 0.320312 0.314063 0.321875 0.312500 0.329688 0.312500 0.331250 0.310937 0.332813 0.310937 0.334375 0.309375 0.339062 0.309375 0.339062 0.293750 0.332813 0.293750 0.331250 0.292187 0.329688 0.292187 0.328125 0.290625 0.323437 0.290625 0.321875 0.289062 0.318750 0.289062 0.317188 0.287500 0.315625 0.287500 0.314063 0.285938 0.312500 0.285938 0.310937 0.284375 0.310937 0.278125
0 0.554688 0.334375 0.554688 0.340625 0.551562 0.343750 0.551562 0.346875 0.550000 0.348438 0.550000 0.351562 0.548438 0.353125 0.548438 0.354687 0.546875 0.356250 0.546875 0.359375 0.545312 0.360938 0.545312 0.362500 0.543750 0.364063 0.543750 0.367188 0.542188 0.368750 0.542188 0.370312 0.540625 0.371875 0.540625 0.373437 0.539062 0.375000 0.539062 0.376563 0.537500 0.378125 0.537500 0.379688 0.535937 0.381250 0.535937 0.382812 0.534375 0.384375 0.534375 0.385937 0.531250 0.389062 0.531250 0.390625 0.529687 0.392188 0.529687 0.393750 0.525000 0.398438 0.525000 0.400000 0.521875 0.403125 0.521875 0.404687 0.518750 0.407813 0.518750 0.409375 0.517188 0.410938 0.517188 0.412500 0.512500 0.417187 0.512500 0.418750 0.506250 0.425000 0.506250 0.426563 0.501563 0.431250 0.496875 0.431250 0.496875 0.446875 0.503125 0.446875 0.504687 0.448437 0.506250 0.448437 0.507812 0.450000 0.509375 0.450000 0.510938 0.451562 0.512500 0.451562 0.514062 0.453125 0.514062 0.457813 0.562500 0.457813 0.562500 0.451562 0.564063 0.450000 0.564063 0.448437 0.565625 0.446875 0.565625 0.445312 0.567187 0.443750 0.567187 0.442188 0.568750 0.440625 0.568750 0.439063 0.570312 0.437500 0.570312 0.435937 0.571875 0.434375 0.571875 0.431250 0.573438 0.429688 0.573438 0.428125 0.575000 0.426563 0.575000 0.425000 0.576562 0.423438 0.576562 0.420312 0.578125 0.418750 0.578125 0.414062 0.579688 0.412500 0.579688 0.407813 0.581250 0.406250 0.581250 0.400000 0.582812 0.398438 0.582812 0.396875 0.584375 0.395313 0.589063 0.395313 0.589063 0.348438 0.584375 0.348438 0.582812 0.346875 0.581250 0.346875 0.579688 0.345313 0.579688 0.343750 0.578125 0.342187 0.578125 0.340625 0.576562 0.339062 0.576562 0.334375
1 0.996875 0.546875 0.996875 0.554688 0.995313 0.556250 0.995313 0.570312 0.993750 0.571875 0.993750 0.584375 0.992188 0.585938 0.992188 0.593750 0.990625 0.595313 0.990625 0.600000 0.989062 0.601562 0.989062 0.606250 0.987500 0.607812 0.987500 0.615625 0.985938 0.617188 0.985938 0.621875 0.984375 0.623437 0.984375 0.629687 0.982812 0.631250 0.982812 0.639062 0.981250 0.640625 0.981250 0.648438 0.979688 0.650000 0.979688 0.654687 0.978125 0.656250 0.978125 0.662500 0.976562 0.664062 0.976562 0.668750 0.975000 0.670312 0.975000 0.675000 0.973437 0.676562 0.973437 0.681250 0.971875 0.682813 0.971875 0.690625 0.970313 0.692187 0.970313 0.698438 0.968750 0.700000 0.968750 0.706250 0.967187 0.707812 0.967187 0.714063 0.965625 0.715625 0.965625 0.720313 0.964063 0.721875 0.964063 0.728125 0.962500 0.729688 0.962500 0.734375 0.960938 0.735938 0.960938 0.742188 0.959375 0.743750 0.959375 0.750000 0.957812 0.751563 0.957812 0.756250 0.956250 0.757812 0.956250 0.767188 0.954688 0.768750 0.954688 0.775000 0.953125 0.776563 0.953125 0.782813 0.951562 0.784375 0.951562 0.790625 0.950000 0.792188 0.950000 0.800000 0.948438 0.801562 0.948438 0.806250 0.946875 0.807813 0.946875 0.814063 0.945312 0.815625 0.945312 0.821875 0.943750 0.823438 0.943750 0.829688 0.942187 0.831250 0.942187 0.835938 0.940625 0.837500 0.940625 0.842187 0.939063 0.843750 0.939063 0.850000 0.937500 0.851562 0.937500 0.857812 0.935937 0.859375 0.935937 0.865625 0.934375 0.867188 0.934375 0.871875 0.932813 0.873437 0.932813 0.876563 0.931250 0.878125 0.931250 0.884375 0.929688 0.885938 0.929688 0.892188 0.928125 0.893750 0.928125 0.900000 0.926562 0.901563 0.926562 0.904687 0.925000 0.906250 0.925000 0.912500 0.923438 0.914062 0.923438 0.921875 0.921875 0.923438 0.921875 0.928125 0.920312 0.929688 0.920312 0.935937 0.918750 0.937500 0.918750 0.945312 0.917188 0.946875 0.917188 0.953125 0.915625 0.954688 0.915625 0.957812 0.914062 0.959375 0.914062 0.964063 0.912500 0.965625 0.912500 0.968750 0.910937 0.970313 0.910937 0.973437 0.907813 0.976562 0.903125 0.976562 0.903125 0.998437 0.998437 0.998437 0.998437 0.546875
0 0.350000 0.340625 0.350000 0.345313 0.348438 0.346875 0.348438 0.348438 0.346875 0.350000 0.340625 0.350000 0.340625 0.362500 0.345313 0.362500 0.348438 0.365625 0.348438 0.370312 0.350000 0.371875 0.350000 0.381250 0.351562 0.382812 0.351562 0.384375 0.353125 0.385937 0.353125 0.387500 0.354687 0.389062 0.354687 0.390625 0.357812 0.393750 0.359375 0.393750 0.360938 0.395313 0.371875 0.395313 0.373437 0.393750 0.375000 0.393750 0.376563 0.392188 0.378125 0.392188 0.379688 0.390625 0.381250 0.390625 0.384375 0.387500 0.385937 0.387500 0.387500 0.385937 0.389062 0.385937 0.392188 0.382812 0.393750 0.382812 0.403125 0.373437 0.407813 0.373437 0.407813 0.359375 0.403125 0.359375 0.398438 0.354687 0.398438 0.353125 0.395313 0.350000 0.395313 0.348438 0.392188 0.345313 0.392188 0.340625
0 0.375000 0.028125 0.375000 0.032813 0.373437 0.034375 0.371875 0.034375 0.370312 0.035937 0.367188 0.035937 0.365625 0.037500 0.364063 0.037500 0.362500 0.039062 0.360938 0.039062 0.356250 0.043750 0.354687 0.043750 0.348438 0.050000 0.348438 0.051562 0.345313 0.054688 0.345313 0.056250 0.343750 0.057813 0.343750 0.060937 0.342187 0.062500 0.342187 0.065625 0.340625 0.067187 0.340625 0.070312 0.339062 0.071875 0.339062 0.076563 0.337500 0.078125 0.337500 0.081250 0.335938 0.082812 0.335938 0.087500 0.332813 0.090625 0.328125 0.090625 0.328125 0.132812 0.332813 0.132812 0.343750 0.143750 0.343750 0.145313 0.345313 0.146875 0.345313 0.151562 0.387500 0.151562 0.387500 0.145313 0.389062 0.143750 0.390625 0.143750 0.393750 0.140625 0.395313 0.140625 0.407813 0.128125 0.409375 0.128125 0.410938 0.126562 0.410938 0.125000 0.421875 0.114062 0.421875 0.112500 0.428125 0.106250 0.428125 0.104688 0.431250 0.101562 0.431250 0.100000 0.434375 0.096875 0.434375 0.095312 0.435937 0.093750 0.435937 0.092188 0.440625 0.087500 0.445312 0.087500 0.445312 0.056250 0.440625 0.056250 0.437500 0.053125 0.437500 0.051562 0.428125 0.042188 0.426563 0.042188 0.421875 0.037500 0.418750 0.037500 0.417187 0.035937 0.415625 0.035937 0.412500 0.032813 0.412500 0.028125
0 0.564063 0.084375 0.564063 0.092188 0.562500 0.093750 0.562500 0.098437 0.560937 0.100000 0.560937 0.103125 0.559375 0.104688 0.559375 0.109375 0.557813 0.110937 0.557813 0.115625 0.556250 0.117188 0.556250 0.121875 0.554688 0.123438 0.554688 0.129688 0.553125 0.131250 0.553125 0.132812 0.551562 0.134375 0.546875 0.134375 0.546875 0.175000 0.562500 0.175000 0.564063 0.176563 0.571875 0.176563 0.573438 0.178125 0.573438 0.182812 0.617188 0.182812 0.617188 0.178125 0.620313 0.175000 0.620313 0.173437 0.621875 0.171875 0.621875 0.167187 0.623437 0.165625 0.623437 0.159375 0.625000 0.157812 0.625000 0.154688 0.626563 0.153125 0.626563 0.148438 0.628125 0.146875 0.628125 0.140625 0.629687 0.139063 0.629687 0.135937 0.631250 0.134375 0.631250 0.128125 0.632812 0.126562 0.632812 0.123438 0.634375 0.121875 0.639062 0.121875 0.639062 0.093750 0.629687 0.093750 0.628125 0.092188 0.621875 0.092188 0.620313 0.090625 0.617188 0.090625 0.615625 0.089063 0.615625 0.084375
0 0.564063 0.084375 0.564063 0.092188 0.562500 0.093750 0.562500 0.098437 0.560937 0.100000 0.560937 0.103125 0.559375 0.104688 0.559375 0.109375 0.557813 0.110937 0.557813 0.115625 0.556250 0.117188 0.556250 0.121875 0.554688 0.123438 0.554688 0.129688 0.553125 0.131250 0.553125 0.132812 0.551562 0.134375 0.546875 0.134375 0.546875 0.175000 0.560937 0.175000 0.562500 0.176563 0.570312 0.176563 0.571875 0.178125 0.571875 0.182812 0.617188 0.182812 0.617188 0.178125 0.620313 0.175000 0.620313 0.173437 0.621875 0.171875 0.621875 0.167187 0.623437 0.165625 0.623437 0.160938 0.625000 0.159375 0.625000 0.154688 0.626563 0.153125 0.626563 0.148438 0.628125 0.146875 0.628125 0.142187 0.629687 0.140625 0.629687 0.135937 0.631250 0.134375 0.631250 0.128125 0.632812 0.126562 0.632812 0.123438 0.634375 0.121875 0.639062 0.121875 0.639062 0.095312 0.634375 0.095312 0.632812 0.093750 0.628125 0.093750 0.626563 0.092188 0.621875 0.092188 0.620313 0.090625 0.617188 0.090625 0.615625 0.089063 0.615625 0.084375
0 0.321875 0.353125 0.321875 0.389062 0.351562 0.389062 0.351562 0.353125
1 0.232813 0.759375 0.228125 0.764062 0.264062 0.775000 0.535937 0.837500 0.557813 0.837500 0.556250 0.712500 0.551562 0.703125
1 0.146875 0.656250 0.148438 0.676562 0.220312 0.715625 0.287500 0.676562 0.167187 0.609375 0.159375 0.617188
1 0.612500 0.715625 0.612500 0.731250 0.685937 0.776563 0.726562 0.653125 0.714063 0.648438 0.634375 0.651563
1 0.135937 0.760938 0.131250 0.768750 0.132812 0.803125 0.135937 0.820312 0.146875 0.831250 0.434375 0.904687 0.446875 0.901563 0.487500 0.856250 0.484375 0.846875
1 0.001563 0.923438 0.000000 0.998437 0.293750 0.998437 0.301563 0.987500 0.310937 0.987500 0.303125 0.981250 0.217188 0.962500 0.181250 0.960938 0.129688 0.945312
