0 0.4890625 0.1765625 0.4921875 0.1796875 0.4921875 0.18281250000000002 0.49375 0.184375 0.49375 0.18906250000000002 0.49531250000000004 0.19062500000000002 0.49531250000000004 0.19375 0.49843750000000003 0.19687500000000002 0.49843750000000003 0.2015625 0.5062500000000001 0.2015625 0.5062500000000001 0.19687500000000002 0.5078125000000001 0.1953125 0.509375 0.1953125 0.5109375 0.19375 0.5125000000000001 0.19375 0.5203125000000001 0.1859375 0.5218750000000001 0.1859375 0.525 0.18281250000000002 0.5265625 0.18281250000000002 0.5281250000000001 0.18125000000000002 0.5296875000000001 0.18125000000000002 0.5328125 0.178125 0.5390625000000001 0.178125 0.5390625000000001 0.1640625 0.534375 0.1640625 0.5312500000000001 0.1609375 0.5312500000000001 0.15937500000000002 0.5296875000000001 0.15781250000000002 0.5296875000000001 0.15625 0.525 0.15156250000000002 0.525 0.15000000000000002 0.5234375000000001 0.1484375 0.5234375000000001 0.146875 0.5218750000000001 0.1453125 0.5218750000000001 0.14375000000000002 0.51875 0.14062500000000003 0.51875 0.1390625 0.5171875 0.1375 0.5171875 0.13593750000000002 0.5156250000000001 0.13437500000000002 0.5156250000000001 0.12812500000000002 0.484375 0.12812500000000002 0.484375 0.1765625 0.4890625 0.1765625
0 0.6781250000000001 0.040625 0.6765625000000001 0.040625 0.675 0.0421875 0.671875 0.0421875 0.6703125000000001 0.043750000000000004 0.6687500000000001 0.043750000000000004 0.6671875 0.045312500000000006 0.665625 0.045312500000000006 0.6625000000000001 0.0484375 0.6609375000000001 0.0484375 0.6578125 0.051562500000000004 0.6531250000000001 0.051562500000000004 0.6531250000000001 0.0890625 0.659375 0.0890625 0.6625000000000001 0.0921875 0.6640625 0.0921875 0.665625 0.09375 0.6687500000000001 0.09375 0.6703125000000001 0.09531250000000001 0.6734375 0.09531250000000001 0.675 0.096875 0.68125 0.096875 0.6828125 0.09843750000000001 0.7000000000000001 0.09843750000000001 0.7015625000000001 0.1 0.71875 0.1 0.7203125 0.1015625 0.734375 0.1015625 0.7359375 0.1 0.7375 0.1 0.74375 0.09375 0.74375 0.0921875 0.7453125 0.09062500000000001 0.7515625 0.09062500000000001 0.7515625 0.046875 0.7468750000000001 0.046875 0.7421875 0.0421875 0.7406250000000001 0.0421875 0.7390625000000001 0.040625 0.7390625000000001 0.034375 0.6796875 0.034375 0.6796875 0.0390625 0.6781250000000001 0.040625
0 0.446875 0.1875 0.45 0.19062500000000002 0.45 0.1921875 0.45156250000000003 0.19375 0.453125 0.19375 0.4546875 0.1953125 0.45625000000000004 0.1953125 0.4578125 0.19687500000000002 0.4578125 0.2015625 0.478125 0.2015625 0.478125 0.1953125 0.48125 0.1921875 0.48125 0.19062500000000002 0.48281250000000003 0.18906250000000002 0.48281250000000003 0.184375 0.484375 0.18281250000000002 0.4890625 0.18281250000000002 0.4890625 0.15156250000000002 0.484375 0.15156250000000002 0.48281250000000003 0.15000000000000002 0.48281250000000003 0.14375000000000002 0.48125 0.14218750000000002 0.48125 0.1390625 0.47968750000000004 0.1375 0.47968750000000004 0.13593750000000002 0.4765625 0.13281250000000003 0.4765625 0.12812500000000002 0.44062500000000004 0.12812500000000002 0.44062500000000004 0.1875 0.446875 0.1875
0 0.7578125 0.0890625 0.7609375 0.0921875 0.7609375 0.096875 0.7625000000000001 0.09843750000000001 0.7625000000000001 0.10312500000000001 0.7640625000000001 0.1046875 0.7640625000000001 0.10625000000000001 0.765625 0.1078125 0.765625 0.11093750000000001 0.7671875 0.1125 0.7671875 0.11406250000000001 0.76875 0.115625 0.76875 0.11875000000000001 0.7703125000000001 0.1203125 0.7703125000000001 0.1234375 0.7718750000000001 0.125 0.7718750000000001 0.12656250000000002 0.7734375 0.12812500000000002 0.7734375 0.13125 0.775 0.13281250000000003 0.775 0.13437500000000002 0.7765625 0.13593750000000002 0.7765625 0.1375 0.784375 0.1453125 0.7859375000000001 0.14375000000000002 0.7890625 0.14375000000000002 0.790625 0.14218750000000002 0.790625 0.14062500000000003 0.7921875 0.1390625 0.7937500000000001 0.1390625 0.7984375 0.13437500000000002 0.7984375 0.13281250000000003 0.8125 0.11875000000000001 0.8125 0.1171875 0.821875 0.1078125 0.8265625000000001 0.1078125 0.8265625000000001 0.0890625 0.821875 0.0890625 0.8203125 0.08750000000000001 0.8203125 0.0859375 0.8187500000000001 0.084375 0.8187500000000001 0.08125 0.815625 0.078125 0.815625 0.0765625 0.8140625 0.07500000000000001 0.8140625 0.0734375 0.8125 0.07187500000000001 0.8125 0.06875 0.8109375000000001 0.06718750000000001 0.8109375000000001 0.065625 0.8078125 0.0625 0.8078125 0.060937500000000006 0.80625 0.059375000000000004 0.80625 0.0578125 0.8031250000000001 0.0546875 0.8031250000000001 0.053125000000000006 0.8 0.05 0.8 0.0484375 0.796875 0.045312500000000006 0.796875 0.043750000000000004 0.7937500000000001 0.040625 0.7937500000000001 0.034375 0.753125 0.034375 0.753125 0.0890625 0.7578125 0.0890625
0 0.44062500000000004 0.065625 0.4421875 0.06718750000000001 0.44375000000000003 0.06718750000000001 0.4453125 0.06875 0.44843750000000004 0.06875 0.45 0.07031250000000001 0.45156250000000003 0.07031250000000001 0.45625000000000004 0.07500000000000001 0.4578125 0.07500000000000001 0.45937500000000003 0.0765625 0.4625 0.0765625 0.46406250000000004 0.078125 0.46406250000000004 0.08281250000000001 0.478125 0.08281250000000001 0.478125 0.0765625 0.49062500000000003 0.06406250000000001 0.49531250000000004 0.06406250000000001 0.49531250000000004 0.040625 0.49062500000000003 0.040625 0.4890625 0.0390625 0.48750000000000004 0.0390625 0.484375 0.035937500000000004 0.48281250000000003 0.035937500000000004 0.47968750000000004 0.0328125 0.47968750000000004 0.028125 0.434375 0.028125 0.434375 0.065625 0.44062500000000004 0.065625
0 0.509375 0.043750000000000004 0.5078125000000001 0.043750000000000004 0.5015625 0.05 0.5 0.05 0.49843750000000003 0.051562500000000004 0.49843750000000003 0.0546875 0.496875 0.05625 0.496875 0.0625 0.49531250000000004 0.06406250000000001 0.49062500000000003 0.06406250000000001 0.49062500000000003 0.0734375 0.49531250000000004 0.0734375 0.49843750000000003 0.0765625 0.49843750000000003 0.08281250000000001 0.51875 0.08281250000000001 0.51875 0.078125 0.5203125000000001 0.0765625 0.5218750000000001 0.0765625 0.5234375000000001 0.07500000000000001 0.525 0.07500000000000001 0.5265625 0.0734375 0.5328125 0.0734375 0.534375 0.07187500000000001 0.5390625000000001 0.07187500000000001 0.540625 0.07031250000000001 0.5421875 0.07031250000000001 0.5437500000000001 0.06875 0.5453125000000001 0.06875 0.5468750000000001 0.06718750000000001 0.5484375 0.06718750000000001 0.5515625000000001 0.06406250000000001 0.5515625000000001 0.0625 0.5531250000000001 0.060937500000000006 0.5578125 0.060937500000000006 0.5578125 0.053125000000000006 0.5531250000000001 0.053125000000000006 0.5515625000000001 0.051562500000000004 0.5515625000000001 0.05 0.55 0.0484375 0.55 0.046875 0.5453125000000001 0.0421875 0.5453125000000001 0.040625 0.5437500000000001 0.0390625 0.5437500000000001 0.034375 0.5140625000000001 0.034375 0.5140625000000001 0.0390625 0.509375 0.043750000000000004
0 0.203125 0.178125 0.20468750000000002 0.1796875 0.20468750000000002 0.18125000000000002 0.20625000000000002 0.18125000000000002 0.2078125 0.18281250000000002 0.2078125 0.18906250000000002 0.22187500000000002 0.18906250000000002 0.22187500000000002 0.184375 0.2234375 0.18281250000000002 0.225 0.18281250000000002 0.2265625 0.18125000000000002 0.22812500000000002 0.18125000000000002 0.2328125 0.1765625 0.234375 0.1765625 0.23593750000000002 0.17500000000000002 0.23750000000000002 0.17500000000000002 0.2390625 0.17343750000000002 0.24531250000000002 0.17343750000000002 0.24531250000000002 0.1546875 0.240625 0.1546875 0.2390625 0.153125 0.2390625 0.146875 0.19687500000000002 0.146875 0.19687500000000002 0.178125 0.203125 0.178125
0 0.44843750000000004 0.09843750000000001 0.44843750000000004 0.1 0.446875 0.1015625 0.446875 0.10312500000000001 0.4453125 0.1046875 0.44062500000000004 0.1046875 0.44062500000000004 0.1234375 0.45156250000000003 0.1234375 0.453125 0.125 0.49531250000000004 0.125 0.496875 0.1234375 0.5 0.1234375 0.5015625 0.12187500000000001 0.503125 0.12187500000000001 0.5046875000000001 0.1203125 0.5062500000000001 0.1203125 0.5062500000000001 0.1171875 0.5078125000000001 0.115625 0.5078125000000001 0.109375 0.5062500000000001 0.1078125 0.5062500000000001 0.10625000000000001 0.5046875000000001 0.1046875 0.5046875000000001 0.10312500000000001 0.5015625 0.1 0.5015625 0.09843750000000001 0.496875 0.09375 0.49531250000000004 0.09375 0.49062500000000003 0.0890625 0.49062500000000003 0.084375 0.45625000000000004 0.084375 0.45625000000000004 0.09062500000000001 0.44843750000000004 0.09843750000000001
0 0.8250000000000001 0.10625000000000001 0.8250000000000001 0.1078125 0.8234375 0.109375 0.8234375 0.11093750000000001 0.821875 0.1125 0.821875 0.11406250000000001 0.8187500000000001 0.1171875 0.8187500000000001 0.11875000000000001 0.8171875000000001 0.1203125 0.8171875000000001 0.12187500000000001 0.8140625 0.125 0.8093750000000001 0.125 0.8093750000000001 0.146875 0.815625 0.146875 0.8171875000000001 0.1484375 0.821875 0.1484375 0.8234375 0.15000000000000002 0.83125 0.15000000000000002 0.8328125000000001 0.15156250000000002 0.8406250000000001 0.15156250000000002 0.8421875000000001 0.153125 0.8484375000000001 0.153125 0.8500000000000001 0.1546875 0.8562500000000001 0.1546875 0.8578125000000001 0.15625 0.8703125 0.15625 0.8718750000000001 0.15781250000000002 0.9109375000000001 0.15781250000000002 0.9125000000000001 0.15625 0.9140625 0.15625 0.915625 0.1546875 0.915625 0.153125 0.9187500000000001 0.15000000000000002 0.9187500000000001 0.1484375 0.921875 0.1453125 0.921875 0.14375000000000002 0.925 0.14062500000000003 0.925 0.1390625 0.9281250000000001 0.13593750000000002 0.9328125 0.13593750000000002 0.9328125 0.12187500000000001 0.9281250000000001 0.12187500000000001 0.921875 0.115625 0.9203125000000001 0.115625 0.9171875 0.1125 0.915625 0.1125 0.9140625 0.11093750000000001 0.9125000000000001 0.11093750000000001 0.9109375000000001 0.109375 0.909375 0.109375 0.90625 0.10625000000000001 0.9046875000000001 0.10625000000000001 0.9031250000000001 0.1046875 0.9 0.1046875 0.8984375 0.10312500000000001 0.8968750000000001 0.10312500000000001 0.8953125000000001 0.1015625 0.8953125000000001 0.096875 0.828125 0.096875 0.828125 0.10312500000000001 0.8250000000000001 0.10625000000000001
0 0.3984375 0.14218750000000002 0.39687500000000003 0.14218750000000002 0.39375000000000004 0.1453125 0.39375000000000004 0.146875 0.38906250000000003 0.15156250000000002 0.384375 0.15156250000000002 0.384375 0.18906250000000002 0.4234375 0.18906250000000002 0.4234375 0.18281250000000002 0.4265625 0.1796875 0.4265625 0.178125 0.4296875 0.17500000000000002 0.4296875 0.17343750000000002 0.43125 0.171875 0.43125 0.16875 0.43281250000000004 0.16718750000000002 0.43281250000000004 0.1625 0.434375 0.1609375 0.4390625 0.1609375 0.4390625 0.13437500000000002 0.40156250000000004 0.13437500000000002 0.40156250000000004 0.1390625 0.3984375 0.14218750000000002
0 0.5265625 0.15000000000000002 0.5312500000000001 0.1546875 0.5312500000000001 0.15625 0.5328125 0.15781250000000002 0.5328125 0.15937500000000002 0.534375 0.1609375 0.534375 0.1625 0.5359375000000001 0.1640625 0.5359375000000001 0.1703125 0.5781250000000001 0.1703125 0.5781250000000001 0.16562500000000002 0.5828125000000001 0.1609375 0.5890625 0.1609375 0.5890625 0.12812500000000002 0.5843750000000001 0.12812500000000002 0.5828125000000001 0.12656250000000002 0.5828125000000001 0.12187500000000001 0.5218750000000001 0.12187500000000001 0.5218750000000001 0.15000000000000002 0.5265625 0.15000000000000002
0 0.16718750000000002 0.18906250000000002 0.16718750000000002 0.184375 0.16875 0.18281250000000002 0.17500000000000002 0.18281250000000002 0.1765625 0.18125000000000002 0.178125 0.18125000000000002 0.1796875 0.1796875 0.18125000000000002 0.1796875 0.184375 0.1765625 0.1859375 0.1765625 0.1875 0.17500000000000002 0.1875 0.17343750000000002 0.18906250000000002 0.171875 0.18906250000000002 0.15625 0.1875 0.1546875 0.1875 0.153125 0.1859375 0.15156250000000002 0.1859375 0.146875 0.153125 0.146875 0.153125 0.18906250000000002 0.16718750000000002 0.18906250000000002
0 0.371875 0.09843750000000001 0.36562500000000003 0.09843750000000001 0.36562500000000003 0.1390625 0.371875 0.1390625 0.37343750000000003 0.14062500000000003 0.37343750000000003 0.1453125 0.384375 0.1453125 0.384375 0.14062500000000003 0.38593750000000004 0.1390625 0.3875 0.1390625 0.38906250000000003 0.1375 0.3953125 0.1375 0.39687500000000003 0.13593750000000002 0.3984375 0.13593750000000002 0.40156250000000004 0.13281250000000003 0.40937500000000004 0.13281250000000003 0.4109375 0.13125 0.41718750000000004 0.13125 0.41875 0.1296875 0.4234375 0.1296875 0.42500000000000004 0.12812500000000002 0.4296875 0.12812500000000002 0.43125 0.12656250000000002 0.43281250000000004 0.12656250000000002 0.434375 0.125 0.4390625 0.125 0.4390625 0.09843750000000001 0.43281250000000004 0.09843750000000001 0.4296875 0.09531250000000001 0.4296875 0.09062500000000001 0.37343750000000003 0.09062500000000001 0.37343750000000003 0.096875 0.371875 0.09843750000000001
1 0.0921875 0.2234375 0.09062500000000001 0.2234375 0.08125 0.2328125 0.07968750000000001 0.2328125 0.06718750000000001 0.24531250000000002 0.065625 0.24531250000000002 0.06406250000000001 0.246875 0.06406250000000001 0.2484375 0.045312500000000006 0.2671875 0.045312500000000006 0.26875000000000004 0.0390625 0.275 0.034375 0.275 0.034375 0.371875 0.040625 0.371875 0.0421875 0.37343750000000003 0.0421875 0.375 0.051562500000000004 0.384375 0.053125000000000006 0.384375 0.0578125 0.38906250000000003 0.059375000000000004 0.38906250000000003 0.0625 0.3921875 0.06406250000000001 0.3921875 0.06718750000000001 0.3953125 0.06875 0.3953125 0.07031250000000001 0.39687500000000003 0.07187500000000001 0.39687500000000003 0.0734375 0.3984375 0.07500000000000001 0.3984375 0.0765625 0.4 0.078125 0.4 0.07968750000000001 0.40156250000000004 0.08125 0.40156250000000004 0.084375 0.40468750000000003 0.0859375 0.40468750000000003 0.08750000000000001 0.40625 0.0921875 0.40625 0.09531250000000001 0.40937500000000004 0.09531250000000001 0.4140625 0.11093750000000001 0.4140625 0.11093750000000001 0.4078125 0.11406250000000001 0.40468750000000003 0.11406250000000001 0.40156250000000004 0.115625 0.4 0.115625 0.3921875 0.1171875 0.390625 0.1171875 0.359375 0.11875000000000001 0.35781250000000003 0.1171875 0.35625 0.1171875 0.3171875 0.11875000000000001 0.31562500000000004 0.11875000000000001 0.29218750000000004 0.1203125 0.290625 0.1203125 0.275 0.11875000000000001 0.27343750000000006 0.11875000000000001 0.246875 0.1171875 0.24531250000000002 0.1171875 0.23125 0.115625 0.22968750000000002 0.115625 0.2234375 0.11406250000000001 0.22187500000000002 0.11406250000000001 0.215625 0.09375 0.215625 0.09375 0.22187500000000002 0.0921875 0.2234375
0 0.5078125000000001 0.08750000000000001 0.503125 0.08750000000000001 0.503125 0.1078125 0.5078125000000001 0.1078125 0.5109375 0.11093750000000001 0.5109375 0.1125 0.5125000000000001 0.11406250000000001 0.5140625000000001 0.11406250000000001 0.51875 0.11875000000000001 0.5203125000000001 0.11875000000000001 0.5218750000000001 0.1203125 0.5375000000000001 0.1203125 0.5390625000000001 0.12187500000000001 0.5390625000000001 0.12656250000000002 0.5453125000000001 0.12656250000000002 0.5453125000000001 0.12187500000000001 0.5468750000000001 0.1203125 0.5578125 0.1203125 0.5593750000000001 0.11875000000000001 0.5640625 0.11875000000000001 0.5640625 0.09531250000000001 0.5593750000000001 0.09531250000000001 0.5578125 0.09375 0.5578125 0.0921875 0.55625 0.09062500000000001 0.55625 0.0890625 0.5515625000000001 0.084375 0.5515625000000001 0.078125 0.5125000000000001 0.078125 0.5125000000000001 0.08281250000000001 0.5078125000000001 0.08750000000000001
0 0.3984375 0.059375000000000004 0.3984375 0.060937500000000006 0.3953125 0.06406250000000001 0.390625 0.06406250000000001 0.390625 0.0859375 0.39687500000000003 0.0859375 0.3984375 0.08750000000000001 0.40156250000000004 0.08750000000000001 0.403125 0.0890625 0.40468750000000003 0.0890625 0.40625 0.09062500000000001 0.40625 0.1015625 0.4265625 0.1015625 0.4265625 0.096875 0.42812500000000003 0.09531250000000001 0.4296875 0.09531250000000001 0.43125 0.09375 0.45156250000000003 0.09375 0.45156250000000003 0.0734375 0.4453125 0.0734375 0.44062500000000004 0.06875 0.4390625 0.06875 0.4375 0.06718750000000001 0.43593750000000003 0.06718750000000001 0.43125 0.0625 0.4296875 0.0625 0.42500000000000004 0.0578125 0.42500000000000004 0.053125000000000006 0.4 0.053125000000000006 0.4 0.0578125 0.3984375 0.059375000000000004
0 0.665625 0.11093750000000001 0.6640625 0.11093750000000001 0.6484375 0.12656250000000002 0.6484375 0.12812500000000002 0.6453125000000001 0.13125 0.640625 0.13125 0.640625 0.15156250000000002 0.6468750000000001 0.15156250000000002 0.6484375 0.153125 0.6484375 0.15781250000000002 0.7015625000000001 0.15781250000000002 0.7015625000000001 0.153125 0.703125 0.15156250000000002 0.7109375 0.15156250000000002 0.7125 0.15000000000000002 0.7375 0.15000000000000002 0.7390625000000001 0.1484375 0.7468750000000001 0.1484375 0.7484375000000001 0.146875 0.753125 0.146875 0.7546875000000001 0.1453125 0.759375 0.1453125 0.7609375 0.14375000000000002 0.7703125000000001 0.14375000000000002 0.7703125000000001 0.1296875 0.765625 0.1296875 0.7625000000000001 0.12656250000000002 0.7625000000000001 0.125 0.7609375 0.1234375 0.7609375 0.12187500000000001 0.7562500000000001 0.1171875 0.7562500000000001 0.115625 0.753125 0.1125 0.7515625 0.1125 0.75 0.11093750000000001 0.7468750000000001 0.11093750000000001 0.7453125 0.109375 0.7421875 0.109375 0.7406250000000001 0.1078125 0.7406250000000001 0.10312500000000001 0.6687500000000001 0.10312500000000001 0.6687500000000001 0.1078125 0.665625 0.11093750000000001
0 0.0921875 0.2234375 0.09062500000000001 0.2234375 0.08125 0.2328125 0.07968750000000001 0.2328125 0.06718750000000001 0.24531250000000002 0.065625 0.24531250000000002 0.06406250000000001 0.246875 0.06406250000000001 0.2484375 0.045312500000000006 0.2671875 0.045312500000000006 0.26875000000000004 0.0390625 0.275 0.034375 0.275 0.034375 0.371875 0.040625 0.371875 0.0421875 0.37343750000000003 0.0421875 0.375 0.051562500000000004 0.384375 0.053125000000000006 0.384375 0.0578125 0.38906250000000003 0.059375000000000004 0.38906250000000003 0.0625 0.3921875 0.06406250000000001 0.3921875 0.06718750000000001 0.3953125 0.06875 0.3953125 0.07031250000000001 0.39687500000000003 0.07187500000000001 0.39687500000000003 0.0734375 0.3984375 0.07500000000000001 0.3984375 0.0765625 0.4 0.078125 0.4 0.07968750000000001 0.40156250000000004 0.08125 0.40156250000000004 0.084375 0.40468750000000003 0.0859375 0.40468750000000003 0.08750000000000001 0.40625 0.0921875 0.40625 0.09531250000000001 0.40937500000000004 0.09531250000000001 0.4140625 0.11093750000000001 0.4140625 0.11093750000000001 0.4078125 0.11406250000000001 0.40468750000000003 0.11406250000000001 0.40156250000000004 0.115625 0.4 0.115625 0.3921875 0.1171875 0.390625 0.1171875 0.359375 0.11875000000000001 0.35781250000000003 0.1171875 0.35625 0.1171875 0.3171875 0.11875000000000001 0.31562500000000004 0.11875000000000001 0.29218750000000004 0.1203125 0.290625 0.1203125 0.275 0.11875000000000001 0.27343750000000006 0.11875000000000001 0.246875 0.1171875 0.24531250000000002 0.1171875 0.23125 0.115625 0.22968750000000002 0.115625 0.2234375 0.11406250000000001 0.22187500000000002 0.11406250000000001 0.215625 0.09375 0.215625 0.09375 0.22187500000000002 0.0921875 0.2234375
0 0.4453125 0.1875 0.45156250000000003 0.19375 0.453125 0.19375 0.4546875 0.1953125 0.45625000000000004 0.1953125 0.4578125 0.19687500000000002 0.4578125 0.2015625 0.478125 0.2015625 0.478125 0.19687500000000002 0.47968750000000004 0.1953125 0.47968750000000004 0.19375 0.48125 0.1921875 0.48125 0.19062500000000002 0.48281250000000003 0.18906250000000002 0.48281250000000003 0.1859375 0.484375 0.184375 0.4890625 0.184375 0.4890625 0.153125 0.484375 0.153125 0.48281250000000003 0.15156250000000002 0.48281250000000003 0.1453125 0.48125 0.14375000000000002 0.48125 0.1390625 0.4765625 0.13437500000000002 0.4765625 0.12812500000000002 0.44062500000000004 0.12812500000000002 0.44062500000000004 0.1875 0.4453125 0.1875
0 0.15625 0.28906250000000006 0.2278640625 0.30859375 0.28776093750000004 0.3177078125 0.3059890625 0.3151046875 0.3059890625 0.27604218750000004 0.28906250000000006 0.2161453125 0.2630203125 0.2044265625 0.2135421875 0.20703125 0.1354171875 0.234375 0.13281250000000003 0.27994843750000004 0.15625 0.28906250000000006
0 0.1354171875 0.3880203125 0.1692703125 0.4153640625000001 0.22526093750000004 0.4231765625000001 0.29166718750000004 0.4244796875 0.32421875 0.4127609375 0.3346359375 0.3697921875 0.3307296875 0.34765625 0.28906250000000006 0.328125 0.2513015625 0.31640625 0.2174484375 0.30859375 0.1796875 0.2981765625 0.1471359375 0.296875 0.1276046875 0.3059890625 0.125 0.34765625 0.1354171875 0.3880203125
0 0.3541671875 0.3958328125 0.3684890625 0.4049484375 0.4296875 0.4205734375 0.4622390625000001 0.4231765625000001 0.4713546875 0.4088546875 0.4322921875 0.3502609375 0.40625 0.3020828125 0.3658859375 0.2434890625 0.34765625 0.2317703125 0.31640625 0.2591140625 0.32421875 0.3151046875 0.3541671875 0.3958328125
0 0.4348953125000001 0.31640625 0.4635421875 0.375 0.48828125 0.3997390625 0.5169265625 0.35546875 0.5182296875 0.3111984375 0.484375 0.2591140625 0.44140625 0.2174484375 0.3841140625 0.20703125 0.3658859375 0.2096359375 0.3971359375 0.27343750000000006 0.4348953125000001 0.31640625
0 0.6106765625000001 0.4765625 0.6640625 0.4088546875 0.7369796875 0.26562500000000006 0.7513015625000001 0.2135421875 0.5651046875 0.23307343750000004 0.5325515625 0.3580734375 0.6106765625000001 0.4765625
0 0.71875 0.39453125 0.7083328125000001 0.4466140625000001 0.84375 0.4583328125000001 0.9661453125 0.4427078125000001 0.9661453125 0.3463546875 0.9309890625 0.2265625 0.8294265625 0.22916718750000004 0.7643234375 0.3229171875 0.71875 0.39453125
0 0.0481765625 0.5169265625 0.0364578125 0.5651046875 0.0403640625 0.6302078125000001 0.0872390625 0.6927078125000001 0.1223953125 0.7057296875 0.1966140625 0.6783859375 0.23697968750000004 0.6341140625000001 0.25 0.61328125 0.2122390625 0.5104171875 0.1458328125 0.4375 0.0911453125 0.46875 0.0481765625 0.5169265625
0 0.26953125000000006 0.5390625000000001 0.26562500000000006 0.5794265625 0.26041718750000004 0.6354171875 0.26041718750000004 0.65625 0.28385468750000004 0.6614578125000001 0.3072921875 0.6614578125000001 0.3255203125 0.6497390625000001 0.36328125 0.5924484375 0.3893234375 0.5390625000000001 0.4088546875 0.484375 0.4205734375 0.4479171875 0.3619796875 0.44921875 0.3294265625 0.4544265625000001 0.3033859375 0.45703125 0.28515625000000006 0.4934890625000001 0.26953125000000006 0.5390625000000001
0 0.4127609375 0.5416671875 0.3958328125 0.59765625 0.3880203125 0.6380203125000001 0.40234375 0.65625 0.4270828125000001 0.6875 0.4661453125000001 0.7109375 0.4921875 0.6940109375 0.5429687500000001 0.6575515625000001 0.5807296875 0.625 0.60546875 0.5885421875 0.5833328125 0.5585937500000001 0.5455734375 0.5182296875 0.4986984375 0.4713546875 0.4622390625000001 0.4466140625000001 0.4401046875 0.4908859375 0.4127609375 0.5416671875
0 0.62890625 0.6002609375 0.65234375 0.6354171875 0.67578125 0.6588546875 0.7161453125000001 0.6614578125000001 0.7981765625000001 0.6510421875 0.86328125 0.63671875 0.9153640625 0.61328125 0.9661453125 0.5963546875 0.9700515625 0.5598953125 0.9752609375000001 0.5247390625 0.93359375 0.4973953125000001 0.8645828125 0.484375 0.8033859375000001 0.4752609375 0.7356765625000001 0.4765625 0.6705734375 0.4765625 0.6354171875 0.484375 0.6080734375 0.5052078125 0.6145828125000001 0.5520828125 0.62890625 0.6002609375
0 0.0364578125 0.8229171875000001 0.0481765625 0.8346359375000001 0.0872390625 0.8671875 0.1315109375 0.9036453125 0.18359375 0.921875 0.26432343750000004 0.94140625 0.3411453125 0.9427078125 0.3958328125 0.9361984375000001 0.42578125 0.890625 0.4583328125000001 0.83984375 0.4661453125000001 0.796875 0.4596359375 0.7408859375 0.41796875 0.7278640625000001 0.3671875 0.7265625 0.30859375 0.7200515625000001 0.23307343750000004 0.7200515625000001 0.1731765625 0.7265625 0.1263015625 0.7278640625000001 0.0872390625 0.7473953125000001 0.05859375 0.7838546875 0.0364578125 0.8229171875000001
0 0.48046875 0.8177078125 0.47265625 0.8671875 0.4609375 0.9244796875000001 0.4674484375 0.9622390625 0.5169265625 0.9622390625 0.6158859375 0.9622390625 0.6940109375 0.9596359375000001 0.7565109375 0.95703125 0.8346359375000001 0.94921875 0.921875 0.9401046875000001 0.9661453125 0.9244796875000001 0.96484375 0.8958328125 0.9557296875000001 0.8424484375000001 0.92578125 0.7682296875 0.8580734375000001 0.7200515625000001 0.7955734375 0.703125 0.7252609375 0.6966140625000001 0.6536453125000001 0.68359375 0.5429687500000001 0.6875 0.5065109375 0.7096359375 0.4921875 0.7513015625000001 0.48046875 0.8177078125
0 0.8567703125 0.0872390625 0.8984375 0.0963546875 0.9140625 0.0924484375 0.9192703125 0.06510468750000001 0.9166671875000001 0.04557343750000001 0.8880203125 0.0403640625 0.8424484375000001 0.0442703125 0.8333328125 0.05078125 0.8190109375000001 0.06901093750000001 0.828125 0.078125 0.8567703125 0.0872390625
0 0.1028640625 0.1653640625 0.14453125000000003 0.1731765625 0.15234375 0.1497390625 0.1145828125 0.1497390625 0.1145828125 0.1536453125 0.1028640625 0.1653640625
0 0.11979218750000002 0.14453125000000003 0.1380203125 0.1184890625 0.11588593750000002 0.10416718750000002 0.0989578125 0.12369843750000002 0.11979218750000002 0.14453125000000003
0 0.1458328125 0.078125 0.1341140625 0.06640625000000001 0.12109375 0.07291718750000001 0.109375 0.0924484375 0.1302078125 0.10416718750000002 0.1458328125 0.078125
0 0.1549484375 0.1419265625 0.1796875 0.1393234375 0.1770828125 0.12369843750000002 0.1471359375 0.1184890625 0.1380203125 0.14062500000000003 0.1549484375 0.1419265625
0 0.2044265625 0.1484375 0.22265625 0.14453125000000003 0.2265625 0.1302078125 0.2135421875 0.12369843750000002 0.1888015625 0.1263015625 0.1888015625 0.1458328125 0.2044265625 0.1484375
0 0.25781250000000006 0.1536453125 0.2708328125 0.1471359375 0.2591140625 0.1263015625 0.23697968750000004 0.12369843750000002 0.2421875 0.1536453125 0.25781250000000006 0.1536453125
0 0.25260468750000004 0.11197968750000002 0.26041718750000004 0.1184890625 0.27213593750000004 0.1067703125 0.27994843750000004 0.0859375 0.2552078125 0.0794265625 0.25 0.0963546875 0.25260468750000004 0.11197968750000002
0 0.21484375 0.11328125 0.22265625 0.1171875 0.2421875 0.11328125 0.24479218750000004 0.10026093750000002 0.23828125 0.0859375 0.2161453125 0.0846359375 0.2122390625 0.0989578125 0.21484375 0.11328125
0 0.1901046875 0.11979218750000002 0.2044265625 0.1145828125 0.203125 0.0963546875 0.1861984375 0.09375 0.1783859375 0.11328125 0.1901046875 0.11979218750000002
0 0.1471359375 0.109375 0.1705734375 0.10546875 0.1770828125 0.0911453125 0.1588546875 0.0807296875 0.1393234375 0.10026093750000002 0.1471359375 0.109375
0 0.14453125000000003 0.07031250000000001 0.1666671875 0.0755203125 0.1770828125 0.05859375 0.1549484375 0.0442703125 0.14062500000000003 0.06119843750000001 0.14453125000000003 0.07031250000000001
0 0.1822921875 0.0833328125 0.2018234375 0.0872390625 0.2122390625 0.06510468750000001 0.20703125 0.05078125 0.1783859375 0.0638015625 0.1770828125 0.0677078125 0.1822921875 0.0833328125
0 0.22265625 0.0807296875 0.25 0.0768234375 0.24869843750000004 0.06510468750000001 0.2317703125 0.05729218750000001 0.2174484375 0.0625 0.21484375 0.07291718750000001 0.22265625 0.0807296875
