0 0.149361 0.369650 0.148853 0.374890 0.147033 0.376286 0.142083 0.375231 0.138694 0.410172 0.143644 0.411227 0.145125 0.413326 0.146776 0.413678 0.152699 0.422073 0.154349 0.422425 0.157310 0.426621 0.158960 0.426973 0.160441 0.429072 0.159933 0.434314 0.169834 0.436424 0.170342 0.431183 0.172162 0.429787 0.175462 0.430490 0.177282 0.429095 0.182232 0.430151 0.184052 0.428756 0.195604 0.431218 0.197423 0.429822 0.199072 0.430174 0.202713 0.427383 0.202882 0.425637 0.204701 0.424241 0.209651 0.425296 0.204701 0.424241 0.201740 0.420043 0.201909 0.418296 0.200428 0.416197 0.201614 0.403968 0.203434 0.402573 0.201952 0.400474 0.202291 0.396980 0.199331 0.392782 0.199500 0.391035 0.195058 0.384738 0.195566 0.379498
0 0.761843 0.792631 0.759641 0.815342 0.764591 0.816397 0.766072 0.818496 0.767723 0.818848 0.769203 0.820947 0.768525 0.827935 0.798229 0.834265 0.798906 0.827278 0.800726 0.825883 0.802376 0.826234 0.804195 0.824838 0.810797 0.826245 0.812999 0.803534
0 0.843261 0.717260 0.840211 0.748707 0.845161 0.749762 0.848124 0.753960 0.847616 0.759201 0.870717 0.764125 0.871225 0.758883 0.874866 0.756093 0.876515 0.756445 0.887433 0.748073 0.892384 0.749128 0.894417 0.728163
0 0.085211 0.405905 0.083178 0.426870 0.088128 0.427925 0.094052 0.436320 0.093882 0.438068 0.105727 0.454858 0.105558 0.456604 0.107209 0.456956 0.114613 0.467450 0.116262 0.467802 0.119224 0.471999 0.120874 0.472350 0.122355 0.474449 0.137206 0.477615 0.139026 0.476219 0.140677 0.476571 0.144315 0.473781 0.145966 0.474133 0.149605 0.471341 0.151255 0.471693 0.165812 0.460531 0.172412 0.461938 0.174276 0.442720 0.167676 0.441313 0.163233 0.435018 0.159933 0.434314 0.158452 0.432215 0.156802 0.431863 0.155321 0.429765 0.153671 0.429413 0.150710 0.425215 0.151218 0.419974
0 0.007033 0.239457 0.004152 0.269158 0.010753 0.270565 0.012234 0.272663 0.018835 0.274070 0.020315 0.276168 0.021966 0.276520 0.023446 0.278619 0.022938 0.283860 0.023446 0.278619 0.025265 0.277223 0.026916 0.277575 0.028735 0.276180 0.032035 0.276883 0.035675 0.274093 0.037325 0.274444 0.044604 0.268863 0.049554 0.269918 0.050401 0.261183 0.045451 0.260128 0.042489 0.255931 0.040840 0.255579 0.039358 0.253480 0.040036 0.246492
0 0.851041 0.775979 0.847822 0.809172 0.872574 0.814448 0.873082 0.809208 0.874902 0.807813 0.876553 0.808165 0.878372 0.806769 0.880023 0.807121 0.881842 0.805725 0.883492 0.806076 0.885312 0.804681 0.885481 0.802935 0.889120 0.800144 0.894070 0.801199 0.895595 0.785475
0 0.021413 0.299583 0.018872 0.325790 0.027122 0.327548 0.028603 0.329646 0.038504 0.331757 0.039985 0.333856 0.046586 0.335263 0.048067 0.337361 0.051367 0.338065 0.052848 0.340163 0.056148 0.340866 0.057629 0.342966 0.060929 0.343669 0.062409 0.345767 0.065711 0.346471 0.067191 0.348570 0.072141 0.349625 0.073622 0.351724 0.078573 0.352780 0.080054 0.354878 0.079545 0.360118 0.084496 0.361174 0.085005 0.355933 0.086824 0.354538 0.091775 0.355593 0.093594 0.354197 0.096894 0.354901 0.098713 0.353505 0.100364 0.353857 0.109462 0.346881 0.116062 0.348287 0.117587 0.332563 0.112637 0.331508 0.108194 0.325212 0.108872 0.318224
0 0.836159 0.651553 0.833109 0.682999 0.839710 0.684406 0.842671 0.688604 0.842163 0.693845 0.871866 0.700176 0.872544 0.693188 0.874364 0.691792 0.876014 0.692144 0.879653 0.689353 0.881304 0.689705 0.897680 0.677147 0.897849 0.675400 0.901488 0.672609 0.906438 0.673664 0.907116 0.666676
0 0.806191 0.752155 0.803311 0.781855 0.813212 0.783965 0.814694 0.786064 0.819643 0.787119 0.821125 0.789218 0.829375 0.790977 0.831195 0.789581 0.834495 0.790284 0.836315 0.788889 0.837965 0.789241 0.841604 0.786449 0.841773 0.784703 0.845413 0.781912 0.845752 0.778418 0.847571 0.777023 0.848079 0.771782 0.846599 0.769682 0.847446 0.760948
0 0.796026 0.856977 0.794162 0.876194 0.800763 0.877601 0.808166 0.888096 0.807997 0.889843 0.812440 0.896139 0.811931 0.901381 0.821832 0.903491 0.822341 0.898249 0.825980 0.895459 0.829280 0.896162 0.831099 0.894767 0.832750 0.895119 0.840028 0.889538 0.844979 0.890593 0.846335 0.876615 0.841384 0.875560 0.839904 0.873462 0.840581 0.866474
0 0.046610 0.526065 0.044576 0.547030 0.049528 0.548085 0.051008 0.550184 0.052657 0.550536 0.054139 0.552634 0.060739 0.554041 0.062221 0.556140 0.075421 0.558954 0.077241 0.557558 0.083842 0.558965 0.085661 0.557570 0.087312 0.557922 0.089132 0.556526 0.095731 0.557933 0.097764 0.536968
0 0.810610 0.567648 0.808746 0.586865 0.815347 0.588272 0.819789 0.594569 0.824740 0.595624 0.826220 0.597722 0.828040 0.596327 0.832991 0.597383 0.834810 0.595988 0.836460 0.596339 0.838280 0.594944 0.839931 0.595296 0.845389 0.591109 0.845558 0.589362 0.847377 0.587967 0.853978 0.589374 0.855164 0.577144
0 0.004471 0.474288 0.001930 0.500493 0.025032 0.505417 0.026512 0.507516 0.036414 0.509627 0.037894 0.511726 0.039544 0.512078 0.041364 0.510682 0.052916 0.513144 0.054735 0.511748 0.059685 0.512803 0.061505 0.511408 0.068106 0.512815 0.069926 0.511421 0.071576 0.511772 0.073395 0.510376 0.075045 0.510728 0.076866 0.509332 0.078515 0.509684 0.080334 0.508289 0.086936 0.509696 0.088630 0.492226
0 0.610793 0.717640 0.610285 0.722881 0.606646 0.725673 0.600045 0.724266 0.598520 0.739989 0.608421 0.742099 0.609901 0.744198 0.618153 0.745957 0.619633 0.748055 0.621284 0.748407 0.622765 0.750505 0.626064 0.751209 0.627546 0.753308 0.634146 0.754715 0.635627 0.756814 0.637277 0.757166 0.639097 0.755770 0.648998 0.757880 0.650817 0.756484 0.652467 0.756836 0.654287 0.755441 0.655938 0.755793 0.661396 0.751608 0.663046 0.751959 0.668505 0.747773 0.668675 0.746026 0.670494 0.744630 0.677094 0.746037 0.678450 0.732061
0 0.881361 0.532800 0.878989 0.557258 0.923543 0.566754 0.925024 0.568854 0.933276 0.570613 0.935095 0.569217 0.940045 0.570272 0.943685 0.567481 0.945335 0.567833 0.947154 0.566437 0.947323 0.564690 0.952783 0.560505 0.957732 0.561560 0.958918 0.549330
0 0.558577 0.735042 0.558069 0.740283 0.556250 0.741678 0.551299 0.740623 0.548419 0.770322 0.553370 0.771378 0.554850 0.773477 0.556499 0.773829 0.560942 0.780124 0.562593 0.780476 0.568516 0.788872 0.570166 0.789224 0.573127 0.793420 0.574778 0.793772 0.577739 0.797971 0.582689 0.799026 0.584171 0.801124 0.587470 0.801827 0.589290 0.800433 0.594241 0.801488 0.596060 0.800092 0.597710 0.800444 0.599530 0.799048 0.601181 0.799400 0.603000 0.798005 0.604649 0.798356 0.615567 0.789984 0.617218 0.790336 0.617387 0.788590 0.619207 0.787194 0.625807 0.788601 0.629534 0.750165
0 0.594348 0.557218 0.593840 0.562459 0.590202 0.565249 0.588551 0.564897 0.586731 0.566293 0.586562 0.568041 0.584743 0.569436 0.584573 0.571182 0.582754 0.572578 0.582585 0.574325 0.580765 0.575721 0.580256 0.580961 0.578436 0.582357 0.578097 0.585851 0.576278 0.587246 0.576109 0.588993 0.574289 0.590389 0.573950 0.593883 0.572131 0.595278 0.571962 0.597025 0.570142 0.598421 0.569973 0.600168 0.568153 0.601563 0.567983 0.603309 0.566163 0.604705 0.565994 0.606452 0.562356 0.609244 0.557405 0.608188 0.553000 0.653611 0.581053 0.659590 0.581731 0.652602 0.583550 0.651207 0.585200 0.651558 0.587020 0.650164 0.588670 0.650515 0.590490 0.649119 0.592140 0.649471 0.593959 0.648075 0.598910 0.649131 0.602807 0.608949 0.597856 0.607894 0.596376 0.605796 0.596715 0.602300 0.595233 0.600202 0.596250 0.589720 0.594770 0.587622 0.596464 0.570151 0.594983 0.568052 0.595999 0.557570
0 0.647124 0.447212 0.645769 0.461188 0.652369 0.462595 0.656811 0.468890 0.656133 0.475880 0.670986 0.479045 0.671494 0.473804 0.673314 0.472408 0.673483 0.470661 0.677123 0.467871 0.678478 0.453894
0 0.659295 0.599591 0.657940 0.613567 0.664541 0.614974 0.666021 0.617072 0.669322 0.617776 0.670803 0.619875 0.672622 0.618479 0.674272 0.618831 0.677911 0.616041 0.678081 0.614294 0.681720 0.611503 0.682398 0.604515
0 0.004471 0.474288 0.001930 0.500493 0.010180 0.502252 0.011661 0.504351 0.011153 0.509593 0.054057 0.518737 0.054566 0.513496 0.056385 0.512100 0.059685 0.512803 0.061505 0.511408 0.068106 0.512815 0.069926 0.511421 0.071576 0.511772 0.073395 0.510376 0.075045 0.510728 0.076866 0.509332 0.078515 0.509684 0.080334 0.508289 0.086936 0.509696 0.088630 0.492226
0 0.779965 0.675239 0.778271 0.692709 0.783221 0.693764 0.784702 0.695862 0.788002 0.696566 0.789483 0.698665 0.788975 0.703906 0.789483 0.698665 0.791303 0.697269 0.792952 0.697621 0.794772 0.696226 0.798073 0.696930 0.799892 0.695535 0.801542 0.695887 0.803362 0.694491 0.805012 0.694842 0.810471 0.690656 0.817071 0.692063 0.817918 0.683328
0 0.678420 0.610800 0.676556 0.630017 0.696358 0.634237 0.697036 0.627250 0.704314 0.621669 0.709264 0.622724 0.709773 0.617482
0 0.842552 0.602987 0.842044 0.608228 0.840225 0.609623 0.838575 0.609272 0.836755 0.610668 0.835105 0.610316 0.833286 0.611711 0.831636 0.611359 0.829816 0.612755 0.828166 0.612403 0.824526 0.615193 0.822876 0.614841 0.819237 0.617633 0.817586 0.617281 0.815767 0.618676 0.814118 0.618324 0.812298 0.619719 0.805697 0.618312 0.803325 0.642772 0.809925 0.644179 0.814367 0.650474 0.816018 0.650826 0.818979 0.655024 0.818471 0.660264 0.830022 0.662726 0.830530 0.657485 0.834170 0.654695 0.835820 0.655047 0.837639 0.653651 0.842590 0.654706 0.844410 0.653311 0.851011 0.654718 0.852830 0.653323 0.856130 0.654027 0.857950 0.652631 0.859600 0.652983 0.866879 0.647401 0.867048 0.645655 0.877966 0.637282 0.882916 0.638337 0.884440 0.622614 0.876190 0.620855 0.874709 0.618757 0.871409 0.618054 0.869928 0.615954 0.868278 0.615602 0.866797 0.613503 0.867305 0.608263
0 0.302681 0.594909 0.300818 0.614127 0.307418 0.615534 0.308096 0.608546 0.313554 0.604359 0.314232 0.597371
0 0.678094 0.475210 0.676231 0.494427 0.707585 0.501110 0.709448 0.481893
0 0.982730 0.668527 0.979511 0.701720 0.984461 0.702775 0.984969 0.697535 0.988609 0.694744 0.988779 0.692997 0.990598 0.691602 0.990767 0.689855 0.992587 0.688460 0.992926 0.684966 0.994745 0.683571 0.996395 0.683922 0.997581 0.671692
1 0.462342 0.583337 0.530705 0.659401 0.478429 0.669964
1 0.452315 0.575171 0.418972 0.672365 0.440945 0.680663 0.473534 0.685199 0.484279 0.674226
1 0.391654 0.589973 0.367798 0.665678 0.393020 0.669846 0.411334 0.668928 0.417714 0.661846
1 0.465309 0.535133 0.420789 0.659489 0.394945 0.591278 0.274232 0.555903 0.415222 0.540736
1 0.243975 0.556688 0.417625 0.539440 0.362279 0.505337 0.321675 0.512961 0.310002 0.515899 0.312534 0.507395 0.270356 0.543020
1 0.310403 0.511765 0.368278 0.449341 0.383912 0.470157 0.383168 0.477835 0.391794 0.488718 0.399761 0.494637 0.419029 0.536724 0.417625 0.539440 0.363452 0.504984
1 0.311976 0.507276 0.289190 0.466246 0.314615 0.456592 0.339520 0.475766
1 0.271723 0.464331 0.257822 0.419769 0.263360 0.415523 0.268381 0.416594 0.327361 0.448457 0.321753 0.459319 0.313556 0.455764 0.286902 0.466361 0.289176 0.472272 0.273998 0.470242
1 0.303609 0.505492 0.213025 0.453026 0.215482 0.498164
1 0.303765 0.509746 0.183435 0.499774 0.268854 0.540890
1 0.243205 0.529394 0.229568 0.558441 0.268125 0.542544
1 0.235064 0.525249 0.202859 0.546117 0.221026 0.558429 0.225548 0.558790 0.239684 0.530453
1 0.365850 0.415663 0.427783 0.405351 0.439102 0.364957 0.465752 0.401386 0.454207 0.397116 0.444650 0.401711 0.444749 0.406554 0.459011 0.418036 0.465920 0.423126 0.471228 0.421242 0.481555 0.443943
0 0.464692 0.400558 0.457439 0.399012 0.450744 0.397585 0.446380 0.401478 0.445922 0.406202 0.450485 0.411998 0.459512 0.418745 0.465591 0.420643 0.472072 0.418409 0.471102 0.404937
0 0.323051 0.340222 0.316773 0.328636 0.318460 0.322968 0.328348 0.320854 0.339463 0.317796 0.343427 0.318039 0.357989 0.320540 0.363397 0.323500 0.370407 0.333435 0.372609 0.345963 0.364610 0.352095 0.343952 0.353721 0.324768 0.346015
0 0.148135 0.282443 0.146363 0.277242 0.152400 0.273706 0.160267 0.274780 0.169581 0.278573 0.175259 0.284607 0.172741 0.287085 0.168221 0.286725
0 0.965117 0.478278 0.961556 0.473902 0.943659 0.464661 0.927037 0.459913 0.901871 0.455152 0.895891 0.458097 0.897723 0.462707 0.910941 0.467334 0.926006 0.470545 0.952671 0.477433
0 0.938235 0.491238 0.949467 0.487000 0.956891 0.486773 0.978650 0.491411 0.999951 0.500774 1.000000 0.508235 1.000000 0.511775 0.998977 0.510816 0.973985 0.504284 0.951839 0.497756 0.941353 0.494313
0 1.000000 0.561628 0.995168 0.561853 0.982763 0.566443 0.974594 0.574349 0.971059 0.581433 1.000000 0.592344
0 0.986455 0.698661 0.968774 0.693085 0.956042 0.695195 0.937827 0.700959 0.926368 0.707559 0.930931 0.713355 0.955523 0.724022 0.979285 0.731498 0.987711 0.732692 0.991248 0.702095
0 0.965337 0.728525 0.952719 0.729454 0.944292 0.728260 0.932920 0.722219 0.919586 0.718774 0.915395 0.720896 0.918841 0.726454 0.932003 0.731670 0.944720 0.735585 0.958670 0.738559
0 0.912803 0.729990 0.927925 0.732609 0.944491 0.737949 0.955091 0.740209 0.946480 0.746813 0.930628 0.745848 0.915178 0.740745 0.911959 0.732824
0 0.403377 0.386886 0.399142 0.383570 0.386869 0.380954 0.383619 0.385086 0.378427 0.385787 0.376409 0.388976 0.382145 0.394418 0.383204 0.395247 0.394307 0.398216 0.402174 0.399290 0.403805 0.394212 0.400746 0.390544
0 0.166938 0.669892 0.153163 0.665146 0.148756 0.663604 0.142217 0.666432 0.138354 0.671034 0.137682 0.672097 0.139570 0.676117 0.150615 0.679676 0.158039 0.679451 0.162518 0.674376
1 0.486067 0.379791 0.490348 0.365029 0.493480 0.362079 0.500461 0.360552 0.633736 0.395590 0.506638 0.414321 0.495751 0.415014 0.491202 0.403192
0 0.598046 0.555726 0.578541 0.539427 0.566589 0.532963 0.555104 0.529341 0.550169 0.530639 0.544928 0.538921 0.540642 0.556413 0.540778 0.574065 0.544487 0.585430 0.560163 0.595429 0.568386 0.598357 0.574781 0.593453 0.577868 0.576879 0.583770 0.565605 0.590341 0.562697
0 0.559107 0.552908 0.553763 0.558426 0.552731 0.565256 0.553409 0.569708 0.561671 0.572252 0.569376 0.565279 0.570146 0.561135 0.561933 0.554294
0 0.692193 0.565218 0.700362 0.561082 0.708447 0.561631 0.715657 0.563561 0.720657 0.565408 0.727831 0.567720 0.733128 0.566501 0.735137 0.561054 0.736131 0.554609 0.733018 0.552378 0.724357 0.550142 0.716021 0.548365 0.704824 0.545586 0.699026 0.544350 0.694853 0.545419 0.690019 0.549480 0.688075 0.558073 0.690742 0.564908
0 0.709284 0.545361 0.700399 0.545426 0.694054 0.546032 0.694100 0.541734 0.697297 0.539281 0.703394 0.537448 0.708941 0.537455 0.715864 0.538540 0.719015 0.540387 0.720844 0.548218 0.710549 0.547589
