0 0.909375 0.384375 0.909375 0.409375 0.915625 0.409375 0.925000 0.418750 0.925000 0.420312 0.928125 0.423438 0.929688 0.423438 0.937500 0.431250 0.939063 0.431250 0.946875 0.439063 0.948438 0.439063 0.951562 0.442188 0.953125 0.442188 0.954688 0.443750 0.960938 0.443750 0.962500 0.442188 0.965625 0.442188 0.970313 0.437500 0.970313 0.435937 0.971875 0.434375 0.976562 0.434375 0.976562 0.432812 0.971875 0.432812 0.967187 0.428125 0.967187 0.426563 0.965625 0.425000 0.964063 0.425000 0.959375 0.420312 0.957812 0.420312 0.954688 0.417187 0.954688 0.415625 0.942187 0.403125 0.942187 0.401562 0.940625 0.400000 0.940625 0.398438 0.937500 0.395313 0.937500 0.393750 0.935937 0.392188 0.935937 0.384375
0 0.078125 0.740625 0.078125 0.745313 0.076563 0.746875 0.071875 0.746875 0.071875 0.770312 0.076563 0.770312 0.081250 0.775000 0.082812 0.775000 0.084375 0.776563 0.084375 0.782813 0.103125 0.782813 0.103125 0.778125 0.107813 0.773438 0.109375 0.773438 0.115625 0.767188 0.117188 0.767188 0.120313 0.764062 0.121875 0.764062 0.125000 0.760938 0.126562 0.760938 0.128125 0.759375 0.132812 0.759375 0.132812 0.740625
0 0.551562 0.315625 0.551562 0.320312 0.548438 0.323437 0.546875 0.323437 0.543750 0.326562 0.542188 0.326562 0.539062 0.329688 0.534375 0.329688 0.534375 0.356250 0.539062 0.356250 0.540625 0.357812 0.542188 0.357812 0.543750 0.359375 0.545312 0.359375 0.546875 0.360938 0.550000 0.360938 0.551562 0.362500 0.557813 0.362500 0.559375 0.364063 0.564063 0.364063 0.565625 0.365625 0.565625 0.370312 0.595313 0.370312 0.595313 0.365625 0.607812 0.353125 0.614062 0.353125 0.614062 0.332813 0.609375 0.332813 0.598437 0.321875 0.598437 0.315625
0 0.134375 0.159375 0.134375 0.179688 0.139063 0.179688 0.142187 0.182812 0.142187 0.184375 0.143750 0.185938 0.143750 0.187500 0.145313 0.189062 0.145313 0.190625 0.148438 0.193750 0.150000 0.193750 0.153125 0.196875 0.153125 0.201563 0.159375 0.201563 0.159375 0.196875 0.162500 0.193750 0.164062 0.193750 0.168750 0.189062 0.168750 0.187500 0.171875 0.184375 0.176563 0.184375 0.176563 0.159375
0 0.503125 0.140625 0.503125 0.159375 0.507812 0.159375 0.509375 0.160938 0.509375 0.162500 0.510938 0.164062 0.510938 0.165625 0.512500 0.167187 0.512500 0.168750 0.514062 0.170313 0.514062 0.171875 0.520312 0.178125 0.520312 0.182812 0.526563 0.182812 0.526563 0.178125 0.531250 0.173437 0.531250 0.171875 0.537500 0.165625 0.537500 0.164062 0.540625 0.160938 0.545312 0.160938 0.545312 0.140625
0 0.428125 0.453125 0.428125 0.482812 0.437500 0.482812 0.437500 0.478125 0.439063 0.476562 0.443750 0.476562 0.445312 0.475000 0.448437 0.475000 0.450000 0.473438 0.451562 0.473438 0.453125 0.471875 0.457813 0.471875 0.457813 0.453125
0 0.946875 0.440625 0.946875 0.460938 0.951562 0.460938 0.957812 0.467187 0.957812 0.468750 0.964063 0.475000 0.964063 0.476562 0.971875 0.484375 0.971875 0.485938 0.982812 0.496875 0.982812 0.501563 0.998437 0.501563 0.998437 0.440625
0 0.015625 0.659375 0.015625 0.682813 0.021875 0.682813 0.023438 0.684375 0.023438 0.685937 0.026562 0.689063 0.026562 0.690625 0.028125 0.692187 0.028125 0.693750 0.029687 0.695312 0.029687 0.701562 0.053125 0.701562 0.053125 0.695312 0.056250 0.692187 0.057813 0.692187 0.064062 0.685937 0.065625 0.685937 0.068750 0.682813 0.070312 0.682813 0.071875 0.681250 0.073438 0.681250 0.075000 0.679688 0.076563 0.679688 0.078125 0.678125 0.079687 0.678125 0.082812 0.675000 0.089063 0.675000 0.089063 0.659375
0 0.540625 0.228125 0.540625 0.259375 0.545312 0.259375 0.550000 0.264062 0.550000 0.270313 0.560937 0.270313 0.560937 0.264062 0.568750 0.256250 0.568750 0.254688 0.571875 0.251563 0.571875 0.250000 0.575000 0.246875 0.575000 0.235937 0.573438 0.234375 0.573438 0.228125
0 0.506250 0.278125 0.506250 0.284375 0.503125 0.287500 0.496875 0.287500 0.496875 0.312500 0.503125 0.312500 0.507812 0.317188 0.509375 0.317188 0.510938 0.318750 0.512500 0.318750 0.515625 0.321875 0.515625 0.326562 0.542188 0.326562 0.542188 0.321875 0.543750 0.320312 0.545312 0.320312 0.546875 0.318750 0.550000 0.318750 0.551562 0.317188 0.553125 0.317188 0.556250 0.314063 0.557813 0.314063 0.560937 0.310937 0.562500 0.310937 0.564063 0.309375 0.565625 0.309375 0.567187 0.307812 0.568750 0.307812 0.570312 0.306250 0.576562 0.306250 0.576562 0.293750 0.571875 0.293750 0.568750 0.290625 0.568750 0.289062 0.562500 0.282813 0.562500 0.278125
0 0.596875 0.134375 0.596875 0.150000 0.606250 0.150000 0.607812 0.151562 0.614062 0.151562 0.615625 0.153125 0.617188 0.153125 0.618750 0.154688 0.620313 0.154688 0.621875 0.156250 0.625000 0.156250 0.626563 0.157812 0.628125 0.157812 0.629687 0.159375 0.629687 0.164062 0.635938 0.164062 0.635938 0.159375 0.637500 0.157812 0.639062 0.157812 0.640625 0.156250 0.642188 0.156250 0.645312 0.153125 0.651563 0.153125 0.651563 0.146875 0.645312 0.146875 0.642188 0.143750 0.640625 0.143750 0.635938 0.139063 0.635938 0.134375
0 0.734375 0.184375 0.734375 0.220312 0.746875 0.220312 0.746875 0.215625 0.751563 0.210938 0.751563 0.209375 0.756250 0.204687 0.757812 0.204687 0.765625 0.196875 0.770312 0.196875 0.770312 0.184375
0 0.946875 0.296875 0.946875 0.326562 0.964063 0.326562 0.964063 0.321875 0.965625 0.320312 0.965625 0.318750 0.967187 0.317188 0.968750 0.317188 0.970313 0.315625 0.971875 0.315625 0.971875 0.314063 0.975000 0.310937 0.976562 0.310937 0.978125 0.309375 0.979688 0.309375 0.981250 0.307812 0.982812 0.307812 0.984375 0.306250 0.989062 0.306250 0.989062 0.296875
0 0.571875 0.690625 0.571875 0.720313 0.585938 0.720313 0.585938 0.715625 0.589063 0.712500 0.590625 0.712500 0.593750 0.709375 0.593750 0.707812 0.595313 0.706250 0.601562 0.706250 0.601562 0.690625
0 0.464062 0.428125 0.464062 0.432812 0.459375 0.437500 0.453125 0.437500 0.453125 0.450000 0.467187 0.450000 0.468750 0.451562 0.471875 0.451562 0.473438 0.453125 0.475000 0.453125 0.476562 0.454688 0.478125 0.454688 0.479687 0.456250 0.481250 0.456250 0.482812 0.457813 0.487500 0.457813 0.489063 0.456250 0.490625 0.456250 0.495312 0.451562 0.495312 0.448437 0.496875 0.446875 0.501563 0.446875 0.501563 0.445312 0.496875 0.445312 0.495312 0.443750 0.495312 0.442188 0.493750 0.440625 0.493750 0.439063 0.489063 0.434375 0.489063 0.428125
0 0.328125 0.515625 0.328125 0.532813 0.356250 0.532813 0.356250 0.526563 0.359375 0.523438 0.364063 0.523438 0.364063 0.515625
0 0.809375 0.846875 0.809375 0.864062 0.825000 0.864062 0.825000 0.859375 0.828125 0.856250 0.832812 0.856250 0.832812 0.846875
0 0.115625 0.140625 0.115625 0.150000 0.137500 0.150000 0.139063 0.151562 0.142187 0.148438 0.142187 0.146875 0.143750 0.145313 0.143750 0.140625
0 0.684375 0.640625 0.684375 0.664062 0.707812 0.664062 0.707812 0.659375 0.709375 0.657813 0.714063 0.657813 0.714063 0.640625
0 0.953125 0.440625 0.953125 0.468750 0.959375 0.468750 0.960938 0.470313 0.960938 0.471875 0.964063 0.475000 0.964063 0.476562 0.975000 0.487500 0.975000 0.489063 0.982812 0.496875 0.982812 0.501563 0.998437 0.501563 0.998437 0.440625
0 0.228125 0.503125 0.228125 0.526563 0.251563 0.526563 0.251563 0.503125
0 0.259375 0.815625 0.259375 0.823438 0.271875 0.823438 0.273438 0.825000 0.276562 0.825000 0.278125 0.826562 0.289062 0.826562 0.289062 0.815625
0 0.609375 0.371875 0.609375 0.382812 0.614062 0.382812 0.617188 0.385937 0.618750 0.385937 0.620313 0.387500 0.625000 0.387500 0.626563 0.389062 0.628125 0.387500 0.629687 0.387500 0.631250 0.385937 0.632812 0.385937 0.634375 0.384375 0.639062 0.384375 0.639062 0.371875
0 0.060937 0.615625 0.060937 0.620313 0.056250 0.625000 0.054688 0.625000 0.053125 0.626563 0.046875 0.626563 0.046875 0.648438 0.053125 0.648438 0.054688 0.650000 0.056250 0.650000 0.057813 0.651563 0.059375 0.651563 0.060937 0.653125 0.062500 0.653125 0.064062 0.654687 0.067187 0.654687 0.068750 0.656250 0.070312 0.656250 0.071875 0.657813 0.076563 0.657813 0.078125 0.659375 0.081250 0.659375 0.084375 0.662500 0.089063 0.662500 0.092188 0.659375 0.092188 0.657813 0.093750 0.656250 0.095312 0.656250 0.107813 0.643750 0.109375 0.643750 0.110937 0.642188 0.112500 0.642188 0.114062 0.640625 0.117188 0.640625 0.120313 0.637500 0.126562 0.637500 0.126562 0.625000 0.120313 0.625000 0.117188 0.621875 0.117188 0.615625
0 0.721875 0.428125 0.721875 0.445312 0.729688 0.445312 0.729688 0.440625 0.734375 0.435937 0.739062 0.435937 0.739062 0.428125
0 0.934375 0.559375 0.934375 0.576562 0.957812 0.576562 0.957812 0.559375
0 0.815625 0.290625 0.815625 0.298438 0.821875 0.298438 0.823438 0.300000 0.825000 0.300000 0.826562 0.301563 0.826562 0.307812 0.839063 0.307812 0.839063 0.290625
0 0.140625 0.303125 0.140625 0.326562 0.145313 0.326562 0.153125 0.334375 0.153125 0.339062 0.167187 0.339062 0.167187 0.334375 0.170313 0.331250 0.171875 0.331250 0.175000 0.328125 0.175000 0.326562 0.176563 0.325000 0.176563 0.303125
0 0.478125 0.553125 0.478125 0.562500 0.490625 0.562500 0.493750 0.559375 0.495312 0.559375 0.496875 0.557813 0.501563 0.557813 0.501563 0.553125
0 0.359375 0.834375 0.359375 0.857812 0.389062 0.857812 0.389062 0.834375
0 0.759375 0.790625 0.759375 0.804688 0.771875 0.804688 0.775000 0.801562 0.775000 0.790625
0 0.621875 0.409375 0.621875 0.426563 0.635938 0.426563 0.635938 0.421875 0.637500 0.420312 0.637500 0.418750 0.640625 0.415625 0.645312 0.415625 0.645312 0.409375
0 0.021875 0.253125 0.021875 0.264062 0.028125 0.264062 0.029687 0.262500 0.034375 0.262500 0.037500 0.259375 0.039062 0.259375 0.039062 0.253125
0 0.046875 0.446875 0.046875 0.462500 0.062500 0.462500 0.064062 0.460938 0.065625 0.460938 0.067187 0.459375 0.068750 0.459375 0.071875 0.456250 0.076563 0.456250 0.076563 0.446875
0 0.765625 0.359375 0.765625 0.376563 0.785937 0.376563 0.785937 0.370312 0.787500 0.368750 0.787500 0.367188 0.789062 0.365625 0.789062 0.359375
0 0.003125 0.665625 0.003125 0.707812 0.018750 0.707812 0.018750 0.703125 0.021875 0.700000 0.026562 0.700000 0.026562 0.682813 0.020313 0.682813 0.015625 0.678125 0.015625 0.675000 0.014063 0.673438 0.014063 0.665625
0 0.503125 0.734375 0.503125 0.764062 0.520312 0.764062 0.520312 0.759375 0.523438 0.756250 0.525000 0.756250 0.526563 0.754687 0.532813 0.754687 0.532813 0.734375
0 0.728125 0.640625 0.728125 0.664062 0.748437 0.664062 0.748437 0.659375 0.750000 0.657813 0.750000 0.654687 0.751563 0.653125 0.751563 0.648438 0.753125 0.646875 0.757812 0.646875 0.757812 0.640625
0 0.278125 0.521875 0.278125 0.539062 0.295312 0.539062 0.295312 0.534375 0.303125 0.526563 0.307812 0.526563 0.307812 0.521875
0 0.890625 0.259375 0.890625 0.270313 0.896875 0.270313 0.898438 0.268750 0.907813 0.268750 0.907813 0.259375
0 0.315625 0.621875 0.315625 0.645312 0.332813 0.645312 0.332813 0.640625 0.335938 0.637500 0.335938 0.635938 0.337500 0.634375 0.337500 0.631250 0.339062 0.629687 0.339062 0.621875
0 0.046875 0.621875 0.046875 0.650000 0.053125 0.650000 0.054688 0.651563 0.056250 0.651563 0.057813 0.653125 0.059375 0.653125 0.062500 0.656250 0.064062 0.656250 0.065625 0.657813 0.067187 0.657813 0.068750 0.659375 0.068750 0.664062 0.092188 0.664062 0.092188 0.657813 0.093750 0.656250 0.095312 0.656250 0.106250 0.645312 0.107813 0.645312 0.109375 0.643750 0.110937 0.643750 0.114062 0.640625 0.117188 0.640625 0.120313 0.637500 0.126562 0.637500 0.126562 0.621875
0 0.371875 0.265625 0.371875 0.281250 0.378125 0.281250 0.381250 0.284375 0.381250 0.289062 0.385937 0.289062 0.385937 0.282813 0.389062 0.279687 0.395313 0.279687 0.395313 0.265625
0 0.334375 0.428125 0.334375 0.445312 0.345313 0.445312 0.345313 0.440625 0.348438 0.437500 0.348438 0.435937 0.350000 0.434375 0.350000 0.428125
0 0.703125 0.803125 0.703125 0.826562 0.717187 0.826562 0.717187 0.821875 0.718750 0.820312 0.720313 0.820312 0.721875 0.818750 0.726562 0.818750 0.726562 0.803125
0 0.003125 0.415625 0.003125 0.451562 0.014063 0.451562 0.014063 0.445312 0.020313 0.439063 0.021875 0.439063 0.023438 0.437500 0.025000 0.437500 0.026562 0.435937 0.028125 0.435937 0.031250 0.432812 0.034375 0.432812 0.037500 0.429688 0.039062 0.429688 0.040625 0.428125 0.045312 0.428125 0.045312 0.415625
0 0.303125 0.190625 0.303125 0.203125 0.310937 0.203125 0.312500 0.204687 0.320312 0.204687 0.323437 0.201563 0.323437 0.200000 0.325000 0.198437 0.325000 0.190625
0 0.809375 0.534375 0.809375 0.545312 0.817187 0.545312 0.818750 0.546875 0.818750 0.551562 0.821875 0.551562 0.821875 0.546875 0.823438 0.545312 0.823438 0.543750 0.826562 0.540625 0.826562 0.534375
0 0.321875 0.609375 0.321875 0.620313 0.335938 0.620313 0.335938 0.609375
0 0.503125 0.559375 0.503125 0.567187 0.509375 0.567187 0.510938 0.568750 0.512500 0.568750 0.515625 0.571875 0.515625 0.576562 0.515625 0.571875 0.518750 0.568750 0.526563 0.568750 0.526563 0.559375
0 0.371875 0.115625 0.371875 0.125000 0.387500 0.125000 0.389062 0.123438 0.395313 0.123438 0.395313 0.115625
0 0.921875 0.734375 0.921875 0.743750 0.929688 0.743750 0.931250 0.745313 0.939063 0.745313 0.939063 0.734375
0 0.890625 0.459375 0.890625 0.476562 0.914062 0.476562 0.914062 0.459375
0 0.503125 0.559375 0.503125 0.565625 0.509375 0.565625 0.512500 0.568750 0.514062 0.568750 0.515625 0.570312 0.517188 0.568750 0.518750 0.568750 0.520312 0.567187 0.526563 0.567187 0.526563 0.559375
0 0.703125 0.803125 0.703125 0.826562 0.710938 0.826562 0.710938 0.821875 0.712500 0.820312 0.715625 0.820312 0.717187 0.818750 0.718750 0.818750 0.721875 0.815625 0.726562 0.815625 0.726562 0.803125
0 0.728125 0.709375 0.728125 0.726562 0.735938 0.726562 0.735938 0.721875 0.740625 0.717187 0.745313 0.717187 0.745313 0.709375
0 0.759375 0.246875 0.759375 0.264062 0.767188 0.264062 0.767188 0.259375 0.771875 0.254688 0.776563 0.254688 0.776563 0.246875
0 0.809375 0.528125 0.809375 0.543750 0.823438 0.543750 0.825000 0.542188 0.825000 0.540625 0.826562 0.539062 0.826562 0.528125
0 0.446875 0.153125 0.446875 0.170313 0.456250 0.170313 0.456250 0.165625 0.459375 0.162500 0.464062 0.162500 0.464062 0.153125
0 0.134375 0.228125 0.134375 0.257812 0.140625 0.257812 0.142187 0.256250 0.143750 0.256250 0.148438 0.251563 0.148438 0.250000 0.150000 0.248438 0.150000 0.246875 0.151562 0.245312 0.151562 0.243750 0.153125 0.242188 0.157812 0.242188 0.157812 0.228125
0 0.371875 0.121875 0.371875 0.145313 0.387500 0.145313 0.387500 0.135937 0.389062 0.134375 0.389062 0.128125 0.390625 0.126562 0.395313 0.126562 0.395313 0.121875
0 0.478125 0.553125 0.478125 0.562500 0.489063 0.562500 0.490625 0.560937 0.492188 0.560937 0.495312 0.557813 0.495312 0.553125
0 0.059375 0.109375 0.059375 0.121875 0.079687 0.121875 0.081250 0.120313 0.084375 0.120313 0.089063 0.115625 0.095312 0.115625 0.095312 0.109375
0 0.053125 0.440625 0.053125 0.457813 0.070312 0.457813 0.070312 0.440625
0 0.428456 0.738063 0.695872 0.607922 0.710133 0.628720 0.442719 0.763022 0.430834 0.750542
0 0.737469 0.568106 0.792141 0.539583 0.808186 0.554439 0.745789 0.589500 0.733309 0.575237
0 0.502739 0.674478 0.496797 0.678044 0.495608 0.684580 0.510464 0.684580 0.510464 0.677450
0 0.520566 0.667347 0.511653 0.667941 0.509870 0.673289 0.513436 0.675667 0.525914 0.674478
0 0.543742 0.673884 0.534234 0.673884 0.527697 0.678044 0.533045 0.681016 0.543148 0.680420
0 0.516406 0.663781 0.538394 0.668536 0.549091 0.670319 0.539583 0.661998 0.527697 0.658433 0.518189 0.661998
0 0.744600 0.592470 0.770747 0.579397 0.768964 0.593659 0.754108 0.598414 0.744006 0.596036
0 0.856320 0.524727 0.864639 0.519378 0.872364 0.527103 0.858697 0.532452 0.854537 0.527697
0 0.937139 0.392208 0.946647 0.388642 0.961503 0.399933 0.974577 0.409441 0.971011 0.416572 0.960314 0.412413 0.950806 0.412413 0.943081 0.405281 0.937733 0.393991
