0 0.487500 0.146875 0.487500 0.151562 0.484375 0.154688 0.478125 0.154688 0.478125 0.193750 0.482812 0.193750 0.490625 0.201563 0.490625 0.204687 0.492188 0.206250 0.492188 0.207813 0.493750 0.209375 0.493750 0.214062 0.525000 0.214062 0.525000 0.209375 0.528125 0.206250 0.529687 0.206250 0.531250 0.204687 0.532813 0.204687 0.534375 0.203125 0.535937 0.203125 0.537500 0.201563 0.539062 0.201563 0.542188 0.198437 0.543750 0.198437 0.546875 0.195312 0.548438 0.195312 0.548438 0.193750 0.551562 0.190625 0.557813 0.190625 0.557813 0.179688 0.553125 0.179688 0.551562 0.178125 0.550000 0.178125 0.539062 0.167187 0.539062 0.165625 0.537500 0.164062 0.537500 0.162500 0.531250 0.156250 0.528125 0.156250 0.523438 0.151562 0.523438 0.146875
0 0.620313 0.690625 0.620313 0.695312 0.615625 0.700000 0.609375 0.700000 0.609375 0.725000 0.615625 0.725000 0.618750 0.728125 0.618750 0.732812 0.653125 0.732812 0.653125 0.728125 0.657813 0.723437 0.657813 0.721875 0.659375 0.720313 0.660937 0.720313 0.670312 0.710938 0.676562 0.710938 0.676562 0.698438 0.671875 0.698438 0.670312 0.696875 0.670312 0.690625
0 0.575000 0.590625 0.575000 0.595313 0.571875 0.598437 0.570312 0.598437 0.553125 0.615625 0.546875 0.615625 0.546875 0.639062 0.553125 0.639062 0.554688 0.640625 0.554688 0.642188 0.556250 0.643750 0.556250 0.645312 0.557813 0.646875 0.557813 0.648438 0.559375 0.650000 0.559375 0.651563 0.560937 0.653125 0.560937 0.654687 0.562500 0.656250 0.562500 0.668750 0.564063 0.670312 0.564063 0.678125 0.565625 0.679688 0.565625 0.681250 0.567187 0.682813 0.567187 0.684375 0.568750 0.685937 0.570312 0.685937 0.575000 0.690625 0.576562 0.690625 0.578125 0.692187 0.579688 0.692187 0.581250 0.693750 0.582812 0.693750 0.585938 0.696875 0.587500 0.696875 0.589063 0.698438 0.590625 0.698438 0.592187 0.700000 0.604688 0.700000 0.606250 0.698438 0.607812 0.698438 0.621875 0.684375 0.626563 0.684375 0.626563 0.656250 0.621875 0.656250 0.620313 0.654687 0.620313 0.653125 0.618750 0.651563 0.618750 0.650000 0.617188 0.648438 0.617188 0.643750 0.615625 0.642188 0.615625 0.639062 0.614062 0.637500 0.614062 0.610938 0.612500 0.609375 0.612500 0.604688 0.610938 0.603125 0.610938 0.600000 0.609375 0.598437 0.609375 0.596875 0.607812 0.595313 0.607812 0.590625
0 0.809375 0.465625 0.809375 0.489063 0.815625 0.489063 0.817187 0.490625 0.818750 0.490625 0.820312 0.492188 0.823438 0.492188 0.828125 0.496875 0.828125 0.501563 0.843750 0.501563 0.843750 0.496875 0.845313 0.495312 0.846875 0.495312 0.848437 0.493750 0.853125 0.493750 0.854688 0.492188 0.859375 0.492188 0.860938 0.490625 0.862500 0.490625 0.864062 0.489063 0.870313 0.489063 0.870313 0.473438 0.864062 0.473438 0.860938 0.470313 0.860938 0.465625
0 0.590625 0.165625 0.590625 0.190625 0.595313 0.190625 0.596875 0.192188 0.598437 0.192188 0.604688 0.198437 0.606250 0.198437 0.615625 0.207813 0.620313 0.207813 0.621875 0.209375 0.621875 0.214062 0.623437 0.214062 0.623437 0.209375 0.625000 0.207813 0.629687 0.207813 0.631250 0.206250 0.632812 0.206250 0.634375 0.204687 0.635938 0.204687 0.646875 0.193750 0.651563 0.193750 0.651563 0.182812 0.646875 0.182812 0.642188 0.178125 0.642188 0.176563 0.640625 0.176563 0.635938 0.171875 0.635938 0.165625
0 0.671875 0.315625 0.671875 0.329688 0.678125 0.329688 0.679688 0.331250 0.681250 0.331250 0.684375 0.334375 0.685937 0.334375 0.690625 0.339062 0.692187 0.339062 0.696875 0.343750 0.698438 0.343750 0.701562 0.346875 0.703125 0.346875 0.704688 0.348438 0.706250 0.348438 0.707812 0.350000 0.709375 0.350000 0.710938 0.351562 0.712500 0.351562 0.715625 0.354687 0.717187 0.354687 0.723437 0.360938 0.723437 0.362500 0.726562 0.365625 0.726562 0.367188 0.729688 0.370312 0.729688 0.371875 0.731250 0.373437 0.731250 0.375000 0.732812 0.376563 0.732812 0.378125 0.734375 0.379688 0.734375 0.381250 0.735938 0.382812 0.735938 0.385937 0.737500 0.387500 0.737500 0.389062 0.739062 0.390625 0.739062 0.392188 0.740625 0.393750 0.740625 0.395313 0.743750 0.398438 0.743750 0.400000 0.746875 0.403125 0.746875 0.406250 0.748437 0.407813 0.748437 0.409375 0.750000 0.410938 0.750000 0.412500 0.753125 0.415625 0.753125 0.417187 0.754687 0.418750 0.754687 0.420312 0.756250 0.421875 0.756250 0.423438 0.757812 0.425000 0.757812 0.426563 0.759375 0.428125 0.759375 0.432812 0.767188 0.432812 0.767188 0.428125 0.773438 0.421875 0.773438 0.420312 0.775000 0.418750 0.775000 0.407813 0.773438 0.406250 0.773438 0.403125 0.771875 0.401562 0.771875 0.396875 0.773438 0.395313 0.773438 0.390625 0.775000 0.389062 0.775000 0.384375 0.776563 0.382812 0.776563 0.362500 0.775000 0.360938 0.775000 0.356250 0.773438 0.354687 0.773438 0.351562 0.771875 0.350000 0.771875 0.348438 0.770312 0.346875 0.770312 0.345313 0.767188 0.342187 0.767188 0.340625 0.751563 0.325000 0.750000 0.325000 0.745313 0.320312 0.745313 0.315625
0 0.384375 0.553125 0.384375 0.581250 0.390625 0.581250 0.395313 0.585938 0.396875 0.585938 0.398438 0.587500 0.400000 0.587500 0.403125 0.590625 0.403125 0.595313 0.415625 0.595313 0.415625 0.590625 0.420312 0.585938 0.421875 0.585938 0.431250 0.576562 0.431250 0.575000 0.434375 0.571875 0.439063 0.571875 0.439063 0.568750 0.434375 0.568750 0.432812 0.567187 0.432812 0.565625 0.431250 0.564063 0.431250 0.560937 0.428125 0.557813 0.428125 0.553125
0 0.259375 0.571875 0.259375 0.600000 0.264062 0.600000 0.270313 0.606250 0.271875 0.606250 0.273438 0.607812 0.273438 0.614062 0.300000 0.614062 0.300000 0.609375 0.303125 0.606250 0.304688 0.606250 0.310937 0.600000 0.312500 0.600000 0.312500 0.598437 0.314063 0.596875 0.320312 0.596875 0.320312 0.571875
0 0.926562 0.378125 0.926562 0.382812 0.920312 0.389062 0.920312 0.390625 0.917188 0.393750 0.917188 0.395313 0.914062 0.398438 0.909375 0.398438 0.909375 0.415625 0.914062 0.415625 0.917188 0.418750 0.917188 0.420312 0.925000 0.428125 0.925000 0.429688 0.928125 0.432812 0.929688 0.431250 0.931250 0.431250 0.934375 0.428125 0.935937 0.428125 0.940625 0.423438 0.942187 0.423438 0.943750 0.421875 0.945312 0.421875 0.951562 0.415625 0.953125 0.415625 0.959375 0.409375 0.964063 0.409375 0.964063 0.404687 0.957812 0.404687 0.951562 0.398438 0.951562 0.396875 0.950000 0.395313 0.950000 0.393750 0.948438 0.392188 0.948438 0.390625 0.946875 0.389062 0.946875 0.387500 0.945312 0.385937 0.945312 0.378125
0 0.890625 0.696875 0.890625 0.726562 0.923438 0.726562 0.923438 0.720313 0.928125 0.715625 0.932813 0.715625 0.932813 0.696875
0 0.028125 0.259375 0.028125 0.290625 0.034375 0.290625 0.039062 0.295312 0.042188 0.295312 0.043750 0.296875 0.043750 0.301563 0.054688 0.301563 0.054688 0.296875 0.056250 0.295312 0.057813 0.295312 0.059375 0.293750 0.060937 0.293750 0.071875 0.282813 0.076563 0.282813 0.076563 0.259375
0 0.921875 0.615625 0.921875 0.642188 0.929688 0.642188 0.931250 0.643750 0.939063 0.643750 0.940625 0.642188 0.942187 0.642188 0.943750 0.640625 0.946875 0.640625 0.950000 0.637500 0.951562 0.637500 0.956250 0.632812 0.956250 0.631250 0.957812 0.629687 0.957812 0.626563 0.954688 0.623437 0.954688 0.621875 0.953125 0.620313 0.953125 0.615625
0 0.909375 0.659375 0.909375 0.681250 0.915625 0.681250 0.917188 0.682813 0.929688 0.682813 0.931250 0.681250 0.934375 0.681250 0.935937 0.679688 0.937500 0.679688 0.939063 0.678125 0.945312 0.678125 0.945312 0.659375
0 0.729688 0.396875 0.729688 0.403125 0.728125 0.404687 0.728125 0.407813 0.726562 0.409375 0.726562 0.410938 0.725000 0.412500 0.725000 0.414062 0.721875 0.417187 0.721875 0.418750 0.720313 0.420312 0.720313 0.421875 0.704688 0.437500 0.703125 0.437500 0.700000 0.440625 0.698438 0.440625 0.695312 0.443750 0.693750 0.443750 0.690625 0.446875 0.689063 0.446875 0.687500 0.448437 0.678125 0.448437 0.678125 0.465625 0.685937 0.465625 0.689063 0.468750 0.690625 0.468750 0.692187 0.470313 0.693750 0.470313 0.695312 0.471875 0.696875 0.471875 0.698438 0.473438 0.700000 0.473438 0.701562 0.475000 0.714063 0.475000 0.715625 0.473438 0.720313 0.473438 0.729688 0.464062 0.729688 0.462500 0.735938 0.456250 0.735938 0.454688 0.737500 0.453125 0.739062 0.453125 0.739062 0.451562 0.750000 0.440625 0.750000 0.439063 0.751563 0.437500 0.751563 0.431250 0.750000 0.429688 0.750000 0.418750 0.745313 0.414062 0.745313 0.410938 0.743750 0.409375 0.743750 0.407813 0.742188 0.406250 0.742188 0.404687 0.740625 0.403125 0.740625 0.396875
0 0.171875 0.378125 0.171875 0.403125 0.176563 0.403125 0.178125 0.404687 0.179688 0.404687 0.182812 0.407813 0.184375 0.407813 0.187500 0.410938 0.189062 0.410938 0.190625 0.412500 0.192188 0.410938 0.198437 0.410938 0.200000 0.412500 0.217188 0.412500 0.223438 0.406250 0.223438 0.404687 0.225000 0.403125 0.225000 0.396875 0.210938 0.382812 0.210938 0.378125
0 0.896875 0.328125 0.896875 0.342187 0.903125 0.342187 0.904687 0.343750 0.906250 0.343750 0.909375 0.346875 0.910937 0.346875 0.914062 0.350000 0.915625 0.350000 0.918750 0.353125 0.920312 0.353125 0.929688 0.362500 0.929688 0.364063 0.932813 0.367188 0.932813 0.368750 0.940625 0.376563 0.942187 0.376563 0.946875 0.381250 0.946875 0.382812 0.950000 0.385937 0.950000 0.387500 0.951562 0.389062 0.951562 0.390625 0.953125 0.392188 0.953125 0.396875 0.954688 0.398438 0.954688 0.401562 0.956250 0.403125 0.956250 0.406250 0.957812 0.407813 0.957812 0.409375 0.962500 0.409375 0.964063 0.407813 0.965625 0.407813 0.968750 0.404687 0.970313 0.404687 0.979688 0.395313 0.979688 0.393750 0.984375 0.389062 0.989062 0.389062 0.989062 0.370312 0.984375 0.370312 0.982812 0.368750 0.982812 0.367188 0.981250 0.365625 0.981250 0.364063 0.978125 0.360938 0.978125 0.359375 0.973437 0.354687 0.973437 0.353125 0.971875 0.351562 0.970313 0.351562 0.959375 0.340625 0.957812 0.340625 0.954688 0.337500 0.953125 0.337500 0.951562 0.335938 0.950000 0.335938 0.946875 0.332813 0.946875 0.328125
0 0.779687 0.378125 0.779687 0.384375 0.778125 0.385937 0.771875 0.385937 0.771875 0.410938 0.778125 0.410938 0.789062 0.421875 0.789062 0.426563 0.803125 0.426563 0.803125 0.415625 0.807813 0.410938 0.807813 0.409375 0.810937 0.406250 0.810937 0.404687 0.812500 0.403125 0.812500 0.401562 0.814063 0.400000 0.814063 0.396875 0.815625 0.395313 0.820312 0.395313 0.815625 0.395313 0.814063 0.393750 0.814063 0.389062 0.812500 0.387500 0.812500 0.384375 0.810937 0.382812 0.810937 0.378125
0 0.853125 0.240625 0.853125 0.267188 0.859375 0.267188 0.867188 0.275000 0.870313 0.275000 0.873437 0.278125 0.873437 0.282813 0.889062 0.282813 0.889062 0.278125 0.895312 0.271875 0.896875 0.271875 0.898438 0.270313 0.898438 0.268750 0.903125 0.264062 0.907813 0.264062 0.907813 0.253125 0.903125 0.253125 0.896875 0.246875 0.896875 0.240625
0 0.628125 0.203125 0.628125 0.207813 0.626563 0.209375 0.621875 0.209375 0.621875 0.232813 0.626563 0.232813 0.629687 0.235937 0.631250 0.235937 0.640625 0.245312 0.642188 0.245312 0.643750 0.246875 0.645312 0.246875 0.646875 0.248438 0.648438 0.248438 0.650000 0.250000 0.653125 0.250000 0.654687 0.251563 0.660937 0.251563 0.662500 0.253125 0.662500 0.257812 0.687500 0.257812 0.687500 0.253125 0.689063 0.251563 0.690625 0.251563 0.692187 0.250000 0.693750 0.250000 0.695312 0.248438 0.696875 0.248438 0.704688 0.240625 0.706250 0.240625 0.707812 0.239063 0.707812 0.237500 0.712500 0.232813 0.712500 0.231250 0.714063 0.229687 0.714063 0.228125 0.715625 0.226562 0.720313 0.226562 0.720313 0.221875 0.715625 0.221875 0.710938 0.217188 0.710938 0.215625 0.709375 0.215625 0.706250 0.212500 0.704688 0.212500 0.700000 0.207813 0.700000 0.203125
0 0.892188 0.409375 0.892188 0.418750 0.890625 0.420312 0.890625 0.423438 0.889062 0.425000 0.884375 0.425000 0.884375 0.476562 0.900000 0.476562 0.900000 0.470313 0.901563 0.468750 0.903125 0.468750 0.903125 0.467187 0.921875 0.448437 0.923438 0.448437 0.925000 0.446875 0.925000 0.445312 0.928125 0.442188 0.932813 0.442188 0.932813 0.426563 0.926562 0.426563 0.918750 0.418750 0.918750 0.417187 0.915625 0.414062 0.915625 0.409375
0 0.215625 0.690625 0.215625 0.718750 0.221875 0.718750 0.223438 0.720313 0.225000 0.720313 0.226562 0.721875 0.226562 0.726562 0.229687 0.726562 0.229687 0.721875 0.231250 0.720313 0.235937 0.720313 0.237500 0.718750 0.240625 0.718750 0.242188 0.717187 0.243750 0.717187 0.246875 0.714063 0.248438 0.714063 0.250000 0.712500 0.250000 0.710938 0.253125 0.707812 0.257812 0.707812 0.257812 0.690625
0 0.709375 0.546875 0.709375 0.567187 0.717187 0.567187 0.718750 0.568750 0.721875 0.568750 0.723437 0.570312 0.735938 0.570312 0.737500 0.571875 0.737500 0.576562 0.751563 0.576562 0.751563 0.559375 0.745313 0.559375 0.743750 0.557813 0.742188 0.557813 0.740625 0.556250 0.739062 0.556250 0.737500 0.554688 0.735938 0.554688 0.732812 0.551562 0.732812 0.546875
0 0.884375 0.640625 0.884375 0.660937 0.890625 0.660937 0.892188 0.662500 0.893750 0.662500 0.896875 0.665625 0.896875 0.670312 0.901563 0.670312 0.901563 0.665625 0.904687 0.662500 0.906250 0.662500 0.910937 0.657813 0.912500 0.657813 0.917188 0.653125 0.918750 0.653125 0.920312 0.651563 0.920312 0.646875 0.921875 0.645312 0.926562 0.645312 0.926562 0.640625
0 0.971875 0.534375 0.971875 0.540625 0.967187 0.545312 0.967187 0.546875 0.965625 0.548438 0.959375 0.548438 0.959375 0.568750 0.971875 0.568750 0.973437 0.570312 0.976562 0.570312 0.978125 0.571875 0.978125 0.576562 0.992188 0.576562 0.992188 0.568750 0.993750 0.567187 0.993750 0.560937 0.995313 0.559375 0.995313 0.556250 0.996875 0.554688 0.998437 0.554688 0.998437 0.534375
0 0.123438 0.278125 0.123438 0.282813 0.120313 0.285938 0.118750 0.285938 0.117188 0.287500 0.115625 0.287500 0.107813 0.295312 0.106250 0.295312 0.101562 0.300000 0.096875 0.300000 0.096875 0.342187 0.103125 0.342187 0.104688 0.343750 0.104688 0.345313 0.112500 0.353125 0.114062 0.353125 0.118750 0.357812 0.120313 0.357812 0.125000 0.362500 0.126562 0.362500 0.128125 0.364063 0.129688 0.364063 0.132812 0.367188 0.134375 0.367188 0.135937 0.368750 0.137500 0.368750 0.139063 0.370312 0.142187 0.370312 0.143750 0.371875 0.143750 0.376563 0.167187 0.376563 0.167187 0.371875 0.168750 0.370312 0.171875 0.370312 0.173437 0.368750 0.178125 0.368750 0.179688 0.367188 0.181250 0.367188 0.182812 0.365625 0.184375 0.365625 0.185938 0.364063 0.187500 0.364063 0.189062 0.362500 0.190625 0.362500 0.192188 0.360938 0.193750 0.360938 0.200000 0.354687 0.201563 0.354687 0.212500 0.343750 0.212500 0.342187 0.214062 0.340625 0.220312 0.340625 0.220312 0.314063 0.215625 0.314063 0.203125 0.301563 0.201563 0.301563 0.189062 0.289062 0.187500 0.289062 0.185938 0.287500 0.184375 0.287500 0.182812 0.285938 0.181250 0.285938 0.178125 0.282813 0.178125 0.278125
0 0.490625 0.446875 0.490625 0.460938 0.498437 0.460938 0.500000 0.462500 0.501563 0.462500 0.503125 0.464062 0.504687 0.462500 0.512500 0.462500 0.514062 0.460938 0.517188 0.460938 0.520312 0.457813 0.521875 0.457813 0.525000 0.454688 0.525000 0.453125 0.526563 0.451562 0.526563 0.446875
0 0.890625 0.615625 0.890625 0.637500 0.906250 0.637500 0.907813 0.639062 0.909375 0.637500 0.915625 0.637500 0.915625 0.635938 0.917188 0.634375 0.917188 0.632812 0.918750 0.631250 0.918750 0.628125 0.920312 0.626563 0.920312 0.615625
0 0.240625 0.240625 0.240625 0.260937 0.245312 0.260937 0.250000 0.265625 0.250000 0.267188 0.253125 0.270313 0.253125 0.276562 0.268750 0.276562 0.268750 0.270313 0.273438 0.265625 0.273438 0.262500 0.275000 0.260937 0.275000 0.259375 0.276562 0.257812 0.276562 0.253125 0.275000 0.251563 0.275000 0.246875 0.273438 0.245312 0.273438 0.240625
0 0.621875 0.259375 0.621875 0.289062 0.628125 0.289062 0.639062 0.300000 0.640625 0.300000 0.643750 0.303125 0.643750 0.307812 0.660937 0.307812 0.660937 0.301563 0.664062 0.298438 0.664062 0.296875 0.668750 0.292187 0.670312 0.292187 0.671875 0.290625 0.687500 0.290625 0.689063 0.289062 0.706250 0.289062 0.707812 0.287500 0.717187 0.287500 0.718750 0.285938 0.726562 0.285938 0.726562 0.278125 0.721875 0.278125 0.720313 0.276562 0.718750 0.276562 0.717187 0.275000 0.715625 0.275000 0.709375 0.268750 0.707812 0.268750 0.703125 0.264062 0.703125 0.259375
0 0.959375 0.646875 0.959375 0.664062 0.964063 0.664062 0.965625 0.665625 0.967187 0.665625 0.978125 0.676562 0.979688 0.676562 0.982812 0.679688 0.984375 0.679688 0.987500 0.676562 0.987500 0.673438 0.989062 0.671875 0.989062 0.668750 0.990625 0.667188 0.995313 0.667188 0.995313 0.646875
0 0.615625 0.115625 0.615625 0.139063 0.620313 0.139063 0.628125 0.146875 0.628125 0.151562 0.634375 0.151562 0.634375 0.146875 0.642188 0.139063 0.642188 0.137500 0.648438 0.131250 0.648438 0.129688 0.650000 0.128125 0.650000 0.123438 0.651563 0.121875 0.651563 0.115625
0 0.803125 0.528125 0.803125 0.556250 0.809375 0.556250 0.812500 0.559375 0.812500 0.564063 0.843750 0.564063 0.843750 0.559375 0.848437 0.554688 0.850000 0.554688 0.853125 0.551562 0.853125 0.550000 0.857812 0.545312 0.857812 0.542188 0.859375 0.540625 0.864062 0.540625 0.864062 0.539062 0.857812 0.539062 0.856250 0.537500 0.854688 0.537500 0.853125 0.535937 0.851562 0.535937 0.848437 0.532813 0.848437 0.528125
0 0.884375 0.146875 0.884375 0.182812 0.901563 0.182812 0.901563 0.176563 0.903125 0.175000 0.904687 0.175000 0.906250 0.173437 0.906250 0.171875 0.909375 0.168750 0.910937 0.168750 0.912500 0.167187 0.912500 0.165625 0.914062 0.164062 0.920312 0.164062 0.920312 0.146875
0 0.078125 0.503125 0.078125 0.517188 0.082812 0.517188 0.084375 0.518750 0.085938 0.518750 0.087500 0.520312 0.089063 0.520312 0.093750 0.525000 0.103125 0.525000 0.104688 0.526563 0.106250 0.526563 0.107813 0.528125 0.107813 0.532813 0.142187 0.532813 0.142187 0.528125 0.143750 0.526563 0.145313 0.526563 0.146875 0.525000 0.148438 0.525000 0.150000 0.523438 0.151562 0.523438 0.153125 0.521875 0.154688 0.521875 0.156250 0.520312 0.157812 0.520312 0.159375 0.518750 0.160938 0.518750 0.162500 0.517188 0.164062 0.517188 0.165625 0.515625 0.170313 0.515625 0.170313 0.503125
0 0.378125 0.290625 0.378125 0.309375 0.384375 0.309375 0.385937 0.310937 0.387500 0.310937 0.389062 0.312500 0.392188 0.312500 0.393750 0.314063 0.395313 0.314063 0.396875 0.315625 0.398438 0.315625 0.400000 0.317188 0.407813 0.317188 0.409375 0.318750 0.423438 0.318750 0.425000 0.317188 0.429688 0.317188 0.431250 0.315625 0.432812 0.315625 0.434375 0.314063 0.435937 0.314063 0.439063 0.310937 0.445312 0.310937 0.445312 0.300000 0.439063 0.300000 0.437500 0.298438 0.435937 0.298438 0.434375 0.296875 0.434375 0.290625
0 0.871875 0.415625 0.871875 0.421875 0.870313 0.423438 0.870313 0.425000 0.868750 0.426563 0.868750 0.428125 0.867188 0.429688 0.867188 0.431250 0.865625 0.432812 0.865625 0.434375 0.864062 0.435937 0.859375 0.435937 0.859375 0.462500 0.867188 0.462500 0.870313 0.465625 0.870313 0.470313 0.873437 0.470313 0.873437 0.465625 0.875000 0.464062 0.876563 0.464062 0.876563 0.462500 0.878125 0.460938 0.878125 0.459375 0.879687 0.457813 0.879687 0.454688 0.881250 0.453125 0.881250 0.450000 0.882812 0.448437 0.882812 0.443750 0.884375 0.442188 0.884375 0.437500 0.885938 0.435937 0.885938 0.432812 0.887500 0.431250 0.887500 0.425000 0.889062 0.423438 0.889062 0.421875 0.890625 0.420312 0.895312 0.420312 0.895312 0.415625
0 0.271875 0.515625 0.271875 0.545312 0.296875 0.545312 0.296875 0.540625 0.307812 0.529687 0.314063 0.529687 0.314063 0.515625
0 0.578125 0.134375 0.578125 0.145313 0.584375 0.145313 0.587500 0.148438 0.589063 0.148438 0.590625 0.150000 0.593750 0.150000 0.595313 0.151562 0.596875 0.151562 0.601562 0.146875 0.601562 0.145313 0.600000 0.143750 0.600000 0.134375
0 0.606250 0.378125 0.606250 0.382812 0.596875 0.392188 0.595313 0.392188 0.587500 0.400000 0.587500 0.401562 0.584375 0.404687 0.584375 0.406250 0.581250 0.409375 0.581250 0.410938 0.578125 0.414062 0.578125 0.415625 0.576562 0.417187 0.571875 0.417187 0.571875 0.432812 0.578125 0.432812 0.582812 0.437500 0.582812 0.439063 0.595313 0.451562 0.596875 0.451562 0.598437 0.453125 0.600000 0.453125 0.601562 0.454688 0.604688 0.454688 0.606250 0.456250 0.617188 0.456250 0.618750 0.457813 0.620313 0.457813 0.621875 0.459375 0.621875 0.464062 0.646875 0.464062 0.646875 0.459375 0.648438 0.457813 0.650000 0.457813 0.651563 0.456250 0.656250 0.456250 0.657813 0.454688 0.665625 0.454688 0.667188 0.453125 0.670312 0.453125 0.671875 0.451562 0.673438 0.451562 0.676562 0.448437 0.678125 0.448437 0.684375 0.442188 0.685937 0.442188 0.693750 0.434375 0.693750 0.432812 0.698438 0.428125 0.698438 0.426563 0.700000 0.425000 0.700000 0.423438 0.701562 0.421875 0.701562 0.420312 0.700000 0.418750 0.700000 0.415625 0.698438 0.414062 0.698438 0.412500 0.696875 0.410938 0.696875 0.409375 0.692187 0.404687 0.692187 0.403125 0.690625 0.403125 0.676562 0.389062 0.675000 0.389062 0.668750 0.382812 0.668750 0.378125
0 0.159375 0.153125 0.159375 0.181250 0.164062 0.181250 0.170313 0.187500 0.171875 0.187500 0.173437 0.189062 0.175000 0.189062 0.176563 0.190625 0.176563 0.195312 0.178125 0.195312 0.178125 0.190625 0.179688 0.189062 0.182812 0.189062 0.190625 0.181250 0.190625 0.179688 0.193750 0.176563 0.193750 0.173437 0.196875 0.170313 0.201563 0.170313 0.201563 0.162500 0.196875 0.162500 0.193750 0.159375 0.193750 0.153125
0 0.271875 0.221875 0.271875 0.242188 0.279687 0.242188 0.281250 0.243750 0.282813 0.243750 0.284375 0.245312 0.285938 0.245312 0.287500 0.246875 0.289062 0.246875 0.292187 0.250000 0.295312 0.250000 0.298438 0.253125 0.298438 0.257812 0.335938 0.257812 0.335938 0.253125 0.339062 0.250000 0.345313 0.250000 0.345313 0.237500 0.339062 0.237500 0.335938 0.234375 0.334375 0.234375 0.332813 0.232813 0.331250 0.232813 0.329688 0.231250 0.326562 0.231250 0.325000 0.229687 0.321875 0.229687 0.320312 0.228125 0.317188 0.228125 0.315625 0.226562 0.315625 0.221875
0 0.078125 0.503125 0.078125 0.517188 0.082812 0.517188 0.084375 0.518750 0.085938 0.518750 0.087500 0.520312 0.089063 0.520312 0.092188 0.523438 0.093750 0.523438 0.095312 0.525000 0.104688 0.525000 0.106250 0.526563 0.107813 0.526563 0.109375 0.528125 0.109375 0.532813 0.142187 0.532813 0.142187 0.528125 0.145313 0.525000 0.148438 0.525000 0.150000 0.523438 0.151562 0.523438 0.153125 0.521875 0.154688 0.521875 0.156250 0.520312 0.157812 0.520312 0.159375 0.518750 0.160938 0.518750 0.162500 0.517188 0.164062 0.517188 0.165625 0.515625 0.170313 0.515625 0.170313 0.503125
0 0.540625 0.153125 0.540625 0.170313 0.546875 0.170313 0.548438 0.171875 0.548438 0.176563 0.571875 0.176563 0.571875 0.171875 0.575000 0.168750 0.575000 0.167187 0.578125 0.164062 0.582812 0.164062 0.578125 0.164062 0.576562 0.162500 0.576562 0.153125
0 0.771875 0.140625 0.771875 0.170313 0.785937 0.170313 0.785937 0.165625 0.798438 0.153125 0.800000 0.153125 0.800000 0.151562 0.803125 0.148438 0.807813 0.148438 0.807813 0.140625
0 0.840625 0.315625 0.840625 0.345313 0.846875 0.345313 0.850000 0.348438 0.850000 0.350000 0.851562 0.351562 0.854688 0.348438 0.856250 0.348438 0.857812 0.346875 0.859375 0.346875 0.859375 0.345313 0.862500 0.342187 0.862500 0.340625 0.864062 0.339062 0.864062 0.331250 0.862500 0.329688 0.862500 0.326562 0.860938 0.325000 0.860938 0.323437 0.859375 0.321875 0.859375 0.315625
0 0.028125 0.140625 0.028125 0.175000 0.034375 0.175000 0.039062 0.179688 0.045312 0.179688 0.046875 0.181250 0.053125 0.181250 0.054688 0.182812 0.056250 0.182812 0.057813 0.184375 0.057813 0.189062 0.064062 0.189062 0.064062 0.184375 0.067187 0.181250 0.068750 0.181250 0.084375 0.165625 0.085938 0.165625 0.090625 0.160938 0.095312 0.160938 0.095312 0.140625
0 0.540625 0.434375 0.540625 0.451562 0.564063 0.451562 0.564063 0.434375
0 0.703125 0.521875 0.703125 0.543750 0.709375 0.543750 0.715625 0.537500 0.720313 0.537500 0.720313 0.521875
0 0.971875 0.190625 0.971875 0.242188 0.976562 0.242188 0.979688 0.245312 0.981250 0.245312 0.982812 0.246875 0.985938 0.246875 0.989062 0.243750 0.990625 0.243750 0.992188 0.242188 0.993750 0.242188 0.995313 0.240625 0.998437 0.240625 0.998437 0.203125 0.995313 0.203125 0.990625 0.198437 0.989062 0.198437 0.987500 0.196875 0.987500 0.190625
0 0.771875 0.134375 0.771875 0.170313 0.785937 0.170313 0.785937 0.165625 0.798438 0.153125 0.800000 0.153125 0.800000 0.151562 0.803125 0.148438 0.807813 0.148438 0.807813 0.134375
0 0.653125 0.153125 0.653125 0.170313 0.659375 0.170313 0.659375 0.165625 0.660937 0.164062 0.660937 0.162500 0.664062 0.159375 0.670312 0.159375 0.670312 0.153125
0 0.565625 0.271875 0.565625 0.281250 0.564063 0.282813 0.564063 0.287500 0.560937 0.290625 0.560937 0.292187 0.559375 0.293750 0.559375 0.296875 0.557813 0.298438 0.557813 0.300000 0.556250 0.301563 0.556250 0.303125 0.554688 0.304688 0.554688 0.306250 0.553125 0.307812 0.553125 0.309375 0.551562 0.310937 0.551562 0.314063 0.545312 0.320312 0.545312 0.321875 0.542188 0.325000 0.542188 0.326562 0.539062 0.329688 0.534375 0.329688 0.534375 0.345313 0.554688 0.345313 0.554688 0.340625 0.560937 0.334375 0.560937 0.332813 0.578125 0.315625 0.578125 0.314063 0.579688 0.312500 0.579688 0.310937 0.581250 0.309375 0.581250 0.304688 0.582812 0.303125 0.582812 0.271875
0 0.834375 0.315625 0.834375 0.332813 0.839063 0.332813 0.840625 0.334375 0.840625 0.337500 0.842187 0.339062 0.839063 0.342187 0.834375 0.342187 0.834375 0.357812 0.839063 0.357812 0.840625 0.356250 0.843750 0.356250 0.845313 0.354687 0.848437 0.354687 0.850000 0.353125 0.853125 0.353125 0.853125 0.351562 0.857812 0.346875 0.859375 0.346875 0.860938 0.345313 0.860938 0.343750 0.862500 0.342187 0.862500 0.340625 0.864062 0.339062 0.864062 0.334375 0.862500 0.332813 0.862500 0.326562 0.860938 0.325000 0.860938 0.323437 0.859375 0.321875 0.859375 0.315625
0 0.159375 0.421875 0.159375 0.437500 0.165625 0.437500 0.167187 0.439063 0.168750 0.439063 0.171875 0.442188 0.173437 0.442188 0.179688 0.448437 0.181250 0.448437 0.182812 0.450000 0.184375 0.450000 0.187500 0.453125 0.187500 0.457813 0.218750 0.457813 0.218750 0.453125 0.221875 0.450000 0.223438 0.450000 0.228125 0.445312 0.229687 0.445312 0.232813 0.442188 0.234375 0.442188 0.235937 0.440625 0.237500 0.440625 0.237500 0.437500 0.239063 0.435937 0.239063 0.434375 0.234375 0.429688 0.232813 0.429688 0.231250 0.428125 0.231250 0.421875
0 0.978125 0.690625 0.978125 0.726562 0.984375 0.726562 0.984375 0.721875 0.985938 0.720313 0.985938 0.718750 0.987500 0.717187 0.987500 0.690625
0 0.665625 0.546875 0.665625 0.556250 0.671875 0.556250 0.673438 0.557813 0.673438 0.559375 0.689063 0.575000 0.689063 0.576562 0.690625 0.578125 0.690625 0.581250 0.692187 0.582812 0.692187 0.584375 0.693750 0.585938 0.693750 0.587500 0.695312 0.589063 0.696875 0.589063 0.703125 0.582812 0.703125 0.581250 0.707812 0.576562 0.707812 0.568750 0.704688 0.565625 0.704688 0.562500 0.703125 0.560937 0.703125 0.546875
0 0.503125 0.459375 0.503125 0.464062 0.500000 0.467187 0.498437 0.467187 0.496875 0.468750 0.493750 0.468750 0.492188 0.470313 0.490625 0.470313 0.489063 0.471875 0.485938 0.471875 0.484375 0.473438 0.481250 0.473438 0.479687 0.475000 0.478125 0.475000 0.476562 0.476562 0.471875 0.476562 0.471875 0.520312 0.504687 0.520312 0.504687 0.514062 0.506250 0.512500 0.507812 0.512500 0.510938 0.509375 0.512500 0.509375 0.515625 0.506250 0.528125 0.506250 0.529687 0.504687 0.535937 0.504687 0.537500 0.503125 0.540625 0.503125 0.542188 0.501563 0.545312 0.501563 0.546875 0.500000 0.548438 0.500000 0.550000 0.498437 0.551562 0.498437 0.553125 0.496875 0.554688 0.496875 0.556250 0.495312 0.557813 0.495312 0.559375 0.493750 0.560937 0.493750 0.562500 0.492188 0.565625 0.492188 0.567187 0.490625 0.570312 0.490625 0.571875 0.489063 0.573438 0.489063 0.578125 0.484375 0.582812 0.484375 0.582812 0.471875 0.576562 0.471875 0.573438 0.468750 0.573438 0.467187 0.570312 0.464062 0.570312 0.459375
0 0.371875 0.290625 0.371875 0.306250 0.378125 0.306250 0.379688 0.307812 0.381250 0.307812 0.382812 0.309375 0.384375 0.309375 0.385937 0.310937 0.387500 0.310937 0.389062 0.312500 0.390625 0.312500 0.392188 0.314063 0.395313 0.314063 0.396875 0.315625 0.398438 0.315625 0.400000 0.317188 0.407813 0.317188 0.409375 0.318750 0.425000 0.318750 0.426563 0.317188 0.429688 0.317188 0.431250 0.315625 0.432812 0.315625 0.434375 0.314063 0.435937 0.314063 0.437500 0.312500 0.439063 0.312500 0.440625 0.310937 0.445312 0.310937 0.445312 0.300000 0.440625 0.300000 0.435937 0.295312 0.435937 0.290625
0 0.759375 0.434375 0.759375 0.445312 0.776563 0.445312 0.776563 0.434375
0 0.984375 0.434375 0.984375 0.464062 0.998437 0.464062 0.998437 0.434375
0 0.965625 0.190625 0.965625 0.223438 0.970313 0.223438 0.973437 0.226562 0.973437 0.229687 0.975000 0.231250 0.975000 0.239063 0.976562 0.240625 0.976562 0.242188 0.981250 0.246875 0.985938 0.246875 0.987500 0.245312 0.989062 0.245312 0.992188 0.242188 0.993750 0.242188 0.996875 0.239063 0.998437 0.239063 0.998437 0.204687 0.995313 0.204687 0.987500 0.196875 0.987500 0.190625
0 0.371875 0.671875 0.371875 0.695312 0.379688 0.695312 0.379688 0.689063 0.387500 0.681250 0.387500 0.679688 0.389062 0.678125 0.389062 0.671875
0 0.540625 0.428125 0.540625 0.451562 0.564063 0.451562 0.564063 0.435937 0.559375 0.435937 0.556250 0.432812 0.556250 0.428125
0 0.528125 0.303125 0.528125 0.320312 0.543750 0.320312 0.543750 0.315625 0.545312 0.314063 0.545312 0.312500 0.546875 0.310937 0.551562 0.310937 0.551562 0.303125
0 0.403125 0.440625 0.403125 0.473438 0.407813 0.473438 0.412500 0.478125 0.414062 0.478125 0.425000 0.489063 0.426563 0.489063 0.435937 0.498437 0.437500 0.498437 0.442188 0.503125 0.443750 0.503125 0.446875 0.506250 0.448437 0.506250 0.451562 0.509375 0.453125 0.509375 0.454688 0.510938 0.456250 0.510938 0.457813 0.512500 0.459375 0.512500 0.460938 0.514062 0.462500 0.514062 0.464062 0.515625 0.465625 0.515625 0.467187 0.517188 0.468750 0.517188 0.470313 0.518750 0.471875 0.518750 0.475000 0.521875 0.475000 0.526563 0.501563 0.526563 0.501563 0.500000 0.495312 0.500000 0.493750 0.498437 0.492188 0.498437 0.490625 0.496875 0.490625 0.495312 0.489063 0.493750 0.489063 0.492188 0.487500 0.490625 0.487500 0.489063 0.485938 0.487500 0.485938 0.485938 0.484375 0.484375 0.484375 0.482812 0.482812 0.481250 0.482812 0.479687 0.481250 0.478125 0.481250 0.476562 0.479687 0.475000 0.478125 0.475000 0.465625 0.462500 0.465625 0.460938 0.460938 0.456250 0.460938 0.454688 0.457813 0.451562 0.457813 0.450000 0.454688 0.446875 0.454688 0.440625
0 0.528125 0.303125 0.528125 0.320312 0.543750 0.320312 0.543750 0.312500 0.545312 0.310937 0.545312 0.303125
0 0.381780 0.457930 0.400303 0.470278 0.419855 0.497034 0.444552 0.520702 0.484684 0.530992 0.500120 0.534080 0.485714 0.544370 0.438378 0.547458 0.388983 0.534080 0.373547 0.493947 0.374577 0.463075
0 0.221247 0.498062 0.241828 0.487772 0.263437 0.484684 0.284019 0.499092 0.276816 0.504238 0.244916 0.505266
0 0.223305 0.502180 0.229480 0.513498 0.258292 0.515556 0.287106 0.509383 0.272700 0.505266 0.234625 0.504238
0 0.326211 0.403389 0.300484 0.382809 0.300484 0.368402 0.322094 0.356053 0.344733 0.348850 0.364286 0.360169 0.377664 0.363256 0.405448 0.364286 0.431173 0.362228 0.451755 0.372519 0.467191 0.394128 0.467191 0.418825 0.444552 0.423970 0.407506 0.407506 0.365314 0.406477 0.341647 0.406477
0 0.306658 0.456900 0.321066 0.438378 0.334444 0.426030 0.365314 0.407506 0.376634 0.408534 0.402361 0.419855 0.396186 0.435291 0.382809 0.439406 0.374577 0.443523 0.362228 0.445581 0.351938 0.449697 0.347820 0.467191 0.356053 0.471308 0.348850 0.479539 0.329298 0.473366 0.302542 0.464105
0 0.353995 0.450727 0.363256 0.446609 0.373547 0.449697 0.377664 0.461017 0.367373 0.469250 0.359141 0.470278 0.347820 0.467191 0.344733 0.461017 0.352966 0.452784
0 0.804722 0.499092 0.828389 0.491889 0.864406 0.496005 0.893220 0.513498 0.902481 0.538195 0.901453 0.557748 0.874697 0.555691 0.862348 0.537167 0.839709 0.517616 0.811925 0.510411
0 0.930266 0.267555 0.939528 0.262409 0.945702 0.261380 0.954964 0.269612 0.949819 0.278873 0.943644 0.286078 0.937469 0.286078
0 0.483988 0.193466 0.478845 0.193466 0.476273 0.196680 0.476273 0.203108 0.477559 0.206322 0.483988 0.208892 0.489130 0.208892 0.491058 0.204392 0.489772 0.198608 0.486558 0.195394
0 0.700645 0.332369 0.699264 0.334670 0.698805 0.340195 0.700645 0.344798 0.708011 0.348481 0.714456 0.348020 0.716297 0.340656 0.713075 0.338353 0.704789 0.332830 0.700186 0.331448
0 0.750363 0.384389 0.741156 0.388072 0.740236 0.389912 0.741616 0.394977 0.744378 0.399119 0.749903 0.400961 0.757269 0.396817 0.758648 0.394056 0.758189 0.389912 0.752664 0.384389
0 0.611409 0.477772 0.603100 0.479848 0.599637 0.484695 0.605178 0.489544 0.609333 0.489544 0.611409 0.485389
