0 0.428826 0.402926 0.428304 0.408821 0.423715 0.412627 0.421595 0.412567 0.419302 0.414469 0.417181 0.414408 0.414888 0.416310 0.412769 0.416250 0.410477 0.418152 0.408358 0.418091 0.406066 0.419992 0.399712 0.419810 0.397991 0.439418 0.406460 0.439663 0.412293 0.445726 0.412120 0.447686 0.414066 0.449706 0.416184 0.449768 0.422015 0.455828 0.421842 0.457787 0.429617 0.465866 0.429443 0.467824 0.433329 0.471862 0.433155 0.473818 0.438984 0.479874 0.438287 0.487697 0.455223 0.488199 0.455925 0.480374 0.458218 0.478481 0.458393 0.476524 0.462982 0.472734 0.463158 0.470776 0.467749 0.466984 0.467925 0.465025 0.486307 0.449843 0.486484 0.447881 0.491085 0.444081 0.493207 0.444143 0.504716 0.434637 0.504895 0.432673 0.509502 0.428867 0.515876 0.429050 0.516055 0.427085 0.509681 0.426902 0.503844 0.420826 0.501718 0.420765 0.499771 0.418738 0.493398 0.418556 0.491451 0.416531 0.487204 0.416409 0.485257 0.414384 0.481009 0.414263 0.477116 0.410211 0.477648 0.404313
0 0.744201 0.324585 0.743617 0.330535 0.731920 0.340155 0.723342 0.339920 0.721217 0.361702 0.742650 0.362295 0.744601 0.364333 0.751032 0.364511 0.752981 0.366551 0.759416 0.366729 0.761364 0.368767 0.778528 0.369244 0.780477 0.371282 0.786916 0.371461 0.788864 0.373501 0.788272 0.379439 0.809738 0.380038 0.810334 0.374098 0.812680 0.372177 0.821274 0.372416 0.823069 0.354582 0.816620 0.354404 0.810770 0.348278 0.808620 0.348219 0.793013 0.331879 0.793607 0.325925
0 0.743553 0.043783 0.742572 0.053869 0.749062 0.054019 0.752998 0.058151 0.752801 0.060168 0.758701 0.066365 0.760865 0.066416 0.766764 0.072614 0.768927 0.072664 0.772861 0.076795 0.772267 0.082839 0.774430 0.082890 0.775024 0.076846 0.782112 0.070952 0.784278 0.071003 0.791371 0.065107 0.793537 0.065157 0.795904 0.063192 0.798069 0.063242 0.802803 0.059307 0.809305 0.059458 0.810709 0.045328
0 0.473408 0.639079 0.470249 0.673928 0.478677 0.674201 0.482540 0.678206 0.482011 0.684007 0.492547 0.684350 0.493077 0.678548 0.495363 0.676682 0.503796 0.676956 0.505727 0.678958 0.505195 0.684761 0.513630 0.685035 0.514164 0.679232 0.518739 0.675499 0.527179 0.675772 0.530403 0.640896
0 0.384808 0.322751 0.384293 0.328670 0.379703 0.332497 0.364850 0.332091 0.363488 0.347854 0.374091 0.348147 0.376042 0.350174 0.382406 0.350350 0.384355 0.352379 0.390721 0.352555 0.394620 0.356612 0.396742 0.356671 0.398691 0.358698 0.400814 0.358757 0.402764 0.360785 0.407009 0.360903 0.408957 0.362931 0.413202 0.363050 0.415151 0.365077 0.421520 0.365254 0.423470 0.367283 0.429839 0.367461 0.431789 0.369490 0.436035 0.369608 0.437985 0.371636 0.437460 0.377541 0.443831 0.377719 0.444357 0.371814 0.448956 0.367994 0.451081 0.368053 0.455682 0.364231 0.462058 0.364409 0.462764 0.356525 0.456387 0.356348 0.450537 0.350258 0.448411 0.350199 0.440610 0.342075 0.438483 0.342017 0.428729 0.331861 0.429427 0.323966
0 0.616848 0.376633 0.611642 0.431804 0.618036 0.431988 0.625817 0.440101 0.625630 0.442068 0.627576 0.444095 0.629708 0.444157 0.631652 0.446184 0.638048 0.446369 0.640367 0.444465 0.644631 0.444588 0.649272 0.440778 0.651406 0.440839 0.656048 0.437028 0.658183 0.437089 0.660505 0.435183 0.662639 0.435245 0.664963 0.433337 0.667097 0.433398 0.669421 0.431490 0.671556 0.431552 0.673881 0.429645 0.676016 0.429706 0.678341 0.427797 0.682614 0.427920 0.684940 0.426012 0.687077 0.426073 0.691730 0.422254 0.691921 0.420284 0.694249 0.418374 0.694440 0.416403 0.686654 0.408272 0.682379 0.408150 0.678485 0.404086 0.676348 0.404026 0.672452 0.399960 0.670316 0.399899 0.666421 0.395833 0.664283 0.395773 0.656493 0.387638 0.654356 0.387578 0.652407 0.385545 0.653161 0.377648
0 0.052336 0.863481 0.049524 0.899521 0.074322 0.900412 0.074770 0.894725 0.096962 0.876489 0.097112 0.874591 0.099333 0.872765 0.099938 0.865166
0 0.742790 0.140555 0.740248 0.166612 0.746717 0.166772 0.748678 0.168828 0.750836 0.168882 0.758676 0.177106 0.760834 0.177160 0.762794 0.179215 0.762008 0.187221 0.796526 0.188087 0.801107 0.141979
0 0.724254 0.506015 0.721371 0.535413 0.727767 0.535607 0.731645 0.539651 0.731452 0.541609 0.733392 0.543630 0.732621 0.551458 0.771008 0.552628 0.771594 0.546755 0.773923 0.544860 0.784597 0.545184 0.786928 0.543291 0.799744 0.543679 0.804412 0.539889 0.812960 0.540148 0.814742 0.522496 0.806189 0.522240 0.802308 0.518187 0.800169 0.518123 0.796288 0.514068 0.796879 0.508179
0 0.613653 0.113301 0.612903 0.121320 0.601218 0.131078 0.599069 0.131026 0.589729 0.138824 0.587582 0.138772 0.580583 0.144616 0.578435 0.144563 0.576103 0.146510 0.569664 0.146352 0.568004 0.164342 0.610935 0.165408 0.612896 0.167459 0.615044 0.167513 0.617004 0.169566 0.619152 0.169619 0.625034 0.175774 0.629330 0.175881 0.631290 0.177934 0.635588 0.178041 0.636908 0.164049 0.643924 0.158207 0.646075 0.158260 0.648037 0.160315 0.650187 0.160368 0.652148 0.162421 0.654299 0.162475 0.656261 0.164529 0.658411 0.164582 0.660371 0.166635 0.662523 0.166689 0.670365 0.174903 0.672516 0.174957 0.674477 0.177009 0.693843 0.177493 0.694805 0.167490 0.688347 0.167330 0.684425 0.163221 0.684617 0.161220 0.682463 0.161167 0.676580 0.155001 0.674427 0.154948 0.664618 0.144670 0.662465 0.144617 0.640876 0.121997 0.641633 0.113975
0 0.961909 0.857036 0.958624 0.887841 0.967124 0.888141 0.969044 0.890139 0.971169 0.890214 0.973087 0.892213 0.977339 0.892363 0.981178 0.896360 0.980559 0.902128 0.984808 0.902279 0.985428 0.896511 0.987761 0.894663 0.989888 0.894739 0.992221 0.892889 0.994347 0.892965 0.996682 0.891115 0.996890 0.889191 1.000000 0.885492 1.000000 0.883567 1.000000 0.881716 1.000000 0.877864 1.000000 0.876014 1.000000 0.872159 1.000000 0.870307 1.000000 0.858741
0 0.731534 0.011127 0.730947 0.017189 0.728588 0.019161 0.728392 0.021181 0.726033 0.023152 0.719540 0.023005 0.717982 0.039152 0.724472 0.039301 0.726439 0.041367 0.735093 0.041566 0.739813 0.037629 0.741977 0.037679 0.746700 0.033742 0.748865 0.033791 0.751226 0.031821 0.753392 0.031870 0.755756 0.029901 0.760086 0.030000 0.762451 0.028028 0.764618 0.028078 0.771712 0.022163 0.778216 0.022310 0.779209 0.012201
1 0.154350 0.933074 0.386333 0.941512 0.260081 1.000000 0.263983 0.989301
1 0.769906 0.322297 1.000000 0.235099 1.000000 0.396240 1.000000 0.476621 0.939553 0.421402 0.991707 0.388100 0.905898 0.364161 0.884290 0.381787 0.806333 0.353128
0 0.910942 0.367615 0.870726 0.391338 0.898741 0.433456 0.939553 0.421402 0.978768 0.391055 0.898207 0.368921
0 0.902021 0.039750 0.902550 0.034572 0.914561 0.034103 0.918728 0.040132 0.911907 0.044428
