0 0.620767 0.039716 0.620686 0.047082 0.622582 0.049012 0.622562 0.050853 0.624458 0.052783 0.624438 0.054624 0.626333 0.056554 0.626293 0.060235 0.628189 0.062165 0.628128 0.067687 0.630023 0.069617 0.629982 0.073299 0.631878 0.075229 0.637625 0.075496 0.637055 0.127018 0.614077 0.125941 0.614137 0.120424 0.610348 0.116566 0.606519 0.116387 0.604625 0.114457 0.600795 0.114278 0.598901 0.112350 0.596988 0.112260 0.595093 0.110332 0.593179 0.110243 0.591284 0.108313 0.587456 0.108134 0.585563 0.106205 0.581734 0.106026 0.579840 0.104098 0.577927 0.104009 0.576032 0.102080 0.570290 0.101811 0.568397 0.099884 0.564570 0.099705 0.562675 0.097777 0.558850 0.097598 0.556955 0.095669 0.555043 0.095580 0.553148 0.093651 0.549322 0.093473 0.547429 0.091545 0.539777 0.091188 0.539987 0.070957 0.547640 0.071313 0.551504 0.067812 0.553419 0.067901 0.557284 0.064398 0.559199 0.064486 0.563064 0.060984 0.564979 0.061073 0.566913 0.059322 0.568826 0.059411 0.574627 0.054157 0.576542 0.054246 0.582343 0.048990 0.584259 0.049079 0.586194 0.047327 0.588108 0.047416 0.590042 0.045663 0.590121 0.038300
0 0.795239 0.055161 0.795172 0.060691 0.798969 0.064556 0.800890 0.064645 0.804685 0.068508 0.806607 0.068598 0.808504 0.070530 0.814268 0.070798 0.814087 0.085543 0.808325 0.085275 0.806382 0.087028 0.804461 0.086939 0.802519 0.088693 0.798678 0.088514 0.794793 0.092020 0.794726 0.097548 0.746742 0.095313 0.747003 0.073207 0.754678 0.073563 0.762444 0.066549 0.762466 0.064707 0.766348 0.061199 0.766436 0.053828
0 0.925694 0.378088 0.925335 0.405644 0.919575 0.405363 0.917632 0.407105 0.917561 0.412614 0.879179 0.410739 0.879249 0.405232 0.877353 0.403303 0.875436 0.403209 0.873541 0.401279 0.865866 0.400904 0.866191 0.375196
0 0.483559 0.000000 0.483504 0.000000 0.485398 0.000000 0.489223 0.000000 0.491118 0.000000 0.498768 0.000000 0.500663 0.000000 0.504489 0.000000 0.506383 0.000000 0.510211 0.000000 0.512105 0.000000 0.514018 0.000000 0.515913 0.000000 0.519740 0.000000 0.521635 0.000000 0.531203 0.000000 0.530974 0.017152 0.523320 0.016799 0.521389 0.018551 0.521370 0.020392 0.515573 0.025648 0.515498 0.033010 0.486810 0.031684 0.486866 0.026164 0.484973 0.024235 0.483061 0.024147 0.481167 0.022219 0.475430 0.021955 0.473538 0.020026 0.469714 0.019850 0.467820 0.017922 0.462086 0.017658 0.460192 0.015729 0.452547 0.015377 0.450653 0.013450 0.441098 0.013009 0.439205 0.011081 0.435383 0.010905 0.433490 0.008978 0.425847 0.008626 0.426202 0.000000
0 0.263047 0.514024 0.263000 0.519498 0.268652 0.525256 0.270551 0.525351 0.272435 0.527270 0.272419 0.529095 0.274303 0.531015 0.276204 0.531110 0.278087 0.533029 0.279986 0.533123 0.281871 0.535042 0.297071 0.535802 0.298955 0.537722 0.302756 0.537912 0.304641 0.539833 0.308442 0.540023 0.310326 0.541942 0.314128 0.542132 0.316012 0.544052 0.319813 0.544242 0.323582 0.548083 0.327384 0.548273 0.329268 0.550193 0.334972 0.550478 0.334707 0.579671 0.327105 0.579289 0.325188 0.581017 0.325172 0.582841 0.321338 0.586298 0.321305 0.589945 0.319388 0.591673 0.319372 0.593497 0.317455 0.595225 0.317438 0.597048 0.315522 0.598776 0.315506 0.600600 0.313591 0.602326 0.313574 0.604150 0.305910 0.611059 0.305862 0.616528 0.254593 0.613935 0.254655 0.606646 0.249008 0.600891 0.226233 0.599742 0.224351 0.597823 0.218660 0.597536 0.216777 0.595619 0.212983 0.595427 0.209219 0.591592 0.199734 0.591114 0.200017 0.556486 0.205709 0.556772 0.209534 0.553317 0.209549 0.551494 0.213374 0.548037 0.213389 0.546215 0.215301 0.544486 0.215316 0.542663 0.217230 0.540934 0.217245 0.539110 0.221071 0.535654 0.221087 0.533829 0.224913 0.530372 0.224929 0.528548 0.228756 0.525089 0.228771 0.523265 0.232599 0.519807 0.232660 0.512509
0 0.795462 0.825918 0.795395 0.831392 0.799173 0.835238 0.804906 0.835536 0.804504 0.868372 0.770122 0.866576 0.770210 0.859282 0.766434 0.855437 0.760705 0.855138 0.760923 0.836901 0.766653 0.837199 0.772449 0.832024 0.772537 0.824727
0 0.504617 0.723315 0.504561 0.728783 0.515872 0.740308 0.523488 0.740700 0.523224 0.766215 0.515609 0.765822 0.513687 0.767547 0.513669 0.769369 0.507902 0.774540 0.507846 0.780006 0.479303 0.778530 0.479870 0.722046
0 0.717804 0.602596 0.717719 0.609912 0.719609 0.611837 0.719588 0.613666 0.721477 0.615591 0.721434 0.619248 0.723325 0.621173 0.723304 0.623001 0.725193 0.624927 0.730928 0.625216 0.730349 0.674572 0.715064 0.673795 0.715149 0.666486 0.711370 0.662638 0.709459 0.662541 0.709480 0.660713 0.707591 0.658788 0.705680 0.658692 0.700013 0.652919 0.700034 0.651092 0.692477 0.643395 0.690566 0.643298 0.681121 0.633676 0.679211 0.633579 0.673543 0.627806 0.671633 0.627709 0.662188 0.618089 0.656459 0.617800 0.656665 0.599520
0 0.496158 0.430488 0.495657 0.479885 0.467064 0.478470 0.467118 0.472983 0.465230 0.471060 0.463324 0.470965 0.461436 0.469043 0.459531 0.468949 0.457643 0.467026 0.453832 0.466837 0.451943 0.464915 0.450038 0.464821 0.446263 0.460975 0.446281 0.459147 0.444393 0.457224 0.444411 0.455396 0.446335 0.453660 0.446371 0.450003 0.455990 0.441327 0.457896 0.441421 0.459821 0.439685 0.461727 0.439779 0.463650 0.438044 0.465557 0.438138 0.469407 0.434665 0.469461 0.429177
0 0.017050 0.428839 0.016810 0.463475 0.000000 0.462256 0.000000 0.427625
0 0.155203 0.705398 0.155160 0.710853 0.158920 0.714685 0.162708 0.714880 0.166468 0.718710 0.174045 0.719099 0.173871 0.740919 0.134105 0.738870 0.134147 0.733418 0.130389 0.729587 0.126601 0.729392 0.122844 0.725562 0.115273 0.725173 0.115439 0.703359
1 0.586687 0.357945 0.592302 0.369221 0.571110 0.384690 0.494287 0.426734 0.452178 0.441140 0.432908 0.462145 0.316175 0.525801 0.297152 0.526679 0.326273 0.460534 0.436738 0.264505
1 0.462342 0.184972 0.462233 0.195985 0.322601 0.445729 0.307304 0.454114 0.284435 0.240713 0.283217 0.161816
0 0.985497 0.075048 0.993002 0.090170 0.989001 0.101062 0.958101 0.107006 0.950500 0.099269 0.958515 0.075643 0.964365 0.070375
0 0.678534 0.187851 0.680283 0.202648 0.653450 0.203215 0.659381 0.186945
0 0.178182 0.911917 0.181863 0.924815 0.174237 0.931668 0.151625 0.919587 0.159320 0.903665
0 0.209257 0.817295 0.218652 0.826872 0.212894 0.835657 0.188334 0.827108 0.199800 0.814985
0 0.258379 0.393211 0.256275 0.416873 0.235447 0.406712 0.241272 0.392374
0 0.292751 0.810731 0.294519 0.825373 0.271795 0.820552 0.277625 0.804489
0 0.293318 0.961572 0.287554 0.970342 0.274341 0.964194 0.276298 0.957039
0 0.596619 0.323568 0.596203 0.362075 0.543040 0.328317 0.583358 0.311918
0 0.486763 0.226527 0.486652 0.237536 0.452092 0.256069 0.433065 0.249654 0.423669 0.234530 0.460233 0.205070
