0 0.593869 0.216398 0.593947 0.221597 0.599610 0.227269 0.601470 0.227425 0.603358 0.229314 0.610792 0.229937 0.611375 0.266405 0.603923 0.265807 0.602085 0.267400 0.602112 0.269143 0.589216 0.280324 0.587344 0.280176 0.583647 0.283378 0.581774 0.283231 0.578071 0.286440 0.576195 0.286293 0.574341 0.287898 0.572463 0.287752 0.570607 0.289359 0.568727 0.289213 0.566870 0.290820 0.563106 0.290528 0.561246 0.292138 0.559362 0.291992 0.557500 0.293602 0.553729 0.293311 0.551863 0.294922 0.548087 0.294631 0.546218 0.296245 0.542438 0.295954 0.540568 0.297568 0.536783 0.297278 0.534910 0.298895 0.527327 0.298314 0.525449 0.299932 0.521652 0.299642 0.519771 0.301262 0.519824 0.306559 0.470176 0.302800 0.470140 0.297479 0.468209 0.295559 0.466290 0.295412 0.464359 0.293493 0.460519 0.293199 0.458587 0.291278 0.456665 0.291130 0.452799 0.287287 0.450876 0.287139 0.445073 0.281372 0.439294 0.280923 0.439132 0.247282 0.444898 0.247747 0.454443 0.239705 0.454433 0.237942 0.456339 0.236338 0.458255 0.236495 0.469659 0.226888 0.471567 0.227046 0.475358 0.223852 0.477265 0.224011 0.481048 0.220821 0.482953 0.220980 0.484843 0.219386 0.486744 0.219545 0.488633 0.217954 0.490533 0.218113 0.492418 0.216523 0.494317 0.216682 0.498083 0.213503 0.498038 0.208259
0 0.614076 0.435344 0.614161 0.440683 0.617981 0.444482 0.619862 0.444600 0.621772 0.446500 0.623651 0.446618 0.629377 0.452312 0.631255 0.452430 0.638884 0.460016 0.640758 0.460132 0.646475 0.465818 0.652092 0.466162 0.652354 0.480410 0.646732 0.480073 0.641199 0.485091 0.639322 0.484979 0.631925 0.491687 0.630043 0.491576 0.626336 0.494936 0.624451 0.494826 0.620738 0.498189 0.618851 0.498079 0.615132 0.501448 0.613243 0.501339 0.607653 0.506401 0.607736 0.511792 0.548709 0.508451 0.548391 0.481382 0.556033 0.481835 0.561688 0.476777 0.561666 0.474980 0.576696 0.461544 0.576672 0.459751 0.580418 0.456405 0.580393 0.454615 0.582264 0.452944 0.582239 0.451154 0.585978 0.447816 0.585952 0.446028 0.589686 0.442695 0.589660 0.440910 0.591526 0.439245 0.591448 0.433896
0 0.363586 0.267907 0.363585 0.273265 0.367494 0.277140 0.369448 0.277292 0.371401 0.279228 0.373354 0.279379 0.377259 0.283251 0.379210 0.283402 0.381163 0.285337 0.383111 0.285486 0.387013 0.289356 0.388960 0.289505 0.390911 0.291439 0.392858 0.291588 0.396756 0.295454 0.398701 0.295602 0.404545 0.301399 0.406488 0.301546 0.420112 0.315059 0.420118 0.316846 0.422063 0.318775 0.429812 0.319347 0.430007 0.365899 0.422235 0.365359 0.414475 0.372015 0.412527 0.371881 0.410582 0.373549 0.408632 0.373415 0.404738 0.376751 0.402785 0.376618 0.394981 0.383306 0.393024 0.383174 0.387155 0.388200 0.387157 0.390008 0.379315 0.396728 0.377349 0.396598 0.373420 0.399966 0.369484 0.399706 0.367515 0.401391 0.363574 0.401132 0.361603 0.402820 0.357656 0.402561 0.355681 0.404249 0.353707 0.404120 0.351729 0.405810 0.347775 0.405552 0.345794 0.407243 0.341837 0.406986 0.337867 0.410372 0.337858 0.415843 0.284052 0.412390 0.284081 0.406893 0.280095 0.402971 0.278091 0.402840 0.276098 0.400879 0.274093 0.400748 0.266112 0.392896 0.264105 0.392764 0.262109 0.390799 0.262121 0.388967 0.258127 0.385038 0.250085 0.384503 0.250463 0.333369 0.256476 0.333798 0.258491 0.332123 0.258504 0.330304 0.260518 0.328630 0.260543 0.324996 0.262556 0.323326 0.262580 0.319695 0.264590 0.318025 0.264613 0.314398 0.266622 0.312731 0.266645 0.309107 0.268652 0.307443 0.268664 0.305633 0.270669 0.303970 0.270680 0.302161 0.272685 0.300500 0.272696 0.298691 0.276700 0.295374 0.276711 0.293569 0.298646 0.275407 0.300626 0.275559 0.302613 0.273915 0.304590 0.274068 0.310537 0.269140 0.310556 0.263758
0 0.538105 0.416173 0.538165 0.421539 0.540094 0.423453 0.542000 0.423576 0.543927 0.425488 0.545833 0.425611 0.547759 0.427524 0.549664 0.427646 0.551589 0.429558 0.553494 0.429680 0.555419 0.431590 0.557321 0.431712 0.559246 0.433622 0.561147 0.433744 0.563071 0.435653 0.564970 0.435774 0.566892 0.437682 0.576381 0.438284 0.576672 0.459751 0.570973 0.459401 0.567217 0.462755 0.567240 0.464549 0.559715 0.471270 0.559738 0.473067 0.554080 0.478121 0.554102 0.479921 0.544649 0.488368 0.542735 0.488256 0.540841 0.489949 0.538925 0.489837 0.537029 0.491531 0.535111 0.491419 0.533211 0.493114 0.531293 0.493003 0.529391 0.494700 0.529448 0.500126 0.502485 0.498581 0.502421 0.491329 0.500474 0.489405 0.498544 0.489293 0.488806 0.479667 0.488792 0.477855 0.484895 0.474003 0.484881 0.472191 0.480984 0.468338 0.480971 0.466528 0.479023 0.464602 0.471275 0.464134 0.471115 0.440622 0.478851 0.441107 0.484604 0.436060 0.486534 0.436182 0.492274 0.431146 0.494199 0.431269 0.498019 0.427917 0.499942 0.428040 0.509465 0.419678 0.509415 0.414298
0 0.746879 0.332390 0.747050 0.339320 0.750776 0.343056 0.750819 0.344789 0.754545 0.348524 0.760000 0.348925 0.760753 0.378445 0.753465 0.377932 0.751684 0.379544 0.749861 0.379416 0.748079 0.381030 0.748208 0.386260 0.729913 0.384986 0.729790 0.379748 0.726044 0.375999 0.724210 0.375870 0.720462 0.372119 0.718626 0.371989 0.716752 0.370114 0.711242 0.369723 0.709365 0.367845 0.700166 0.367191 0.698287 0.365311 0.696444 0.365180 0.694565 0.363300 0.689034 0.362905 0.688669 0.345435 0.696034 0.345974 0.697837 0.344364 0.699676 0.344499 0.701477 0.342892 0.706988 0.343298 0.708785 0.341691 0.712454 0.341962 0.714247 0.340358 0.716080 0.340493 0.717872 0.338890 0.719704 0.339026 0.721495 0.337423 0.721335 0.330477
0 0.428094 0.372952 0.428123 0.380147 0.432027 0.384010 0.432042 0.387610 0.433993 0.389542 0.434009 0.393143 0.435960 0.395075 0.435968 0.396876 0.437920 0.398808 0.437937 0.402413 0.439889 0.404345 0.439898 0.406147 0.441849 0.408079 0.441867 0.411687 0.443818 0.413617 0.443827 0.415421 0.445779 0.417352 0.445788 0.419157 0.447741 0.421088 0.447750 0.422894 0.449701 0.424824 0.449711 0.426631 0.451663 0.428561 0.451673 0.430367 0.453624 0.432298 0.453634 0.434104 0.457537 0.437964 0.457548 0.439772 0.459499 0.441703 0.459510 0.443510 0.465362 0.449298 0.465374 0.451107 0.469275 0.454964 0.469287 0.456773 0.473187 0.460630 0.473200 0.462440 0.475149 0.464368 0.475162 0.466179 0.481011 0.471960 0.481025 0.473772 0.488820 0.481479 0.488835 0.483291 0.494678 0.489068 0.500474 0.489405 0.500631 0.507546 0.492894 0.507109 0.490974 0.508818 0.489036 0.508709 0.487113 0.510419 0.485174 0.510310 0.483248 0.512021 0.481308 0.511913 0.479381 0.513626 0.479421 0.519093 0.418864 0.515749 0.418838 0.508421 0.416867 0.506480 0.416861 0.504649 0.414892 0.502708 0.414886 0.500877 0.412916 0.498937 0.412911 0.497107 0.410940 0.495165 0.410934 0.493337 0.408964 0.491394 0.408959 0.489565 0.406988 0.487624 0.406978 0.483968 0.405008 0.482027 0.405003 0.480199 0.403033 0.478258 0.403029 0.476430 0.401059 0.474489 0.401051 0.470836 0.399080 0.468894 0.399068 0.463419 0.397098 0.461478 0.397086 0.456008 0.395118 0.454065 0.395104 0.446778 0.393136 0.444837 0.393132 0.443016 0.391163 0.441074 0.385262 0.440707 0.385191 0.386260 0.391071 0.386656 0.393027 0.384980 0.394984 0.385112 0.396937 0.383438 0.396933 0.381632 0.398885 0.379959 0.398882 0.378155 0.400832 0.376484 0.400820 0.371076
0 0.676806 0.397081 0.676912 0.402361 0.678801 0.404246 0.678836 0.406007 0.680726 0.407892 0.688135 0.408388 0.688428 0.422478 0.682867 0.422113 0.679228 0.425398 0.679335 0.430695 0.677513 0.432342 0.677726 0.442951 0.675903 0.444602 0.675938 0.446373 0.674112 0.448026 0.674147 0.449798 0.672321 0.451452 0.672356 0.453225 0.668700 0.456539 0.666835 0.456423 0.665003 0.458083 0.651929 0.457271 0.650027 0.455376 0.648155 0.455260 0.646251 0.453366 0.644379 0.453249 0.642474 0.451354 0.640601 0.451236 0.636791 0.447445 0.634916 0.447327 0.633009 0.445430 0.631134 0.445312 0.627319 0.441518 0.625441 0.441399 0.613990 0.430008 0.608344 0.429644 0.608094 0.413652 0.613735 0.414025 0.619281 0.409078 0.619252 0.407307 0.622944 0.404016 0.622915 0.402246 0.626603 0.398961 0.626513 0.393657
0 0.640803 0.050109 0.640895 0.055170 0.642750 0.057041 0.644574 0.057225 0.646429 0.059096 0.650073 0.059462 0.651927 0.061333 0.653747 0.061516 0.655600 0.063385 0.657420 0.063567 0.662976 0.069173 0.664794 0.069355 0.672195 0.076825 0.672229 0.078511 0.675929 0.082246 0.675963 0.083933 0.677814 0.085800 0.677883 0.089176 0.679733 0.091043 0.679803 0.094422 0.681653 0.096288 0.681723 0.099668 0.683574 0.101535 0.683680 0.106609 0.685530 0.108475 0.685601 0.111859 0.687451 0.113725 0.687558 0.118805 0.691260 0.122538 0.696702 0.123054 0.697698 0.168905 0.692241 0.168411 0.679732 0.179211 0.679767 0.180921 0.677975 0.182467 0.678079 0.187598 0.628503 0.183214 0.628385 0.176343 0.626511 0.174461 0.624666 0.174296 0.620916 0.170532 0.619069 0.170366 0.604058 0.155295 0.602208 0.155127 0.600329 0.153241 0.600303 0.151525 0.587152 0.138320 0.587127 0.136605 0.579608 0.129055 0.579584 0.127341 0.575823 0.123563 0.575799 0.121850 0.572038 0.118073 0.572014 0.116358 0.570134 0.114470 0.570111 0.112757 0.564467 0.107089 0.558887 0.106558 0.558453 0.072364 0.564020 0.072912 0.567684 0.069869 0.567661 0.068165 0.578625 0.059062 0.580472 0.059247 0.585937 0.054707 0.589625 0.055077 0.591444 0.053566 0.593285 0.053751 0.596916 0.050733 0.596839 0.045651
0 0.415484 0.089440 0.415513 0.098119 0.417432 0.100036 0.417450 0.105248 0.419370 0.107166 0.419383 0.110643 0.421302 0.112562 0.421321 0.117780 0.423240 0.119697 0.423260 0.124920 0.425181 0.126839 0.425202 0.132065 0.427122 0.133983 0.427150 0.140958 0.429072 0.142876 0.429079 0.144620 0.431001 0.146538 0.436738 0.147056 0.436952 0.192540 0.417745 0.190890 0.415826 0.192483 0.406192 0.191657 0.404267 0.193251 0.404281 0.198534 0.349959 0.193911 0.349964 0.188603 0.346068 0.184730 0.346070 0.182961 0.344123 0.181025 0.344130 0.175722 0.342183 0.173786 0.342193 0.166721 0.340246 0.164785 0.340251 0.161256 0.338304 0.159319 0.338313 0.154029 0.336367 0.152092 0.336380 0.145043 0.334435 0.143108 0.334442 0.139585 0.332496 0.137649 0.332511 0.130611 0.330567 0.128675 0.330574 0.125159 0.328629 0.123223 0.322779 0.122687 0.322866 0.091098 0.334537 0.092201 0.336482 0.090636 0.344244 0.091371 0.346185 0.089807 0.350060 0.090174 0.351998 0.088613 0.352003 0.083377
0 0.415484 0.089440 0.415513 0.098119 0.417432 0.100036 0.417450 0.105248 0.419370 0.107166 0.419383 0.110643 0.421302 0.112562 0.421321 0.117780 0.423240 0.119697 0.423260 0.124920 0.425181 0.126839 0.425202 0.132065 0.427122 0.133983 0.427150 0.140958 0.429072 0.142876 0.429079 0.144620 0.431001 0.146538 0.436738 0.147056 0.436952 0.192540 0.419670 0.191055 0.417751 0.192648 0.408121 0.191822 0.406197 0.193416 0.406211 0.198698 0.349959 0.193911 0.349964 0.188603 0.346068 0.184730 0.346070 0.182961 0.344123 0.181025 0.344130 0.175722 0.342183 0.173786 0.342191 0.168488 0.340243 0.166551 0.340251 0.161256 0.338304 0.159319 0.338313 0.154029 0.336367 0.152092 0.336377 0.146804 0.334432 0.144869 0.334442 0.139585 0.332496 0.137649 0.332511 0.130611 0.330567 0.128675 0.330574 0.125159 0.328629 0.123223 0.322779 0.122687 0.322861 0.092849 0.328700 0.093399 0.330649 0.091833 0.336479 0.092384 0.338423 0.090820 0.344244 0.091371 0.346185 0.089807 0.350060 0.090174 0.351998 0.088613 0.352003 0.083377
0 0.710376 0.413388 0.711275 0.453898 0.676044 0.451686 0.675234 0.411043
1 0.827827 0.886204 0.833559 0.891855 0.791028 0.903964 0.454703 0.974556 0.426503 0.974222 0.427917 0.820514 0.433863 0.809267
1 0.924779 0.768624 0.923792 0.792004 0.841137 0.835083 0.759962 0.787002 0.899401 0.713905 0.908754 0.723209
1 0.355433 0.822434 0.355421 0.841628 0.258769 0.895718 0.206096 0.741154 0.222722 0.735942 0.327156 0.743273
1 0.941785 0.890419 0.947563 0.899659 0.947205 0.939915 0.944290 0.960086 0.931960 0.972825 0.584796 1.000000 0.568965 1.000000 0.516826 0.998412 0.520689 0.986885
