0 0.634375 0.628125 0.634375 0.634375 0.632812 0.635938 0.631250 0.635938 0.615625 0.651563 0.609375 0.651563 0.609375 0.671875 0.631250 0.671875 0.632812 0.670312 0.634375 0.670312 0.635938 0.671875 0.642188 0.671875 0.643750 0.673438 0.648438 0.673438 0.650000 0.675000 0.654687 0.675000 0.656250 0.676562 0.659375 0.676562 0.660937 0.678125 0.660937 0.682813 0.690625 0.682813 0.690625 0.678125 0.693750 0.675000 0.695312 0.675000 0.696875 0.673438 0.701562 0.673438 0.701562 0.650000 0.695312 0.650000 0.684375 0.639062 0.682813 0.639062 0.678125 0.634375 0.678125 0.628125
0 0.309375 0.634375 0.309375 0.664062 0.315625 0.664062 0.326562 0.675000 0.326562 0.676562 0.332813 0.682813 0.332813 0.689063 0.371875 0.689063 0.371875 0.684375 0.379688 0.676562 0.381250 0.676562 0.385937 0.671875 0.387500 0.671875 0.390625 0.668750 0.392188 0.668750 0.393750 0.667188 0.395313 0.667188 0.396875 0.665625 0.401562 0.665625 0.401562 0.656250 0.395313 0.656250 0.393750 0.654687 0.393750 0.653125 0.392188 0.653125 0.387500 0.648438 0.385937 0.648438 0.384375 0.646875 0.384375 0.645312 0.382812 0.645312 0.381250 0.643750 0.378125 0.643750 0.376563 0.642188 0.373437 0.642188 0.371875 0.640625 0.368750 0.640625 0.367188 0.639062 0.367188 0.634375
0 0.346875 0.446875 0.346875 0.470313 0.353125 0.470313 0.364063 0.481250 0.364063 0.482812 0.365625 0.484375 0.365625 0.489063 0.379688 0.489063 0.379688 0.482812 0.389062 0.473438 0.390625 0.473438 0.395313 0.468750 0.396875 0.468750 0.401562 0.464062 0.401562 0.462500 0.403125 0.460938 0.407813 0.460938 0.407813 0.446875
0 0.959375 0.534375 0.959375 0.539062 0.954688 0.543750 0.954688 0.545312 0.946875 0.553125 0.940625 0.553125 0.940625 0.579688 0.946875 0.579688 0.956250 0.589063 0.956250 0.590625 0.959375 0.593750 0.959375 0.595313 0.967187 0.603125 0.967187 0.607812 0.971875 0.607812 0.971875 0.603125 0.978125 0.596875 0.978125 0.595313 0.993750 0.579688 0.998437 0.579688 0.998437 0.540625 0.996875 0.540625 0.995313 0.539062 0.995313 0.534375
0 0.181250 0.559375 0.181250 0.564063 0.179688 0.565625 0.178125 0.565625 0.176563 0.567187 0.171875 0.567187 0.171875 0.587500 0.178125 0.587500 0.179688 0.589063 0.181250 0.589063 0.184375 0.592187 0.185938 0.592187 0.187500 0.593750 0.189062 0.593750 0.190625 0.595313 0.192188 0.595313 0.193750 0.596875 0.195312 0.596875 0.196875 0.598437 0.201563 0.598437 0.203125 0.600000 0.206250 0.600000 0.207813 0.601562 0.209375 0.601562 0.210938 0.603125 0.212500 0.603125 0.214062 0.604688 0.215625 0.604688 0.217188 0.606250 0.218750 0.606250 0.220312 0.607812 0.221875 0.607812 0.223438 0.609375 0.226562 0.609375 0.228125 0.610938 0.229687 0.609375 0.231250 0.609375 0.232813 0.607812 0.234375 0.607812 0.235937 0.606250 0.237500 0.606250 0.239063 0.604688 0.240625 0.604688 0.242188 0.606250 0.243750 0.606250 0.245312 0.607812 0.245312 0.609375 0.246875 0.610938 0.250000 0.610938 0.251563 0.609375 0.254688 0.609375 0.256250 0.607812 0.259375 0.607812 0.264062 0.603125 0.270313 0.603125 0.270313 0.589063 0.265625 0.589063 0.264062 0.587500 0.264062 0.585938 0.256250 0.578125 0.254688 0.578125 0.253125 0.576562 0.251563 0.576562 0.246875 0.571875 0.245312 0.571875 0.242188 0.568750 0.240625 0.568750 0.239063 0.567187 0.237500 0.567187 0.234375 0.564063 0.234375 0.559375
0 0.782813 0.565625 0.782813 0.571875 0.776563 0.578125 0.776563 0.579688 0.770312 0.585938 0.765625 0.585938 0.765625 0.612500 0.773438 0.612500 0.776563 0.615625 0.776563 0.620313 0.851562 0.620313 0.851562 0.598437 0.846875 0.598437 0.843750 0.595313 0.843750 0.593750 0.826562 0.576562 0.826562 0.575000 0.821875 0.570312 0.821875 0.565625
0 0.542188 0.621875 0.542188 0.626563 0.539062 0.629687 0.537500 0.629687 0.535937 0.631250 0.534375 0.631250 0.531250 0.634375 0.529687 0.634375 0.528125 0.635938 0.523438 0.635938 0.521875 0.637500 0.509375 0.637500 0.509375 0.664062 0.571875 0.664062 0.571875 0.659375 0.575000 0.656250 0.576562 0.656250 0.578125 0.654687 0.581250 0.654687 0.582812 0.653125 0.584375 0.653125 0.585938 0.651563 0.587500 0.651563 0.590625 0.648438 0.595313 0.648438 0.595313 0.621875
0 0.946875 0.303125 0.946875 0.326562 0.951562 0.326562 0.957812 0.332813 0.957812 0.339062 0.965625 0.339062 0.965625 0.334375 0.967187 0.332813 0.967187 0.331250 0.970313 0.328125 0.970313 0.326562 0.971875 0.325000 0.973437 0.325000 0.978125 0.320312 0.982812 0.320312 0.982812 0.303125
0 0.382812 0.328125 0.382812 0.334375 0.376563 0.340625 0.371875 0.340625 0.371875 0.370312 0.392188 0.370312 0.392188 0.365625 0.393750 0.364063 0.398438 0.364063 0.400000 0.362500 0.401562 0.362500 0.403125 0.360938 0.403125 0.359375 0.409375 0.353125 0.414062 0.353125 0.414062 0.350000 0.409375 0.350000 0.407813 0.348438 0.407813 0.346875 0.406250 0.345313 0.406250 0.342187 0.404687 0.340625 0.404687 0.339062 0.400000 0.334375 0.400000 0.328125
0 0.809375 0.478125 0.809375 0.506250 0.817187 0.506250 0.821875 0.501563 0.826562 0.501563 0.829688 0.504687 0.831250 0.504687 0.832812 0.506250 0.837500 0.506250 0.839063 0.507812 0.840625 0.507812 0.842187 0.509375 0.842187 0.514062 0.859375 0.514062 0.859375 0.509375 0.862500 0.506250 0.865625 0.506250 0.867188 0.504687 0.868750 0.504687 0.870313 0.503125 0.871875 0.503125 0.873437 0.501563 0.875000 0.501563 0.878125 0.498437 0.879687 0.498437 0.882812 0.495312 0.884375 0.495312 0.885938 0.493750 0.887500 0.493750 0.889062 0.492188 0.890625 0.492188 0.892188 0.490625 0.893750 0.490625 0.896875 0.487500 0.901563 0.487500 0.901563 0.478125
0 0.309375 0.284375 0.309375 0.351562 0.317188 0.351562 0.318750 0.353125 0.318750 0.357812 0.321875 0.357812 0.321875 0.353125 0.325000 0.350000 0.326562 0.350000 0.329688 0.346875 0.329688 0.345313 0.342187 0.332813 0.342187 0.331250 0.343750 0.329688 0.343750 0.328125 0.345313 0.326562 0.345313 0.321875 0.346875 0.320312 0.351562 0.320312 0.346875 0.320312 0.345313 0.318750 0.345313 0.314063 0.343750 0.312500 0.343750 0.310937 0.335938 0.303125 0.335938 0.301563 0.334375 0.300000 0.332813 0.300000 0.329688 0.296875 0.329688 0.295312 0.328125 0.293750 0.326562 0.293750 0.321875 0.289062 0.321875 0.284375
1 0.603125 0.796875 0.603125 0.801562 0.600000 0.804688 0.596875 0.804688 0.595313 0.806250 0.593750 0.806250 0.592187 0.807813 0.590625 0.807813 0.589063 0.809375 0.585938 0.809375 0.584375 0.810937 0.582812 0.810937 0.579688 0.814063 0.578125 0.814063 0.576562 0.815625 0.575000 0.815625 0.573438 0.817187 0.571875 0.817187 0.568750 0.820312 0.567187 0.820312 0.562500 0.825000 0.560937 0.825000 0.553125 0.832812 0.551562 0.832812 0.543750 0.840625 0.543750 0.842187 0.540625 0.845313 0.534375 0.845313 0.534375 0.879687 0.539062 0.879687 0.540625 0.881250 0.542188 0.881250 0.546875 0.885938 0.548438 0.885938 0.551562 0.889062 0.554688 0.889062 0.556250 0.890625 0.557813 0.890625 0.559375 0.892188 0.562500 0.892188 0.564063 0.893750 0.567187 0.893750 0.568750 0.895312 0.571875 0.895312 0.573438 0.896875 0.576562 0.896875 0.578125 0.898438 0.581250 0.898438 0.582812 0.900000 0.585938 0.900000 0.587500 0.901563 0.589063 0.901563 0.590625 0.903125 0.592187 0.903125 0.593750 0.904687 0.598437 0.904687 0.600000 0.906250 0.628125 0.906250 0.629687 0.904687 0.635938 0.904687 0.637500 0.903125 0.639062 0.903125 0.640625 0.901563 0.643750 0.901563 0.645312 0.900000 0.646875 0.900000 0.648438 0.898438 0.650000 0.898438 0.651563 0.896875 0.654687 0.896875 0.656250 0.895312 0.657813 0.895312 0.659375 0.893750 0.660937 0.893750 0.662500 0.892188 0.664062 0.892188 0.667188 0.889062 0.668750 0.889062 0.673438 0.884375 0.675000 0.884375 0.695312 0.864062 0.695312 0.862500 0.706250 0.851562 0.706250 0.850000 0.709375 0.846875 0.709375 0.832812 0.707812 0.831250 0.707812 0.828125 0.706250 0.826562 0.706250 0.825000 0.693750 0.812500 0.692187 0.812500 0.690625 0.810937 0.689063 0.810937 0.684375 0.806250 0.681250 0.806250 0.679688 0.804688 0.676562 0.804688 0.673438 0.801562 0.673438 0.796875
0 0.278125 0.421875 0.278125 0.445312 0.300000 0.445312 0.300000 0.440625 0.303125 0.437500 0.307812 0.437500 0.307812 0.421875
0 0.815625 0.471875 0.815625 0.504687 0.821875 0.504687 0.823438 0.506250 0.826562 0.506250 0.828125 0.507812 0.829688 0.507812 0.831250 0.509375 0.831250 0.514062 0.860938 0.514062 0.860938 0.509375 0.862500 0.507812 0.864062 0.507812 0.865625 0.506250 0.867188 0.506250 0.868750 0.504687 0.870313 0.504687 0.871875 0.503125 0.873437 0.503125 0.876563 0.500000 0.878125 0.500000 0.879687 0.498437 0.881250 0.498437 0.884375 0.495312 0.885938 0.495312 0.887500 0.493750 0.889062 0.493750 0.890625 0.492188 0.893750 0.492188 0.895312 0.490625 0.901563 0.490625 0.901563 0.471875
0 0.034375 0.715625 0.034375 0.726562 0.040625 0.726562 0.042188 0.728125 0.046875 0.728125 0.050000 0.725000 0.050000 0.723437 0.051562 0.721875 0.051562 0.715625
0 0.568750 0.521875 0.568750 0.526563 0.565625 0.529687 0.564063 0.529687 0.562500 0.531250 0.560937 0.531250 0.557813 0.534375 0.556250 0.534375 0.554688 0.535937 0.551562 0.535937 0.550000 0.537500 0.548438 0.537500 0.546875 0.539062 0.545312 0.539062 0.543750 0.540625 0.539062 0.540625 0.537500 0.542188 0.531250 0.542188 0.529687 0.543750 0.523438 0.543750 0.521875 0.545312 0.515625 0.545312 0.515625 0.560937 0.526563 0.560937 0.528125 0.562500 0.535937 0.562500 0.537500 0.564063 0.542188 0.564063 0.543750 0.565625 0.546875 0.565625 0.548438 0.567187 0.551562 0.567187 0.553125 0.568750 0.556250 0.568750 0.557813 0.570312 0.565625 0.570312 0.567187 0.568750 0.571875 0.568750 0.575000 0.565625 0.575000 0.564063 0.584375 0.554688 0.585938 0.554688 0.590625 0.550000 0.592187 0.550000 0.596875 0.545312 0.601562 0.545312 0.601562 0.532813 0.596875 0.532813 0.595313 0.531250 0.595313 0.521875
0 0.568750 0.521875 0.568750 0.526563 0.565625 0.529687 0.564063 0.529687 0.562500 0.531250 0.560937 0.531250 0.559375 0.532813 0.557813 0.532813 0.554688 0.535937 0.553125 0.535937 0.551562 0.537500 0.550000 0.537500 0.548438 0.539062 0.546875 0.539062 0.545312 0.540625 0.542188 0.540625 0.540625 0.542188 0.537500 0.542188 0.535937 0.543750 0.532813 0.543750 0.531250 0.545312 0.523438 0.545312 0.521875 0.546875 0.515625 0.546875 0.515625 0.559375 0.523438 0.559375 0.525000 0.560937 0.534375 0.560937 0.535937 0.562500 0.539062 0.562500 0.540625 0.564063 0.542188 0.564063 0.543750 0.565625 0.546875 0.565625 0.548438 0.567187 0.550000 0.567187 0.551562 0.568750 0.553125 0.568750 0.554688 0.570312 0.556250 0.570312 0.557813 0.571875 0.557813 0.576562 0.567187 0.576562 0.567187 0.571875 0.568750 0.570312 0.570312 0.570312 0.576562 0.564063 0.576562 0.562500 0.584375 0.554688 0.585938 0.554688 0.595313 0.545312 0.601562 0.545312 0.601562 0.521875
1 0.917969 0.553386 0.955730 0.589844 0.976562 0.615886 0.981770 0.664062 0.977864 0.691406 0.871094 0.671875 0.914062 0.562500
1 0.657552 0.787761 0.747395 0.753906 0.747395 0.833333
1 0.640625 0.457031 0.736980 0.549480 0.585938 0.588542
1 0.197917 0.462239 0.506511 0.562500 0.453125 0.598958 0.191406 0.524739
1 0.097656 0.238281 0.359375 0.173177 0.329427 0.381511
1 0.355469 0.236980 0.591145 0.320312 0.502605 0.373698 0.479167 0.347656 0.421875 0.414062 0.445312 0.423177 0.397136 0.442708
1 0.424480 0.414062 0.476562 0.350261 0.498698 0.371094 0.500000 0.404948
0 0.136097 0.775983 0.125570 0.778238 0.123316 0.787261 0.124067 0.788013 0.135345 0.790269 0.139858 0.785758 0.139858 0.781997
0 0.126323 0.691767 0.138353 0.692519 0.152641 0.695527 0.166175 0.696278 0.170686 0.694023 0.175950 0.699286 0.175950 0.704550 0.173694 0.708309 0.160159 0.710566 0.141361 0.709061 0.127827 0.707558 0.116548 0.705302 0.119555 0.697031
0 0.143617 0.732370 0.135345 0.732370 0.126323 0.733875 0.124067 0.742145 0.125570 0.745905 0.133091 0.751169 0.145120 0.751920 0.157903 0.746658 0.158655 0.745153 0.154144 0.733875 0.147377 0.733875
0 0.507547 0.200011 0.512058 0.201514 0.524089 0.198508 0.539127 0.190988 0.538375 0.184220 0.530856 0.178205 0.520330 0.177453 0.507547 0.179709 0.502283 0.182717 0.502283 0.188733 0.505291 0.194747
0 0.387239 0.175950 0.388744 0.176702 0.394006 0.177453 0.407541 0.176702 0.413556 0.170686 0.415813 0.163919 0.413556 0.157903 0.403030 0.155647 0.394758 0.155647 0.386487 0.165422 0.384231 0.170686 0.384231 0.174445
0 0.510555 0.696278 0.653419 0.612064 0.659434 0.613567 0.660186 0.618831 0.645148 0.628606 0.536872 0.701542 0.518825 0.706053 0.509802 0.699286
0 0.595522 0.520330 0.681992 0.301520 0.689511 0.297761 0.694775 0.297761 0.700791 0.301520 0.613567 0.519577 0.609056 0.524841 0.600033 0.525592
0 0.079703 0.783502 0.135345 0.791020 0.188733 0.837639 0.115044 0.823353 0.081208 0.808314
0 0.112787 0.824105 0.171437 0.837639 0.217305 0.880498 0.193244 0.878244 0.148128 0.862453 0.112036 0.845911
0 0.918095 0.683495 0.921855 0.718084 0.924863 0.731619 0.938397 0.725603 0.952683 0.713573 0.962458 0.693270
1 0.419572 0.438370 0.415061 0.454159 0.407541 0.481981 0.407541 0.496267 0.418820 0.517322 0.440625 0.533112 0.475214 0.551158 0.512809 0.555669 0.545894 0.546647 0.584994 0.521081 0.600033 0.494764 0.599281 0.446641 0.574467 0.411300 0.515817 0.390247 0.501531 0.392503 0.497772 0.408292 0.465439 0.412805 0.444384 0.417316 0.424083 0.431603 0.420323 0.437617
1 0.275955 0.423331 0.349644 0.401525 0.412053 0.458672 0.357914 0.510555
0 0.279714 0.233847 0.280467 0.233847 0.294002 0.235352 0.297761 0.234600 0.296256 0.227831 0.280467 0.224825 0.278963 0.230088
0 0.484989 0.322573 0.481230 0.324078 0.481230 0.329341 0.486492 0.330845 0.491005 0.330845 0.495516 0.327838 0.491005 0.324078
