0 0.551961 0.333693 0.552025 0.340108 0.553439 0.341704 0.554838 0.341695 0.560496 0.348074 0.566088 0.348040 0.566444 0.383324 0.562250 0.383350 0.558103 0.388187 0.558119 0.389790 0.556738 0.391403 0.556754 0.393006 0.553989 0.396231 0.554005 0.397835 0.552623 0.399448 0.552640 0.401052 0.551257 0.402665 0.551289 0.405872 0.548525 0.409096 0.548541 0.410701 0.547160 0.412312 0.547176 0.413917 0.545794 0.415530 0.545811 0.417133 0.540281 0.423583 0.538883 0.423592 0.529209 0.434879 0.527811 0.434888 0.522282 0.441337 0.519486 0.441354 0.518104 0.442967 0.518153 0.447779 0.505568 0.447857 0.505520 0.443046 0.502691 0.439855 0.501293 0.439864 0.499878 0.438270 0.498479 0.438278 0.492822 0.431898 0.491424 0.431907 0.484352 0.423931 0.482954 0.423940 0.481539 0.422344 0.481523 0.420741 0.471622 0.409575 0.467427 0.409601 0.467120 0.379129 0.471315 0.379103 0.474079 0.375878 0.474063 0.374275 0.479591 0.367825 0.479575 0.366221 0.489250 0.354934 0.489234 0.353330 0.494761 0.346880 0.496160 0.346871 0.498924 0.343646 0.500323 0.343638 0.504469 0.338801 0.504420 0.333989
0 0.498787 0.468750 0.498835 0.473560 0.507323 0.483132 0.508720 0.483123 0.511549 0.486312 0.517142 0.486278 0.517466 0.518353 0.496491 0.518484 0.496427 0.512069 0.493598 0.508878 0.493582 0.507275 0.483681 0.496110 0.482283 0.496119 0.472382 0.484953 0.468187 0.484979 0.468025 0.468941
0 0.639921 0.320315 0.639986 0.326730 0.642815 0.329920 0.644212 0.329912 0.656943 0.344267 0.661137 0.344241 0.661493 0.379524 0.657298 0.379550 0.655916 0.381163 0.654517 0.381172 0.651753 0.384397 0.651785 0.387604 0.650404 0.389216 0.650501 0.398840 0.649118 0.400452 0.649134 0.402056 0.646371 0.405281 0.646387 0.406884 0.642241 0.411721 0.642257 0.413325 0.639493 0.416550 0.639509 0.418155 0.633980 0.424603 0.632582 0.424612 0.625672 0.432675 0.624273 0.432684 0.618746 0.439134 0.615949 0.439151 0.614567 0.440763 0.613169 0.440772 0.611786 0.442385 0.608990 0.442402 0.607607 0.444014 0.603413 0.444040 0.602031 0.445653 0.596438 0.445688 0.595056 0.447301 0.585269 0.447362 0.583854 0.445766 0.578261 0.445801 0.576846 0.444205 0.574050 0.444223 0.572635 0.442628 0.569839 0.442646 0.568424 0.441050 0.567026 0.441059 0.564197 0.437870 0.562800 0.437878 0.552898 0.426712 0.552882 0.425108 0.551467 0.423513 0.545875 0.423548 0.545778 0.413925 0.549973 0.413899 0.551354 0.412286 0.551338 0.410683 0.552720 0.409070 0.552704 0.407467 0.555468 0.404242 0.555452 0.402639 0.556835 0.401026 0.556819 0.399422 0.558200 0.397809 0.558184 0.396205 0.559567 0.394593 0.559534 0.391386 0.562298 0.388161 0.562266 0.384953 0.565029 0.381728 0.565013 0.380124 0.566396 0.378512 0.566363 0.375304 0.567745 0.373692 0.567729 0.372088 0.569111 0.370476 0.569079 0.367269 0.570462 0.365656 0.570413 0.360844 0.571795 0.359232 0.571762 0.356024 0.573145 0.354412 0.573129 0.352808 0.577275 0.347970 0.577258 0.346367 0.589697 0.331854 0.591095 0.331845 0.596624 0.325395 0.596575 0.320585
0 0.305142 0.540525 0.305385 0.564582 0.301191 0.564608 0.292898 0.574282 0.292914 0.575886 0.286003 0.583948 0.286020 0.585552 0.281873 0.590389 0.281889 0.591993 0.274979 0.600056 0.274995 0.601659 0.270849 0.606496 0.270865 0.608101 0.265337 0.614551 0.265354 0.616154 0.262589 0.619380 0.262605 0.620983 0.257077 0.627433 0.257093 0.629036 0.248800 0.638711 0.247402 0.638720 0.246021 0.640333 0.240427 0.640368 0.239045 0.641981 0.237631 0.640385 0.232038 0.640420 0.230623 0.638824 0.227827 0.638842 0.224998 0.635652 0.223600 0.635661 0.222185 0.634066 0.220787 0.634074 0.219373 0.632480 0.217975 0.632488 0.216560 0.630893 0.215161 0.630901 0.213747 0.629306 0.212349 0.629315 0.210935 0.627720 0.209537 0.627729 0.206707 0.624539 0.205309 0.624547 0.203895 0.622952 0.202497 0.622960 0.199668 0.619771 0.198269 0.619780 0.196855 0.618184 0.195457 0.618193 0.194043 0.616597 0.189848 0.616624 0.189767 0.608605 0.193962 0.608579 0.196726 0.605354 0.198124 0.605345 0.199506 0.603733 0.200905 0.603725 0.203669 0.600500 0.205067 0.600491 0.207831 0.597265 0.209230 0.597256 0.211993 0.594032 0.213392 0.594024 0.216156 0.590798 0.217555 0.590789 0.221700 0.585952 0.223099 0.585944 0.227245 0.581106 0.228643 0.581097 0.231408 0.577873 0.232805 0.577864 0.235570 0.574638 0.236968 0.574630 0.242496 0.568181 0.243894 0.568172 0.249423 0.561722 0.250821 0.561713 0.254967 0.556876 0.256366 0.556867 0.260512 0.552029 0.261909 0.552020 0.267438 0.545571 0.267389 0.540759
0 0.184197 0.194839 0.185281 0.302293 0.181085 0.302319 0.179704 0.303931 0.179752 0.308743 0.132212 0.309039 0.132163 0.304227 0.130749 0.302632 0.129351 0.302641 0.127936 0.301045 0.125139 0.301063 0.123725 0.299467 0.119530 0.299493 0.119401 0.286664 0.124994 0.286629 0.130523 0.280179 0.130507 0.278575 0.140181 0.267287 0.140165 0.265684 0.142929 0.262459 0.142913 0.260856 0.147059 0.256018 0.147042 0.254414 0.148425 0.252801 0.148393 0.249594 0.149775 0.247982 0.149743 0.244774 0.151124 0.243161 0.151092 0.239954 0.152474 0.238342 0.152425 0.233530 0.153808 0.231917 0.153743 0.225502 0.155125 0.223890 0.155044 0.215872 0.156426 0.214259 0.156378 0.209447 0.157760 0.207835 0.157728 0.204627 0.160491 0.201402 0.160427 0.194987
0 0.355221 0.514551 0.355495 0.541815 0.349902 0.541850 0.348521 0.543463 0.347122 0.543471 0.345740 0.545084 0.337350 0.545136 0.335936 0.543541 0.333140 0.543558 0.331725 0.541963 0.330327 0.541971 0.327498 0.538781 0.326099 0.538790 0.323271 0.535601 0.321873 0.535609 0.320459 0.534014 0.319060 0.534023 0.317645 0.532428 0.312053 0.532463 0.311875 0.514821
0 0.274590 0.284094 0.274833 0.308151 0.270639 0.308178 0.269256 0.309790 0.267857 0.309798 0.262330 0.316248 0.262379 0.321060 0.241404 0.321190 0.241356 0.316379 0.235698 0.309998 0.231503 0.310024 0.231244 0.284364
0 0.253383 0.399705 0.253625 0.423762 0.224262 0.423944 0.222848 0.422350 0.220051 0.422367 0.214393 0.415987 0.210198 0.416013 0.210037 0.399975
0 0.466045 0.411214 0.466353 0.441685 0.442582 0.441833 0.442533 0.437022 0.441119 0.435427 0.441103 0.433823 0.438274 0.430633 0.434080 0.430659 0.433886 0.411414
0 0.440215 0.623086 0.440522 0.653557 0.413956 0.653723 0.413907 0.648912 0.412492 0.647316 0.411094 0.647325 0.408265 0.644135 0.402672 0.644170 0.402462 0.623321
0 0.541277 0.660951 0.541648 0.697838 0.517879 0.697986 0.517814 0.691570 0.513570 0.686785 0.509376 0.686811 0.509182 0.667566 0.513376 0.667540 0.514758 0.665928 0.514709 0.661116
0 0.346428 0.751980 0.346573 0.766413 0.340980 0.766448 0.331306 0.777736 0.331354 0.782547 0.314576 0.782651 0.314268 0.752180
0 0.551169 0.532579 0.551347 0.550220 0.545754 0.550255 0.542990 0.553480 0.541591 0.553488 0.538827 0.556713 0.537429 0.556722 0.536047 0.558335 0.536096 0.563147 0.523511 0.563225 0.523463 0.558413 0.520634 0.555223 0.520618 0.553619 0.517789 0.550429 0.513594 0.550455 0.513416 0.532814
0 0.270744 0.457337 0.271035 0.486205 0.265442 0.486240 0.264060 0.487852 0.262661 0.487860 0.261279 0.489473 0.261327 0.494284 0.252938 0.494336 0.252889 0.489526 0.251475 0.487930 0.248679 0.487947 0.247264 0.486353 0.243070 0.486379 0.241655 0.484784 0.238858 0.484802 0.237444 0.483206 0.234648 0.483224 0.233233 0.481629 0.230438 0.481646 0.229023 0.480051 0.226226 0.480068 0.224811 0.478473 0.222016 0.478490 0.214943 0.470515 0.210748 0.470541 0.210619 0.457711
0 0.504325 0.879308 0.504567 0.903364 0.480797 0.903512 0.480749 0.898701 0.477920 0.895511 0.472326 0.895546 0.472165 0.879508
0 0.305724 0.598261 0.305870 0.612694 0.301676 0.612720 0.300293 0.614333 0.298894 0.614342 0.296130 0.617567 0.294732 0.617576 0.291968 0.620800 0.290570 0.620809 0.287806 0.624034 0.286408 0.624043 0.283644 0.627268 0.276652 0.627311 0.275238 0.625717 0.268246 0.625760 0.268165 0.617741 0.272361 0.617715 0.275125 0.614490 0.275109 0.612885 0.282019 0.604824 0.281954 0.598408
0 0.627047 0.846467 0.627354 0.876938 0.604982 0.877077 0.604934 0.872266 0.599276 0.865886 0.595082 0.865912 0.594888 0.846667
0 0.603899 0.769625 0.604109 0.790474 0.597117 0.790518 0.595736 0.792130 0.592939 0.792147 0.591558 0.793760 0.590159 0.793769 0.588777 0.795381 0.588826 0.800193 0.580435 0.800245 0.580387 0.795433 0.577559 0.792243 0.571965 0.792278 0.571739 0.769825
0 0.613533 0.615593 0.613710 0.633235 0.595533 0.633348 0.595452 0.625328 0.591209 0.620543 0.587015 0.620569 0.586966 0.615758
0 0.574899 0.667157 0.575077 0.684798 0.554103 0.684928 0.553925 0.667287
0 0.585309 0.590106 0.585454 0.604540 0.579862 0.604574 0.578479 0.606187 0.577081 0.606196 0.574317 0.609421 0.572919 0.609430 0.571537 0.611042 0.570138 0.611050 0.568756 0.612663 0.564562 0.612689 0.563180 0.614301 0.553391 0.614362 0.552010 0.615975 0.543620 0.616027 0.542238 0.617640 0.529654 0.617719 0.528239 0.616123 0.526841 0.616132 0.525426 0.614536 0.522630 0.614554 0.521216 0.612959 0.515623 0.612994 0.514208 0.611398 0.512810 0.611407 0.511396 0.609812 0.509998 0.609821 0.509982 0.608218 0.507153 0.605027 0.502958 0.605053 0.502910 0.600242 0.507104 0.600216 0.508487 0.598604 0.508471 0.597000 0.509852 0.595387 0.509804 0.590576
0 0.281058 0.925605 0.281301 0.949661 0.274309 0.949705 0.274260 0.944894 0.272846 0.943298 0.265855 0.943342 0.265677 0.925701
0 0.438792 0.481954 0.439099 0.512426 0.411134 0.512600 0.411069 0.506184 0.409655 0.504589 0.408257 0.504598 0.402599 0.498218 0.401200 0.498226 0.398373 0.495036 0.398356 0.493432 0.396942 0.491837 0.396925 0.490233 0.395511 0.488638 0.395447 0.482223
1 0.279493 0.654827 0.356666 0.681077 0.287656 0.771058 0.275453 0.716334
1 0.253845 0.653649 0.088144 0.630622 0.272536 0.773824 0.257328 0.652292
1 0.117792 0.566282 0.000000 0.527012 0.000000 0.577799 0.039219 0.632264 0.092832 0.633267
1 0.092859 0.635940 0.152809 0.687692 0.009126 0.652499 0.000000 0.644624 0.000000 0.612543 0.012122 0.603027 0.036861 0.629604
0 0.767634 0.412546 0.739736 0.419402 0.715388 0.431583 0.706201 0.445005 0.700576 0.465088 0.701958 0.486464 0.707877 0.495785 0.725490 0.509040 0.759309 0.511504 0.789577 0.508642 0.817245 0.479066 0.822707 0.442944 0.807344 0.421654 0.780477 0.415140
0 0.683872 0.195207 0.782996 0.202609 0.783050 0.207955 0.757441 0.210788 0.703843 0.211122 0.683993 0.207236
0 0.784228 0.209284 0.797949 0.298749 0.787461 0.298814 0.780498 0.301531 0.771666 0.234757 0.769094 0.210716 0.774892 0.208006
0 0.783980 0.300172 0.873686 0.298278 0.876151 0.311628 0.808557 0.310712 0.787596 0.312179
0 0.779507 0.318913 0.802811 0.318768 0.773458 0.412509 0.759489 0.413933 0.776186 0.336308
0 0.700441 0.451724 0.674794 0.450546 0.671379 0.458587 0.671459 0.466606 0.697108 0.467784 0.700603 0.467762
0 0.721954 0.505053 0.626563 0.636629 0.633622 0.643268 0.733661 0.510326
0 0.879426 0.636393 0.843804 0.686067 0.854385 0.695358 0.877364 0.663137
0 0.840214 0.676733 0.632429 0.640603 0.629041 0.651315 0.840308 0.686089
0 0.631264 0.640611 0.544864 0.623772 0.541435 0.630476 0.630221 0.652645
0 0.790701 0.788104 0.714975 0.793458 0.716836 0.809072 0.797689 0.805639
0 0.321531 0.195288 0.307988 0.203185 0.308096 0.213926 0.319213 0.218740 0.315006 0.223649 0.304827 0.227620 0.301413 0.226664 0.301335 0.218851 0.288504 0.213072 0.274971 0.221945 0.270870 0.237597 0.276087 0.248307 0.295886 0.269670 0.306162 0.275464 0.325715 0.272413 0.340833 0.251810 0.347586 0.245909 0.355317 0.252697 0.362040 0.243866 0.365436 0.242867 0.367971 0.240898 0.356685 0.219483 0.334390 0.203997
0 0.365416 0.240914 0.355278 0.248792 0.351128 0.259561 0.352871 0.263454 0.358851 0.265371 0.375038 0.266247 0.390372 0.267128 0.381760 0.257416 0.365455 0.244822 0.363742 0.243855
0 0.343486 0.261559 0.334981 0.262590 0.330002 0.275316 0.330902 0.280194 0.343683 0.281092 0.353048 0.281034 0.360730 0.282937 0.359780 0.273177 0.351187 0.265418
0 0.282000 0.919204 0.273426 0.913397 0.269248 0.921237 0.271882 0.929033 0.281266 0.930929 0.283771 0.926029 0.283722 0.921147
