0 0.232335 0.276565 0.232867 0.281339 0.235889 0.284167 0.239888 0.283632 0.241483 0.297956 0.236150 0.298670 0.234994 0.300441 0.235703 0.306806 0.201038 0.311444 0.198379 0.287569 0.202379 0.287034 0.203535 0.285263 0.203003 0.280489
0 0.577005 0.333841 0.577537 0.338616 0.580557 0.341443 0.581891 0.341265 0.584912 0.344090 0.586245 0.343912 0.590777 0.348152 0.592111 0.347974 0.593621 0.349388 0.598954 0.348674 0.600549 0.362999 0.596550 0.363534 0.594238 0.367074 0.592904 0.367252 0.591748 0.369023 0.590415 0.369201 0.588102 0.372741 0.586769 0.372920 0.583301 0.378229 0.583833 0.383005 0.566500 0.385324 0.565968 0.380548 0.561436 0.376309 0.560103 0.376487 0.554061 0.370834 0.548727 0.371547 0.546423 0.350855 0.551757 0.350142 0.557537 0.341292 0.557005 0.336516
0 0.289520 0.449838 0.290052 0.454613 0.293072 0.457439 0.297073 0.456904 0.300086 0.483963 0.294753 0.484676 0.293597 0.486447 0.294306 0.492813 0.263640 0.496915 0.263108 0.492141 0.254045 0.483661 0.253868 0.482069 0.250846 0.479242 0.246847 0.479777 0.245783 0.470228 0.249783 0.469693 0.254407 0.462612 0.255741 0.462433 0.258053 0.458894 0.257521 0.454119
0 0.690643 0.467254 0.691174 0.472029 0.694196 0.474856 0.695528 0.474678 0.701571 0.480331 0.705571 0.479796 0.707875 0.500487 0.702542 0.501201 0.700230 0.504741 0.700762 0.509515 0.671429 0.513439 0.670897 0.508665 0.666366 0.504424 0.661033 0.505138 0.658729 0.484447 0.664062 0.483733 0.665217 0.481963 0.665040 0.480372 0.668508 0.475061 0.667976 0.470286
0 0.103112 0.513544 0.104885 0.529461 0.099551 0.530174 0.097239 0.533714 0.095906 0.533893 0.093593 0.537433 0.092261 0.537611 0.091105 0.539382 0.089771 0.539560 0.087459 0.543099 0.086125 0.543278 0.084970 0.545048 0.083637 0.545226 0.082480 0.546997 0.083189 0.553363 0.065857 0.555681 0.062844 0.528623 0.066843 0.528088 0.068000 0.526319 0.069333 0.526141 0.070488 0.524370 0.069779 0.518003
0 0.311107 0.485719 0.311639 0.490494 0.313150 0.491908 0.317149 0.491373 0.320517 0.521614 0.315184 0.522327 0.314027 0.524098 0.312694 0.524276 0.311539 0.526047 0.310205 0.526225 0.309049 0.527995 0.306383 0.528351 0.305226 0.530121 0.302560 0.530478 0.301403 0.532248 0.301935 0.537023 0.292602 0.538271 0.292071 0.533497 0.290560 0.532083 0.289227 0.532261 0.286206 0.529436 0.284873 0.529614 0.283362 0.528200 0.282028 0.528379 0.279008 0.525552 0.273674 0.526266 0.270483 0.497615 0.277150 0.496724 0.278306 0.494953 0.277774 0.490179
0 0.852257 0.387480 0.855625 0.417721 0.828959 0.421289 0.828427 0.416514 0.825406 0.413688 0.825229 0.412095 0.823719 0.410683 0.818386 0.411396 0.817145 0.400255 0.821144 0.399720 0.822301 0.397949 0.821592 0.391582
0 0.276579 0.613108 0.279947 0.643350 0.259947 0.646025 0.256579 0.615783
0 0.581620 0.630454 0.584278 0.654329 0.558946 0.657718 0.556287 0.633843
0 0.418141 0.426170 0.418673 0.430945 0.420183 0.432358 0.424183 0.431823 0.425424 0.442964 0.420091 0.443678 0.418935 0.445448 0.419113 0.447041 0.416800 0.450580 0.416978 0.452172 0.413509 0.457481 0.414218 0.463849 0.380886 0.468308 0.378404 0.446024 0.383738 0.445310 0.384893 0.443541 0.384716 0.441950 0.389340 0.434869 0.388808 0.430094
0 0.527672 0.340440 0.530331 0.364315 0.510332 0.366990 0.507673 0.343116
0 0.197321 0.533249 0.199094 0.549166 0.176427 0.552198 0.174116 0.555738 0.174648 0.560513 0.153315 0.563367 0.150656 0.539492
0 0.817083 0.314647 0.819210 0.333747 0.812544 0.334639 0.810232 0.338179 0.808898 0.338357 0.806586 0.341898 0.807118 0.346672 0.797785 0.347921 0.797253 0.343146 0.794232 0.340320 0.788899 0.341033 0.786418 0.318749
0 0.222877 0.665523 0.225536 0.689398 0.205536 0.692074 0.202877 0.668198
0 0.326027 0.522493 0.327800 0.538409 0.322467 0.539123 0.321311 0.540893 0.322020 0.547260 0.299354 0.550292 0.298467 0.542333 0.295446 0.539507 0.291447 0.540042 0.291269 0.538450 0.295269 0.537915 0.297581 0.534376 0.300248 0.534019 0.301403 0.532248 0.302737 0.532070 0.303893 0.530299 0.303361 0.525525
0 0.643554 0.408938 0.645503 0.426446 0.625504 0.429122 0.623554 0.411614
0 0.122594 0.737092 0.125253 0.760967 0.105253 0.763643 0.103658 0.749317 0.107658 0.748782 0.109970 0.745242 0.109261 0.738876
0 0.912140 0.463469 0.914799 0.487344 0.897465 0.489663 0.895870 0.475338 0.901203 0.474625 0.903516 0.471084 0.902807 0.464718
0 0.559609 0.530014 0.561204 0.544339 0.557205 0.544874 0.556048 0.546644 0.554715 0.546823 0.552403 0.550363 0.552934 0.555137 0.540935 0.556743 0.540403 0.551968 0.534361 0.546315 0.530362 0.546850 0.530007 0.543667 0.534007 0.543131 0.536319 0.539591 0.535610 0.533225
0 0.927738 0.603537 0.930397 0.627412 0.923731 0.628304 0.921072 0.604428
0 0.245690 0.481547 0.248349 0.505422 0.228350 0.508098 0.225691 0.484223
0 0.193406 0.546696 0.195356 0.564205 0.190023 0.564918 0.188867 0.566688 0.189399 0.571462 0.170732 0.573959 0.168073 0.550085
0 0.732831 0.287149 0.734781 0.304657 0.714781 0.307332 0.712831 0.289824
0 0.100245 0.585005 0.103081 0.610472 0.099081 0.611007 0.095613 0.616316 0.095790 0.617908 0.090009 0.626759 0.088676 0.626937 0.087521 0.628707 0.086187 0.628885 0.083875 0.632425 0.084407 0.637201 0.067074 0.639520 0.061579 0.590177
0 0.662368 0.225498 0.662899 0.230274 0.665920 0.233101 0.667253 0.232922 0.668763 0.234335 0.672764 0.233800 0.674359 0.248124 0.638360 0.252940 0.636942 0.240207 0.640942 0.239672 0.643254 0.236133 0.643077 0.234540 0.644233 0.232771 0.643701 0.227995
0 0.426681 0.405643 0.428630 0.423152 0.413964 0.425114 0.412015 0.407605
0 0.116614 0.537584 0.119982 0.567826 0.114649 0.568540 0.110025 0.575620 0.108692 0.575798 0.105223 0.581108 0.101224 0.581643 0.100067 0.583413 0.098734 0.583591 0.097578 0.585361 0.098110 0.590136 0.062111 0.594952 0.059452 0.571077 0.060785 0.570899 0.061941 0.569128 0.063275 0.568950 0.064430 0.567180 0.065764 0.567002 0.066920 0.565232 0.068253 0.565054 0.072878 0.557974 0.074210 0.557796 0.076523 0.554255 0.077856 0.554076 0.079013 0.552307 0.080346 0.552128 0.081501 0.550358 0.082835 0.550179 0.085147 0.546640 0.084615 0.541865
0 0.772228 0.495109 0.774178 0.512618 0.748846 0.516007 0.746896 0.498498
0 0.246337 0.681769 0.248287 0.699277 0.233620 0.701239 0.231670 0.683731
0 0.534361 0.546315 0.537020 0.570189 0.517020 0.572865 0.514361 0.548990
0 0.830987 0.196479 0.833646 0.220355 0.822980 0.221782 0.822271 0.215414 0.819250 0.212589 0.819072 0.210996 0.817561 0.209584 0.817384 0.207992 0.815874 0.206579 0.811874 0.207114 0.810988 0.199155
1 0.887215 0.579881 0.889611 0.589252 0.883832 0.598102 0.859740 0.612633 0.821251 0.619398 0.789699 0.615541 0.750687 0.593298 0.735850 0.569437 0.729640 0.537960 0.737115 0.507884 0.749832 0.488413 0.760498 0.486986 0.837190 0.531650 0.868379 0.556554
1 0.466871 0.632882 0.468821 0.650391 0.459572 0.664550 0.395574 0.673112 0.415944 0.625157 0.425547 0.614180 0.451411 0.615565
1 0.615685 0.559666 0.616394 0.566034 0.603322 0.582320 0.562784 0.607128 0.515764 0.610187 0.469730 0.585654 0.478355 0.578038
1 0.661041 0.480907 0.662104 0.490457 0.640848 0.530455 0.614621 0.550117 0.586175 0.561999 0.553821 0.563096 0.534092 0.556043 0.535518 0.544545
1 0.902815 0.440485 0.905389 0.451449 0.899161 0.468436 0.880226 0.480662 0.865382 0.481032 0.880063 0.430607 0.889220 0.427766
1 0.880889 0.352957 0.900441 0.358419 0.906999 0.417310 0.837044 0.433130 0.812436 0.394423 0.765601 0.374842 0.753154 0.384584 0.744006 0.363192 0.754588 0.348854 0.779566 0.342281
0 0.838755 0.363440 0.838839 0.376352 0.827641 0.373004 0.828089 0.364867
0 0.756207 0.290483 0.752823 0.308705 0.740292 0.305535 0.741717 0.294037
0 0.691253 0.229712 0.691338 0.242623 0.681025 0.247233 0.678274 0.234678
0 0.641651 0.246039 0.641735 0.258950 0.619871 0.257029 0.620318 0.248893
0 0.531895 0.475568 0.535803 0.486353 0.522824 0.491319 0.521938 0.483361
0 0.155944 0.404707 0.159674 0.413900 0.154872 0.419389 0.144029 0.419224 0.138965 0.410210 0.139767 0.405256
0 0.181207 0.339944 0.184937 0.349136 0.180136 0.354625 0.167072 0.346680 0.167697 0.340135
