0 0.689503 0.429746 0.689469 0.433855 0.696467 0.439463 0.698228 0.439496 0.701726 0.442301 0.703486 0.442333 0.706985 0.445136 0.708745 0.445168 0.715743 0.450777 0.717503 0.450809 0.719253 0.452211 0.724534 0.452307 0.724422 0.466007 0.715620 0.465846 0.713848 0.467184 0.710327 0.467120 0.706784 0.469796 0.705024 0.469764 0.701481 0.472439 0.699720 0.472407 0.697949 0.473745 0.696188 0.473713 0.694415 0.475051 0.692656 0.475019 0.690883 0.476357 0.689123 0.476325 0.687351 0.477663 0.685591 0.477631 0.683820 0.478968 0.680299 0.478904 0.676755 0.481580 0.674995 0.481548 0.673223 0.482886 0.669703 0.482822 0.667931 0.484159 0.664410 0.484095 0.662639 0.485432 0.627429 0.484791 0.625657 0.486129 0.618615 0.486000 0.616865 0.484598 0.615105 0.484566 0.611606 0.481763 0.609846 0.481731 0.606347 0.478926 0.606358 0.477556 0.601110 0.473350 0.601121 0.471980 0.599373 0.470577 0.599395 0.467838 0.597645 0.466436 0.592364 0.466340 0.592386 0.463600 0.597667 0.463696 0.599440 0.462359 0.599495 0.455508 0.601266 0.454171 0.601289 0.451430 0.603060 0.450093 0.603071 0.448723 0.606614 0.446047 0.606625 0.444677 0.610170 0.442001 0.610181 0.440632 0.620810 0.432604 0.620843 0.428494
0 0.550582 0.191545 0.550337 0.221684 0.545055 0.221588 0.532654 0.230952 0.532643 0.232323 0.518470 0.243026 0.516710 0.242994 0.513165 0.245669 0.511405 0.245637 0.509633 0.246975 0.507873 0.246943 0.506102 0.248281 0.502580 0.248217 0.500809 0.249555 0.495528 0.249459 0.493756 0.250796 0.490235 0.250732 0.488464 0.252070 0.484942 0.252006 0.483171 0.253343 0.479650 0.253279 0.472563 0.258631 0.470803 0.258599 0.469031 0.259937 0.467270 0.259905 0.465499 0.261242 0.463739 0.261210 0.461967 0.262548 0.460207 0.262516 0.458435 0.263854 0.444351 0.263597 0.442601 0.262195 0.440841 0.262163 0.435593 0.257957 0.435605 0.256586 0.432105 0.253782 0.432116 0.252413 0.426869 0.248207 0.426880 0.246837 0.423381 0.244032 0.418100 0.243936 0.418435 0.202837 0.425477 0.202966 0.427248 0.201628 0.427259 0.200258 0.429020 0.200290 0.432562 0.197614 0.434323 0.197646 0.439638 0.193633 0.439671 0.189523
0 0.345316 0.533085 0.345283 0.537194 0.348780 0.539999 0.350541 0.540031 0.352291 0.541433 0.354051 0.541465 0.357550 0.544269 0.357539 0.545639 0.359288 0.547041 0.359276 0.548411 0.361026 0.549813 0.361015 0.551183 0.362765 0.552585 0.362743 0.555325 0.364492 0.556727 0.364458 0.560837 0.366207 0.562239 0.366129 0.571829 0.367879 0.573231 0.367845 0.577341 0.369594 0.578743 0.369561 0.582853 0.371310 0.584254 0.371299 0.585625 0.373049 0.587027 0.378330 0.587123 0.377973 0.630961 0.335721 0.630191 0.335755 0.626082 0.334005 0.624679 0.332245 0.624647 0.330495 0.623245 0.328735 0.623213 0.326987 0.621812 0.325225 0.621780 0.314730 0.613367 0.314741 0.611997 0.304245 0.603585 0.304256 0.602214 0.290261 0.590998 0.290272 0.589628 0.286774 0.586824 0.281493 0.586728 0.281604 0.573028 0.286885 0.573124 0.288656 0.571787 0.288768 0.558087 0.287019 0.556685 0.281738 0.556589 0.281772 0.552479 0.287052 0.552575 0.288824 0.551237 0.288846 0.548497 0.290618 0.547159 0.290629 0.545789 0.303031 0.536424 0.303065 0.532314
0 0.795976 0.760527 0.795931 0.766007 0.797680 0.767409 0.799441 0.767441 0.801191 0.768843 0.806472 0.768939 0.806294 0.790859 0.801013 0.790762 0.783296 0.804141 0.783285 0.805511 0.777970 0.809524 0.777936 0.813635 0.742726 0.812993 0.742771 0.807513 0.741021 0.806111 0.739261 0.806079 0.734014 0.801872 0.732253 0.801840 0.730504 0.800438 0.728743 0.800406 0.725244 0.797602 0.723483 0.797570 0.719985 0.794766 0.718225 0.794734 0.716476 0.793332 0.714715 0.793300 0.712966 0.791897 0.711205 0.791865 0.709455 0.790463 0.707695 0.790431 0.704197 0.787627 0.702437 0.787595 0.700687 0.786193 0.695406 0.786097 0.695484 0.776507 0.700765 0.776604 0.706079 0.772590 0.707840 0.772622 0.711383 0.769946 0.713145 0.769978 0.714916 0.768640 0.716677 0.768672 0.723762 0.763320 0.723796 0.759211
0 0.331945 0.445150 0.331912 0.449261 0.338910 0.454868 0.340670 0.454900 0.342419 0.456302 0.342408 0.457673 0.344158 0.459074 0.344102 0.465924 0.345852 0.467326 0.345796 0.474176 0.347545 0.475578 0.347522 0.478318 0.349271 0.479720 0.349260 0.481090 0.352760 0.483894 0.358041 0.483991 0.357862 0.505910 0.349059 0.505750 0.347288 0.507087 0.345528 0.507055 0.343756 0.508393 0.340235 0.508329 0.338464 0.509666 0.334942 0.509602 0.333171 0.510941 0.331410 0.510908 0.329639 0.512247 0.326118 0.512183 0.324346 0.513520 0.320826 0.513456 0.319054 0.514793 0.317294 0.514761 0.313749 0.517438 0.311989 0.517406 0.310218 0.518743 0.308457 0.518711 0.306685 0.520048 0.304925 0.520016 0.301382 0.522693 0.297861 0.522629 0.296089 0.523966 0.290808 0.523870 0.289035 0.525208 0.285516 0.525144 0.283766 0.523742 0.280245 0.523677 0.278495 0.522276 0.276735 0.522244 0.271486 0.518037 0.271498 0.516667 0.268000 0.513863 0.268022 0.511123 0.266272 0.509721 0.260990 0.509625 0.261013 0.506885 0.266295 0.506981 0.268067 0.505643 0.268111 0.500163 0.269883 0.498825 0.269961 0.489236 0.268212 0.487834 0.268245 0.483724 0.266495 0.482322 0.261213 0.482225 0.261225 0.480855 0.266507 0.480951 0.268279 0.479614 0.268301 0.476874 0.270072 0.475536 0.270083 0.474166 0.282485 0.464801 0.284245 0.464833 0.296646 0.455468 0.296657 0.454098 0.303745 0.448747 0.303778 0.444637
0 0.462936 0.359848 0.462891 0.365327 0.468139 0.369534 0.468128 0.370903 0.473375 0.375109 0.478657 0.375206 0.478434 0.402605 0.443224 0.401963 0.443258 0.397853 0.439759 0.395049 0.437998 0.395017 0.436249 0.393615 0.434489 0.393583 0.427492 0.387975 0.425731 0.387943 0.425742 0.386573 0.422243 0.383769 0.416963 0.383672 0.417052 0.372713 0.422333 0.372809 0.429419 0.367458 0.431179 0.367490 0.432951 0.366151 0.432963 0.364782 0.434735 0.363443 0.434768 0.359334
0 0.523239 0.306140 0.523205 0.310250 0.526703 0.313054 0.526692 0.314424 0.528441 0.315827 0.530202 0.315859 0.533701 0.318663 0.537221 0.318727 0.538993 0.317389 0.540754 0.317421 0.542525 0.316083 0.549567 0.316212 0.549188 0.362790 0.543906 0.362694 0.535048 0.369383 0.531527 0.369319 0.527984 0.371995 0.527951 0.376104 0.485699 0.375334 0.485733 0.371224 0.483983 0.369823 0.482223 0.369791 0.480474 0.368388 0.478713 0.368356 0.461220 0.354336 0.459460 0.354303 0.457710 0.352901 0.457721 0.351531 0.454222 0.348727 0.452462 0.348695 0.445465 0.343087 0.438422 0.342959 0.438600 0.321039 0.445643 0.321168 0.447414 0.319829 0.447426 0.318460 0.458055 0.310433 0.458100 0.304953
0 0.418165 0.452203 0.418131 0.456312 0.421630 0.459117 0.423391 0.459149 0.426890 0.461952 0.435692 0.462113 0.435346 0.504582 0.430064 0.504486 0.426522 0.507162 0.426488 0.511271 0.424716 0.512609 0.424694 0.515349 0.422923 0.516687 0.422900 0.519428 0.421128 0.520765 0.421106 0.523505 0.419334 0.524843 0.419311 0.527583 0.417540 0.528921 0.417529 0.530290 0.415758 0.531628 0.415747 0.532999 0.413975 0.534336 0.412214 0.534304 0.408671 0.536980 0.406910 0.536948 0.405138 0.538285 0.401617 0.538221 0.399846 0.539559 0.399813 0.543669 0.399846 0.539559 0.398097 0.538157 0.392815 0.538061 0.391067 0.536659 0.387546 0.536595 0.384046 0.533791 0.382286 0.533759 0.378787 0.530954 0.378798 0.529584 0.373551 0.525378 0.373562 0.524009 0.370062 0.521204 0.370074 0.519834 0.368325 0.518433 0.368336 0.517062 0.366586 0.515660 0.366608 0.512921 0.364860 0.511518 0.364893 0.507408 0.363144 0.506006 0.363200 0.499157 0.361450 0.497754 0.361472 0.495014 0.359723 0.493612 0.359734 0.492242 0.356236 0.489438 0.356258 0.486698 0.354509 0.485297 0.354520 0.483926 0.352771 0.482524 0.352782 0.481154 0.351032 0.479752 0.351043 0.478382 0.349293 0.476981 0.349316 0.474240 0.347567 0.472838 0.347745 0.450919
0 0.733158 0.474387 0.733114 0.479867 0.736612 0.482671 0.738372 0.482703 0.741871 0.485507 0.743631 0.485539 0.745381 0.486941 0.752423 0.487069 0.752311 0.500769 0.745269 0.500640 0.743497 0.501979 0.738216 0.501882 0.736445 0.503221 0.732924 0.503157 0.731152 0.504494 0.724110 0.504366 0.722338 0.505704 0.717057 0.505608 0.715286 0.506945 0.713525 0.506913 0.711753 0.508250 0.709993 0.508218 0.708221 0.509557 0.706461 0.509525 0.697603 0.516214 0.697592 0.517584 0.695820 0.518922 0.694059 0.518890 0.692288 0.520228 0.692276 0.521597 0.690504 0.522935 0.690482 0.525675 0.688711 0.527013 0.688610 0.539343 0.686838 0.540680 0.686827 0.542051 0.685056 0.543388 0.685045 0.544759 0.681502 0.547434 0.679742 0.547402 0.676197 0.550078 0.676164 0.554187 0.660320 0.553899 0.660353 0.549789 0.658604 0.548387 0.655083 0.548322 0.653334 0.546921 0.646292 0.546792 0.644543 0.545391 0.642782 0.545359 0.641032 0.543956 0.639272 0.543924 0.637522 0.542522 0.634002 0.542457 0.630504 0.539653 0.628743 0.539621 0.626994 0.538220 0.625233 0.538187 0.616486 0.531178 0.616497 0.529807 0.607751 0.522797 0.607762 0.521427 0.606012 0.520024 0.606034 0.517285 0.604286 0.515883 0.599005 0.515787 0.599094 0.504827 0.604375 0.504923 0.606146 0.503586 0.606157 0.502215 0.607929 0.500878 0.607940 0.499508 0.611484 0.496832 0.611495 0.495462 0.616809 0.491448 0.618570 0.491480 0.620341 0.490143 0.622102 0.490175 0.623873 0.488837 0.662605 0.489543 0.664376 0.488204 0.666137 0.488237 0.667908 0.486899 0.669669 0.486931 0.671441 0.485593 0.674961 0.485657 0.676733 0.484320 0.678494 0.484352 0.680266 0.483014 0.682026 0.483046 0.683798 0.481708 0.685558 0.481740 0.687329 0.480402 0.690850 0.480466 0.694393 0.477791 0.694427 0.473681
0 0.746081 0.617120 0.746048 0.621230 0.751296 0.625436 0.758338 0.625564 0.758260 0.635154 0.749458 0.634994 0.747686 0.636331 0.745925 0.636299 0.744154 0.637637 0.742393 0.637605 0.738851 0.640281 0.738840 0.641651 0.737068 0.642989 0.733547 0.642925 0.731775 0.644262 0.726493 0.644166 0.724744 0.642764 0.722984 0.642732 0.715986 0.637123 0.716020 0.633014 0.714271 0.631611 0.714293 0.628872 0.712543 0.627470 0.712566 0.624730 0.709067 0.621926 0.703786 0.621830 0.703831 0.616350
0 0.677691 0.222407 0.661628 0.212980 0.645565 0.203553 0.632509 0.185046 0.629734 0.165584 0.613690 0.153874 0.597579 0.150155 0.559398 0.154026 0.541784 0.154846 0.527150 0.150012 0.519925 0.136179 0.546519 0.113828 0.581757 0.111045 0.612575 0.110465 0.653663 0.110072 0.680014 0.117404 0.697535 0.128000 0.709159 0.141913 0.717693 0.175180 0.720524 0.187791 0.724786 0.204997 0.723227 0.216386 0.707043 0.221800 0.684999 0.225965
1 0.136088 0.779189 0.091178 0.780311 0.099442 0.837726
