0 0.320359 0.640593 0.319530 0.685692 0.307395 0.685850 0.307520 0.679160 0.304117 0.675861 0.304149 0.674189 0.292237 0.662645 0.290503 0.662667 0.285401 0.657720 0.280200 0.657786 0.280525 0.641087
0 0.251452 0.284445 0.250948 0.309013 0.245793 0.309055 0.240536 0.314015 0.240502 0.315654 0.238749 0.317309 0.238646 0.322230 0.224890 0.322345 0.225029 0.315783 0.219975 0.310906 0.220010 0.309267 0.218325 0.307641 0.216607 0.307655 0.209870 0.301153 0.204712 0.301195 0.205070 0.284811
0 0.430989 0.639221 0.430504 0.670899 0.425321 0.670966 0.423567 0.672657 0.423489 0.677666 0.399285 0.677978 0.399366 0.672968 0.392558 0.666379 0.392586 0.664709 0.389182 0.661416 0.383994 0.661482 0.384161 0.651472 0.389347 0.651406 0.394613 0.646339 0.394722 0.639671
0 0.189742 0.278382 0.188646 0.327573 0.181759 0.327631 0.178241 0.330944 0.178130 0.335872 0.172962 0.335916 0.173074 0.330988 0.164649 0.322850 0.164686 0.321207 0.161317 0.317952 0.159594 0.317967 0.159632 0.316324 0.154580 0.311444 0.149412 0.311486 0.149949 0.288523 0.155114 0.288482 0.156873 0.286829 0.156911 0.285191 0.158670 0.283538 0.158783 0.278624
0 0.487194 0.565443 0.486555 0.611922 0.479664 0.612005 0.477918 0.613688 0.469302 0.613792 0.467556 0.615476 0.455489 0.615622 0.453789 0.613980 0.450342 0.614021 0.441845 0.605812 0.441870 0.604149 0.438472 0.600866 0.433300 0.600928 0.433629 0.579332 0.438798 0.579272 0.440547 0.577592 0.442269 0.577572 0.445764 0.574213 0.447486 0.574193 0.449233 0.572513 0.449331 0.565877
0 0.252684 0.561485 0.252549 0.568135 0.254246 0.569779 0.254213 0.571441 0.255909 0.573084 0.255875 0.574748 0.257572 0.576392 0.257538 0.578055 0.267724 0.587918 0.272915 0.587857 0.272454 0.611173 0.267260 0.611235 0.256664 0.621364 0.256563 0.626367 0.246163 0.626494 0.246300 0.619823 0.241203 0.614882 0.241238 0.613215 0.234443 0.606629 0.234478 0.604963 0.231082 0.601671 0.225883 0.601733 0.226444 0.575088 0.231639 0.575028 0.235171 0.571661 0.235241 0.568334 0.237007 0.566650 0.237111 0.561662
0 0.241259 0.115118 0.240716 0.141080 0.235585 0.141111 0.233839 0.142745 0.232128 0.142755 0.226891 0.147660 0.225179 0.147671 0.223434 0.149307 0.221722 0.149317 0.219975 0.150952 0.218299 0.149338 0.214874 0.149360 0.213198 0.147745 0.213233 0.146120 0.204851 0.138049 0.204886 0.136425 0.199859 0.131584 0.194723 0.131615 0.195084 0.115384
0 0.340674 0.000000 0.340557 0.004784 0.345568 0.009590 0.345539 0.011199 0.347211 0.012802 0.347182 0.014412 0.350524 0.017617 0.350495 0.019228 0.353836 0.022432 0.353808 0.024043 0.355480 0.025646 0.355451 0.027257 0.360465 0.032067 0.365566 0.032043 0.364947 0.067527 0.359842 0.067553 0.349457 0.077298 0.347754 0.077307 0.346023 0.078932 0.340913 0.078959 0.339239 0.077352 0.337536 0.077361 0.337565 0.075745 0.332545 0.070925 0.332574 0.069309 0.330900 0.067702 0.330930 0.066088 0.324238 0.059663 0.324268 0.058048 0.320922 0.054837 0.320952 0.053223 0.317607 0.050011 0.317637 0.048397 0.314293 0.045188 0.314323 0.043574 0.310979 0.040363 0.305871 0.040388 0.306334 0.016206 0.311438 0.016183 0.314902 0.012947 0.314962 0.009726 0.316694 0.008108 0.316725 0.006497 0.318455 0.004880 0.318576 0.000000
0 0.369490 0.198746 0.369154 0.218274 0.362318 0.218322 0.357105 0.223244 0.357076 0.224874 0.353601 0.228157 0.351890 0.228169 0.350151 0.229811 0.350035 0.236332 0.341483 0.236394 0.341571 0.231503 0.338209 0.228268 0.336499 0.228280 0.333136 0.225045 0.333166 0.223415 0.328125 0.218564 0.326414 0.218576 0.324734 0.216959 0.324764 0.215330 0.323083 0.213714 0.316241 0.213762 0.316515 0.199107
0 0.776894 0.254307 0.776644 0.298190 0.769863 0.298245 0.768157 0.299887 0.768148 0.301515 0.763031 0.306440 0.763001 0.311325 0.749429 0.311438 0.749461 0.306552 0.746089 0.303323 0.746100 0.301695 0.741042 0.296851 0.741053 0.295223 0.737682 0.291995 0.737693 0.290368 0.736008 0.288755 0.730920 0.288796 0.730999 0.277407 0.736086 0.277367 0.737793 0.275728 0.737804 0.274102 0.739511 0.272463 0.739533 0.269212 0.741238 0.267573 0.741249 0.265947 0.744662 0.262672 0.744672 0.261047 0.746377 0.259410 0.746409 0.254538
0 0.542203 0.564811 0.541858 0.592997 0.536701 0.593058 0.524515 0.604821 0.524494 0.606483 0.515782 0.614893 0.514061 0.614913 0.510662 0.611632 0.510684 0.609970 0.503886 0.603407 0.503908 0.601747 0.500510 0.598466 0.495346 0.598528 0.495683 0.573635 0.500843 0.573575 0.502586 0.571896 0.502674 0.565265
0 0.321585 0.573988 0.321095 0.600600 0.315907 0.600662 0.307104 0.609091 0.305374 0.609112 0.303612 0.610798 0.296690 0.610881 0.294992 0.609237 0.293261 0.609258 0.289864 0.605967 0.289896 0.604302 0.286499 0.601012 0.281306 0.601074 0.281599 0.586092 0.286789 0.586032 0.292074 0.580980 0.292201 0.574328
0 0.644518 0.629930 0.644317 0.651530 0.637446 0.651617 0.627039 0.661727 0.627023 0.663392 0.625288 0.665078 0.625271 0.666742 0.621800 0.670115 0.621750 0.675111 0.613150 0.675222 0.613218 0.668560 0.611516 0.666918 0.604636 0.667006 0.605019 0.630417
0 0.167882 0.107429 0.167733 0.113918 0.160883 0.113957 0.161072 0.105845 0.166207 0.105816 0.167882 0.107429 0.176515 0.104137 0.176552 0.102515 0.174878 0.100903 0.174915 0.099282 0.173240 0.097669 0.173277 0.096049 0.171602 0.094437 0.171788 0.086335 0.173536 0.084706 0.173684 0.078226 0.175432 0.076598 0.175506 0.073360 0.177252 0.071733 0.177436 0.063641 0.208195 0.063484 0.207628 0.089380 0.200790 0.089417 0.199044 0.091047 0.199008 0.092667 0.195517 0.095926 0.195481 0.097546 0.188492 0.104070 0.188456 0.105691 0.185035 0.105710 0.183287 0.107342 0.179864 0.107361 0.176515 0.104137
0 0.205508 0.502258 0.204752 0.537105 0.197827 0.537182 0.194291 0.540542 0.194145 0.547190 0.164691 0.547520 0.165259 0.522596 0.170455 0.522539 0.181067 0.512468 0.181104 0.510809 0.182871 0.509131 0.183020 0.502497
0 0.201070 0.154320 0.200926 0.160825 0.207636 0.167288 0.212775 0.167255 0.212104 0.198189 0.201816 0.198259 0.201923 0.193371 0.195209 0.186901 0.195245 0.185271 0.185176 0.175568 0.180031 0.175602 0.180510 0.154449
0 0.316030 0.501082 0.315414 0.534221 0.308509 0.534297 0.303236 0.539331 0.301508 0.539350 0.299749 0.541029 0.298022 0.541048 0.296264 0.542728 0.294536 0.542747 0.292840 0.541106 0.289386 0.541144 0.287690 0.539504 0.285962 0.539523 0.280877 0.534603 0.275693 0.534660 0.275987 0.519733 0.281169 0.519677 0.293477 0.507946 0.293605 0.501321
0 0.425218 0.566154 0.424316 0.624319 0.417413 0.624403 0.417491 0.619410 0.414092 0.616124 0.410640 0.616165 0.410666 0.614501 0.405569 0.609573 0.403843 0.609593 0.402143 0.607951 0.402170 0.606287 0.398773 0.603002 0.397047 0.603022 0.390252 0.596453 0.388526 0.596473 0.385129 0.593189 0.378224 0.593270 0.378532 0.574991 0.385432 0.574911 0.387185 0.573230 0.388910 0.573210 0.390662 0.571529 0.390744 0.566549
0 0.303115 0.095334 0.302338 0.135838 0.295507 0.135879 0.292028 0.139146 0.291997 0.140768 0.281553 0.150570 0.279845 0.150581 0.276361 0.153850 0.276264 0.158723 0.269425 0.158766 0.269523 0.153893 0.261137 0.145826 0.261170 0.144202 0.259493 0.142588 0.259526 0.140965 0.257850 0.139353 0.257983 0.132860 0.259724 0.131227 0.259758 0.129606 0.263242 0.126340 0.263275 0.124719 0.270240 0.118193 0.270273 0.116572 0.273752 0.113310 0.273785 0.111690 0.277265 0.108430 0.277297 0.106811 0.279036 0.105181 0.279068 0.103562 0.280808 0.101932 0.280936 0.095456
0 0.366673 0.362143 0.366135 0.393359 0.343806 0.393566 0.343894 0.388633 0.325325 0.370724 0.320170 0.370770 0.320323 0.362555
0 0.744398 0.047905 0.744355 0.054326 0.747703 0.057521 0.747693 0.059127 0.749367 0.060725 0.749357 0.062330 0.751031 0.063929 0.757770 0.063894 0.757558 0.097658 0.744066 0.097733 0.744098 0.092905 0.730693 0.080108 0.730704 0.078499 0.729030 0.076901 0.729041 0.075292 0.725690 0.072096 0.725702 0.070487 0.724027 0.068889 0.718969 0.068916 0.719123 0.048030
0 0.345616 0.101570 0.345500 0.108043 0.348850 0.111261 0.348821 0.112880 0.358875 0.122538 0.363989 0.122508 0.363509 0.150062 0.356685 0.150104 0.353216 0.153370 0.353130 0.158238 0.337769 0.158335 0.337887 0.151843 0.332855 0.147007 0.332884 0.145385 0.326177 0.138939 0.326207 0.137316 0.321178 0.132482 0.321238 0.129241 0.319562 0.127629 0.319774 0.116287 0.321510 0.114656 0.321752 0.101703
0 0.228348 0.402876 0.227721 0.432566 0.222546 0.432617 0.220785 0.434284 0.219059 0.434301 0.217299 0.435970 0.217193 0.440925 0.205110 0.441044 0.205218 0.436088 0.203527 0.434453 0.201801 0.434470 0.196731 0.429567 0.196767 0.427915 0.190008 0.421379 0.190082 0.418077 0.186703 0.414810 0.181524 0.414859 0.181783 0.403313
0 0.715804 0.267770 0.715623 0.292172 0.710531 0.292213 0.703689 0.298782 0.703638 0.305300 0.691747 0.305397 0.691787 0.300508 0.686730 0.295662 0.686743 0.294034 0.681688 0.289189 0.679990 0.289203 0.678305 0.287587 0.678319 0.285960 0.674949 0.282729 0.669852 0.282770 0.669980 0.268124
0 0.601128 0.190681 0.600885 0.213390 0.594091 0.213438 0.592374 0.215073 0.592357 0.216697 0.585487 0.223241 0.585433 0.228114 0.580333 0.228151 0.580388 0.223277 0.577025 0.220053 0.575326 0.220065 0.571962 0.216841 0.571981 0.215216 0.568619 0.211994 0.566919 0.212006 0.563558 0.208782 0.563577 0.207159 0.561896 0.205547 0.555096 0.205594 0.555271 0.190990
0 0.292812 0.011434 0.292686 0.017879 0.294357 0.019483 0.294326 0.021094 0.299340 0.025906 0.304446 0.025882 0.303735 0.062997 0.296918 0.063032 0.293446 0.066280 0.293415 0.067896 0.282994 0.077649 0.274464 0.077694 0.272791 0.076086 0.271086 0.076095 0.269412 0.074487 0.269444 0.072870 0.264425 0.068045 0.264458 0.066429 0.262784 0.064821 0.262817 0.063205 0.261144 0.061597 0.261177 0.059982 0.256159 0.055161 0.256193 0.053545 0.252848 0.050331 0.252914 0.047101 0.251242 0.045495 0.251342 0.040651 0.253081 0.039029 0.253114 0.037414 0.254853 0.035791 0.254886 0.034178 0.256623 0.032556 0.256723 0.027716 0.258460 0.026095 0.258757 0.011585
0 0.723806 0.099456 0.723608 0.126852 0.716851 0.126892 0.713448 0.130137 0.713399 0.136592 0.699876 0.136674 0.699915 0.131832 0.693205 0.125418 0.693218 0.123805 0.689864 0.120600 0.684793 0.120629 0.684968 0.099673
0 0.599387 0.353531 0.599160 0.374812 0.592334 0.374874 0.588884 0.378181 0.588866 0.379820 0.583690 0.384784 0.581983 0.384800 0.580258 0.386454 0.580202 0.391372 0.576787 0.391404 0.576842 0.386486 0.573464 0.383238 0.571756 0.383254 0.570066 0.381630 0.570085 0.379991 0.551512 0.362138 0.546389 0.362183 0.546489 0.353996
0 0.226814 0.475540 0.226289 0.500380 0.219375 0.500453 0.217611 0.502129 0.217504 0.507103 0.212317 0.507158 0.212424 0.502184 0.198880 0.489073 0.193693 0.489128 0.193985 0.475878
0 0.629779 0.557189 0.629714 0.563807 0.633110 0.567077 0.638252 0.567018 0.637937 0.600147 0.624211 0.600311 0.622512 0.598673 0.622529 0.597015 0.614032 0.588827 0.614049 0.587171 0.610651 0.583897 0.605504 0.583957 0.605695 0.565738 0.610839 0.565679 0.612572 0.564004 0.612639 0.557384
0 0.444067 0.230762 0.443574 0.263349 0.436743 0.263401 0.429809 0.269980 0.429733 0.274876 0.429809 0.269980 0.428126 0.268360 0.424708 0.268387 0.423026 0.266769 0.421318 0.266782 0.416268 0.261926 0.411142 0.261965 0.411351 0.248919 0.416476 0.248881 0.421677 0.243954 0.421703 0.242325 0.426901 0.237399 0.427002 0.230885
0 0.218084 0.238927 0.217452 0.268349 0.212298 0.268388 0.208792 0.271687 0.208685 0.276598 0.198374 0.276678 0.198482 0.271767 0.186706 0.260406 0.186743 0.258770 0.185060 0.257148 0.185097 0.255512 0.183416 0.253890 0.178260 0.253928 0.178334 0.250657 0.183489 0.250618 0.185244 0.248971 0.185280 0.247337 0.187035 0.245689 0.187182 0.239153
0 0.171048 0.193579 0.170899 0.200100 0.177615 0.206577 0.177578 0.208207 0.179257 0.209827 0.180974 0.209815 0.186013 0.214674 0.191162 0.214638 0.190689 0.235860 0.183820 0.235910 0.180311 0.239203 0.180200 0.244106 0.171610 0.244169 0.171722 0.239266 0.154916 0.223053 0.154954 0.221421 0.149915 0.216559 0.144760 0.216595 0.145299 0.193753
0 0.337315 0.467794 0.336749 0.499207 0.319510 0.499390 0.319602 0.494426 0.309442 0.484608 0.304271 0.484662 0.304584 0.468129
0 0.355340 0.421436 0.355225 0.428026 0.356915 0.429657 0.356886 0.431306 0.360268 0.434568 0.360240 0.436217 0.370385 0.446007 0.372105 0.445990 0.373797 0.447623 0.378954 0.447571 0.378704 0.462419 0.373545 0.462472 0.368298 0.467478 0.366578 0.467495 0.364828 0.469165 0.363107 0.469182 0.361358 0.470851 0.352751 0.470939 0.342599 0.461136 0.342628 0.459484 0.340936 0.457851 0.340965 0.456201 0.339274 0.454567 0.332389 0.454636 0.332988 0.421652
0 0.501308 0.538784 0.500998 0.561970 0.487240 0.562127 0.475362 0.550665 0.475385 0.549008 0.473688 0.547370 0.468529 0.547428 0.468647 0.539148
0 0.232334 0.541780 0.231743 0.570037 0.217889 0.570197 0.211104 0.563622 0.209372 0.563642 0.207675 0.561998 0.207711 0.560334 0.206015 0.558691 0.206051 0.557028 0.204355 0.555385 0.199160 0.555444 0.199450 0.542146
0 0.581651 0.262294 0.581577 0.268807 0.584944 0.272038 0.584926 0.273667 0.589979 0.278514 0.589961 0.280143 0.593329 0.283375 0.600138 0.283321 0.599928 0.302888 0.593117 0.302943 0.591396 0.304588 0.589692 0.304602 0.587970 0.306248 0.581157 0.306304 0.579471 0.304686 0.579489 0.303054 0.569379 0.293348 0.569398 0.291717 0.567712 0.290101 0.567731 0.288469 0.566047 0.286853 0.560937 0.286893 0.561225 0.262450
0 0.236334 0.024585 0.235515 0.063345 0.228687 0.063379 0.223460 0.068257 0.223321 0.074729 0.213073 0.074783 0.213179 0.069928 0.211505 0.068319 0.211540 0.066701 0.206521 0.061875 0.206557 0.060258 0.204885 0.058649 0.204920 0.057033 0.203249 0.055425 0.203284 0.053808 0.201611 0.052201 0.196488 0.052226 0.196847 0.036067 0.201968 0.036043 0.203711 0.034420 0.203925 0.024734
0 0.333062 0.323078 0.332614 0.347674 0.324031 0.347748 0.322284 0.349405 0.322193 0.354330 0.318758 0.354360 0.318850 0.349435 0.317164 0.347808 0.315446 0.347823 0.313759 0.346197 0.312042 0.346212 0.308670 0.342960 0.308701 0.341320 0.305329 0.338068 0.300177 0.338112 0.300460 0.323352
0 0.541310 0.637853 0.540984 0.664488 0.535817 0.664554 0.534072 0.666242 0.530626 0.666286 0.528882 0.667974 0.523712 0.668040 0.521967 0.669728 0.513347 0.669839 0.511646 0.668194 0.506472 0.668260 0.503068 0.664971 0.501344 0.664993 0.499641 0.663347 0.494469 0.663413 0.494806 0.638430
0 0.401916 0.094790 0.401810 0.101256 0.403484 0.102864 0.403458 0.104480 0.408485 0.109303 0.408459 0.110921 0.418514 0.120570 0.425321 0.120530 0.424914 0.146440 0.419805 0.146471 0.416348 0.149734 0.416322 0.151355 0.414593 0.152987 0.414567 0.154609 0.411107 0.157873 0.409429 0.156262 0.406022 0.156284 0.404343 0.154673 0.404370 0.153051 0.402692 0.151439 0.402718 0.149819 0.397687 0.144987 0.397713 0.143366 0.396036 0.141755 0.396062 0.140135 0.392708 0.136915 0.392735 0.135294 0.389383 0.132074 0.389410 0.130455 0.387733 0.128846 0.387760 0.127226 0.386084 0.125616 0.386111 0.123997 0.381083 0.119170 0.381138 0.115932 0.379463 0.114323 0.379628 0.104615 0.381357 0.102988 0.381494 0.094902
0 0.616698 0.000000 0.616268 0.038894 0.611200 0.038918 0.604371 0.045381 0.604354 0.046988 0.597523 0.053455 0.597505 0.055063 0.595796 0.056680 0.595779 0.058290 0.590651 0.063143 0.590633 0.064753 0.588942 0.064762 0.587231 0.066380 0.582155 0.066406 0.580482 0.064805 0.578789 0.064814 0.567072 0.053607 0.567091 0.051998 0.565418 0.050398 0.565437 0.048788 0.562091 0.045587 0.562110 0.043980 0.558764 0.040778 0.558783 0.039171 0.555438 0.035971 0.550362 0.035995 0.550440 0.029565 0.555515 0.029541 0.558937 0.026311 0.558956 0.024704 0.560667 0.023090 0.560686 0.021483 0.567523 0.015029 0.567542 0.013423 0.574377 0.006972 0.574395 0.005367 0.577812 0.002143 0.577867 0.000000
0 0.306502 0.186160 0.306378 0.192667 0.308058 0.194284 0.314898 0.194237 0.314163 0.233331 0.309028 0.233368 0.303798 0.238300 0.303767 0.239931 0.302024 0.241575 0.301992 0.243208 0.298503 0.246497 0.298472 0.248129 0.294983 0.251420 0.294889 0.256319 0.284605 0.256397 0.284733 0.249863 0.279688 0.245004 0.279720 0.243372 0.267952 0.232035 0.261097 0.232085 0.261858 0.194596 0.266993 0.194561 0.270482 0.191281 0.270580 0.186399
0 0.481145 0.505934 0.480845 0.527429 0.475689 0.527486 0.470461 0.532507 0.468742 0.532526 0.466998 0.534200 0.463559 0.534239 0.461815 0.535913 0.460119 0.534277 0.458399 0.534296 0.449921 0.526114 0.449946 0.524458 0.446555 0.521187 0.441396 0.521243 0.441620 0.506357
0 0.255379 0.428997 0.254539 0.470294 0.247636 0.470365 0.240594 0.477053 0.235414 0.477106 0.232029 0.473833 0.232063 0.472178 0.230372 0.470541 0.230476 0.465579 0.228785 0.463942 0.228890 0.458982 0.227198 0.457347 0.222019 0.457399 0.222616 0.429315
0 0.486711 0.107243 0.486395 0.129877 0.481297 0.129907 0.467510 0.142939 0.462406 0.142970 0.460728 0.141360 0.459028 0.141371 0.443935 0.126893 0.443960 0.125274 0.442284 0.123667 0.442309 0.122049 0.438956 0.118833 0.433854 0.118863 0.434029 0.107541
0 0.657279 0.170877 0.657235 0.175732 0.660595 0.178947 0.660580 0.180565 0.663940 0.183781 0.669023 0.183747 0.668681 0.222646 0.661897 0.222695 0.658474 0.225965 0.658460 0.227587 0.655036 0.230859 0.655021 0.232483 0.651597 0.235756 0.651582 0.237379 0.646444 0.242291 0.646398 0.247166 0.637906 0.247229 0.637953 0.242354 0.634588 0.239129 0.634604 0.237504 0.631239 0.234281 0.631255 0.232656 0.626209 0.227820 0.626225 0.226197 0.621180 0.221362 0.621196 0.219739 0.619514 0.218128 0.619531 0.216505 0.616169 0.213283 0.616186 0.211661 0.614504 0.210049 0.609411 0.210085 0.609615 0.190624 0.614705 0.190590 0.618131 0.187326 0.618148 0.185706 0.623285 0.180812 0.623302 0.179193 0.625014 0.177562 0.625079 0.171086
0 0.256986 0.349975 0.256216 0.387796 0.249329 0.387859 0.237034 0.399499 0.231864 0.399548 0.230106 0.401211 0.228417 0.399580 0.226693 0.399596 0.223317 0.396333 0.221593 0.396349 0.219904 0.394716 0.219939 0.393070 0.214875 0.388176 0.209704 0.388224 0.210025 0.373405 0.215194 0.373359 0.216951 0.371698 0.216987 0.370052 0.218745 0.368391 0.218780 0.366747 0.222295 0.363426 0.222330 0.361781 0.227599 0.356804 0.227738 0.350230
0 0.696624 0.333080 0.696572 0.339609 0.698259 0.341228 0.698233 0.344493 0.699920 0.346112 0.699907 0.347745 0.701596 0.349364 0.701583 0.350998 0.703271 0.352616 0.703258 0.354251 0.704947 0.355869 0.704934 0.357503 0.706622 0.359122 0.706609 0.360756 0.708298 0.362376 0.715102 0.362315 0.714956 0.381940 0.704745 0.382033 0.703029 0.383686 0.701328 0.383702 0.699612 0.385354 0.696208 0.385385 0.694518 0.383764 0.692815 0.383780 0.691126 0.382158 0.689422 0.382174 0.677599 0.370828 0.677613 0.369192 0.674235 0.365951 0.669126 0.365997 0.669183 0.359455 0.674291 0.359410 0.676008 0.357759 0.676036 0.354491 0.677751 0.352841 0.677793 0.347938 0.679509 0.346290 0.679536 0.343023 0.681251 0.341375 0.681319 0.333210
0 0.272832 0.245055 0.272409 0.266291 0.267263 0.266331 0.260269 0.272925 0.255120 0.272965 0.253437 0.271342 0.251721 0.271356 0.246673 0.266489 0.246707 0.264854 0.241660 0.259989 0.241695 0.258354 0.240013 0.256733 0.240081 0.253465 0.238399 0.251843 0.233252 0.251882 0.233389 0.245346
0 0.665925 0.536950 0.665722 0.560086 0.652021 0.560243 0.640139 0.548805 0.640155 0.547151 0.638458 0.545517 0.633318 0.545575 0.633398 0.537312
0 0.565800 0.308062 0.565553 0.329297 0.560436 0.329340 0.555260 0.334289 0.555240 0.335925 0.550061 0.340875 0.548355 0.340890 0.546628 0.342541 0.544921 0.342556 0.541547 0.339313 0.541567 0.337677 0.538194 0.334435 0.533072 0.334479 0.533400 0.308328
0 0.507690 0.061957 0.507323 0.089368 0.500536 0.089405 0.498816 0.091028 0.497120 0.091037 0.495400 0.092660 0.495312 0.099118 0.491917 0.099137 0.492007 0.092679 0.490331 0.091074 0.488633 0.091084 0.486959 0.089479 0.486981 0.087865 0.483632 0.084655 0.483654 0.083042 0.481980 0.081437 0.480282 0.081446 0.480328 0.078220 0.478653 0.076615 0.478745 0.070165 0.477072 0.068561 0.477163 0.062113
0 0.660846 0.339918 0.660450 0.384078 0.653633 0.384140 0.651913 0.385793 0.651898 0.387432 0.643297 0.395703 0.641592 0.395719 0.639871 0.397374 0.634753 0.397422 0.626304 0.389306 0.626321 0.387668 0.619563 0.381177 0.619580 0.379539 0.614514 0.374673 0.614531 0.373035 0.612841 0.371413 0.612858 0.369775 0.609481 0.366532 0.609515 0.363258 0.607827 0.361636 0.607845 0.360000 0.609566 0.358348 0.609583 0.356713 0.611306 0.355062 0.611323 0.353426 0.618206 0.346824 0.618273 0.340286
0 0.408853 0.191977 0.408748 0.198478 0.412108 0.201706 0.417226 0.201671 0.416812 0.227702 0.403153 0.227801 0.393068 0.218105 0.393095 0.216477 0.391414 0.214862 0.384583 0.214910 0.384966 0.192138
0 0.538112 0.340978 0.537624 0.380288 0.532496 0.380335 0.530766 0.381990 0.529056 0.382005 0.518669 0.391944 0.518584 0.398509 0.516874 0.398525 0.516938 0.393601 0.513559 0.390350 0.513581 0.388710 0.511892 0.387084 0.511957 0.382162 0.510267 0.380538 0.505136 0.380585 0.505180 0.377304 0.510311 0.377257 0.512043 0.375602 0.512344 0.352660 0.510657 0.351037 0.505530 0.351082 0.505661 0.341258
0 0.611877 0.464988 0.611554 0.496290 0.594435 0.496471 0.594506 0.489875 0.592812 0.488245 0.591100 0.488263 0.584324 0.481742 0.579188 0.481795 0.579373 0.465321
0 0.628780 0.484572 0.628715 0.491163 0.630409 0.492793 0.630393 0.494442 0.633782 0.497702 0.633766 0.499352 0.637156 0.502613 0.637140 0.504261 0.640531 0.507523 0.645663 0.507468 0.645401 0.535526 0.629989 0.535698 0.630054 0.529090 0.628358 0.527458 0.626646 0.527477 0.624950 0.525845 0.624966 0.524193 0.618183 0.517664 0.618200 0.516014 0.616504 0.514382 0.616521 0.512731 0.614826 0.511099 0.615095 0.484716
0 0.590992 0.498158 0.590579 0.536136 0.585435 0.536193 0.576768 0.544557 0.576712 0.549521 0.576768 0.544557 0.575072 0.542923 0.573356 0.542942 0.571660 0.541307 0.569944 0.541326 0.566551 0.538057 0.566570 0.536403 0.559786 0.529866 0.559825 0.526561 0.556433 0.523292 0.551287 0.523349 0.551485 0.506831 0.556629 0.506776 0.558363 0.505106 0.558441 0.498504
0 0.720692 0.529740 0.720537 0.551199 0.715408 0.551257 0.710241 0.556273 0.710204 0.561230 0.696518 0.561387 0.696570 0.554775 0.694873 0.553143 0.688029 0.553221 0.688217 0.530099
0 0.693188 0.549858 0.692778 0.601148 0.687638 0.601210 0.685911 0.602888 0.685871 0.607861 0.670444 0.608046 0.670501 0.601415 0.665402 0.596505 0.663688 0.596525 0.663702 0.594868 0.658605 0.589959 0.653462 0.590019 0.653568 0.578426 0.658709 0.578366 0.663892 0.573341 0.663907 0.571686 0.679446 0.556623 0.679501 0.550012
0 0.728036 0.457229 0.727850 0.483535 0.721026 0.483607 0.719307 0.485271 0.717601 0.485288 0.715883 0.486952 0.714188 0.485324 0.712482 0.485342 0.710787 0.483714 0.709081 0.483732 0.700610 0.475593 0.695490 0.475646 0.695634 0.457557
0 0.171565 0.096058 0.171417 0.102544 0.173092 0.104156 0.179937 0.104118 0.178428 0.170730 0.169853 0.170785 0.166350 0.174063 0.166237 0.178949 0.164521 0.178961 0.164634 0.174074 0.161278 0.170840 0.159564 0.170851 0.147822 0.159533 0.147860 0.157906 0.141153 0.151441 0.141191 0.149815 0.137839 0.146583 0.132693 0.146615 0.133706 0.104377 0.138845 0.104348 0.142348 0.101084 0.142463 0.096219
0 0.477989 0.004184 0.477897 0.010611 0.479568 0.012211 0.479545 0.013818 0.482889 0.017017 0.487971 0.016994 0.487431 0.055616 0.480648 0.055650 0.475490 0.060509 0.475467 0.062121 0.472026 0.065363 0.472003 0.066974 0.470283 0.068596 0.470214 0.073435 0.460028 0.073488 0.460099 0.068649 0.453404 0.062234 0.453429 0.060621 0.448409 0.055811 0.448433 0.054200 0.445086 0.050994 0.445111 0.049382 0.440093 0.044574 0.435001 0.044599 0.435374 0.020450 0.440463 0.020426 0.443904 0.017194 0.443928 0.015586 0.445648 0.013970 0.445672 0.012362 0.447392 0.010747 0.447490 0.004317
0 0.313581 0.264343 0.312720 0.310143 0.305858 0.310200 0.304110 0.311852 0.304079 0.313490 0.300585 0.316796 0.300522 0.320073 0.297025 0.323380 0.296994 0.325020 0.295246 0.326674 0.295214 0.328313 0.293466 0.329968 0.293371 0.334888 0.283064 0.334976 0.283161 0.330055 0.276419 0.323553 0.276452 0.321914 0.273082 0.318663 0.271364 0.318677 0.267994 0.315427 0.268027 0.313788 0.264657 0.310538 0.259505 0.310581 0.259937 0.289288 0.265086 0.289247 0.275579 0.279347 0.275611 0.277711 0.282601 0.271117 0.282730 0.264579
0 0.311981 0.349495 0.311888 0.354421 0.313575 0.356047 0.318728 0.356002 0.317994 0.395452 0.311116 0.395516 0.307615 0.398840 0.307584 0.400485 0.304081 0.403812 0.304050 0.405458 0.300546 0.408784 0.298825 0.408801 0.297072 0.410465 0.295383 0.408833 0.291942 0.408866 0.288562 0.405604 0.286841 0.405620 0.283463 0.402358 0.283496 0.400711 0.273364 0.390929 0.273396 0.389283 0.266644 0.382763 0.266677 0.381117 0.263301 0.377859 0.258139 0.377906 0.258406 0.364749 0.263566 0.364703 0.270578 0.358069 0.272298 0.358054 0.274049 0.356395 0.274180 0.349825
0 0.777374 0.170097 0.777190 0.202438 0.772118 0.202473 0.758509 0.215523 0.758479 0.220383 0.746633 0.220467 0.746665 0.215606 0.739939 0.209173 0.739950 0.207554 0.738268 0.205946 0.738279 0.204325 0.736598 0.202718 0.731522 0.202753 0.736598 0.202718 0.745112 0.194565 0.745123 0.192947 0.755330 0.183173 0.757021 0.183161 0.758721 0.181532 0.758731 0.179916 0.760432 0.178289 0.760442 0.176672 0.762142 0.175045 0.762172 0.170196
0 0.377952 0.507040 0.377478 0.535192 0.372307 0.535249 0.367050 0.540279 0.367022 0.541938 0.361762 0.546970 0.361733 0.548629 0.359980 0.550308 0.356530 0.550346 0.353138 0.547067 0.351412 0.547087 0.342934 0.538889 0.342963 0.537232 0.337878 0.532314 0.330977 0.532391 0.331428 0.507539
0 0.682193 0.229040 0.681961 0.256651 0.675172 0.256702 0.673460 0.258340 0.668368 0.258379 0.665001 0.255153 0.663304 0.255166 0.658254 0.250328 0.658268 0.248703 0.656585 0.247090 0.656688 0.235718 0.658401 0.234083 0.658445 0.229211
0 0.646212 0.087001 0.646166 0.091833 0.647842 0.093435 0.647827 0.095046 0.649502 0.096648 0.649487 0.098259 0.652839 0.101465 0.652824 0.103076 0.654500 0.104679 0.654485 0.106291 0.656162 0.107893 0.662926 0.107855 0.662666 0.136899 0.655896 0.136940 0.654188 0.138565 0.654144 0.143412 0.649065 0.143443 0.649110 0.138596 0.640722 0.130572 0.640738 0.128957 0.632353 0.120936 0.632384 0.117709 0.630708 0.116104 0.630867 0.099976 0.632575 0.098354 0.632685 0.087074
0 0.620307 0.307614 0.620027 0.335369 0.613212 0.335427 0.611492 0.337076 0.606379 0.337120 0.592886 0.324165 0.587772 0.324208 0.587952 0.307880
0 0.735349 0.385024 0.735169 0.411222 0.730063 0.411270 0.728348 0.412925 0.726646 0.412941 0.721502 0.417908 0.721466 0.422827 0.709541 0.422942 0.709578 0.418023 0.706195 0.414777 0.706208 0.413137 0.704517 0.411514 0.704530 0.409875 0.701148 0.406630 0.696038 0.406679 0.696117 0.396847 0.701225 0.396799 0.704656 0.393492 0.704720 0.385307
0 0.540054 0.184605 0.539651 0.217069 0.532845 0.217117 0.524233 0.225305 0.522530 0.225317 0.520806 0.226955 0.513996 0.227004 0.512314 0.225390 0.510610 0.225403 0.503885 0.218948 0.503907 0.217322 0.502227 0.215708 0.502336 0.207584 0.504060 0.205947 0.504082 0.204323 0.517868 0.191242 0.517952 0.184752
0 0.420608 0.420807 0.419936 0.463651 0.413062 0.463721 0.411318 0.465388 0.411292 0.467038 0.407801 0.470374 0.402643 0.470427 0.400951 0.468795 0.394073 0.468865 0.394858 0.421055
0 0.161090 0.031391 0.160601 0.052404 0.153762 0.052438 0.150418 0.049219 0.150456 0.047602 0.147113 0.044385 0.141984 0.044410 0.142291 0.031479
0 0.392489 0.460630 0.391945 0.493662 0.385061 0.493735 0.383312 0.495406 0.379868 0.495442 0.378119 0.497115 0.376426 0.495479 0.374704 0.495497 0.373011 0.493862 0.371289 0.493880 0.364515 0.487339 0.359350 0.487393 0.359522 0.477477 0.364686 0.477423 0.368185 0.474084 0.368213 0.472432 0.369962 0.470763 0.369990 0.469112 0.371711 0.469094 0.373460 0.467425 0.373573 0.460822
0 0.287529 0.547804 0.287175 0.566076 0.278531 0.566175 0.276768 0.567857 0.276670 0.572845 0.264560 0.572984 0.264693 0.566333 0.261301 0.563049 0.254381 0.563128 0.254685 0.548172
0 0.255994 0.063240 0.255163 0.103696 0.250038 0.103725 0.248297 0.105354 0.246589 0.105364 0.243104 0.108624 0.243002 0.113487 0.241293 0.113496 0.241395 0.108634 0.239719 0.107023 0.238011 0.107033 0.236336 0.105421 0.234627 0.105431 0.231277 0.102209 0.231346 0.098969 0.227997 0.095747 0.222870 0.095776 0.223009 0.089297 0.229844 0.089260 0.235071 0.084376 0.235106 0.082757 0.238589 0.079502 0.238623 0.077883 0.240364 0.076257 0.240398 0.074639 0.242140 0.073012 0.242173 0.071395 0.243915 0.069769 0.244050 0.063301
0 0.744907 0.483357 0.744863 0.489938 0.746559 0.491565 0.746548 0.493211 0.748242 0.494838 0.755064 0.494766 0.754857 0.527713 0.737784 0.527901 0.737829 0.521306 0.732740 0.516417 0.732752 0.514769 0.731056 0.513139 0.731068 0.511491 0.727676 0.508232 0.722554 0.508287 0.722732 0.483589
0 0.209276 0.648653 0.208808 0.670393 0.203595 0.670459 0.201895 0.668807 0.200158 0.668829 0.195054 0.663877 0.189842 0.663943 0.190173 0.648891
0 0.453166 0.539320 0.452824 0.562521 0.445937 0.562599 0.444191 0.564277 0.442468 0.564297 0.440722 0.565976 0.433832 0.566055 0.427044 0.559499 0.420152 0.559577 0.420463 0.539684
0 0.743797 0.138020 0.743582 0.170316 0.738510 0.170349 0.736809 0.171976 0.735118 0.171987 0.730011 0.176872 0.729977 0.181723 0.730011 0.176872 0.728332 0.175266 0.726640 0.175277 0.724960 0.173671 0.723269 0.173682 0.719910 0.170470 0.719922 0.168854 0.718243 0.167248 0.718255 0.165631 0.716575 0.164026 0.711502 0.164058 0.711551 0.157594 0.716623 0.157562 0.720028 0.154310 0.720040 0.152695 0.728550 0.144569 0.728595 0.138113
0 0.196038 0.000000 0.195499 0.019933 0.190378 0.019956 0.185149 0.024821 0.185039 0.029665 0.174793 0.029713 0.174904 0.024868 0.171562 0.021655 0.171599 0.020041 0.168259 0.016829 0.168296 0.015214 0.166625 0.013609 0.166662 0.011995 0.164993 0.010390 0.165105 0.005550 0.163435 0.003944 0.165179 0.002324 0.165329 0.000000
0 0.701110 0.411547 0.700725 0.460793 0.692195 0.460880 0.690501 0.459253 0.687088 0.459287 0.685395 0.457661 0.685408 0.456017 0.676945 0.447886 0.676959 0.446243 0.675267 0.444617 0.675281 0.442974 0.673588 0.441349 0.668469 0.441400 0.668569 0.429904 0.673687 0.429854 0.675407 0.428197 0.675421 0.426555 0.677140 0.424898 0.677154 0.423256 0.678874 0.421600 0.678887 0.419960 0.682325 0.416646 0.682366 0.411726
0 0.421845 0.341982 0.420995 0.396136 0.414135 0.396200 0.412446 0.394573 0.407300 0.394621 0.405610 0.392993 0.405637 0.391350 0.397194 0.383213 0.397221 0.381570 0.393844 0.378317 0.388697 0.378363 0.389052 0.357023 0.394196 0.356978 0.397678 0.353667 0.397704 0.352027 0.401185 0.348717 0.401292 0.342160
0 0.485535 0.191460 0.485104 0.222332 0.478288 0.222380 0.476560 0.224020 0.474856 0.224032 0.473129 0.225671 0.471424 0.225684 0.469695 0.227322 0.466287 0.227347 0.464557 0.228986 0.462852 0.228998 0.461123 0.230638 0.461052 0.235522 0.457641 0.235547 0.457713 0.230663 0.454350 0.227433 0.452644 0.227445 0.450963 0.225830 0.449258 0.225842 0.449282 0.224215 0.444239 0.219371 0.439122 0.219407 0.439420 0.199893 0.446239 0.199847 0.447967 0.198211 0.448065 0.191713
0 0.439979 0.387747 0.439905 0.392675 0.443284 0.395929 0.448425 0.395881 0.447983 0.425479 0.430828 0.425645 0.430904 0.420708 0.425833 0.415821 0.425858 0.414176 0.424169 0.412547 0.424220 0.409258 0.422530 0.407629 0.422581 0.404340 0.420892 0.402713 0.415745 0.402761 0.415980 0.387968
0 0.503338 0.387163 0.502832 0.424947 0.483986 0.425130 0.484054 0.420196 0.475603 0.412057 0.470463 0.412106 0.470604 0.402245 0.475743 0.402197 0.479215 0.398878 0.479238 0.397236 0.484443 0.392261 0.484512 0.387337
0 0.530290 0.419751 0.529709 0.465828 0.524568 0.465881 0.522875 0.464250 0.521161 0.464267 0.517775 0.461007 0.516061 0.461024 0.514369 0.459395 0.514391 0.457747 0.509314 0.452858 0.504172 0.452909 0.504501 0.428220 0.509639 0.428170 0.513107 0.424847 0.513172 0.419915
0 0.263460 0.714886 0.263125 0.731657 0.257912 0.731727 0.256207 0.730074 0.254468 0.730097 0.252765 0.728442 0.252833 0.725087 0.249425 0.721779 0.244210 0.721849 0.244347 0.715141
0 0.743194 0.228598 0.743042 0.251316 0.736265 0.251367 0.732853 0.254640 0.732819 0.259513 0.722647 0.259590 0.722694 0.253093 0.721010 0.251481 0.719316 0.251494 0.715949 0.248271 0.710864 0.248309 0.711011 0.228831
0 0.678649 0.048229 0.678580 0.056263 0.680254 0.057862 0.680240 0.059469 0.681915 0.061069 0.681901 0.062676 0.683575 0.064275 0.690326 0.064241 0.690102 0.091592 0.674898 0.091675 0.674954 0.085235 0.669929 0.080433 0.669943 0.078823 0.666593 0.075622 0.666607 0.074014 0.664933 0.072414 0.665033 0.061155 0.666736 0.059538 0.666778 0.054716 0.668480 0.053101 0.668523 0.048279
0 0.262946 0.140944 0.262847 0.145815 0.264524 0.147428 0.264491 0.149053 0.266167 0.150666 0.266135 0.152289 0.269490 0.155518 0.274619 0.155486 0.274003 0.186376 0.268869 0.186410 0.263635 0.191327 0.263569 0.194584 0.261825 0.196224 0.261792 0.197852 0.256554 0.202774 0.253128 0.202797 0.251450 0.201179 0.249736 0.201191 0.231268 0.183405 0.231302 0.181778 0.227946 0.178545 0.227981 0.176917 0.226303 0.175301 0.221163 0.175334 0.221233 0.172081 0.226372 0.172047 0.229866 0.168771 0.229900 0.167145 0.233393 0.163871 0.233427 0.162245 0.238664 0.157336 0.238698 0.155711 0.240444 0.154075 0.240478 0.152449 0.243968 0.149180 0.244001 0.147555 0.245746 0.145921 0.245847 0.141048
0 0.602234 0.087239 0.602182 0.092074 0.603857 0.093677 0.608935 0.093649 0.608579 0.127534 0.603496 0.127565 0.598361 0.132441 0.598344 0.134056 0.594919 0.137310 0.594901 0.138926 0.589761 0.143807 0.589690 0.150275 0.576121 0.150360 0.576195 0.143891 0.562775 0.131038 0.555989 0.131078 0.556163 0.116536 0.561251 0.116507 0.574961 0.103515 0.574979 0.101902 0.583541 0.093789 0.583613 0.087340
0 0.313581 0.264343 0.312720 0.310143 0.305858 0.310200 0.304110 0.311852 0.304079 0.313490 0.300585 0.316796 0.300522 0.320073 0.297025 0.323380 0.296994 0.325020 0.295246 0.326674 0.295214 0.328313 0.293466 0.329968 0.293371 0.334888 0.281346 0.334991 0.281475 0.328429 0.264624 0.312178 0.259471 0.312220 0.259937 0.289288 0.266803 0.289233 0.270300 0.285931 0.270333 0.284296 0.279075 0.276050 0.279107 0.274414 0.282601 0.271117 0.282730 0.264579
0 0.368684 0.646662 0.368258 0.671696 0.361335 0.671785 0.361422 0.666775 0.359719 0.665127 0.357989 0.665149 0.356288 0.663502 0.349364 0.663590 0.349658 0.646900
0 0.602234 0.087239 0.601699 0.137269 0.596615 0.137300 0.589761 0.143807 0.589690 0.150275 0.576121 0.150360 0.576195 0.143891 0.562775 0.131038 0.555989 0.131078 0.556183 0.114922 0.562966 0.114883 0.569821 0.108385 0.569840 0.106771 0.576693 0.100278 0.576711 0.098665 0.578404 0.098655 0.581829 0.095411 0.581847 0.093799 0.583559 0.092176 0.583613 0.087340
0 0.401916 0.094790 0.401810 0.101256 0.403484 0.102864 0.403458 0.104480 0.410160 0.110911 0.410134 0.112528 0.415162 0.117353 0.416864 0.117343 0.420216 0.120560 0.425321 0.120530 0.424914 0.146440 0.419805 0.146471 0.416348 0.149734 0.416322 0.151355 0.414593 0.152987 0.414567 0.154609 0.412837 0.156241 0.412811 0.157862 0.411081 0.159495 0.411003 0.164361 0.411081 0.159495 0.409402 0.157883 0.407699 0.157894 0.404343 0.154673 0.404370 0.153051 0.401015 0.149829 0.401041 0.148208 0.397687 0.144987 0.397713 0.143366 0.396036 0.141755 0.396062 0.140135 0.392708 0.136915 0.392735 0.135294 0.389383 0.132074 0.389410 0.130455 0.387733 0.128846 0.387760 0.127226 0.384408 0.124007 0.384435 0.122388 0.381083 0.119170 0.381110 0.117551 0.377759 0.114333 0.372649 0.114362 0.372788 0.106271 0.377897 0.106242 0.379628 0.104615 0.379655 0.102998 0.381385 0.101370 0.381494 0.094902
0 0.785016 0.009245 0.784893 0.031670 0.771435 0.031734 0.766416 0.026949 0.766426 0.025346 0.764753 0.023751 0.759704 0.023774 0.759794 0.009357
0 0.203633 0.588670 0.203236 0.607003 0.192827 0.607127 0.192974 0.600457 0.189578 0.597165 0.184375 0.597227 0.184560 0.588894
0 0.740925 0.569141 0.740803 0.587333 0.732250 0.587434 0.732307 0.579162 0.730609 0.577527 0.730666 0.569260
0 0.791398 0.073357 0.791072 0.134509 0.786013 0.134539 0.779228 0.141030 0.779219 0.142644 0.775824 0.145891 0.774137 0.145901 0.772439 0.147525 0.770752 0.147535 0.769053 0.149159 0.767366 0.149170 0.765668 0.150795 0.765639 0.155637 0.760572 0.155669 0.760602 0.150826 0.757244 0.147619 0.755555 0.147630 0.750520 0.142820 0.750531 0.141206 0.747175 0.138000 0.747185 0.136387 0.743829 0.133180 0.738763 0.133211 0.738905 0.112255 0.743969 0.112226 0.745668 0.110605 0.745678 0.108995 0.747376 0.107374 0.747397 0.104154 0.749095 0.102534 0.749126 0.097705 0.750823 0.096086 0.750844 0.092868 0.754237 0.089632 0.754247 0.088023 0.755943 0.086405 0.755953 0.084798 0.757649 0.083180 0.757659 0.081572 0.759354 0.079955 0.759394 0.073525
0 0.477989 0.004184 0.477874 0.012219 0.482889 0.017017 0.487971 0.016994 0.487454 0.054005 0.482367 0.054031 0.473770 0.062130 0.473747 0.063741 0.470307 0.066983 0.470214 0.073435 0.460028 0.073488 0.460123 0.067036 0.456776 0.063828 0.455078 0.063837 0.455101 0.062225 0.451756 0.059018 0.451780 0.057406 0.446760 0.052596 0.446784 0.050986 0.443438 0.047779 0.443463 0.046168 0.441791 0.044566 0.441815 0.042955 0.438469 0.039750 0.438494 0.038140 0.436822 0.036537 0.436946 0.028488 0.440389 0.025253 0.440413 0.023644 0.442135 0.022027 0.442159 0.020419 0.443879 0.018803 0.443904 0.017194 0.447344 0.013962 0.447368 0.012355 0.449088 0.010739 0.449185 0.004310
0 0.361409 0.270508 0.360696 0.311386 0.353842 0.311442 0.348612 0.316397 0.348525 0.321311 0.336522 0.321411 0.336611 0.316496 0.329871 0.310002 0.329901 0.308365 0.326532 0.305119 0.321387 0.305161 0.321569 0.295339 0.326713 0.295298 0.328457 0.293649 0.328487 0.292013 0.335461 0.285416 0.335491 0.283781 0.340718 0.278837 0.340748 0.277203 0.342490 0.275556 0.342578 0.270654
0 0.472301 0.645369 0.472065 0.662032 0.465163 0.662119 0.460058 0.657183 0.460082 0.655517 0.458380 0.653872 0.453202 0.653937 0.453325 0.645606
0 0.591923 0.412590 0.591494 0.452032 0.586362 0.452083 0.575987 0.462062 0.574275 0.462080 0.572545 0.463743 0.570833 0.463761 0.569140 0.462132 0.565716 0.462167 0.560638 0.457279 0.558927 0.457296 0.557234 0.455668 0.552097 0.455720 0.552255 0.442553 0.559102 0.442486 0.560832 0.440824 0.560851 0.439179 0.562581 0.437518 0.564292 0.437501 0.569480 0.432518 0.569499 0.430873 0.572958 0.427553 0.572977 0.425910 0.578161 0.420932 0.578180 0.419289 0.579908 0.417631 0.579963 0.412704
0 0.693188 0.549858 0.692778 0.601148 0.687638 0.601210 0.685911 0.602888 0.685871 0.607861 0.670444 0.608046 0.670501 0.601415 0.665402 0.596505 0.663688 0.596525 0.663702 0.594868 0.658605 0.589959 0.653462 0.590019 0.653583 0.576771 0.658724 0.576711 0.663907 0.571686 0.663921 0.570031 0.677734 0.556643 0.677790 0.550032
0 0.362915 0.580155 0.362485 0.605098 0.357303 0.605160 0.357389 0.600169 0.350595 0.593597 0.343684 0.593678 0.343921 0.580376
0 0.539005 0.269136 0.538599 0.301755 0.533482 0.301797 0.530030 0.305090 0.530009 0.306724 0.528283 0.308371 0.528262 0.310004 0.526535 0.311652 0.524828 0.311666 0.523101 0.313313 0.519687 0.313341 0.511261 0.305244 0.511282 0.303611 0.506228 0.298753 0.506249 0.297120 0.502879 0.293882 0.502901 0.292250 0.501217 0.290632 0.501261 0.287368 0.499577 0.285749 0.499643 0.280854 0.501371 0.279210 0.501503 0.269426
0 0.187841 0.363733 0.187144 0.395021 0.176793 0.395117 0.176942 0.388525 0.171879 0.383629 0.171916 0.381981 0.170228 0.380350 0.170265 0.378704 0.168579 0.377072 0.161678 0.377134 0.161981 0.363962
0 0.420053 0.023738 0.419618 0.051120 0.412823 0.051154 0.405923 0.057637 0.404223 0.057645 0.402497 0.059267 0.399098 0.059284 0.395752 0.056076 0.394051 0.056084 0.394078 0.054472 0.382370 0.043243 0.382397 0.041631 0.379053 0.038425 0.373954 0.038449 0.374203 0.023949
0 0.423049 0.706070 0.422660 0.731170 0.403615 0.731428 0.404018 0.706322
0 0.548984 0.010295 0.548610 0.040827 0.543533 0.040852 0.541820 0.042469 0.540126 0.042477 0.536700 0.045712 0.536680 0.047320 0.534967 0.048939 0.533273 0.048947 0.528130 0.053802 0.526437 0.053810 0.524763 0.052208 0.521375 0.052225 0.504646 0.036213 0.504690 0.032996 0.501345 0.029795 0.496262 0.029819 0.496328 0.024994 0.501411 0.024970 0.503127 0.023355 0.503170 0.020140 0.504885 0.018525 0.504993 0.010490
0 0.574218 0.770938 0.574010 0.789373 0.565373 0.789497 0.565450 0.782791 0.560327 0.777835 0.555145 0.777909 0.555225 0.771205
0 0.670605 0.003343 0.670154 0.054699 0.663402 0.054733 0.661700 0.056348 0.661685 0.057956 0.659982 0.059572 0.659923 0.066005 0.646409 0.066074 0.646455 0.061249 0.643107 0.058050 0.643122 0.056442 0.634754 0.048446 0.634769 0.046838 0.631424 0.043642 0.631440 0.042034 0.623074 0.034041 0.618008 0.034066 0.618320 0.003571
0 0.214793 0.715535 0.214435 0.732316 0.205735 0.732434 0.204030 0.730779 0.202289 0.730803 0.200586 0.729147 0.195365 0.729217 0.195658 0.715790
0 0.630071 0.703328 0.629909 0.720012 0.624745 0.720082 0.623039 0.718435 0.619595 0.718482 0.617890 0.716836 0.611003 0.716928 0.611140 0.703579
0 0.319006 0.714146 0.318698 0.730904 0.311755 0.730998 0.310051 0.729346 0.308315 0.729369 0.304906 0.726062 0.299699 0.726132 0.299921 0.714400
0 0.446614 0.062268 0.446223 0.088086 0.441126 0.088113 0.439401 0.089738 0.437701 0.089747 0.434253 0.092996 0.434153 0.099459 0.425651 0.099506 0.425753 0.093042 0.417380 0.085012 0.417405 0.083398 0.412382 0.078580 0.407282 0.078607 0.407544 0.062468
0 0.264662 0.654641 0.264295 0.673027 0.255618 0.673138 0.255720 0.668122 0.250617 0.663173 0.245410 0.663239 0.245581 0.654881
0 0.471357 0.712115 0.471096 0.730513 0.462451 0.730630 0.462547 0.723937 0.460843 0.722288 0.460867 0.720614 0.459163 0.718965 0.459260 0.712276
0 0.536153 0.498741 0.535825 0.525171 0.530675 0.525228 0.527200 0.528572 0.525484 0.528591 0.523747 0.530263 0.522029 0.530282 0.520291 0.531956 0.520227 0.536918 0.515074 0.536975 0.515160 0.530358 0.510074 0.525454 0.508356 0.525473 0.508378 0.523818 0.504987 0.520549 0.505009 0.518896 0.501618 0.515628 0.496467 0.515683 0.496690 0.499161
0 0.250239 0.011623 0.250039 0.021296 0.239811 0.021343 0.238141 0.019739 0.231321 0.019770 0.231493 0.011707
0 0.257725 0.654728 0.257354 0.673116 0.252149 0.673183 0.252250 0.668166 0.247146 0.663216 0.247317 0.654859
0 0.725888 0.762115 0.725711 0.787199 0.720548 0.787273 0.720596 0.780581 0.717180 0.777283 0.717192 0.775611 0.715484 0.773963 0.715497 0.772290 0.712081 0.768995 0.706920 0.769067 0.706971 0.762380
0 0.187841 0.363733 0.187144 0.395021 0.178519 0.395101 0.178630 0.390157 0.173566 0.385260 0.173603 0.383613 0.171916 0.381981 0.171954 0.380334 0.166891 0.375441 0.161716 0.375488 0.161981 0.363962
0 0.639588 0.248842 0.639542 0.253720 0.641225 0.255333 0.641210 0.256960 0.644577 0.260186 0.644561 0.261813 0.651296 0.268268 0.651281 0.269896 0.652965 0.271509 0.652950 0.273137 0.659688 0.279594 0.659673 0.281223 0.661358 0.282837 0.668154 0.282783 0.667982 0.302332 0.661182 0.302388 0.657752 0.305676 0.657738 0.307306 0.654306 0.310596 0.652605 0.310610 0.647457 0.315545 0.642353 0.315588 0.638980 0.312353 0.638995 0.310722 0.635624 0.307488 0.635639 0.305857 0.633954 0.304240 0.633970 0.302610 0.632284 0.300993 0.632300 0.299362 0.627245 0.294513 0.627261 0.292882 0.617153 0.283187 0.617169 0.281558 0.615485 0.279942 0.608681 0.279996 0.608817 0.266968 0.615619 0.266916 0.617336 0.265275 0.617352 0.263647 0.624218 0.257089 0.624299 0.248957
0 0.733176 0.701962 0.733108 0.711958 0.724524 0.712072 0.722818 0.710428 0.721101 0.710451 0.719396 0.708808 0.714245 0.708877 0.714294 0.702212
0 0.678220 0.702690 0.678067 0.721032 0.669468 0.721148 0.669525 0.714476 0.667821 0.712831 0.667835 0.711162 0.666130 0.709518 0.666188 0.702849
0 0.232500 0.206198 0.232121 0.224135 0.226977 0.224172 0.220255 0.217695 0.220325 0.214434 0.218645 0.212814 0.213500 0.212850 0.213641 0.206328
0 0.134208 0.012139 0.133781 0.029904 0.123522 0.029952 0.123679 0.023488 0.120338 0.020274 0.115208 0.020298 0.115406 0.012223
0 0.677660 0.769480 0.677562 0.781194 0.670672 0.781292 0.667256 0.777992 0.665532 0.778017 0.663825 0.776368 0.658657 0.776441 0.658717 0.769747
0 0.483350 0.348000 0.482709 0.393920 0.477572 0.393967 0.468891 0.402261 0.467177 0.402278 0.465440 0.403936 0.462013 0.403969 0.458634 0.400714 0.456920 0.400730 0.451853 0.395849 0.451877 0.394206 0.445121 0.387700 0.445146 0.386058 0.441768 0.382805 0.436628 0.382852 0.436954 0.361519 0.443803 0.361458 0.445540 0.359802 0.445564 0.358163 0.449037 0.354854 0.449135 0.348299
0 0.393507 0.820549 0.393315 0.832337 0.381153 0.832517 0.381349 0.820728
0 0.388021 0.316069 0.387447 0.350476 0.382304 0.350521 0.373871 0.342397 0.373899 0.340758 0.362097 0.329387 0.355238 0.329445 0.355468 0.316340
0 0.748699 0.424202 0.748604 0.438964 0.736681 0.439082 0.736781 0.424318
0 0.468348 0.440093 0.468088 0.458215 0.462941 0.458267 0.463036 0.451676 0.459651 0.448414 0.459675 0.446767 0.457984 0.445136 0.458056 0.440195
0 0.733632 0.635468 0.733529 0.650407 0.728389 0.650472 0.726686 0.648833 0.724972 0.648855 0.724984 0.647195 0.723282 0.645555 0.723293 0.643894 0.721591 0.642256 0.721639 0.635617
0 0.240400 0.822798 0.240019 0.841362 0.220830 0.841649 0.221221 0.823080
0 0.426142 0.506523 0.425809 0.528034 0.420645 0.528091 0.418898 0.529765 0.417177 0.529784 0.411933 0.534810 0.410211 0.534829 0.408462 0.536505 0.405017 0.536543 0.403321 0.534906 0.401599 0.534925 0.398208 0.531649 0.398235 0.529993 0.396539 0.528356 0.396566 0.526699 0.394872 0.525061 0.394899 0.523406 0.393204 0.521769 0.393231 0.520113 0.391536 0.518477 0.386369 0.518533 0.386561 0.506948
0 0.367545 0.713499 0.367259 0.730247 0.362060 0.730317 0.360355 0.728665 0.358620 0.728689 0.353508 0.723732 0.348306 0.723802 0.348483 0.713753
0 0.303361 0.441724 0.303079 0.456582 0.296187 0.456652 0.292804 0.453383 0.292868 0.450080 0.291177 0.448446 0.291304 0.441843
0 0.269213 0.775236 0.268715 0.800480 0.251302 0.800731 0.251404 0.795679 0.247989 0.792361 0.242764 0.792436 0.242937 0.784018 0.248161 0.783943 0.251711 0.780529 0.251813 0.775482
0 0.755960 0.352152 0.755847 0.370122 0.747350 0.370198 0.747392 0.363660 0.745703 0.362042 0.745714 0.360408 0.744026 0.358790 0.744069 0.352257
0 0.297793 0.017856 0.296762 0.071111 0.289942 0.071147 0.286469 0.074398 0.286341 0.080865 0.269282 0.080956 0.269412 0.074487 0.267738 0.072879 0.267771 0.071262 0.266098 0.069654 0.266130 0.068037 0.264458 0.066429 0.264491 0.064812 0.262817 0.063205 0.262850 0.061589 0.256159 0.055161 0.251042 0.055186 0.251542 0.030967 0.256657 0.030943 0.258394 0.029322 0.258460 0.026095 0.260197 0.024475 0.260329 0.018025
0 0.502457 0.452926 0.501817 0.500758 0.488083 0.500904 0.484694 0.497636 0.484717 0.495985 0.483023 0.494352 0.476155 0.494424 0.476737 0.453185
0 0.289180 0.822081 0.288824 0.840634 0.280113 0.840764 0.280244 0.834014 0.275117 0.829032 0.269890 0.829109 0.270023 0.822363
0 0.639542 0.431831 0.639369 0.449907 0.630827 0.449993 0.630892 0.443416 0.629200 0.441790 0.629216 0.440147 0.625832 0.436894 0.620707 0.436945 0.620757 0.432015
0 0.312067 0.714238 0.311724 0.732675 0.304780 0.732769 0.304875 0.727739 0.303171 0.726085 0.303234 0.722732 0.301530 0.721080 0.301656 0.714377
0 0.574971 0.704058 0.574783 0.720754 0.569612 0.720824 0.567906 0.719176 0.566182 0.719199 0.564477 0.717552 0.564535 0.712542 0.562830 0.710895 0.562908 0.704217
0 0.502369 0.459516 0.501817 0.500758 0.488083 0.500904 0.484694 0.497636 0.484717 0.495985 0.481329 0.492719 0.476179 0.492773 0.476644 0.459777
0 0.694195 0.003240 0.685772 0.003277 0.685825 0.000000 0.694246 0.000000 0.694195 0.003240 0.697538 0.006430 0.699235 0.004819 0.699299 0.000000 0.724550 0.000000 0.724504 0.003108 0.726175 0.004701 0.731224 0.004679 0.730942 0.044761 0.724202 0.044794 0.722504 0.046407 0.722469 0.051224 0.720772 0.052839 0.720725 0.059263 0.710608 0.059315 0.710645 0.054496 0.703949 0.048105 0.703962 0.046498 0.702288 0.044901 0.702300 0.043296 0.695608 0.036908 0.695621 0.035302 0.693948 0.033705 0.693961 0.032100 0.692287 0.030503 0.692301 0.028899 0.690628 0.027303 0.685571 0.027327 0.685625 0.020909 0.690681 0.020886 0.692379 0.019275 0.692392 0.017672 0.694091 0.016061 0.694117 0.012855 0.695815 0.011245 0.695828 0.009642 0.697525 0.008032 0.697538 0.006430
0 0.622525 0.770257 0.622342 0.788680 0.615441 0.788779 0.615492 0.783753 0.612076 0.780451 0.612093 0.778775 0.608677 0.775475 0.603502 0.775549 0.603555 0.770524
0 0.497648 0.812297 0.497423 0.829110 0.490493 0.829213 0.488783 0.827557 0.487050 0.827583 0.483631 0.824269 0.478432 0.824345 0.478596 0.812575
0 0.422010 0.773083 0.421776 0.788195 0.411372 0.788343 0.409664 0.786689 0.402728 0.786787 0.402943 0.773352
0 0.213361 0.782755 0.213110 0.794544 0.204394 0.794669 0.202686 0.793009 0.200942 0.793034 0.199236 0.791374 0.194006 0.791448 0.194190 0.783027
0 0.263767 0.184817 0.262023 0.186456 0.261990 0.188084 0.260244 0.189723 0.255108 0.189757 0.255308 0.179992 0.263866 0.179936 0.263767 0.184817 0.272226 0.189642 0.273970 0.188004 0.274003 0.186376 0.275747 0.184737 0.275844 0.179857 0.301497 0.179688 0.301373 0.186194 0.304730 0.189425 0.304699 0.191051 0.309737 0.195899 0.314867 0.195864 0.314194 0.231701 0.309059 0.231738 0.305572 0.235025 0.305541 0.236656 0.302055 0.239943 0.302024 0.241575 0.298534 0.244864 0.298503 0.246497 0.291523 0.253079 0.286383 0.253117 0.286415 0.251484 0.281369 0.246624 0.281401 0.244991 0.278039 0.241752 0.278072 0.240119 0.262943 0.225547 0.262976 0.223915 0.261296 0.222297 0.261329 0.220667 0.259648 0.219048 0.254507 0.219084 0.254674 0.210934 0.261527 0.210886 0.263273 0.209244 0.263306 0.207614 0.265051 0.205973 0.265084 0.204344 0.270319 0.199422 0.270384 0.196166 0.272128 0.194526 0.272226 0.189642
0 0.536153 0.498741 0.535825 0.525171 0.530675 0.525228 0.528938 0.526900 0.527221 0.526919 0.525484 0.528591 0.523768 0.528610 0.522029 0.530282 0.518595 0.530320 0.516856 0.531994 0.516791 0.536956 0.516856 0.531994 0.504987 0.520549 0.505009 0.518896 0.503314 0.517262 0.503336 0.515609 0.501640 0.513974 0.496489 0.514030 0.496690 0.499161
0 0.490193 0.223922 0.490126 0.228801 0.491807 0.230416 0.491785 0.232043 0.493466 0.233658 0.493443 0.235286 0.495126 0.236900 0.495104 0.238527 0.498468 0.241758 0.505284 0.241708 0.504935 0.267769 0.492996 0.267861 0.493086 0.261341 0.486354 0.254876 0.486377 0.253246 0.481330 0.248397 0.481399 0.243512 0.479717 0.241897 0.479809 0.235385 0.481536 0.233745 0.481673 0.223983
0 0.698055 0.802668 0.697937 0.817753 0.685872 0.817931 0.685995 0.802843
0 0.243423 0.011654 0.243221 0.021328 0.231287 0.021382 0.231493 0.011707
0 0.526612 0.711378 0.526380 0.729763 0.519473 0.729857 0.519538 0.724841 0.514422 0.719895 0.507517 0.719987 0.507627 0.711631
0 0.393507 0.820549 0.393205 0.839076 0.374089 0.839361 0.374400 0.820830
0 0.709612 0.189950 0.709489 0.206145 0.702714 0.206192 0.697672 0.201367 0.697685 0.199747 0.696003 0.198138 0.690921 0.198173 0.690987 0.190076
0 0.367545 0.713499 0.367231 0.731922 0.355096 0.732086 0.355416 0.713660
0 0.344855 0.821264 0.344528 0.839803 0.334090 0.839958 0.334180 0.834900 0.330762 0.831580 0.325543 0.831657 0.325726 0.821545
0 0.575647 0.644078 0.575441 0.662383 0.566834 0.662493 0.566911 0.655833 0.563507 0.652548 0.563526 0.650884 0.561825 0.649242 0.556662 0.649307 0.556721 0.644315
0 0.240400 0.822798 0.240158 0.834609 0.227950 0.834790 0.228196 0.822977
0 0.475208 0.440026 0.475068 0.449907 0.456195 0.450096 0.456340 0.440212
0 0.643569 0.809042 0.637858 0.812576 0.637090 0.818799 0.641310 0.822878 0.648410 0.822773 0.651293 0.817899
0 0.592433 0.810480 0.587437 0.812624 0.585917 0.821624 0.588725 0.825037 0.593692 0.825654 0.598015 0.820064 0.598059 0.815921 0.595276 0.810438
0 0.543332 0.814649 0.536216 0.814753 0.534689 0.823070 0.538189 0.827858 0.544595 0.827763 0.548253 0.819414 0.546846 0.818052
0 0.515394 0.773639 0.510352 0.778538 0.508829 0.786148 0.513072 0.788160 0.520197 0.787366 0.522392 0.782507 0.520320 0.777707 0.519618 0.777027
0 0.437150 0.817588 0.431357 0.823209 0.432720 0.827343 0.439816 0.830008 0.445587 0.825768 0.444231 0.820944
0 0.681081 0.647867 0.681833 0.642390 0.675520 0.637686 0.671250 0.641840 0.670492 0.648000 0.673976 0.653425 0.679617 0.654036
0 0.578616 0.584944 0.579414 0.576754 0.570962 0.574808 0.566606 0.585085 0.567265 0.589169 0.574293 0.592497 0.581427 0.586275
0 0.701273 0.501318 0.680184 0.502223 0.670340 0.502328 0.669462 0.522687 0.672187 0.532842 0.679191 0.536838 0.689743 0.536721 0.696107 0.532576 0.703213 0.522997 0.703313 0.510108
0 0.258110 0.514235 0.232546 0.513149 0.227354 0.523438 0.229258 0.534338 0.235362 0.548613 0.243860 0.550568 0.250293 0.549130 0.257586 0.540169 0.260707 0.526485 0.260927 0.515569
0 0.191214 0.452291 0.189898 0.447543 0.184228 0.446921 0.179116 0.453091 0.178994 0.458535 0.183924 0.460526 0.188265 0.457081
0 0.512659 0.332295 0.489108 0.307611 0.473363 0.327917 0.494733 0.358713
0 0.460045 0.276948 0.475428 0.281526 0.478094 0.291576 0.477895 0.305686 0.474248 0.315129 0.462246 0.318590 0.450411 0.310618 0.449928 0.295832 0.453553 0.288413 0.459274 0.281653
0 0.437864 0.303324 0.409971 0.331822 0.431395 0.357925 0.455056 0.329419 0.437874 0.302652
0 0.423427 0.281936 0.387539 0.282891 0.390009 0.303714 0.403187 0.315719 0.416693 0.307532 0.422534 0.294036
0 0.501233 0.138304 0.483755 0.138410 0.483715 0.191086 0.501911 0.191630 0.503330 0.138292
0 0.445235 0.141310 0.426999 0.143420 0.428362 0.190789 0.445190 0.190676
0 0.531170 0.091608 0.499934 0.130992 0.523327 0.158811 0.543526 0.107472 0.535304 0.095569
0 0.382526 0.000000 0.382267 0.012818 0.373141 0.015506 0.358103 0.000000
