0 0.699022 0.663757 0.700792 0.663832 0.702355 0.665833 0.704124 0.665908 0.705686 0.667908 0.707456 0.667983 0.710578 0.671980 0.712346 0.672055 0.713907 0.674053 0.715675 0.674128 0.718793 0.678122 0.720561 0.678197 0.729905 0.690166 0.729695 0.692084 0.732806 0.696069 0.738101 0.696292 0.731803 0.753646 0.707150 0.752637 0.707772 0.746913 0.704661 0.742950 0.702898 0.742877 0.703105 0.740968 0.699991 0.737002 0.700198 0.735091 0.698641 0.733107 0.698847 0.731195 0.697289 0.729210 0.697496 0.727298 0.695938 0.725312 0.696350 0.721485 0.693232 0.717509 0.693438 0.715595 0.691878 0.713606 0.692084 0.711690 0.690524 0.709700 0.690730 0.707784 0.687607 0.703802 0.687813 0.701884 0.684689 0.697899 0.684895 0.695980 0.675511 0.684010 0.675716 0.682088 0.671018 0.676094 0.671223 0.674171 0.669656 0.672172 0.669861 0.670247 0.668293 0.668247 0.669930 0.652835 0.696516 0.653976 0.695895 0.659755 0.699022 0.663757
0 0.800620 0.565289 0.802392 0.565369 0.803946 0.567388 0.807490 0.567547 0.809043 0.569565 0.810814 0.569644 0.812367 0.571662 0.814137 0.571741 0.820342 0.579808 0.820123 0.581744 0.823223 0.585773 0.823004 0.587709 0.824553 0.589722 0.824333 0.591656 0.825882 0.593669 0.825663 0.595603 0.827211 0.597614 0.826772 0.601479 0.829866 0.605499 0.829427 0.609361 0.830973 0.611369 0.830753 0.613299 0.833845 0.617313 0.839140 0.617545 0.834080 0.661810 0.827034 0.661508 0.821093 0.667043 0.820874 0.668963 0.814936 0.674494 0.814283 0.680249 0.777273 0.678677 0.778130 0.670997 0.775030 0.667004 0.775244 0.665082 0.773693 0.663085 0.771928 0.663009 0.767271 0.657013 0.767485 0.655089 0.765932 0.653089 0.766145 0.651164 0.763038 0.647161 0.763251 0.645235 0.755474 0.635217 0.753705 0.635140 0.752148 0.633135 0.748609 0.632981 0.747051 0.630975 0.745281 0.630898 0.743722 0.628892 0.741952 0.628815 0.740393 0.626807 0.738622 0.626730 0.737062 0.624723 0.733519 0.624568 0.731958 0.622560 0.730186 0.622483 0.728625 0.620473 0.725080 0.620319 0.723517 0.618309 0.714652 0.617922 0.713087 0.615911 0.691793 0.614980 0.690225 0.612968 0.681346 0.612579 0.679776 0.610566 0.670892 0.610177 0.669320 0.608163 0.660431 0.607773 0.658857 0.605758 0.649964 0.605368 0.654042 0.566540 0.659388 0.566778 0.667336 0.559315 0.668158 0.551528 0.799717 0.557446 0.799065 0.563269 0.800620 0.565289
0 0.582861 0.596575 0.582664 0.598516 0.584251 0.600536 0.583856 0.604417 0.585442 0.606435 0.585244 0.608375 0.586829 0.610392 0.586632 0.612331 0.588216 0.614347 0.587821 0.618223 0.589405 0.620238 0.589207 0.622175 0.590791 0.624188 0.596134 0.624421 0.590791 0.676559 0.585461 0.676333 0.581513 0.680035 0.580924 0.685810 0.547148 0.684386 0.548116 0.674751 0.546529 0.672747 0.546723 0.670818 0.545136 0.668814 0.545909 0.661094 0.544321 0.659087 0.544708 0.655224 0.543120 0.653216 0.543313 0.651283 0.541724 0.649274 0.542111 0.645407 0.540521 0.643397 0.540907 0.639527 0.539317 0.637515 0.539510 0.635580 0.536328 0.631553 0.536521 0.629616 0.534929 0.627602 0.535122 0.625664 0.533529 0.623648 0.533915 0.619771 0.532322 0.617754 0.526963 0.617521 0.530235 0.584492 0.582064 0.586782 0.581274 0.594554 0.582861 0.596575
0 0.681608 0.726640 0.681403 0.728553 0.696989 0.748388 0.698752 0.748460 0.700308 0.750440 0.702071 0.750513 0.705181 0.754472 0.706943 0.754544 0.710051 0.758501 0.711812 0.758573 0.713366 0.760551 0.715126 0.760623 0.718231 0.764577 0.719991 0.764648 0.721542 0.766624 0.723302 0.766696 0.724853 0.768671 0.726612 0.768743 0.729712 0.772692 0.731470 0.772763 0.733019 0.774737 0.734777 0.774808 0.736326 0.776781 0.743355 0.777066 0.739998 0.807445 0.731224 0.807095 0.731850 0.801405 0.730303 0.799437 0.705706 0.798454 0.704155 0.796485 0.695363 0.796133 0.693809 0.794162 0.692051 0.794092 0.690496 0.792121 0.688737 0.792051 0.687182 0.790079 0.685422 0.790009 0.683867 0.788037 0.680347 0.787895 0.678790 0.785922 0.675269 0.785781 0.673711 0.783807 0.671950 0.783737 0.670392 0.781763 0.668630 0.781692 0.667071 0.779717 0.665309 0.779646 0.662190 0.775695 0.660427 0.775624 0.657306 0.771671 0.657508 0.769766 0.652823 0.763831 0.653025 0.761924 0.651463 0.759944 0.651665 0.758036 0.650101 0.756055 0.650505 0.752237 0.648942 0.750255 0.649143 0.748345 0.646014 0.744378 0.646216 0.742467 0.644651 0.740483 0.645457 0.732832 0.643891 0.730845 0.645707 0.713606 0.677538 0.714932 0.676924 0.720678 0.681608 0.726640
0 0.339615 0.477479 0.339439 0.479452 0.341074 0.481509 0.340721 0.485453 0.342356 0.487508 0.342003 0.491450 0.343637 0.493504 0.343461 0.495474 0.345094 0.497526 0.344741 0.501464 0.346373 0.503515 0.346197 0.505483 0.347829 0.507533 0.347652 0.509500 0.349284 0.511549 0.354707 0.511796 0.349755 0.566705 0.306443 0.564782 0.307133 0.556949 0.305498 0.554909 0.305671 0.552949 0.304036 0.550908 0.304380 0.546986 0.302744 0.544944 0.303089 0.541020 0.301453 0.538976 0.301969 0.533086 0.300332 0.531040 0.300676 0.527110 0.299038 0.525063 0.299727 0.517198 0.298088 0.515148 0.298432 0.511212 0.296792 0.509161 0.291356 0.508914 0.293760 0.481310 0.299203 0.481561 0.303177 0.477779 0.306806 0.477947 0.310781 0.474165 0.312595 0.474248 0.316571 0.470466 0.317094 0.464537 0.338860 0.465547 0.337979 0.475422 0.339615 0.477479
0 0.275038 0.380803 0.274695 0.384791 0.276349 0.386872 0.275836 0.392851 0.277488 0.394930 0.277146 0.398913 0.278798 0.400991 0.278627 0.402981 0.280278 0.405058 0.280107 0.407047 0.281758 0.409123 0.281586 0.411111 0.283237 0.413186 0.283065 0.415174 0.284715 0.417247 0.284543 0.419234 0.287841 0.423379 0.287669 0.425365 0.290965 0.429506 0.296423 0.429763 0.293837 0.459485 0.288386 0.459232 0.286398 0.461126 0.251849 0.459521 0.243587 0.449191 0.243922 0.445225 0.242268 0.443157 0.242771 0.437204 0.241116 0.435134 0.242122 0.423216 0.240465 0.421142 0.240968 0.415176 0.239311 0.413101 0.239646 0.409121 0.237989 0.407043 0.238156 0.405053 0.236498 0.402974 0.236832 0.398990 0.233514 0.394830 0.228033 0.394568 0.230536 0.364621 0.274410 0.366743 0.273383 0.378720 0.275038 0.380803
0 0.438331 0.848928 0.438877 0.843232 0.432514 0.835354 0.427194 0.835147 0.428281 0.823732 0.433603 0.823940 0.435559 0.822107 0.435741 0.820203 0.437697 0.818368 0.438244 0.812654 0.470168 0.813914 0.466657 0.850026 0.438331 0.848928
0 0.983772 0.548211 0.984475 0.542398 0.982948 0.540380 0.970610 0.539818 0.969080 0.537799 0.963790 0.537558 0.962258 0.535537 0.960495 0.535457 0.958963 0.533436 0.950139 0.533034 0.952920 0.509713 0.993525 0.511585 0.989056 0.548450 0.983772 0.548211
0 0.537186 0.941729 0.533294 0.945353 0.532726 0.950982 0.494068 0.949562 0.497608 0.913829 0.545123 0.915610 0.542454 0.941924 0.537186 0.941729
0 0.979523 0.742801 0.973469 0.734909 0.971724 0.734837 0.970209 0.732862 0.968464 0.732790 0.966948 0.730815 0.961709 0.730597 0.965860 0.696289 0.992085 0.697398 0.986499 0.743089 0.979523 0.742801
0 0.887272 0.584733 0.885282 0.586587 0.883517 0.586509 0.881528 0.588364 0.860342 0.587422 0.857254 0.583397 0.851953 0.583161 0.852397 0.579290 0.857700 0.579527 0.861679 0.575813 0.863446 0.575892 0.865437 0.574035 0.867204 0.574114 0.869194 0.572256 0.870961 0.572335 0.876935 0.566763 0.877608 0.560949 0.895276 0.561744 0.892565 0.584968 0.887272 0.584733
0 0.885076 0.962061 0.881174 0.965657 0.880513 0.971238 0.868397 0.970795 0.869055 0.965212 0.864516 0.959434 0.862783 0.959371 0.861269 0.957444 0.857803 0.957316 0.856288 0.955389 0.854554 0.955325 0.853038 0.953397 0.853256 0.951532 0.851740 0.949603 0.853485 0.934672 0.893369 0.936161 0.890269 0.962253 0.885076 0.962061
0 0.760411 0.813966 0.762164 0.814036 0.765245 0.817962 0.774003 0.818309 0.771034 0.844771 0.765785 0.844566 0.763824 0.846385 0.762075 0.846317 0.760114 0.848136 0.758365 0.848068 0.754444 0.851706 0.752695 0.851638 0.748775 0.855275 0.748146 0.860933 0.706128 0.859305 0.706746 0.853642 0.703651 0.849728 0.701898 0.849660 0.700350 0.847702 0.700555 0.845812 0.697458 0.841895 0.695704 0.841826 0.687952 0.832022 0.686196 0.831953 0.679986 0.824101 0.678228 0.824032 0.675120 0.820103 0.669846 0.819894 0.671472 0.804715 0.678509 0.804996 0.680472 0.803167 0.680676 0.801268 0.682436 0.801338 0.684399 0.799510 0.685218 0.791909 0.750243 0.794517 0.749611 0.800209 0.760411 0.813966
0 0.973728 0.469523 0.974666 0.461709 0.971595 0.457633 0.966284 0.457383 0.968390 0.439771 1.000000 0.441371 0.998483 0.470685 0.973728 0.469523
0 0.870039 0.299971 0.875413 0.300241 0.871100 0.337964 0.853215 0.337078 0.851201 0.338972 0.833302 0.338086 0.831735 0.336014 0.826362 0.335748 0.824348 0.337643 0.808223 0.336845 0.806210 0.338740 0.800832 0.338474 0.798820 0.340370 0.789855 0.339927 0.787842 0.341823 0.782462 0.341557 0.780450 0.343452 0.775069 0.343187 0.773057 0.345083 0.762291 0.344552 0.760280 0.346448 0.753100 0.346094 0.751520 0.344021 0.746132 0.343756 0.742970 0.339607 0.741173 0.339519 0.734841 0.331215 0.729447 0.330948 0.731372 0.313038 0.738569 0.313398 0.740584 0.311496 0.740799 0.309504 0.742598 0.309594 0.744612 0.307692 0.746412 0.307782 0.748426 0.305880 0.753823 0.306150 0.757854 0.302345 0.759653 0.302435 0.761668 0.300533 0.763467 0.300623 0.765483 0.298720 0.769080 0.298901 0.771096 0.296998 0.774693 0.297179 0.778726 0.293373 0.779382 0.287390 0.869155 0.291920 0.868474 0.297891 0.870039 0.299971
0 0.384941 0.791385 0.382983 0.793225 0.379422 0.793083 0.377465 0.794923 0.376934 0.800654 0.360909 0.800018 0.361435 0.794286 0.353399 0.784367 0.354623 0.770962 0.395626 0.772613 0.393841 0.791740 0.384941 0.791385
0 0.442837 0.949565 0.440894 0.951379 0.435607 0.951185 0.435788 0.949306 0.434206 0.947362 0.434929 0.939840 0.433346 0.937893 0.434430 0.926597 0.459123 0.927515 0.456929 0.950082 0.442837 0.949565
0 0.643828 0.898547 0.641875 0.900363 0.636615 0.900163 0.635061 0.898215 0.626292 0.897883 0.628078 0.880925 0.654399 0.881932 0.652591 0.898879 0.643828 0.898547
0 0.446219 0.250359 0.447349 0.238267 0.467428 0.239294 0.466287 0.251380 0.446219 0.250359
0 0.634315 0.251862 0.631101 0.247661 0.631923 0.239626 0.650049 0.240556 0.648806 0.252601 0.634315 0.251862
1 0.179368 0.791709 0.453454 0.567550 0.401364 0.768821 0.179368 0.791709
1 0.334434 0.779563 0.153428 0.815117 0.087905 0.803991 0.042288 0.739566 0.137590 0.699074 0.231050 0.734956 0.178227 0.791664 0.334434 0.779563
1 0.039898 0.740700 0.000000 0.496943 0.012812 0.449474 0.167258 0.687955 0.039898 0.740700
0 0.830041 0.285703 0.795099 0.290306 0.757293 0.299866 0.703648 0.295899 0.681524 0.287133 0.703776 0.272932 0.750021 0.271445 0.805179 0.261482 0.832168 0.256475 0.845868 0.267386 0.838736 0.279773 0.838308 0.283573 0.830041 0.285703
0 0.836021 0.252840 0.788305 0.258066 0.758268 0.259088 0.745941 0.255902 0.748185 0.245779 0.766484 0.236474 0.790517 0.227463 0.817998 0.228883 0.852586 0.238349 0.884238 0.252756 0.865845 0.253091 0.836021 0.252840
0 0.194201 0.301181 0.204484 0.290130 0.219239 0.296003 0.204394 0.305538 0.194201 0.301181
0 0.318715 0.241820 0.317168 0.232713 0.326118 0.224133 0.327210 0.238385 0.318715 0.241820
0 0.460736 0.283701 0.447447 0.276623 0.454992 0.270592 0.465050 0.274947 0.460736 0.283701
