0 0.624743 0.000000 0.623446 0.000000 0.624914 0.000000 0.632081 0.000000 0.627538 0.022011 0.620381 0.021552 0.611930 0.029260 0.610140 0.029145 0.605916 0.032999 0.602336 0.032770 0.600223 0.034698 0.594850 0.034355 0.593380 0.032199 0.591589 0.032085 0.584227 0.021297 0.582433 0.021182 0.579485 0.016862 0.577691 0.016747 0.574740 0.012424 0.572945 0.012309 0.571469 0.010145 0.566080 0.009798 0.567355 0.001606 0.572746 0.001954 0.574862 0.000021 0.575182 0.000000 0.577298 0.000000 0.577618 0.000000 0.581851 0.000000 0.583647 0.000000 0.585765 0.000000 0.587049 0.000000
0 0.861833 0.079953 0.854972 0.120218 0.849701 0.119893 0.845503 0.123696 0.843746 0.123588 0.839548 0.127390 0.838526 0.133414 0.817426 0.132123 0.818443 0.126095 0.815601 0.121857 0.813839 0.121749 0.812418 0.119630 0.812756 0.117617 0.809910 0.113374 0.808149 0.113266 0.806724 0.111144 0.804962 0.111035 0.800687 0.104663 0.795395 0.104335 0.797421 0.092233 0.802715 0.092563 0.809025 0.086839 0.809364 0.084820 0.811467 0.082910 0.812485 0.076851
0 0.311681 0.585348 0.307670 0.612542 0.300604 0.612218 0.298552 0.614077 0.297412 0.621833 0.265589 0.620382 0.266436 0.614559 0.260483 0.606464 0.253397 0.606138 0.256778 0.582784
0 0.067967 0.342328 0.066624 0.352359 0.069717 0.356560 0.076973 0.356945 0.076435 0.360952 0.069180 0.360567 0.060850 0.368195 0.059035 0.368099 0.054873 0.371910 0.047612 0.371528 0.045531 0.373435 0.032819 0.372766 0.031266 0.370666 0.029449 0.370571 0.026344 0.366373 0.019070 0.365989 0.022505 0.339892
0 0.149987 0.142923 0.146087 0.171487 0.140612 0.171165 0.136409 0.175026 0.135577 0.181137 0.122801 0.180390 0.123629 0.174277 0.118977 0.167838 0.109837 0.167301 0.108284 0.165152 0.106455 0.165044 0.103346 0.160745 0.097856 0.160421 0.100599 0.139977
0 0.080323 0.653091 0.076348 0.682206 0.069215 0.681896 0.063073 0.687477 0.045225 0.686704 0.043702 0.684687 0.041915 0.684609 0.034287 0.674517 0.028923 0.674283 0.031009 0.658733 0.036377 0.658970 0.038427 0.657103 0.039212 0.651266
0 0.073477 0.382959 0.069721 0.410899 0.062482 0.410526 0.060405 0.412425 0.058595 0.412332 0.056518 0.414232 0.055719 0.420209 0.043044 0.419560 0.043840 0.413580 0.042293 0.411492 0.040482 0.411399 0.032741 0.400953 0.033006 0.398955 0.031456 0.396864 0.031985 0.392867 0.030435 0.390775 0.031759 0.380773
0 0.350491 0.563658 0.346137 0.592825 0.340844 0.592578 0.338791 0.594439 0.333496 0.594192 0.331442 0.596053 0.322614 0.595643 0.320561 0.597503 0.317028 0.597339 0.315548 0.595315 0.312015 0.595151 0.312302 0.593208 0.303411 0.581043 0.303697 0.579096 0.302213 0.577067 0.304269 0.575204 0.304842 0.571307 0.306899 0.569442 0.308046 0.561646
0 0.426664 0.102053 0.423621 0.122398 0.416418 0.121960 0.412209 0.125807 0.411300 0.131902 0.393283 0.130813 0.394488 0.122681 0.388477 0.114102 0.383062 0.113772 0.385168 0.099507
0 0.104583 0.685382 0.101381 0.708588 0.094268 0.708284 0.092223 0.710140 0.083328 0.709760 0.075749 0.699711 0.068622 0.699404 0.070734 0.683911
0 0.087705 0.056309 0.084140 0.083111 0.076783 0.082660 0.074670 0.084606 0.072830 0.084494 0.068605 0.088386 0.067788 0.094562 0.045698 0.093216 0.046509 0.087036 0.043364 0.082689 0.034145 0.082124 0.037920 0.053217
0 0.742641 0.023226 0.736303 0.061824 0.695447 0.059244 0.696435 0.053151 0.692084 0.046716 0.692413 0.044682 0.689511 0.040387 0.684166 0.040046 0.687457 0.019676
0 0.407021 0.471893 0.402868 0.499333 0.395798 0.498984 0.393734 0.500855 0.390198 0.500680 0.388136 0.502550 0.387251 0.508420 0.380179 0.508073 0.381061 0.502201 0.378111 0.498110 0.369261 0.497672 0.373373 0.470203
0 0.110942 0.794076 0.108018 0.815108 0.093876 0.814548 0.094669 0.808814 0.088647 0.800880 0.083336 0.800667 0.084391 0.793007
0 0.278995 0.010067 0.274027 0.045086 0.268556 0.044742 0.266442 0.046684 0.264619 0.046570 0.249820 0.060161 0.247995 0.060047 0.241656 0.065870 0.240791 0.072031 0.218890 0.070675 0.220036 0.062455 0.218495 0.060284 0.216668 0.060171 0.215127 0.057999 0.213299 0.057886 0.207127 0.049198 0.205296 0.049083 0.194475 0.033849 0.188978 0.033503 0.190684 0.021115 0.196184 0.021464 0.206777 0.011714 0.207636 0.005511
0 0.047070 0.525496 0.044430 0.545188 0.037232 0.544846 0.035168 0.546727 0.033369 0.546642 0.031306 0.548525 0.030519 0.554426 0.023317 0.554085 0.024103 0.548183 0.021025 0.544076 0.019223 0.543990 0.019484 0.542021 0.017943 0.539965 0.010733 0.539622 0.012821 0.523848
0 0.622599 0.669457 0.619164 0.690463 0.596693 0.689475 0.597624 0.683747 0.593362 0.677785 0.588169 0.677555 0.589717 0.667990
0 0.930964 0.796969 0.927602 0.815654 0.914116 0.815107 0.912764 0.813171 0.911078 0.813103 0.909725 0.811165 0.902976 0.810891 0.905649 0.795927
0 0.090125 0.367725 0.087424 0.387712 0.074750 0.387050 0.070122 0.380769 0.068310 0.380674 0.066765 0.378580 0.061326 0.378295 0.062933 0.366288
0 0.511649 0.302053 0.509487 0.315981 0.504167 0.315688 0.502084 0.317579 0.501161 0.323543 0.490516 0.322959 0.491436 0.316994 0.488499 0.312818 0.483170 0.312525 0.485009 0.300574
0 0.952630 0.676550 0.950248 0.689791 0.943469 0.689490 0.939401 0.683589 0.932614 0.683287 0.933969 0.675714
0 0.980081 0.523980 0.973524 0.560423 0.966706 0.560093 0.965345 0.558096 0.963640 0.558013 0.962278 0.556015 0.960572 0.555932 0.955120 0.547931 0.949998 0.547682 0.954459 0.522711
0 0.906503 0.705004 0.902809 0.725768 0.892632 0.725327 0.893636 0.719667 0.892272 0.717706 0.885482 0.717411 0.887822 0.704183
0 0.670954 0.286880 0.667402 0.308699 0.655091 0.308015 0.656377 0.300084 0.652060 0.293834 0.653347 0.285890
0 0.661992 0.808668 0.658546 0.829350 0.644857 0.828805 0.646105 0.821287 0.644704 0.819337 0.645016 0.817455 0.642214 0.813555 0.643150 0.807906
0 0.937701 0.606899 0.933958 0.627858 0.922042 0.627307 0.923059 0.621593 0.921694 0.619608 0.916582 0.619370 0.918954 0.606019
0 0.922342 0.180936 0.918527 0.202839 0.899347 0.201704 0.903143 0.179786
0 1.000000 0.040915 1.000000 0.071121 1.000000 0.070678 1.000000 0.072578 1.000000 0.072467 0.999271 0.074367 0.998915 0.076378 0.997168 0.076268 0.995065 0.078167 0.993319 0.078057 0.991217 0.079957 0.990152 0.085987 0.986659 0.085767 0.987723 0.079737 0.983545 0.073372 0.981441 0.075274 0.970949 0.074610 0.973778 0.058499 0.982529 0.059057 0.988843 0.053345 0.990592 0.053457 0.999012 0.045842 1.000000 0.039790
0 0.980081 0.523980 0.973868 0.558509 0.965345 0.558096 0.963983 0.556098 0.962278 0.556015 0.960916 0.554015 0.959209 0.553932 0.953756 0.545929 0.954099 0.544010 0.952734 0.542008 0.956168 0.522795
1 0.266411 0.348449 0.205476 0.359316 0.238782 0.401002
1 0.238284 0.404489 0.147323 0.502522 0.166372 0.547463 0.237128 0.523122
1 0.269987 0.360404 0.304866 0.582783 0.157699 0.579354 0.166935 0.550955 0.236634 0.526566 0.241432 0.404653
1 0.653192 0.335425 0.577594 0.431402 0.585778 0.483776 0.666394 0.450995
1 0.672794 0.297907 0.722400 0.515818 0.578141 0.512136 0.590060 0.482841 0.667602 0.449905 0.653192 0.335425
1 0.668630 0.265979 0.497142 0.292799 0.598532 0.397703
0 1.000000 0.135471 1.000000 0.133802 0.993488 0.140133 0.982451 0.150095 0.979999 0.152309 0.969783 0.163495 0.979560 0.166447 0.985465 0.167982 1.000000 0.159571 1.000000 0.157669 1.000000 0.147471
0 0.298523 0.837949 0.302666 0.838111 0.308207 0.842850 0.310519 0.845953 0.308692 0.848895 0.305375 0.852532 0.292957 0.852051 0.292354 0.846754
0 0.723212 0.517892 0.729553 0.521293 0.731223 0.523692 0.730581 0.527516 0.721419 0.528610 0.713452 0.526676 0.713963 0.523614 0.721028 0.518557
