0 0.687576 0.486334 0.687645 0.490842 0.683546 0.494690 0.677990 0.493808 0.678383 0.519356 0.683939 0.520238 0.688176 0.525408 0.689564 0.525629 0.692388 0.529076 0.692458 0.533585 0.716072 0.537333 0.716002 0.532824 0.718734 0.530260 0.720123 0.530480 0.721489 0.529198 0.722878 0.529419 0.728342 0.524289 0.732508 0.524951 0.732185 0.503910 0.726629 0.503028 0.720981 0.496134 0.720912 0.491626
0 0.454398 0.551262 0.454467 0.555771 0.451735 0.558335 0.450346 0.558114 0.444882 0.563243 0.440715 0.562582 0.441200 0.594142 0.445367 0.594804 0.448191 0.598251 0.448260 0.602759 0.484376 0.608492 0.484307 0.603984 0.491136 0.597573 0.495303 0.598234 0.494911 0.572685 0.490743 0.572024 0.485095 0.565130 0.483706 0.564910 0.479470 0.559740 0.479400 0.555231
0 0.629886 0.429202 0.629955 0.433710 0.621760 0.441405 0.616203 0.440523 0.616503 0.460059 0.620670 0.460721 0.624907 0.465891 0.626296 0.466111 0.627708 0.467835 0.630486 0.468276 0.633310 0.471723 0.633380 0.476231 0.656993 0.479979 0.656924 0.475471 0.658290 0.474189 0.659679 0.474410 0.662410 0.471844 0.663800 0.472065 0.669264 0.466936 0.669241 0.465433 0.671973 0.462868 0.676139 0.463530 0.676001 0.454513 0.671834 0.453851 0.669010 0.450405 0.668987 0.448902 0.667575 0.447178 0.667552 0.445676 0.664727 0.442228 0.663338 0.442008 0.661926 0.440285 0.661833 0.434273
0 0.595715 0.459757 0.595807 0.465769 0.594441 0.467051 0.588884 0.466169 0.589161 0.484204 0.594718 0.485086 0.598954 0.490256 0.599024 0.494765 0.618470 0.497852 0.618401 0.493343 0.621132 0.490778 0.626689 0.491660 0.626273 0.464609
0 0.531458 0.245666 0.531550 0.251678 0.530184 0.252960 0.524628 0.252078 0.524951 0.273118 0.562455 0.279072 0.562017 0.250518
0 0.679707 0.425117 0.679799 0.431129 0.678433 0.432412 0.677044 0.432191 0.675678 0.433473 0.671511 0.432811 0.671903 0.458359 0.709408 0.464313 0.708877 0.429748
0 0.583963 0.236011 0.584033 0.240520 0.581302 0.243085 0.578523 0.242644 0.575791 0.245208 0.574402 0.244987 0.573037 0.246270 0.568869 0.245609 0.569262 0.271158 0.574818 0.272040 0.579054 0.277209 0.579123 0.281718 0.606904 0.286129 0.606811 0.280116 0.608178 0.278834 0.609567 0.279055 0.613664 0.275208 0.617831 0.275870 0.617485 0.253327 0.611929 0.252445 0.604869 0.243828 0.604799 0.239319
0 0.371534 0.208284 0.371626 0.214296 0.368894 0.216861 0.363338 0.215979 0.363638 0.235516 0.367806 0.236178 0.372042 0.241347 0.373430 0.241568 0.376255 0.245015 0.376324 0.249524 0.406883 0.254375 0.406791 0.248363 0.409523 0.245799 0.410912 0.246019 0.413644 0.243455 0.417810 0.244116 0.417487 0.223075 0.413320 0.222414 0.410496 0.218967 0.410427 0.214459
0 0.541534 0.631059 0.541603 0.635568 0.540237 0.636850 0.536070 0.636189 0.536508 0.664743 0.574012 0.670697 0.573596 0.643645 0.568041 0.642763 0.565217 0.639317 0.565148 0.634808
0 0.346536 0.114364 0.346605 0.118872 0.343872 0.121438 0.339706 0.120777 0.339890 0.132798 0.346836 0.133901 0.348248 0.135625 0.349637 0.135845 0.352461 0.139292 0.352531 0.143801 0.366421 0.146006 0.365982 0.117452
0 0.734059 0.535691 0.734498 0.564245 0.759501 0.568214 0.759408 0.562203 0.760774 0.560921 0.766331 0.561803 0.766146 0.549780 0.760589 0.548898 0.757766 0.545451 0.757674 0.539440
0 0.551558 0.110932 0.551627 0.115441 0.550262 0.116723 0.544706 0.115840 0.545052 0.138384 0.550608 0.139266 0.552020 0.140989 0.552089 0.145498 0.570147 0.148364 0.570078 0.143855 0.572810 0.141291 0.576976 0.141952 0.576653 0.120912 0.572486 0.120251 0.571075 0.118528 0.571006 0.114019
0 0.227637 0.041518 0.228075 0.070072 0.233631 0.070954 0.236455 0.074401 0.237844 0.074622 0.239257 0.076345 0.240646 0.076565 0.243469 0.080012 0.243539 0.084520 0.269931 0.088710 0.269862 0.084202 0.276692 0.077790 0.282248 0.078672 0.282063 0.066650 0.277896 0.065988 0.273659 0.060818 0.273636 0.059314 0.270812 0.055868 0.269423 0.055648 0.268011 0.053924 0.267919 0.047913
0 0.432182 0.367832 0.432482 0.387368 0.438038 0.388250 0.439450 0.389974 0.440839 0.390195 0.442251 0.391918 0.442343 0.397930 0.464568 0.401458 0.464130 0.372904
0 0.392181 0.289520 0.392619 0.318074 0.417622 0.322043 0.417553 0.317535 0.420284 0.314970 0.424452 0.315632 0.424129 0.294592
0 0.825543 0.718124 0.825681 0.727141 0.831237 0.728023 0.834062 0.731470 0.834131 0.735979 0.868856 0.741492 0.868602 0.724960
0 0.416730 0.083530 0.417168 0.112084 0.446339 0.116715 0.446246 0.110704 0.450344 0.106857 0.454510 0.107519 0.454372 0.098501 0.450205 0.097840 0.447381 0.094393 0.447289 0.088382
0 0.766477 0.390918 0.766546 0.395426 0.763815 0.397991 0.759647 0.397329 0.759971 0.418370 0.797475 0.424324 0.797036 0.395769
0 0.701092 0.554444 0.701531 0.582998 0.733478 0.588070 0.733409 0.583562 0.734775 0.582279 0.738943 0.582941 0.738596 0.560398
0 0.561370 0.208438 0.561440 0.212946 0.555975 0.218076 0.551808 0.217414 0.552039 0.232443 0.556206 0.233104 0.557618 0.234827 0.559008 0.235048 0.560420 0.236772 0.560512 0.242782 0.581348 0.246090 0.581279 0.241582 0.585376 0.237735 0.589543 0.238397 0.589289 0.221865 0.585122 0.221203 0.582298 0.217757 0.582206 0.211745
0 0.738234 0.356451 0.738327 0.362462 0.736961 0.363744 0.731405 0.362862 0.731728 0.383903 0.769233 0.389857 0.768794 0.361302
0 0.286065 0.146742 0.286157 0.152753 0.284791 0.154035 0.279234 0.153153 0.279419 0.165177 0.284975 0.166059 0.289211 0.171228 0.289280 0.175738 0.308727 0.178825 0.308635 0.172812 0.310001 0.171530 0.309978 0.170028 0.311344 0.168745 0.316900 0.169627 0.316784 0.162113 0.311229 0.161232 0.309816 0.159508 0.309793 0.158004 0.306969 0.154558 0.306900 0.150049
0 0.819084 0.207373 0.819153 0.211882 0.816422 0.214446 0.812254 0.213784 0.812485 0.228813 0.838876 0.233002 0.838530 0.210460
0 0.295041 0.280096 0.295110 0.284605 0.291012 0.288451 0.286845 0.287790 0.287053 0.301315 0.291219 0.301977 0.292632 0.303700 0.292701 0.308209 0.319092 0.312398 0.318654 0.283844
0 0.412920 0.376767 0.413012 0.382779 0.408915 0.386625 0.404747 0.385964 0.405024 0.403999 0.442528 0.409953 0.442204 0.388912 0.438038 0.388250 0.435213 0.384804 0.435144 0.380296
0 0.211967 0.464801 0.212313 0.487344 0.238706 0.491534 0.238359 0.468991
0 0.739448 0.164746 0.739794 0.187289 0.771741 0.192361 0.771395 0.169818
0 0.310131 0.360450 0.310570 0.389004 0.336962 0.393194 0.336893 0.388685 0.338258 0.387402 0.342426 0.388064 0.342079 0.365521
0 0.829638 0.263019 0.829985 0.285562 0.850820 0.288869 0.850751 0.284361 0.853482 0.281797 0.856260 0.282238 0.857627 0.280956 0.867350 0.282499 0.867142 0.268973
0 0.407372 0.195984 0.407718 0.218526 0.411885 0.219187 0.413297 0.220911 0.413367 0.225420 0.438369 0.229390 0.438300 0.224881 0.441032 0.222316 0.445198 0.222977 0.444991 0.209451 0.440824 0.208790 0.439411 0.207067 0.439319 0.201055
0 0.450512 0.478684 0.450858 0.501227 0.471693 0.504535 0.471347 0.481991
0 0.889631 0.560388 0.890162 0.594955 0.901274 0.596719 0.901205 0.592210 0.902572 0.590927 0.902549 0.589425 0.903914 0.588143 0.903891 0.586639 0.906623 0.584075 0.910790 0.584736 0.910467 0.563696
0 0.638048 0.148649 0.638140 0.154660 0.636774 0.155942 0.635386 0.155722 0.634019 0.157005 0.628463 0.156123 0.628833 0.180168 0.632999 0.180830 0.635824 0.184277 0.635894 0.188786 0.669230 0.194078 0.669161 0.189569 0.673259 0.185721 0.677426 0.186383 0.677080 0.163841 0.671523 0.162958 0.668700 0.159512 0.668607 0.153500
0 0.416730 0.083530 0.417168 0.112084 0.446339 0.116715 0.446246 0.110704 0.450344 0.106857 0.454510 0.107519 0.454372 0.098501 0.450205 0.097840 0.447381 0.094393 0.447289 0.088382
1 0.132496 0.342743 0.130457 0.390395 0.174952 0.400456 0.188058 0.351564 0.150396 0.245140
1 0.160050 0.242174 0.153105 0.241072 0.160535 0.273735 0.193641 0.263998 0.192160 0.257766
1 0.953292 0.645454 0.948198 0.674629 1.000000 0.672489 1.000000 0.599111 0.996425 0.566848 0.990869 0.565966
1 0.944123 0.679979 0.993315 0.725268 0.998225 0.684070
0 0.248171 0.566497 0.248309 0.575514 0.262223 0.579222 0.260648 0.566978
0 0.185944 0.484657 0.187472 0.493895 0.201317 0.493094 0.199813 0.485360
0 0.284436 0.311395 0.284551 0.318908 0.291565 0.324520 0.305363 0.320714 0.301035 0.309532
0 0.312716 0.528769 0.312924 0.542295 0.328157 0.541716 0.326607 0.530975
0 0.940203 0.334543 0.934740 0.339672 0.937678 0.350632 0.952935 0.351556 0.962543 0.345586 0.948491 0.332860
0 0.921292 0.276071 0.922865 0.288313 0.943608 0.285609 0.933747 0.275050
0 0.916992 0.627698 0.914375 0.637777 0.929632 0.638700 0.928104 0.629462
0 0.509575 0.354631 0.509737 0.365152 0.523581 0.364351 0.520687 0.356395
