0 0.337971 0.270803 0.337366 0.275576 0.340442 0.279457 0.342182 0.279806 0.343719 0.281745 0.345459 0.282094 0.346997 0.284034 0.348737 0.284383 0.350275 0.286324 0.352015 0.286673 0.353552 0.288613 0.355291 0.288962 0.358368 0.292842 0.360107 0.293191 0.361645 0.295132 0.363385 0.295481 0.366461 0.299362 0.373420 0.300758 0.370394 0.324622 0.365175 0.323575 0.359350 0.327300 0.357610 0.326951 0.347904 0.333160 0.346165 0.332811 0.332574 0.341503 0.331969 0.346275 0.293697 0.338593 0.294302 0.333821 0.275846 0.310539 0.274107 0.310190 0.272569 0.308250 0.272771 0.306659 0.268157 0.300838 0.268359 0.299248 0.266820 0.297308 0.261602 0.296261 0.264224 0.275578 0.269443 0.276625 0.271385 0.275383 0.273124 0.275732 0.280890 0.270765 0.282630 0.271114 0.286511 0.268632 0.288252 0.268981 0.290194 0.267739 0.291001 0.261375
0 0.717899 0.327485 0.717093 0.333849 0.723244 0.341609 0.723043 0.343201 0.726120 0.347080 0.725918 0.348672 0.727455 0.350611 0.727253 0.352203 0.728792 0.354143 0.728590 0.355734 0.731666 0.359614 0.736885 0.360662 0.732043 0.398844 0.723345 0.397098 0.721403 0.398340 0.719664 0.397991 0.717722 0.399233 0.717117 0.404006 0.701461 0.400864 0.702066 0.396090 0.700527 0.394149 0.698787 0.393800 0.697250 0.391861 0.695509 0.391511 0.692435 0.387631 0.692636 0.386040 0.691098 0.384100 0.691300 0.382510 0.689762 0.380569 0.689964 0.378979 0.686888 0.375097 0.687090 0.373507 0.682475 0.367687 0.682677 0.366095 0.676525 0.358335 0.676727 0.356743 0.670575 0.348983 0.670777 0.347392 0.664625 0.339632 0.662886 0.339283 0.656734 0.331522 0.654994 0.331173 0.650380 0.325353 0.643422 0.323956 0.644834 0.312819
0 0.384565 0.241001 0.383758 0.247364 0.385295 0.249304 0.387035 0.249653 0.388574 0.251594 0.390313 0.251943 0.391851 0.253884 0.393590 0.254233 0.395128 0.256172 0.400347 0.257220 0.396716 0.285857 0.389758 0.284460 0.378109 0.291911 0.377504 0.296683 0.354888 0.292144 0.355695 0.285780 0.354157 0.283840 0.352418 0.283491 0.350880 0.281552 0.349141 0.281203 0.347602 0.279262 0.344123 0.278563 0.342585 0.276624 0.340845 0.276275 0.339307 0.274334 0.337568 0.273985 0.334492 0.270105 0.331012 0.269406 0.329474 0.267465 0.327735 0.267116 0.326197 0.265177 0.324457 0.264828 0.321381 0.260947 0.319642 0.260598 0.318104 0.258658 0.316365 0.258309 0.314826 0.256369 0.309608 0.255321 0.311020 0.244184 0.316238 0.245231 0.324004 0.240265 0.325743 0.240615 0.331568 0.236889 0.332375 0.230525
0 0.778181 0.457048 0.777576 0.461822 0.780652 0.465702 0.782391 0.466051 0.785468 0.469931 0.787207 0.470280 0.788746 0.472220 0.790485 0.472569 0.792022 0.474509 0.793763 0.474858 0.795301 0.476799 0.797040 0.477148 0.800116 0.481028 0.803595 0.481727 0.806671 0.485607 0.813630 0.487004 0.811613 0.502913 0.802914 0.501167 0.797090 0.504892 0.795350 0.504543 0.789526 0.508269 0.787786 0.507919 0.783904 0.510403 0.782164 0.510054 0.780223 0.511296 0.778483 0.510947 0.776541 0.512188 0.769582 0.510791 0.767642 0.512033 0.758943 0.510287 0.757002 0.511529 0.753522 0.510831 0.751580 0.512073 0.749841 0.511724 0.747900 0.512965 0.746160 0.512616 0.744219 0.513858 0.742479 0.513509 0.740537 0.514750 0.738798 0.514401 0.736857 0.515642 0.735117 0.515293 0.733175 0.516535 0.717519 0.513393 0.715980 0.511452 0.714241 0.511103 0.712704 0.509163 0.710963 0.508814 0.711165 0.507224 0.701937 0.495583 0.702139 0.493991 0.695987 0.486231 0.696189 0.484639 0.694652 0.482700 0.695055 0.479518 0.693517 0.477578 0.688297 0.476530 0.689104 0.470166 0.694324 0.471213 0.696266 0.469972 0.696467 0.468382 0.698408 0.467139 0.698610 0.465549 0.700349 0.465898 0.706174 0.462172 0.707913 0.462521 0.709855 0.461279 0.713334 0.461978 0.717217 0.459494 0.718957 0.459843 0.722839 0.457360 0.724579 0.457709 0.726520 0.456468 0.728260 0.456817 0.734085 0.453092 0.734690 0.448319
0 0.687918 0.549869 0.687313 0.554641 0.688851 0.556582 0.697549 0.558328 0.695532 0.574237 0.685094 0.572142 0.683153 0.573384 0.674454 0.571638 0.672513 0.572879 0.670773 0.572530 0.668833 0.573772 0.667092 0.573422 0.665151 0.574665 0.659932 0.573617 0.657990 0.574858 0.656251 0.574509 0.654309 0.575751 0.653704 0.580524 0.648485 0.579476 0.649090 0.574704 0.647553 0.572763 0.645813 0.572414 0.644275 0.570475 0.642535 0.570125 0.640997 0.568185 0.639258 0.567835 0.637719 0.565896 0.635980 0.565547 0.634443 0.563607 0.622264 0.561163 0.620726 0.559222 0.617247 0.558524 0.614172 0.554643 0.610692 0.553945 0.609154 0.552005 0.607414 0.551656 0.605876 0.549716 0.602397 0.549017 0.600860 0.547078 0.599119 0.546728 0.597582 0.544788 0.595842 0.544439 0.594304 0.542498 0.587345 0.541101 0.588757 0.529965
0 0.258827 0.346278 0.258222 0.351050 0.261299 0.354930 0.266517 0.355978 0.263088 0.383025 0.256129 0.381628 0.252246 0.384111 0.251641 0.388885 0.229026 0.384345 0.229631 0.379572 0.228093 0.377631 0.219394 0.375885 0.217856 0.373946 0.216117 0.373597 0.214579 0.371657 0.212838 0.371308 0.203611 0.359666 0.196653 0.358269 0.199679 0.334406
0 0.921945 0.420647 0.917305 0.457239 0.894688 0.452700 0.895294 0.447926 0.887605 0.438226 0.887806 0.436635 0.886269 0.434695 0.879309 0.433298 0.880923 0.420571 0.886142 0.421619 0.890025 0.419135 0.890630 0.414362
0 0.338326 0.127308 0.335301 0.151171 0.317904 0.147679 0.316366 0.145740 0.302448 0.142946 0.300911 0.141007 0.299171 0.140658 0.294557 0.134837 0.289339 0.133789 0.291356 0.117880
0 0.545473 0.181938 0.542447 0.205802 0.511133 0.199517 0.511738 0.194744 0.508662 0.190863 0.506922 0.190514 0.503847 0.186634 0.502107 0.186285 0.500570 0.184344 0.500771 0.182754 0.499233 0.180814 0.499435 0.179223 0.497897 0.177283 0.498502 0.172510
0 0.105152 0.615617 0.103134 0.631526 0.094436 0.629780 0.092898 0.627841 0.082460 0.625746 0.080518 0.626987 0.075300 0.625939 0.073761 0.623999 0.072022 0.623650 0.070483 0.621710 0.063525 0.620313 0.065139 0.607585
0 0.072283 0.086959 0.069257 0.110824 0.055340 0.108030 0.055945 0.103257 0.052869 0.099376 0.030253 0.094837 0.032270 0.078927
0 0.690487 0.726580 0.688268 0.744080 0.665652 0.739540 0.666257 0.734768 0.661644 0.728947 0.656424 0.727899 0.657433 0.719945
0 0.939489 0.619941 0.937875 0.632669 0.932657 0.631622 0.930715 0.632864 0.928975 0.632514 0.925092 0.634997 0.923353 0.634648 0.919470 0.637132 0.912511 0.635736 0.910974 0.633795 0.909234 0.633446 0.907292 0.634688 0.898594 0.632942 0.897057 0.631002 0.895317 0.630652 0.892241 0.626772 0.890500 0.626423 0.888963 0.624483 0.883744 0.623436 0.885560 0.609117
0 0.707936 0.645247 0.704910 0.669112 0.685774 0.665271 0.686379 0.660498 0.678689 0.650796 0.673470 0.649749 0.674882 0.638613
0 0.254822 0.110547 0.251797 0.134410 0.223962 0.128823 0.224769 0.122461 0.220155 0.116640 0.213197 0.115243 0.214811 0.102515
0 0.850544 0.308429 0.848325 0.325929 0.837887 0.323834 0.835945 0.325076 0.835340 0.329849 0.835945 0.325076 0.832870 0.321196 0.831130 0.320847 0.828054 0.316966 0.822836 0.315919 0.824450 0.303191
0 0.552024 0.411654 0.548998 0.435519 0.529861 0.431678 0.530668 0.425313 0.527593 0.421433 0.527996 0.418251 0.526459 0.416311 0.527669 0.406766
0 0.176152 0.505879 0.173933 0.523379 0.142619 0.517093 0.143224 0.512321 0.140148 0.508441 0.134930 0.507393 0.136140 0.497847
0 0.471245 0.317131 0.468420 0.339404 0.459723 0.337658 0.455839 0.340142 0.455234 0.344914 0.437837 0.341422 0.438644 0.335058 0.435569 0.331179 0.435771 0.329588 0.434232 0.327648 0.429013 0.326600 0.434232 0.327648 0.436174 0.326406 0.436578 0.323224 0.438518 0.321982 0.438720 0.320391 0.440661 0.319150 0.440863 0.317558 0.442805 0.316317 0.443410 0.311544
0 0.345885 0.461638 0.343666 0.479138 0.326269 0.475646 0.326874 0.470874 0.320722 0.463113 0.321529 0.456750
0 0.434630 0.662172 0.432411 0.679673 0.427191 0.678626 0.427797 0.673852 0.424721 0.669972 0.422982 0.669623 0.421444 0.667683 0.419704 0.667334 0.418167 0.665394 0.416426 0.665044 0.417233 0.658681
0 0.800493 0.520259 0.799686 0.526622 0.801225 0.528562 0.808183 0.529959 0.806771 0.541096 0.799812 0.539699 0.797870 0.540941 0.794392 0.540243 0.792450 0.541484 0.790710 0.541135 0.784886 0.544861 0.783146 0.544512 0.781205 0.545753 0.781004 0.547344 0.779063 0.548586 0.777323 0.548237 0.773440 0.550720 0.773238 0.552312 0.771296 0.553553 0.771094 0.555143 0.765271 0.558869 0.765069 0.560460 0.763127 0.561702 0.762925 0.563292 0.759042 0.565777 0.757303 0.565428 0.755363 0.566669 0.748404 0.565272 0.746865 0.563332 0.745125 0.562983 0.740512 0.557162 0.740714 0.555571 0.737638 0.551692 0.738041 0.548509 0.734965 0.544629 0.729746 0.543582 0.732368 0.522899 0.737588 0.523947 0.745353 0.518980 0.747094 0.519329 0.749034 0.518087 0.750774 0.518436 0.752716 0.517195 0.753522 0.510831
0 0.550203 0.763679 0.548186 0.779589 0.537748 0.777494 0.536211 0.775553 0.532731 0.774855 0.530789 0.776097 0.529050 0.775748 0.527512 0.773807 0.525771 0.773458 0.521158 0.767638 0.515940 0.766591 0.517150 0.757045
0 0.219015 0.449224 0.216796 0.466724 0.183743 0.460090 0.185962 0.442590
0 0.581169 0.463184 0.578950 0.480685 0.552856 0.475448 0.555075 0.457947
0 0.651659 0.751415 0.650247 0.762552 0.645029 0.761505 0.643087 0.762746 0.642482 0.767518 0.623346 0.763677 0.625565 0.746177
0 0.558879 0.582700 0.555853 0.606564 0.528019 0.600977 0.528826 0.594613 0.527287 0.592673 0.525548 0.592324 0.525750 0.590733 0.524212 0.588793 0.517254 0.587396 0.518868 0.574669
0 0.375533 0.565476 0.373314 0.582976 0.366355 0.581579 0.366961 0.576807 0.360809 0.569046 0.355589 0.567998 0.356396 0.561635
0 0.154070 0.286096 0.150438 0.314733 0.143480 0.313337 0.139597 0.315820 0.138992 0.320593 0.092020 0.311165 0.092827 0.304800 0.091290 0.302861 0.091492 0.301270 0.088416 0.297389 0.083197 0.296342 0.084206 0.288388 0.089424 0.289435 0.093307 0.286951 0.093509 0.285360 0.097392 0.282877 0.097593 0.281286 0.099535 0.280045 0.100140 0.275272
0 0.581169 0.463184 0.578950 0.480685 0.561554 0.477193 0.562159 0.472420 0.559083 0.468540 0.553865 0.467492 0.555075 0.457947
0 0.515417 0.306420 0.512391 0.330285 0.486297 0.325047 0.486902 0.320274 0.485364 0.318333 0.480145 0.317285 0.482364 0.299786
0 0.892289 0.767085 0.889263 0.790949 0.882304 0.789552 0.883111 0.783189 0.872345 0.769608 0.865387 0.768211 0.866194 0.761848
0 0.807482 0.254105 0.804456 0.277969 0.767923 0.270636 0.768529 0.265864 0.765452 0.261983 0.758494 0.260587 0.760511 0.244677
0 0.802233 0.520608 0.799207 0.544472 0.792249 0.543075 0.788366 0.545559 0.786627 0.545210 0.771094 0.555143 0.770893 0.556735 0.765069 0.560460 0.764867 0.562051 0.762925 0.563292 0.762118 0.569656 0.741244 0.565466 0.742050 0.559102 0.738975 0.555222 0.739176 0.553631 0.737638 0.551692 0.738041 0.548509 0.736503 0.546569 0.736906 0.543387 0.735369 0.541448 0.735772 0.538265 0.734235 0.536325 0.734840 0.531552 0.733301 0.529612 0.734108 0.523248 0.736050 0.522006 0.736252 0.520416 0.738193 0.519174 0.739932 0.519523 0.743816 0.517039 0.745555 0.517388 0.749438 0.514906 0.750043 0.510132
0 0.239787 0.623064 0.234744 0.662838 0.229525 0.661790 0.227583 0.663031 0.225843 0.662682 0.223902 0.663924 0.222163 0.663574 0.218279 0.666059 0.216540 0.665710 0.214599 0.666951 0.212859 0.666602 0.208976 0.669085 0.208371 0.673859 0.177057 0.667573 0.177864 0.661209 0.176326 0.659269 0.174587 0.658920 0.173048 0.656980 0.171309 0.656631 0.169772 0.654690 0.166291 0.653992 0.164754 0.652051 0.163015 0.651702 0.161476 0.649762 0.159737 0.649413 0.158198 0.647473 0.156458 0.647124 0.154921 0.645184 0.153182 0.644835 0.151643 0.642894 0.149903 0.642545 0.146828 0.638666 0.139868 0.637269 0.142894 0.613404 0.149854 0.614801 0.155678 0.611075 0.156283 0.606303
0 0.606687 0.318214 0.605275 0.329351 0.579179 0.324113 0.580591 0.312976
0 0.364036 0.543591 0.362624 0.554727 0.350447 0.552283 0.351859 0.541147
0 0.459237 0.693215 0.457825 0.704351 0.438689 0.700510 0.440101 0.689374
0 0.038496 0.184589 0.037084 0.195725 0.017947 0.191884 0.019360 0.180748
0 0.604266 0.337305 0.602854 0.348442 0.583718 0.344601 0.585130 0.333464
0 0.432616 0.452944 0.431204 0.464080 0.420766 0.461985 0.422178 0.450849
0 0.841211 0.898308 0.839409 0.888764 0.827997 0.883716 0.822830 0.892781 0.825726 0.901630 0.837138 0.906676 0.842829 0.901388
0 0.467167 0.511352 0.476269 0.511000 0.472731 0.505058 0.459877 0.501171 0.454192 0.500901 0.446948 0.501626 0.445426 0.506117 0.453114 0.509403 0.461481 0.511083
0 0.456988 0.520208 0.462175 0.516890 0.455795 0.510814 0.442011 0.506739 0.436896 0.505713 0.429655 0.506438 0.431029 0.510638 0.445636 0.515749 0.451214 0.516868 0.455127 0.519834
0 0.695384 0.225239 0.687400 0.230347 0.678042 0.228469 0.675252 0.223779 0.679255 0.218905 0.689967 0.218990 0.696868 0.222440
0 0.624264 0.234190 0.627272 0.232731 0.625580 0.228262 0.616224 0.226384 0.610105 0.225671 0.604449 0.230213 0.610736 0.234056 0.620092 0.235934
0 0.436244 0.225873 0.450682 0.227737 0.459528 0.233643 0.459608 0.241918 0.453784 0.243329 0.442418 0.239500 0.436579 0.232133
0 0.467385 0.229543 0.478585 0.230242 0.481992 0.234538 0.481354 0.239572 0.475020 0.245011 0.463462 0.242691 0.460182 0.237388 0.461563 0.230955
