0 0.810001 0.569692 0.808139 0.569731 0.806233 0.571524 0.800654 0.571642 0.799529 0.618825 0.805091 0.618721 0.810531 0.623843 0.810488 0.625584 0.814113 0.628996 0.813940 0.635957 0.832501 0.635622 0.832682 0.628655 0.834587 0.626880 0.834632 0.625137 0.836538 0.623359 0.836583 0.621615 0.838488 0.619835 0.838534 0.618090 0.840443 0.616310 0.840490 0.614562 0.842396 0.612782 0.842443 0.611033 0.844354 0.609251 0.844401 0.607503 0.846311 0.605719 0.846358 0.603970 0.848270 0.602184 0.848554 0.591678 0.850467 0.589888 0.851279 0.560033 0.812079 0.560876 0.811906 0.567898 0.810001 0.569692
0 0.782211 0.385677 0.776574 0.385844 0.775513 0.434135 0.784880 0.433879 0.786794 0.432043 0.790544 0.431940 0.802056 0.420910 0.802098 0.419121 0.804020 0.417280 0.804062 0.415490 0.805985 0.413647 0.806071 0.410066 0.807994 0.408221 0.808556 0.384896 0.806715 0.383155 0.806844 0.377761 0.784252 0.378438 0.784131 0.383826 0.782211 0.385677
0 0.855988 0.018797 0.854052 0.018887 0.852066 0.020864 0.846260 0.021133 0.844217 0.099948 0.849993 0.099701 0.853747 0.103272 0.853697 0.105139 0.857449 0.108708 0.859376 0.108626 0.863128 0.112196 0.862976 0.117791 0.872609 0.117387 0.872817 0.109923 0.874798 0.107974 0.874902 0.104237 0.876884 0.102286 0.877041 0.096677 0.879025 0.094723 0.879078 0.092852 0.881062 0.090897 0.881168 0.087151 0.883154 0.085194 0.883261 0.081446 0.885248 0.079487 0.885302 0.077611 0.887290 0.075650 0.887344 0.073774 0.891324 0.069849 0.897136 0.069593 0.899013 0.005457 0.860166 0.007282 0.859964 0.014841 0.855988 0.018797
0 0.808031 0.005964 0.810006 0.003986 0.811937 0.003895 0.815890 0.000000 0.815935 0.000000 0.817913 0.000000 0.817958 0.000000 0.819937 0.000000 0.820258 0.000000 0.793196 0.000000 0.792602 0.006692 0.808031 0.005964
0 0.017565 0.047487 0.035884 0.061748 0.047344 0.041544 0.043617 0.012882 0.027951 0.000000 0.021831 0.000000 0.013546 0.009786 0.017565 0.047487
0 0.110643 0.049190 0.131859 0.054274 0.140265 0.020401 0.130650 0.000000 0.100090 0.000000 0.091678 0.009024 0.110643 0.049190
0 0.201240 0.135880 0.216301 0.132226 0.217508 0.111031 0.203566 0.090451 0.193262 0.109065 0.201240 0.135880
0 0.229310 0.197784 0.229904 0.241024 0.234693 0.261649 0.248663 0.296696 0.259624 0.334668 0.265869 0.356508 0.264678 0.382913 0.272264 0.392914 0.291516 0.373304 0.318395 0.356310 0.333226 0.324867 0.335890 0.272869 0.334127 0.237136 0.329248 0.192347 0.315341 0.165803 0.298538 0.158952 0.277029 0.137204 0.248398 0.154990 0.229310 0.197784
0 0.163395 0.375808 0.155143 0.409494 0.155741 0.441314 0.163847 0.481432 0.183491 0.511065 0.207372 0.531960 0.230958 0.532837 0.251134 0.493580 0.252543 0.487782 0.249049 0.445962 0.250062 0.408159 0.257123 0.375830 0.244750 0.342503 0.216034 0.319929 0.173280 0.347750 0.163395 0.375808
0 0.347353 0.411157 0.360737 0.382918 0.368136 0.353260 0.349823 0.321358 0.320039 0.373889 0.347353 0.411157
0 0.032746 0.968379 0.046010 0.938857 0.040905 0.906583 0.012004 0.930950 0.032746 0.968379
0 0.243426 0.803949 0.253594 0.805224 0.265043 0.791271 0.257519 0.770565 0.237118 0.766651 0.218254 0.766884 0.224399 0.790342 0.243426 0.803949
0 0.181266 0.885382 0.200113 0.897511 0.210072 0.892004 0.212628 0.871524 0.206614 0.855161 0.194879 0.841562 0.180858 0.862202 0.181266 0.885382
0 0.139116 0.922261 0.135324 0.945224 0.144207 0.962693 0.165761 0.974733 0.182840 0.974691 0.193878 0.953100 0.199124 0.924675 0.180099 0.900352 0.157432 0.911336 0.139116 0.922261
0 0.240517 0.909521 0.249312 0.921714 0.265117 0.918915 0.276483 0.903867 0.276330 0.890213 0.267500 0.876596 0.247480 0.891765 0.240517 0.909521
0 0.253076 0.990695 0.264832 1.000000 0.283388 1.000000 0.284548 0.982546 0.275622 0.955524 0.258167 0.939324 0.252660 0.958307 0.253076 0.990695
0 0.318240 0.702713 0.333192 0.736141 0.346327 0.721947 0.355023 0.697927 0.351887 0.666944 0.328396 0.684267 0.318240 0.702713
0 0.344754 0.930791 0.349201 0.945757 0.366579 0.938877 0.370860 0.922477 0.366406 0.904715 0.354841 0.918458 0.344754 0.930791
0 0.382818 0.628101 0.397684 0.626398 0.405076 0.604859 0.396063 0.582153 0.379641 0.578202 0.375259 0.598314 0.382818 0.628101
0 0.403856 0.712676 0.389109 0.726952 0.374438 0.746783 0.392199 0.767535 0.418741 0.758813 0.432039 0.739002 0.436475 0.706551 0.430507 0.668447 0.414188 0.692773 0.403856 0.712676
0 0.392447 0.842592 0.385202 0.864742 0.389654 0.882610 0.407199 0.878360 0.421839 0.865844 0.415933 0.845158 0.408549 0.825826 0.404137 0.824481 0.392447 0.842592
0 0.467763 0.680595 0.478181 0.694602 0.493187 0.674499 0.491794 0.643197 0.473781 0.659187 0.467763 0.680595
0 0.455894 0.613868 0.463362 0.629445 0.469383 0.612176 0.470949 0.579149 0.469490 0.554699 0.458919 0.589453 0.455894 0.613868
0 0.514063 0.694043 0.528959 0.709412 0.548442 0.710540 0.572542 0.703083 0.563750 0.674761 0.542836 0.652284 0.518888 0.629840 0.506727 0.660043 0.514063 0.694043
0 0.547976 0.775479 0.556999 0.768340 0.548148 0.751546 0.536100 0.764373 0.547976 0.775479
0 0.560218 0.925685 0.543681 0.962851 0.559741 0.984711 0.580241 1.000000 0.598128 0.987374 0.613419 0.946130 0.599992 0.951686 0.583897 0.929712 0.578375 0.885493 0.572292 0.900767 0.560218 0.925685
0 0.577837 0.782163 0.595780 0.786179 0.601963 0.769207 0.603696 0.748004 0.590318 0.732615 0.576543 0.759648 0.577837 0.782163
0 0.636267 0.676429 0.632010 0.653592 0.626276 0.626407 0.618848 0.612150 0.592762 0.604819 0.586689 0.641491 0.596944 0.674216 0.620960 0.689526 0.636267 0.676429
0 0.745477 0.849370 0.750226 0.839494 0.736873 0.825543 0.730456 0.843879 0.745477 0.849370
0 0.776262 0.962160 0.791445 0.957956 0.791974 0.935732 0.783359 0.916276 0.772241 0.939982 0.776262 0.962160
0 0.813970 1.000000 0.819130 0.998030 0.808985 0.981459 0.792556 0.974577 0.799525 0.998056 0.813970 1.000000
0 0.841909 0.993851 0.850643 1.000000 0.863233 0.989664 0.868430 0.967450 0.865632 0.959114 0.845547 0.971676 0.841909 0.993851
0 0.901953 0.965965 0.902732 0.989597 0.923925 0.993729 0.941372 0.974221 0.954244 0.956044 0.948839 0.935075 0.926645 0.957528 0.901953 0.965965
0 0.879239 0.649297 0.892093 0.686713 0.912734 0.671921 0.930619 0.648405 0.914612 0.612279 0.884501 0.628868 0.879239 0.649297
0 0.653687 0.731746 0.660776 0.764259 0.672607 0.781082 0.677658 0.748462 0.676837 0.704363 0.655958 0.678970 0.647774 0.721880 0.653687 0.731746
0 0.651545 0.882227 0.650580 0.844555 0.633839 0.862848 0.636577 0.882328 0.651545 0.882227
0 0.960387 0.083410 0.970791 0.111089 0.990262 0.110272 0.998161 0.070795 0.982866 0.043181 0.964318 0.062868 0.960387 0.083410
0 0.517917 0.524660 0.524073 0.507077 0.518042 0.499947 0.507463 0.491472 0.498300 0.509156 0.517917 0.524660
0 0.427103 0.205085 0.448615 0.180078 0.460973 0.152281 0.453266 0.138914 0.416277 0.148047 0.414812 0.191992 0.427103 0.205085
0 0.542877 0.420217 0.571855 0.432656 0.598169 0.408306 0.609317 0.373883 0.598643 0.362317 0.590977 0.358092 0.546129 0.392087 0.542877 0.420217
0 0.575345 0.206942 0.597229 0.196992 0.602287 0.160233 0.591748 0.119341 0.572506 0.175149 0.575345 0.206942
0 0.623458 0.221796 0.634520 0.210754 0.634882 0.181822 0.624141 0.163934 0.606668 0.189021 0.623458 0.221796
0 0.487438 0.090093 0.499724 0.130872 0.541744 0.122989 0.573298 0.081700 0.575278 0.033704 0.542613 0.000000 0.501661 0.030938 0.487438 0.090093
1 0.121623 0.968132 0.142517 1.000000 0.299558 1.000000 0.334723 0.947172 0.313266 0.807367 0.178747 0.742425 0.116263 0.853169 0.121623 0.968132
1 0.339936 0.647342 0.321630 0.758643 0.317723 0.817009 0.341981 0.949865 0.400260 1.000000 0.423541 1.000000 0.541499 1.000000 0.630947 0.970842 0.675162 0.810657 0.651107 0.591299 0.579049 0.483829 0.442435 0.474199 0.358733 0.567191 0.339936 0.647342
1 0.402257 0.075485 0.379668 0.211429 0.407534 0.366767 0.445460 0.455164 0.469631 0.479321 0.571439 0.481096 0.619481 0.428382 0.639232 0.329699 0.667591 0.195791 0.644093 0.075484 0.593144 0.000000 0.575906 0.000000 0.487833 0.000000 0.440914 0.001331 0.402257 0.075485
1 0.671133 1.000000 0.826555 1.000000 0.847275 0.908957 0.799527 0.810824 0.668527 0.850002 0.636655 0.988676 0.671133 1.000000
