0 0.877510 0.662813 0.871735 0.666570 0.869970 0.666191 0.868046 0.667443 0.866282 0.667063 0.862436 0.669566 0.860672 0.669187 0.856828 0.671689 0.855065 0.671310 0.851223 0.673811 0.849461 0.673431 0.843701 0.677181 0.841940 0.676801 0.822766 0.689285 0.822293 0.694168 0.815264 0.692646 0.815737 0.687765 0.814138 0.685759 0.812382 0.685379 0.810783 0.683373 0.809028 0.682993 0.807430 0.680987 0.807587 0.679361 0.802794 0.673345 0.801040 0.672967 0.799443 0.670962 0.799600 0.669336 0.798004 0.667332 0.798161 0.665706 0.796564 0.663702 0.791304 0.662569 0.791933 0.656066 0.797194 0.657198 0.799106 0.655949 0.800523 0.641312 0.802436 0.640061 0.802751 0.636807 0.804664 0.635556 0.804821 0.633929 0.806734 0.632678 0.806892 0.631051 0.810719 0.628547 0.810877 0.626919 0.820451 0.620655 0.820925 0.615770 0.886149 0.629668 0.882810 0.663950 0.877510 0.662813
0 0.119238 0.442081 0.120891 0.442432 0.135974 0.461758 0.140941 0.462815 0.135250 0.524492 0.130287 0.523422 0.117696 0.531985 0.116043 0.531628 0.114246 0.532851 0.110943 0.532137 0.109147 0.533359 0.086059 0.528368 0.084556 0.526434 0.081262 0.525723 0.069253 0.510268 0.067608 0.509913 0.064609 0.506053 0.062964 0.505698 0.059966 0.501839 0.058322 0.501485 0.056823 0.499556 0.055180 0.499202 0.052183 0.495345 0.050541 0.494992 0.044550 0.487280 0.044839 0.484130 0.043342 0.482203 0.043630 0.479053 0.042134 0.477127 0.042422 0.473977 0.040925 0.472051 0.041069 0.470476 0.039573 0.468550 0.034651 0.467497 0.037246 0.439151 0.042169 0.440198 0.045741 0.437745 0.049025 0.438443 0.052599 0.435988 0.054242 0.436337 0.057818 0.433882 0.059462 0.434231 0.068408 0.428089 0.068843 0.423357 0.118313 0.433826 0.117731 0.440150 0.119238 0.442081
0 0.800366 0.642938 0.798454 0.644188 0.796564 0.663702 0.794653 0.664950 0.794496 0.666576 0.786854 0.671566 0.785102 0.671187 0.781284 0.673681 0.780813 0.678555 0.752823 0.672504 0.753293 0.667636 0.751703 0.665636 0.748209 0.664882 0.746620 0.662882 0.741382 0.661752 0.739793 0.659753 0.738048 0.659377 0.734871 0.655381 0.733127 0.655005 0.726776 0.647016 0.725033 0.646641 0.720273 0.640653 0.715047 0.639529 0.716451 0.624943 0.723421 0.626438 0.725320 0.625190 0.725477 0.623568 0.748293 0.608578 0.748450 0.606955 0.752257 0.604453 0.752414 0.602829 0.754318 0.601578 0.754475 0.599954 0.760190 0.596198 0.760347 0.594574 0.764159 0.592069 0.764315 0.590444 0.773851 0.584176 0.774322 0.579299 0.811149 0.587104 0.805631 0.644067 0.800366 0.642938
0 0.524073 0.572205 0.525786 0.572571 0.527347 0.574546 0.534202 0.576013 0.535764 0.577989 0.542625 0.579458 0.545750 0.583411 0.549183 0.584146 0.552311 0.588101 0.554028 0.588469 0.555592 0.590447 0.557310 0.590816 0.560439 0.594773 0.562158 0.595142 0.563723 0.597121 0.565442 0.597490 0.568574 0.601449 0.570294 0.601819 0.571860 0.603799 0.575300 0.604538 0.576867 0.606519 0.578588 0.606889 0.580156 0.608870 0.581877 0.609240 0.586582 0.615186 0.588304 0.615557 0.594580 0.623489 0.601476 0.624975 0.599628 0.644324 0.592734 0.642832 0.590857 0.644071 0.587413 0.643325 0.585537 0.644564 0.583815 0.644191 0.581940 0.645429 0.580219 0.645056 0.578344 0.646294 0.574903 0.645549 0.573030 0.646786 0.571310 0.646413 0.569437 0.647651 0.568977 0.652480 0.493576 0.636116 0.494033 0.631301 0.492477 0.629326 0.490769 0.628956 0.489213 0.626982 0.487506 0.626612 0.485951 0.624637 0.484244 0.624268 0.482690 0.622294 0.480984 0.621925 0.479429 0.619951 0.477724 0.619582 0.476170 0.617609 0.474464 0.617240 0.472911 0.615268 0.471206 0.614899 0.468101 0.610955 0.466397 0.610586 0.464844 0.608615 0.463140 0.608247 0.460037 0.604305 0.458334 0.603937 0.456783 0.601967 0.455080 0.601600 0.451979 0.597660 0.450277 0.597293 0.448727 0.595324 0.447026 0.594957 0.445476 0.592988 0.443775 0.592621 0.439127 0.586717 0.432330 0.585253 0.433689 0.570841 0.438788 0.571936 0.449900 0.564512 0.451602 0.564877 0.455309 0.562400 0.457012 0.562765 0.464431 0.557809 0.464886 0.552997 0.522971 0.565407 0.522513 0.570231 0.524073 0.572205
0 0.725063 0.553961 0.726807 0.554329 0.729982 0.558312 0.735216 0.559419 0.731933 0.593497 0.726701 0.592383 0.724801 0.593633 0.724645 0.595255 0.722746 0.596505 0.722590 0.598127 0.720691 0.599377 0.720535 0.600999 0.718636 0.602248 0.718480 0.603869 0.714684 0.606368 0.714528 0.607988 0.710734 0.610485 0.710578 0.612106 0.695413 0.622084 0.693674 0.621711 0.687993 0.625449 0.686256 0.625076 0.682471 0.627567 0.680735 0.627194 0.676952 0.629683 0.675216 0.629310 0.671435 0.631799 0.669700 0.631426 0.664032 0.635157 0.663567 0.640008 0.632402 0.633289 0.632865 0.628445 0.631291 0.626457 0.629562 0.626085 0.627988 0.624098 0.626260 0.623727 0.621540 0.617769 0.618085 0.617026 0.616513 0.615041 0.613060 0.614299 0.611488 0.612314 0.608037 0.611572 0.606465 0.609588 0.604740 0.609218 0.603169 0.607234 0.599721 0.606494 0.598151 0.604511 0.592980 0.603401 0.591410 0.601419 0.582799 0.599571 0.581231 0.597590 0.577789 0.596852 0.576222 0.594871 0.567622 0.593027 0.566056 0.591048 0.559181 0.589574 0.557616 0.587596 0.554181 0.586860 0.552617 0.584882 0.550900 0.584514 0.549336 0.582537 0.547620 0.582169 0.546056 0.580192 0.544340 0.579825 0.542778 0.577848 0.537632 0.576747 0.539008 0.562267 0.544154 0.563365 0.546023 0.562121 0.547740 0.562488 0.553350 0.558756 0.555067 0.559122 0.562553 0.554143 0.564272 0.554509 0.568018 0.552018 0.569737 0.552384 0.573484 0.549892 0.575205 0.550257 0.577080 0.549011 0.578801 0.549377 0.580676 0.548130 0.582397 0.548496 0.584273 0.547249 0.585995 0.547614 0.587871 0.546367 0.591317 0.547099 0.593194 0.545851 0.594918 0.546217 0.596796 0.544969 0.598520 0.545335 0.600398 0.544087 0.603848 0.544818 0.605727 0.543570 0.607453 0.543935 0.609333 0.542687 0.611059 0.543052 0.612939 0.541803 0.614666 0.542169 0.616547 0.540920 0.620002 0.541651 0.621884 0.540402 0.623612 0.540767 0.625494 0.539518 0.627223 0.539883 0.629106 0.538633 0.630835 0.538999 0.632719 0.537748 0.636179 0.538480 0.638063 0.537229 0.639794 0.537595 0.641679 0.536344 0.643410 0.536710 0.645296 0.535458 0.647028 0.535824 0.648915 0.534572 0.650647 0.534938 0.654421 0.532434 0.654886 0.527581 0.719184 0.541133 0.718716 0.546000 0.725063 0.553961
0 0.655984 0.220556 0.657719 0.220898 0.662458 0.226795 0.667666 0.227824 0.663784 0.268396 0.656844 0.267012 0.654955 0.268288 0.654800 0.269910 0.643471 0.277560 0.641739 0.277214 0.636080 0.281036 0.634349 0.280689 0.632464 0.281963 0.630733 0.281616 0.626964 0.284163 0.626500 0.289021 0.555804 0.274838 0.556417 0.268379 0.554851 0.266420 0.553133 0.266076 0.553286 0.264462 0.547026 0.256629 0.545308 0.256286 0.543744 0.254329 0.542027 0.253985 0.538899 0.250072 0.539052 0.248458 0.537489 0.246502 0.537948 0.241660 0.536385 0.239705 0.537303 0.230022 0.535739 0.228066 0.535892 0.226453 0.541501 0.222633 0.541654 0.221018 0.543371 0.221359 0.545242 0.220085 0.546960 0.220426 0.548831 0.219152 0.550549 0.219492 0.552421 0.218218 0.554140 0.218558 0.557885 0.216008 0.559605 0.216349 0.561478 0.215074 0.563198 0.215414 0.565072 0.214139 0.566793 0.214479 0.570543 0.211927 0.572264 0.212268 0.574140 0.210991 0.575862 0.211332 0.577738 0.210055 0.579461 0.210395 0.585092 0.206564 0.586816 0.206904 0.588694 0.205626 0.590418 0.205967 0.594176 0.203410 0.594638 0.198555 0.653446 0.210137 0.652826 0.216627 0.655984 0.220556
0 0.975724 0.695599 0.973782 0.696854 0.972002 0.696471 0.970060 0.697725 0.968280 0.697342 0.966340 0.698596 0.964560 0.698213 0.962620 0.699467 0.960841 0.699084 0.958902 0.700338 0.955345 0.699572 0.953407 0.700825 0.949852 0.700059 0.947914 0.701312 0.944361 0.700546 0.942424 0.701799 0.940648 0.701416 0.938713 0.702668 0.935162 0.701903 0.933227 0.703155 0.931453 0.702772 0.929519 0.704024 0.927745 0.703641 0.925811 0.704892 0.924038 0.704509 0.920172 0.707012 0.918400 0.706629 0.916468 0.707880 0.914696 0.707496 0.910834 0.709997 0.909063 0.709614 0.905203 0.712114 0.903432 0.711731 0.899574 0.714230 0.897805 0.713847 0.895876 0.715096 0.894108 0.714713 0.892180 0.715961 0.888644 0.715195 0.884791 0.717692 0.883024 0.717308 0.879173 0.719804 0.877406 0.719421 0.875481 0.720668 0.875005 0.725560 0.857362 0.721726 0.861167 0.682610 0.866459 0.683751 0.868383 0.682500 0.868541 0.680870 0.874314 0.677117 0.876080 0.677497 0.879930 0.674994 0.881697 0.675374 0.883623 0.674122 0.885390 0.674502 0.887317 0.673250 0.889085 0.673630 0.891012 0.672378 0.894550 0.673138 0.896478 0.671885 0.898247 0.672265 0.900176 0.671012 0.901946 0.671392 0.903876 0.670138 0.905646 0.670519 0.907576 0.669265 0.909347 0.669645 0.922870 0.660863 0.923030 0.659228 0.926897 0.656716 0.927057 0.655081 0.928991 0.653825 0.929150 0.652189 0.931085 0.650933 0.931564 0.646025 0.984928 0.657411 0.981069 0.696748 0.975724 0.695599
0 0.734114 0.681701 0.735859 0.682079 0.739036 0.686078 0.740781 0.686457 0.742369 0.688457 0.744115 0.688836 0.745705 0.690837 0.749197 0.691595 0.750787 0.693596 0.757777 0.695113 0.754799 0.725938 0.653902 0.703895 0.654367 0.699049 0.652790 0.697056 0.651058 0.696678 0.649481 0.694685 0.647750 0.694308 0.646174 0.692316 0.644443 0.691938 0.642867 0.689946 0.637677 0.688815 0.636102 0.686824 0.629187 0.685317 0.624466 0.679347 0.619285 0.678219 0.619439 0.676606 0.626349 0.678110 0.628231 0.676872 0.628385 0.675259 0.630268 0.674021 0.631997 0.674396 0.633880 0.673158 0.635610 0.673534 0.637494 0.672295 0.639223 0.672671 0.641108 0.671432 0.644569 0.672184 0.648340 0.669705 0.650072 0.670081 0.653845 0.667601 0.655578 0.667977 0.674467 0.655566 0.674622 0.653948 0.680296 0.650220 0.680762 0.645366 0.717283 0.653243 0.716659 0.659724 0.734114 0.681701
0 0.461662 0.642272 0.456099 0.645967 0.454397 0.645596 0.452544 0.646827 0.449141 0.646085 0.445437 0.648546 0.443736 0.648175 0.440034 0.650635 0.438334 0.650265 0.436483 0.651494 0.436030 0.656295 0.422445 0.653327 0.422897 0.648529 0.419804 0.644590 0.418108 0.644219 0.415016 0.640281 0.413320 0.639912 0.411775 0.637943 0.410080 0.637574 0.406991 0.633638 0.405296 0.633269 0.403752 0.631301 0.402057 0.630933 0.400514 0.628966 0.398820 0.628597 0.397276 0.626631 0.395583 0.626262 0.392498 0.622330 0.387420 0.621226 0.388622 0.608446 0.468440 0.625752 0.466773 0.643384 0.461662 0.642272
0 0.487141 0.520076 0.492265 0.521162 0.489528 0.550071 0.480992 0.548251 0.477276 0.550733 0.475570 0.550369 0.473713 0.551609 0.472008 0.551245 0.460873 0.558684 0.460418 0.563494 0.421309 0.555119 0.421762 0.550316 0.417123 0.544425 0.417273 0.542824 0.415727 0.540861 0.414031 0.540499 0.410940 0.536574 0.409244 0.536212 0.403065 0.528365 0.401370 0.528004 0.396739 0.522122 0.389966 0.520680 0.392671 0.491891 0.484486 0.511323 0.484030 0.516141 0.487141 0.520076
0 0.960081 0.558455 0.956202 0.560988 0.956041 0.562627 0.950225 0.566424 0.950065 0.568062 0.936506 0.576914 0.934731 0.576541 0.932795 0.577804 0.931020 0.577431 0.925217 0.581220 0.923443 0.580846 0.921510 0.582109 0.917964 0.581361 0.916031 0.582624 0.915552 0.587531 0.896071 0.583420 0.896549 0.578517 0.894939 0.576510 0.893169 0.576137 0.891560 0.574130 0.891719 0.572496 0.890109 0.570490 0.890268 0.568856 0.888659 0.566850 0.889295 0.560313 0.891223 0.559051 0.891701 0.554148 0.893629 0.552884 0.894266 0.546346 0.892656 0.544341 0.892975 0.541071 0.891365 0.539067 0.891524 0.537432 0.878652 0.521405 0.876885 0.521036 0.875277 0.519034 0.869978 0.517930 0.871726 0.499961 0.969274 0.520212 0.965421 0.559573 0.960081 0.558455
0 0.639059 0.471457 0.633404 0.475226 0.633250 0.476843 0.627598 0.480610 0.627443 0.482227 0.625560 0.483482 0.625406 0.485098 0.621640 0.487607 0.621486 0.489224 0.619603 0.490478 0.619449 0.492094 0.615686 0.494601 0.615531 0.496216 0.611769 0.498722 0.611615 0.500338 0.605975 0.504095 0.605820 0.505709 0.600183 0.509464 0.598458 0.509101 0.594702 0.511603 0.592979 0.511240 0.591101 0.512490 0.565281 0.507050 0.563715 0.505076 0.553405 0.502904 0.551840 0.500932 0.548406 0.500209 0.546843 0.498237 0.543410 0.497514 0.541847 0.495543 0.540131 0.495182 0.537006 0.491240 0.535291 0.490879 0.530606 0.484969 0.528892 0.484609 0.527330 0.482639 0.525617 0.482279 0.522495 0.478342 0.520783 0.477982 0.519222 0.476014 0.517510 0.475655 0.514391 0.471719 0.512679 0.471360 0.509561 0.467426 0.507850 0.467068 0.506292 0.465101 0.504581 0.464743 0.503023 0.462777 0.501313 0.462419 0.499756 0.460453 0.498046 0.460095 0.494932 0.456165 0.493223 0.455808 0.491667 0.453843 0.488250 0.453129 0.486695 0.451165 0.479866 0.449738 0.481233 0.435277 0.486355 0.436344 0.488215 0.435093 0.489923 0.435449 0.491784 0.434197 0.495201 0.434908 0.497063 0.433656 0.498772 0.434012 0.500634 0.432759 0.502344 0.433115 0.506070 0.430610 0.507781 0.430965 0.509645 0.429712 0.511356 0.430068 0.513220 0.428814 0.516644 0.429526 0.518509 0.428272 0.521935 0.428983 0.523801 0.427729 0.527229 0.428441 0.529096 0.427186 0.532525 0.427898 0.534392 0.426643 0.539539 0.427711 0.541408 0.426455 0.546557 0.427523 0.548428 0.426268 0.550145 0.426624 0.552016 0.425368 0.552475 0.420531 0.647349 0.440173 0.644253 0.472539 0.639059 0.471457
0 0.201340 0.596939 0.201193 0.598524 0.204228 0.602419 0.209223 0.603510 0.206282 0.635201 0.199624 0.633738 0.197814 0.634956 0.194487 0.634225 0.190868 0.636660 0.190427 0.641409 0.139008 0.630087 0.139446 0.625348 0.133411 0.617575 0.131757 0.617212 0.127233 0.611385 0.125580 0.611023 0.124073 0.609081 0.122420 0.608718 0.120913 0.606777 0.115957 0.605690 0.118140 0.582013 0.123097 0.583095 0.124896 0.581877 0.126549 0.582237 0.128348 0.581018 0.130002 0.581379 0.131801 0.580160 0.133455 0.580521 0.135256 0.579302 0.135839 0.572981 0.197230 0.586345 0.196789 0.591098 0.201340 0.596939
0 0.337972 0.468921 0.337822 0.470518 0.340894 0.474422 0.340745 0.476018 0.345355 0.481877 0.350415 0.482948 0.345779 0.532432 0.339036 0.530990 0.337201 0.532225 0.337052 0.533820 0.335218 0.535055 0.333533 0.534694 0.329867 0.537162 0.329419 0.541945 0.292438 0.534015 0.293033 0.527647 0.291503 0.525696 0.289825 0.525337 0.283709 0.517535 0.282032 0.517176 0.274393 0.507430 0.272718 0.507072 0.266611 0.499280 0.264937 0.498923 0.261885 0.495029 0.255192 0.493603 0.258151 0.461800 0.263172 0.462862 0.268640 0.459151 0.270315 0.459505 0.275787 0.455792 0.277463 0.456146 0.281113 0.453670 0.281558 0.448892 0.337033 0.460585 0.336436 0.466970 0.337972 0.468921
0 0.111954 0.776989 0.110159 0.778190 0.108509 0.777815 0.101331 0.782616 0.099683 0.782241 0.097889 0.783440 0.097454 0.788163 0.059613 0.779548 0.060046 0.774832 0.057051 0.770942 0.057195 0.769371 0.054200 0.765482 0.052558 0.765109 0.048068 0.759277 0.041506 0.757789 0.043236 0.738938 0.120594 0.756423 0.118557 0.778488 0.111954 0.776989
0 0.281483 0.541403 0.286514 0.542484 0.288043 0.544436 0.293076 0.545518 0.294606 0.547471 0.297964 0.548193 0.299494 0.550146 0.306213 0.551591 0.307744 0.553545 0.321195 0.556440 0.322729 0.558395 0.337883 0.561657 0.339418 0.563614 0.347847 0.565429 0.349384 0.567388 0.352758 0.568114 0.354295 0.570074 0.357670 0.570801 0.359208 0.572761 0.360897 0.573124 0.362435 0.575085 0.364124 0.575449 0.365663 0.577409 0.367352 0.577774 0.368892 0.579735 0.375651 0.581193 0.373551 0.603550 0.365104 0.601719 0.363266 0.602949 0.361578 0.602583 0.359740 0.603812 0.358052 0.603446 0.356215 0.604675 0.354527 0.604309 0.352691 0.605538 0.351004 0.605172 0.343661 0.610087 0.341976 0.609720 0.340141 0.610948 0.339693 0.615731 0.292614 0.605485 0.293059 0.600713 0.288472 0.594847 0.288620 0.593256 0.285563 0.589347 0.283886 0.588983 0.279302 0.583121 0.277626 0.582758 0.274572 0.578852 0.272897 0.578489 0.266791 0.570680 0.265117 0.570318 0.248344 0.548866 0.246673 0.548506 0.236013 0.534872 0.231004 0.533795 0.232037 0.522682 0.278872 0.532729 0.278427 0.537501 0.281483 0.541403
0 0.874100 0.308662 0.881171 0.310072 0.878944 0.332991 0.829545 0.323095 0.830336 0.314928 0.827132 0.310957 0.827764 0.304422 0.833521 0.300574 0.835283 0.300925 0.839123 0.298359 0.839598 0.293455 0.871360 0.299774 0.870883 0.304685 0.874100 0.308662
0 0.421200 0.648159 0.422897 0.648529 0.424443 0.650499 0.431236 0.651982 0.430028 0.664781 0.416450 0.661809 0.414603 0.663036 0.409516 0.661922 0.407671 0.663149 0.405976 0.662778 0.404131 0.664005 0.402437 0.663634 0.400592 0.664860 0.398898 0.664489 0.397055 0.665715 0.395361 0.665344 0.393518 0.666570 0.390133 0.665827 0.388291 0.667053 0.387840 0.671843 0.367555 0.667388 0.368005 0.662602 0.366466 0.660636 0.364777 0.660266 0.363239 0.658300 0.361551 0.657930 0.356937 0.652036 0.353562 0.651297 0.352025 0.649333 0.350339 0.648964 0.348802 0.647000 0.343745 0.645893 0.345090 0.631547 0.351834 0.633019 0.353671 0.631792 0.354120 0.627008 0.420106 0.641391 0.419654 0.646189 0.421200 0.648159
0 1.000000 0.739858 1.000000 0.740246 1.000000 0.742275 1.000000 0.743439 1.000000 0.771352 1.000000 0.770182 1.000000 0.771434 1.000000 0.771044 1.000000 0.772295 1.000000 0.771905 1.000000 0.773156 1.000000 0.772766 1.000000 0.775267 1.000000 0.774487 1.000000 0.775737 1.000000 0.774958 1.000000 0.777457 1.000000 0.777067 1.000000 0.778316 1.000000 0.777926 0.998473 0.779175 0.996689 0.778785 0.994744 0.780034 0.994261 0.784948 0.974656 0.780660 0.975138 0.775749 0.973518 0.773723 0.971738 0.773334 0.970118 0.771308 0.966558 0.770531 0.963320 0.766481 0.961541 0.766093 0.958305 0.762045 0.956527 0.761657 0.954909 0.759633 0.953131 0.759246 0.948280 0.753177 0.946504 0.752790 0.944888 0.750768 0.943111 0.750381 0.939880 0.746338 0.934554 0.745179 0.935833 0.732102 0.941160 0.733257 0.945032 0.730757 0.945192 0.729122 0.946969 0.729507 0.956657 0.723252 0.958436 0.723637 0.966194 0.718629 0.966675 0.713717 1.000000 0.726820 1.000000 0.731744 1.000000 0.739858
0 0.412997 0.275618 0.418091 0.276646 0.415376 0.305525 0.369632 0.296230 0.371132 0.280218 0.369591 0.278275 0.375115 0.274497 0.376807 0.274839 0.382335 0.271059 0.384028 0.271401 0.387715 0.268880 0.388317 0.262469 0.412054 0.267253 0.411451 0.273671 0.412997 0.275618
0 0.016812 0.333711 0.019115 0.308504 0.022392 0.309182 0.025959 0.306708 0.027598 0.307047 0.029382 0.305810 0.029959 0.299504 0.061165 0.305947 0.057839 0.342249 0.016812 0.333711
0 0.439202 0.696190 0.437352 0.697415 0.436899 0.702215 0.404660 0.695106 0.405112 0.690314 0.403568 0.688343 0.401874 0.687970 0.394159 0.678121 0.389082 0.677005 0.390133 0.665827 0.396904 0.667313 0.398748 0.666086 0.400442 0.666458 0.404131 0.664005 0.405825 0.664376 0.407671 0.663149 0.408122 0.658355 0.450577 0.667645 0.447703 0.698062 0.439202 0.696190
0 0.269260 0.342414 0.274288 0.343451 0.272212 0.365756 0.265510 0.364367 0.263687 0.365613 0.262013 0.365266 0.260190 0.366511 0.259746 0.371287 0.244690 0.368162 0.245134 0.363389 0.240562 0.357577 0.240710 0.355986 0.237664 0.352113 0.235993 0.351768 0.234470 0.349831 0.234618 0.348241 0.233095 0.346305 0.231425 0.345960 0.229903 0.344025 0.230050 0.342434 0.228528 0.340499 0.229709 0.327777 0.268178 0.335697 0.267733 0.340476 0.269260 0.342414
0 1.000000 0.465342 0.999876 0.467897 0.998090 0.467530 0.996143 0.468808 0.994358 0.468441 0.990466 0.470994 0.989983 0.475922 0.975716 0.472990 0.976359 0.466423 0.974737 0.464416 0.969392 0.463319 0.970516 0.451829 0.975862 0.452923 0.977806 0.451646 0.978771 0.441793 1.000000 0.448718 1.000000 0.466807 1.000000 0.465342
1 1.000000 0.847051 1.000000 0.852032 1.000000 0.853673 1.000000 0.857406 1.000000 0.859046 1.000000 0.861533 1.000000 0.863174 1.000000 0.866902 1.000000 0.868542 1.000000 0.873510 1.000000 0.875149 1.000000 0.880112 1.000000 0.881751 1.000000 0.886710 1.000000 0.888348 0.998069 0.894542 0.996285 0.894143 0.988510 0.899094 0.988349 0.900730 0.989970 0.902765 0.989649 0.906038 0.987706 0.907274 0.985923 0.906875 0.982039 0.909347 0.980258 0.908948 0.978316 0.910184 0.974755 0.909385 0.972815 0.910621 0.969255 0.909822 0.967316 0.911057 0.965537 0.910658 0.963598 0.911893 0.960041 0.911094 0.958103 0.912329 0.956326 0.911930 0.954389 0.913164 0.949059 0.911967 0.947123 0.913201 0.940021 0.911605 0.938086 0.912838 0.934538 0.912040 0.932604 0.913274 0.932125 0.918169 0.907321 0.912586 0.907799 0.907695 0.906189 0.905667 0.888506 0.901692 0.886898 0.899666 0.814688 0.883439 0.813090 0.881420 0.811335 0.881026 0.804946 0.872956 0.805103 0.871332 0.801910 0.867299 0.802068 0.865676 0.797279 0.859628 0.797437 0.858005 0.794245 0.853975 0.794403 0.852352 0.791212 0.848323 0.791370 0.846700 0.788180 0.842672 0.788337 0.841049 0.785148 0.837023 0.785305 0.835400 0.782117 0.831375 0.782274 0.829752 0.780681 0.827740 0.780838 0.826118 0.779244 0.824106 0.779401 0.822483 0.776215 0.818461 0.776372 0.816838 0.771593 0.810806 0.771750 0.809184 0.768565 0.805164 0.768722 0.803543 0.765538 0.799524 0.765695 0.797902 0.762512 0.793885 0.762669 0.792263 0.759486 0.788247 0.759643 0.786625 0.758052 0.784618 0.758209 0.782996 0.755028 0.778982 0.755184 0.777360 0.750414 0.771341 0.750570 0.769720 0.747391 0.765709 0.748017 0.759225 0.908015 0.794422 0.907537 0.799317 0.909148 0.801339 0.910919 0.801729 0.912530 0.803751 0.933803 0.808439 0.935737 0.807196 0.937512 0.807587 0.939447 0.806344 0.939927 0.801442 1.000000 0.828532 1.000000 0.848239 1.000000 0.847051
0 0.141898 0.269331 0.142337 0.264575 0.140826 0.262653 0.135857 0.261640 0.134055 0.262887 0.132545 0.260965 0.130890 0.260628 0.129380 0.258706 0.127725 0.258369 0.123199 0.252606 0.121545 0.252269 0.120037 0.250349 0.118384 0.250013 0.115368 0.246173 0.117116 0.227169 0.161846 0.236223 0.158479 0.272715 0.141898 0.269331
0 0.550091 0.740301 0.550550 0.735479 0.548987 0.733493 0.543841 0.732357 0.545523 0.714679 0.598828 0.726405 0.596520 0.750565 0.550091 0.740301
0 0.757326 0.958255 0.757796 0.953399 0.754616 0.949364 0.752870 0.948966 0.751281 0.946949 0.751437 0.945331 0.749848 0.943314 0.750161 0.940077 0.748572 0.938061 0.743337 0.936869 0.744588 0.923924 0.784790 0.933056 0.781805 0.963850 0.757326 0.958255
0 0.763429 0.396171 0.763900 0.391288 0.757529 0.383352 0.757686 0.381725 0.756093 0.379741 0.756407 0.376487 0.754815 0.374504 0.754972 0.372876 0.756878 0.371604 0.757662 0.363466 0.789192 0.369858 0.786202 0.400819 0.763429 0.396171
0 0.790425 0.985701 0.790897 0.980839 0.784521 0.972752 0.785149 0.966270 0.809687 0.971880 0.807954 0.989722 0.790425 0.985701
0 0.878330 0.839495 0.876405 0.840731 0.875929 0.845618 0.872399 0.844833 0.872875 0.839947 0.869663 0.835905 0.867899 0.835513 0.863084 0.829454 0.863401 0.826197 0.861796 0.824178 0.863065 0.811152 0.889547 0.817008 0.887161 0.841458 0.878330 0.839495
0 0.125303 0.723684 0.126322 0.712643 0.137897 0.715235 0.136876 0.726282 0.125303 0.723684
0 0.604277 0.706216 0.604739 0.701381 0.601598 0.697403 0.598150 0.696649 0.596581 0.694661 0.589690 0.693155 0.591073 0.678657 0.651522 0.691833 0.649200 0.716056 0.604277 0.706216
0 0.225696 0.590923 0.227908 0.567125 0.259652 0.573999 0.257433 0.597830 0.225696 0.590923
0 0.277108 0.679954 0.277552 0.675188 0.271445 0.667355 0.266423 0.666248 0.267608 0.653542 0.292745 0.659072 0.290518 0.682919 0.277108 0.679954
0 0.346892 0.814073 0.335890 0.821331 0.334207 0.820950 0.330543 0.823367 0.330394 0.824957 0.326731 0.827374 0.326135 0.833733 0.292546 0.826096 0.292991 0.821333 0.291463 0.819364 0.291611 0.817777 0.285499 0.809905 0.283823 0.809525 0.279242 0.803625 0.277567 0.803246 0.276041 0.801280 0.274366 0.800900 0.272840 0.798935 0.267819 0.797798 0.269744 0.777174 0.274766 0.778307 0.276589 0.777097 0.278264 0.777475 0.285559 0.772634 0.286004 0.767870 0.356626 0.783751 0.353635 0.815599 0.346892 0.814073
0 0.016503 0.519746 0.017510 0.508738 0.035536 0.512631 0.034527 0.523647 0.016503 0.519746
0 0.490794 0.720645 0.491858 0.709422 0.508945 0.713185 0.507879 0.724417 0.490794 0.720645
0 0.278279 0.355643 0.278725 0.350863 0.274140 0.345044 0.272464 0.344699 0.270936 0.342760 0.269260 0.342414 0.266206 0.338538 0.264531 0.338193 0.261478 0.334317 0.259804 0.333973 0.258278 0.332035 0.256604 0.331691 0.256752 0.330099 0.255226 0.328162 0.250207 0.327130 0.250947 0.319170 0.296206 0.328461 0.293381 0.358765 0.278279 0.355643
0 0.746153 0.907739 0.744251 0.908962 0.739018 0.907777 0.737430 0.905764 0.735687 0.905369 0.734099 0.903356 0.734256 0.901738 0.731082 0.897714 0.725854 0.896531 0.726791 0.886826 0.759942 0.894310 0.758375 0.910507 0.746153 0.907739
0 0.270291 0.752995 0.268766 0.751033 0.269358 0.744684 0.284433 0.748061 0.283691 0.756001 0.270291 0.752995
0 0.352258 0.683552 0.349184 0.679621 0.349334 0.678027 0.347797 0.676062 0.348246 0.671281 0.360053 0.673878 0.359006 0.685040 0.352258 0.683552
0 0.734905 0.913458 0.735374 0.908604 0.730613 0.902567 0.725386 0.901383 0.726791 0.886826 0.759942 0.894310 0.757592 0.918604 0.734905 0.913458
