0 0.290044 0.357531 0.289618 0.362190 0.287838 0.363447 0.286200 0.363152 0.284420 0.364411 0.282783 0.364116 0.281003 0.365373 0.279365 0.365079 0.279224 0.366631 0.272105 0.371663 0.271963 0.373216 0.270183 0.374474 0.270041 0.376026 0.268262 0.377283 0.268120 0.378836 0.266340 0.380094 0.261427 0.379210 0.259015 0.405604 0.263928 0.406488 0.275895 0.421265 0.277534 0.421560 0.279029 0.423407 0.280667 0.423702 0.282163 0.425549 0.281737 0.430206 0.321046 0.437278 0.321472 0.432620 0.330370 0.426330 0.330511 0.424778 0.332291 0.423520 0.332433 0.421968 0.334213 0.420709 0.334355 0.419157 0.336135 0.417900 0.336277 0.416347 0.338056 0.415090 0.342969 0.415973 0.346374 0.378711 0.341461 0.377827 0.338469 0.374134 0.338611 0.372581 0.337114 0.370734 0.337540 0.366076
0 0.503865 0.130882 0.503439 0.135539 0.489202 0.145603 0.482650 0.144424 0.477401 0.201869 0.482315 0.202753 0.485306 0.206447 0.485164 0.208000 0.486661 0.209847 0.486519 0.211400 0.492503 0.218789 0.494140 0.219083 0.498628 0.224624 0.498203 0.229281 0.544062 0.237532 0.544487 0.232874 0.548047 0.230359 0.549684 0.230653 0.558583 0.224364 0.558725 0.222811 0.560504 0.221554 0.567055 0.222732 0.571737 0.171498 0.566824 0.170614 0.563832 0.166919 0.563974 0.165367 0.562477 0.163520 0.562619 0.161968 0.547660 0.143495 0.548086 0.138837
0 0.255354 0.117736 0.254929 0.122393 0.251369 0.124910 0.249732 0.124616 0.233714 0.135936 0.233572 0.137489 0.230013 0.140005 0.229871 0.141557 0.228092 0.142815 0.227950 0.144368 0.224390 0.146883 0.224248 0.148435 0.220689 0.150951 0.215776 0.150067 0.211378 0.198197 0.216291 0.199081 0.222275 0.206470 0.221850 0.211127 0.277536 0.221145 0.277961 0.216488 0.281520 0.213972 0.283158 0.214266 0.284937 0.213009 0.286575 0.213304 0.290135 0.210787 0.291773 0.211081 0.295332 0.208566 0.296970 0.208861 0.307648 0.201314 0.307790 0.199761 0.311349 0.197245 0.311491 0.195692 0.315051 0.193177 0.315192 0.191624 0.318752 0.189108 0.323666 0.189992 0.327213 0.151179 0.320660 0.150000 0.319165 0.148153 0.319307 0.146600 0.316315 0.142905 0.314678 0.142611 0.311686 0.138917 0.310047 0.138623 0.308551 0.136775 0.306913 0.136480 0.305417 0.134633 0.303780 0.134339 0.300788 0.130643 0.301213 0.125986
0 0.498291 0.483367 0.493326 0.537707 0.498239 0.538591 0.501232 0.542285 0.501090 0.543837 0.502585 0.545684 0.502301 0.548789 0.503797 0.550637 0.503655 0.552189 0.505151 0.554037 0.505010 0.555590 0.506506 0.557436 0.506364 0.558989 0.507860 0.560836 0.507718 0.562389 0.509213 0.564236 0.509071 0.565788 0.510568 0.567636 0.510426 0.569188 0.511922 0.571035 0.511780 0.572588 0.513276 0.574435 0.513134 0.575987 0.514631 0.577835 0.514489 0.579387 0.515984 0.581235 0.515842 0.582788 0.520331 0.588329 0.519905 0.592986 0.537921 0.596227 0.538346 0.591570 0.543686 0.587797 0.545323 0.588091 0.564900 0.574254 0.565042 0.572702 0.570381 0.568928 0.570522 0.567375 0.572303 0.566117 0.572444 0.564564 0.574224 0.563307 0.574366 0.561754 0.576145 0.560496 0.576287 0.558943 0.578067 0.557686 0.582981 0.558570 0.586102 0.524414 0.581188 0.523530 0.578196 0.519835 0.576559 0.519541 0.573566 0.515846 0.571928 0.515552 0.568937 0.511857 0.567298 0.511562 0.565803 0.509716 0.564164 0.509421 0.561173 0.505727 0.559535 0.505432 0.558039 0.503584 0.556401 0.503290 0.554906 0.501443 0.545079 0.499675 0.543583 0.497828 0.538670 0.496944 0.537173 0.495096 0.537599 0.490439
0 0.055613 0.700406 0.055188 0.705065 0.046290 0.711354 0.046148 0.712906 0.040808 0.716680 0.040666 0.718233 0.035327 0.722006 0.030414 0.721122 0.026583 0.763041 0.031496 0.763925 0.034489 0.767619 0.034205 0.770725 0.035701 0.772572 0.035559 0.774124 0.038551 0.777818 0.038409 0.779371 0.041401 0.783066 0.041259 0.784618 0.053227 0.799396 0.054865 0.799691 0.056360 0.801537 0.057999 0.801832 0.060990 0.805526 0.064266 0.806116 0.067257 0.809810 0.066832 0.814467 0.099588 0.820360 0.100014 0.815703 0.107132 0.810671 0.108771 0.810966 0.114110 0.807193 0.114252 0.805640 0.119591 0.801867 0.119733 0.800314 0.123292 0.797798 0.128205 0.798682 0.131894 0.758315 0.126981 0.757432 0.123989 0.753737 0.124131 0.752184 0.121139 0.748491 0.121281 0.746938 0.119785 0.745091 0.119927 0.743538 0.115439 0.737997 0.115581 0.736444 0.100621 0.717972 0.098984 0.717677 0.094495 0.712136 0.094921 0.707478
0 0.317176 0.570718 0.316750 0.575375 0.309631 0.580407 0.303080 0.579228 0.299817 0.614937 0.304731 0.615821 0.309218 0.621363 0.309076 0.622915 0.321044 0.637693 0.322681 0.637987 0.324178 0.639834 0.325815 0.640129 0.328807 0.643824 0.330445 0.644119 0.331942 0.645966 0.335217 0.646555 0.336713 0.648401 0.339989 0.648991 0.341484 0.650838 0.341058 0.655496 0.360712 0.659031 0.361138 0.654374 0.362918 0.653116 0.364556 0.653411 0.366336 0.652153 0.369611 0.652742 0.373171 0.650227 0.374808 0.650521 0.380148 0.646747 0.380289 0.645195 0.383849 0.642679 0.388762 0.643563 0.390890 0.620274 0.385977 0.619390 0.382985 0.615696 0.383269 0.612592 0.381772 0.610744 0.381914 0.609191 0.380419 0.607344 0.380560 0.605792 0.377569 0.602098 0.377710 0.600545 0.373223 0.595004 0.371585 0.594709 0.368593 0.591014 0.366955 0.590719 0.365459 0.588872 0.363821 0.588578 0.362325 0.586731 0.360687 0.586436 0.357696 0.582741 0.358122 0.578084
0 0.385942 0.109668 0.385516 0.114325 0.380178 0.118099 0.378539 0.117804 0.367861 0.125352 0.367719 0.126905 0.362381 0.130678 0.357467 0.129794 0.353211 0.176371 0.358125 0.177255 0.364107 0.184643 0.363966 0.186196 0.371446 0.195432 0.371020 0.200089 0.420155 0.208928 0.420580 0.204271 0.424140 0.201755 0.425778 0.202050 0.436455 0.194502 0.436597 0.192950 0.441937 0.189176 0.442079 0.187623 0.445638 0.185108 0.450551 0.185992 0.453672 0.151835 0.448759 0.150951 0.445767 0.147258 0.445909 0.145705 0.444414 0.143858 0.444555 0.142305 0.441563 0.138611 0.441704 0.137058 0.435721 0.129670 0.434083 0.129375 0.431091 0.125681 0.429454 0.125386 0.426461 0.121691 0.426887 0.117034
0 0.674142 0.817993 0.673716 0.822651 0.671936 0.823908 0.671794 0.825460 0.666456 0.829235 0.666314 0.830788 0.662754 0.833302 0.662612 0.834855 0.660832 0.836114 0.660690 0.837666 0.658911 0.838923 0.658627 0.842029 0.656848 0.843287 0.656565 0.846392 0.654784 0.847649 0.654359 0.852307 0.652580 0.853565 0.651728 0.862880 0.649948 0.864139 0.649664 0.867244 0.647884 0.868501 0.642971 0.867617 0.640418 0.895564 0.646969 0.896743 0.649961 0.900436 0.651599 0.900731 0.653095 0.902578 0.654732 0.902873 0.657725 0.906567 0.659362 0.906862 0.660858 0.908710 0.662496 0.909004 0.672968 0.921934 0.672826 0.923486 0.677314 0.929028 0.677172 0.930580 0.678668 0.932428 0.678243 0.937085 0.704448 0.941800 0.704873 0.937142 0.711992 0.932111 0.713629 0.932405 0.717189 0.929890 0.718826 0.930184 0.720606 0.928926 0.722245 0.929221 0.724024 0.927963 0.727299 0.928552 0.729078 0.927295 0.732355 0.927884 0.734134 0.926626 0.735772 0.926920 0.741111 0.923147 0.742748 0.923442 0.746309 0.920926 0.746451 0.919373 0.751789 0.915600 0.756703 0.916484 0.758973 0.891643 0.754059 0.890759 0.751067 0.887064 0.751209 0.885512 0.748217 0.881817 0.748359 0.880264 0.742375 0.872875 0.742517 0.871323 0.738030 0.865782 0.738172 0.864229 0.733683 0.858688 0.733825 0.857135 0.730833 0.853441 0.730975 0.851888 0.727983 0.848194 0.728125 0.846641 0.722142 0.839252 0.720504 0.838958 0.719008 0.837110 0.717370 0.836815 0.715874 0.834969 0.712598 0.834379 0.711102 0.832532 0.706189 0.831648 0.703197 0.827954 0.703623 0.823296
0 0.120573 0.554286 0.120148 0.558944 0.113029 0.563975 0.111390 0.563681 0.104272 0.568711 0.104130 0.570264 0.095231 0.576554 0.090318 0.575670 0.086629 0.616037 0.093181 0.617215 0.094676 0.619062 0.094534 0.620614 0.099023 0.626156 0.100660 0.626451 0.106645 0.633840 0.106219 0.638497 0.161904 0.648515 0.162471 0.642304 0.164252 0.641047 0.165890 0.641342 0.171228 0.637568 0.176141 0.638452 0.179546 0.601191 0.174633 0.600307 0.171641 0.596613 0.171783 0.595060 0.170288 0.593212 0.170430 0.591660 0.167437 0.587966 0.167579 0.586413 0.164587 0.582719 0.164729 0.581166 0.160241 0.575624 0.160383 0.574072 0.152904 0.564837 0.153330 0.560179
0 0.427491 0.420132 0.427066 0.424789 0.423506 0.427305 0.421869 0.427010 0.412970 0.433300 0.412828 0.434852 0.409269 0.437368 0.409127 0.438921 0.405568 0.441437 0.405426 0.442990 0.400087 0.446763 0.395173 0.445879 0.393187 0.467615 0.399738 0.468794 0.402730 0.472488 0.402304 0.477146 0.469455 0.489227 0.469880 0.484568 0.473441 0.482053 0.475078 0.482347 0.478637 0.479832 0.483550 0.480715 0.486813 0.445007 0.481900 0.444123 0.478908 0.440429 0.479050 0.438876 0.474562 0.433334 0.474988 0.428677
0 0.543504 0.680870 0.543078 0.685527 0.541298 0.686785 0.539661 0.686491 0.537882 0.687749 0.534606 0.687160 0.532826 0.688417 0.529550 0.687828 0.527771 0.689085 0.524494 0.688496 0.522715 0.689754 0.521078 0.689460 0.519298 0.690718 0.517659 0.690423 0.514100 0.692939 0.512463 0.692645 0.507123 0.696418 0.506981 0.697971 0.501643 0.701744 0.501501 0.703296 0.497941 0.705813 0.497799 0.707365 0.492461 0.711139 0.492319 0.712691 0.486979 0.716465 0.485342 0.716171 0.481782 0.718686 0.476869 0.717803 0.475734 0.730222 0.480647 0.731106 0.483640 0.734801 0.485277 0.735096 0.489765 0.740637 0.491403 0.740932 0.494395 0.744626 0.496033 0.744921 0.499025 0.748615 0.498599 0.753273 0.542820 0.761229 0.543245 0.756571 0.546805 0.754055 0.548443 0.754350 0.550222 0.753092 0.551860 0.753387 0.560759 0.747097 0.560901 0.745544 0.562681 0.744286 0.562964 0.741181 0.564744 0.739924 0.564885 0.738371 0.566666 0.737112 0.566808 0.735560 0.570366 0.733044 0.570508 0.731492 0.572288 0.730234 0.572430 0.728681 0.575989 0.726166 0.580902 0.727050 0.582463 0.709971 0.577550 0.709088 0.576054 0.707240 0.576196 0.705688 0.574700 0.703841 0.574842 0.702288 0.573345 0.700441 0.573487 0.698888 0.571992 0.697041 0.572133 0.695489 0.569142 0.691794 0.569709 0.685584
0 0.054327 0.277252 0.053901 0.281909 0.050342 0.284426 0.048703 0.284131 0.027348 0.299226 0.025710 0.298931 0.023931 0.300189 0.023789 0.301741 0.022009 0.302999 0.020370 0.302705 0.013251 0.307736 0.011614 0.307442 0.006276 0.311216 0.001362 0.310332 0.000000 0.347592 0.002871 0.348476 0.005863 0.352171 0.005579 0.355277 0.007074 0.357123 0.006932 0.358676 0.008428 0.360523 0.008286 0.362075 0.011278 0.365769 0.011136 0.367322 0.020113 0.378406 0.019687 0.383063 0.067183 0.391607 0.067609 0.386950 0.072947 0.383177 0.074586 0.383472 0.078145 0.380955 0.079783 0.381249 0.085122 0.377476 0.085264 0.375923 0.088823 0.373409 0.088965 0.371856 0.090744 0.370598 0.090886 0.369045 0.096226 0.365271 0.101139 0.366155 0.105821 0.314921 0.100908 0.314037 0.097916 0.310343 0.098058 0.308791 0.095066 0.305095 0.095208 0.303543 0.093712 0.301696 0.093854 0.300144 0.090861 0.296449 0.091003 0.294897 0.085020 0.287508 0.085446 0.282850
0 0.128776 0.391642 0.128351 0.396300 0.123011 0.400073 0.122869 0.401625 0.117531 0.405400 0.115892 0.405105 0.099876 0.416426 0.098237 0.416131 0.096457 0.417389 0.094820 0.417095 0.089481 0.420869 0.084567 0.419985 0.080311 0.466561 0.085225 0.467445 0.088217 0.471139 0.088075 0.472692 0.089571 0.474539 0.089429 0.476092 0.090924 0.477938 0.090782 0.479491 0.093775 0.483186 0.093633 0.484739 0.098121 0.490280 0.097979 0.491832 0.108451 0.504763 0.108309 0.506315 0.114293 0.513704 0.113726 0.519914 0.136654 0.524039 0.137221 0.517829 0.144340 0.512797 0.144482 0.511245 0.148043 0.508729 0.148184 0.507177 0.149964 0.505919 0.150247 0.502814 0.152028 0.501555 0.152311 0.498451 0.154090 0.497193 0.154374 0.494088 0.157934 0.491572 0.162847 0.492456 0.169515 0.419487 0.164601 0.418602 0.158618 0.411213 0.158759 0.409661 0.155768 0.405966 0.154129 0.405672 0.149642 0.400131 0.150067 0.395472
0 0.385073 0.683929 0.384648 0.688586 0.381089 0.691103 0.377813 0.690514 0.376033 0.691771 0.374395 0.691477 0.372616 0.692734 0.366065 0.691556 0.362518 0.730370 0.367431 0.731254 0.368927 0.733100 0.370565 0.733395 0.372061 0.735243 0.373699 0.735537 0.378187 0.741078 0.379824 0.741373 0.384312 0.746915 0.383887 0.751572 0.436297 0.761001 0.436723 0.756344 0.440282 0.753828 0.441919 0.754123 0.443699 0.752864 0.445337 0.753159 0.447117 0.751902 0.448755 0.752196 0.450534 0.750939 0.452172 0.751233 0.461071 0.744943 0.465985 0.745827 0.468822 0.714776 0.462270 0.713598 0.451799 0.700667 0.452224 0.696010
0 0.624934 0.190536 0.624367 0.196747 0.620807 0.199262 0.619169 0.198968 0.619027 0.200520 0.617248 0.201778 0.615611 0.201484 0.608491 0.206515 0.608349 0.208068 0.604791 0.210583 0.604649 0.212136 0.601089 0.214652 0.596176 0.213768 0.593054 0.247924 0.599606 0.249103 0.601102 0.250949 0.600960 0.252502 0.602456 0.254350 0.602314 0.255902 0.603809 0.257749 0.603667 0.259302 0.606660 0.262996 0.606518 0.264549 0.609510 0.268243 0.609368 0.269796 0.613856 0.275337 0.613714 0.276890 0.615210 0.278738 0.616848 0.279032 0.621335 0.284573 0.620909 0.289231 0.656943 0.295714 0.657368 0.291056 0.659147 0.289797 0.660785 0.290092 0.662565 0.288834 0.664203 0.289129 0.665982 0.287871 0.667620 0.288166 0.671180 0.285649 0.672817 0.285944 0.674598 0.284687 0.676235 0.284981 0.686913 0.277434 0.687055 0.275882 0.690614 0.273365 0.695527 0.274249 0.698365 0.243198 0.693452 0.242314 0.691955 0.240467 0.692097 0.238915 0.690602 0.237068 0.691027 0.232409 0.689531 0.230563 0.689673 0.229011 0.688177 0.227163 0.688319 0.225610 0.683831 0.220069 0.683973 0.218517 0.680982 0.214822 0.679343 0.214528 0.674855 0.208986 0.673218 0.208691 0.671722 0.206843 0.670084 0.206549 0.667092 0.202855 0.667518 0.198197
0 0.172092 0.664551 0.171667 0.669209 0.169888 0.670466 0.169746 0.672018 0.166186 0.674534 0.166044 0.676087 0.164264 0.677345 0.164122 0.678898 0.162343 0.680155 0.162201 0.681708 0.160421 0.682966 0.160279 0.684518 0.158499 0.685776 0.153586 0.684892 0.150323 0.720601 0.155236 0.721485 0.156732 0.723333 0.156307 0.727990 0.157803 0.729838 0.156527 0.743810 0.158022 0.745658 0.157738 0.748762 0.159235 0.750609 0.158951 0.753715 0.160446 0.755562 0.160305 0.757114 0.166288 0.764503 0.165863 0.769160 0.201895 0.775642 0.202320 0.770985 0.204101 0.769728 0.205738 0.770022 0.207518 0.768764 0.214068 0.769943 0.215849 0.768684 0.219124 0.769274 0.220904 0.768016 0.224180 0.768606 0.225959 0.767348 0.227597 0.767643 0.229377 0.766384 0.231014 0.766679 0.232794 0.765421 0.234431 0.765716 0.237992 0.763199 0.239629 0.763494 0.241409 0.762237 0.243047 0.762531 0.246606 0.760015 0.248243 0.760310 0.250024 0.759052 0.250166 0.757500 0.253725 0.754984 0.258639 0.755868 0.260058 0.740342 0.255144 0.739458 0.252152 0.735764 0.252435 0.732659 0.250939 0.730812 0.251081 0.729259 0.249585 0.727411 0.249727 0.725859 0.248231 0.724013 0.248373 0.722460 0.246877 0.720612 0.247019 0.719060 0.245524 0.717212 0.245666 0.715660 0.244169 0.713813 0.244311 0.712260 0.242816 0.710413 0.242957 0.708861 0.235477 0.699624 0.233840 0.699330 0.230848 0.695636 0.229210 0.695341 0.227714 0.693494 0.226076 0.693199 0.224579 0.691351 0.222942 0.691057 0.221446 0.689210 0.219808 0.688915 0.218312 0.687069 0.215037 0.686480 0.213541 0.684632 0.210265 0.684043 0.208769 0.682195 0.205493 0.681605 0.203998 0.679759 0.200722 0.679170 0.199227 0.677322 0.197588 0.677027 0.196093 0.675181 0.196660 0.668970
0 0.374657 0.214946 0.374232 0.219605 0.370672 0.222120 0.369034 0.221826 0.365475 0.224340 0.363836 0.224046 0.362057 0.225304 0.361915 0.226857 0.356577 0.230631 0.356435 0.232184 0.352875 0.234698 0.352734 0.236251 0.350953 0.237509 0.350811 0.239062 0.349031 0.240320 0.348889 0.241872 0.347110 0.243130 0.346968 0.244683 0.345188 0.245941 0.340275 0.245057 0.334600 0.307159 0.339513 0.308043 0.341010 0.309890 0.340584 0.314547 0.370065 0.319850 0.370491 0.315193 0.374050 0.312678 0.375687 0.312972 0.377467 0.311715 0.379106 0.312010 0.380885 0.310751 0.384161 0.311340 0.385940 0.310082 0.387578 0.310377 0.389357 0.309119 0.395910 0.310298 0.397689 0.309039 0.404240 0.310218 0.406019 0.308960 0.414209 0.310434 0.415989 0.309175 0.427453 0.311238 0.429234 0.309981 0.432509 0.310570 0.434288 0.309312 0.439201 0.310196 0.442890 0.269829 0.437977 0.268945 0.434985 0.265252 0.435411 0.260594 0.433915 0.258746 0.434199 0.255642 0.432702 0.253794 0.432986 0.250689 0.431490 0.248841 0.431632 0.247289 0.430136 0.245443 0.430278 0.243889 0.427286 0.240195 0.427428 0.238643 0.424436 0.234948 0.422799 0.234653 0.419807 0.230960 0.416530 0.230370 0.415035 0.228523 0.413397 0.228228 0.411901 0.226381 0.412327 0.221723
0 0.725151 0.278001 0.724725 0.282659 0.714047 0.290206 0.713905 0.291758 0.710345 0.294274 0.710203 0.295827 0.708424 0.297084 0.701873 0.295906 0.696340 0.356456 0.702891 0.357634 0.705883 0.361328 0.705741 0.362881 0.707237 0.364727 0.708875 0.365022 0.713362 0.370564 0.715000 0.370859 0.717992 0.374553 0.719630 0.374848 0.722623 0.378542 0.722197 0.383199 0.790984 0.395574 0.791410 0.390917 0.793190 0.389660 0.798104 0.390544 0.802928 0.337757 0.798014 0.336873 0.795022 0.333178 0.795164 0.331626 0.793668 0.329779 0.793810 0.328226 0.790817 0.324532 0.790959 0.322978 0.789464 0.321132 0.789605 0.319580 0.776141 0.302955 0.774504 0.302660 0.771512 0.298966 0.769875 0.298671 0.765386 0.293130 0.763749 0.292835 0.760756 0.289141 0.761182 0.284483
0 0.821883 0.585768 0.821457 0.590425 0.809000 0.599231 0.808858 0.600783 0.803518 0.604557 0.803377 0.606109 0.801597 0.607368 0.801455 0.608921 0.797895 0.611436 0.792982 0.610552 0.787166 0.674206 0.792078 0.675090 0.795071 0.678785 0.794930 0.680338 0.797920 0.684031 0.797779 0.685584 0.802267 0.691125 0.802125 0.692678 0.811101 0.703761 0.810675 0.708419 0.825416 0.711071 0.825842 0.706413 0.827621 0.705155 0.829258 0.705449 0.832819 0.702935 0.834456 0.703229 0.838015 0.700713 0.839653 0.701007 0.843213 0.698492 0.844850 0.698786 0.848410 0.696271 0.850047 0.696566 0.857166 0.691534 0.858804 0.691829 0.873042 0.681765 0.877956 0.682649 0.881360 0.645388 0.876446 0.644504 0.873454 0.640809 0.873596 0.639257 0.870605 0.635563 0.870746 0.634010 0.867754 0.630315 0.867896 0.628763 0.861913 0.621374 0.862054 0.619822 0.856071 0.612433 0.856212 0.610881 0.842749 0.594255 0.843175 0.589598
0 0.224272 0.421446 0.223847 0.426105 0.218508 0.429878 0.216870 0.429583 0.204412 0.438389 0.204271 0.439941 0.202490 0.441199 0.195939 0.440021 0.191257 0.491254 0.197809 0.492433 0.199305 0.494280 0.199163 0.495833 0.202154 0.499527 0.202012 0.501080 0.212484 0.514010 0.212059 0.518668 0.234988 0.522793 0.235414 0.518135 0.238973 0.515619 0.240611 0.515914 0.244171 0.513398 0.245808 0.513693 0.249368 0.511177 0.251006 0.511472 0.258124 0.506440 0.259762 0.506735 0.259904 0.505182 0.261684 0.503924 0.268234 0.505103 0.272065 0.463183 0.267152 0.462300 0.264160 0.458605 0.264302 0.457053 0.262805 0.455206 0.262947 0.453653 0.261452 0.451807 0.261594 0.450254 0.260097 0.448407 0.260239 0.446854 0.257248 0.443160 0.257390 0.441607 0.248413 0.430524 0.248839 0.425866
0 0.525954 0.381035 0.525528 0.385693 0.521970 0.388209 0.521828 0.389761 0.518268 0.392277 0.513355 0.391393 0.509099 0.437969 0.517288 0.439443 0.518784 0.441289 0.522059 0.441879 0.523556 0.443726 0.526831 0.444316 0.528327 0.446162 0.529964 0.446457 0.531461 0.448305 0.534736 0.448894 0.536232 0.450742 0.539507 0.451331 0.541004 0.453178 0.542642 0.453472 0.544137 0.455320 0.545775 0.455615 0.547271 0.457461 0.548910 0.457756 0.551900 0.461450 0.551475 0.466107 0.576043 0.470527 0.576468 0.465870 0.580028 0.463354 0.580169 0.461802 0.583729 0.459286 0.583871 0.457733 0.587430 0.455218 0.592344 0.456102 0.595040 0.426603 0.590126 0.425719 0.587134 0.422024 0.587276 0.420472 0.582787 0.414931 0.582929 0.413378 0.578442 0.407836 0.576804 0.407541 0.572316 0.402000 0.570679 0.401706 0.567686 0.398011 0.566049 0.397717 0.564553 0.395870 0.562915 0.395575 0.559923 0.391881 0.560349 0.387223
0 0.413340 0.884695 0.412773 0.890906 0.410993 0.892164 0.409356 0.891869 0.407576 0.893127 0.407434 0.894680 0.400315 0.899711 0.400174 0.901264 0.394834 0.905037 0.394692 0.906590 0.391134 0.909106 0.386220 0.908222 0.382957 0.943931 0.387871 0.944815 0.390862 0.948508 0.390720 0.950061 0.392216 0.951909 0.392074 0.953461 0.396563 0.959002 0.396421 0.960555 0.399412 0.964249 0.401050 0.964544 0.407034 0.971933 0.406608 0.976590 0.454105 0.985135 0.454672 0.978924 0.456452 0.977667 0.458089 0.977962 0.463429 0.974188 0.465066 0.974483 0.465208 0.972930 0.470548 0.969157 0.470690 0.967604 0.474249 0.965088 0.474391 0.963535 0.477950 0.961020 0.478092 0.959467 0.479872 0.958209 0.486424 0.959387 0.489545 0.925232 0.484631 0.924348 0.480143 0.918806 0.480285 0.917253 0.471309 0.906171 0.469671 0.905876 0.463688 0.898487 0.464113 0.893829
0 0.575614 0.876015 0.575189 0.880672 0.571629 0.883189 0.569992 0.882894 0.562872 0.887926 0.561235 0.887631 0.557675 0.890147 0.556037 0.889852 0.543580 0.898657 0.543438 0.900209 0.538098 0.903983 0.533185 0.903099 0.528787 0.951228 0.533700 0.952112 0.538189 0.957654 0.539826 0.957949 0.544314 0.963490 0.545953 0.963785 0.548944 0.967480 0.550582 0.967774 0.552078 0.969621 0.553716 0.969916 0.555211 0.971762 0.556849 0.972057 0.558345 0.973905 0.557919 0.978562 0.592314 0.984750 0.592740 0.980092 0.596299 0.977577 0.597936 0.977871 0.610395 0.969066 0.610536 0.967513 0.614096 0.964997 0.619010 0.965882 0.623550 0.916200 0.618636 0.915316 0.617140 0.913468 0.617282 0.911916 0.615786 0.910069 0.615928 0.908517 0.612936 0.904822 0.613078 0.903269 0.610086 0.899576 0.610227 0.898023 0.599755 0.885092 0.600181 0.880435
0 0.021671 0.561742 0.021246 0.566399 0.019467 0.567658 0.019325 0.569211 0.015765 0.571727 0.015623 0.573279 0.012064 0.575795 0.011922 0.577348 0.004802 0.582378 0.004661 0.583931 0.000000 0.587705 0.000000 0.589258 0.000000 0.591773 0.000000 0.593325 0.000000 0.602131 0.000000 0.603684 0.000000 0.604942 0.000000 0.603763 0.000000 0.622394 0.000000 0.623278 0.000000 0.626972 0.000000 0.630077 0.000000 0.633771 0.000000 0.635324 0.000000 0.639018 0.000000 0.640571 0.000000 0.642418 0.000000 0.643971 0.000000 0.645818 0.000000 0.647370 0.000000 0.654759 0.000000 0.655054 0.000000 0.658748 0.001126 0.659043 0.002623 0.660891 0.005898 0.661480 0.007395 0.663327 0.009032 0.663621 0.010529 0.665469 0.012166 0.665764 0.013661 0.667610 0.013236 0.672268 0.057458 0.680224 0.057883 0.675566 0.066782 0.669276 0.073332 0.670454 0.076879 0.631641 0.071966 0.630757 0.070471 0.628910 0.070755 0.625804 0.069258 0.623958 0.069684 0.619300 0.068187 0.617453 0.068471 0.614348 0.066975 0.612501 0.067259 0.609396 0.065764 0.607548 0.066048 0.604443 0.064551 0.602596 0.064693 0.601043 0.063196 0.599196 0.063338 0.597644 0.061843 0.595797 0.061985 0.594244 0.060488 0.592396 0.060630 0.590844 0.056143 0.585303 0.054504 0.585008 0.051514 0.581313 0.049875 0.581018 0.045388 0.575477 0.043750 0.575183 0.042254 0.573336 0.040616 0.573041 0.037624 0.569346 0.038050 0.564689
0 0.326887 0.446219 0.326461 0.450876 0.322903 0.453392 0.321265 0.453098 0.319485 0.454356 0.317847 0.454061 0.316068 0.455319 0.314430 0.455024 0.312649 0.456282 0.311012 0.455988 0.307453 0.458504 0.305814 0.458209 0.291577 0.468272 0.291435 0.469825 0.287877 0.472341 0.287735 0.473893 0.284175 0.476409 0.279261 0.475525 0.276424 0.506576 0.281338 0.507460 0.284330 0.511154 0.284188 0.512707 0.287179 0.516402 0.287037 0.517954 0.291525 0.523496 0.291384 0.525048 0.300359 0.536131 0.299934 0.540788 0.324501 0.545208 0.324927 0.540551 0.326706 0.539293 0.326848 0.537740 0.333967 0.532709 0.334109 0.531157 0.337668 0.528641 0.337810 0.527088 0.344929 0.522056 0.345071 0.520503 0.348630 0.517987 0.348772 0.516435 0.350552 0.515178 0.350694 0.513625 0.354252 0.511109 0.354394 0.509556 0.356174 0.508299 0.356316 0.506746 0.358095 0.505488 0.358379 0.502383 0.360159 0.501126 0.360301 0.499573 0.363861 0.497057 0.368774 0.497941 0.372037 0.462232 0.365486 0.461053 0.363990 0.459206 0.364557 0.452996
0 0.138811 0.172517 0.138386 0.177176 0.134825 0.179691 0.133188 0.179397 0.131408 0.180654 0.129770 0.180359 0.126211 0.182875 0.124573 0.182580 0.122793 0.183839 0.121156 0.183544 0.115817 0.187318 0.114179 0.187023 0.101721 0.195829 0.101579 0.197381 0.098020 0.199897 0.097878 0.201450 0.092539 0.205223 0.092397 0.206775 0.088837 0.209292 0.083924 0.208408 0.081796 0.231695 0.086709 0.232579 0.089702 0.236274 0.091339 0.236568 0.092835 0.238415 0.094473 0.238710 0.097465 0.242405 0.099103 0.242700 0.100599 0.244547 0.102236 0.244841 0.105229 0.248536 0.106866 0.248830 0.114346 0.258066 0.114205 0.259619 0.123179 0.270702 0.122754 0.275359 0.160424 0.282136 0.160850 0.277479 0.166188 0.273705 0.167826 0.274000 0.173166 0.270226 0.173308 0.268673 0.178647 0.264900 0.183560 0.265784 0.187249 0.225417 0.182335 0.224533 0.176351 0.217145 0.176493 0.215593 0.174998 0.213745 0.175140 0.212192 0.173643 0.210345 0.173785 0.208793 0.172289 0.206945 0.172430 0.205392 0.170935 0.203546 0.171077 0.201993 0.169581 0.200146 0.169723 0.198594 0.168227 0.196746 0.168369 0.195193 0.166872 0.193346 0.167014 0.191794 0.165519 0.189947 0.165661 0.188394 0.162669 0.184700 0.162811 0.183147 0.161315 0.181301 0.161741 0.176642
0 0.607199 0.585020 0.606773 0.589678 0.604994 0.590935 0.604852 0.592487 0.603073 0.593746 0.602931 0.595298 0.601151 0.596556 0.601009 0.598109 0.599229 0.599366 0.599087 0.600919 0.597308 0.602177 0.597166 0.603730 0.595387 0.604988 0.595245 0.606540 0.593465 0.607798 0.593323 0.609351 0.591542 0.610608 0.591401 0.612161 0.587841 0.614676 0.587699 0.616229 0.585920 0.617488 0.585778 0.619040 0.582219 0.621556 0.582077 0.623108 0.580297 0.624366 0.580155 0.625919 0.574816 0.629692 0.574674 0.631245 0.572895 0.632503 0.572753 0.634055 0.569193 0.636571 0.564280 0.635688 0.561443 0.666739 0.566356 0.667622 0.569349 0.671317 0.569065 0.674421 0.570560 0.676269 0.570418 0.677822 0.576402 0.685210 0.575835 0.691420 0.606953 0.697018 0.607378 0.692361 0.609159 0.691102 0.610797 0.691397 0.612576 0.690140 0.614213 0.690434 0.615994 0.689176 0.619269 0.689765 0.622829 0.687250 0.624466 0.687545 0.636924 0.678739 0.637066 0.677186 0.640626 0.674671 0.645539 0.675555 0.649370 0.633636 0.644456 0.632752 0.641464 0.629058 0.641606 0.627506 0.640111 0.625658 0.640252 0.624105 0.637259 0.620411 0.637401 0.618858 0.634411 0.615164 0.634552 0.613611 0.630064 0.608070 0.630206 0.606517 0.618238 0.591740 0.618664 0.587082
0 0.459020 0.785604 0.458595 0.790262 0.456815 0.791520 0.455176 0.791225 0.453397 0.792484 0.450121 0.791894 0.448341 0.793152 0.446704 0.792857 0.444925 0.794115 0.441648 0.793525 0.439869 0.794784 0.438231 0.794489 0.436451 0.795747 0.433176 0.795158 0.431396 0.796415 0.429758 0.796121 0.427979 0.797378 0.426341 0.797084 0.424562 0.798342 0.421285 0.797753 0.419506 0.799011 0.417868 0.798716 0.416088 0.799974 0.412813 0.799385 0.411033 0.800643 0.409395 0.800348 0.407615 0.801606 0.402702 0.800722 0.400999 0.819352 0.407551 0.820531 0.410543 0.824225 0.412180 0.824520 0.418164 0.831909 0.419802 0.832203 0.424291 0.837745 0.424149 0.839298 0.428636 0.844839 0.428494 0.846392 0.437470 0.857475 0.437044 0.862132 0.474714 0.868909 0.475139 0.864252 0.478699 0.861736 0.480337 0.862031 0.491015 0.854483 0.495929 0.855367 0.501604 0.793265
0 0.703960 0.564553 0.703534 0.569210 0.699975 0.571726 0.699833 0.573279 0.696274 0.575795 0.696132 0.577348 0.694351 0.578605 0.694210 0.580158 0.690650 0.582673 0.690508 0.584226 0.688729 0.585484 0.688587 0.587037 0.686808 0.588295 0.681894 0.587411 0.676503 0.646407 0.681417 0.647291 0.684408 0.650986 0.684266 0.652539 0.688754 0.658081 0.688613 0.659633 0.691604 0.663327 0.691179 0.667985 0.719021 0.672994 0.719447 0.668336 0.728346 0.662046 0.729984 0.662341 0.735323 0.658568 0.735465 0.657015 0.742583 0.651983 0.747497 0.652867 0.752463 0.598528 0.747549 0.597644 0.731094 0.577325 0.729456 0.577030 0.726464 0.573336 0.726889 0.568678
0 0.224452 0.528788 0.224026 0.533445 0.220467 0.535962 0.220325 0.537514 0.216766 0.540029 0.216624 0.541582 0.211285 0.545356 0.206371 0.544472 0.199987 0.614336 0.204901 0.615220 0.206397 0.617068 0.206255 0.618620 0.209247 0.622315 0.209105 0.623867 0.212097 0.627561 0.211955 0.629114 0.222426 0.642044 0.222000 0.646702 0.253119 0.652301 0.253545 0.647643 0.255324 0.646385 0.258600 0.646974 0.260380 0.645716 0.262017 0.646011 0.263798 0.644753 0.265436 0.645048 0.270775 0.641274 0.275687 0.642158 0.281079 0.583161 0.276166 0.582277 0.274670 0.580429 0.274812 0.578877 0.273316 0.577030 0.273457 0.575477 0.271962 0.573630 0.272104 0.572078 0.269111 0.568383 0.269253 0.566830 0.264765 0.561289 0.263127 0.560994 0.257144 0.553606 0.255506 0.553311 0.252514 0.549617 0.250876 0.549322 0.247885 0.545628 0.246247 0.545333 0.243255 0.541639 0.241617 0.541344 0.240121 0.539497 0.238483 0.539203 0.235491 0.535507 0.235916 0.530850
0 0.588035 0.758316 0.587609 0.762973 0.584049 0.765490 0.580774 0.764901 0.577214 0.767416 0.575576 0.767122 0.572017 0.769636 0.570380 0.769342 0.568599 0.770600 0.566961 0.770305 0.561623 0.774079 0.559985 0.773784 0.552866 0.778817 0.551228 0.778522 0.531651 0.792358 0.531509 0.793911 0.529730 0.795169 0.523179 0.793990 0.520341 0.825041 0.526893 0.826220 0.535868 0.837303 0.535443 0.841960 0.578026 0.849621 0.578452 0.844964 0.582011 0.842448 0.583648 0.842743 0.587209 0.840227 0.588846 0.840522 0.592405 0.838006 0.594043 0.838300 0.597603 0.835785 0.597745 0.834233 0.604863 0.829200 0.605005 0.827648 0.608565 0.825132 0.608707 0.823579 0.610486 0.822322 0.610628 0.820770 0.612407 0.819511 0.612549 0.817958 0.614329 0.816701 0.619242 0.817585 0.622647 0.780323 0.617734 0.779440 0.614742 0.775745 0.615026 0.772640 0.613530 0.770793 0.613672 0.769240 0.612176 0.767393 0.612601 0.762736
0 0.256253 0.654442 0.252990 0.690150 0.257903 0.691034 0.259400 0.692882 0.259258 0.694435 0.260754 0.696282 0.260612 0.697834 0.262108 0.699681 0.261966 0.701234 0.264958 0.704928 0.264816 0.706481 0.269303 0.712023 0.270942 0.712318 0.275430 0.717859 0.278706 0.718448 0.280201 0.720296 0.283477 0.720885 0.284972 0.722732 0.284547 0.727389 0.312390 0.732398 0.312816 0.727741 0.314595 0.726483 0.316233 0.726778 0.318012 0.725519 0.321288 0.726109 0.333746 0.717303 0.333888 0.715751 0.335667 0.714493 0.342220 0.715672 0.345199 0.683068 0.337009 0.681595 0.334017 0.677900 0.330742 0.677311 0.329246 0.675464 0.324332 0.674580 0.322836 0.672733 0.321199 0.672438 0.319702 0.670590 0.320128 0.665933
0 0.274514 0.746099 0.268271 0.814411 0.273184 0.815295 0.274681 0.817142 0.274539 0.818695 0.276034 0.820542 0.275893 0.822095 0.277389 0.823942 0.277105 0.827047 0.278601 0.828894 0.278459 0.830447 0.279955 0.832294 0.279813 0.833846 0.282805 0.837541 0.289357 0.838720 0.290852 0.840567 0.299042 0.842040 0.300538 0.843888 0.303813 0.844477 0.309797 0.851866 0.309229 0.858075 0.337073 0.863084 0.337498 0.858427 0.346397 0.852138 0.348034 0.852432 0.348176 0.850879 0.353516 0.847105 0.353658 0.845553 0.357216 0.843037 0.357500 0.839932 0.359280 0.838675 0.359422 0.837122 0.361201 0.835863 0.361485 0.832758 0.363265 0.831501 0.363549 0.828396 0.365329 0.827137 0.365896 0.820928 0.367676 0.819670 0.368101 0.815013 0.369881 0.813754 0.370165 0.810649 0.371944 0.809392 0.372086 0.807839 0.384545 0.799033 0.386182 0.799327 0.389741 0.796812 0.394654 0.797696 0.396215 0.780618 0.381475 0.777966 0.379695 0.779224 0.378057 0.778930 0.376277 0.780187 0.374640 0.779893 0.372861 0.781150 0.371222 0.780855 0.369443 0.782114 0.367805 0.781819 0.366025 0.783077 0.359474 0.781899 0.357694 0.783156 0.341316 0.780210 0.339820 0.778363 0.329993 0.776595 0.328497 0.774748 0.325221 0.774158 0.323726 0.772311 0.320450 0.771722 0.318954 0.769875 0.317316 0.769580 0.315820 0.767733 0.312545 0.767144 0.311048 0.765296 0.307773 0.764707 0.306277 0.762859 0.304640 0.762565 0.301647 0.758870 0.300010 0.758576 0.297018 0.754882 0.297443 0.750224
0 0.142095 0.810649 0.141527 0.816859 0.137968 0.819375 0.137826 0.820928 0.136047 0.822185 0.135905 0.823738 0.132346 0.826253 0.127432 0.825369 0.124168 0.861078 0.129082 0.861962 0.132074 0.865657 0.131791 0.868762 0.133286 0.870609 0.133144 0.872162 0.134640 0.874009 0.134498 0.875561 0.135994 0.877409 0.135852 0.878961 0.138844 0.882655 0.138702 0.884208 0.141694 0.887902 0.141552 0.889455 0.150528 0.900538 0.152165 0.900833 0.155157 0.904527 0.156796 0.904822 0.159788 0.908516 0.159362 0.913174 0.206859 0.921719 0.207285 0.917061 0.210844 0.914545 0.212482 0.914840 0.219600 0.909808 0.221238 0.910103 0.223018 0.908845 0.223160 0.907292 0.224940 0.906034 0.231490 0.907212 0.236172 0.855979 0.231259 0.855095 0.228267 0.851400 0.228409 0.849848 0.226912 0.848001 0.227054 0.846449 0.224062 0.842753 0.224204 0.841201 0.219717 0.835660 0.218080 0.835366 0.212095 0.827977 0.212520 0.823319
0 0.503979 0.257148 0.503554 0.261806 0.498215 0.265580 0.496577 0.265285 0.494798 0.266544 0.494656 0.268096 0.489316 0.271870 0.484403 0.270986 0.480431 0.314457 0.485344 0.315341 0.494321 0.326424 0.495958 0.326718 0.500446 0.332260 0.500021 0.336918 0.545879 0.345168 0.546304 0.340510 0.549864 0.337994 0.551502 0.338289 0.556841 0.334515 0.556983 0.332963 0.560543 0.330447 0.560685 0.328895 0.566023 0.325121 0.570937 0.326005 0.574058 0.291849 0.567506 0.290670 0.566011 0.288823 0.566153 0.287270 0.564657 0.285424 0.564799 0.283871 0.557319 0.274634 0.555680 0.274339 0.552689 0.270645 0.553114 0.265988
0 0.391718 0.337949 0.391150 0.344159 0.376913 0.354222 0.376771 0.355774 0.371431 0.359549 0.371289 0.361102 0.369510 0.362359 0.362959 0.361181 0.359412 0.399994 0.428201 0.412369 0.428626 0.407712 0.430405 0.406453 0.432044 0.406748 0.433823 0.405490 0.435461 0.405785 0.437241 0.404528 0.438879 0.404822 0.442438 0.402307 0.444075 0.402601 0.452974 0.396311 0.453116 0.394759 0.456676 0.392243 0.456817 0.390690 0.460377 0.388175 0.465291 0.389059 0.468696 0.351797
0 0.764610 0.720647 0.764043 0.726857 0.762262 0.728115 0.760624 0.727821 0.746387 0.737883 0.746245 0.739436 0.742685 0.741952 0.742544 0.743504 0.738985 0.746020 0.734071 0.745136 0.728822 0.802581 0.733736 0.803465 0.738223 0.809006 0.738081 0.810559 0.741073 0.814253 0.740932 0.815805 0.743923 0.819500 0.743782 0.821053 0.746773 0.824747 0.746348 0.829405 0.780742 0.835593 0.781168 0.830935 0.784727 0.828419 0.786365 0.828713 0.795263 0.822424 0.796901 0.822719 0.798681 0.821461 0.798823 0.819908 0.809501 0.812360 0.809643 0.810808 0.811422 0.809551 0.811564 0.807998 0.815124 0.805482 0.820037 0.806366 0.824435 0.758236 0.819522 0.757352 0.816530 0.753659 0.816672 0.752106 0.813680 0.748411 0.813822 0.746859 0.804846 0.735776 0.803207 0.735481 0.800217 0.731786 0.800642 0.727129
0 0.608607 0.332782 0.608039 0.338992 0.595581 0.347796 0.590668 0.346913 0.588114 0.374858 0.593027 0.375742 0.600507 0.384979 0.600365 0.386532 0.615325 0.405004 0.616962 0.405298 0.618459 0.407145 0.620097 0.407440 0.621593 0.409287 0.623230 0.409581 0.624726 0.411429 0.626365 0.411724 0.627860 0.413570 0.629499 0.413865 0.630994 0.415713 0.634270 0.416302 0.637261 0.419996 0.636836 0.424654 0.666317 0.429958 0.666884 0.423747 0.668664 0.422490 0.675215 0.423668 0.678194 0.391064 0.673281 0.390180 0.670289 0.386486 0.670431 0.384934 0.668934 0.383087 0.669076 0.381534 0.667581 0.379687 0.667723 0.378134 0.664731 0.374440 0.664873 0.372887 0.660384 0.367345 0.660526 0.365793 0.656039 0.360251 0.656181 0.358698 0.647205 0.347616 0.645567 0.347322 0.644071 0.345474 0.644639 0.339264
0 0.178801 0.299645 0.178375 0.304302 0.165918 0.313108 0.165776 0.314660 0.162216 0.317176 0.162074 0.318729 0.158516 0.321245 0.153602 0.320361 0.149204 0.368490 0.155755 0.369669 0.157250 0.371515 0.157108 0.373068 0.160101 0.376762 0.159534 0.382973 0.193928 0.389161 0.194353 0.384503 0.197913 0.381987 0.199550 0.382281 0.208449 0.375992 0.213362 0.376876 0.219746 0.307011
0 0.698364 0.443613 0.697938 0.448271 0.694379 0.450787 0.692741 0.450493 0.690961 0.451750 0.689324 0.451455 0.687544 0.452713 0.685905 0.452418 0.684126 0.453676 0.682489 0.453382 0.678928 0.455897 0.677291 0.455603 0.673732 0.458119 0.667180 0.456940 0.663492 0.497306 0.668405 0.498190 0.671398 0.501885 0.671256 0.503437 0.674247 0.507132 0.674105 0.508684 0.680089 0.516073 0.679947 0.517625 0.690419 0.530556 0.689993 0.535213 0.724388 0.541401 0.724814 0.536743 0.728372 0.534228 0.730010 0.534522 0.731790 0.533265 0.733428 0.533559 0.740547 0.528527 0.742185 0.528822 0.745743 0.526306 0.745885 0.524754 0.754784 0.518464 0.759698 0.519348 0.763529 0.477429 0.758615 0.476545 0.754127 0.471003 0.752489 0.470709 0.745009 0.461473 0.743371 0.461179 0.738883 0.455637 0.739309 0.450979
0 0.311229 0.872638 0.310803 0.877296 0.305464 0.881069 0.303825 0.880774 0.289588 0.890837 0.289446 0.892390 0.287667 0.893648 0.287525 0.895201 0.283966 0.897716 0.283824 0.899269 0.282044 0.900527 0.281903 0.902079 0.280122 0.903338 0.279981 0.904890 0.276421 0.907406 0.276279 0.908959 0.274500 0.910216 0.274358 0.911768 0.270798 0.914284 0.265885 0.913400 0.262906 0.946004 0.267819 0.946888 0.273803 0.954277 0.273378 0.958934 0.319237 0.967184 0.319662 0.962527 0.325001 0.958753 0.326638 0.959048 0.330198 0.956531 0.331836 0.956826 0.346073 0.946764 0.346215 0.945211 0.349775 0.942695 0.349917 0.941142 0.353476 0.938627 0.353618 0.937074 0.357177 0.934558 0.362090 0.935442 0.366063 0.891971 0.359512 0.890792 0.358016 0.888945 0.356378 0.888650 0.353386 0.884956 0.353811 0.880298
0 0.268573 0.246360 0.268147 0.251017 0.253909 0.261081 0.253768 0.262633 0.248428 0.266406 0.248286 0.267960 0.242947 0.271734 0.238034 0.270850 0.233919 0.315873 0.238832 0.316757 0.241824 0.320451 0.241682 0.322004 0.243179 0.323851 0.243037 0.325404 0.250516 0.334640 0.252155 0.334934 0.255146 0.338629 0.254721 0.343286 0.269461 0.345938 0.269886 0.341281 0.277006 0.336249 0.277148 0.334696 0.282487 0.330923 0.282628 0.329371 0.287967 0.325596 0.288109 0.324043 0.297008 0.317754 0.297150 0.316202 0.300709 0.313687 0.300851 0.312134 0.304410 0.309618 0.304552 0.308065 0.308112 0.305550 0.313026 0.306434 0.316430 0.269172 0.311516 0.268288 0.302541 0.257205 0.302966 0.252547
0 0.658783 0.676359 0.658215 0.682570 0.652877 0.686344 0.652735 0.687896 0.647395 0.691670 0.647254 0.693222 0.643695 0.695738 0.643553 0.697290 0.641773 0.698548 0.641631 0.700101 0.639851 0.701359 0.639709 0.702911 0.636151 0.705428 0.631237 0.704544 0.627690 0.743357 0.632604 0.744241 0.641579 0.755324 0.641153 0.759981 0.659170 0.763222 0.659595 0.758565 0.661375 0.757308 0.663013 0.757602 0.664793 0.756344 0.666430 0.756639 0.669990 0.754123 0.671628 0.754418 0.680526 0.748128 0.682164 0.748422 0.692841 0.740876 0.699394 0.742054 0.702231 0.711003 0.697317 0.710119 0.677870 0.686105 0.678438 0.679895
0 0.021621 0.416551 0.021195 0.421209 0.014076 0.426239 0.013935 0.427793 0.008595 0.431566 0.008453 0.433119 0.004894 0.435634 0.004752 0.437187 0.002973 0.438445 0.002689 0.441550 0.000000 0.445323 0.000000 0.446876 0.000000 0.450651 0.000000 0.452203 0.000000 0.455976 0.000000 0.455092 0.000000 0.503221 0.000000 0.504105 0.000000 0.515189 0.000000 0.515483 0.000000 0.519178 0.000000 0.519472 0.000000 0.521320 0.000366 0.521614 0.003360 0.525308 0.004997 0.525603 0.012476 0.534839 0.012050 0.539497 0.036618 0.543917 0.037186 0.537706 0.038966 0.536448 0.039108 0.534896 0.040887 0.533638 0.041029 0.532085 0.044588 0.529570 0.044730 0.528017 0.046510 0.526759 0.046652 0.525207 0.048431 0.523948 0.048573 0.522396 0.050353 0.521139 0.050495 0.519586 0.052274 0.518327 0.052416 0.516775 0.055976 0.514259 0.060889 0.515143 0.065712 0.462356 0.060799 0.461473 0.056312 0.455931 0.056454 0.454379 0.054957 0.452531 0.055099 0.450979 0.053604 0.449132 0.053746 0.447579 0.050753 0.443885 0.050895 0.442332 0.046407 0.436791 0.046549 0.435237 0.043557 0.431543 0.043699 0.429991 0.039212 0.424450 0.039637 0.419792
0 0.591144 0.487447 0.588307 0.518498 0.593221 0.519382 0.599203 0.526771 0.599061 0.528324 0.602055 0.532017 0.601913 0.533570 0.603408 0.535417 0.603266 0.536970 0.621218 0.559136 0.622856 0.559431 0.624351 0.561279 0.623784 0.567488 0.638525 0.570140 0.639092 0.563931 0.647990 0.557640 0.648132 0.556088 0.651691 0.553573 0.656605 0.554457 0.659868 0.518748 0.654954 0.517864 0.651962 0.514169 0.652104 0.512616 0.650609 0.510769 0.650751 0.509216 0.644767 0.501829 0.645193 0.497170
0 0.469494 0.598120 0.469068 0.602777 0.465508 0.605294 0.463870 0.604999 0.462091 0.606257 0.460453 0.605962 0.456893 0.608478 0.455255 0.608183 0.453476 0.609442 0.451838 0.609147 0.444720 0.614179 0.443081 0.613884 0.435963 0.618915 0.434325 0.618620 0.428986 0.622394 0.427348 0.622099 0.425568 0.623357 0.419017 0.622178 0.416605 0.648572 0.421518 0.649456 0.423015 0.651304 0.424653 0.651598 0.426148 0.653445 0.427786 0.653740 0.429282 0.655586 0.430920 0.655881 0.435408 0.661423 0.434982 0.666080 0.489031 0.675804 0.489456 0.671146 0.493015 0.668630 0.494653 0.668925 0.496433 0.667667 0.498071 0.667961 0.501630 0.665447 0.503268 0.665741 0.508607 0.661967 0.513521 0.662851 0.518628 0.606959
0 0.830653 0.416914 0.830228 0.421571 0.821329 0.427861 0.819692 0.427566 0.817912 0.428825 0.814636 0.428235 0.812857 0.429493 0.809581 0.428904 0.807801 0.430161 0.806164 0.429866 0.804383 0.431125 0.802746 0.430830 0.800967 0.432088 0.799328 0.431793 0.799187 0.433346 0.793848 0.437120 0.788934 0.436236 0.785955 0.468839 0.792506 0.470018 0.794002 0.471864 0.793860 0.473418 0.796852 0.477112 0.796711 0.478664 0.799701 0.482359 0.799560 0.483911 0.802552 0.487606 0.802410 0.489159 0.805403 0.492852 0.805119 0.495958 0.806614 0.497805 0.806472 0.499358 0.807968 0.501205 0.807684 0.504310 0.809181 0.506157 0.809039 0.507710 0.810535 0.509556 0.810252 0.512662 0.811747 0.514509 0.811038 0.522272 0.812533 0.524119 0.811398 0.536539 0.809619 0.537797 0.809052 0.544007 0.807272 0.545266 0.805712 0.562344 0.840105 0.568532 0.840673 0.562320 0.844232 0.559806 0.844516 0.556701 0.848075 0.554185 0.848217 0.552632 0.849998 0.551373 0.850139 0.549821 0.851919 0.548563 0.852202 0.545458 0.855762 0.542943 0.855903 0.541390 0.857684 0.540133 0.857826 0.538580 0.859605 0.537321 0.859747 0.535769 0.863306 0.533253 0.863448 0.531701 0.867007 0.529185 0.871920 0.530069 0.877028 0.474176 0.872115 0.473293 0.870618 0.471446 0.870760 0.469894 0.869265 0.468046 0.869690 0.463389 0.868194 0.461541 0.868619 0.456883 0.867124 0.455036 0.867833 0.447274 0.866338 0.445427 0.866763 0.440768 0.865267 0.438922 0.865409 0.437370 0.863912 0.435522 0.864054 0.433970 0.858071 0.426580 0.858497 0.421923
0 0.830653 0.416914 0.830086 0.423124 0.828307 0.424383 0.826668 0.424088 0.821329 0.427861 0.819692 0.427566 0.817912 0.428825 0.814636 0.428235 0.812857 0.429493 0.809581 0.428904 0.807801 0.430161 0.806164 0.429866 0.804383 0.431125 0.802746 0.430830 0.800967 0.432088 0.799328 0.431793 0.799187 0.433346 0.793848 0.437120 0.788934 0.436236 0.786097 0.467287 0.791011 0.468171 0.794002 0.471864 0.793860 0.473418 0.796852 0.477112 0.796711 0.478664 0.799701 0.482359 0.799560 0.483911 0.802552 0.487606 0.802410 0.489159 0.805403 0.492852 0.805119 0.495958 0.806614 0.497805 0.806472 0.499358 0.807968 0.501205 0.807826 0.502758 0.809322 0.504605 0.809039 0.507710 0.810535 0.509556 0.810252 0.512662 0.811747 0.514509 0.811179 0.520719 0.812675 0.522567 0.811398 0.536539 0.809619 0.537797 0.809052 0.544007 0.807272 0.545266 0.806279 0.556133 0.807775 0.557981 0.807349 0.562639 0.840105 0.568532 0.840673 0.562320 0.842452 0.561063 0.842594 0.559511 0.844374 0.558253 0.844516 0.556701 0.846296 0.555442 0.846438 0.553890 0.849998 0.551373 0.850139 0.549821 0.851919 0.548563 0.852202 0.545458 0.853981 0.544200 0.854123 0.542648 0.857684 0.540133 0.857826 0.538580 0.859605 0.537321 0.859747 0.535769 0.861526 0.534510 0.861668 0.532958 0.867007 0.529185 0.871920 0.530069 0.877028 0.474176 0.872115 0.473293 0.870618 0.471446 0.870760 0.469894 0.869265 0.468046 0.869690 0.463389 0.868194 0.461541 0.868619 0.456883 0.867124 0.455036 0.867691 0.448826 0.866196 0.446980 0.866763 0.440768 0.865267 0.438922 0.865409 0.437370 0.863912 0.435522 0.864054 0.433970 0.858071 0.426580 0.858497 0.421923
