1 0.020983 0.229283 0.022391 0.231049 0.025520 0.231073 0.031168 0.238150 0.030400 0.246948 0.028678 0.248695 0.028216 0.253982 0.023047 0.259227 0.021479 0.259212 0.019756 0.260960 0.018188 0.260945 0.014741 0.264442 0.011608 0.264410 0.005294 0.335463 0.010024 0.335537 0.011760 0.333773 0.013337 0.333797 0.015073 0.332033 0.016651 0.332057 0.018386 0.330293 0.019965 0.330317 0.023435 0.326789 0.025015 0.326813 0.026750 0.325049 0.028330 0.325072 0.030065 0.323308 0.031645 0.323331 0.033380 0.321567 0.034961 0.321590 0.038431 0.318062 0.041594 0.318107 0.043329 0.316343 0.044911 0.316365 0.046646 0.314601 0.048229 0.314623 0.051698 0.311094 0.054865 0.311138 0.056600 0.309373 0.058185 0.309395 0.059919 0.307630 0.061504 0.307652 0.064973 0.304123 0.068145 0.304165 0.069879 0.302400 0.073052 0.302442 0.076522 0.298912 0.078109 0.298933 0.079843 0.297168 0.081431 0.297188 0.083166 0.295423 0.084754 0.295443 0.086488 0.293678 0.088077 0.293698 0.091546 0.290169 0.093135 0.290188 0.094870 0.288423 0.096460 0.288442 0.098194 0.286678 0.099784 0.286696 0.101518 0.284932 0.103109 0.284950 0.104843 0.283185 0.106435 0.283204 0.108169 0.281439 0.109761 0.281457 0.111495 0.279693 0.114680 0.279729 0.116414 0.277963 0.119602 0.277999 0.121336 0.276234 0.124525 0.276269 0.126259 0.274503 0.127854 0.274521 0.129589 0.272755 0.132780 0.272790 0.134515 0.271024 0.136111 0.271041 0.137846 0.269275 0.139443 0.269292 0.141177 0.267526 0.145971 0.267576 0.147057 0.253329 0.142269 0.253284 0.140810 0.251492 0.140946 0.249715 0.139489 0.247925 0.139625 0.246150 0.136713 0.242573 0.136850 0.240800 0.135395 0.239015 0.135532 0.237243 0.126822 0.226555 0.125235 0.226543 0.123787 0.224766 0.122200 0.224754 0.119308 0.221202 0.114554 0.221169 0.113111 0.219395 0.108363 0.219363 0.106923 0.217591 0.102180 0.217559 0.100742 0.215789 0.091271 0.215726 0.089837 0.213958 0.083533 0.213917 0.082103 0.212151 0.077380 0.212121 0.075953 0.210357 0.069664 0.210318 0.068239 0.208555 0.061959 0.208517 0.060538 0.206756 0.055833 0.206728 0.054414 0.204968 0.052847 0.204959 0.051431 0.203201 0.051879 0.197957 0.017528 0.197776 0.014733 0.229235 0.020983 0.229283
0 0.196649 0.461631 0.201187 0.467330 0.202831 0.467371 0.204346 0.469274 0.205991 0.469315 0.209025 0.473124 0.210671 0.473166 0.213710 0.476979 0.215358 0.477022 0.218402 0.480840 0.220052 0.480883 0.224627 0.486620 0.226279 0.486664 0.241592 0.505862 0.241221 0.511503 0.247866 0.511691 0.248233 0.506048 0.250017 0.504214 0.251678 0.504261 0.253462 0.502427 0.255124 0.502473 0.256907 0.500639 0.257028 0.498760 0.262376 0.493262 0.264039 0.493307 0.265821 0.491474 0.265940 0.489597 0.267722 0.487765 0.267842 0.485889 0.269623 0.484057 0.274613 0.484188 0.275084 0.476690 0.270098 0.476562 0.268555 0.474647 0.269622 0.457828 0.268083 0.455922 0.268320 0.452193 0.266782 0.450291 0.266901 0.448428 0.265364 0.446527 0.265483 0.444666 0.262411 0.440869 0.262531 0.439011 0.254870 0.429543 0.255232 0.423984 0.194471 0.422655 0.191727 0.461509 0.196649 0.461631
0 0.269504 0.459694 0.271045 0.461602 0.269623 0.484057 0.271167 0.485977 0.271049 0.487853 0.277237 0.495546 0.278903 0.495591 0.282004 0.499444 0.281653 0.505094 0.308409 0.505838 0.308747 0.500177 0.310534 0.498337 0.313884 0.498428 0.315671 0.496588 0.320701 0.496724 0.322488 0.494883 0.324165 0.494928 0.327740 0.491246 0.329418 0.491291 0.336565 0.483929 0.338244 0.483973 0.343604 0.478453 0.348644 0.478582 0.349594 0.461655 0.342883 0.461491 0.341313 0.459573 0.341420 0.457697 0.322657 0.434787 0.322766 0.432922 0.319652 0.429122 0.319762 0.427259 0.318207 0.425362 0.318317 0.423501 0.313657 0.417817 0.313768 0.415959 0.310667 0.412177 0.310778 0.410322 0.303041 0.400890 0.303378 0.395342 0.268679 0.394659 0.264530 0.459572 0.269504 0.459694
0 0.540710 0.453003 0.538987 0.452963 0.537191 0.454822 0.530302 0.454659 0.528506 0.456518 0.521625 0.456354 0.518033 0.460071 0.514595 0.459988 0.511003 0.463704 0.509285 0.463662 0.507489 0.465521 0.505772 0.465478 0.502179 0.469195 0.500463 0.469152 0.498666 0.471011 0.496950 0.470968 0.493357 0.474685 0.491642 0.474641 0.489845 0.476500 0.486416 0.476413 0.484619 0.478271 0.482906 0.478227 0.481109 0.480086 0.479396 0.480042 0.474005 0.485616 0.472293 0.485572 0.465103 0.493006 0.458260 0.492824 0.457209 0.515714 0.464066 0.515908 0.465695 0.517869 0.469127 0.517966 0.470758 0.519930 0.472476 0.519979 0.474109 0.521943 0.475828 0.521992 0.477462 0.523958 0.480903 0.524057 0.482540 0.526025 0.484261 0.526075 0.485900 0.528044 0.485651 0.533806 0.561893 0.536054 0.562103 0.530258 0.563914 0.528378 0.565656 0.528429 0.567467 0.526549 0.569210 0.526599 0.571021 0.524719 0.572764 0.524769 0.574575 0.522888 0.576319 0.522938 0.578130 0.521058 0.579874 0.521107 0.581685 0.519227 0.583430 0.519276 0.585241 0.517396 0.586986 0.517445 0.590608 0.513684 0.592354 0.513733 0.594165 0.511853 0.595911 0.511901 0.599533 0.508141 0.601280 0.508189 0.603090 0.506309 0.604838 0.506356 0.608459 0.502596 0.610208 0.502643 0.612018 0.500763 0.613767 0.500810 0.615577 0.498930 0.617327 0.498977 0.622757 0.493337 0.629762 0.493521 0.630283 0.476209 0.625037 0.476078 0.614920 0.464318 0.613176 0.464276 0.609813 0.460366 0.608072 0.460324 0.601361 0.452520 0.601550 0.446798 0.542725 0.445447 0.542507 0.451143 0.540710 0.453003
0 0.085956 0.034410 0.084409 0.034421 0.082719 0.036128 0.078080 0.036159 0.075063 0.071889 0.079718 0.071870 0.093843 0.088932 0.095401 0.088927 0.098237 0.092351 0.109163 0.092323 0.110864 0.090600 0.120244 0.090574 0.123099 0.094006 0.122688 0.099172 0.133661 0.099148 0.134203 0.092257 0.149526 0.076731 0.151096 0.076725 0.154499 0.073276 0.160781 0.073250 0.163001 0.044113 0.156736 0.044152 0.151005 0.037365 0.149442 0.037376 0.146583 0.033988 0.145021 0.033999 0.142166 0.030616 0.142566 0.025512 0.089758 0.025914 0.089335 0.030997 0.085956 0.034410
0 0.352525 0.379621 0.350860 0.379590 0.347320 0.383228 0.342326 0.383134 0.340099 0.422109 0.345110 0.422217 0.346675 0.424117 0.346570 0.425982 0.348137 0.427884 0.348032 0.429750 0.349600 0.431654 0.349495 0.433522 0.351064 0.435428 0.350959 0.437297 0.354101 0.441114 0.353997 0.442986 0.357143 0.446809 0.357039 0.448683 0.369662 0.464030 0.371346 0.464071 0.376097 0.469846 0.377783 0.469888 0.380957 0.473744 0.382645 0.473786 0.385824 0.477648 0.387514 0.477691 0.390698 0.481557 0.392389 0.481601 0.397175 0.487409 0.396882 0.493092 0.427459 0.493908 0.427736 0.488212 0.429530 0.486359 0.431232 0.486404 0.433026 0.484551 0.434729 0.484595 0.440110 0.479037 0.443518 0.479124 0.445311 0.477271 0.448721 0.477358 0.450514 0.475504 0.453925 0.475591 0.455719 0.473737 0.457426 0.473780 0.459220 0.471927 0.462634 0.472012 0.464428 0.470158 0.469553 0.470286 0.471347 0.468432 0.479898 0.468643 0.481692 0.466788 0.485116 0.466872 0.486911 0.465017 0.495478 0.465226 0.497273 0.463370 0.504135 0.463537 0.505930 0.461680 0.509364 0.461763 0.511160 0.459905 0.512877 0.459947 0.514673 0.458089 0.516391 0.458130 0.518187 0.456272 0.519906 0.456313 0.521701 0.454456 0.526860 0.454578 0.527539 0.437514 0.522387 0.437398 0.520747 0.435468 0.519032 0.435430 0.514120 0.429647 0.512407 0.429609 0.505875 0.421916 0.504165 0.421879 0.500906 0.418040 0.499198 0.418004 0.495945 0.414170 0.494239 0.414134 0.492614 0.412219 0.490909 0.412184 0.489286 0.410270 0.487582 0.410235 0.485961 0.408323 0.484258 0.408288 0.482639 0.406377 0.479236 0.406308 0.477619 0.404399 0.475919 0.404365 0.474303 0.402457 0.472604 0.402423 0.470991 0.400516 0.467596 0.400449 0.465984 0.398544 0.464288 0.398510 0.462678 0.396607 0.460983 0.396574 0.459375 0.394671 0.457681 0.394639 0.456074 0.392738 0.452689 0.392672 0.451085 0.390773 0.449393 0.390741 0.447791 0.388843 0.446101 0.388811 0.444500 0.386914 0.442810 0.386882 0.441211 0.384987 0.437836 0.384924 0.436239 0.383030 0.434552 0.382999 0.432957 0.381107 0.431272 0.381075 0.429678 0.379185 0.427994 0.379154 0.426402 0.377264 0.424719 0.377234 0.421539 0.373458 0.421816 0.367892 0.359911 0.366808 0.359603 0.372348 0.352525 0.379621
0 0.464608 0.033517 0.462972 0.033529 0.457814 0.038795 0.452908 0.038826 0.450787 0.082622 0.457356 0.082601 0.458915 0.084356 0.458831 0.086117 0.468206 0.096674 0.469854 0.096670 0.474556 0.101963 0.476207 0.101960 0.477776 0.103726 0.479428 0.103724 0.482571 0.107260 0.482331 0.112578 0.550470 0.112504 0.550746 0.105379 0.552484 0.103597 0.554153 0.103594 0.554222 0.101815 0.561172 0.094687 0.562842 0.094683 0.564579 0.092902 0.566249 0.092898 0.569723 0.089335 0.569789 0.087558 0.571525 0.085777 0.571722 0.080452 0.573457 0.078673 0.573848 0.068042 0.575581 0.066265 0.575646 0.064496 0.570839 0.059216 0.570904 0.057450 0.569238 0.057458 0.567639 0.055701 0.565974 0.055710 0.564376 0.053954 0.562712 0.053963 0.561116 0.052209 0.559453 0.052218 0.556265 0.048713 0.554604 0.048722 0.553012 0.046971 0.551352 0.046981 0.549761 0.045231 0.548103 0.045241 0.544926 0.041745 0.543268 0.041755 0.541682 0.040009 0.540026 0.040019 0.538441 0.038274 0.536786 0.038285 0.532039 0.033056 0.530386 0.033068 0.528806 0.031327 0.527155 0.031339 0.523999 0.027861 0.524217 0.022614 0.468374 0.023038 0.468046 0.030007 0.464608 0.033517
0 0.104328 0.472297 0.105804 0.474188 0.107426 0.474230 0.108904 0.476123 0.110527 0.476165 0.112006 0.478059 0.113631 0.478102 0.115111 0.479997 0.116737 0.480040 0.118219 0.481936 0.121472 0.482022 0.122957 0.483920 0.126212 0.484007 0.127699 0.485907 0.130958 0.485994 0.132447 0.487895 0.134077 0.487939 0.135568 0.489842 0.138831 0.489930 0.140324 0.491834 0.141957 0.491878 0.143451 0.493784 0.145086 0.493828 0.146581 0.495735 0.148216 0.495780 0.151212 0.499598 0.152849 0.499644 0.154348 0.501554 0.155986 0.501600 0.158990 0.505426 0.160629 0.505472 0.163637 0.509302 0.165279 0.509349 0.168292 0.513185 0.169935 0.513232 0.171444 0.515151 0.173088 0.515199 0.174598 0.517120 0.177889 0.517215 0.180914 0.521062 0.182562 0.521110 0.185592 0.524962 0.187242 0.525010 0.188759 0.526938 0.188361 0.532580 0.204890 0.533076 0.207995 0.488050 0.203052 0.487918 0.201534 0.486007 0.201664 0.484141 0.197119 0.478417 0.195475 0.478374 0.192450 0.474564 0.190807 0.474522 0.189297 0.472619 0.187656 0.472577 0.186147 0.470675 0.184507 0.470634 0.183000 0.468733 0.179721 0.468650 0.178216 0.466752 0.176579 0.466711 0.175075 0.464813 0.173438 0.464772 0.171937 0.462876 0.170301 0.462836 0.168800 0.460941 0.167166 0.460901 0.156692 0.447671 0.156829 0.445824 0.153845 0.442056 0.153982 0.440211 0.152491 0.438329 0.152628 0.436486 0.151139 0.434607 0.151551 0.429084 0.102959 0.427994 0.099466 0.472172 0.104328 0.472297
0 0.324305 0.521449 0.322624 0.521401 0.319040 0.525095 0.317359 0.525046 0.315566 0.526893 0.313886 0.526844 0.312094 0.528691 0.308734 0.528592 0.306942 0.530438 0.300229 0.530239 0.298052 0.566376 0.396359 0.569549 0.396654 0.563784 0.398459 0.561918 0.400166 0.561972 0.401970 0.560106 0.403678 0.560160 0.405482 0.558294 0.407190 0.558348 0.408994 0.556481 0.414121 0.556642 0.415926 0.554775 0.422767 0.554988 0.428182 0.549386 0.433319 0.549544 0.433411 0.547624 0.426564 0.547415 0.424947 0.545444 0.425040 0.543527 0.423424 0.541558 0.421715 0.541507 0.420101 0.539540 0.418393 0.539489 0.416780 0.537523 0.415073 0.537472 0.413462 0.535508 0.410051 0.535407 0.406835 0.531483 0.405132 0.531433 0.401921 0.527515 0.400219 0.527465 0.384229 0.507946 0.384329 0.506048 0.379551 0.500217 0.379853 0.494534 0.344433 0.493583 0.344007 0.501143 0.324305 0.521449
0 0.592809 0.552501 0.597877 0.558496 0.599632 0.558550 0.601325 0.560551 0.604838 0.560661 0.608228 0.564668 0.609987 0.564723 0.613383 0.568735 0.615144 0.568791 0.616844 0.570799 0.616662 0.576660 0.630777 0.577116 0.630952 0.571248 0.634598 0.567452 0.636364 0.567508 0.640010 0.563711 0.641777 0.563766 0.643600 0.561868 0.645367 0.561924 0.649013 0.558127 0.650780 0.558182 0.652603 0.556284 0.654371 0.556338 0.656194 0.554440 0.657963 0.554494 0.659786 0.552596 0.661555 0.552650 0.665200 0.548854 0.670512 0.549014 0.670922 0.533420 0.588274 0.531019 0.587553 0.552340 0.592809 0.552501
0 0.583974 0.402756 0.578798 0.402654 0.577601 0.436735 0.586256 0.436928 0.589592 0.440809 0.591326 0.440848 0.592996 0.442790 0.594731 0.442829 0.604777 0.454510 0.604590 0.460241 0.644736 0.461202 0.644902 0.455454 0.650315 0.449833 0.650370 0.447919 0.652174 0.446047 0.653924 0.446087 0.657531 0.442341 0.659282 0.442381 0.666495 0.434891 0.668247 0.434930 0.673655 0.429314 0.680669 0.429465 0.681547 0.395185 0.587750 0.393390 0.587556 0.399049 0.583974 0.402756
0 0.141461 0.326749 0.144402 0.330405 0.144265 0.332210 0.148683 0.337704 0.148547 0.339512 0.158887 0.352375 0.160502 0.352402 0.161983 0.354244 0.163600 0.354271 0.168050 0.359805 0.169669 0.359833 0.171155 0.361679 0.174395 0.361736 0.175883 0.363584 0.175485 0.369048 0.193348 0.369368 0.193737 0.363897 0.195492 0.362102 0.197118 0.362131 0.198872 0.360336 0.199001 0.358514 0.200755 0.356720 0.200884 0.354899 0.202637 0.353106 0.203149 0.345830 0.201653 0.343986 0.202037 0.338538 0.200542 0.336698 0.201054 0.329446 0.202803 0.327658 0.203059 0.324036 0.204807 0.322250 0.204935 0.320440 0.218915 0.306157 0.220537 0.306179 0.222284 0.304394 0.227153 0.304457 0.228509 0.284621 0.139945 0.283593 0.136642 0.326677 0.141461 0.326749
0 0.444849 0.309143 0.449619 0.314724 0.449531 0.316564 0.454311 0.322158 0.454224 0.324001 0.455819 0.325869 0.455733 0.327714 0.458926 0.331454 0.458840 0.333301 0.460439 0.335174 0.460353 0.337022 0.463554 0.340773 0.463468 0.342624 0.466673 0.346381 0.466588 0.348234 0.471403 0.353880 0.471319 0.355737 0.476143 0.361396 0.477836 0.361425 0.481059 0.365203 0.482753 0.365233 0.484367 0.367124 0.509850 0.367567 0.511630 0.365731 0.521850 0.365907 0.523630 0.364070 0.527041 0.364128 0.528821 0.362290 0.532234 0.362348 0.534014 0.360510 0.535721 0.360539 0.539282 0.356863 0.540989 0.356891 0.546329 0.351378 0.548038 0.351406 0.549818 0.349569 0.551527 0.349596 0.555086 0.345921 0.556796 0.345948 0.558575 0.344110 0.560286 0.344137 0.563844 0.340462 0.565555 0.340489 0.569114 0.336814 0.570825 0.336840 0.572604 0.335003 0.574316 0.335028 0.576095 0.333191 0.577808 0.333217 0.579587 0.331379 0.581300 0.331404 0.584858 0.327730 0.586572 0.327755 0.588351 0.325918 0.591780 0.325966 0.593559 0.324129 0.600424 0.324226 0.600982 0.307489 0.595841 0.307423 0.594191 0.305545 0.592479 0.305523 0.590831 0.303647 0.587409 0.303603 0.585763 0.301729 0.584053 0.301707 0.582409 0.299834 0.580701 0.299813 0.577417 0.296070 0.575710 0.296049 0.574071 0.294179 0.572365 0.294159 0.570727 0.292291 0.567319 0.292250 0.565683 0.290383 0.562278 0.290343 0.560645 0.288478 0.557243 0.288439 0.555612 0.286575 0.552213 0.286536 0.550584 0.284674 0.545491 0.284617 0.543865 0.282756 0.538778 0.282699 0.537155 0.280841 0.535461 0.280822 0.533840 0.278965 0.534059 0.273454 0.441593 0.272479 0.439820 0.309076 0.444849 0.309143
0 0.867960 0.574821 0.867944 0.576809 0.864260 0.580671 0.858787 0.580496 0.858427 0.620416 0.865752 0.620671 0.867568 0.622739 0.871235 0.622868 0.874874 0.627010 0.874829 0.633037 0.931995 0.635076 0.932009 0.629024 0.939428 0.621221 0.941280 0.621285 0.946842 0.615434 0.948695 0.615498 0.950549 0.613548 0.952401 0.613611 0.954255 0.611661 0.959817 0.611850 0.959811 0.581725 0.954264 0.581548 0.952417 0.579488 0.950570 0.579430 0.948725 0.577371 0.946879 0.577313 0.945036 0.575255 0.943192 0.575197 0.941351 0.573142 0.941363 0.565159 0.873529 0.563074 0.873484 0.569031 0.867960 0.574821
0 0.739762 0.382966 0.739724 0.384868 0.736124 0.388609 0.736085 0.390512 0.730682 0.396126 0.725401 0.396025 0.724123 0.455390 0.731203 0.455555 0.732934 0.457524 0.732894 0.459452 0.734627 0.461423 0.736400 0.461465 0.739870 0.465410 0.739754 0.471207 0.778929 0.472166 0.779056 0.464416 0.780872 0.462523 0.782657 0.462565 0.789921 0.454993 0.791706 0.455035 0.800782 0.445573 0.802569 0.445613 0.809827 0.438046 0.811614 0.438085 0.815242 0.434302 0.822400 0.434458 0.822881 0.395973 0.817531 0.395871 0.812263 0.390025 0.810483 0.389992 0.805226 0.384157 0.803449 0.384125 0.799952 0.380241 0.800035 0.374518 0.741714 0.373497 0.741562 0.381096 0.739762 0.382966
0 0.946632 0.830984 0.948519 0.833171 0.950409 0.833265 0.957971 0.842028 0.959865 0.842123 0.961759 0.844318 0.961761 0.850622 1.000000 0.852840 1.000000 0.846515 1.000000 0.842493 1.000000 0.840387 1.000000 0.836367 1.000000 0.836462 1.000000 0.830432 1.000000 0.830807 1.000000 0.805613 0.939132 0.801401 0.939084 0.830611 0.946632 0.830984
0 0.789470 0.484083 0.784102 0.483948 0.782282 0.485846 0.776917 0.485710 0.775098 0.487608 0.771524 0.487516 0.769704 0.489414 0.762563 0.489230 0.760744 0.491127 0.746484 0.490759 0.744665 0.492654 0.728659 0.492238 0.726842 0.494131 0.717966 0.493899 0.716149 0.495791 0.712602 0.495698 0.710785 0.497590 0.707240 0.497496 0.705423 0.499388 0.703652 0.499341 0.701835 0.501233 0.700064 0.501185 0.698247 0.503077 0.696477 0.503029 0.694660 0.504921 0.687583 0.504730 0.686908 0.531935 0.695777 0.532192 0.697506 0.534193 0.699282 0.534245 0.701012 0.536247 0.702789 0.536299 0.704522 0.538304 0.706300 0.538356 0.708034 0.540361 0.709814 0.540414 0.716764 0.548450 0.718547 0.548504 0.720288 0.550516 0.720160 0.556397 0.770319 0.557932 0.770420 0.552029 0.775910 0.546293 0.775943 0.544328 0.779602 0.540506 0.781399 0.540559 0.786886 0.534826 0.788685 0.534878 0.792342 0.531057 0.794141 0.531109 0.801454 0.523468 0.803255 0.523518 0.823351 0.502520 0.825153 0.502568 0.837932 0.489216 0.843343 0.489354 0.843487 0.475696 0.793199 0.474457 0.793111 0.480285 0.789470 0.484083
0 0.256728 0.081523 0.250351 0.081545 0.248707 0.105864 0.293572 0.105792 0.294125 0.097065 0.297558 0.093570 0.297997 0.086602 0.293513 0.081398 0.291910 0.081403 0.288926 0.077939 0.289259 0.072732 0.260497 0.072848 0.260150 0.078045 0.256728 0.081523
0 0.632717 0.571305 0.630952 0.571248 0.629128 0.573147 0.622071 0.572921 0.621592 0.588577 0.635732 0.589045 0.637445 0.591066 0.642757 0.591243 0.644473 0.593266 0.646245 0.593325 0.647963 0.595350 0.649736 0.595409 0.651456 0.597435 0.653230 0.597495 0.654952 0.599523 0.656728 0.599583 0.658451 0.601612 0.662006 0.601733 0.663731 0.603764 0.663573 0.609680 0.684962 0.610418 0.685109 0.604493 0.686942 0.602580 0.688727 0.602641 0.690560 0.600728 0.692345 0.600788 0.697843 0.595049 0.701416 0.595168 0.703248 0.593255 0.705035 0.593314 0.706868 0.591401 0.712233 0.591579 0.712629 0.573850 0.705488 0.573623 0.703750 0.571601 0.703887 0.565710 0.634714 0.563545 0.634541 0.569406 0.632717 0.571305
0 0.046495 0.505980 0.044882 0.505934 0.043115 0.507742 0.038279 0.507604 0.035613 0.539189 0.040461 0.539338 0.041922 0.541253 0.043539 0.541303 0.045001 0.543219 0.046620 0.543269 0.048083 0.545186 0.049703 0.545237 0.052634 0.549076 0.055877 0.549178 0.057345 0.551099 0.060591 0.551202 0.063532 0.555049 0.065157 0.555101 0.066630 0.557027 0.068255 0.557079 0.069730 0.559006 0.071357 0.559058 0.072832 0.560986 0.072377 0.566617 0.090315 0.567207 0.090762 0.561568 0.092543 0.559742 0.094175 0.559795 0.095956 0.557969 0.099222 0.558074 0.102784 0.554422 0.104418 0.554475 0.107979 0.550823 0.109614 0.550875 0.111394 0.549049 0.113030 0.549100 0.118371 0.543624 0.120007 0.543675 0.121787 0.541849 0.123423 0.541900 0.126983 0.538249 0.131896 0.538399 0.133029 0.523412 0.128123 0.523268 0.125139 0.519433 0.125282 0.517565 0.123648 0.517518 0.116209 0.507957 0.114579 0.507911 0.108646 0.500284 0.109081 0.494708 0.054026 0.493201 0.053565 0.498752 0.046495 0.505980
0 0.687958 0.144855 0.682833 0.144848 0.681980 0.177540 0.728379 0.177706 0.728775 0.159458 0.730536 0.157640 0.725494 0.152171 0.723775 0.152168 0.718744 0.146708 0.717027 0.146706 0.713680 0.143072 0.713848 0.135821 0.689897 0.135807 0.689713 0.143046 0.687958 0.144855
0 0.608120 0.623524 0.609826 0.625558 0.609639 0.631476 0.643348 0.632697 0.643517 0.626765 0.645351 0.624852 0.647129 0.624915 0.656296 0.615353 0.661634 0.615540 0.662006 0.601733 0.654897 0.601491 0.653176 0.599463 0.651401 0.599403 0.647963 0.595350 0.646190 0.595290 0.644473 0.593266 0.644641 0.587376 0.600499 0.585920 0.599285 0.623209 0.608120 0.623524
0 0.824654 0.254062 0.819374 0.254015 0.819034 0.280211 0.826092 0.280287 0.827834 0.282183 0.829601 0.282203 0.831345 0.284100 0.831278 0.289740 0.847211 0.289922 0.847269 0.284277 0.852641 0.278694 0.852659 0.276815 0.856239 0.273095 0.858010 0.273113 0.859800 0.271253 0.859817 0.269375 0.861606 0.267516 0.863379 0.267533 0.865168 0.265674 0.865184 0.263798 0.866973 0.261939 0.867100 0.246956 0.826507 0.246614 0.826438 0.252211 0.824654 0.254062
0 0.119586 0.217676 0.122478 0.221224 0.124064 0.221235 0.125512 0.223012 0.127099 0.223023 0.129998 0.226578 0.129584 0.231882 0.142309 0.231981 0.142852 0.224904 0.144579 0.223147 0.149354 0.223181 0.150297 0.210817 0.145527 0.210787 0.144073 0.209014 0.144884 0.198448 0.114792 0.198289 0.113252 0.217633 0.119586 0.217676
1 0.007687 0.619123 0.013527 0.626924 0.013365 0.628815 0.017755 0.634680 0.017594 0.636575 0.020525 0.640493 0.020364 0.642390 0.024768 0.648277 0.024607 0.650178 0.030492 0.658048 0.030332 0.659953 0.036232 0.667845 0.036073 0.669755 0.041988 0.677669 0.041829 0.679583 0.049244 0.689506 0.050886 0.689576 0.056836 0.697537 0.056680 0.699460 0.054878 0.701312 0.054564 0.705161 0.056054 0.707157 0.057701 0.707229 0.060685 0.711226 0.062334 0.711298 0.063828 0.713299 0.067128 0.713444 0.068624 0.715447 0.071927 0.715592 0.073426 0.717596 0.075078 0.717669 0.076578 0.719675 0.079887 0.719821 0.081389 0.721829 0.083044 0.721902 0.084548 0.723911 0.089519 0.724132 0.091026 0.726144 0.097662 0.726440 0.099172 0.728453 0.102495 0.728603 0.104007 0.730617 0.103560 0.736443 0.126881 0.737502 0.127317 0.731666 0.129130 0.729797 0.145831 0.730546 0.147646 0.728675 0.216563 0.731757 0.218383 0.729876 0.220073 0.729951 0.227351 0.722428 0.227479 0.720474 0.231117 0.716715 0.231245 0.714762 0.236698 0.709126 0.236825 0.707175 0.240459 0.703419 0.240585 0.701470 0.244218 0.697716 0.244344 0.695769 0.247975 0.692016 0.248100 0.690070 0.251730 0.686319 0.251854 0.684375 0.255482 0.680625 0.255606 0.678682 0.257419 0.676809 0.257542 0.674867 0.259355 0.672993 0.259478 0.671053 0.263103 0.667307 0.263225 0.665368 0.268661 0.659753 0.268781 0.657816 0.272404 0.654074 0.272524 0.652139 0.276144 0.648399 0.276264 0.646465 0.279883 0.642726 0.280002 0.640794 0.283620 0.637057 0.283738 0.635126 0.285546 0.633258 0.285664 0.631328 0.289280 0.627594 0.289397 0.625666 0.294818 0.620068 0.294934 0.618141 0.298546 0.614411 0.299007 0.606714 0.146983 0.601357 0.146562 0.607060 0.144768 0.608904 0.143116 0.608845 0.141323 0.610688 0.121527 0.609976 0.120025 0.608018 0.118379 0.607959 0.116878 0.606002 0.117314 0.600311 0.004786 0.596345 0.002824 0.618944 0.007687 0.619123
0 0.965090 0.200906 0.965086 0.195308 0.966871 0.193452 0.972230 0.193477 0.974020 0.195351 0.975805 0.193493 0.977594 0.193502 0.979379 0.191644 0.981168 0.191652 0.986522 0.186080 0.988311 0.186088 0.990096 0.184230 0.991886 0.184238 0.995455 0.180523 0.995375 0.158208 0.947288 0.158105 0.947246 0.200814 0.965090 0.200906
0 0.491399 0.642887 0.491647 0.637005 0.493472 0.635110 0.498699 0.635302 0.499595 0.613784 0.445874 0.611891 0.444513 0.641135 0.491399 0.642887
0 0.257480 0.838943 0.257855 0.832943 0.261535 0.829125 0.263252 0.829213 0.265092 0.827304 0.265215 0.825306 0.267055 0.823398 0.267301 0.819406 0.269140 0.817498 0.274290 0.817760 0.275263 0.801817 0.235930 0.799863 0.233490 0.837684 0.257480 0.838943
1 0.028433 0.490650 0.028905 0.485117 0.032431 0.481516 0.034037 0.481559 0.037562 0.477959 0.039168 0.478001 0.042693 0.474401 0.044300 0.474443 0.046062 0.472643 0.047670 0.472685 0.051194 0.469085 0.052802 0.469127 0.059849 0.461929 0.061458 0.461969 0.068502 0.454773 0.073334 0.454891 0.076026 0.421895 0.071208 0.421789 0.069753 0.419927 0.069903 0.418101 0.068449 0.416242 0.068600 0.414417 0.062793 0.406992 0.062944 0.405172 0.049929 0.388536 0.048334 0.388505 0.044013 0.382979 0.042420 0.382949 0.039544 0.379271 0.037953 0.379241 0.033648 0.373733 0.034113 0.368320 0.005587 0.367805 0.000000 0.489733 0.028433 0.490650
0 0.014898 0.262677 0.018344 0.259181 0.019911 0.259196 0.021634 0.257448 0.023202 0.257463 0.028370 0.252219 0.033078 0.252263 0.034761 0.232903 0.014421 0.232742 0.011764 0.262645 0.014898 0.262677
0 0.341475 0.197699 0.341786 0.192348 0.348732 0.185249 0.348835 0.183468 0.350571 0.181694 0.350775 0.178135 0.352510 0.176362 0.352612 0.174584 0.351082 0.172800 0.351592 0.163921 0.322301 0.163843 0.320268 0.197590 0.341475 0.197699
0 0.221663 0.861146 0.222056 0.855136 0.229421 0.847498 0.229940 0.839502 0.206042 0.838244 0.204570 0.860218 0.221663 0.861146
0 0.165896 0.661508 0.167424 0.663499 0.167011 0.669278 0.170347 0.669412 0.170759 0.663632 0.174368 0.659913 0.176036 0.659979 0.181448 0.654402 0.181719 0.650556 0.183522 0.648698 0.184600 0.633342 0.159655 0.632406 0.157571 0.661178 0.165896 0.661508
0 0.937330 0.757786 0.937356 0.743353 0.924270 0.742787 0.924227 0.757206 0.937330 0.757786
0 0.443604 0.586556 0.443876 0.580754 0.447498 0.577002 0.450940 0.577114 0.452751 0.575238 0.459642 0.575462 0.460432 0.558091 0.400459 0.556214 0.398989 0.585065 0.443604 0.586556
0 0.842600 0.560143 0.842911 0.530536 0.808577 0.529557 0.808174 0.559090 0.842600 0.560143
0 0.777759 0.653590 0.777857 0.647580 0.785245 0.639841 0.790692 0.640039 0.790934 0.624052 0.763777 0.623095 0.763250 0.653048 0.777759 0.653590
0 0.687590 0.797678 0.698215 0.810495 0.700036 0.810584 0.703588 0.814868 0.703542 0.816921 0.707099 0.821213 0.706915 0.829445 0.743549 0.831281 0.743667 0.825088 0.745542 0.823117 0.745581 0.821055 0.753076 0.813172 0.754913 0.813262 0.760533 0.807351 0.762370 0.807440 0.764243 0.805470 0.766081 0.805559 0.767954 0.803589 0.773470 0.803854 0.773909 0.777148 0.768406 0.776894 0.766608 0.774762 0.764775 0.774677 0.757596 0.766162 0.757705 0.760036 0.681337 0.756599 0.680327 0.797330 0.687590 0.797678
0 0.552945 0.637299 0.553450 0.623539 0.535926 0.622912 0.535399 0.636653 0.552945 0.637299
0 0.813921 0.267045 0.813997 0.261436 0.819350 0.255882 0.821109 0.255898 0.822893 0.254047 0.824654 0.254062 0.828221 0.250360 0.829983 0.250375 0.833550 0.246673 0.835312 0.246688 0.837095 0.244837 0.838857 0.244851 0.838878 0.242986 0.840661 0.241135 0.845951 0.241178 0.846049 0.231858 0.798628 0.231509 0.798098 0.266888 0.813921 0.267045
0 0.276475 0.781953 0.278066 0.784019 0.283207 0.784267 0.285041 0.782366 0.286755 0.782448 0.288589 0.780547 0.288708 0.778563 0.292375 0.774761 0.297521 0.775006 0.298225 0.763119 0.265728 0.761600 0.264500 0.781376 0.276475 0.781953
0 0.776244 0.746573 0.778108 0.744615 0.778240 0.736469 0.761793 0.735758 0.761614 0.745929 0.776244 0.746573
0 0.698699 0.634703 0.702377 0.630860 0.702423 0.628874 0.704261 0.626953 0.704398 0.621002 0.691867 0.620560 0.691532 0.634443 0.698699 0.634703
0 0.286159 0.792380 0.286517 0.786419 0.292020 0.780712 0.297169 0.780959 0.298225 0.763119 0.265728 0.761600 0.263884 0.791290 0.286159 0.792380
