0 0.453091 0.277613 0.453071 0.281599 0.450346 0.284647 0.444923 0.285427 0.444752 0.318645 0.448819 0.318060 0.455563 0.323730 0.455550 0.326386 0.456899 0.327520 0.456892 0.328850 0.458241 0.329983 0.458220 0.333969 0.485333 0.330071 0.485354 0.326085 0.488079 0.323038 0.489434 0.322843 0.490797 0.321319 0.492153 0.321124 0.493515 0.319600 0.494871 0.319406 0.496233 0.317882 0.497589 0.317687 0.500315 0.314639 0.501670 0.314444 0.504395 0.311397 0.505751 0.311202 0.505758 0.309874 0.508482 0.306827 0.513905 0.306047 0.513953 0.296746 0.509886 0.297331 0.508536 0.296197 0.507181 0.296392 0.497739 0.288454 0.497746 0.287126 0.496397 0.285992 0.496404 0.284664 0.491009 0.280128 0.488297 0.280518 0.484251 0.277116 0.484272 0.273130
0 0.565947 0.723446 0.565927 0.727432 0.561839 0.732003 0.556416 0.732783 0.556307 0.754043 0.561729 0.753263 0.564427 0.755531 0.564407 0.759516 0.594231 0.755228 0.594252 0.751243 0.598340 0.746671 0.598347 0.745343 0.599709 0.743820 0.601064 0.743625 0.609239 0.734483 0.614662 0.733703 0.614716 0.723073 0.610650 0.723658 0.609300 0.722524 0.609328 0.717209
0 0.527069 0.644059 0.527049 0.648046 0.524324 0.651092 0.522968 0.651287 0.507981 0.668048 0.502558 0.668827 0.502456 0.688758 0.507878 0.687978 0.509227 0.689113 0.509221 0.690442 0.510569 0.691575 0.510562 0.692904 0.511911 0.694038 0.511905 0.695367 0.513253 0.696500 0.513246 0.697829 0.514595 0.698963 0.514588 0.700291 0.515937 0.701425 0.515882 0.712055 0.517232 0.713189 0.517198 0.719833 0.518546 0.720967 0.518539 0.722295 0.519888 0.723430 0.519881 0.724758 0.521230 0.725891 0.522585 0.725696 0.526632 0.729098 0.527987 0.728903 0.529337 0.730037 0.530693 0.729842 0.532041 0.730976 0.533397 0.730781 0.536095 0.733049 0.537450 0.732854 0.538800 0.733988 0.540155 0.733793 0.541503 0.734927 0.552349 0.733367 0.553712 0.731844 0.555067 0.731649 0.567330 0.717936 0.571397 0.717351 0.571520 0.693434 0.567453 0.694019 0.566104 0.692885 0.566111 0.691556 0.564762 0.690423 0.564769 0.689094 0.563420 0.687960 0.563441 0.683974 0.562091 0.682840 0.562105 0.680182 0.560756 0.679049 0.560872 0.656461 0.559523 0.655326 0.559544 0.651340 0.558195 0.650206 0.558209 0.647549 0.556860 0.646415 0.556867 0.645086 0.555517 0.643953 0.555538 0.639966
0 0.730966 0.508524 0.730864 0.528456 0.736286 0.527676 0.737635 0.528810 0.738991 0.528615 0.740339 0.529749 0.743051 0.529359 0.747097 0.532760 0.747077 0.536747 0.760634 0.534798 0.760654 0.530811 0.762017 0.529287 0.763372 0.529092 0.764734 0.527569 0.768802 0.526984 0.770165 0.525461 0.774231 0.524876 0.775594 0.523352 0.776949 0.523157 0.778312 0.521634 0.783735 0.520854 0.783803 0.507567 0.778380 0.508347 0.775683 0.506079 0.775703 0.502092
0 0.542483 0.280694 0.542374 0.301954 0.546441 0.301369 0.547790 0.302503 0.549145 0.302309 0.554541 0.306843 0.555897 0.306648 0.563990 0.313452 0.568057 0.312867 0.569405 0.314001 0.569385 0.317986 0.570740 0.317792 0.570761 0.313806 0.572124 0.312282 0.576190 0.311698 0.577553 0.310174 0.578908 0.309979 0.580271 0.308455 0.581627 0.308260 0.591164 0.297595 0.595232 0.297010 0.595280 0.287708 0.591212 0.288293 0.587166 0.284892 0.587173 0.283564 0.585817 0.283759 0.581771 0.280357 0.581798 0.275042
0 0.612323 0.398118 0.612261 0.410077 0.617684 0.409297 0.619033 0.410430 0.620388 0.410236 0.623086 0.412503 0.624441 0.412308 0.628488 0.415709 0.629843 0.415514 0.633890 0.418916 0.635246 0.418721 0.637943 0.420989 0.639299 0.420794 0.640649 0.421928 0.642004 0.421733 0.643352 0.422867 0.644708 0.422672 0.646058 0.423805 0.647413 0.423610 0.650111 0.425878 0.651466 0.425683 0.656861 0.430219 0.656854 0.431548 0.659552 0.433815 0.659545 0.435145 0.662244 0.437411 0.662237 0.438740 0.663585 0.439874 0.663578 0.441203 0.664927 0.442337 0.664920 0.443666 0.666269 0.444800 0.666262 0.446128 0.667612 0.447262 0.667598 0.449919 0.668947 0.451053 0.668940 0.452382 0.670288 0.453516 0.670281 0.454845 0.671631 0.455978 0.671624 0.457308 0.674321 0.459575 0.674315 0.460904 0.677012 0.463171 0.676999 0.465829 0.678347 0.466963 0.678340 0.468291 0.679690 0.469425 0.679683 0.470754 0.682380 0.473022 0.682374 0.474350 0.683722 0.475484 0.683715 0.476812 0.685064 0.477947 0.685057 0.479276 0.686406 0.480409 0.686399 0.481738 0.687748 0.482872 0.687728 0.486858 0.694507 0.485883 0.694527 0.481897 0.699977 0.475803 0.699984 0.474473 0.701346 0.472950 0.701394 0.463650 0.700045 0.462515 0.700059 0.459858 0.698710 0.458724 0.698730 0.454738 0.700093 0.453214 0.700114 0.449228 0.701476 0.447704 0.701496 0.443718 0.702859 0.442194 0.702948 0.424921 0.701599 0.423787 0.701619 0.419801 0.700271 0.418667 0.700284 0.416009 0.698935 0.414876 0.698942 0.413547 0.697593 0.412413 0.697600 0.411085 0.694903 0.408816 0.694910 0.407488 0.681421 0.396150 0.680065 0.396345 0.676019 0.392943 0.676039 0.388957
0 0.361841 0.635948 0.361719 0.659866 0.367141 0.659086 0.371188 0.662488 0.372543 0.662293 0.373893 0.663426 0.375248 0.663231 0.377946 0.665499 0.377925 0.669486 0.388770 0.667926 0.388791 0.663940 0.392878 0.659369 0.394234 0.659174 0.402409 0.650032 0.402416 0.648703 0.405141 0.645656 0.409208 0.645071 0.409222 0.642414 0.405155 0.642999 0.403805 0.641864 0.403812 0.640536 0.402464 0.639403 0.402477 0.636744 0.399780 0.634478 0.399800 0.630491
0 0.253306 0.667486 0.253183 0.691403 0.257250 0.690818 0.262646 0.695353 0.264001 0.695159 0.265350 0.696292 0.265323 0.701607 0.288369 0.698294 0.288390 0.694308 0.291114 0.691260 0.292471 0.691066 0.297920 0.684971 0.299276 0.684776 0.299283 0.683447 0.300646 0.681924 0.306067 0.681144 0.306177 0.659884
0 0.833023 0.419497 0.833003 0.423483 0.827553 0.429578 0.827546 0.430907 0.824822 0.433954 0.824815 0.435283 0.822089 0.438330 0.818022 0.438915 0.817947 0.453531 0.822014 0.452946 0.824712 0.455214 0.824706 0.456542 0.831449 0.462212 0.831442 0.463541 0.834140 0.465808 0.835503 0.464284 0.836858 0.464089 0.839583 0.461042 0.840939 0.460847 0.845026 0.456277 0.846382 0.456082 0.847745 0.454558 0.849100 0.454363 0.854550 0.448268 0.855906 0.448073 0.861356 0.441979 0.865423 0.441394 0.865444 0.437407 0.860020 0.438187 0.854625 0.433653 0.854632 0.432324 0.853283 0.431190 0.853290 0.429861 0.851942 0.428727 0.851949 0.427398 0.850599 0.426264 0.850606 0.424936 0.849257 0.423802 0.849291 0.417158
0 0.800450 0.695042 0.800320 0.720288 0.828790 0.716195 0.828817 0.710880 0.832904 0.706309 0.836972 0.705724 0.837054 0.689779
0 0.054033 0.430585 0.053896 0.457160 0.059319 0.456380 0.063365 0.459781 0.066077 0.459391 0.067425 0.460525 0.067405 0.464512 0.076895 0.463148 0.076916 0.459161 0.078278 0.457637 0.079634 0.457442 0.080996 0.455919 0.082351 0.455724 0.091889 0.445059 0.095956 0.444474 0.096059 0.424543
0 0.827919 0.622050 0.827803 0.644639 0.834581 0.643664 0.835930 0.644798 0.842708 0.643823 0.844071 0.642300 0.845426 0.642105 0.846789 0.640581 0.849500 0.640191 0.852225 0.637144 0.853580 0.636949 0.857668 0.632377 0.857675 0.631049 0.859037 0.629525 0.859051 0.626868 0.856354 0.624600 0.856361 0.623271 0.855011 0.622138 0.855032 0.618152
0 0.816882 0.660814 0.816786 0.679416 0.822209 0.678636 0.823558 0.679770 0.834404 0.678211 0.835766 0.676687 0.838477 0.676297 0.839839 0.674774 0.841195 0.674579 0.842558 0.673055 0.847980 0.672276 0.848062 0.656331
0 0.662128 0.460000 0.662100 0.465315 0.660737 0.466838 0.660724 0.469497 0.659361 0.471020 0.659354 0.472349 0.657992 0.473872 0.657985 0.475201 0.655260 0.478248 0.655253 0.479577 0.653891 0.481100 0.653884 0.482429 0.640259 0.497666 0.638903 0.497861 0.636178 0.500908 0.634823 0.501103 0.632097 0.504150 0.630742 0.504345 0.628017 0.507393 0.626662 0.507587 0.625299 0.509111 0.617165 0.510280 0.617090 0.524897 0.623868 0.523922 0.626566 0.526190 0.627921 0.525995 0.629270 0.527129 0.630626 0.526934 0.631974 0.528068 0.633330 0.527873 0.634680 0.529007 0.636035 0.528812 0.637383 0.529945 0.648230 0.528386 0.649592 0.526863 0.653659 0.526278 0.661834 0.517135 0.661841 0.515807 0.667291 0.509713 0.667298 0.508384 0.668660 0.506860 0.670015 0.506665 0.670022 0.505336 0.679560 0.494671 0.679567 0.493343 0.680929 0.491819 0.680957 0.486504 0.679608 0.485370 0.679655 0.476069 0.675609 0.472667 0.675623 0.470010 0.674274 0.468876 0.674280 0.467548 0.672932 0.466413 0.672939 0.465084 0.671590 0.463951 0.671617 0.458636
0 0.178235 0.513637 0.178126 0.534897 0.182193 0.534312 0.183542 0.535446 0.184898 0.535251 0.187595 0.537519 0.188951 0.537324 0.191648 0.539592 0.193004 0.539397 0.194353 0.540531 0.195716 0.539007 0.201138 0.538228 0.202487 0.539361 0.217400 0.537217 0.222850 0.531123 0.222857 0.529793 0.224219 0.528270 0.224246 0.522955 0.212107 0.512750 0.212127 0.508765
0 0.807484 0.380681 0.807423 0.392639 0.812846 0.391859 0.814194 0.392994 0.815550 0.392799 0.818248 0.395066 0.819603 0.394872 0.822301 0.397139 0.823657 0.396944 0.826354 0.399212 0.827710 0.399017 0.835804 0.405820 0.835797 0.407149 0.838494 0.409417 0.838488 0.410745 0.845231 0.416415 0.846587 0.416220 0.850634 0.419621 0.850627 0.420949 0.853324 0.423217 0.853318 0.424546 0.854666 0.425679 0.854659 0.427009 0.856008 0.428143 0.855988 0.432129 0.857337 0.433263 0.857324 0.435919 0.858672 0.437054 0.858658 0.439711 0.860007 0.440845 0.860000 0.442174 0.864067 0.441589 0.865430 0.440066 0.866785 0.439871 0.869511 0.436823 0.870867 0.436628 0.879042 0.427487 0.879048 0.426158 0.883136 0.421586 0.887202 0.421002 0.887284 0.405057 0.883217 0.405641 0.881868 0.404508 0.881875 0.403180 0.880527 0.402045 0.880533 0.400717 0.877836 0.398450 0.877843 0.397120 0.873796 0.393719 0.873802 0.392390 0.872454 0.391256 0.871099 0.391451 0.861656 0.383514 0.860300 0.383709 0.857603 0.381442 0.856247 0.381637 0.854898 0.380503 0.853543 0.380698 0.850845 0.378430 0.850866 0.374444
0 0.705590 0.437818 0.705563 0.443133 0.704201 0.444657 0.698778 0.445436 0.698669 0.466697 0.704092 0.465917 0.713533 0.473854 0.713513 0.477840 0.725714 0.476086 0.725762 0.466784 0.729850 0.462214 0.729856 0.460885 0.732581 0.457838 0.732587 0.456508 0.733950 0.454985 0.733957 0.453656 0.735320 0.452133 0.735334 0.449475 0.736696 0.447952 0.740762 0.447367 0.736696 0.447952 0.735347 0.446818 0.735368 0.442831 0.734019 0.441698 0.734032 0.439040 0.732683 0.437906 0.732704 0.433920
0 0.769908 0.311729 0.769792 0.334318 0.775215 0.333538 0.781959 0.339207 0.784670 0.338817 0.787367 0.341085 0.787347 0.345072 0.800904 0.343123 0.800924 0.339136 0.806374 0.333041 0.807730 0.332846 0.809093 0.331323 0.809100 0.329994 0.813187 0.325423 0.817254 0.324838 0.817302 0.315537 0.813235 0.316122 0.807839 0.311587 0.807867 0.306272
0 0.574855 0.307906 0.574835 0.311893 0.573473 0.313416 0.569405 0.314001 0.569303 0.333932 0.573370 0.333347 0.576067 0.335614 0.577423 0.335419 0.585516 0.342222 0.586873 0.342027 0.588221 0.343162 0.589576 0.342967 0.590925 0.344101 0.592281 0.343906 0.593630 0.345039 0.596341 0.344650 0.597690 0.345784 0.603112 0.345004 0.604462 0.346138 0.604441 0.350123 0.626132 0.347005 0.626152 0.343019 0.627515 0.341496 0.628871 0.341301 0.630233 0.339777 0.631589 0.339582 0.632951 0.338059 0.634307 0.337864 0.641120 0.330245 0.642475 0.330050 0.643837 0.328527 0.643844 0.327198 0.647932 0.322627 0.647939 0.321298 0.649302 0.319774 0.649308 0.318446 0.650670 0.316922 0.654738 0.316337 0.654758 0.312351 0.650691 0.312936 0.646645 0.309535 0.646652 0.308206 0.645296 0.308401 0.642598 0.306133 0.641243 0.306328 0.637196 0.302927 0.637216 0.298940
0 0.803063 0.450360 0.803022 0.458332 0.801659 0.459855 0.801645 0.462514 0.800282 0.464037 0.796216 0.464622 0.795990 0.508470 0.809547 0.506521 0.809574 0.501206 0.810937 0.499682 0.812292 0.499487 0.812299 0.498158 0.828649 0.479875 0.830005 0.479680 0.831367 0.478156 0.831374 0.476827 0.834099 0.473781 0.838167 0.473196 0.838235 0.459909 0.832811 0.460688 0.826068 0.455019 0.826075 0.453690 0.823377 0.451422 0.823397 0.447436
0 0.214828 0.773927 0.214705 0.797844 0.220128 0.797065 0.221477 0.798199 0.222833 0.798004 0.224181 0.799137 0.224161 0.803123 0.226872 0.802733 0.226892 0.798748 0.228255 0.797224 0.232322 0.796640 0.233685 0.795116 0.236396 0.794726 0.237759 0.793202 0.239114 0.793007 0.241839 0.789960 0.243195 0.789765 0.244557 0.788241 0.244564 0.786913 0.247289 0.783865 0.251356 0.783280 0.251431 0.768665
0 0.643848 0.590093 0.643759 0.607366 0.650537 0.606391 0.651886 0.607526 0.654598 0.607136 0.655946 0.608269 0.666792 0.606710 0.668141 0.607844 0.668120 0.611830 0.680322 0.610076 0.680397 0.595460 0.674974 0.596240 0.673625 0.595106 0.672270 0.595301 0.670920 0.594167 0.669564 0.594362 0.668216 0.593228 0.666861 0.593423 0.664162 0.591155 0.664183 0.587169
0 0.795273 0.647987 0.795185 0.665260 0.800607 0.664481 0.801956 0.665615 0.803312 0.665420 0.806009 0.667688 0.805989 0.671673 0.810056 0.671089 0.810077 0.667103 0.812801 0.664056 0.814157 0.663861 0.818244 0.659290 0.819600 0.659095 0.823688 0.654524 0.825043 0.654329 0.826406 0.652806 0.826426 0.648819 0.827789 0.647295 0.831855 0.646711 0.831876 0.642725
0 0.871655 0.546718 0.871628 0.552033 0.867540 0.556604 0.867533 0.557933 0.866171 0.559457 0.860748 0.560237 0.860660 0.577510 0.871505 0.575951 0.872853 0.577084 0.875565 0.576694 0.876914 0.577828 0.876893 0.581814 0.889095 0.580060 0.889129 0.573417 0.890491 0.571893 0.890518 0.566578 0.891881 0.565055 0.891895 0.562397 0.893257 0.560874 0.894612 0.560679 0.894701 0.543405
0 0.136647 0.434640 0.136626 0.438627 0.133901 0.441674 0.132545 0.441869 0.131183 0.443392 0.129827 0.443587 0.123015 0.451205 0.121659 0.451400 0.117571 0.455971 0.113504 0.456556 0.113320 0.492431 0.118743 0.491652 0.120092 0.492786 0.120085 0.494115 0.126829 0.499784 0.128184 0.499589 0.132231 0.502990 0.133587 0.502795 0.137633 0.506197 0.138989 0.506002 0.140338 0.507136 0.141694 0.506942 0.144391 0.509209 0.145747 0.509014 0.147095 0.510148 0.148451 0.509953 0.149801 0.511086 0.152511 0.510697 0.153860 0.511831 0.153840 0.515817 0.174175 0.512894 0.174195 0.508907 0.175558 0.507383 0.178269 0.506993 0.179631 0.505470 0.183699 0.504885 0.185062 0.503362 0.186417 0.503167 0.187779 0.501643 0.189135 0.501448 0.190498 0.499925 0.191853 0.499730 0.193215 0.498206 0.194572 0.498011 0.195934 0.496488 0.197290 0.496293 0.202740 0.490197 0.204096 0.490003 0.213633 0.479338 0.213640 0.478008 0.215002 0.476485 0.220424 0.475706 0.220540 0.453117 0.216474 0.453702 0.205683 0.444632 0.204328 0.444826 0.193536 0.435755 0.192181 0.435950 0.190833 0.434816 0.189477 0.435011 0.188127 0.433878 0.186772 0.434073 0.184074 0.431805 0.184095 0.427819
0 0.454491 0.532341 0.454430 0.544300 0.461208 0.543325 0.462557 0.544458 0.463913 0.544264 0.465262 0.545397 0.466624 0.543874 0.473402 0.542899 0.474764 0.541376 0.477477 0.540986 0.480201 0.537939 0.481557 0.537744 0.484282 0.534697 0.484289 0.533368 0.485652 0.531843 0.485672 0.527858
0 0.800805 0.625948 0.800710 0.644550 0.814266 0.642601 0.815616 0.643734 0.816978 0.642211 0.822400 0.641432 0.822407 0.640103 0.823770 0.638579 0.823777 0.637250 0.825139 0.635727 0.825153 0.633069 0.826515 0.631546 0.826563 0.622245
0 0.238486 0.388133 0.238397 0.405406 0.242463 0.404821 0.246510 0.408223 0.246503 0.409552 0.249201 0.411820 0.249174 0.417134 0.262731 0.415185 0.262758 0.409871 0.266846 0.405299 0.266859 0.402642 0.268221 0.401118 0.268228 0.399790 0.269590 0.398266 0.269611 0.394280 0.268262 0.393146 0.268283 0.389160 0.266935 0.388025 0.266955 0.384040
0 0.569187 0.356520 0.569057 0.381766 0.574480 0.380986 0.583921 0.388923 0.585277 0.388728 0.587975 0.390996 0.587955 0.394982 0.602867 0.392838 0.602894 0.387524 0.605619 0.384476 0.605626 0.383147 0.609714 0.378576 0.611069 0.378381 0.612432 0.376858 0.625988 0.374909 0.627351 0.373385 0.642263 0.371241 0.643625 0.369718 0.651759 0.368548 0.653122 0.367025 0.659900 0.366050 0.659934 0.359406 0.655868 0.359991 0.654519 0.358857 0.653163 0.359052 0.651814 0.357918 0.650459 0.358113 0.645063 0.353578 0.643707 0.353773 0.639661 0.350371 0.639682 0.346385
0 0.860318 0.643947 0.860243 0.658562 0.864310 0.657977 0.865659 0.659112 0.867014 0.658917 0.876456 0.666853 0.877812 0.666658 0.880509 0.668927 0.881865 0.668732 0.884590 0.665684 0.884604 0.663027 0.885966 0.661503 0.885980 0.658846 0.887343 0.657322 0.891410 0.656738 0.891499 0.639464
0 0.564392 0.235056 0.564290 0.254988 0.568357 0.254403 0.575101 0.260072 0.575081 0.264057 0.580503 0.263278 0.580524 0.259292 0.587337 0.251674 0.587344 0.250345 0.592794 0.244250 0.592800 0.242922 0.594163 0.241398 0.594183 0.237412 0.595546 0.235888 0.595573 0.230573
0 0.725270 0.562453 0.725147 0.586371 0.730570 0.585591 0.733268 0.587859 0.733247 0.591845 0.760360 0.587947 0.760381 0.583961 0.764468 0.579390 0.765824 0.579195 0.768549 0.576147 0.768556 0.574819 0.772643 0.570247 0.772657 0.567591 0.774020 0.566067 0.778086 0.565482 0.778093 0.564153 0.772670 0.564932 0.771322 0.563799 0.769967 0.563994 0.768617 0.562860 0.767261 0.563055 0.764564 0.560788 0.764584 0.556801
0 0.797431 0.228107 0.797274 0.258667 0.812187 0.256523 0.812214 0.251209 0.813576 0.249685 0.814931 0.249490 0.816294 0.247966 0.816301 0.246638 0.819026 0.243591 0.820381 0.243396 0.821744 0.241872 0.821751 0.240543 0.823113 0.239019 0.828536 0.238240 0.828611 0.223624
0 0.096349 0.631631 0.096287 0.643590 0.100354 0.643005 0.101703 0.644138 0.103059 0.643943 0.104408 0.645077 0.105764 0.644882 0.109810 0.648284 0.117944 0.647114 0.119293 0.648248 0.120648 0.648054 0.121998 0.649187 0.121977 0.653174 0.151801 0.648886 0.151822 0.644899 0.153184 0.643376 0.154541 0.643181 0.155903 0.641657 0.157259 0.641462 0.158621 0.639939 0.159976 0.639744 0.161339 0.638220 0.162695 0.638025 0.164057 0.636501 0.165412 0.636306 0.166775 0.634783 0.168131 0.634588 0.169493 0.633065 0.170849 0.632870 0.172212 0.631346 0.176279 0.630761 0.176334 0.620131
0 0.357566 0.413500 0.357484 0.429445 0.362907 0.428666 0.364255 0.429799 0.365611 0.429604 0.366960 0.430738 0.369672 0.430348 0.371020 0.431483 0.372376 0.431288 0.373725 0.432421 0.375081 0.432226 0.376429 0.433361 0.383208 0.432386 0.384556 0.433519 0.396758 0.431765 0.398120 0.430242 0.402187 0.429657 0.403549 0.428133 0.404905 0.427938 0.406268 0.426415 0.407623 0.426220 0.410349 0.423172 0.415771 0.422393 0.415818 0.413092 0.410397 0.413871 0.409047 0.412738 0.407691 0.412933 0.406343 0.411799 0.406370 0.406484
0 0.785411 0.458209 0.785384 0.463523 0.784022 0.465047 0.784015 0.466376 0.782652 0.467900 0.782645 0.469228 0.781283 0.470752 0.781276 0.472081 0.779913 0.473604 0.779907 0.474933 0.778544 0.476456 0.774477 0.477041 0.774361 0.499630 0.781140 0.498655 0.783837 0.500923 0.783817 0.504910 0.786527 0.504520 0.786548 0.500533 0.787911 0.499009 0.789267 0.498814 0.789274 0.497486 0.790636 0.495963 0.790643 0.494633 0.792005 0.493110 0.792018 0.490453 0.793381 0.488929 0.793395 0.486271 0.794757 0.484747 0.794778 0.480762 0.796140 0.479238 0.796161 0.475252 0.797524 0.473728 0.797538 0.471070 0.798900 0.469547 0.798927 0.464232 0.800289 0.462709 0.800296 0.461380 0.801659 0.459855 0.805725 0.459271 0.805746 0.455285
0 0.264397 0.618092 0.264267 0.643338 0.285958 0.640219 0.285979 0.636233 0.295516 0.625567 0.300939 0.624788 0.301001 0.612829
0 0.531774 0.255679 0.531727 0.264980 0.537149 0.264201 0.539847 0.266468 0.541203 0.266273 0.542552 0.267407 0.545263 0.267017 0.546612 0.268150 0.547967 0.267955 0.552054 0.263385 0.552061 0.262057 0.550713 0.260922 0.550754 0.252950
0 0.555111 0.459453 0.555091 0.463439 0.546916 0.472582 0.545561 0.472776 0.538748 0.480394 0.538741 0.481723 0.536016 0.484770 0.536009 0.486099 0.533284 0.489146 0.533277 0.490475 0.530552 0.493522 0.530545 0.494851 0.529182 0.496374 0.525116 0.496959 0.525048 0.510246 0.530470 0.509467 0.534516 0.512869 0.534510 0.514198 0.545301 0.523268 0.546656 0.523073 0.548005 0.524207 0.549361 0.524012 0.550709 0.525146 0.553421 0.524756 0.554770 0.525890 0.564260 0.524525 0.565608 0.525660 0.566964 0.525465 0.568313 0.526598 0.568292 0.530584 0.589983 0.527466 0.590004 0.523480 0.591367 0.521956 0.592722 0.521762 0.594085 0.520237 0.598151 0.519653 0.599514 0.518130 0.606292 0.517155 0.607655 0.515631 0.610366 0.515241 0.611728 0.513717 0.613085 0.513522 0.615809 0.510475 0.617165 0.510280 0.622615 0.504186 0.623970 0.503991 0.630783 0.496373 0.630790 0.495044 0.634878 0.490473 0.634885 0.489145 0.636247 0.487621 0.636253 0.486292 0.637615 0.484768 0.637622 0.483439 0.636274 0.482306 0.636288 0.479648 0.634939 0.478514 0.634946 0.477186 0.633597 0.476052 0.633604 0.474723 0.629557 0.471321 0.629563 0.469993 0.628208 0.470188 0.616068 0.459983 0.614713 0.460178 0.609318 0.455643 0.609338 0.451657
0 0.168373 0.323859 0.168250 0.347776 0.172317 0.347191 0.177713 0.351726 0.179068 0.351532 0.180417 0.352665 0.181773 0.352470 0.183122 0.353604 0.183102 0.357590 0.184457 0.357395 0.184477 0.353409 0.185840 0.351885 0.188551 0.351496 0.195364 0.343878 0.195370 0.342549 0.198095 0.339502 0.198109 0.336844 0.200834 0.333797 0.204902 0.333213 0.204936 0.326568 0.200868 0.327153 0.198171 0.324886 0.198198 0.319571
0 0.265681 0.368290 0.265592 0.385564 0.272370 0.384589 0.273719 0.385723 0.275075 0.385528 0.276424 0.386661 0.277780 0.386466 0.279128 0.387600 0.280484 0.387406 0.283181 0.389673 0.285893 0.389283 0.288591 0.391551 0.288571 0.395537 0.321107 0.390859 0.321127 0.386873 0.323851 0.383826 0.329275 0.383046 0.329329 0.372416 0.323906 0.373196 0.321209 0.370928 0.319853 0.371123 0.318505 0.369990 0.317149 0.370185 0.315800 0.369050 0.313088 0.369440 0.311739 0.368306 0.309028 0.368696 0.307679 0.367563 0.304968 0.367952 0.303619 0.366818 0.303640 0.362832
0 0.096349 0.631631 0.096287 0.643590 0.100354 0.643005 0.101703 0.644138 0.103059 0.643943 0.104408 0.645077 0.105764 0.644882 0.108461 0.647150 0.109817 0.646955 0.111165 0.648089 0.119300 0.646919 0.120648 0.648054 0.122005 0.647859 0.123353 0.648992 0.123332 0.652979 0.151801 0.648886 0.151822 0.644899 0.154547 0.641852 0.157259 0.641462 0.158621 0.639939 0.159976 0.639744 0.161339 0.638220 0.162695 0.638025 0.164057 0.636501 0.165412 0.636306 0.166775 0.634783 0.168131 0.634588 0.169493 0.633065 0.170849 0.632870 0.172212 0.631346 0.176279 0.630761 0.176334 0.620131
0 0.499156 0.276301 0.499081 0.290918 0.504504 0.290138 0.505853 0.291272 0.505833 0.295258 0.526167 0.292335 0.526188 0.288348 0.528913 0.285301 0.528920 0.283972 0.531645 0.280924 0.535711 0.280340 0.531645 0.280924 0.530295 0.279791 0.530336 0.271818
0 0.699850 0.236825 0.699720 0.262072 0.711921 0.260317 0.711941 0.256331 0.722842 0.244142 0.724198 0.243947 0.724204 0.242618 0.726929 0.239571 0.730997 0.238986 0.731031 0.232342
0 0.758735 0.377068 0.758605 0.402314 0.764028 0.401534 0.766725 0.403802 0.766719 0.405130 0.768067 0.406264 0.770793 0.403217 0.772148 0.403022 0.773510 0.401498 0.774866 0.401303 0.774873 0.399975 0.777598 0.396927 0.777605 0.395599 0.778967 0.394075 0.779001 0.387431 0.777653 0.386298 0.777666 0.383640 0.776318 0.382506 0.776325 0.381177 0.774976 0.380044 0.775003 0.374729
0 0.054552 0.329601 0.054401 0.358833 0.059824 0.358053 0.063870 0.361455 0.069293 0.360676 0.070642 0.361809 0.076065 0.361030 0.077414 0.362163 0.078769 0.361968 0.080118 0.363102 0.080098 0.367088 0.085520 0.366308 0.085540 0.362323 0.088265 0.359275 0.089621 0.359080 0.103246 0.343844 0.104602 0.343649 0.108690 0.339079 0.112756 0.338494 0.112845 0.321220
0 0.497927 0.515474 0.497852 0.530089 0.518188 0.527166 0.518263 0.512550
0 0.638535 0.569613 0.638439 0.588215 0.643862 0.587435 0.649312 0.581341 0.653379 0.580756 0.653447 0.567469
0 0.873157 0.254397 0.872932 0.298245 0.876999 0.297661 0.879697 0.299927 0.881052 0.299732 0.882401 0.300867 0.885113 0.300477 0.887837 0.297430 0.889193 0.297235 0.890556 0.295711 0.891911 0.295517 0.893274 0.293992 0.895985 0.293603 0.896149 0.261713 0.893438 0.262103 0.889391 0.258701 0.888035 0.258896 0.886687 0.257762 0.886714 0.252448
0 0.699877 0.231510 0.699720 0.262072 0.711921 0.260317 0.711941 0.256331 0.722842 0.244142 0.724198 0.243947 0.724204 0.242618 0.726929 0.239571 0.730997 0.238986 0.731058 0.227027
0 0.596765 0.262268 0.596690 0.276884 0.602112 0.276105 0.602133 0.272118 0.603495 0.270594 0.603502 0.269266 0.606227 0.266219 0.611649 0.265439 0.611677 0.260124
0 0.520328 0.374167 0.520287 0.382139 0.518925 0.383663 0.518905 0.387649 0.516179 0.390696 0.516172 0.392025 0.514810 0.393549 0.514796 0.396206 0.513434 0.397730 0.513427 0.399058 0.512064 0.400583 0.512058 0.401911 0.510696 0.403435 0.510689 0.404763 0.509326 0.406286 0.509319 0.407616 0.507956 0.409139 0.507942 0.411797 0.502492 0.417891 0.502486 0.419220 0.499761 0.422267 0.499755 0.423596 0.497029 0.426644 0.492962 0.427228 0.492894 0.440516 0.510518 0.437982 0.510538 0.433995 0.515988 0.427901 0.515995 0.426573 0.530982 0.409812 0.530989 0.408484 0.532352 0.406960 0.532359 0.405630 0.533721 0.404107 0.533741 0.400121 0.535104 0.398597 0.535240 0.372023
0 0.753312 0.377847 0.753237 0.392464 0.757304 0.391879 0.758653 0.393012 0.758639 0.395670 0.759988 0.396803 0.757263 0.399851 0.753196 0.400435 0.753128 0.413723 0.757195 0.413138 0.758557 0.411615 0.761269 0.411225 0.762632 0.409701 0.765342 0.409311 0.766705 0.407788 0.769416 0.407398 0.769423 0.406069 0.773510 0.401498 0.774866 0.401303 0.776229 0.399780 0.776236 0.398451 0.777598 0.396927 0.777605 0.395599 0.778967 0.394075 0.778988 0.390089 0.777639 0.388955 0.777666 0.383640 0.776318 0.382506 0.776325 0.381177 0.774976 0.380044 0.775003 0.374729
0 0.167199 0.552401 0.167130 0.565689 0.172553 0.564909 0.173901 0.566043 0.175258 0.565848 0.177955 0.568116 0.179310 0.567921 0.184707 0.572455 0.186062 0.572261 0.187410 0.573395 0.188766 0.573200 0.191464 0.575467 0.191444 0.579454 0.218557 0.575556 0.218578 0.571569 0.221303 0.568522 0.222659 0.568327 0.226746 0.563756 0.228101 0.563561 0.230827 0.560514 0.232182 0.560320 0.233544 0.558796 0.234900 0.558601 0.234914 0.555943 0.236277 0.554419 0.236284 0.553091 0.232237 0.549690 0.230881 0.549885 0.229532 0.548750 0.229559 0.543435
0 0.876395 0.678812 0.876238 0.709373 0.881661 0.708593 0.881681 0.704607 0.883044 0.703084 0.883051 0.701755 0.884413 0.700231 0.884529 0.677643
0 0.605889 0.595550 0.605848 0.603522 0.611271 0.602743 0.612620 0.603877 0.612613 0.605205 0.626102 0.616544 0.626095 0.617872 0.627443 0.619006 0.627430 0.621664 0.628778 0.622797 0.628771 0.624126 0.630121 0.625261 0.630114 0.626589 0.631462 0.627723 0.632818 0.627528 0.638268 0.621433 0.638275 0.620105 0.642362 0.615533 0.642396 0.608890 0.639699 0.606622 0.639713 0.603965 0.638364 0.602831 0.638425 0.590872
0 0.465282 0.541411 0.465262 0.545397 0.462537 0.548444 0.461180 0.548639 0.459818 0.550163 0.457107 0.550553 0.455745 0.552077 0.454389 0.552272 0.453027 0.553795 0.450315 0.554185 0.448953 0.555709 0.446241 0.556099 0.444878 0.557622 0.443523 0.557817 0.442160 0.559340 0.438094 0.559925 0.437902 0.597130 0.466371 0.593037 0.466398 0.587722 0.467761 0.586198 0.469116 0.586004 0.471842 0.582956 0.473198 0.582761 0.475923 0.579714 0.486768 0.578155 0.488130 0.576631 0.493553 0.575851 0.494916 0.574328 0.497627 0.573938 0.498990 0.572415 0.501700 0.572025 0.503063 0.570501 0.504419 0.570306 0.505781 0.568782 0.507137 0.568587 0.508500 0.567064 0.509856 0.566869 0.511218 0.565345 0.512574 0.565150 0.513936 0.563627 0.515291 0.563432 0.516654 0.561909 0.519365 0.561519 0.520727 0.559995 0.523439 0.559605 0.524802 0.558082 0.526158 0.557887 0.530245 0.553315 0.534311 0.552731 0.534366 0.542101 0.528943 0.542881 0.526247 0.540613 0.526253 0.539284 0.523555 0.537016 0.523575 0.533030
0 0.352143 0.414280 0.352075 0.427567 0.357498 0.426788 0.358847 0.427921 0.360202 0.427726 0.361551 0.428861 0.362907 0.428666 0.364255 0.429799 0.365611 0.429604 0.366960 0.430738 0.368316 0.430543 0.369665 0.431678 0.372376 0.431288 0.373725 0.432421 0.375081 0.432226 0.376429 0.433361 0.383208 0.432386 0.384556 0.433519 0.398113 0.431570 0.399476 0.430047 0.402187 0.429657 0.403549 0.428133 0.404905 0.427938 0.406268 0.426415 0.407623 0.426220 0.408986 0.424696 0.410342 0.424501 0.411704 0.422977 0.415771 0.422393 0.415818 0.413092 0.411752 0.413676 0.407705 0.410275 0.407725 0.406289
0 0.687721 0.488187 0.687673 0.497487 0.702586 0.495343 0.702634 0.486043
0 0.882937 0.460120 0.882808 0.485366 0.895008 0.483611 0.895138 0.458366
0 0.867735 0.255176 0.867591 0.283080 0.871659 0.282495 0.874356 0.284762 0.874342 0.287420 0.875691 0.288554 0.875657 0.295198 0.877005 0.296331 0.876999 0.297661 0.881045 0.301062 0.885113 0.300477 0.886475 0.298953 0.887830 0.298758 0.890556 0.295711 0.891911 0.295517 0.894636 0.292469 0.895992 0.292274 0.896142 0.263041 0.893431 0.263431 0.886687 0.257762 0.886714 0.252448
0 0.350477 0.738491 0.350375 0.758422 0.357154 0.757447 0.357181 0.752133 0.363993 0.744515 0.364000 0.743186 0.365362 0.741663 0.365389 0.736348
0 0.497955 0.510159 0.497852 0.530089 0.518188 0.527166 0.518256 0.513878 0.514189 0.514463 0.511491 0.512195 0.511511 0.508210
0 0.487656 0.405419 0.487580 0.420035 0.501137 0.418086 0.501158 0.414100 0.502520 0.412577 0.502527 0.411248 0.503889 0.409724 0.507956 0.409139 0.507990 0.402496
0 0.378601 0.537940 0.378458 0.565844 0.382525 0.565260 0.386571 0.568661 0.387927 0.568466 0.397369 0.576403 0.398725 0.576208 0.406817 0.583010 0.408173 0.582815 0.412220 0.586217 0.413575 0.586022 0.416273 0.588290 0.417628 0.588095 0.420326 0.590363 0.421682 0.590168 0.423031 0.591302 0.424387 0.591107 0.425736 0.592240 0.427091 0.592046 0.428440 0.593179 0.429796 0.592984 0.431144 0.594118 0.432500 0.593923 0.433849 0.595058 0.435205 0.594863 0.436554 0.595996 0.437909 0.595801 0.440607 0.598069 0.440586 0.602056 0.463633 0.598742 0.463749 0.576153 0.458326 0.576933 0.456977 0.575799 0.455622 0.575993 0.454273 0.574860 0.454280 0.573531 0.452931 0.572398 0.452938 0.571069 0.451589 0.569935 0.451596 0.568607 0.450247 0.567472 0.450254 0.566144 0.448905 0.565010 0.448912 0.563681 0.447562 0.562547 0.447569 0.561218 0.446221 0.560085 0.446228 0.558756 0.444878 0.557622 0.443523 0.557817 0.432732 0.548746 0.432739 0.547418 0.428693 0.544016 0.428700 0.542688 0.426002 0.540419 0.426009 0.539091 0.423311 0.536823 0.423339 0.531508
0 0.487656 0.405419 0.487580 0.420035 0.501137 0.418086 0.501171 0.411442 0.502533 0.409918 0.502567 0.403275
0 0.360006 0.555319 0.376023 0.563509 0.392870 0.583823 0.414194 0.600870 0.448969 0.604614 0.462348 0.605314 0.449804 0.615862 0.408721 0.624393 0.365923 0.619178 0.352705 0.586975 0.353734 0.560593
0 0.220548 0.609472 0.238449 0.598154 0.257211 0.592833 0.275006 0.602518 0.268734 0.607792 0.241052 0.612646
0 0.222315 0.612717 0.227623 0.621572 0.252612 0.619728 0.277639 0.610884 0.265158 0.609180 0.232128 0.613055
0 0.312031 0.515870 0.289800 0.501578 0.289863 0.489326 0.308666 0.476129 0.328340 0.467180 0.345255 0.474366 0.356849 0.475323 0.380950 0.472733 0.403279 0.467774 0.421092 0.473958 0.434390 0.490408 0.434282 0.511410 0.414617 0.518610 0.382547 0.509230 0.345944 0.513618 0.325410 0.516570
0 0.294833 0.563814 0.307414 0.546266 0.319075 0.534096 0.345940 0.514493 0.355757 0.513955 0.378029 0.520373 0.372604 0.534270 0.360980 0.539438 0.353819 0.543966 0.343096 0.547257 0.334150 0.552040 0.330501 0.567431 0.337626 0.569905 0.331341 0.577803 0.314404 0.574992 0.291230 0.570454
0 0.335930 0.552660 0.343984 0.548002 0.352899 0.549345 0.356421 0.558458 0.347457 0.566743 0.340310 0.568644 0.330501 0.567431 0.327849 0.562565 0.335029 0.554537
0 0.726783 0.537565 0.747348 0.528487 0.778580 0.527495 0.803503 0.538776 0.811430 0.558623 0.810453 0.575379 0.787248 0.576967 0.776614 0.562755 0.757057 0.548953 0.732983 0.546292
0 0.836720 0.325007 0.844778 0.319476 0.850140 0.317831 0.858140 0.323676 0.853635 0.332193 0.848246 0.339090 0.842889 0.339861
0 0.449840 0.317672 0.445378 0.318313 0.443132 0.321367 0.443104 0.326834 0.444206 0.329406 0.449773 0.330790 0.454234 0.330149 0.455927 0.326081 0.454836 0.321323 0.452062 0.318991
0 0.637211 0.408768 0.636003 0.410897 0.635580 0.415652 0.637157 0.419337 0.643532 0.421550 0.649125 0.420354 0.650755 0.413863 0.647970 0.412306 0.640804 0.408643 0.636817 0.408042
0 0.680120 0.446803 0.672116 0.451084 0.671310 0.452763 0.672485 0.456898 0.674863 0.460076 0.679649 0.460953 0.686058 0.456510 0.687267 0.453990 0.686886 0.450524 0.682117 0.446516
