1 0.113904 0.642589 0.000000 1.000000 0.000000 1.000000 0.315923 0.966653 0.315906 0.954753 0.278479 0.893562
1 0.212166 0.791548 0.194289 0.899862 0.279896 0.887532 0.258245 0.845035
1 0.361894 1.000000 0.435539 0.998210 0.567025 0.968193 0.716977 0.932563 0.837256 0.920502 0.893307 0.918421 1.000000 0.945317 1.000000 0.950120 1.000000 1.000000
1 0.000000 0.271548 0.187530 0.306226 0.212266 0.298269 0.214935 0.252665 0.201315 0.000000 0.186467 0.000000 0.000000 0.000000
1 0.251187 0.156978 0.302670 0.046217 0.368232 0.157623
1 0.829875 0.042673 1.000000 0.033346 0.932862 0.199705 0.868970 0.118109 0.938918 0.075109 0.967914 0.049824 0.966576 0.040045 0.925599 0.038351 0.898348 0.061860 0.890351 0.069044 0.862052 0.074526
1 0.458347 0.072215 0.444883 0.047534 0.425361 0.031394 0.413379 0.009799 0.422477 0.000000 0.433041 0.000000 0.454136 0.000000 0.458630 0.006053 0.464707 0.000000 0.470723 0.006671 0.470616 0.029313 0.473584 0.040374 0.493084 0.069453 0.500593 0.078527 0.509717 0.071355 0.433183 0.000000 0.359323 0.080089
1 0.340215 0.703964 0.356209 0.716877 0.394103 0.715055 0.399949 0.711725 0.417561 0.687973 0.420522 0.677122 0.427924 0.655308 0.439750 0.634747 0.467921 0.596301 0.487346 0.559676 0.490469 0.531582 0.493529 0.515867 0.495071 0.506443 0.659699 0.517263 0.672990 0.539994 0.698564 0.547958 0.716674 0.551653 0.737623 0.569293 0.753108 0.734949 0.740049 0.797188 0.389397 0.922168 0.370622 0.898920
1 0.338733 0.650688 0.329879 0.512948 0.344517 0.493536 0.369476 0.490512 0.437304 0.492713 0.437201 0.522212 0.416472 0.546614 0.394285 0.611017 0.385460 0.632968 0.362060 0.649490
1 0.698068 0.475777 0.687598 0.465375 0.687684 0.459069 0.703027 0.447109 0.727453 0.440893 0.736626 0.438754
1 0.726467 0.505591 0.742274 0.657964 0.753210 0.728759 1.000000 0.753807 1.000000 0.737524 1.000000 0.666884 0.971248 0.358768 0.872771 0.382643 0.847764 0.396981 0.803422 0.464815 0.740356 0.492199
