0 0.213959 0.704590 0.211045 0.750326 0.203886 0.749130 0.200070 0.752202 0.198279 0.751903 0.196370 0.753439 0.194580 0.753141 0.190759 0.756214 0.188968 0.755915 0.185145 0.758990 0.184787 0.764501 0.143534 0.757623 0.143905 0.752111 0.138895 0.745705 0.137101 0.745406 0.123755 0.728333 0.121962 0.728034 0.120294 0.725902 0.113122 0.724704 0.114261 0.708222 0.119635 0.709121 0.125386 0.704534 0.127176 0.704834 0.131006 0.701777 0.132795 0.702076 0.138537 0.697495 0.138909 0.692016
0 0.018134 0.488670 0.017730 0.494043 0.021017 0.498230 0.026348 0.499135 0.024874 0.518872 0.017756 0.517666 0.015841 0.519161 0.014062 0.518859 0.012147 0.520354 0.010366 0.520053 0.008450 0.521549 0.007906 0.528741 0.000000 0.523008 0.000000 0.515815 0.000000 0.513716 0.000000 0.513414 0.000000 0.511617 0.000000 0.509518 0.000000 0.502335 0.000000 0.497858 0.000000 0.498160 0.000000 0.495175 0.000000 0.495477 0.000000 0.492495 0.000000 0.492797 0.000000 0.489818 0.000000 0.484444
0 0.124814 0.846040 0.122537 0.879511 0.113500 0.878019 0.111564 0.879584 0.109755 0.879285 0.107820 0.880850 0.107435 0.886442 0.078482 0.881664 0.079007 0.874208 0.077329 0.872046 0.077461 0.870182 0.075782 0.868021 0.075914 0.866160 0.072559 0.861838 0.067133 0.860942 0.068851 0.836774
0 1.000000 0.650492 1.000000 0.670127 1.000000 0.669539 1.000000 0.672526 1.000000 0.671938 0.995112 0.677914 0.993376 0.677620 0.988053 0.682106 0.986316 0.681812 0.982765 0.684805 0.981027 0.684510 0.979251 0.686008 0.975775 0.685419 0.973998 0.686916 0.973877 0.692293 0.947796 0.687877 0.947925 0.682499 0.946230 0.680414 0.944491 0.680119 0.942795 0.678033 0.939318 0.677444 0.937624 0.675358 0.935884 0.675064 0.932495 0.670892 0.930756 0.670597 0.929063 0.668513 0.927324 0.668218 0.923938 0.664050 0.922199 0.663755 0.918813 0.659587 0.917074 0.659292 0.913689 0.655126 0.911952 0.654831 0.905186 0.646502 0.899972 0.645617 0.900115 0.640258 0.907065 0.641438 0.908848 0.639949 0.909035 0.632811
0 0.357009 0.219767 0.356414 0.230129 0.349485 0.228925 0.347652 0.230353 0.345920 0.230051 0.344088 0.231478 0.342355 0.231177 0.338687 0.234033 0.336953 0.233732 0.335118 0.235160 0.333385 0.234859 0.331549 0.236288 0.331244 0.241479 0.294802 0.235152 0.295855 0.217856 0.301058 0.218761 0.304735 0.215908 0.305048 0.210728
0 0.184927 0.274073 0.183644 0.293266 0.176651 0.292059 0.174784 0.293503 0.173036 0.293201 0.171169 0.294647 0.169420 0.294345 0.167551 0.295790 0.165802 0.295488 0.162065 0.298381 0.161708 0.303628 0.142448 0.300306 0.144259 0.274100 0.149504 0.275007 0.151372 0.273564 0.151732 0.268334
0 0.058456 0.502771 0.057934 0.509941 0.062871 0.516225 0.068201 0.517129 0.067811 0.522514 0.062480 0.521610 0.060572 0.523103 0.060442 0.524900 0.062088 0.526998 0.067422 0.527901 0.065991 0.547681 0.060651 0.546778 0.058741 0.548278 0.056962 0.547977 0.051226 0.552476 0.050831 0.557882 0.024101 0.553364 0.024505 0.547957 0.019564 0.541650 0.017783 0.541348 0.012843 0.535043 0.012979 0.533242 0.011334 0.531142 0.004208 0.529936 0.004481 0.526338 0.009824 0.527243 0.015571 0.522755 0.017352 0.523057 0.019267 0.521560 0.021046 0.521862 0.022961 0.520367 0.024740 0.520669 0.028566 0.517678 0.028700 0.515883 0.030612 0.514390 0.030746 0.512595 0.038388 0.506625 0.038919 0.499454
0 0.100502 0.168151 0.098761 0.192347 0.088296 0.190529 0.086426 0.191956 0.084681 0.191653 0.082811 0.193082 0.081066 0.192779 0.079195 0.194207 0.077449 0.193903 0.075576 0.195333 0.073831 0.195030 0.071959 0.196458 0.070212 0.196155 0.068338 0.197585 0.063100 0.196675 0.061225 0.198106 0.055985 0.197196 0.054109 0.198626 0.045372 0.197109 0.043495 0.198540 0.038251 0.197630 0.036373 0.199061 0.035980 0.204264 0.036373 0.199061 0.033137 0.194986 0.031389 0.194682 0.029773 0.192646 0.022779 0.191432 0.023571 0.181037 0.028813 0.181947 0.032569 0.179093 0.032700 0.177362 0.034577 0.175936 0.036324 0.176240 0.049450 0.166262 0.049967 0.159355
0 0.132843 0.727998 0.131470 0.748179 0.120703 0.746383 0.118781 0.747921 0.113396 0.747023 0.111474 0.748561 0.102494 0.747064 0.100570 0.748602 0.086198 0.746205 0.084271 0.747743 0.078879 0.746844 0.076951 0.748384 0.075153 0.748084 0.073224 0.749624 0.071425 0.749324 0.069497 0.750864 0.064100 0.749964 0.062170 0.751505 0.042378 0.748207 0.040443 0.749747 0.040040 0.755271 0.023832 0.752572 0.026952 0.710307
0 0.952810 0.406843 0.952014 0.439941 0.946867 0.439053 0.945107 0.440501 0.943392 0.440205 0.939872 0.443105 0.938155 0.442809 0.932872 0.447160 0.929437 0.446568 0.927675 0.448020 0.919083 0.446540 0.917410 0.444496 0.915691 0.444199 0.915737 0.442453 0.914065 0.440409 0.914110 0.438663 0.907423 0.430496 0.907469 0.428750 0.904127 0.424669 0.902409 0.424372 0.902456 0.422629 0.900786 0.420590 0.900880 0.417104 0.904406 0.414212 0.904453 0.412469 0.907977 0.409579 0.909694 0.409876 0.914976 0.405543 0.915112 0.400325
0 0.412142 0.362716 0.410912 0.385510 0.403938 0.384310 0.402099 0.385766 0.393379 0.384266 0.391538 0.385722 0.389891 0.383666 0.388147 0.383367 0.384852 0.379255 0.377875 0.378055 0.379049 0.357014
0 0.900833 0.418846 0.900692 0.424076 0.905706 0.430199 0.910858 0.431088 0.910168 0.457302 0.903287 0.456117 0.901519 0.457570 0.899799 0.457274 0.898031 0.458728 0.896310 0.458432 0.894543 0.459887 0.894400 0.465143 0.882346 0.463069 0.882492 0.457814 0.880819 0.455765 0.879098 0.455469 0.877426 0.453423 0.875704 0.453126 0.874031 0.451080 0.872310 0.450784 0.868966 0.446691 0.867246 0.446395 0.865574 0.444348 0.863852 0.444051 0.862181 0.442006 0.857016 0.441117 0.857426 0.427135 0.862587 0.428025 0.866127 0.425127 0.866178 0.423381 0.869716 0.420484 0.869916 0.413508
1 1.000000 0.508346 1.000000 0.612533 1.000000 0.611649 1.000000 0.613130 0.991335 0.611068 0.989568 0.612550 0.980919 0.611077 0.979148 0.612558 0.973957 0.611674 0.972186 0.613156 0.966993 0.612271 0.965221 0.613755 0.956564 0.612281 0.954790 0.613763 0.946129 0.612289 0.944353 0.613773 0.939156 0.612888 0.937379 0.614372 0.930446 0.613192 0.928667 0.614676 0.913063 0.612020 0.911281 0.613504 0.904344 0.612323 0.902561 0.613809 0.895620 0.612628 0.893836 0.614112 0.888630 0.613227 0.886845 0.614713 0.878164 0.613236 0.876377 0.614722 0.869429 0.613541 0.867642 0.615027 0.862430 0.614140 0.860641 0.615626 0.851951 0.614149 0.850161 0.615636 0.839729 0.613863 0.837937 0.615351 0.825761 0.613281 0.823966 0.614768 0.808304 0.612106 0.806506 0.613593 0.801284 0.612706 0.799485 0.614195 0.783811 0.611531 0.782009 0.613020 0.771554 0.611244 0.769752 0.612732 0.762779 0.611548 0.760975 0.613038 0.745280 0.610372 0.743472 0.611861 0.733004 0.610083 0.731196 0.611573 0.718978 0.609498 0.717166 0.610989 0.713674 0.610396 0.711862 0.611887 0.708369 0.611294 0.706556 0.612785 0.703063 0.612192 0.701249 0.613683 0.697754 0.613090 0.695939 0.614582 0.683705 0.612506 0.682025 0.610420 0.680207 0.611912 0.676711 0.611319 0.673353 0.607149 0.671605 0.606852 0.669928 0.604768 0.669998 0.602980 0.668320 0.600895 0.668741 0.590179 0.667065 0.588098 0.667767 0.570270 0.666092 0.568192 0.666162 0.566411 0.664487 0.564333 0.664558 0.562553 0.659537 0.556325 0.659608 0.554546 0.657935 0.552471 0.658219 0.545360 0.654875 0.541213 0.654947 0.539438 0.649932 0.533220 0.650004 0.531445 0.646663 0.527302 0.646807 0.523756 0.645137 0.521685 0.645209 0.519913 0.643540 0.517844 0.638315 0.516951 0.638388 0.515179 0.643613 0.516072 0.650864 0.510178 0.656086 0.511070 0.657897 0.509597 0.675293 0.512571 0.677101 0.511099 0.687535 0.512883 0.689341 0.511411 0.691079 0.511708 0.692884 0.510237 0.698098 0.511129 0.699903 0.509657 0.708590 0.511143 0.710392 0.509672 0.719075 0.511158 0.720876 0.509688 0.726085 0.510579 0.727885 0.509108 0.733091 0.509999 0.734891 0.508530 0.741831 0.509718 0.743629 0.508248 0.754036 0.510029 0.755831 0.508559 0.764501 0.510043 0.766295 0.508575 0.774960 0.510058 0.776753 0.508589 0.783683 0.509776 0.785474 0.508308 0.795867 0.510088 0.797655 0.508621 0.806312 0.510103 0.808099 0.508635 0.815022 0.509821 0.816808 0.508354 0.825459 0.509836 0.827243 0.508369 0.834162 0.509554 0.835944 0.508088 0.844589 0.509570 0.846371 0.508103 0.851555 0.508992 0.853336 0.507525 0.861975 0.509006 0.863754 0.507541 0.875845 0.509614 0.877621 0.508148 0.884527 0.509332 0.886301 0.507868 0.893206 0.509052 0.894979 0.507587 0.901881 0.508770 0.903653 0.507307 0.914001 0.509082 0.915772 0.507618 0.924393 0.509097 0.926161 0.507633 0.931332 0.508520 0.933100 0.507058 0.938270 0.507945 0.940036 0.506481 0.945204 0.507368 0.946969 0.505905 0.952135 0.506792 0.953899 0.505330 0.955620 0.505626 0.957384 0.504164 0.957509 0.498894
0 0.086441 0.363569 0.084917 0.384760 0.077864 0.383552 0.064616 0.393823 0.062851 0.393521 0.060955 0.394989 0.060566 0.400303 0.014629 0.392445 0.016641 0.365902 0.021936 0.366810 0.025732 0.363882 0.027496 0.364184 0.033186 0.359794 0.033583 0.354500
0 0.474171 0.667642 0.473362 0.683924 0.466291 0.682734 0.464432 0.684248 0.462664 0.683950 0.460805 0.685463 0.457267 0.684868 0.455408 0.686383 0.451870 0.685787 0.450009 0.687302 0.444700 0.686409 0.442838 0.687923 0.425136 0.684946 0.423270 0.686460 0.416186 0.685268 0.414320 0.686785 0.414032 0.692227 0.385670 0.687458 0.385966 0.682016 0.384293 0.679904 0.382520 0.679606 0.380847 0.677495 0.375529 0.676600 0.376326 0.662106 0.383411 0.663299 0.385282 0.661787 0.387052 0.662085 0.388921 0.660574 0.390692 0.660873 0.392560 0.659362 0.392854 0.653936
0 0.282858 0.519182 0.281449 0.542432 0.274385 0.541233 0.272510 0.542725 0.270743 0.542425 0.268867 0.543916 0.265333 0.543316 0.263456 0.544809 0.258153 0.543910 0.256275 0.545402 0.249204 0.544203 0.247324 0.545695 0.238482 0.544195 0.236601 0.545688 0.227755 0.544188 0.225872 0.545682 0.211713 0.543281 0.209827 0.544775 0.197433 0.542674 0.195544 0.544167 0.188459 0.542966 0.186569 0.544459 0.184798 0.544159 0.182908 0.545655 0.182552 0.551042 0.147083 0.545034 0.148668 0.521709 0.155755 0.522911 0.157647 0.521420 0.159417 0.521720 0.161310 0.520230 0.163081 0.520531 0.164972 0.519041 0.168513 0.519642 0.170402 0.518151 0.172173 0.518452 0.174063 0.516962 0.177602 0.517563 0.179491 0.516074 0.183029 0.516675 0.184917 0.515187 0.186686 0.515488 0.188572 0.513998 0.192111 0.514599 0.193996 0.513112 0.197532 0.513713 0.199418 0.512224 0.201185 0.512525 0.203070 0.511037 0.203418 0.505676
0 0.686336 0.318818 0.685999 0.327484 0.677392 0.325993 0.675601 0.327428 0.673879 0.327129 0.670297 0.330002 0.670090 0.335208 0.645962 0.331029 0.646747 0.311952
0 0.026755 0.762385 0.026348 0.767916 0.033017 0.776497 0.032882 0.778344 0.034551 0.780491 0.041763 0.781690 0.039476 0.813138 0.032251 0.811940 0.030308 0.813493 0.028502 0.813194 0.024615 0.816304 0.022808 0.816004 0.020864 0.817559 0.019057 0.817259 0.017111 0.818815 0.015303 0.818515 0.013358 0.820071 0.011549 0.819771 0.009603 0.821327 0.007795 0.821027 0.005847 0.822584 0.002229 0.821985 0.000281 0.823542 0.000000 0.822943 0.000000 0.824500 0.000000 0.830072 0.000000 0.828274 0.000000 0.822701 0.000000 0.820545 0.000000 0.820245 0.000000 0.818088 0.000000 0.817489 0.000000 0.802402 0.000000 0.800549 0.000000 0.798396 0.000000 0.797196 0.000000 0.767591 0.000000 0.768492 0.000000 0.760760 0.000000 0.753382
0 0.564243 0.104079 0.563930 0.110867 0.558804 0.109966 0.557017 0.111363 0.553599 0.110762 0.551811 0.112160 0.550102 0.111860 0.548313 0.113257 0.546603 0.112957 0.544813 0.114356 0.544572 0.119454 0.517200 0.114647 0.518112 0.095965
0 0.453915 0.680650 0.446840 0.679459 0.447673 0.663176 0.452974 0.664069 0.454650 0.666176 0.456416 0.666473 0.458091 0.668579 0.457817 0.674005 0.455958 0.675517 0.455866 0.677328 0.454007 0.678840 0.453915 0.680650 0.465747 0.693605 0.474591 0.695093 0.476449 0.693578 0.485289 0.695065 0.487145 0.693551 0.499516 0.695632 0.501371 0.694117 0.511970 0.695901 0.513822 0.694386 0.517354 0.694981 0.519206 0.693467 0.522737 0.694062 0.524588 0.692548 0.531647 0.693736 0.533497 0.692224 0.542320 0.693709 0.544166 0.692197 0.551222 0.693385 0.553067 0.691872 0.563646 0.693654 0.565491 0.692141 0.574304 0.693626 0.576145 0.692115 0.583193 0.693302 0.585033 0.691791 0.590318 0.692682 0.592158 0.691170 0.599200 0.692357 0.601039 0.690847 0.616880 0.693517 0.618715 0.692006 0.625752 0.693192 0.627587 0.691682 0.627810 0.686265 0.678771 0.694860 0.678353 0.705695 0.673081 0.704806 0.671254 0.706318 0.669495 0.706022 0.667667 0.707533 0.662394 0.706644 0.660563 0.708155 0.657046 0.707563 0.655215 0.709076 0.653457 0.708779 0.651626 0.710293 0.648107 0.709700 0.646275 0.711212 0.639235 0.710027 0.637401 0.711540 0.632121 0.710651 0.630286 0.712165 0.628525 0.711868 0.626690 0.713382 0.623167 0.712789 0.621331 0.714304 0.617808 0.713711 0.615971 0.715226 0.608923 0.714040 0.607083 0.715555 0.603558 0.714962 0.601718 0.716476 0.596429 0.715587 0.594589 0.717103 0.591062 0.716510 0.589219 0.718027 0.580400 0.716544 0.578556 0.718059 0.569733 0.716576 0.567888 0.718092 0.562592 0.717202 0.560746 0.718720 0.557214 0.718126 0.555367 0.719644 0.544770 0.717863 0.542920 0.719380 0.530551 0.717302 0.528700 0.718821 0.521629 0.717633 0.519776 0.719151 0.519520 0.724600 0.464656 0.715387 0.464929 0.709936 0.461570 0.705710 0.461661 0.703895 0.459982 0.701782 0.460074 0.699967 0.461935 0.698451 0.462026 0.696638 0.465747 0.693605
0 0.870024 0.171500 0.869482 0.190190 0.852504 0.187211 0.852707 0.180410 0.851062 0.178413 0.844271 0.177220 0.844581 0.167030
0 0.310395 0.779880 0.309539 0.794579 0.302387 0.793387 0.298594 0.796470 0.296804 0.796172 0.294908 0.797714 0.293119 0.797416 0.287423 0.802044 0.283842 0.801448 0.281943 0.802991 0.280152 0.802693 0.278251 0.804237 0.277920 0.809764 0.209795 0.798431 0.211317 0.774498 0.220275 0.775991 0.222183 0.774451 0.227556 0.775347 0.229463 0.773807 0.231253 0.774105 0.233158 0.772566 0.233502 0.767055
0 0.617088 0.154481 0.616426 0.169828 0.607871 0.168329 0.606086 0.169736 0.597530 0.168237 0.595893 0.166231 0.594181 0.165931 0.592546 0.163924 0.592622 0.162217 0.589351 0.158207 0.584218 0.157308 0.584601 0.148783
0 0.317540 0.781072 0.316903 0.792093 0.309753 0.790902 0.305963 0.793983 0.304174 0.793685 0.302279 0.795226 0.300491 0.794928 0.298594 0.796470 0.296804 0.796172 0.294908 0.797714 0.293119 0.797416 0.287423 0.802044 0.283842 0.801448 0.281943 0.802991 0.276571 0.802096 0.274670 0.803641 0.267505 0.802448 0.265603 0.803993 0.258436 0.802801 0.256532 0.804345 0.249362 0.803152 0.247457 0.804696 0.231320 0.802012 0.229642 0.799871 0.224261 0.798976 0.222584 0.796835 0.218997 0.796239 0.217321 0.794097 0.215527 0.793799 0.213849 0.791657 0.212056 0.791359 0.210381 0.789219 0.203206 0.788025 0.203913 0.776981 0.209290 0.777877 0.211200 0.776337 0.212992 0.776636 0.214900 0.775095 0.218484 0.775692 0.220391 0.774153 0.225765 0.775048 0.227672 0.773508 0.231253 0.774105 0.233158 0.772566 0.233502 0.767055
0 0.755272 0.130858 0.754911 0.141028 0.746411 0.139533 0.744650 0.140931 0.741250 0.140333 0.739488 0.141730 0.734385 0.140833 0.732622 0.142231 0.722415 0.140436 0.720776 0.138441 0.715671 0.137543 0.716182 0.123979
0 0.739462 0.189663 0.738781 0.208446 0.713168 0.203965 0.713876 0.185181
0 0.150824 0.569319 0.149361 0.590957 0.142246 0.589756 0.140344 0.591261 0.138565 0.590960 0.136662 0.592466 0.134883 0.592166 0.132981 0.593672 0.125861 0.592470 0.123956 0.593977 0.123582 0.599399 0.118239 0.598497 0.118614 0.593076 0.116960 0.590968 0.115180 0.590667 0.113525 0.588561 0.111744 0.588260 0.111869 0.586454 0.108562 0.582243 0.110468 0.580738 0.110845 0.575325 0.112750 0.573822 0.116309 0.574423 0.118212 0.572921 0.119990 0.573221 0.121894 0.571719 0.123673 0.572019 0.125575 0.570517 0.125948 0.565112
0 0.324715 0.657071 0.323561 0.677017 0.305797 0.674030 0.306117 0.668586 0.302779 0.664361 0.297451 0.663465 0.298096 0.652589
0 0.132843 0.727998 0.131470 0.748179 0.124292 0.746982 0.122372 0.748520 0.116986 0.747622 0.115065 0.749160 0.104291 0.747364 0.102366 0.748901 0.087994 0.746505 0.086068 0.748043 0.082473 0.747444 0.080546 0.748983 0.080155 0.754502 0.024376 0.745208 0.026952 0.710307
0 0.077415 0.793221 0.076237 0.809866 0.067218 0.808369 0.065282 0.809921 0.050846 0.807526 0.049174 0.805375 0.041954 0.804177 0.043163 0.787531
0 0.467107 0.666452 0.466201 0.684545 0.460896 0.683652 0.459037 0.685166 0.455499 0.684570 0.453639 0.686085 0.448331 0.685192 0.446469 0.686707 0.437621 0.685218 0.435757 0.686732 0.418053 0.683754 0.416186 0.685268 0.407330 0.683779 0.405461 0.685295 0.405171 0.690737 0.389217 0.688055 0.389513 0.682612 0.387838 0.680500 0.386065 0.680202 0.384392 0.678091 0.382619 0.677793 0.380946 0.675682 0.375629 0.674788 0.376127 0.665727 0.381442 0.666622 0.385183 0.663598 0.386953 0.663896 0.388823 0.662384 0.390594 0.662682 0.394330 0.659660 0.394623 0.654234
0 0.463010 0.329185 0.462473 0.339648 0.453793 0.338149 0.451966 0.339595 0.450230 0.339295 0.448403 0.340740 0.444929 0.340140 0.443101 0.341587 0.439626 0.340987 0.437797 0.342432 0.432584 0.341533 0.430753 0.342979 0.427277 0.342379 0.423614 0.345273 0.421876 0.344973 0.420043 0.346421 0.414826 0.345521 0.412992 0.346970 0.409513 0.346369 0.407679 0.347817 0.404198 0.347217 0.402363 0.348666 0.398882 0.348066 0.397046 0.349514 0.390083 0.348314 0.388244 0.349762 0.377796 0.347961 0.376151 0.345912 0.374410 0.345612 0.372767 0.343563 0.365799 0.342361 0.366393 0.331872 0.373357 0.333074 0.375195 0.331628 0.376934 0.331928 0.378773 0.330483 0.380513 0.330783 0.382350 0.329337 0.385829 0.329937 0.387666 0.328493 0.389405 0.328793 0.391241 0.327347 0.394717 0.327948 0.396553 0.326503 0.403506 0.327704 0.405339 0.326259 0.407077 0.326560 0.408910 0.325115 0.409194 0.319885
0 0.453973 0.334660 0.453702 0.339894 0.451966 0.339595 0.450140 0.341040 0.448403 0.340740 0.446574 0.342186 0.443101 0.341587 0.441272 0.343032 0.436059 0.342132 0.434229 0.343579 0.432492 0.343279 0.430661 0.344726 0.430383 0.349969 0.379928 0.341267 0.381000 0.322055
0 0.584117 0.121262 0.583581 0.133161 0.564776 0.129859 0.565325 0.117960
0 0.768388 0.146811 0.768035 0.156996 0.761233 0.155801 0.759591 0.153805 0.757891 0.153506 0.754610 0.149511 0.754791 0.144421
0 1.000000 0.947070 1.000000 0.961812 0.990847 0.959765 0.991161 0.945023
0 0.136191 0.390860 0.126362 0.404091 0.133106 0.478667 0.146829 0.496054 0.121338 0.497749 0.108308 0.386083 0.116578 0.374095
0 0.926825 0.335063 0.905552 0.328478 0.893966 0.333691 0.907902 0.347686 0.920723 0.349911
0 0.962316 0.344119 0.977789 0.354032 0.970281 0.370092 0.956007 0.369066 0.943542 0.352426 0.959506 0.342187
0 0.787584 0.383525 0.777351 0.387594 0.758597 0.387276 0.748548 0.385540 0.759001 0.375666 0.771959 0.376448
0 0.611751 0.536244 0.590997 0.541660 0.603971 0.546858 0.618524 0.549338
0 0.611247 0.548098 0.597698 0.556250 0.577234 0.554263 0.583455 0.546351 0.598212 0.544384
0 0.326760 0.570337 0.309275 0.564352 0.294287 0.566344 0.302590 0.576819 0.312812 0.580062
0 0.299150 0.559616 0.283045 0.555376 0.279648 0.562352 0.291250 0.567339
0 0.221769 0.558593 0.213619 0.569327 0.197368 0.566576 0.202286 0.559834 0.208195 0.560835
0 0.681911 0.153306 0.661280 0.156735 0.665938 0.163901 0.677313 0.162370
0 0.573226 0.434526 0.532287 0.428595 0.501332 0.439759 0.450051 0.441973 0.387937 0.440155 0.376195 0.454714 0.372621 0.479570 0.407303 0.506573 0.438949 0.508637 0.469975 0.500622 0.510082 0.506358 0.537430 0.504388 0.562045 0.489811 0.573911 0.467600
1 0.639883 0.524091 0.272600 0.534938 0.278122 0.607749 0.298588 0.636034 0.676939 0.631464 0.658387 0.577093
1 0.270143 0.538997 0.000000 0.549902 0.000000 0.565929 0.000000 0.604636 0.000000 0.632589 0.000000 0.648171 0.300187 0.646480 0.279016 0.611283 0.265298 0.563958
1 0.966315 0.303430 0.862402 0.304587 0.847922 0.362274 1.000000 0.358709 0.999430 0.335921
1 0.871044 0.373831 0.713707 0.375833 0.753247 0.441403 0.866877 0.444619 0.878439 0.376191
