0 0.433490 0.221538 0.433614 0.226932 0.435246 0.228772 0.436836 0.228815 0.438466 0.230656 0.440056 0.230699 0.441686 0.232538 0.443275 0.232581 0.446536 0.236260 0.448125 0.236303 0.453014 0.241820 0.454602 0.241862 0.469261 0.258406 0.474022 0.258532 0.475360 0.317726 0.469016 0.317563 0.458198 0.329826 0.456611 0.329786 0.451974 0.335042 0.450388 0.335002 0.448843 0.336754 0.447256 0.336714 0.445710 0.338466 0.444123 0.338426 0.442578 0.340178 0.440990 0.340138 0.437899 0.343642 0.436311 0.343602 0.434766 0.345354 0.433179 0.345314 0.431633 0.347067 0.430045 0.347027 0.426954 0.350532 0.427079 0.355907 0.381012 0.354755 0.380841 0.347583 0.379209 0.345749 0.379166 0.343955 0.374267 0.338453 0.372676 0.338413 0.369410 0.334744 0.367819 0.334704 0.364551 0.331034 0.362960 0.330994 0.361326 0.329159 0.359734 0.329119 0.356465 0.325447 0.354874 0.325406 0.331971 0.299690 0.331927 0.297892 0.330290 0.296055 0.330246 0.294257 0.328609 0.292418 0.328565 0.290621 0.326927 0.288782 0.326882 0.286984 0.325245 0.285144 0.324980 0.274355 0.326530 0.272599 0.326398 0.267203 0.327948 0.265447 0.327904 0.263649 0.329454 0.261892 0.329366 0.258294 0.330916 0.256536 0.330872 0.254738 0.346372 0.237169 0.347965 0.237212 0.351066 0.233698 0.352659 0.233741 0.355759 0.230228 0.357352 0.230271 0.358902 0.228514 0.360496 0.228557 0.363595 0.225044 0.363465 0.219644
1 1.000000 0.887281 1.000000 1.000000 1.000000 1.000000 1.000000 1.000000 1.000000 1.000000 1.000000 1.000000 1.000000 1.000000 1.000000 1.000000 1.000000 1.000000 1.000000 1.000000 1.000000 1.000000 0.998098 1.000000 0.996550 1.000000 0.995032 1.000000 0.993485 1.000000 0.988929 1.000000 0.989013 1.000000 0.973542 1.000000 0.973456 1.000000 0.971880 1.000000 0.971851 1.000000 0.968698 1.000000 0.967150 1.000000 0.965574 1.000000 0.965545 1.000000 0.963968 1.000000 0.963940 1.000000 0.960785 1.000000 0.960756 1.000000 0.957601 1.000000 0.957572 1.000000 0.955994 1.000000 0.955965 1.000000 0.954388 1.000000 0.954359 1.000000 0.952780 1.000000 0.952751 1.000000 0.949594 1.000000 0.949565 1.000000 0.947986 1.000000 0.947957 1.000000 0.944800 0.999829 0.944771 0.998080 0.943191 0.996308 0.943162 0.994558 0.941583 0.992785 0.941553 0.991036 0.938393 0.987489 0.938364 0.985740 0.935204 0.982191 0.935175 0.980442 0.933595 0.978668 0.933565 0.976917 0.925662 0.968043 0.925633 0.966292 0.922470 0.962741 0.922411 0.959239 0.923932 0.957512 0.923903 0.955761 0.925425 0.954035 0.926976 0.954060 0.930021 0.950607 0.931572 0.950632 0.934616 0.947177 0.936168 0.947202 0.937689 0.945477 0.939241 0.945501 0.942285 0.942049 0.943836 0.942074 0.945358 0.940347 0.946908 0.940372 0.949952 0.936920 0.951504 0.936946 0.953026 0.935219 0.954576 0.935244 0.956098 0.933517 0.957649 0.933543 0.962214 0.928365 0.963764 0.928390 0.966808 0.924938 0.968358 0.924963 0.971402 0.921511 0.972952 0.921537 0.975995 0.918085 0.977545 0.918111 0.980587 0.914659 0.982138 0.914684 0.985181 0.911232 0.986731 0.911258 0.989773 0.907806 0.991323 0.907832 0.995888 0.902655 0.997437 0.902681 0.998958 0.900955 1.000000 0.900981 1.000000 0.892353 1.000000 0.887096
0 0.749182 0.356832 0.750787 0.358654 0.750889 0.364002 0.743029 0.363806 0.742892 0.356674 0.749182 0.356832 0.755165 0.340938 0.751952 0.337290 0.751885 0.333722 0.750278 0.331897 0.749972 0.315835 0.751511 0.314090 0.751443 0.310521 0.752981 0.308775 0.752846 0.301633 0.790574 0.302613 0.791202 0.336505 0.784919 0.336345 0.772619 0.350292 0.766334 0.350133 0.759914 0.342842 0.758341 0.342802 0.756736 0.340978 0.755165 0.340938
0 0.867544 0.040043 0.868015 0.066951 0.860153 0.066718 0.858612 0.068466 0.857040 0.068419 0.855499 0.070166 0.853926 0.070119 0.852385 0.071867 0.850813 0.071820 0.849271 0.073568 0.847698 0.073522 0.843075 0.078763 0.841502 0.078716 0.838419 0.082211 0.836846 0.082165 0.835306 0.083913 0.833732 0.083866 0.832190 0.085613 0.827470 0.085475 0.825929 0.087222 0.824322 0.085383 0.822748 0.085336 0.821142 0.083497 0.819569 0.083451 0.814748 0.077930 0.813174 0.077883 0.809959 0.074202 0.806809 0.074109 0.805202 0.072268 0.803627 0.072222 0.802019 0.070380 0.800443 0.070333 0.798835 0.068491 0.797259 0.068445 0.795651 0.066604 0.794076 0.066557 0.790857 0.062873 0.789282 0.062826 0.787673 0.060984 0.786097 0.060938 0.782878 0.057252 0.781302 0.057205 0.779692 0.055362 0.778115 0.055315 0.776505 0.053472 0.774928 0.053425 0.773318 0.051581 0.771741 0.051534 0.770130 0.049691 0.770096 0.047894 0.766874 0.044206 0.762142 0.044064 0.762007 0.036875
0 0.565992 0.189244 0.566107 0.194632 0.567730 0.196470 0.574064 0.196644 0.574561 0.219975 0.568228 0.219803 0.565138 0.223307 0.563555 0.223264 0.558920 0.228518 0.558958 0.230313 0.557414 0.232064 0.557530 0.237445 0.521088 0.236466 0.520969 0.231082 0.517719 0.227406 0.512963 0.227277 0.512407 0.202132 0.517166 0.202263 0.520259 0.198756 0.520219 0.196960 0.521765 0.195207 0.521607 0.188019
0 0.137961 0.328888 0.138204 0.337891 0.139855 0.339732 0.139903 0.341533 0.159691 0.363606 0.159739 0.365404 0.163036 0.369080 0.163083 0.370878 0.166378 0.374553 0.171176 0.374671 0.172417 0.421388 0.166023 0.421236 0.164377 0.419402 0.159580 0.419287 0.157933 0.417453 0.156334 0.417415 0.154687 0.415580 0.153087 0.415541 0.149792 0.411871 0.148193 0.411833 0.146544 0.409997 0.144944 0.409958 0.141648 0.406287 0.140048 0.406248 0.136750 0.402577 0.135149 0.402539 0.131852 0.398866 0.130250 0.398827 0.128600 0.396989 0.127000 0.396951 0.123700 0.393276 0.122099 0.393238 0.120448 0.391400 0.118847 0.391361 0.115546 0.387685 0.109139 0.387529 0.108449 0.362336 0.113256 0.362455 0.114810 0.360695 0.114761 0.358895 0.116314 0.357134 0.116264 0.355333 0.117817 0.353574 0.117719 0.349973 0.119273 0.348212 0.119175 0.344612 0.120729 0.342851 0.120582 0.337448 0.122135 0.335688 0.121939 0.328483
0 0.744890 0.868535 0.745399 0.894927 0.709465 0.894321 0.708944 0.867914
0 0.337279 0.125257 0.337937 0.152320 0.331553 0.152141 0.328449 0.155660 0.326854 0.155616 0.325301 0.157374 0.323704 0.157329 0.320600 0.160848 0.315811 0.160714 0.314258 0.162474 0.310977 0.158777 0.310799 0.151559 0.307515 0.147860 0.304319 0.147770 0.302678 0.145921 0.291492 0.145606 0.284920 0.138204 0.284874 0.136398 0.286427 0.134638 0.286337 0.131026 0.287890 0.129265 0.287755 0.123847
0 0.609355 0.068291 0.609917 0.095285 0.605166 0.095147 0.602073 0.098652 0.600488 0.098606 0.597395 0.102112 0.597545 0.109307 0.554746 0.108073 0.553854 0.066655
0 0.762960 0.833651 0.763328 0.853020 0.758644 0.852938 0.757116 0.854670 0.757216 0.859950 0.746284 0.859760 0.746182 0.854479 0.742990 0.850903 0.741427 0.850875 0.739830 0.849086 0.733579 0.848977 0.733272 0.833122
0 0.462977 0.608380 0.463587 0.635062 0.455686 0.634898 0.454146 0.636643 0.452565 0.636611 0.451025 0.638356 0.449445 0.638323 0.447905 0.640069 0.446325 0.640036 0.444784 0.641782 0.440042 0.641684 0.438502 0.643430 0.435339 0.643365 0.433800 0.645111 0.427473 0.644981 0.425933 0.646727 0.414861 0.646499 0.413320 0.648245 0.381660 0.647595 0.380033 0.645783 0.367360 0.645522 0.365733 0.643710 0.360979 0.643612 0.359351 0.641798 0.356181 0.641733 0.354553 0.639919 0.352967 0.639886 0.349710 0.636258 0.348124 0.636225 0.346495 0.634412 0.344910 0.634379 0.343280 0.632565 0.341694 0.632532 0.340065 0.630717 0.338479 0.630684 0.336849 0.628869 0.335262 0.628836 0.332002 0.625207 0.331827 0.618076 0.333370 0.616328 0.333327 0.614546 0.334913 0.614579 0.338000 0.611080 0.337869 0.605732
0 0.526924 0.645253 0.527277 0.661235 0.520970 0.661107 0.516357 0.666336 0.516396 0.668111 0.514859 0.669855 0.514898 0.671630 0.508748 0.678602 0.507171 0.678571 0.505634 0.680315 0.502479 0.680251 0.502440 0.678476 0.499205 0.674862 0.497628 0.674830 0.496010 0.673023 0.494472 0.674766 0.488161 0.674639 0.486542 0.672832 0.483385 0.672768 0.478530 0.667343 0.476950 0.667311 0.475331 0.665503 0.473752 0.665471 0.465654 0.656426 0.467193 0.654681 0.466949 0.644017
0 0.154198 0.694657 0.154917 0.721403 0.150138 0.721311 0.145501 0.726567 0.145549 0.728350 0.144003 0.730101 0.144052 0.731883 0.142507 0.733635 0.142555 0.735418 0.141010 0.737169 0.141059 0.738950 0.139513 0.740702 0.139561 0.742484 0.136471 0.745988 0.136519 0.747769 0.134974 0.749520 0.133380 0.749490 0.130290 0.752995 0.127103 0.752935 0.125558 0.754686 0.123915 0.752874 0.122320 0.752844 0.120678 0.751032 0.109517 0.750821 0.107971 0.752574 0.103187 0.752484 0.101641 0.754235 0.095260 0.754115 0.093714 0.755867 0.092069 0.754055 0.087283 0.753965 0.085637 0.752152 0.084041 0.752122 0.079104 0.746682 0.079004 0.743115 0.077359 0.741301 0.077060 0.730597 0.075413 0.728783 0.075114 0.718076 0.073467 0.716261 0.073367 0.712690 0.071720 0.710874 0.071620 0.707303 0.069973 0.705486 0.069624 0.692987
0 0.924050 0.038154 0.924290 0.052497 0.918011 0.052309 0.914931 0.055801 0.915022 0.061179 0.882037 0.060199 0.881913 0.053025 0.873897 0.043820 0.869179 0.043679 0.869054 0.036501
0 0.766234 0.344784 0.766872 0.378653 0.748018 0.378186 0.747916 0.372838 0.741492 0.365550 0.736775 0.365432 0.736363 0.344028
0 0.663096 0.534520 0.663599 0.559396 0.658883 0.559292 0.655809 0.562776 0.655918 0.568105 0.644911 0.567865 0.644802 0.562535 0.636753 0.553477 0.636717 0.551699 0.635107 0.549888 0.635070 0.548110 0.633460 0.546297 0.633424 0.544519 0.631813 0.542706 0.627091 0.542601 0.626907 0.533710
0 0.741902 0.386941 0.742414 0.413663 0.725127 0.413244 0.723520 0.411424 0.720375 0.411348 0.717161 0.407708 0.715588 0.407670 0.713981 0.405849 0.712408 0.405811 0.710801 0.403991 0.706082 0.403876 0.705732 0.386050
0 0.037838 0.189139 0.039216 0.237977 0.034389 0.237848 0.032730 0.235998 0.031122 0.235955 0.027800 0.232253 0.026192 0.232210 0.022871 0.228507 0.021262 0.228464 0.016278 0.222907 0.014668 0.222864 0.011344 0.219160 0.009734 0.219117 0.008073 0.217264 0.006462 0.217220 0.003137 0.213514 0.001526 0.213470 0.000000 0.211616 0.000000 0.211573 0.000000 0.188036
0 0.112794 0.579506 0.113431 0.602771 0.107041 0.602636 0.105492 0.604390 0.103894 0.604357 0.102345 0.606112 0.095953 0.605977 0.094305 0.604154 0.092706 0.604120 0.089411 0.600474 0.083015 0.600338 0.082419 0.578853
0 0.863894 0.190319 0.864365 0.217126 0.843958 0.216569 0.843863 0.211207 0.839055 0.205716 0.834342 0.205587 0.834053 0.189492
0 0.036816 0.152922 0.037582 0.180088 0.029534 0.179867 0.027974 0.181632 0.024754 0.181544 0.023196 0.183311 0.016753 0.183134 0.015194 0.184900 0.000000 0.184414 0.000000 0.151797
0 0.710721 0.719790 0.711103 0.739231 0.704838 0.739110 0.703306 0.740847 0.703411 0.746148 0.687743 0.745848 0.687637 0.740546 0.686035 0.738749 0.681333 0.738658 0.680942 0.719208
0 0.687881 0.199773 0.688272 0.219480 0.681961 0.219308 0.681854 0.213935 0.680240 0.212099 0.677083 0.212013 0.673855 0.208344 0.672276 0.208301 0.669047 0.204629 0.664310 0.204499 0.664202 0.199122
0 0.706532 0.185958 0.707198 0.219995 0.700891 0.219823 0.700785 0.214451 0.697560 0.210783 0.695982 0.210739 0.691143 0.205235 0.691073 0.201652 0.689460 0.199816 0.689424 0.198025 0.690966 0.196276 0.690931 0.194483 0.692473 0.192735 0.692331 0.185565
0 0.843792 0.469440 0.836511 0.465762 0.824114 0.464301 0.823211 0.471297 0.834638 0.476238 0.840825 0.476382
0 0.630657 0.660977 0.626927 0.680735 0.619084 0.701569 0.609174 0.722356 0.598281 0.745450 0.586282 0.765024 0.580269 0.774228 0.573098 0.777587 0.585941 0.797613 0.604535 0.796790 0.619800 0.785437 0.621528 0.769179 0.631142 0.734433 0.638019 0.717092 0.657328 0.701161 0.668462 0.689728 0.661952 0.674443 0.651445 0.666067 0.638935 0.661146
0 0.591248 0.949840 0.582815 0.941590 0.576791 0.949609 0.568876 0.965712 0.573008 0.965777 0.587490 0.967163
0 0.229138 0.468023 0.168059 0.502008 0.210407 0.514755 0.229398 0.518717
0 0.230096 0.464505 0.155421 0.422595 0.162265 0.481817 0.195855 0.480230
0 0.224404 0.039776 0.222446 0.045679 0.214429 0.062132 0.219956 0.071826 0.246369 0.073790 0.254807 0.074037 0.251310 0.060831 0.235116 0.046054 0.230832 0.043543
0 0.664658 0.037464 0.647177 0.048791 0.660847 0.055120 0.673208 0.048381
0 0.687436 0.031039 0.680357 0.041487 0.667737 0.035186 0.667642 0.030444
