0 0.890027 0.563447 0.891894 0.570500 0.900525 0.576876 0.907294 0.576202 0.914278 0.602628 0.907513 0.603293 0.906287 0.605220 0.907683 0.610497 0.895857 0.611657 0.894460 0.606383 0.890150 0.603198 0.888461 0.603365 0.879845 0.596997 0.878157 0.597163 0.873849 0.593980 0.872163 0.594147 0.870009 0.592556 0.868322 0.592723 0.866169 0.591131 0.864484 0.591298 0.862330 0.589706 0.860645 0.589873 0.858492 0.588283 0.856806 0.588450 0.854654 0.586859 0.849600 0.587361 0.846323 0.575051 0.851378 0.574546 0.852595 0.572618 0.851190 0.567337
0 0.788794 0.858605 0.790188 0.863762 0.794432 0.866909 0.796089 0.866763 0.798212 0.868336 0.799869 0.868191 0.804113 0.871338 0.805771 0.871193 0.807894 0.872767 0.814531 0.872187 0.820554 0.894521 0.813921 0.895095 0.812726 0.896954 0.811069 0.897097 0.809875 0.898957 0.811265 0.904102 0.781478 0.906667 0.780085 0.901529 0.775852 0.898387 0.774199 0.898530 0.765731 0.892249 0.760777 0.892679 0.752395 0.861812
0 0.724305 0.435359 0.735229 0.475993 0.705091 0.479143 0.703665 0.473857 0.697221 0.469095 0.695550 0.469271 0.686960 0.462921 0.685290 0.463097 0.683142 0.461511 0.678131 0.462039 0.672407 0.440876
0 0.922281 0.340699 0.927447 0.360426 0.920607 0.361168 0.914412 0.371049 0.915820 0.376418 0.900459 0.378076 0.899049 0.372711 0.894697 0.369502 0.892991 0.369687 0.886464 0.364875 0.881352 0.365429 0.876168 0.345744
0 0.773272 0.437444 0.774693 0.442760 0.776850 0.444352 0.781905 0.443818 0.790887 0.477447 0.769017 0.479726 0.767597 0.474426 0.763290 0.471243 0.761609 0.471419 0.757302 0.468237 0.755622 0.468413 0.749162 0.463641 0.747482 0.463818 0.745330 0.462227 0.743650 0.462403 0.735041 0.456042 0.734091 0.452507 0.731938 0.450918 0.729562 0.442077
0 0.675534 0.124136 0.683263 0.153003 0.676498 0.153805 0.672876 0.159810 0.667807 0.160409 0.665634 0.158808 0.663945 0.159008 0.662740 0.161009 0.659364 0.161408 0.658159 0.163407 0.659609 0.168804 0.641061 0.170991 0.629918 0.129598
0 0.983145 0.705836 0.995565 0.753061 0.973586 0.755078 0.972205 0.749843 0.970055 0.748252 0.968365 0.748408 0.961918 0.743639 0.960230 0.743795 0.953784 0.739028 0.952097 0.739184 0.947799 0.736004 0.946112 0.736161 0.941816 0.732983 0.936758 0.733452 0.930750 0.710751
0 0.467647 0.555863 0.469094 0.561072 0.473329 0.564208 0.474965 0.564042 0.479199 0.567180 0.480835 0.567013 0.482954 0.568583 0.484590 0.568417 0.486709 0.569987 0.488345 0.569821 0.492581 0.572959 0.494219 0.572793 0.496337 0.574363 0.497975 0.574197 0.500094 0.575767 0.501732 0.575602 0.505971 0.578741 0.507609 0.578575 0.509728 0.580146 0.511368 0.579980 0.513488 0.581551 0.515127 0.581386 0.517247 0.582956 0.518887 0.582790 0.523128 0.585932 0.524769 0.585767 0.529009 0.588909 0.530650 0.588743 0.534892 0.591886 0.536534 0.591721 0.540775 0.594864 0.542418 0.594699 0.544539 0.596270 0.546182 0.596106 0.550426 0.599250 0.557000 0.598592 0.561782 0.615952 0.527319 0.619375 0.525881 0.614177 0.523764 0.612607 0.522126 0.612770 0.520007 0.611201 0.516731 0.611528 0.514615 0.609959 0.512977 0.610122 0.506625 0.605415 0.504989 0.605579 0.502872 0.604010 0.499599 0.604338 0.497483 0.602769 0.495848 0.602933 0.493731 0.601364 0.492096 0.601528 0.489980 0.599960 0.485076 0.600452 0.482961 0.598884 0.481326 0.599048 0.474982 0.594345 0.473348 0.594510 0.471234 0.592942 0.469600 0.593106 0.467487 0.591540 0.465855 0.591704 0.463740 0.590137 0.462107 0.590302 0.457881 0.587168 0.456249 0.587333 0.454135 0.585766 0.452504 0.585931 0.446164 0.581232 0.439644 0.581892 0.433361 0.559371
0 0.792042 0.140114 0.797305 0.160030 0.790480 0.160833 0.789252 0.162842 0.784137 0.163444 0.782912 0.165452 0.770986 0.166853 0.769762 0.168859 0.757851 0.170257 0.755670 0.168652 0.753970 0.168852 0.751791 0.167246 0.750090 0.167446 0.745731 0.164235 0.745251 0.162430 0.740891 0.159218 0.735794 0.159819 0.740891 0.159218 0.742110 0.157212 0.741629 0.155407 0.742849 0.153399 0.740927 0.146171
0 0.873428 0.235015 0.878637 0.254855 0.873504 0.255437 0.872267 0.257433 0.870558 0.257626 0.868085 0.261616 0.866376 0.261809 0.865140 0.263803 0.860015 0.264382 0.857833 0.262774 0.854418 0.263160 0.843511 0.255126 0.838392 0.255706 0.834117 0.239499
0 0.904225 0.518471 0.906094 0.525550 0.908257 0.527148 0.909952 0.526976 0.933754 0.544548 0.940550 0.543863 0.947524 0.570384 0.942429 0.570891 0.941035 0.565593 0.936709 0.562398 0.935012 0.562568 0.926362 0.556180 0.924666 0.556351 0.918179 0.551561 0.916483 0.551732 0.914322 0.550135 0.912627 0.550305 0.908303 0.547113 0.906608 0.547284 0.902286 0.544092 0.900593 0.544263 0.898431 0.542668 0.896737 0.542839 0.894577 0.541243 0.892884 0.541414 0.886403 0.536628 0.884711 0.536799 0.882550 0.535204 0.880859 0.535375 0.872220 0.528995 0.870347 0.521926
0 0.977353 0.590987 0.979204 0.598049 0.987860 0.604441 0.988323 0.606206 0.992651 0.609402 0.999461 0.608736 1.000000 0.652804 1.000000 0.653293 1.000000 0.660982 1.000000 0.666256 0.987030 0.667714 0.985184 0.660685 0.983025 0.659091 0.982102 0.655575 0.979944 0.653980 0.977634 0.645187 0.975474 0.643592 0.968537 0.617183 0.966376 0.615586 0.961284 0.616084 0.955258 0.593166
0 0.836293 0.386835 0.845257 0.420671 0.811402 0.424273 0.809984 0.418944 0.805658 0.415751 0.803967 0.415931 0.801805 0.414334 0.796737 0.414876 0.790581 0.391766
0 0.567861 0.502492 0.569301 0.507740 0.577829 0.514052 0.579482 0.513880 0.585878 0.518614 0.587531 0.518443 0.591796 0.521599 0.593451 0.521429 0.597717 0.524585 0.599372 0.524415 0.603639 0.527572 0.605294 0.527402 0.609561 0.530559 0.611216 0.530389 0.615484 0.533547 0.617141 0.533377 0.621409 0.536536 0.623067 0.536366 0.627335 0.539525 0.628993 0.539356 0.633263 0.542515 0.634921 0.542346 0.637056 0.543926 0.643692 0.543249 0.648454 0.560736 0.638505 0.561744 0.637323 0.563658 0.634009 0.563994 0.631649 0.567821 0.633078 0.573058 0.631649 0.567821 0.627385 0.564665 0.625728 0.564832 0.612936 0.555364 0.611283 0.555532 0.602756 0.549222 0.601103 0.549391 0.598971 0.547814 0.597319 0.547982 0.590927 0.543250 0.589274 0.543419 0.582882 0.538689 0.581231 0.538858 0.572711 0.532552 0.571061 0.532721 0.558283 0.523262 0.556634 0.523433 0.550247 0.518705 0.543654 0.519388 0.539808 0.505413
0 0.688072 0.196996 0.695290 0.223933 0.681789 0.225491 0.680345 0.220110 0.673842 0.215315 0.673360 0.213520 0.666855 0.208725 0.666373 0.206930 0.664204 0.205331 0.662757 0.199947
0 0.283048 0.075459 0.297494 0.127154 0.289288 0.128152 0.288146 0.130131 0.284865 0.130529 0.282727 0.128950 0.281088 0.129149 0.276814 0.125992 0.271897 0.126590 0.268906 0.115917 0.273824 0.115316 0.274966 0.113336 0.273470 0.107996 0.274611 0.106014 0.271119 0.093542 0.272260 0.091558 0.268266 0.077290
0 0.081629 0.425544 0.087112 0.444530 0.082337 0.445050 0.081243 0.446947 0.082737 0.452118 0.068425 0.453672 0.066430 0.446781 0.060166 0.442130 0.055400 0.442650 0.051404 0.428860
0 0.912553 0.798051 0.913938 0.803256 0.918217 0.806423 0.919895 0.806272 0.922035 0.807856 0.925391 0.807555 0.927531 0.809138 0.934250 0.808536 0.940692 0.832812 0.933977 0.833407 0.932758 0.835288 0.927726 0.835734 0.925292 0.839493 0.926673 0.844684 0.901551 0.846900 0.900168 0.841714 0.895900 0.838553 0.892555 0.838849 0.890420 0.837268 0.888748 0.837416 0.880214 0.831096 0.878544 0.831245 0.870012 0.824924 0.865001 0.825372 0.858982 0.802884
0 0.703647 0.098357 0.708957 0.118267 0.693687 0.120097 0.691755 0.112865 0.685218 0.108051 0.680134 0.108663 0.678199 0.101429
0 0.582960 0.370541 0.590184 0.397035 0.566934 0.399559 0.565487 0.394270 0.556922 0.387938 0.554991 0.380882 0.552849 0.379298 0.551400 0.374004
0 0.742702 0.374992 0.748886 0.398089 0.742153 0.398814 0.740947 0.400771 0.737582 0.401133 0.736376 0.403088 0.734694 0.403269 0.732537 0.401676 0.720775 0.402943 0.718618 0.401351 0.715260 0.401713 0.706639 0.395347 0.704961 0.395529 0.702806 0.393937 0.702329 0.392164 0.700174 0.390572 0.699696 0.388799 0.697541 0.387208 0.692509 0.387754 0.690598 0.380660
0 0.464126 0.310902 0.469487 0.330333 0.452990 0.332180 0.451527 0.326886 0.447255 0.323728 0.442311 0.324283 0.439382 0.313694
0 0.310447 0.270167 0.315877 0.289541 0.306083 0.290662 0.304601 0.285383 0.298224 0.280666 0.297730 0.278905 0.295605 0.277333 0.294122 0.272050
0 0.902529 0.518644 0.903930 0.523953 0.910419 0.528745 0.912116 0.528573 0.933754 0.544548 0.940550 0.543863 0.947524 0.570384 0.942429 0.570891 0.941035 0.565593 0.932385 0.559204 0.930687 0.559374 0.924200 0.554583 0.922503 0.554753 0.916017 0.549964 0.914322 0.550135 0.912160 0.548538 0.910465 0.548709 0.908303 0.547113 0.906608 0.547284 0.900126 0.542496 0.898431 0.542668 0.896270 0.541071 0.894577 0.541243 0.892417 0.539646 0.890723 0.539818 0.886403 0.536628 0.884711 0.536799 0.882550 0.535204 0.880859 0.535375 0.874379 0.530591 0.869306 0.531106 0.866963 0.522272
0 0.454364 0.275515 0.459248 0.293218 0.446039 0.294719 0.443901 0.293139 0.442251 0.293326 0.437974 0.290164 0.433027 0.290727 0.429602 0.278348
0 0.110792 0.343587 0.115284 0.359233 0.104077 0.360494 0.093580 0.352710 0.088784 0.353252 0.086783 0.346303
0 0.863128 0.302899 0.866909 0.317256 0.860090 0.318011 0.858859 0.319993 0.857155 0.320181 0.855923 0.322161 0.852518 0.322538 0.850057 0.326497 0.851476 0.331870 0.842968 0.332807 0.841549 0.327436 0.832851 0.321024 0.827751 0.321589 0.827277 0.319797 0.832377 0.319233 0.836059 0.313293 0.834163 0.306122
0 0.014345 0.261136 0.021907 0.287265 0.017125 0.287820 0.015613 0.282599 0.011418 0.279489 0.009824 0.279674 0.003533 0.275009 0.003028 0.273268 0.000930 0.271712 0.000000 0.263004
0 0.683284 0.100815 0.688601 0.120707 0.663207 0.123750 0.657880 0.103881
0 0.316371 0.291301 0.320808 0.307133 0.312649 0.308061 0.311510 0.310003 0.296840 0.311670 0.291901 0.294100
0 0.325498 0.275711 0.342730 0.337282 0.332934 0.338382 0.326537 0.315551 0.327677 0.313609 0.319791 0.285459 0.320932 0.283510 0.318958 0.276463
0 1.000000 0.927050 0.959516 0.950793 0.978141 0.960557 0.991070 0.967712 1.000000 0.943908 1.000000 0.931095 1.000000 0.926206
0 0.924444 0.727655 0.903209 0.727541 0.882617 0.722140 0.878893 0.730851 0.892486 0.732722 0.912541 0.736085 0.923922 0.737121
0 0.890349 0.736055 0.874963 0.731218 0.863348 0.729167 0.853539 0.730082 0.859366 0.736846 0.874191 0.739644
0 0.859043 0.724345 0.776825 0.687178 0.766186 0.699681 0.782737 0.705417 0.806532 0.715697 0.834700 0.723490
0 0.818382 0.718757 0.725618 0.689979 0.668816 0.678744 0.659978 0.697289 0.681951 0.708716 0.735672 0.723403 0.764126 0.729059 0.806682 0.738621
0 0.622361 0.646761 0.522193 0.609724 0.511810 0.614929 0.512139 0.623228 0.531080 0.627599 0.613135 0.652876
0 0.553691 0.702256 0.535340 0.699872 0.520995 0.701247 0.520763 0.707476 0.534306 0.710319 0.551411 0.711793 0.559353 0.712071
0 0.588841 0.715479 0.489111 0.706370 0.482277 0.720444 0.489390 0.724925 0.580259 0.730783 0.592329 0.731713
0 0.480375 0.720625 0.440331 0.710012 0.419394 0.704803 0.408390 0.714101 0.413202 0.720846 0.427305 0.722588 0.443597 0.725156 0.476068 0.726190
0 0.444159 0.727161 0.395515 0.723562 0.383714 0.719549 0.379179 0.724094 0.386157 0.731649 0.404568 0.735036 0.440613 0.738818 0.445353 0.738370
0 0.392807 0.700151 0.357397 0.708706 0.341667 0.711249 0.340261 0.716518 0.351748 0.719525 0.377672 0.722183 0.397123 0.722381
0 0.361264 0.725804 0.341111 0.719519 0.319861 0.719503 0.289359 0.717303 0.274741 0.716659 0.280395 0.726359 0.310122 0.732736 0.339621 0.738125 0.352132 0.737961 0.365313 0.736709 0.365598 0.727445
0 0.334219 0.698607 0.331292 0.691689 0.309378 0.692790 0.298763 0.692791 0.300100 0.700879 0.317572 0.701244
0 0.332246 0.701880 0.338096 0.715700 0.322023 0.720320 0.311781 0.718226 0.286632 0.714491 0.256484 0.713297 0.235083 0.712292 0.232151 0.705408 0.242135 0.703417 0.265141 0.703239 0.300298 0.704966 0.325094 0.700516
0 0.261113 0.702602 0.258709 0.687448 0.248862 0.683277 0.239436 0.687278 0.231886 0.691090 0.216523 0.697711 0.206559 0.699702 0.208562 0.706671 0.224689 0.706131 0.256723 0.704054
0 0.259127 0.719186 0.240889 0.715825 0.212997 0.715446 0.186806 0.710824 0.161453 0.712257 0.154677 0.711894 0.155625 0.725062 0.181170 0.727703 0.209625 0.727011 0.236278 0.726495 0.253646 0.726875 0.262340 0.727066
0 0.206347 0.695627 0.189019 0.695270 0.160572 0.695999 0.134969 0.696454 0.119239 0.697991 0.098625 0.698986 0.097873 0.706194 0.111951 0.708901 0.127315 0.709447 0.151322 0.710179 0.181231 0.711364 0.200398 0.711553 0.203261 0.708207 0.206559 0.699702
0 0.132831 0.695643 0.126950 0.681915 0.122094 0.678304 0.104519 0.680035 0.089740 0.681491 0.065422 0.685927 0.053058 0.692237 0.062444 0.698448 0.090665 0.697724 0.122363 0.695644
0 0.097762 0.679680 0.081538 0.659824 0.067064 0.662287 0.051687 0.664837 0.032025 0.668832 0.030041 0.678205 0.035695 0.687836 0.052769 0.691248 0.079480 0.688624 0.099898 0.680491
0 0.119991 0.644727 0.111026 0.630241 0.089385 0.634470 0.052579 0.648400 0.031785 0.664775 0.043642 0.669718 0.072544 0.664808 0.097015 0.654191
0 0.158856 0.603810 0.147590 0.594653 0.137869 0.600796 0.120955 0.611775 0.097250 0.625473 0.084527 0.630858 0.082566 0.637204 0.089963 0.636461 0.109810 0.629336 0.128259 0.617203 0.155996 0.607192
0 0.103621 0.614560 0.097659 0.603861 0.076540 0.613201 0.073421 0.615570 0.059746 0.624133 0.050125 0.630229 0.049337 0.640543 0.052974 0.643247 0.065704 0.634803 0.086202 0.623510 0.094878 0.620580
0 0.193872 0.565120 0.180702 0.556131 0.170284 0.563417 0.161102 0.571598 0.150424 0.577861 0.136615 0.586498 0.119117 0.595499 0.113195 0.598163 0.114809 0.610342 0.116953 0.611153 0.141301 0.599415 0.149452 0.594463 0.172028 0.582870
0 0.207503 0.528455 0.197403 0.533663 0.177529 0.545067 0.160860 0.554048 0.146380 0.563819 0.161746 0.570500 0.175670 0.558722 0.194591 0.547438 0.209157 0.537625
0 0.731595 0.630842 0.714769 0.624107 0.682956 0.613618 0.640810 0.605225 0.632091 0.606092 0.633351 0.614340 0.651350 0.621977 0.680729 0.634779 0.701678 0.642148 0.719872 0.646653 0.729627 0.638370
0 0.666580 0.597417 0.594455 0.544848 0.583969 0.550121 0.570477 0.558844 0.604353 0.570095 0.628325 0.588656 0.648840 0.605473 0.664227 0.614422 0.671855 0.609475
0 0.723430 0.674535 0.628713 0.648227 0.614545 0.665241 0.724372 0.689056 0.728261 0.688685 0.725651 0.675365
0 0.390629 0.398861 0.431301 0.459855 0.428501 0.467517 0.425704 0.475176 0.371492 0.400954
0 0.383454 0.394362 0.335520 0.328754 0.333043 0.337514 0.342618 0.357628 0.370249 0.400035
0 0.141414 0.551424 0.129082 0.549114 0.109655 0.552931 0.088113 0.556965 0.079088 0.562081 0.082113 0.572507 0.086206 0.573278 0.104802 0.572550 0.133605 0.564797 0.140521 0.559895
