0 0.892851 0.506389 0.906488 0.525766 0.904822 0.550277 0.895363 0.563716 0.878111 0.566082 0.869111 0.541348 0.871147 0.511389 0.875785 0.506031
0 0.816449 0.687526 0.822848 0.687660 0.839271 0.728914 0.837975 0.747978 0.831020 0.756015 0.822857 0.750389 0.810885 0.706501
0 0.868220 0.805888 0.872117 0.811424 0.871006 0.827765 0.851163 0.868260 0.840497 0.868037 0.821014 0.840355 0.816466 0.812986 0.821102 0.807629
0 1.000000 0.712350 1.000000 0.719940 1.000000 0.716860 0.994809 0.672166 0.987201 0.658370 0.988312 0.642029 0.999163 0.639529 1.000000 0.653638 1.000000 0.662746 1.000000 0.641538
0 0.817136 0.960280 0.815099 0.990238 0.804248 0.992738 0.800351 0.987202 0.801462 0.970861 0.808602 0.960101
0 0.747936 0.249707 0.779380 0.258548 0.809441 0.319179 0.813249 0.357443 0.788116 0.381463 0.777635 0.378517 0.752308 0.342530 0.743766 0.279621
0 0.546936 0.880984 0.552040 0.900184 0.548893 0.946483 0.543515 0.962735 0.522465 0.989568 0.486198 0.988809 0.472377 0.972155 0.463746 0.941973 0.469397 0.890270
0 0.305194 0.665914 0.315860 0.666137 0.333764 0.685605 0.338683 0.707527 0.336647 0.737485 0.332009 0.742843 0.317447 0.737083 0.298062 0.739405 0.287951 0.731011 0.295179 0.687524
0 0.675411 0.970950 0.682093 0.998364 0.677183 1.000000 0.656132 1.000000 0.617546 1.000000 0.616057 1.000000 0.660292 0.973361
0 0.716897 0.486341 0.757897 0.511746 0.775616 0.533936 0.770706 0.574745 0.752343 0.593452 0.741862 0.590505 0.726462 0.565635 0.713653 0.502638
0 0.848201 0.911837 0.877512 0.920633 0.929557 1.000000 0.926498 1.000000 0.902759 1.000000 0.894877 1.000000 0.879944 1.000000 0.854891 1.000000 0.842082 0.938983 0.843563 0.917195
0 0.801630 0.182646 0.847452 0.199969 0.850238 0.221846 0.835216 0.254262 0.826498 0.256807 0.816572 0.245689 0.798386 0.198942
0 0.851648 0.358247 0.885411 0.364408 0.899603 0.375615 0.897752 0.402850 0.882546 0.437987 0.876146 0.437853 0.852485 0.377356
