0 0.029517 0.681624 0.030995 0.681793 0.038283 0.686162 0.041235 0.686751 0.051789 0.693449 0.058396 0.695845 0.058263 0.700124 0.053390 0.701651 0.048565 0.701669 0.040796 0.700845 0.037496 0.699521 0.034592 0.697421 0.028134 0.690244 0.026741 0.687307 0.026487 0.683552
0 0.221962 0.830953 0.224083 0.834352 0.224361 0.837351 0.223140 0.852744 0.215551 0.870000 0.212072 0.874464 0.210174 0.875826 0.206037 0.877564 0.201938 0.878043 0.198980 0.877705 0.195246 0.878416 0.187739 0.881096 0.171325 0.883768 0.160550 0.884116 0.152037 0.883334 0.144308 0.881251 0.140296 0.878962 0.136742 0.873884 0.133725 0.863500 0.132660 0.849992 0.135111 0.842821 0.137822 0.839153 0.141983 0.836661 0.146119 0.834923 0.154695 0.833691 0.164425 0.831140 0.187903 0.828074 0.204991 0.827625 0.211646 0.828511 0.216470 0.828494
0 0.099602 0.948469 0.093866 0.952147 0.086842 0.954553 0.082965 0.951637 0.085707 0.948572 0.095329 0.947590 0.102285 0.947202 0.101425 0.942997 0.087668 0.938611 0.078455 0.937109 0.069833 0.937813 0.062009 0.944741 0.059430 0.953170 0.063240 0.958332 0.071682 0.963458 0.081902 0.964456 0.090520 0.963976 0.097244 0.960470 0.100752 0.954003 0.100532 0.950435
0 0.407127 0.972120 0.397564 0.974659 0.392109 0.978573 0.397352 0.981493 0.406814 0.982169 0.416442 0.977621 0.423151 0.971631 0.423389 0.963991 0.414059 0.958894 0.401651 0.957580 0.390271 0.961421 0.388944 0.965909 0.390600 0.969829 0.398322 0.969399 0.404297 0.967863 0.410185 0.969141
0 0.518042 0.650237 0.516975 0.655991 0.506586 0.662564 0.491477 0.664305 0.480557 0.659518 0.476864 0.650131 0.487807 0.639930 0.500258 0.638340 0.511214 0.641926 0.512415 0.646055 0.504883 0.646174 0.498172 0.648347 0.498051 0.652248 0.503318 0.653754 0.510049 0.650982 0.513163 0.650510
0 0.375552 0.725926 0.379454 0.731740 0.382146 0.740634 0.383391 0.748353 0.383427 0.759155 0.378436 0.764457 0.372781 0.767284 0.355917 0.772494 0.316023 0.778233 0.307092 0.778981 0.299687 0.778387 0.291664 0.773809 0.288078 0.769738 0.287041 0.767284 0.285432 0.759333 0.284630 0.749329 0.285300 0.739744 0.287648 0.735845 0.289167 0.734755 0.291785 0.734107 0.294078 0.731970 0.301198 0.729814 0.304552 0.729376 0.308317 0.727659 0.313143 0.727642 0.322841 0.726097 0.336598 0.725331 0.343701 0.723680 0.352245 0.723455 0.357095 0.722683 0.372268 0.724099
0 0.357623 0.669894 0.363588 0.669059 0.373618 0.668752 0.388041 0.670461 0.394276 0.672878 0.400201 0.673302 0.404671 0.672802 0.412803 0.673856 0.421657 0.675625 0.425305 0.677684 0.430099 0.678673 0.435187 0.682158 0.437617 0.687550 0.435754 0.699713 0.432212 0.706191 0.431328 0.710763 0.428592 0.715186 0.420558 0.722919 0.414901 0.725747 0.407449 0.726664 0.398170 0.726678 0.383051 0.723499 0.375251 0.723682 0.371208 0.722400 0.354570 0.720311 0.352006 0.719198 0.346817 0.718984 0.344269 0.717368 0.343208 0.715668 0.336625 0.712516 0.335436 0.703036 0.336692 0.698444 0.339830 0.692993 0.340677 0.689680 0.345389 0.681378 0.348456 0.678192 0.349271 0.675885 0.351921 0.674231 0.353091 0.672407
0 0.360739 0.569727 0.364022 0.571554 0.372472 0.574350 0.376738 0.580393 0.376875 0.587923 0.375611 0.592766 0.371263 0.601300 0.369728 0.602893 0.367705 0.608281 0.365420 0.610167 0.363458 0.613542 0.360414 0.615972 0.357407 0.617146 0.354347 0.620079 0.349095 0.621879 0.347577 0.622969 0.340511 0.623362 0.336081 0.622604 0.331596 0.623607 0.329761 0.622955 0.324191 0.623014 0.319769 0.622004 0.319436 0.620767 0.315401 0.619232 0.311800 0.615664 0.310771 0.612958 0.308580 0.611823 0.307675 0.605091 0.308654 0.597499 0.309436 0.596199 0.312791 0.595761 0.312513 0.592762 0.313366 0.589197 0.319448 0.584587 0.324810 0.579264 0.327444 0.578112 0.332015 0.574341 0.337307 0.571283 0.345170 0.569085 0.353349 0.568630
0 0.424726 0.553101 0.425771 0.555304 0.425622 0.560085 0.424033 0.563440 0.419462 0.567212 0.409693 0.571022 0.398507 0.572649 0.388096 0.573229 0.375161 0.571437 0.372233 0.570092 0.369748 0.566461 0.369106 0.563231 0.369619 0.558680 0.372742 0.553733 0.376531 0.551260 0.388531 0.547327 0.398609 0.545509 0.408663 0.544447 0.416409 0.546026 0.420785 0.548546
0 0.415220 0.464942 0.424025 0.468220 0.429121 0.471455 0.431622 0.474581 0.433270 0.481273 0.433121 0.486054 0.429920 0.493519 0.425681 0.498528 0.423023 0.500435 0.421427 0.504042 0.419528 0.505403 0.418350 0.507479 0.413368 0.512529 0.407348 0.515125 0.403994 0.515563 0.401407 0.515205 0.397626 0.517425 0.390531 0.518825 0.385744 0.517584 0.382018 0.518043 0.377650 0.515271 0.373932 0.515478 0.372848 0.514534 0.370261 0.514175 0.369169 0.513482 0.368860 0.511490 0.365925 0.510397 0.364911 0.507187 0.365060 0.502405 0.366230 0.500581 0.367337 0.500771 0.368351 0.503980 0.372742 0.505998 0.373059 0.507739 0.374896 0.508390 0.376050 0.507070 0.374704 0.502622 0.372582 0.499223 0.372708 0.495196 0.370926 0.492783 0.369780 0.493852 0.368919 0.497668 0.367392 0.499009 0.364789 0.499154 0.364077 0.498189 0.364156 0.495672 0.366108 0.492549 0.366234 0.488521 0.367017 0.487222 0.368528 0.486384 0.372386 0.481647 0.377686 0.478337 0.387588 0.470248 0.399983 0.465539 0.407806 0.464601
0 0.298247 0.442812 0.306674 0.446363 0.311761 0.449848 0.312086 0.451337 0.314247 0.453478 0.315917 0.459415 0.314181 0.467551 0.310709 0.471764 0.306145 0.475284 0.302372 0.477253 0.296748 0.479074 0.285214 0.479967 0.272682 0.477147 0.269770 0.475299 0.268353 0.473117 0.268192 0.466343 0.266357 0.465691 0.264948 0.463257 0.265167 0.456210 0.267515 0.452311 0.274729 0.447135 0.281871 0.444226 0.284862 0.443557
0 0.785001 0.187341 0.793298 0.183111 0.804818 0.182721 0.819223 0.184934 0.824746 0.186385 0.847826 0.196155 0.862206 0.211183 0.871039 0.225514 0.871704 0.227989 0.871183 0.232792 0.866953 0.237549 0.862436 0.239559 0.857966 0.240059 0.846472 0.239694 0.837967 0.238660 0.828038 0.235696 0.814864 0.229646 0.799584 0.219693 0.797812 0.217028 0.792755 0.212535 0.784547 0.201938 0.781785 0.195308 0.782281 0.191261
0 0.058637 0.127277 0.073168 0.125462 0.083935 0.125366 0.089860 0.125790 0.094253 0.127807 0.100996 0.137732 0.102628 0.144927 0.106244 0.147992 0.106001 0.155793 0.104831 0.157618 0.102553 0.159252 0.096558 0.161093 0.089011 0.165031 0.081892 0.167185 0.077051 0.167706 0.073000 0.166675 0.068926 0.166400 0.061583 0.163794 0.055736 0.160853 0.052049 0.160054 0.049865 0.158667 0.048844 0.155709 0.048602 0.139643 0.050981 0.134738 0.055599 0.129456
0 0.148670 0.239845 0.161714 0.238114 0.176531 0.239048 0.181659 0.241275 0.192801 0.252966 0.196688 0.259281 0.196469 0.266329 0.193369 0.270521 0.177968 0.276402 0.175682 0.278288 0.166689 0.281051 0.158912 0.280479 0.155969 0.279637 0.147961 0.274556 0.143879 0.274532 0.139851 0.272746 0.138086 0.269830 0.136763 0.264627 0.136596 0.258104 0.137511 0.252526 0.140681 0.246068 0.143750 0.242883
1 0.000000 0.238336 0.000000 0.239490 0.000000 0.240942 0.000000 0.242958 0.000000 0.244537 0.000000 0.246092 0.000000 0.246137 0.000000 0.251301 0.000000 0.252501 0.000000 0.254076 0.000000 0.258492 0.000000 0.262653 0.000000 0.262867 0.000000 0.266352 0.000000 0.271967 0.000000 0.272243 0.002857 0.273840 0.004280 0.275770 0.007620 0.275836 0.009067 0.277011 0.009822 0.288526 0.008148 0.294649 0.010911 0.301278 0.013404 0.304658 0.013216 0.310697 0.008867 0.319230 0.011376 0.322106 0.012104 0.346435 0.013165 0.348135 0.012969 0.354427 0.014832 0.366131 0.015275 0.411581 0.016425 0.422320 0.016214 0.452983 0.014903 0.459337 0.016327 0.461268 0.016969 0.464499 0.016890 0.490883 0.018437 0.500846 0.017952 0.516450 0.016394 0.518798 0.017012 0.522783 0.012789 0.527290 0.008248 0.530055 0.000000 0.535792 0.000000 0.538285 0.000000 0.540963 0.000000 0.549552 0.000000 0.552169 0.000000 0.564902 0.000000 0.566157 0.000000 0.568881 0.000000 0.572311 0.000000 0.574197 0.000000 0.576521 0.000000 0.579204 0.000000 0.584230 0.000000 0.585989 0.000000 0.590095 0.000000 0.591936 0.000000 0.599811 0.000000 0.601025 0.000000 0.601170 0.000000 0.268706 0.000000 0.268603 0.000000 0.265690 0.000000 0.245562 0.000000 0.243152 0.000000 0.241077 0.000000 0.238332
1 0.956868 0.568703 0.962833 0.567869 0.980206 0.570168 0.982437 0.570044 0.981990 0.584389 0.980132 0.584493 0.972781 0.582137 0.968398 0.579869 0.960605 0.579800 0.956918 0.579001 0.955525 0.576064 0.955658 0.571785
1 0.935558 0.406583 0.940731 0.407300 0.950669 0.410014 0.969365 0.417515 0.975994 0.419155 0.985158 0.422916 0.987016 0.422813 0.985912 0.458300 0.984054 0.458403 0.972789 0.462547 0.968305 0.463551 0.952871 0.470439 0.947635 0.471735 0.940493 0.474646 0.929252 0.478035 0.923667 0.478597 0.917789 0.476664 0.915295 0.473284 0.914912 0.461749 0.916501 0.458394 0.916657 0.453361 0.917456 0.451558 0.917048 0.440777 0.918281 0.436940 0.917663 0.432955 0.919253 0.429600 0.921401 0.420185 0.924485 0.416496 0.927647 0.410289 0.930329 0.407628
1 0.877125 0.375918 0.879679 0.377284 0.884111 0.378042 0.890352 0.380207 0.897378 0.381072 0.903613 0.383489 0.913233 0.384461 0.924641 0.387594 0.928305 0.389149 0.940481 0.391486 0.943447 0.391572 0.965877 0.398364 0.971795 0.399039 0.976558 0.401035 0.981725 0.402004 0.985745 0.404041 0.987603 0.403937 0.987282 0.414256 0.984672 0.414653 0.982774 0.416015 0.982300 0.419307 0.985228 0.420651 0.987087 0.420548 0.983368 0.540094 0.981510 0.540198 0.978014 0.545165 0.969916 0.554912 0.964562 0.559984 0.962222 0.563631 0.957666 0.566899 0.953236 0.566141 0.945748 0.556258 0.942978 0.549879 0.938030 0.541864 0.929076 0.519499 0.919624 0.501182 0.915190 0.488616 0.908145 0.476447 0.895652 0.448501 0.890372 0.439247 0.878948 0.412749 0.876115 0.408385 0.874443 0.402448 0.867872 0.386986 0.865735 0.384090 0.866596 0.380273 0.869602 0.379101 0.872948 0.378914
0 0.192666 0.949409 0.196502 0.945427 0.201057 0.942158 0.204444 0.940714 0.217093 0.939758 0.220052 0.940096 0.232560 0.943672 0.243265 0.945588 0.248020 0.947836 0.259225 0.957513 0.259929 0.958730 0.259060 0.962798 0.246975 0.969500 0.239468 0.972180 0.226407 0.974414 0.215640 0.974511 0.211953 0.973711 0.207254 0.969701 0.192710 0.959959 0.190976 0.956035
0 0.266632 0.242072 0.270334 0.242369 0.277700 0.244220 0.282804 0.247202 0.285289 0.250832 0.285109 0.256620 0.281109 0.265888 0.278420 0.268801 0.270874 0.272738 0.264538 0.273594 0.249372 0.271925 0.245692 0.270874 0.241364 0.266844 0.240856 0.259335 0.241677 0.256777 0.245552 0.251537 0.250131 0.247514 0.257669 0.243828
0 0.307566 0.274465 0.312400 0.274196 0.318674 0.275354 0.322345 0.276657 0.327440 0.279891 0.329918 0.283773 0.329832 0.286542 0.331186 0.290737 0.334438 0.293571 0.333942 0.297618 0.331632 0.300259 0.322196 0.305307 0.314689 0.307986 0.309143 0.307290 0.302979 0.302608 0.294882 0.288487 0.294620 0.284984 0.295837 0.281650 0.300416 0.277627
0 0.898113 0.954109 0.901502 0.964472 0.901416 0.967241 0.900601 0.969547 0.897169 0.972502 0.886253 0.977380 0.880676 0.977691 0.869964 0.976026 0.866301 0.974471 0.863049 0.971638 0.861647 0.968952 0.862184 0.963646 0.864136 0.960522 0.866043 0.958909 0.875083 0.954637 0.883674 0.952903 0.894829 0.952282
0 0.403988 0.181666 0.412175 0.180959 0.419952 0.181531 0.434660 0.185989 0.445626 0.191408 0.454727 0.197182 0.460874 0.202368 0.464428 0.207446 0.469470 0.212441 0.470135 0.214916 0.469590 0.220475 0.465646 0.227980 0.458718 0.235903 0.445074 0.244953 0.437560 0.247883 0.429349 0.249346 0.424523 0.249364 0.414175 0.247929 0.403509 0.244754 0.394704 0.241476 0.386696 0.236395 0.378728 0.230054 0.374430 0.225018 0.373408 0.222060 0.373596 0.216019 0.375816 0.204338 0.379040 0.196120 0.382504 0.192159 0.388207 0.187820 0.394613 0.184700
0 0.310655 0.067775 0.325536 0.066695 0.333700 0.066743 0.341476 0.067315 0.349577 0.069376 0.353217 0.071686 0.360263 0.083856 0.365010 0.086355 0.368952 0.090909 0.369601 0.093888 0.368869 0.105486 0.364626 0.122555 0.361851 0.128237 0.356165 0.132071 0.339641 0.138266 0.332545 0.139666 0.322506 0.140225 0.303227 0.139540 0.296581 0.138402 0.288487 0.136089 0.280099 0.131280 0.278327 0.128615 0.278949 0.120541 0.281778 0.113097 0.285239 0.097327 0.287728 0.088898 0.291301 0.081413 0.298212 0.073994 0.304271 0.070140
0 0.125988 0.575256 0.143232 0.569774 0.150708 0.568102 0.168602 0.565599 0.178640 0.565040 0.188284 0.565257 0.210104 0.567811 0.213411 0.568883 0.220801 0.569979 0.232209 0.573112 0.254181 0.582693 0.255582 0.585378 0.257402 0.586533 0.260353 0.587122 0.263265 0.588970 0.266502 0.592308 0.271605 0.595290 0.279566 0.601881 0.289570 0.614389 0.294810 0.624901 0.298075 0.639291 0.297421 0.648372 0.292536 0.662210 0.283989 0.674495 0.278619 0.680069 0.268709 0.688410 0.256592 0.696119 0.247187 0.700159 0.242322 0.701435 0.240052 0.702818 0.231810 0.705287 0.220600 0.707670 0.215395 0.707959 0.212397 0.708880 0.208322 0.708604 0.202737 0.709166 0.200894 0.708766 0.196061 0.709035 0.184969 0.707643 0.180190 0.706151 0.170593 0.704423 0.161764 0.701900 0.157768 0.699107 0.149729 0.695033 0.147236 0.691653 0.146570 0.689178 0.147084 0.684628 0.150206 0.679680 0.154003 0.676957 0.159256 0.675156 0.171016 0.666965 0.174766 0.665751 0.181948 0.661583 0.188022 0.657225 0.191897 0.651984 0.193688 0.642087 0.189795 0.636022 0.186163 0.633461 0.175498 0.630286 0.169572 0.629862 0.159541 0.630169 0.152809 0.631800 0.145263 0.635737 0.139545 0.640578 0.135694 0.645063 0.133275 0.651228 0.130653 0.663936 0.130884 0.668445 0.130038 0.671758 0.128480 0.674106 0.125816 0.676264 0.120943 0.677792 0.111664 0.677805 0.106869 0.676816 0.102493 0.674296 0.092348 0.666319 0.085256 0.655659 0.080482 0.642107 0.080811 0.631536 0.079092 0.627110 0.080877 0.617464 0.083970 0.613522 0.086063 0.605869 0.094983 0.593564 0.110168 0.582669
0 0.530312 0.571342 0.543831 0.566319 0.559525 0.562933 0.573282 0.562167 0.591074 0.562935 0.596210 0.564910 0.602531 0.564559 0.607223 0.568819 0.610190 0.568906 0.625634 0.573574 0.640921 0.583274 0.653899 0.595616 0.662321 0.611227 0.664118 0.613137 0.667225 0.632561 0.666470 0.644913 0.664493 0.648793 0.663229 0.653636 0.659703 0.659611 0.654356 0.664431 0.652862 0.664766 0.650584 0.666400 0.650830 0.670406 0.648932 0.671767 0.647754 0.673843 0.641688 0.677949 0.631492 0.683542 0.623598 0.686745 0.618733 0.688020 0.615015 0.688227 0.608647 0.690089 0.594495 0.691631 0.585587 0.691624 0.581172 0.690362 0.575223 0.690694 0.560484 0.687243 0.551662 0.684467 0.543251 0.680414 0.526167 0.668802 0.524379 0.666641 0.521980 0.660243 0.522113 0.655964 0.524951 0.648269 0.532187 0.642339 0.533753 0.639740 0.537525 0.637770 0.541196 0.639074 0.546418 0.638281 0.549725 0.639353 0.553126 0.637404 0.557967 0.636883 0.560687 0.632964 0.560433 0.629209 0.558257 0.627572 0.555670 0.627214 0.553850 0.626059 0.551216 0.627210 0.542269 0.628462 0.538481 0.630934 0.532715 0.637284 0.530445 0.638666 0.525604 0.639187 0.520422 0.638722 0.513706 0.639850 0.510391 0.639029 0.506813 0.634706 0.504747 0.629546 0.500830 0.624236 0.499530 0.618279 0.499124 0.607498 0.504000 0.593911 0.510966 0.584730 0.515159 0.581231 0.516337 0.579155 0.523914 0.574210
0 0.554506 0.044151 0.552028 0.064137 0.548004 0.074159 0.544928 0.077597 0.539860 0.085416 0.533398 0.090298 0.525504 0.093501 0.509763 0.098397 0.488436 0.103856 0.473524 0.105942 0.470155 0.106883 0.467924 0.107007 0.460922 0.105387 0.438202 0.107908 0.428535 0.108446 0.405260 0.104967 0.400164 0.101734 0.393874 0.101079 0.386919 0.097949 0.379498 0.097860 0.376626 0.094754 0.376032 0.090013 0.376955 0.084183 0.379389 0.077515 0.379910 0.072712 0.383754 0.068479 0.394763 0.060580 0.396320 0.058232 0.402008 0.054398 0.402063 0.052637 0.472706 0.048704 0.473380 0.050928 0.477771 0.052944 0.482675 0.050410 0.483118 0.048125
0 0.650331 0.089819 0.662617 0.088632 0.672275 0.088346 0.675939 0.089900 0.680261 0.094183 0.687739 0.104318 0.695101 0.118229 0.696796 0.123411 0.700350 0.128489 0.704831 0.139546 0.705093 0.143048 0.706185 0.143741 0.713226 0.144103 0.715797 0.144965 0.721218 0.149688 0.727883 0.162130 0.733953 0.169832 0.737801 0.177406 0.743484 0.185632 0.751194 0.200278 0.756720 0.213536 0.756579 0.218067 0.752641 0.225320 0.755111 0.229454 0.757291 0.242899 0.755111 0.253322 0.752677 0.259989 0.749640 0.262168 0.742302 0.271370 0.735808 0.277259 0.732423 0.278703 0.724963 0.279872 0.716721 0.282342 0.712251 0.282842 0.697664 0.286417 0.690972 0.286790 0.676905 0.285563 0.666208 0.283395 0.661066 0.281670 0.658107 0.281333 0.650789 0.277972 0.645638 0.276500 0.641998 0.274190 0.638311 0.273391 0.631356 0.270260 0.627471 0.263944 0.625846 0.256498 0.621936 0.250936 0.619885 0.245272 0.618617 0.238307 0.612437 0.234129 0.608852 0.230058 0.606492 0.222401 0.598852 0.205490 0.588524 0.191493 0.583021 0.177480 0.581048 0.169298 0.572074 0.159497 0.569651 0.153853 0.569002 0.150875 0.569608 0.143303 0.572904 0.132820 0.574446 0.130975 0.576857 0.125062 0.584939 0.115819 0.593291 0.109827 0.600086 0.106182 0.623365 0.097601 0.633102 0.094797 0.636456 0.094359 0.643971 0.091429
0 0.803400 0.276010 0.807102 0.276306 0.810393 0.277881 0.814484 0.277654 0.818534 0.278684 0.822554 0.280722 0.826171 0.283786 0.843188 0.309471 0.856459 0.324309 0.857860 0.326994 0.859317 0.327918 0.863179 0.334989 0.865231 0.340654 0.869575 0.344180 0.875273 0.351903 0.878408 0.358512 0.879414 0.361973 0.879304 0.365496 0.877691 0.369606 0.869316 0.376353 0.861817 0.378780 0.857720 0.379260 0.851685 0.382359 0.849754 0.384729 0.845967 0.387200 0.830961 0.392306 0.819024 0.394227 0.813818 0.394517 0.807071 0.396651 0.801881 0.396437 0.798132 0.397651 0.790316 0.398337 0.786985 0.398020 0.782610 0.395500 0.779364 0.392415 0.771979 0.379259 0.771346 0.375777 0.764556 0.367361 0.762274 0.357188 0.760872 0.354502 0.760617 0.350747 0.756771 0.343174 0.756254 0.335916 0.761045 0.325097 0.763185 0.315934 0.765169 0.311804 0.765682 0.307252 0.769698 0.297482 0.789487 0.281809 0.798156 0.277558
0 0.000203 0.296152 0.000489 0.301230 0.000000 0.305458 0.000000 0.304005 0.000000 0.298752 0.000000 0.293196 0.000000 0.292989 0.000000 0.297814 0.000000 0.305393 0.000000 0.314154 0.000000 0.316817 0.008396 0.317576 0.013940 0.310075 0.012824 0.303242 0.003264 0.297481
0 0.697730 0.415551 0.700674 0.416392 0.704788 0.415409 0.708838 0.416440 0.717550 0.422738 0.720787 0.426076 0.732207 0.440766 0.740700 0.454111 0.742876 0.455749 0.747878 0.462002 0.750790 0.463850 0.752191 0.466535 0.757263 0.470525 0.756293 0.477864 0.761768 0.480825 0.766723 0.488590 0.769968 0.491675 0.772746 0.497801 0.776331 0.501873 0.776151 0.507661 0.773858 0.509799 0.771890 0.513425 0.768836 0.516109 0.749029 0.520477 0.746387 0.521880 0.743396 0.522549 0.740360 0.524728 0.736634 0.525187 0.732426 0.529189 0.727584 0.529710 0.717468 0.532785 0.713006 0.533034 0.705523 0.534958 0.697327 0.535917 0.693925 0.537865 0.687976 0.538196 0.681394 0.535044 0.680349 0.532842 0.677801 0.531225 0.676060 0.527553 0.673178 0.524699 0.670012 0.519096 0.669046 0.514377 0.662534 0.508961 0.659129 0.499101 0.657891 0.491130 0.654647 0.488044 0.652928 0.483618 0.652714 0.478605 0.654498 0.468958 0.656925 0.462543 0.657547 0.454468 0.659735 0.443795 0.662905 0.437337 0.676247 0.426043 0.689148 0.417033 0.692897 0.415820
0 0.805427 0.544974 0.809881 0.544978 0.812894 0.543553 0.817008 0.542570 0.825946 0.541570 0.833289 0.544177 0.837395 0.543446 0.839206 0.544853 0.849168 0.546810 0.853202 0.548344 0.860032 0.555501 0.875347 0.576256 0.880571 0.587270 0.887315 0.597196 0.892880 0.609197 0.894336 0.610121 0.897667 0.610438 0.904282 0.612582 0.909354 0.616570 0.917142 0.628699 0.926094 0.639256 0.930677 0.647040 0.937126 0.654470 0.938512 0.657658 0.945627 0.667564 0.950868 0.678074 0.951509 0.681306 0.950641 0.685374 0.941893 0.692141 0.939639 0.693020 0.938073 0.695621 0.933224 0.696393 0.932836 0.696917 0.937638 0.697655 0.941737 0.697175 0.943920 0.698561 0.947141 0.702401 0.948868 0.706576 0.944946 0.713327 0.938143 0.717223 0.935424 0.721143 0.929295 0.727262 0.925134 0.729756 0.922144 0.730424 0.914716 0.730587 0.909843 0.732114 0.905389 0.732111 0.901561 0.735841 0.894047 0.738771 0.886199 0.740464 0.879871 0.741068 0.872458 0.740727 0.863953 0.739693 0.858454 0.737487 0.854744 0.737442 0.848865 0.735508 0.838904 0.733550 0.836728 0.731912 0.831571 0.730692 0.828658 0.728844 0.823501 0.727624 0.821688 0.726217 0.819837 0.726069 0.817320 0.723446 0.816267 0.721495 0.816408 0.716964 0.815387 0.714006 0.812135 0.711172 0.805414 0.700492 0.804131 0.694031 0.804999 0.689963 0.797610 0.688867 0.795426 0.687481 0.789055 0.677535 0.785293 0.667192 0.781353 0.662638 0.779990 0.658694 0.777474 0.656070 0.775725 0.652650 0.771372 0.649375 0.768872 0.646249 0.763244 0.636261 0.757756 0.621743 0.747295 0.612025 0.744484 0.606905 0.743518 0.602185 0.743752 0.594635 0.747917 0.580083 0.753373 0.571739 0.757976 0.566961 0.765569 0.561513 0.774633 0.556486 0.778018 0.555042 0.797113 0.549708 0.803505 0.547091
0 0.975321 0.798816 0.975101 0.805864 0.973243 0.805967 0.972095 0.807036 0.972746 0.810014 0.974961 0.810393 0.973086 0.811000 0.972240 0.814313 0.973332 0.815006 0.974820 0.814923 0.974702 0.818698 0.972844 0.818802 0.971286 0.821150 0.973082 0.823060 0.974569 0.822977 0.974225 0.834050 0.972366 0.834154 0.971598 0.834950 0.971884 0.837699 0.974099 0.838078 0.974068 0.839085 0.972202 0.839440 0.971403 0.841243 0.969505 0.842604 0.969301 0.849148 0.970686 0.852337 0.969445 0.856426 0.970057 0.860663 0.968111 0.863535 0.967986 0.867561 0.965313 0.869972 0.965986 0.872195 0.970013 0.873981 0.970546 0.880735 0.971250 0.881951 0.972737 0.881869 0.972643 0.884890 0.970785 0.884993 0.969629 0.886313 0.970201 0.891809 0.968604 0.895415 0.966706 0.896776 0.964452 0.897655 0.962546 0.899269 0.949430 0.903266 0.946077 0.903704 0.935016 0.901304 0.929827 0.901090 0.922112 0.898505 0.915428 0.898626 0.904962 0.900967 0.887866 0.901667 0.865675 0.899134 0.857518 0.898835 0.845343 0.896497 0.836079 0.896008 0.829456 0.894116 0.828016 0.892689 0.828521 0.888389 0.829754 0.884552 0.832458 0.881135 0.864868 0.853453 0.873663 0.845176 0.880985 0.836477 0.895831 0.824597 0.901874 0.821245 0.911651 0.817183 0.917647 0.815342 0.922100 0.815346 0.926524 0.816355 0.931838 0.812542 0.935223 0.811098 0.937526 0.808709 0.945008 0.806785 0.960796 0.800378 0.967900 0.798727
0 0.117483 0.383280 0.125496 0.376302 0.133081 0.371106 0.140982 0.367652 0.146204 0.366859 0.152888 0.366738 0.157311 0.367748 0.171996 0.372960 0.184046 0.379324 0.185486 0.380751 0.202680 0.388839 0.211035 0.394655 0.214210 0.400005 0.214054 0.405039 0.210891 0.411245 0.202515 0.417991 0.198007 0.419750 0.194297 0.419705 0.186410 0.422657 0.170336 0.426315 0.158770 0.428215 0.139041 0.430067 0.133123 0.429392 0.122815 0.426700 0.110013 0.420628 0.106063 0.416326 0.104385 0.410641 0.104588 0.404097 0.105790 0.401267
0 0.605619 0.334000 0.621212 0.333886 0.625610 0.335651 0.629250 0.337961 0.630319 0.339409 0.630472 0.346434 0.629208 0.351279 0.625349 0.356016 0.620057 0.359074 0.612226 0.360264 0.597068 0.358344 0.593420 0.356286 0.591638 0.353873 0.591138 0.346112 0.592735 0.342506 0.603365 0.334880
0 0.450084 0.441898 0.454545 0.441649 0.462662 0.443207 0.465955 0.444782 0.469175 0.448623 0.473923 0.451122 0.474169 0.455129 0.472581 0.458483 0.469504 0.461920 0.465699 0.464896 0.454087 0.468305 0.449262 0.468323 0.444467 0.467334 0.433857 0.462397 0.432479 0.458957 0.433023 0.453399 0.435008 0.449268 0.438037 0.447341 0.441771 0.446631
0 0.530207 0.515071 0.538164 0.509854 0.544555 0.507237 0.546422 0.506882 0.549738 0.507702 0.553842 0.506971 0.557522 0.508022 0.560425 0.510122 0.561487 0.511822 0.565576 0.511595 0.567381 0.513253 0.569130 0.516673 0.567913 0.520006 0.564465 0.523464 0.557275 0.527885 0.554285 0.528554 0.537569 0.528982 0.535401 0.527092 0.533558 0.526692 0.531792 0.523775 0.529616 0.522138 0.529385 0.517629
0 0.754864 0.702803 0.757806 0.703644 0.766535 0.709440 0.769020 0.713070 0.769281 0.716572 0.766941 0.720220 0.762750 0.723720 0.753662 0.729502 0.747303 0.731112 0.737279 0.731167 0.733243 0.729633 0.727791 0.725917 0.725290 0.722789 0.724680 0.718553 0.726387 0.711423 0.730601 0.707169 0.746676 0.703510
0 0.587575 0.794773 0.591348 0.792804 0.598839 0.790628 0.604432 0.789814 0.612944 0.790597 0.636368 0.789293 0.645625 0.790034 0.655577 0.792244 0.671354 0.798149 0.677186 0.801593 0.681158 0.805141 0.681389 0.809650 0.678320 0.812836 0.677467 0.816400 0.675119 0.820299 0.672834 0.822186 0.668317 0.824196 0.665327 0.824865 0.659766 0.824672 0.648728 0.821517 0.633586 0.819094 0.610744 0.813583 0.604154 0.810683 0.597997 0.805749 0.587783 0.800037 0.586381 0.797352
