0 0.607619 0.411429 0.567619 0.400000 0.552381 0.408571 0.544762 0.420000 0.525714 0.468571 0.520000 0.497143 0.520000 0.571429 0.527619 0.597143 0.539048 0.597143 0.544762 0.568571 0.573333 0.537143 0.619048 0.537143 0.628571 0.528571 0.634286 0.505714 0.634286 0.474286 0.624762 0.440000
0 0.032381 0.671429 0.036190 0.691429 0.051429 0.714286 0.083810 0.714286 0.099048 0.708571 0.123810 0.685714 0.135238 0.662857 0.135238 0.642857 0.127619 0.634286 0.102857 0.628571 0.053333 0.631429 0.038095 0.642857
0 0.302857 0.237143 0.302857 0.251429 0.314286 0.277143 0.325714 0.277143 0.337143 0.268571 0.335238 0.254286 0.314286 0.237143
0 0.293333 0.042857 0.287619 0.028571 0.241905 0.034286 0.243810 0.057143 0.264762 0.071429 0.281905 0.065714
0 0.497143 0.685714 0.504762 0.720000 0.523810 0.714286 0.521905 0.691429 0.516190 0.682857
0 0.689524 0.945714 0.685714 0.957143 0.687619 0.977143 0.695238 0.985714 0.708571 0.988571 0.718095 0.968571 0.716190 0.957143 0.706667 0.942857
0 0.761905 0.797143 0.760000 0.820000 0.771429 0.874286 0.769524 0.920000 0.773333 0.934286 0.828571 1.000000 0.931429 0.997143 0.923810 0.965714 0.864762 0.882857 0.780952 0.805714
0 0.929524 0.320000 0.914286 0.340000 0.910476 0.354286 0.912381 0.394286 0.927619 0.422857 0.942857 0.434286 0.963810 0.434286 0.994286 0.405714 1.000000 0.385714 1.000000 0.348571 0.990476 0.328571 0.969524 0.314286 0.939048 0.314286
0 0.245714 0.785714 0.238095 0.777143 0.220952 0.777143 0.201905 0.791429 0.137143 0.800000 0.120000 0.814286 0.100952 0.860000 0.083810 0.997143 0.201905 1.000000 0.222857 0.962857 0.247619 0.885714 0.251429 0.817143
0 0.306667 0.497143 0.274286 0.502857 0.243810 0.534286 0.230476 0.568571 0.224762 0.611429 0.228571 0.640000 0.240000 0.668571 0.257143 0.685714 0.278095 0.694286 0.293333 0.688571 0.320000 0.642857 0.331429 0.608571 0.337143 0.568571 0.335238 0.545714 0.325714 0.517143
0 0.000000 0.157143 0.000000 0.480000 0.041905 0.457143 0.070476 0.428571 0.089524 0.400000 0.102857 0.360000 0.106667 0.320000 0.102857 0.288571 0.087619 0.248571 0.070476 0.222857 0.020952 0.182857
0 0.106667 0.080000 0.100952 0.100000 0.102857 0.160000 0.118095 0.234286 0.135238 0.262857 0.165714 0.268571 0.177143 0.260000 0.188571 0.271429 0.215238 0.268571 0.222857 0.274286 0.247619 0.274286 0.253333 0.268571 0.259048 0.240000 0.253333 0.188571 0.241905 0.154286 0.213333 0.114286 0.123810 0.068571 0.112381 0.071429
0 0.851429 0.094286 0.838095 0.114286 0.834286 0.137143 0.874286 0.197143 0.887619 0.200000 0.899048 0.191429 0.923810 0.157143 0.927619 0.120000 0.918095 0.100000 0.891429 0.085714 0.866667 0.085714
