0 0.187466 0.687265 0.191185 0.692533 0.194890 0.698981 0.196238 0.702831 0.196816 0.721589 0.194749 0.728224 0.192324 0.731525 0.187312 0.734840 0.182331 0.735500 0.179367 0.733655 0.178009 0.730689 0.176934 0.720394 0.176829 0.712388 0.178337 0.702375 0.179374 0.698763 0.179613 0.695268 0.181255 0.690904 0.183685 0.687307
0 0.290652 0.556285 0.294631 0.556288 0.297190 0.558634 0.302873 0.566115 0.305046 0.567489 0.309210 0.568716 0.310589 0.569911 0.313723 0.574160 0.317011 0.582289 0.317572 0.585371 0.317097 0.592066 0.313234 0.599186 0.311749 0.607134 0.311277 0.613534 0.310661 0.615170 0.308444 0.617632 0.304486 0.615859 0.296619 0.607890 0.293304 0.602121 0.288278 0.589464 0.283789 0.581955 0.283019 0.579712 0.282697 0.573135 0.283555 0.567708 0.286016 0.561458 0.288227 0.559587
0 0.027200 0.678918 0.030591 0.678197 0.034761 0.678835 0.037136 0.679958 0.042850 0.684784 0.045594 0.688354 0.046761 0.690686 0.046911 0.694859 0.045874 0.698472 0.041602 0.706683 0.037612 0.707564 0.034443 0.706265 0.030102 0.703223 0.026957 0.699858 0.024823 0.695241 0.023450 0.693456 0.022896 0.689783 0.023347 0.685152 0.024573 0.682470
0 0.069126 0.220195 0.072352 0.216481 0.075349 0.215377 0.076958 0.213963 0.080352 0.212948 0.084530 0.212995 0.091262 0.215683 0.097790 0.218918 0.105287 0.224439 0.116117 0.234254 0.123384 0.242385 0.125122 0.246914 0.125276 0.250793 0.122138 0.263988 0.121837 0.272792 0.122214 0.274651 0.121961 0.279326 0.122320 0.282659 0.121450 0.288970 0.119815 0.292744 0.117215 0.293936 0.116000 0.295735 0.111601 0.297708 0.107426 0.297365 0.103290 0.293779 0.093213 0.287680 0.090046 0.286381 0.084680 0.285771 0.079127 0.284234 0.075593 0.280191 0.070526 0.271074 0.066087 0.259140 0.065948 0.254081 0.067443 0.245249 0.067262 0.226579 0.067898 0.223173
0 0.023023 0.060846 0.027660 0.055675 0.034061 0.052671 0.041246 0.050729 0.046211 0.051544 0.055685 0.058099 0.064717 0.068398 0.066870 0.071541 0.074558 0.077697 0.077305 0.080973 0.079249 0.084956 0.079799 0.088924 0.079560 0.092418 0.077224 0.105202 0.077339 0.112325 0.078596 0.124138 0.079742 0.128239 0.080101 0.131572 0.082219 0.137665 0.083348 0.143239 0.083495 0.147708 0.082257 0.151572 0.080844 0.153325 0.077241 0.155180 0.073070 0.154543 0.069512 0.152564 0.066368 0.149200 0.059453 0.144991 0.054895 0.143381 0.040861 0.135510 0.033760 0.130078 0.030418 0.126669 0.026860 0.124690 0.023093 0.123552 0.015904 0.125788 0.011751 0.123677 0.010392 0.120711 0.010638 0.116626 0.017180 0.101530 0.019031 0.096325 0.020506 0.089263 0.021614 0.079456 0.021155 0.067526 0.021590 0.064370
0 0.456448 0.035967 0.455784 0.041732 0.454134 0.046686 0.449694 0.052198 0.442899 0.054818 0.437934 0.054003 0.434967 0.052452 0.431820 0.049383 0.426941 0.041194 0.424248 0.033200 0.423950 0.024558 0.424361 0.023467 0.428347 0.022880 0.428767 0.020904 0.451390 0.025964 0.451369 0.027734 0.454518 0.030803 0.455493 0.032500
0 0.362429 0.045393 0.363401 0.047385 0.364517 0.071291 0.367343 0.084935 0.369471 0.090141 0.372978 0.096545 0.376266 0.104672 0.376383 0.111796 0.375137 0.116248 0.372726 0.118370 0.367754 0.118145 0.361332 0.122918 0.354129 0.126334 0.343560 0.128406 0.335400 0.128651 0.333997 0.129519 0.331968 0.132910 0.328968 0.134309 0.324619 0.131857 0.323248 0.130072 0.317787 0.120571 0.317633 0.116692 0.316836 0.116810 0.316795 0.120349 0.315203 0.120288 0.313982 0.122677 0.313266 0.115715 0.315074 0.114345 0.315288 0.112915 0.314160 0.107340 0.312405 0.104286 0.311850 0.100613 0.310683 0.098283 0.307539 0.094918 0.306376 0.092292 0.298913 0.083821 0.296190 0.078481 0.295864 0.072199 0.296501 0.068792 0.297730 0.065815 0.303778 0.058888 0.305380 0.058063 0.310817 0.052478 0.317444 0.047160 0.323250 0.044023 0.329823 0.043423 0.348305 0.045191 0.357875 0.043487
0 0.166878 0.334912 0.167508 0.332095 0.169554 0.327230 0.171774 0.324474 0.172801 0.321747 0.177033 0.317075 0.181039 0.314719 0.183835 0.313866 0.187413 0.314074 0.192173 0.315435 0.195334 0.317325 0.199071 0.321117 0.201206 0.325735 0.203553 0.329217 0.203923 0.331665 0.204898 0.333362 0.206081 0.334218 0.208996 0.340193 0.213106 0.346139 0.214817 0.353027 0.214563 0.357702 0.213117 0.362405 0.210307 0.364438 0.204138 0.364537 0.197158 0.365933 0.191144 0.369911 0.187175 0.369023 0.180263 0.364519 0.178316 0.360831 0.171648 0.352539 0.169112 0.348127 0.166824 0.339630
0 0.194018 0.465179 0.197956 0.468721 0.200294 0.473088 0.201252 0.476259 0.202363 0.483309 0.202285 0.490093 0.203178 0.498868 0.204875 0.506936 0.204796 0.513719 0.203965 0.516786 0.195302 0.526085 0.189478 0.530697 0.185096 0.531195 0.183324 0.529616 0.181958 0.527241 0.181651 0.519484 0.180336 0.512684 0.175703 0.500411 0.175554 0.496237 0.174797 0.492815 0.173055 0.488581 0.173685 0.485766 0.173740 0.481046 0.174998 0.475414 0.178468 0.467911 0.180866 0.466968 0.182676 0.465303 0.189656 0.463907
0 0.346393 0.793785 0.349127 0.798241 0.350280 0.801751 0.350995 0.808712 0.350883 0.818446 0.349788 0.827071 0.349726 0.832380 0.347236 0.841286 0.345723 0.851593 0.344697 0.854320 0.344040 0.859496 0.342579 0.865379 0.337892 0.874976 0.334464 0.878940 0.331076 0.879366 0.325321 0.878078 0.318786 0.875434 0.314674 0.869783 0.312706 0.867864 0.311157 0.864264 0.307054 0.857729 0.306103 0.853967 0.304539 0.851547 0.301641 0.844098 0.298383 0.833316 0.296909 0.823227 0.296578 0.817535 0.296884 0.808141 0.298370 0.800193 0.301216 0.794916 0.302626 0.793457 0.310017 0.790971 0.316787 0.790415 0.323548 0.790745 0.327914 0.791721 0.341435 0.792379
0 0.719063 0.826580 0.720014 0.830341 0.720554 0.835192 0.719843 0.845087 0.719977 0.850736 0.718457 0.861633 0.717209 0.866380 0.712956 0.872822 0.709743 0.875356 0.705357 0.876149 0.699196 0.875658 0.692646 0.874193 0.680763 0.869465 0.672069 0.864268 0.667549 0.859412 0.665213 0.855046 0.664457 0.851624 0.664905 0.847289 0.665917 0.845741 0.668323 0.844209 0.671909 0.843828 0.679100 0.841296 0.680709 0.839882 0.697117 0.831724 0.700533 0.828940 0.705182 0.822587 0.709407 0.818506 0.713787 0.818302 0.717325 0.822051
0 0.869209 0.695161 0.870759 0.698760 0.870910 0.702935 0.870082 0.705706 0.868053 0.709097 0.865853 0.710083 0.864238 0.712087 0.859424 0.715446 0.857607 0.717701 0.854192 0.720486 0.849796 0.722164 0.846026 0.721320 0.843083 0.717705 0.842327 0.714283 0.843113 0.697899 0.843968 0.692768 0.846213 0.687948 0.849409 0.686888 0.853573 0.688115 0.856563 0.687601 0.862520 0.688638 0.865685 0.690233
0 0.910444 0.896889 0.912845 0.895652 0.916811 0.896835 0.920156 0.899948 0.927068 0.904451 0.929614 0.907978 0.930976 0.910648 0.931540 0.913436 0.931681 0.918494 0.929617 0.924833 0.927191 0.928135 0.923595 0.929401 0.919818 0.929148 0.916875 0.925532 0.914580 0.917626 0.912431 0.914188 0.909143 0.906060 0.908999 0.901296 0.909427 0.898731
0 0.716357 0.545055 0.716665 0.552812 0.715204 0.558694 0.713795 0.560153 0.711800 0.560594 0.709593 0.562171 0.704413 0.562786 0.698223 0.564654 0.690454 0.565578 0.679936 0.563225 0.677367 0.561763 0.676791 0.559860 0.676627 0.556867 0.679197 0.541177 0.680230 0.537861 0.681838 0.536446 0.691394 0.535922 0.698747 0.536680 0.702332 0.536298 0.709876 0.537690 0.713828 0.540053
0 0.344025 0.363004 0.344404 0.364567 0.344142 0.370127 0.344884 0.374729 0.348172 0.382856 0.347532 0.386558 0.343933 0.388118 0.338356 0.388645 0.335772 0.388363 0.333008 0.386562 0.332238 0.384319 0.332279 0.380781 0.332912 0.377669 0.338844 0.363619 0.340258 0.361866
0 0.318202 0.616857 0.320180 0.617890 0.321921 0.622125 0.323396 0.632213 0.322880 0.642447 0.321265 0.644451 0.319068 0.645142 0.317104 0.642929 0.315558 0.639035 0.314243 0.632235 0.313717 0.626203 0.313984 0.620349 0.314603 0.618417 0.315612 0.617165
0 0.120682 0.012018 0.122396 0.018611 0.122947 0.022579 0.122848 0.031132 0.122417 0.033992 0.120579 0.038017 0.116740 0.043072 0.113281 0.049692 0.112601 0.056932 0.111376 0.059615 0.107160 0.062812 0.100174 0.064798 0.090820 0.065071 0.077924 0.061890 0.071598 0.058406 0.063906 0.052545 0.063147 0.049418 0.063064 0.039346 0.062531 0.033904 0.061593 0.028962 0.058712 0.020039 0.058965 0.015363 0.060614 0.010410 0.061833 0.008317 0.064252 0.005605 0.066249 0.004870 0.071276 0.000375 0.073675 0.000000 0.075286 0.000000 0.078690 0.000000 0.086460 0.000000 0.089262 0.000000 0.095629 0.000000 0.101984 0.000000 0.109305 0.000000 0.115218 0.002812 0.117962 0.006382
0 0.260035 0.416960 0.261972 0.421533 0.261729 0.425324 0.260894 0.428684 0.255995 0.439417 0.254585 0.440877 0.252135 0.446242 0.249914 0.448998 0.248471 0.453407 0.246456 0.455617 0.245231 0.458300 0.240995 0.463267 0.237218 0.463013 0.233684 0.458970 0.229403 0.450620 0.226341 0.440177 0.226451 0.430739 0.227712 0.424811 0.228944 0.421538 0.230156 0.420035 0.231555 0.419461 0.235387 0.414996 0.241796 0.411402 0.246377 0.410948 0.252929 0.412118 0.256295 0.413463
0 0.106516 0.581926 0.105079 0.585744 0.101110 0.584857 0.098968 0.580829 0.096809 0.578276 0.089990 0.565809 0.088221 0.563936 0.076383 0.555374 0.073810 0.554206 0.064281 0.552371 0.062303 0.551337 0.061123 0.550186 0.061171 0.546056 0.065225 0.539571 0.067025 0.538790 0.068841 0.536535 0.070634 0.536345 0.072646 0.534429 0.074442 0.533944 0.076061 0.531645 0.085839 0.529101 0.092408 0.528796 0.095382 0.529757 0.098328 0.533077 0.100668 0.537149 0.102020 0.540704 0.103125 0.548344 0.105582 0.559538 0.106197 0.575054 0.106762 0.577840
0 0.098051 0.608420 0.100587 0.612831 0.100737 0.617004 0.098910 0.620144 0.097880 0.623167 0.095865 0.625377 0.092608 0.631746 0.088290 0.643791 0.086395 0.652830 0.084763 0.656309 0.082344 0.659021 0.079555 0.659284 0.076780 0.658367 0.070468 0.653703 0.068727 0.649469 0.068586 0.644410 0.069014 0.641845 0.071480 0.635004 0.073496 0.632793 0.075158 0.626660 0.076971 0.624699 0.078632 0.618862 0.082487 0.612331 0.084290 0.611256 0.086313 0.608456 0.090131 0.605169 0.094107 0.605468
0 0.236492 0.697345 0.238264 0.698924 0.241973 0.705077 0.243286 0.711876 0.244858 0.713706 0.243386 0.720473 0.245364 0.721508 0.246140 0.723160 0.246315 0.725269 0.245282 0.728586 0.244091 0.728319 0.242889 0.728938 0.242818 0.735132 0.241590 0.738110 0.238962 0.741662 0.236362 0.742855 0.234953 0.744314 0.231172 0.744356 0.228164 0.746343 0.226570 0.746579 0.225013 0.743569 0.223097 0.737226 0.222731 0.734483 0.222984 0.729808 0.222426 0.726431 0.223404 0.710682 0.226063 0.704475 0.226490 0.701910 0.228116 0.699020 0.232324 0.696412 0.234514 0.696311
0 0.250367 0.907738 0.252992 0.921632 0.254053 0.933107 0.253947 0.942249 0.253023 0.953280 0.251309 0.963837 0.250273 0.967450 0.250030 0.971239 0.248798 0.974512 0.248336 0.980028 0.248699 0.983065 0.250259 0.985780 0.248661 0.986309 0.247252 0.987768 0.244142 0.998606 0.241907 1.000000 0.241678 1.000000 0.238855 1.000000 0.237408 1.000000 0.236601 1.000000 0.234404 1.000000 0.234387 1.000000 0.214741 1.000000 0.214563 1.000000 0.212380 1.000000 0.212162 1.000000 0.198468 1.000000 0.198290 1.000000 0.198072 1.000000 0.184180 1.000000 0.184002 1.000000 0.183205 1.000000 0.183188 1.000000 0.177037 1.000000 0.176858 1.000000 0.175271 1.000000 0.175052 1.000000 0.138935 0.994885 0.138757 0.993071 0.134799 0.991298 0.123083 0.989269 0.122084 0.989637 0.122067 0.991112 0.121691 0.989253 0.111974 0.986489 0.099273 0.983648 0.096885 0.983704 0.096666 0.985430 0.075631 0.980725 0.075648 0.979250 0.074861 0.978482 0.073664 0.978806 0.073647 0.980281 0.062335 0.977751 0.062352 0.976276 0.060200 0.973133 0.060018 0.971614 0.063060 0.966676 0.065674 0.964303 0.069876 0.962287 0.081465 0.958078 0.090046 0.955857 0.101606 0.954008 0.117779 0.949050 0.125601 0.943702 0.133608 0.939579 0.140638 0.933759 0.149054 0.928545 0.151471 0.926128 0.161092 0.920001 0.166713 0.915639 0.183745 0.905256 0.189948 0.902208 0.209858 0.883891 0.217063 0.880180 0.221056 0.879004 0.227629 0.878404 0.232593 0.879218 0.237335 0.882053 0.239696 0.884356 0.242234 0.888472 0.243809 0.890008 0.247491 0.898519
0 0.447749 0.374637 0.432005 0.397655 0.418739 0.412379 0.398228 0.436100 0.382647 0.445002 0.364714 0.451606 0.345574 0.459709 0.333517 0.472935 0.333313 0.490582 0.347357 0.511418 0.361360 0.535783 0.381420 0.550886 0.399108 0.565458 0.422959 0.561945 0.438661 0.542457 0.452191 0.504789 0.455917 0.491467 0.463655 0.440119 0.463901 0.418942 0.459581 0.380821
0 0.749504 0.325359 0.722643 0.280426 0.676970 0.215360 0.654737 0.182079 0.609124 0.111720 0.591273 0.111265 0.581448 0.137377 0.583415 0.275823 0.599955 0.286599 0.612833 0.305403 0.614963 0.327111 0.615986 0.341496 0.629007 0.347947 0.679981 0.366426 0.748049 0.348036
0 0.060546 0.308170 0.064159 0.305429 0.067751 0.304458 0.072514 0.305524 0.075484 0.306780 0.087373 0.328069 0.088510 0.333055 0.090063 0.336359 0.094101 0.348499 0.113333 0.388581 0.117849 0.393731 0.130721 0.416127 0.132294 0.417662 0.138946 0.427429 0.143261 0.432830 0.157607 0.448163 0.159188 0.449108 0.165090 0.454863 0.168255 0.456459 0.171406 0.459234 0.172371 0.461815 0.174537 0.463778 0.175508 0.465769 0.175683 0.467879 0.174437 0.472331 0.173028 0.473790 0.168439 0.474834 0.164067 0.474447 0.159082 0.475402 0.149741 0.474495 0.141181 0.474946 0.130458 0.473139 0.109649 0.466119 0.105498 0.463711 0.095600 0.459428 0.075262 0.446007 0.063650 0.435131 0.054032 0.423812 0.048175 0.414222 0.044288 0.406255 0.043148 0.401565 0.042796 0.397642 0.042724 0.386686 0.043401 0.379740 0.045084 0.371836 0.046316 0.368563 0.046542 0.366248 0.048171 0.363064 0.050124 0.349011 0.052153 0.345622 0.052393 0.342127 0.053621 0.339149 0.054062 0.335403 0.056125 0.329063 0.055978 0.324595 0.056827 0.320053
0 0.061984 0.767722 0.065573 0.767046 0.069340 0.768184 0.074086 0.770724 0.077236 0.773499 0.078191 0.776965 0.078150 0.780505 0.077302 0.785045 0.075670 0.788525 0.073254 0.790942 0.069074 0.791189 0.065317 0.789167 0.061389 0.784740 0.060259 0.779164 0.059931 0.773177 0.060564 0.770065
0 0.049547 0.742170 0.048934 0.760662 0.044617 0.772708 0.043210 0.773872 0.042190 0.776009 0.041729 0.781524 0.039491 0.785755 0.038427 0.791727 0.035591 0.796120 0.030558 0.801204 0.026962 0.802469 0.023178 0.802806 0.019209 0.801918 0.014658 0.799717 0.012893 0.797548 0.010526 0.795836 0.001492 0.785535 0.000000 0.779722 0.000000 0.778571 0.000000 0.775606 0.000000 0.773599 0.000000 0.770884 0.000000 0.768921 0.000000 0.766251 0.000000 0.764671 0.000000 0.760894 0.000000 0.760038 0.000000 0.752823 0.000000 0.751111 0.000000 0.749031 0.000000 0.746329 0.000000 0.742640 0.000000 0.738689 0.000000 0.736111 0.000000 0.735847 0.000000 0.736764 0.000000 0.738298 0.000000 0.742966 0.000000 0.745519 0.000000 0.746848 0.001913 0.749257 0.003706 0.749067 0.008663 0.750472 0.015424 0.750801 0.023803 0.748832 0.026410 0.747049 0.028005 0.746814 0.032641 0.741641 0.037848 0.738666 0.041041 0.737902 0.045013 0.738495 0.048568 0.740768
0 0.057964 0.839862 0.060352 0.839805 0.065307 0.841504 0.069639 0.845430 0.077289 0.854829 0.078062 0.856776 0.077224 0.860433 0.073204 0.863970 0.071004 0.864956 0.069591 0.866710 0.065390 0.868727 0.061427 0.867250 0.060072 0.863989 0.059782 0.854757 0.058026 0.851703 0.055918 0.844727 0.056357 0.841276
0 0.000000 0.875440 0.000000 0.871904 0.000000 0.870521 0.000000 0.870596 0.000000 0.873466 0.003013 0.877544 0.021406 0.886981 0.035822 0.896415 0.040345 0.900975 0.043660 0.906744 0.045960 0.914355 0.046093 0.920004 0.045388 0.929309 0.044358 0.932331 0.043239 0.943021 0.041775 0.949200 0.041327 0.953535 0.039685 0.957899 0.037601 0.966008 0.035363 0.970239 0.035346 0.971714 0.010937 0.966254 0.010565 0.964100 0.006623 0.960853 0.000000 0.951086 0.000000 0.948149 0.000000 0.935004 0.000000 0.922610 0.000000 0.915279 0.000000 0.913788 0.000000 0.905793 0.000000 0.903418 0.000000 0.899067 0.000000 0.892340 0.000000 0.883727 0.000000 0.878713
0 0.654388 0.913539 0.657940 0.916108 0.659308 0.918188 0.668769 0.943074 0.672211 0.955081 0.673719 0.962219 0.674264 0.966777 0.674172 0.974740 0.672485 0.982938 0.672451 0.985888 0.669994 0.991843 0.667763 0.995485 0.665348 0.997901 0.661488 1.000000 0.658865 1.000000 0.657031 1.000000 0.651772 1.000000 0.649520 1.000000 0.645045 1.000000 0.642982 1.000000 0.641973 1.000000 0.638219 1.000000 0.637446 1.000000 0.634798 1.000000 0.633894 1.000000 0.633121 0.997494 0.634085 0.982924 0.635173 0.974888 0.635314 0.962795 0.638105 0.945086 0.642886 0.927526 0.649786 0.915762 0.651993 0.914187
0 0.587923 0.966093 0.588132 0.965253 0.590732 0.964060 0.592716 0.964504 0.594489 0.966083 0.600425 0.968890 0.610149 0.971065 0.612318 0.972733 0.612469 0.976906 0.610214 0.982612 0.607190 0.986075 0.602981 0.988683 0.599591 0.989402 0.598003 0.989047 0.595238 0.987246 0.592703 0.982835 0.590226 0.973409 0.588087 0.969086
0 0.594161 0.736838 0.597152 0.736325 0.602103 0.738319 0.605261 0.740504 0.608795 0.744547 0.609750 0.748014 0.609921 0.750418 0.609415 0.759767 0.607810 0.760887 0.604433 0.760427 0.600683 0.757814 0.597935 0.754538 0.595174 0.752442 0.594398 0.750789 0.593470 0.744964 0.593316 0.741085
0 0.633365 0.530039 0.636661 0.520427 0.637663 0.519764 0.640250 0.519750 0.658647 0.528892 0.666773 0.531597 0.669723 0.534623 0.669887 0.537616 0.669039 0.542158 0.666989 0.547318 0.663756 0.551621 0.658552 0.554302 0.652376 0.554990 0.647812 0.553969 0.643671 0.550677 0.638207 0.541471 0.635265 0.537856 0.633520 0.533917
0 0.895278 0.996757 0.898455 0.979769 0.904871 0.982680 0.905254 0.992352 0.901740 0.995990 0.899232 0.998380
0 0.718363 0.921344 0.719926 0.923763 0.723348 0.937540 0.723642 0.946477 0.721127 0.957446 0.717864 0.964406 0.715588 0.971880 0.713360 0.975226 0.712742 0.977157 0.710726 0.979368 0.708485 0.983894 0.698430 0.993177 0.693035 0.995223 0.689062 0.994630 0.687088 0.993301 0.686109 0.991899 0.685353 0.988478 0.685398 0.984644 0.687060 0.978510 0.698047 0.957606 0.700103 0.951858 0.702336 0.947921 0.708064 0.934417 0.709686 0.931823 0.712776 0.922756 0.715995 0.919631
0 0.761739 0.766634 0.763470 0.771753 0.763165 0.780851 0.762067 0.789773 0.760000 0.796407 0.757756 0.801228 0.755734 0.804028 0.754095 0.808097 0.750660 0.812652 0.746869 0.813578 0.742907 0.812101 0.741726 0.810950 0.739191 0.806538 0.737847 0.802394 0.735691 0.799545 0.734531 0.796625 0.732570 0.794116 0.728482 0.786401 0.727332 0.782595 0.727384 0.778171 0.728393 0.776918 0.731797 0.775018 0.734189 0.774666 0.736392 0.773384 0.741771 0.772813 0.744775 0.771120 0.747765 0.770605 0.750379 0.768234 0.752777 0.767291 0.754395 0.764991 0.757389 0.764183 0.758779 0.764494
0 0.820864 0.712143 0.822630 0.714313 0.823909 0.724061 0.825442 0.729135 0.827960 0.735021 0.830044 0.744063 0.830362 0.750935 0.828292 0.757865 0.825672 0.760828 0.823872 0.761607 0.815934 0.759832 0.814360 0.758297 0.812423 0.753724 0.812055 0.751276 0.812198 0.738889 0.815379 0.721857 0.817046 0.715429 0.818462 0.713380
0 0.798912 0.700727 0.800437 0.706391 0.801923 0.715595 0.801444 0.722585 0.798519 0.734646 0.796688 0.738081 0.794266 0.741087 0.790861 0.742986 0.787091 0.742143 0.783543 0.739280 0.780172 0.738230 0.773450 0.734656 0.769898 0.732088 0.768132 0.729919 0.766980 0.726408 0.767229 0.722029 0.768656 0.719094 0.771883 0.715381 0.781719 0.707823 0.791580 0.698200 0.793581 0.697169 0.795770 0.697068 0.797348 0.698308
0 0.764354 0.609609 0.767064 0.616129 0.769148 0.625170 0.769476 0.631159 0.770434 0.634329 0.771643 0.650272 0.771578 0.655876 0.770520 0.661258 0.766647 0.669263 0.763417 0.673271 0.763003 0.674657 0.758994 0.677309 0.750204 0.680369 0.745998 0.682682 0.742612 0.683107 0.741007 0.684227 0.733640 0.684648 0.729278 0.683378 0.725326 0.681015 0.723571 0.677961 0.722585 0.677149 0.721231 0.673889 0.720861 0.671440 0.721337 0.664746 0.725244 0.653792 0.733427 0.634331 0.735278 0.629127 0.738625 0.615090 0.740462 0.611065 0.745105 0.605303 0.747706 0.604110 0.752092 0.603317 0.757449 0.604515 0.761401 0.606879
0 0.828835 0.625215 0.832574 0.628713 0.834009 0.642340 0.834118 0.650053 0.836044 0.655511 0.836572 0.661543 0.836469 0.670391 0.835638 0.673458 0.834420 0.675551 0.831193 0.679265 0.827395 0.680781 0.820440 0.680112 0.814322 0.675786 0.810008 0.670387 0.805317 0.663127 0.803971 0.658982 0.804615 0.654986 0.806442 0.651846 0.810278 0.647086 0.815902 0.642429 0.817332 0.639202
0 0.258501 0.000000 0.259689 0.000530 0.260203 0.024893 0.260770 0.027386 0.261274 0.035483 0.260832 0.039227 0.261110 0.049639 0.260689 0.068766 0.261312 0.083691 0.260870 0.087436 0.259653 0.089530 0.260210 0.092907 0.259567 0.096903 0.260518 0.100664 0.260039 0.107654 0.259413 0.110176 0.258996 0.129007 0.257887 0.138813 0.256875 0.157512 0.255599 0.164618 0.252957 0.186501 0.251695 0.192429 0.245156 0.207230 0.242146 0.209514 0.238919 0.213228 0.231516 0.216894 0.227526 0.217775 0.216530 0.222413 0.213142 0.222838 0.203555 0.226017 0.196787 0.226277 0.185421 0.228466 0.178257 0.228637 0.171503 0.227718 0.156784 0.227383 0.125813 0.221638 0.112130 0.217690 0.101636 0.213273 0.096707 0.209509 0.092159 0.207013 0.090373 0.206614 0.087577 0.207467 0.083613 0.206284 0.080074 0.202536 0.079304 0.200293 0.078952 0.196371 0.079979 0.193643 0.081576 0.193113 0.082788 0.191610 0.084430 0.187246 0.087037 0.185463 0.099511 0.173469 0.102341 0.169666 0.104346 0.168341 0.108383 0.163330 0.110392 0.161709 0.117060 0.152851 0.125908 0.144776 0.131372 0.136831 0.137818 0.129993 0.141027 0.127754 0.142847 0.125204 0.146453 0.123053 0.151528 0.114431 0.153775 0.109315 0.156386 0.107237 0.157207 0.105056 0.161449 0.099498 0.163451 0.098468 0.165066 0.096464 0.166664 0.095934 0.167673 0.094682 0.168713 0.090774 0.171776 0.084066 0.174201 0.080765 0.176055 0.075265 0.181314 0.067866 0.183561 0.062751 0.189211 0.056030 0.191681 0.048894 0.196139 0.041907 0.197573 0.038384 0.199793 0.035629 0.202243 0.030261 0.204870 0.026709 0.208569 0.016596 0.214033 0.008651 0.216496 0.002106 0.218299 0.001030 0.219118 0.000000 0.220708 0.000000 0.221515 0.000000 0.221147 0.000000 0.219962 0.000000 0.218963 0.000000 0.217944 0.000000 0.217143 0.000000 0.217198 0.000000 0.220972 0.000000 0.222182 0.000000 0.224024 0.000000 0.231496 0.000000 0.231513 0.000000
0 0.795849 0.964994 0.797412 0.967414 0.798959 0.971309 0.799517 0.974686 0.798237 0.982088 0.795815 0.985095 0.789242 0.985694 0.787655 0.985339 0.785290 0.983332 0.784127 0.980706 0.783761 0.977963 0.784647 0.970177 0.786498 0.964973 0.787911 0.963219 0.791305 0.962203 0.792694 0.962514
0 0.865273 0.863128 0.866043 0.865371 0.866341 0.874013 0.866050 0.881932 0.864982 0.888198 0.862307 0.895880 0.859053 0.901953 0.857037 0.904164 0.854783 0.909868 0.848306 0.919362 0.846462 0.923976 0.844433 0.927366 0.839824 0.930179 0.837063 0.928084 0.835701 0.925412 0.835394 0.917655 0.834825 0.915163 0.832698 0.909956 0.831945 0.906239 0.831232 0.898983 0.830476 0.895561 0.830524 0.891431 0.833343 0.888514 0.839715 0.888165 0.845117 0.885529 0.848334 0.882700 0.852774 0.877188 0.862306 0.861577
0 0.716316 0.119525 0.717137 0.134494 0.715850 0.142486 0.713999 0.147691 0.711375 0.150947 0.710171 0.151861 0.706582 0.152537 0.698476 0.148062 0.687267 0.136684 0.681335 0.133583 0.677599 0.129790 0.676452 0.125690 0.676363 0.116207 0.675631 0.110721 0.674477 0.107210 0.674501 0.105145 0.675125 0.102919 0.677718 0.102316 0.685464 0.103458 0.691437 0.103019 0.707734 0.104594 0.711488 0.106913 0.713630 0.110940 0.714194 0.113728
0 0.854957 0.568664 0.855871 0.575669 0.854670 0.593439 0.853018 0.598688 0.852792 0.601003 0.851366 0.603936 0.849556 0.605602 0.847311 0.610423 0.844915 0.611069 0.843695 0.613457 0.835357 0.611888 0.829187 0.611987 0.825636 0.609418 0.823142 0.601468 0.823391 0.597088 0.821831 0.594374 0.821845 0.593193 0.823063 0.591101 0.821513 0.587501 0.821978 0.581691 0.823788 0.580026 0.825978 0.579925 0.827159 0.581076 0.827580 0.582412 0.828003 0.582003 0.828079 0.582317 0.828299 0.582129 0.828045 0.581806 0.829066 0.581325 0.830308 0.580509 0.831935 0.579216 0.833712 0.578697 0.836004 0.578264 0.838531 0.578297 0.838756 0.575982 0.844139 0.575116 0.845747 0.573701 0.848741 0.572892 0.849558 0.571005 0.850763 0.570091 0.853353 0.569783
0 0.882044 0.772254 0.885776 0.776341 0.892421 0.786699 0.893978 0.789709 0.895705 0.795122 0.897222 0.801671 0.897133 0.809340 0.895644 0.817582 0.892354 0.826900 0.882462 0.839177 0.870039 0.846748 0.867651 0.846805 0.862296 0.845311 0.858755 0.841858 0.857584 0.839822 0.856428 0.836607 0.855494 0.831371 0.854806 0.822049 0.854939 0.810547 0.856215 0.803440 0.859319 0.793193 0.866244 0.779365 0.870886 0.773603 0.874496 0.771157 0.877486 0.770643
0 0.932244 0.784074 0.932804 0.787157 0.932354 0.791787 0.931317 0.795399 0.927259 0.802180 0.925644 0.804184 0.923646 0.804921 0.921059 0.804933 0.918691 0.803221 0.917339 0.799665 0.917788 0.795331 0.920847 0.788918 0.925301 0.782226 0.928501 0.780871 0.930478 0.781905
1 0.410650 0.756004 0.474992 0.362667 0.471049 0.358821 0.359905 0.320140 0.267907 0.463443 0.266661 0.456254 0.299447 0.664987
0 0.321868 0.420737 0.322015 0.425205 0.321601 0.426592 0.318765 0.430985 0.314122 0.436747 0.306683 0.443363 0.303286 0.444673 0.299303 0.444965 0.295756 0.442101 0.294784 0.440110 0.294028 0.436688 0.294096 0.430789 0.294749 0.425908 0.297217 0.419067 0.299642 0.415765 0.303436 0.414545 0.305424 0.414693 0.318118 0.418125
0 0.337527 0.614674 0.338509 0.615781 0.339860 0.619336 0.340612 0.623053 0.340558 0.627772 0.338498 0.633817 0.334270 0.638193 0.333072 0.638517 0.331303 0.636642 0.330355 0.632586 0.330256 0.623989 0.331330 0.617132 0.332754 0.614494 0.333756 0.613831
0 0.931185 0.240332 0.931581 0.240420 0.932347 0.242957 0.934606 0.254108 0.935957 0.257663 0.936850 0.266438 0.939112 0.277294 0.939065 0.281423 0.939982 0.288134 0.940248 0.299430 0.942394 0.303163 0.942353 0.306702 0.943317 0.309283 0.944039 0.315655 0.944522 0.325520 0.944341 0.341153 0.944892 0.345120 0.946674 0.345814 0.946609 0.351418 0.945022 0.351063 0.944201 0.353245 0.944255 0.365677 0.943476 0.381471 0.943247 0.401231 0.941022 0.404282 0.925387 0.397236 0.922423 0.395391 0.920463 0.392883 0.917537 0.387792 0.915430 0.380816 0.915077 0.376893 0.914311 0.374356 0.913435 0.364106 0.913144 0.354874 0.913442 0.346365 0.915237 0.328728 0.915857 0.326798 0.915319 0.321650 0.916148 0.318879 0.916179 0.316224 0.917212 0.312907 0.918741 0.301125 0.921450 0.290494 0.922555 0.280982 0.923592 0.277371 0.925940 0.263701 0.926901 0.249427 0.928372 0.242659
0 0.885112 0.301587 0.885676 0.304374 0.885782 0.312381 0.886336 0.316054 0.884335 0.334236 0.883096 0.338099 0.882861 0.341299 0.881396 0.347477 0.879764 0.350956 0.877951 0.352915 0.876322 0.356100 0.873103 0.359224 0.870270 0.363321 0.868258 0.365238 0.862061 0.367695 0.857878 0.368238 0.848551 0.366151 0.838453 0.361823 0.831731 0.358249 0.828576 0.355769 0.824217 0.354203 0.818106 0.349288 0.813758 0.346837 0.802918 0.337906 0.799233 0.329690 0.799325 0.321726 0.803808 0.312675 0.814305 0.299646 0.822150 0.292234 0.828003 0.284968 0.843266 0.272709 0.848262 0.270870 0.852046 0.270533 0.858454 0.266940 0.862044 0.266265 0.866214 0.266901 0.868979 0.268703 0.870943 0.270917 0.874443 0.277910 0.876986 0.281731
0 0.906598 0.559221 0.909957 0.561154 0.911918 0.563663 0.914063 0.567396 0.916753 0.575686 0.917591 0.589180 0.919213 0.603736 0.918563 0.608323 0.919114 0.612290 0.918039 0.619146 0.916804 0.622715 0.913554 0.628493 0.909322 0.633164 0.904939 0.633663 0.901592 0.630549 0.898281 0.624485 0.892796 0.617048 0.891444 0.613493 0.891499 0.608774 0.892936 0.604956 0.899002 0.596554 0.903094 0.586825 0.905195 0.577240 0.904185 0.561341 0.905403 0.559249
0 0.942917 0.669955 0.942282 0.724813 0.940297 0.724369 0.936763 0.720325 0.932670 0.712905 0.930574 0.705044 0.930419 0.701164 0.934976 0.685624 0.937341 0.670480 0.941132 0.669555
