0 0.597329 0.133124 0.591801 0.136872 0.589144 0.150471 0.589976 0.156776 0.596502 0.170567 0.602179 0.171949 0.612408 0.158163 0.614394 0.143377 0.608692 0.135883
0 0.181063 0.519991 0.179605 0.531539 0.187052 0.550283 0.187544 0.559335 0.192118 0.568421 0.196874 0.569619 0.207486 0.550464 0.208585 0.541804 0.200834 0.531911 0.191315 0.529519 0.186858 0.519460
0 0.226169 0.545233 0.224213 0.547721 0.224700 0.556781 0.231722 0.559541 0.234594 0.556291 0.234109 0.547229
0 0.327177 0.570632 0.326976 0.578541 0.329664 0.583196 0.336959 0.584037 0.341694 0.579258 0.341522 0.574239
0 0.339490 0.551823 0.336848 0.553151 0.336223 0.557974 0.337614 0.566288 0.341897 0.571347 0.346385 0.568493 0.349232 0.559249 0.346542 0.554589
0 0.436661 0.553261 0.434842 0.560793 0.439425 0.569928 0.445028 0.571334 0.450341 0.568674 0.451906 0.563076 0.447196 0.554903 0.439317 0.551930
0 0.439986 0.640841 0.425097 0.641066 0.424462 0.645882 0.426896 0.652465 0.433958 0.655242 0.438588 0.651436
0 0.303420 0.627251 0.298774 0.625085 0.291424 0.631166 0.290805 0.635969 0.292818 0.639453 0.301633 0.634737 0.303595 0.632257
0 0.167549 0.633503 0.162134 0.631143 0.156183 0.639519 0.156920 0.646622 0.161783 0.646867 0.166703 0.640208
0 0.157613 0.673457 0.155189 0.679749 0.155013 0.687596 0.158722 0.690512 0.166740 0.691564 0.169715 0.687387 0.169288 0.684318 0.162232 0.675618
0 0.277989 0.665431 0.270053 0.663421 0.263334 0.664690 0.261133 0.669081 0.263445 0.676595 0.266371 0.679316 0.272965 0.679009 0.278166 0.670428
0 0.280671 0.670072 0.277919 0.672345 0.277303 0.677139 0.282417 0.688334 0.287973 0.689744 0.292932 0.683082 0.292881 0.677127 0.289404 0.672285
0 0.364270 0.690261 0.363643 0.695061 0.366620 0.703747 0.373911 0.704604 0.377724 0.700613 0.377011 0.693489
0 0.520631 0.238270 0.516361 0.245320 0.515351 0.259235 0.518477 0.267081 0.524935 0.268666 0.530821 0.262018 0.531705 0.249080 0.527770 0.241031
0 0.511973 0.397613 0.511196 0.403457 0.513769 0.409124 0.520079 0.411694 0.523559 0.410545 0.525817 0.406074 0.525245 0.397881 0.517321 0.394912
0 0.496434 0.558248 0.490176 0.561679 0.487000 0.566880 0.485716 0.576550 0.488152 0.583156 0.498187 0.588671 0.505118 0.586414 0.509099 0.581417 0.509873 0.575613 0.505961 0.567634
0 0.432099 0.762991 0.430542 0.768539 0.432173 0.774898 0.438422 0.777479 0.440362 0.769056 0.439148 0.765775 0.436212 0.763046
0 0.593781 0.060378 0.603046 0.054326 0.612301 0.055407 0.614220 0.063886 0.614462 0.069090 0.609101 0.063507 0.603226 0.063518 0.596601 0.065631 0.591387 0.060658
0 0.585525 0.158744 0.579457 0.160318 0.571396 0.170552 0.570739 0.175471 0.582782 0.185517 0.587229 0.183553 0.590958 0.168201
0 0.587678 0.317451 0.585142 0.323904 0.585445 0.334085 0.590447 0.340369 0.595297 0.341564 0.596762 0.336872 0.594975 0.325313 0.591044 0.317268
0 0.554277 0.411112 0.549596 0.414985 0.545740 0.456270 0.551377 0.457672 0.569186 0.449025 0.571713 0.442611 0.565848 0.418007
0 0.585319 0.415780 0.584140 0.424554 0.589263 0.429852 0.595306 0.428328 0.596508 0.425604 0.594874 0.419154 0.591099 0.416204
0 0.595476 0.439448 0.598330 0.449217 0.602646 0.454315 0.615824 0.455573 0.615676 0.450502 0.607865 0.446550 0.600581 0.438701
0 0.565559 0.519443 0.558576 0.515694 0.553358 0.517401 0.551383 0.525933 0.553145 0.531385 0.552235 0.538174 0.561344 0.538446 0.566148 0.533631 0.568127 0.525099
0 0.500810 0.606307 0.503631 0.610011 0.521273 0.614445 0.526603 0.611790 0.528439 0.604260 0.526678 0.598821 0.520904 0.592375 0.509802 0.588589 0.506078 0.591651
0 0.538200 0.605712 0.532866 0.608369 0.528622 0.615294 0.523550 0.616016 0.523447 0.622980 0.530047 0.635620 0.534110 0.648618 0.538793 0.650795 0.541718 0.647540 0.546273 0.650684 0.551606 0.648035 0.554793 0.642847 0.557413 0.629525 0.552134 0.613209
0 0.532896 0.707111 0.532121 0.712888 0.535351 0.719676 0.543233 0.722667 0.547628 0.720793 0.548535 0.714053 0.545304 0.707262 0.537419 0.704272
0 0.590184 0.706648 0.581765 0.707511 0.576971 0.712279 0.577534 0.720393 0.583453 0.731851 0.588267 0.733070 0.598272 0.726635 0.598514 0.718723 0.594610 0.710757
0 0.613487 0.761367 0.609865 0.757462 0.601055 0.761202 0.600402 0.766013 0.601745 0.768344 0.609901 0.769417 0.612833 0.766179
0 0.634901 0.659012 0.633862 0.672746 0.639248 0.682097 0.645687 0.683720 0.657211 0.678627 0.656934 0.674557 0.650359 0.673902 0.643376 0.670144 0.641356 0.666636 0.642279 0.659868 0.640931 0.657529
0 0.626341 0.594930 0.620017 0.587824 0.620300 0.579776 0.624812 0.574409 0.632658 0.580273 0.634287 0.588151 0.633305 0.595373 0.630182 0.598488
0 0.658312 0.627865 0.656568 0.628429 0.653633 0.637706 0.647214 0.648104 0.646555 0.652941 0.648839 0.654516 0.658771 0.655013 0.661586 0.652718 0.661681 0.633719
0 0.620215 0.413635 0.616327 0.411261 0.610045 0.404049 0.606679 0.399544 0.606916 0.390847 0.609601 0.381338 0.612408 0.374399 0.617186 0.370197 0.625342 0.370512 0.633835 0.371759 0.639920 0.375241 0.643141 0.380855 0.647774 0.389918 0.648656 0.395509 0.648029 0.401857 0.646944 0.406395 0.644724 0.408954 0.639778 0.410839 0.637179 0.412749 0.635187 0.415363 0.632174 0.416878 0.627762 0.416633 0.624936 0.416780
0 0.641202 0.374425 0.636764 0.365691 0.634934 0.358447 0.635032 0.352527 0.636905 0.345617 0.639950 0.340418 0.645195 0.338027 0.649956 0.337498 0.658391 0.337590 0.667097 0.342566 0.668920 0.346417 0.669989 0.352347 0.669397 0.360145 0.666386 0.366766 0.663146 0.371631 0.658810 0.375939 0.655036 0.377839 0.649221 0.377536
0 0.687430 0.254749 0.679305 0.252763 0.671073 0.263951 0.670405 0.268863 0.676767 0.271436 0.684610 0.269295 0.688395 0.266159
0 0.701261 0.165498 0.695838 0.168258 0.692323 0.175557 0.699530 0.190556 0.704145 0.193716 0.709567 0.190961 0.712812 0.179520 0.707506 0.169054
0 0.700128 0.130534 0.700271 0.135673 0.710191 0.143181 0.717527 0.144960 0.724453 0.143577 0.726488 0.141007 0.725263 0.137646 0.715203 0.131122 0.702842 0.129149
0 0.728415 0.170054 0.721900 0.174591 0.719469 0.186235 0.724637 0.197685 0.734413 0.200064 0.736718 0.195528 0.737796 0.181514 0.735211 0.175785
0 0.695556 0.256736 0.695029 0.266767 0.697610 0.272477 0.700591 0.275238 0.706415 0.275648 0.711830 0.272910 0.711554 0.268778 0.707347 0.262668 0.700567 0.256945
0 0.703030 0.275835 0.700734 0.280351 0.704537 0.289405 0.708197 0.293347 0.717407 0.293574 0.719295 0.285912 0.717119 0.277252 0.709123 0.274279
0 0.646039 0.076598 0.635343 0.081161 0.623857 0.091651 0.618731 0.098571 0.616726 0.107263 0.638834 0.123838 0.648591 0.126203 0.653323 0.122252 0.658300 0.104069 0.658662 0.082713 0.657435 0.079351
0 0.761173 0.183114 0.768655 0.196157 0.777768 0.197353 0.782393 0.200518 0.786477 0.195387 0.787295 0.189461 0.784437 0.185703 0.764028 0.180745
0 0.751406 0.235788 0.756160 0.237966 0.769473 0.233063 0.778718 0.227162 0.779534 0.221244 0.767977 0.213331 0.756560 0.210552 0.753301 0.215874
0 0.775997 0.283526 0.767170 0.280350 0.748441 0.281869 0.744373 0.286972 0.747498 0.294851 0.755504 0.303925 0.763510 0.306903 0.774774 0.292381
0 0.766502 0.358399 0.763520 0.361722 0.762979 0.371728 0.768809 0.378232 0.777078 0.379255 0.777758 0.368268 0.773147 0.365105 0.769078 0.358018
0 0.771112 0.355475 0.771790 0.362742 0.775452 0.366686 0.794712 0.379540 0.801499 0.379182 0.798928 0.361299 0.796080 0.351462 0.792416 0.347516 0.786715 0.346115
0 0.781667 0.546173 0.780449 0.554939 0.787206 0.572741 0.795722 0.577887 0.800996 0.576182 0.806816 0.570581 0.809527 0.563194 0.807232 0.555566 0.791810 0.545675 0.785319 0.544059
0 0.725621 0.545300 0.720088 0.542914 0.713080 0.545191 0.711602 0.549853 0.713501 0.560384 0.715928 0.560990 0.724415 0.554055
0 0.763560 0.567847 0.763155 0.570766 0.767208 0.577816 0.772881 0.579233 0.775177 0.574773 0.774232 0.569504 0.766261 0.566508
0 0.778146 0.631834 0.775177 0.635108 0.773962 0.643843 0.778414 0.660019 0.781112 0.664711 0.793663 0.664851 0.798796 0.658106 0.798531 0.647995 0.789622 0.633704
0 0.761566 0.702909 0.760085 0.707543 0.760896 0.719763 0.766419 0.722157 0.770594 0.716200 0.770594 0.710191 0.768707 0.705709 0.764933 0.702755
0 0.782849 0.778323 0.779752 0.776540 0.772483 0.780696 0.770868 0.786281 0.772080 0.789585 0.774367 0.791163 0.780423 0.789700 0.783655 0.784523
0 0.769257 0.821810 0.767375 0.823327 0.766166 0.831996 0.767376 0.835294 0.770334 0.838040 0.776922 0.838717 0.778939 0.836238 0.778402 0.828122 0.774098 0.823038
0 0.763170 0.643144 0.760342 0.657489 0.762365 0.661007 0.767219 0.662226 0.769107 0.660693 0.768971 0.649618 0.765598 0.643753
0 0.830713 0.633942 0.830031 0.638800 0.833543 0.643703 0.844761 0.653554 0.848957 0.653600 0.851401 0.648177 0.850461 0.642911 0.836128 0.631273
0 0.824569 0.695703 0.822410 0.693153 0.806203 0.695097 0.805661 0.698973 0.808494 0.702695 0.816593 0.704733 0.821998 0.702080
0 0.824103 0.913506 0.822760 0.911172 0.811997 0.910417 0.808499 0.911516 0.808496 0.917487 0.820734 0.919616 0.823426 0.918313
0 0.843335 0.603877 0.835738 0.616078 0.833971 0.622682 0.834641 0.629894 0.848025 0.642301 0.854658 0.642956 0.856017 0.639271 0.851862 0.609030 0.849158 0.604324
0 0.876102 0.472613 0.870257 0.472180 0.863855 0.481734 0.855545 0.498902 0.855536 0.504969 0.857028 0.506350 0.879168 0.504760 0.884070 0.499903 0.882464 0.487355
0 0.893168 0.441346 0.883374 0.438929 0.869632 0.440608 0.867303 0.451185 0.871486 0.469445 0.876377 0.470655 0.893694 0.449592 0.894523 0.443710
0 1.000000 0.485485 0.996806 0.486233 0.982024 0.494762 0.976134 0.500409 0.973519 0.506863 0.974153 0.520203 0.984599 0.535972 0.990603 0.535434 1.000000 0.525137 1.000000 0.516555 1.000000 0.504589 1.000000 0.489440
0 0.940061 0.752885 0.938694 0.756559 0.939767 0.760846 0.946650 0.771619 0.951390 0.773819 0.954921 0.772701 0.955893 0.765916 0.953215 0.755194 0.947797 0.751820
0 0.993941 0.794598 0.991871 0.803114 0.992800 0.808369 0.996451 0.812303 1.000000 0.813743 1.000000 0.812217 1.000000 0.804261 1.000000 0.798387
0 0.990144 0.931900 0.987685 0.937269 0.990352 0.947939 0.993854 0.952827 1.000000 0.955862 1.000000 0.941409 0.998381 0.938996 0.995830 0.933348
0 0.347872 0.346931 0.344167 0.350028 0.343539 0.354890 0.349154 0.375339 0.355647 0.388981 0.362176 0.389599 0.366260 0.383594 0.371186 0.364749 0.370297 0.352482
0 0.123402 0.009973 0.118611 0.008811 0.110942 0.010989 0.106661 0.019036 0.105284 0.036863 0.101127 0.043920 0.099075 0.060556 0.099945 0.066813 0.104244 0.071891 0.113810 0.074223 0.122390 0.071276 0.127904 0.066571 0.134391 0.054032 0.137013 0.039533 0.135955 0.028171 0.129426 0.014466
0 0.062071 0.538617 0.056904 0.534347 0.040894 0.532290 0.036480 0.535133 0.035889 0.539927 0.040578 0.548029 0.046885 0.549621 0.057177 0.545296
0 0.469049 0.187179 0.462597 0.185602 0.454988 0.192855 0.454474 0.196778 0.445971 0.210884 0.432519 0.224773 0.429886 0.232210 0.430855 0.237498 0.439709 0.239669 0.450818 0.237343 0.470442 0.220920 0.474666 0.207788 0.472858 0.196210
0 0.483349 0.204333 0.480986 0.209051 0.476887 0.236193 0.476256 0.248948 0.477505 0.257914 0.480423 0.262227 0.481916 0.258795 0.484673 0.243187 0.486208 0.230223 0.486718 0.214471 0.485293 0.205437
0 0.488625 0.202657 0.495192 0.205740 0.498919 0.215765 0.498682 0.229474 0.495878 0.242758 0.493159 0.254145 0.489240 0.262705 0.485262 0.263840 0.481227 0.260101 0.483034 0.256947 0.484106 0.247486 0.486405 0.235359 0.487187 0.224120 0.487510 0.216365 0.488072 0.209508 0.488219 0.205737
0 0.163235 0.178890 0.163058 0.186885 0.166988 0.194883 0.175758 0.197037 0.181399 0.191388 0.182255 0.184562 0.180228 0.181049 0.167709 0.175967
0 0.306874 0.138474 0.293663 0.138279 0.288103 0.142980 0.284825 0.149245 0.282902 0.157857 0.284059 0.168227 0.291999 0.177231 0.299212 0.178997 0.305199 0.177436 0.313243 0.166286 0.314998 0.152579
0 0.046107 0.470230 0.045514 0.475039 0.048868 0.480836 0.052816 0.481828 0.058817 0.479370 0.058070 0.472241 0.051437 0.466610
0 0.000000 0.373990 0.026644 0.374320 0.037689 0.377571 0.025398 0.384486 0.014911 0.383369 0.008344 0.380230
0 0.034285 0.221350 0.030046 0.229303 0.029334 0.235125 0.031553 0.243667 0.041578 0.255137 0.052793 0.256911 0.055648 0.253619 0.056483 0.246828 0.048874 0.228950 0.044037 0.221755
0 0.028059 0.198806 0.027428 0.210657 0.031669 0.222705 0.036306 0.224849 0.044830 0.221951 0.047488 0.213601 0.044475 0.204852 0.039279 0.200569
0 0.003549 0.158737 0.000000 0.162430 0.000000 0.170399 0.000000 0.200317 0.000000 0.215662 0.005963 0.219361 0.015304 0.209668 0.021080 0.189081 0.020325 0.181888 0.013263 0.166132 0.008305 0.159906
0 0.014229 0.023781 0.009780 0.026724 0.000022 0.046480 0.000000 0.061126 0.000000 0.074587 0.006803 0.098371 0.010735 0.106359 0.018873 0.113370 0.024668 0.112782 0.032647 0.107707 0.039518 0.098339 0.044210 0.073350 0.043096 0.069055 0.046639 0.046774 0.046440 0.041691 0.041707 0.033489 0.030371 0.025695
0 0.305324 0.176458 0.298285 0.179778 0.295257 0.184078 0.293384 0.198739 0.297868 0.208908 0.305380 0.214781 0.310312 0.214984 0.318654 0.207960 0.321511 0.198578 0.319432 0.188991 0.314697 0.180770
0 0.474866 0.319958 0.466046 0.323830 0.463477 0.343343 0.464444 0.348616 0.468884 0.352733 0.477732 0.354920 0.484942 0.350659 0.489391 0.329587 0.478891 0.320950
0 0.383371 0.296396 0.381809 0.302049 0.382908 0.306346 0.386412 0.311235 0.391226 0.312423 0.393085 0.310869 0.394227 0.302092 0.391524 0.297399
0 0.166755 0.295096 0.162102 0.292944 0.154578 0.294084 0.149079 0.298726 0.139623 0.315381 0.138723 0.329146 0.144783 0.339639 0.151140 0.341217 0.157066 0.339692 0.164519 0.332548 0.170320 0.318990 0.170921 0.301131
0 0.217479 0.322667 0.213800 0.325760 0.212696 0.334494 0.220418 0.338409 0.226856 0.332999 0.228391 0.327372
0 0.430771 0.440730 0.430809 0.446754 0.433797 0.455515 0.438353 0.458654 0.444477 0.456170 0.446848 0.450746 0.446010 0.444521 0.439338 0.444867 0.437989 0.442526
0 0.399881 0.487099 0.393354 0.486469 0.379674 0.490050 0.367772 0.499063 0.361595 0.508502 0.359540 0.517968 0.359836 0.522033 0.365218 0.531362 0.371103 0.536827 0.380687 0.539230 0.391706 0.537002 0.398313 0.530672 0.402903 0.520836 0.404676 0.507292 0.403123 0.493909
0 0.352673 0.488298 0.342840 0.487837 0.318497 0.497717 0.312790 0.497286 0.310025 0.499586 0.309278 0.505382 0.315531 0.507944 0.332183 0.500144 0.339741 0.499041 0.350198 0.494669 0.353096 0.491400
0 0.317154 0.463446 0.299231 0.461966 0.300006 0.475135 0.291146 0.492867 0.289533 0.505420 0.291675 0.507949 0.298296 0.507615 0.310274 0.497654 0.321041 0.484385 0.321790 0.478583
0 0.240880 0.468331 0.236042 0.474095 0.229916 0.496458 0.235719 0.508859 0.244093 0.513944 0.246601 0.513578 0.252054 0.503002 0.254329 0.491622 0.247795 0.472053
0 0.202533 0.414888 0.198375 0.421830 0.200822 0.428422 0.209505 0.437568 0.212502 0.433331 0.213666 0.417664 0.212320 0.415333
0 0.152188 0.411305 0.150115 0.414772 0.149457 0.426558 0.157821 0.431634 0.162825 0.430893 0.165934 0.425693 0.165869 0.419700 0.160918 0.413483
0 0.078042 0.389823 0.072100 0.398289 0.071384 0.404078 0.074147 0.414710 0.081343 0.422473 0.091631 0.425045 0.101778 0.415646 0.103290 0.410054 0.102305 0.404833 0.098272 0.397855 0.092295 0.393378
0 0.153133 0.566523 0.151684 0.578043 0.155158 0.582880 0.160147 0.582159 0.163005 0.578919 0.162818 0.573919
0 0.186675 0.188663 0.177906 0.199574 0.176009 0.208148 0.180427 0.212247 0.188402 0.214208 0.190486 0.210703 0.193489 0.193352 0.193058 0.190230
0 0.643566 0.293727 0.640073 0.300976 0.639955 0.308038 0.645111 0.319431 0.652285 0.328283 0.668231 0.334229 0.678896 0.329762 0.682264 0.323497 0.681977 0.313291 0.679254 0.302484 0.673830 0.293040 0.662870 0.287310 0.655436 0.286501
0 0.537262 0.100227 0.533499 0.103385 0.530965 0.109892 0.531620 0.136485 0.533944 0.144163 0.542482 0.155384 0.551387 0.157552 0.557163 0.151844 0.558736 0.140028 0.557067 0.127418 0.553647 0.115396 0.548892 0.107119 0.543743 0.101799
0 0.493671 0.114053 0.490727 0.117401 0.489949 0.123307 0.492566 0.135113 0.500809 0.142195 0.506598 0.142588 0.511160 0.139637 0.515306 0.133535 0.516087 0.127628 0.512692 0.121722 0.502017 0.114048
0 0.441255 0.094214 0.437348 0.092250 0.426895 0.095803 0.418356 0.103875 0.408929 0.118821 0.408163 0.124716 0.410070 0.129234 0.425895 0.129033 0.439017 0.124115 0.441914 0.114675
0 0.462718 0.038410 0.454632 0.036455 0.449009 0.041202 0.445555 0.048505 0.444526 0.056392 0.446563 0.059936 0.456259 0.062284 0.464049 0.060102 0.465599 0.048267
0 0.234699 0.101678 0.232909 0.109318 0.235864 0.112057 0.246521 0.112638 0.247016 0.108720 0.243202 0.099711 0.239197 0.098735
0 0.177297 0.092728 0.174720 0.100166 0.176137 0.108576 0.184803 0.111700 0.188489 0.108567 0.189102 0.103675 0.180615 0.092528
0 0.137788 0.119351 0.132034 0.125994 0.130528 0.144735 0.134581 0.151760 0.141632 0.154493 0.151494 0.147859 0.152833 0.137121 0.148589 0.125012 0.144965 0.121106
0 0.331435 0.000000 0.327787 0.000000 0.322150 0.000000 0.313471 0.000000 0.295551 0.000029 0.294549 0.007906 0.298871 0.013010 0.309751 0.018687 0.318598 0.020828 0.321263 0.019444 0.325364 0.013330 0.330853 0.000000
0 0.493854 0.150652 0.485839 0.160872 0.483996 0.168534 0.486870 0.178359 0.496849 0.184849 0.505027 0.179748 0.508359 0.173462 0.508331 0.167369 0.504101 0.155177
0 0.882048 0.770365 0.877856 0.770309 0.871221 0.775648 0.855130 0.782599 0.826655 0.776401 0.820583 0.777868 0.819493 0.791596 0.822854 0.803445 0.831869 0.822720 0.840222 0.828835 0.848314 0.830887 0.859517 0.828731 0.868843 0.822096 0.876293 0.810977 0.880368 0.799996 0.884070 0.773883
0 0.404846 0.150244 0.400015 0.149065 0.395649 0.157109 0.382479 0.169066 0.370335 0.173175 0.354318 0.194508 0.351577 0.202920 0.352299 0.210159 0.378041 0.222525 0.387683 0.224890 0.391152 0.223722 0.403176 0.201420 0.411702 0.174182 0.412173 0.164178
0 0.237327 0.139654 0.232832 0.142588 0.231227 0.155298 0.239028 0.178363 0.242780 0.181297 0.246226 0.180127 0.254113 0.169970 0.257574 0.155697 0.256594 0.150415 0.253086 0.145523
0 0.267007 0.035706 0.263977 0.040035 0.262732 0.049858 0.270173 0.075953 0.274183 0.076929 0.286488 0.064739 0.288738 0.047055 0.286151 0.041362 0.282386 0.038422 0.273679 0.035298
0 0.571070 0.229340 0.562062 0.234232 0.559813 0.244827 0.566482 0.263679 0.571750 0.268008 0.583690 0.253714 0.586209 0.241154 0.585246 0.235849 0.581593 0.231914
0 0.443420 0.457912 0.441632 0.471493 0.444911 0.484329 0.450268 0.487668 0.456009 0.488099 0.463193 0.483881 0.466369 0.478661 0.465533 0.472440 0.448360 0.458139
0 0.420972 0.389134 0.410798 0.384604 0.404002 0.385931 0.398558 0.389599 0.397417 0.398346 0.402940 0.406738 0.412559 0.409127 0.417752 0.407406 0.421430 0.398283
0 0.186602 0.000000 0.181863 0.000000 0.179099 0.012365 0.186985 0.028436 0.192587 0.029796 0.200776 0.023691 0.202807 0.014065 0.196089 0.000000
0 0.426811 0.319190 0.424949 0.320744 0.424056 0.327570 0.430340 0.349244 0.438500 0.350256 0.445824 0.345022 0.451928 0.336464 0.452022 0.329438 0.449866 0.326892
0 0.417166 0.253317 0.413185 0.258392 0.413479 0.262499 0.417410 0.270524 0.426037 0.280712 0.432853 0.279364 0.442141 0.265507 0.439690 0.258849 0.432284 0.251984 0.427457 0.250798
1 0.660363 0.157365 0.697559 0.115513 0.746348 0.149171 0.735834 0.209725 0.678225 0.206768
1 0.727089 0.522054 0.698356 0.543602 0.789679 0.630946 0.770332 0.531516
1 0.522978 0.371450 0.588352 0.310862 0.606902 0.418435
1 0.571312 0.784524 0.548567 0.652319 0.645348 0.742163
1 0.022161 0.409348 0.059799 0.392892 0.053283 0.259500 0.000000 0.319473
1 0.000000 0.537107 0.018959 0.414752 0.091807 0.524892 0.000000 0.563992
0 0.817201 0.616474 0.813417 0.613515 0.807466 0.614039 0.795432 0.628124 0.793403 0.636662 0.798127 0.644879 0.808799 0.646550 0.817047 0.641581 0.820296 0.636362 0.821384 0.628588
0 0.809702 0.501682 0.806723 0.498922 0.801575 0.499664 0.793447 0.509764 0.782754 0.514172 0.781130 0.519822 0.782887 0.525303 0.788163 0.529641 0.797093 0.531863 0.802372 0.530149 0.807249 0.525307 0.809826 0.518881 0.811187 0.509121
0 0.794006 0.457358 0.790074 0.467507 0.793049 0.482395 0.800902 0.492426 0.807403 0.494039 0.811876 0.492116 0.816082 0.486084 0.817309 0.477288 0.815823 0.469840 0.804035 0.457817 0.798479 0.455430
0 0.851437 0.425976 0.846684 0.423789 0.836624 0.429417 0.826428 0.442097 0.825608 0.447971 0.829946 0.453094 0.840669 0.454733 0.851953 0.446378 0.853188 0.437561
0 0.842409 0.363861 0.833711 0.359692 0.827591 0.361236 0.818345 0.367088 0.813183 0.367849 0.811954 0.376682 0.814666 0.381409 0.820097 0.384775 0.840070 0.386647 0.841975 0.385085 0.843347 0.375267
0 0.815518 0.332867 0.803285 0.335964 0.800431 0.338312 0.799341 0.346170 0.807752 0.364483 0.812368 0.367649 0.817530 0.366888 0.822289 0.362980 0.825014 0.355524 0.821768 0.336434
0 0.723597 0.248338 0.720214 0.254631 0.718733 0.265453 0.720097 0.273917 0.731220 0.284768 0.741119 0.286176 0.746130 0.274186 0.744632 0.260598 0.740422 0.254483 0.729429 0.248745
0 0.722345 0.214445 0.720863 0.225284 0.724124 0.232187 0.738650 0.242856 0.745165 0.244447 0.749236 0.239332 0.750860 0.227506 0.747868 0.218627 0.744879 0.215861 0.731843 0.212685
0 0.697281 0.132906 0.692117 0.127572 0.683157 0.125401 0.672584 0.128961 0.666632 0.135677 0.662201 0.156009 0.665187 0.158772 0.688082 0.151080 0.692958 0.146144
0 0.591619 0.071285 0.596786 0.064248 0.606491 0.065449 0.613514 0.069148 0.615314 0.075013 0.614009 0.082984 0.608604 0.088257 0.599125 0.085392 0.594831 0.080630
0 0.391748 0.543000 0.390191 0.548596 0.392083 0.553060 0.399315 0.560860 0.405582 0.563430 0.414590 0.557709 0.418385 0.547682 0.416493 0.543214 0.405549 0.538475
0 0.277382 0.568051 0.268073 0.576637 0.263660 0.585457 0.263839 0.590466 0.275265 0.597317 0.281800 0.603929 0.286569 0.605132 0.290493 0.600164 0.290388 0.588218 0.285334 0.570052
