0 0.453104 0.916290 0.453040 0.924568 0.456825 0.935912 0.459370 0.940715 0.468760 0.950872 0.482911 0.957417 0.488938 0.957032 0.492857 0.950989 0.493333 0.945167 0.492529 0.937770 0.489111 0.934679 0.484894 0.923363 0.474220 0.912459 0.467788 0.909560 0.459177 0.910110 0.455720 0.911985
0 0.390783 0.906200 0.390321 0.910367 0.392005 0.915225 0.395430 0.917489 0.399305 0.917241 0.400609 0.915503 0.401091 0.908853 0.398983 0.903194 0.392962 0.902752
0 0.586832 0.930096 0.582039 0.937850 0.581088 0.949494 0.581809 0.967653 0.585453 0.997211 0.588154 1.000000 0.589799 1.000000 0.591490 1.000000 0.596193 1.000000 0.598346 1.000000 0.603108 1.000000 0.613601 1.000000 0.617122 1.000000 0.617623 1.000000 0.607489 0.985874 0.605830 0.977705 0.601183 0.966417 0.591973 0.933077
0 0.761502 0.769170 0.755911 0.768699 0.752441 0.772231 0.741948 0.793588 0.738471 0.797948 0.735837 0.804736 0.719702 0.832245 0.715218 0.855702 0.714215 0.873970 0.714956 0.889645 0.718259 0.907639 0.725996 0.908800 0.733804 0.900855 0.737299 0.894012 0.741257 0.883002 0.742606 0.875468 0.749636 0.856814 0.758098 0.819864 0.764266 0.801265 0.766547 0.784570 0.765326 0.775546
0 0.798605 0.756871 0.795598 0.756237 0.787360 0.764209 0.782554 0.773618 0.778216 0.778033 0.770789 0.792574 0.768565 0.801819 0.762417 0.817934 0.757983 0.834767 0.757501 0.841418 0.754430 0.849060 0.753922 0.859023 0.751699 0.868268 0.749335 0.895726 0.749696 0.904806 0.751367 0.911319 0.755228 0.912727 0.766429 0.911184 0.779763 0.911989 0.806895 0.909429 0.814310 0.896543 0.817831 0.886389 0.820497 0.875461 0.820549 0.868838 0.818042 0.859068 0.818074 0.854928 0.816796 0.853355 0.815143 0.844358 0.811351 0.833843 0.811383 0.829703 0.809706 0.824018 0.809751 0.818223 0.805580 0.801111 0.804815 0.788748
0 0.823277 0.627036 0.822435 0.624607 0.819435 0.623143 0.808177 0.632137 0.804269 0.636524 0.804636 0.644775 0.807624 0.647895 0.814513 0.647455 0.819705 0.643813 0.823637 0.636114
0 0.977719 0.522015 0.973799 0.528057 0.971095 0.543952 0.962215 0.579274 0.959053 0.598508 0.959459 0.601793 0.961586 0.604967 0.966309 0.606321 0.973673 0.600058 0.978467 0.592305 0.982001 0.580494 0.983370 0.570476 0.983536 0.548951 0.981537 0.529219
0 1.000000 0.328431 0.997844 0.312202 0.993109 0.312504 0.975373 0.324394 0.960638 0.337747 0.926889 0.361416 0.916055 0.371210 0.905689 0.376009 0.896591 0.384037 0.874543 0.397030 0.869318 0.404810 0.863195 0.417614 0.853531 0.443056 0.849554 0.456549 0.849477 0.466484 0.890399 0.461390 0.914047 0.464018 0.926964 0.463193 0.951852 0.472362 0.960900 0.470956 0.982619 0.444745 0.993973 0.423334 0.995753 0.415772 1.000000 0.402196 1.000000 0.372945 1.000000 0.344851
0 0.915456 0.170167 0.911292 0.152228 0.906202 0.142623 0.902333 0.142043 0.894114 0.147533 0.868958 0.173135 0.866779 0.176584 0.866304 0.182407 0.871407 0.190356 0.880004 0.191462 0.892104 0.184898 0.914962 0.178473
0 0.223767 0.354993 0.222926 0.352564 0.218222 0.348727 0.199342 0.341657 0.192883 0.342070 0.185937 0.349960 0.160522 0.353238 0.156190 0.356824 0.149617 0.372139 0.146501 0.385578 0.142106 0.397442 0.126061 0.413362 0.115195 0.427295 0.110716 0.449924 0.098791 0.489577 0.099132 0.501140 0.100828 0.504342 0.105564 0.504039 0.108597 0.501363 0.115929 0.499241 0.133107 0.503936 0.136557 0.502889 0.146196 0.480758 0.149749 0.466464 0.153695 0.457110 0.159369 0.446818 0.163275 0.442431 0.173647 0.436804 0.186994 0.435952 0.211156 0.427790 0.214240 0.418491 0.215274 0.396082 0.217934 0.385982 0.220555 0.380851 0.223267 0.364127
0 0.171782 0.232532 0.170593 0.219368 0.164642 0.209818 0.157766 0.208602 0.154733 0.211278 0.148313 0.206722 0.137999 0.204899 0.119859 0.213504 0.106955 0.212673 0.101326 0.217169 0.085820 0.218987 0.081071 0.220945 0.078462 0.224421 0.069002 0.223370 0.061658 0.227149 0.049602 0.227919 0.041814 0.233381 0.016334 0.244937 0.012852 0.250124 0.011934 0.257631 0.014896 0.264062 0.022165 0.270218 0.046597 0.282725 0.053865 0.288881 0.064597 0.292334 0.071865 0.298490 0.081311 0.301196 0.088155 0.306553 0.095032 0.307768 0.106149 0.316988 0.109156 0.317624 0.112949 0.328139 0.122710 0.345721 0.128989 0.368490 0.132825 0.373211 0.137562 0.372908 0.146255 0.361595 0.151068 0.351359 0.155046 0.337865 0.156851 0.326992 0.161696 0.312616 0.163103 0.297630 0.165288 0.293353 0.168847 0.278232 0.168988 0.260018 0.171237 0.247462
0 0.242798 0.955366 0.246166 0.965081 0.255181 0.967816 0.261570 0.976511 0.275309 0.980598 0.287377 0.978173 0.294246 0.980217 0.301142 0.978949 0.306340 0.974480 0.311134 0.966726 0.318073 0.959663 0.326794 0.945040 0.330328 0.933229 0.335533 0.927932 0.339021 0.921917 0.343442 0.906739 0.343949 0.896778 0.341411 0.891147 0.328141 0.882064 0.306639 0.880126 0.302783 0.877890 0.276134 0.873799 0.266225 0.875259 0.258854 0.882350 0.254485 0.890903 0.253572 0.897581 0.250488 0.906881 0.249557 0.916043 0.244686 0.933731 0.242874 0.945431
0 0.022841 0.851074 0.009359 0.869313 0.004096 0.882061 0.000000 0.898066 0.000000 0.908001 0.000814 0.917025 0.000000 0.923759 0.000000 0.932865 0.003939 0.958201 0.010288 0.971863 0.015853 0.975645 0.020082 0.985304 0.031193 0.995353 0.039348 0.998142 0.045749 1.000000 0.056513 1.000000 0.070778 0.996136 0.081194 0.984714 0.091662 0.966669 0.095222 0.951546 0.098281 0.945559 0.100053 0.938826 0.101422 0.928808 0.101993 0.910566 0.098709 0.890089 0.088549 0.868396 0.085129 0.865303 0.083472 0.857135 0.073228 0.846203 0.062946 0.840240 0.056931 0.838969 0.039703 0.840896
0 0.059970 0.668311 0.057272 0.683378 0.056226 0.707442 0.058508 0.746189 0.064730 0.776409 0.071022 0.797522 0.076941 0.811212 0.085880 0.823881 0.103430 0.836001 0.115460 0.838543 0.126224 0.837855 0.146922 0.832397 0.159883 0.825778 0.172446 0.815045 0.179849 0.803815 0.180343 0.795509 0.179502 0.793080 0.172233 0.786924 0.163223 0.783362 0.157684 0.776268 0.149124 0.770195 0.142299 0.762356 0.132879 0.756336 0.125218 0.745241 0.117063 0.742451 0.111542 0.732874 0.103844 0.726746 0.099197 0.715457 0.093638 0.710847 0.089809 0.705298 0.079237 0.681149 0.067328 0.662876 0.063029 0.662323
0 0.190468 0.543305 0.189530 0.553295 0.190732 0.564802 0.194897 0.582741 0.203335 0.604545 0.205810 0.618455 0.215996 0.636836 0.219782 0.648180 0.226156 0.658530 0.230430 0.662396 0.238578 0.666013 0.242415 0.670733 0.265208 0.672588 0.271705 0.667208 0.279043 0.664257 0.289485 0.649524 0.289974 0.642045 0.276388 0.618087 0.266980 0.610413 0.265720 0.606356 0.265341 0.599760 0.268874 0.587950 0.272332 0.586074 0.277473 0.589055 0.287794 0.590051 0.294264 0.587984 0.294797 0.574710 0.291847 0.566623 0.290646 0.555115 0.287277 0.545400 0.284308 0.539797 0.279604 0.535960 0.277908 0.532758 0.276680 0.524562 0.271147 0.516640 0.266012 0.512830 0.251836 0.509597 0.236767 0.510559 0.227744 0.508653 0.222122 0.512322 0.215233 0.512762 0.205736 0.516677 0.200518 0.523630 0.200884 0.531882 0.204277 0.538286 0.202973 0.540024 0.203327 0.549932 0.202047 0.548357 0.201649 0.544246 0.199928 0.544355 0.196090 0.539635 0.192210 0.540711
1 0.870624 0.363319 0.950995 0.131538 0.813942 0.131507
1 0.575965 0.895149 0.692446 0.956230 0.602061 1.000000
1 0.486284 0.163734 0.611264 0.259739 0.500475 0.426675
1 0.707333 0.510958 0.870076 0.618843 0.718051 0.961283
1 0.431228 0.815821 0.499760 0.431925 0.577864 0.471128 0.507950 0.859018
1 0.367902 0.788667 0.568521 0.892844 0.539234 1.000000 0.344648 0.911032
1 1.000000 0.247787 0.871249 0.617941 0.965335 0.645573
0 0.498356 0.183552 0.498298 0.191002 0.504193 0.208004 0.517784 0.231134 0.536549 0.253106 0.542121 0.256060 0.545134 0.255867 0.546446 0.253301 0.546972 0.240855 0.544909 0.229402 0.541965 0.220488 0.537274 0.214995 0.534767 0.205225 0.533052 0.204506 0.528393 0.194874 0.520289 0.185461 0.510020 0.177842 0.501833 0.179192
0 0.499871 0.488800 0.494274 0.489157 0.489943 0.492744 0.485586 0.499642 0.479848 0.518213 0.478923 0.526547 0.479650 0.543877 0.481302 0.552874 0.484695 0.559278 0.487266 0.560769 0.493737 0.558701 0.496789 0.553542 0.502077 0.537482 0.505225 0.519903 0.505366 0.501690 0.502429 0.491947
0 0.477536 0.706202 0.470653 0.705813 0.461561 0.713013 0.456324 0.722450 0.453220 0.734233 0.453054 0.755759 0.454288 0.763128 0.456389 0.769613 0.461074 0.775934 0.464506 0.777371 0.470122 0.774530 0.475796 0.764237 0.480217 0.749060 0.482048 0.734876 0.482176 0.718317 0.480093 0.709349
0 0.397657 0.295071 0.394637 0.296091 0.387253 0.304838 0.382883 0.313391 0.375816 0.337013 0.373086 0.356219 0.370881 0.362979 0.367740 0.379730 0.365717 0.418752 0.367787 0.429377 0.381700 0.466554 0.388056 0.479388 0.394797 0.497989 0.400306 0.509223 0.407612 0.510411 0.412457 0.496035 0.413838 0.484362 0.413471 0.476111 0.415475 0.439573 0.413840 0.372650 0.411809 0.357057 0.411474 0.344666 0.407393 0.315964 0.402791 0.298881
