0 0.442139 0.235351 0.446749 0.240184 0.447763 0.253832 0.446368 0.259699 0.439065 0.271476 0.433795 0.271526 0.425969 0.255993 0.425690 0.241362 0.431601 0.235452
0 0.783932 0.707154 0.784156 0.718858 0.775439 0.735526 0.774100 0.744319 0.768981 0.752173 0.764464 0.752216 0.756526 0.730831 0.756359 0.722052 0.764490 0.714170 0.773523 0.714083 0.778625 0.705254
0 0.739779 0.721236 0.741341 0.724148 0.740002 0.732940 0.733246 0.733981 0.730913 0.730101 0.732252 0.721309
0 0.644178 0.722155 0.643574 0.729966 0.640637 0.733896 0.633843 0.732986 0.629968 0.727170 0.630628 0.722286
0 0.634735 0.700784 0.637030 0.702713 0.637123 0.707590 0.635014 0.715415 0.630572 0.719360 0.626733 0.715494 0.625042 0.705755 0.627979 0.701825
0 0.545479 0.679204 0.546381 0.687000 0.541261 0.694854 0.535991 0.694904 0.531400 0.691046 0.530536 0.685201 0.535674 0.678323 0.543184 0.677275
0 0.533549 0.764192 0.547174 0.767963 0.547267 0.772840 0.544367 0.778721 0.537611 0.779762 0.533754 0.774921
0 0.660406 0.783458 0.664904 0.782440 0.671075 0.790185 0.671168 0.795061 0.668965 0.798009 0.661308 0.791254 0.659746 0.788343
0 0.785376 0.822254 0.790628 0.821228 0.795330 0.830938 0.793954 0.837780 0.789419 0.836848 0.785507 0.829081
0 0.790694 0.864151 0.792329 0.870964 0.791726 0.878774 0.787999 0.880761 0.780453 0.879858 0.778102 0.875003 0.778798 0.872070 0.786196 0.865170
0 0.680063 0.827169 0.687590 0.827096 0.693669 0.829964 0.695267 0.834827 0.692386 0.841683 0.689413 0.843663 0.683353 0.841770 0.679403 0.832053
0 0.677126 0.831099 0.679441 0.834003 0.679534 0.838880 0.673698 0.848692 0.668428 0.848742 0.664516 0.840976 0.665156 0.835116 0.668846 0.831179
0 0.598067 0.830884 0.598160 0.835761 0.594546 0.843600 0.587752 0.842689 0.584647 0.837842 0.586022 0.831000
0 0.500869 0.353802 0.504029 0.361576 0.503537 0.375238 0.499904 0.382102 0.493881 0.382160 0.489215 0.374400 0.489726 0.361714 0.494112 0.354843
0 0.492557 0.509969 0.492668 0.515822 0.489750 0.520727 0.483747 0.521761 0.480698 0.519839 0.479100 0.514976 0.480456 0.507159 0.487965 0.506111
0 0.490341 0.669979 0.495703 0.674805 0.498073 0.680636 0.498260 0.690389 0.495360 0.696271 0.485631 0.699292 0.479533 0.695447 0.476411 0.689624 0.476299 0.683772 0.480686 0.676901
0 0.452750 0.166453 0.445011 0.158607 0.436558 0.157585 0.433965 0.165268 0.433216 0.170192 0.438617 0.166042 0.443913 0.167358 0.449672 0.170853 0.454880 0.167253
0 0.450189 0.262589 0.455513 0.265464 0.461760 0.277111 0.461853 0.281987 0.449938 0.288931 0.446119 0.286041 0.444315 0.270450
0 0.432016 0.414948 0.433651 0.421761 0.432332 0.431529 0.427155 0.436456 0.422639 0.436500 0.421794 0.431630 0.424599 0.420872 0.428985 0.414001
0 0.452716 0.513279 0.456573 0.518120 0.455849 0.559099 0.450580 0.559150 0.435283 0.546615 0.433646 0.539802 0.441499 0.517289
0 0.424054 0.510628 0.424222 0.519406 0.419027 0.523358 0.413702 0.520483 0.412893 0.517564 0.415039 0.511690 0.418767 0.509703
0 0.412401 0.531226 0.408804 0.540041 0.404362 0.543986 0.392281 0.542151 0.392940 0.537267 0.400431 0.535244 0.407848 0.529319
0 0.431335 0.615916 0.438073 0.613900 0.442645 0.616783 0.443566 0.625554 0.441401 0.630453 0.441531 0.637280 0.433212 0.635409 0.429337 0.629593 0.428417 0.620822
0 0.481430 0.715916 0.478475 0.718871 0.461914 0.719030 0.457322 0.715172 0.456421 0.707377 0.458587 0.702478 0.464515 0.697544 0.475035 0.696467 0.478121 0.700339
0 0.447370 0.706488 0.451961 0.710346 0.455120 0.718120 0.459674 0.720028 0.459052 0.726862 0.451729 0.737664 0.446683 0.749419 0.442185 0.750437 0.439852 0.746558 0.435372 0.748552 0.430781 0.744694 0.428411 0.738863 0.427399 0.725216 0.433894 0.710520
0 0.441759 0.807023 0.441871 0.812875 0.438219 0.818763 0.430710 0.819811 0.426891 0.816921 0.426760 0.810094 0.430412 0.804205 0.437922 0.803158
0 0.389539 0.792892 0.397123 0.795746 0.400998 0.801562 0.399642 0.809379 0.393053 0.819198 0.388537 0.819241 0.380088 0.810542 0.380692 0.802732 0.385078 0.795861
0 0.362599 0.840952 0.366307 0.837990 0.373946 0.843770 0.374039 0.848647 0.372571 0.850612 0.365024 0.849709 0.362692 0.845829
0 0.353813 0.735679 0.353321 0.749341 0.347447 0.757202 0.341426 0.757260 0.331490 0.749551 0.332169 0.745642 0.338209 0.746560 0.344947 0.744544 0.347149 0.741596 0.347019 0.734768 0.348488 0.732803
0 0.368273 0.675182 0.374757 0.669745 0.375337 0.661837 0.371798 0.655550 0.364065 0.659419 0.361765 0.666709 0.361903 0.673976 0.364415 0.677746
0 0.335810 0.699757 0.337334 0.700718 0.339027 0.710457 0.343767 0.722118 0.343860 0.726994 0.341620 0.727992 0.332550 0.726128 0.330235 0.723223 0.332140 0.704670
0 0.392638 0.500491 0.396406 0.499090 0.402843 0.493555 0.406358 0.489970 0.407040 0.481496 0.405587 0.471677 0.403761 0.464319 0.399868 0.459157 0.392452 0.457589 0.384637 0.456845 0.378771 0.458814 0.375277 0.463500 0.370147 0.471197 0.368770 0.476401 0.368679 0.482684 0.369190 0.487323 0.370933 0.490310 0.375213 0.493274 0.377368 0.495722 0.378901 0.498712 0.381472 0.500873 0.385492 0.501653 0.388037 0.502448
0 0.377697 0.457731 0.382615 0.450308 0.385019 0.443729 0.385542 0.437988 0.384563 0.430886 0.382346 0.425171 0.377852 0.421664 0.373604 0.420065 0.365973 0.418227 0.357594 0.421039 0.355548 0.424337 0.353967 0.429814 0.353692 0.437475 0.355724 0.444557 0.358147 0.449997 0.361619 0.455154 0.364832 0.457855 0.370122 0.458897
0 0.348362 0.331856 0.355890 0.331783 0.362154 0.344405 0.362247 0.349282 0.356244 0.350315 0.349394 0.346479 0.346308 0.342606
0 0.345162 0.243112 0.349753 0.246970 0.352161 0.254752 0.344123 0.267511 0.339643 0.269505 0.335052 0.265647 0.333322 0.253957 0.339178 0.245121
0 0.349799 0.209899 0.349139 0.214783 0.339446 0.219754 0.332671 0.219820 0.326593 0.216951 0.325032 0.214040 0.326481 0.211099 0.336193 0.207103 0.347503 0.207969
0 0.320284 0.241400 0.325665 0.247202 0.326641 0.258899 0.320805 0.268711 0.311772 0.268797 0.310173 0.263935 0.310665 0.250273 0.313583 0.245367
0 0.340835 0.331928 0.340268 0.341689 0.337350 0.346595 0.334377 0.348574 0.329088 0.347650 0.324497 0.343792 0.325176 0.339883 0.329599 0.334963 0.336300 0.330996
0 0.332118 0.348596 0.333717 0.353458 0.329349 0.361305 0.325641 0.364267 0.317323 0.362396 0.316422 0.354600 0.319283 0.346768 0.326793 0.345721
0 0.404005 0.170356 0.413169 0.177096 0.422444 0.189689 0.426358 0.197456 0.427278 0.206227 0.405652 0.217167 0.396619 0.217253 0.392763 0.212413 0.390151 0.193902 0.392018 0.173397 0.393467 0.170457
0 0.289513 0.246574 0.281437 0.257383 0.273138 0.256487 0.268659 0.258481 0.265536 0.252658 0.265424 0.246806 0.268380 0.243851 0.287199 0.243670
0 0.292777 0.299222 0.288279 0.300241 0.276839 0.292546 0.269162 0.284816 0.269050 0.278964 0.280248 0.273978 0.290787 0.273877 0.293157 0.279707
0 0.265688 0.339479 0.273949 0.338424 0.290622 0.344117 0.293746 0.349941 0.290111 0.356804 0.281962 0.363711 0.274452 0.364759 0.265855 0.348258
0 0.266350 0.413614 0.268683 0.417494 0.268117 0.427255 0.262187 0.432189 0.254642 0.431286 0.255189 0.420550 0.259668 0.418556 0.264073 0.412660
0 0.262512 0.409749 0.261137 0.416591 0.257428 0.419553 0.238759 0.427537 0.232699 0.425644 0.236899 0.409020 0.240496 0.400205 0.244203 0.397243 0.249473 0.397192
0 0.232854 0.591485 0.233022 0.600264 0.225038 0.615949 0.216814 0.618955 0.212242 0.616072 0.207595 0.609288 0.205940 0.601500 0.208820 0.594643 0.223765 0.588646 0.229787 0.588588
0 0.283531 0.603680 0.288782 0.602654 0.294878 0.606498 0.295725 0.611367 0.292899 0.621150 0.290641 0.621171 0.283698 0.612458
0 0.226927 0.675439 0.229260 0.679318 0.229428 0.688097 0.223685 0.702786 0.220748 0.706716 0.209401 0.703899 0.205488 0.696131 0.206807 0.686363 0.216370 0.674565
0 0.234346 0.748534 0.235192 0.753403 0.233157 0.765130 0.227906 0.766156 0.224765 0.759357 0.225405 0.753498 0.227589 0.749574 0.231317 0.747588
0 0.207044 0.817084 0.210037 0.816080 0.216171 0.821874 0.217035 0.827719 0.215585 0.830660 0.213345 0.831657 0.208021 0.828781 0.205651 0.822951
0 0.214694 0.862861 0.216237 0.864797 0.216404 0.873575 0.214955 0.876516 0.211981 0.878496 0.205940 0.877578 0.204379 0.874667 0.205736 0.866849 0.210178 0.862905
0 0.239251 0.689953 0.240283 0.704578 0.238080 0.707525 0.233564 0.707569 0.232021 0.705633 0.233321 0.694888 0.236993 0.689975
0 0.179298 0.665166 0.179391 0.670043 0.175702 0.673980 0.164541 0.680916 0.160758 0.679977 0.159141 0.674140 0.160553 0.669248 0.174707 0.661308
0 0.178213 0.726636 0.180434 0.724664 0.194849 0.730378 0.194923 0.734280 0.191967 0.737235 0.184439 0.737307 0.179848 0.733449
0 0.155172 0.939525 0.156640 0.937560 0.166464 0.939417 0.169513 0.941339 0.168871 0.947199 0.157561 0.946332 0.155265 0.944403
0 0.171155 0.633051 0.176686 0.646656 0.177569 0.653476 0.176193 0.660318 0.162811 0.669227 0.156771 0.668309 0.155943 0.664415 0.162931 0.636057 0.165868 0.632127
0 0.155789 0.498575 0.161077 0.499499 0.165799 0.510185 0.171421 0.528666 0.170781 0.534525 0.169293 0.535515 0.149591 0.528876 0.145716 0.523060 0.148503 0.511327
0 0.143846 0.464546 0.152879 0.464459 0.165017 0.469220 0.165974 0.479941 0.160268 0.496581 0.155752 0.496624 0.142489 0.472363 0.142378 0.466511
0 0.018867 0.464772 0.019034 0.473550 0.016117 0.478456 0.007929 0.483412 0.000000 0.482517 0.000000 0.474786 0.000000 0.463046 0.004397 0.456131 0.011172 0.456066
0 0.041785 0.482111 0.046339 0.484019 0.058607 0.495607 0.063254 0.502391 0.064890 0.509204 0.062873 0.521906 0.051824 0.534694 0.046518 0.532794 0.037243 0.520201 0.032540 0.510491 0.033068 0.498779 0.038078 0.485073
0 0.013165 0.560430 0.013295 0.567257 0.007458 0.577069 0.002190 0.577119 0.000000 0.567460 0.000000 0.561600 0.000000 0.558631 0.010869 0.558501
0 0.000000 0.600557 0.010201 0.602406 0.015582 0.608208 0.018724 0.615006 0.019662 0.624753 0.010871 0.637519 0.002554 0.635648 0.000000 0.624031 0.000000 0.613316
0 0.068077 0.755010 0.068905 0.758905 0.067473 0.762821 0.060113 0.771671 0.055615 0.772690 0.052567 0.770768 0.052436 0.763941 0.056014 0.754151 0.061246 0.752150
0 0.015152 0.782835 0.016072 0.791606 0.014660 0.796497 0.010952 0.799459 0.005682 0.799510 0.004140 0.797574 0.004743 0.789763 0.008414 0.784850
0 0.647441 0.498725 0.650526 0.502597 0.650620 0.507474 0.643445 0.526078 0.636142 0.537855 0.630100 0.536937 0.626960 0.530139 0.624329 0.510653 0.626364 0.498927
0 0.886124 0.223277 0.890641 0.223234 0.897490 0.227070 0.900669 0.235819 0.900251 0.253383 0.903412 0.261157 0.903728 0.277738 0.902335 0.283605 0.897893 0.287550 0.888859 0.287637 0.881238 0.282832 0.876610 0.277023 0.871833 0.263412 0.870800 0.248789 0.872854 0.238038 0.880158 0.226261
0 0.892490 0.753912 0.897704 0.750935 0.912797 0.752741 0.916635 0.756606 0.916728 0.761483 0.911589 0.768361 0.905566 0.768419 0.896403 0.761678
0 0.552855 0.316232 0.558877 0.316174 0.565067 0.324894 0.565141 0.328796 0.571462 0.344343 0.582317 0.360823 0.583971 0.368612 0.582559 0.373503 0.574279 0.373582 0.564399 0.368800 0.548200 0.348469 0.545681 0.334836 0.548488 0.324078
0 0.538141 0.329533 0.539812 0.334620 0.540804 0.361749 0.540094 0.374214 0.538055 0.382593 0.534967 0.386096 0.533956 0.382438 0.533023 0.366731 0.532936 0.353864 0.534060 0.338548 0.536263 0.330156
0 0.533518 0.326719 0.527244 0.328204 0.522850 0.337026 0.521681 0.350305 0.522886 0.363765 0.524207 0.375381 0.526904 0.384545 0.530406 0.386551 0.534450 0.383858 0.533126 0.380397 0.533105 0.371013 0.532239 0.358778 0.532661 0.347751 0.533149 0.340195 0.533330 0.333452 0.533576 0.329782
0 0.833362 0.377920 0.832757 0.385730 0.828371 0.392601 0.820091 0.392681 0.815444 0.385896 0.815314 0.379069 0.817516 0.376121 0.829524 0.374055
0 0.705500 0.305984 0.717600 0.308794 0.722229 0.314603 0.724617 0.321409 0.725537 0.330180 0.723465 0.339955 0.715315 0.346862 0.708540 0.346927 0.703215 0.344052 0.696951 0.331430 0.696690 0.317775
0 0.913863 0.690295 0.913956 0.695173 0.910286 0.700086 0.906521 0.700122 0.901178 0.696271 0.902553 0.689428 0.909253 0.685462
0 0.967805 0.755138 0.969347 0.757075 0.968028 0.766843 0.960500 0.766915 0.958186 0.764011 0.960296 0.756186 0.964022 0.754199
0 0.966499 0.606702 0.941054 0.600577 0.930488 0.601166 0.941250 0.610856 0.951102 0.612235 0.957503 0.610700
0 0.948408 0.449004 0.951586 0.457754 0.951698 0.463606 0.948837 0.471438 0.938465 0.480317 0.927908 0.479443 0.925575 0.475564 0.925444 0.468736 0.934180 0.453043 0.939338 0.447141
0 0.956297 0.428441 0.955768 0.440153 0.950704 0.450933 0.946206 0.451952 0.938585 0.447148 0.936912 0.438383 0.940526 0.430544 0.945740 0.427567
0 0.982764 0.395018 0.987374 0.399852 0.990553 0.408601 0.988100 0.437891 0.981586 0.451612 0.974848 0.453628 0.967096 0.441995 0.963676 0.420566 0.965051 0.413724 0.973071 0.399989 0.978247 0.395062
0 0.985483 0.261343 0.989321 0.265209 0.996505 0.286601 0.996784 0.301232 0.994015 0.313940 0.985392 0.335485 0.981005 0.342356 0.972818 0.347313 0.967511 0.345413 0.960606 0.338650 0.955132 0.327972 0.953142 0.302627 0.954574 0.298711 0.953392 0.276285 0.954052 0.271401 0.959191 0.264523 0.970389 0.259537
0 0.703196 0.343077 0.709312 0.347895 0.711663 0.352751 0.711943 0.367381 0.706840 0.376210 0.699387 0.380184 0.694852 0.379252 0.687909 0.370539 0.686218 0.360800 0.689062 0.351992 0.694200 0.345114
0 0.534198 0.443231 0.541838 0.449011 0.542210 0.468519 0.540797 0.473410 0.536336 0.476380 0.528056 0.476460 0.521923 0.470665 0.520007 0.449221 0.530435 0.443267
0 0.619995 0.441431 0.620860 0.447276 0.619428 0.451192 0.615739 0.455130 0.611223 0.455174 0.609680 0.453237 0.609513 0.444458 0.612449 0.440528
0 0.818942 0.490247 0.823440 0.489228 0.830271 0.492089 0.834899 0.497897 0.842028 0.516364 0.841536 0.530026 0.834929 0.538870 0.828906 0.538928 0.823582 0.536052 0.817391 0.527332 0.813348 0.512738 0.814518 0.495167
0 0.769538 0.505355 0.772624 0.509227 0.772792 0.518005 0.765301 0.520029 0.759902 0.513252 0.759037 0.507407
0 0.562232 0.570758 0.561591 0.576618 0.557976 0.584457 0.553497 0.586451 0.548152 0.582600 0.546536 0.576762 0.547929 0.570896 0.553988 0.572789 0.555457 0.570823
0 0.585821 0.623211 0.591861 0.624128 0.604036 0.630840 0.614045 0.642450 0.618766 0.653136 0.619706 0.662882 0.619027 0.666791 0.613154 0.674651 0.607207 0.678611 0.598174 0.678698 0.588294 0.673915 0.582875 0.666163 0.579660 0.655463 0.579399 0.641808 0.582168 0.629099
0 0.628971 0.635478 0.638041 0.637342 0.659416 0.652745 0.664704 0.653669 0.667018 0.656574 0.667130 0.662426 0.661127 0.663459 0.646601 0.651892 0.639770 0.649031 0.630606 0.642291 0.628273 0.638411
0 0.664052 0.619532 0.680670 0.622299 0.678653 0.635000 0.685048 0.654449 0.685290 0.667129 0.683069 0.669101 0.677010 0.667209 0.666981 0.654623 0.658403 0.639097 0.658291 0.633245
0 0.733754 0.642274 0.737649 0.649066 0.741106 0.672445 0.734536 0.683239 0.726312 0.686245 0.724035 0.685292 0.720048 0.673623 0.719071 0.661926 0.727016 0.644290
0 0.774337 0.598960 0.777498 0.606734 0.774598 0.612615 0.765695 0.619530 0.763344 0.614675 0.763799 0.599062 0.765267 0.597097
0 0.821176 0.607290 0.822757 0.611177 0.822227 0.622888 0.814003 0.625894 0.809449 0.623987 0.807079 0.618156 0.807719 0.612297 0.812896 0.607369
0 0.891881 0.603683 0.896584 0.613393 0.896696 0.619246 0.893118 0.629035 0.885702 0.634960 0.875916 0.635054 0.867412 0.623429 0.866547 0.617584 0.867960 0.612693 0.872365 0.606798 0.878331 0.603814
0 0.805263 0.759628 0.805486 0.771332 0.801796 0.775270 0.797242 0.773363 0.794909 0.769483 0.795569 0.764599
0 0.810853 0.382038 0.817870 0.394653 0.818791 0.403424 0.814330 0.406394 0.806802 0.406466 0.805222 0.402579 0.804134 0.385030 0.804831 0.382096
0 0.383902 0.379315 0.386309 0.387097 0.385687 0.393931 0.379851 0.403743 0.372453 0.410643 0.357435 0.412738 0.348272 0.405998 0.345883 0.399192 0.347202 0.389424 0.350781 0.379634 0.356653 0.371773 0.367136 0.368746 0.373930 0.369656
0 0.499767 0.217237 0.502853 0.221110 0.504488 0.227923 0.501209 0.253318 0.498328 0.260175 0.489462 0.269040 0.481182 0.269119 0.476535 0.262335 0.476312 0.250631 0.479100 0.238898 0.483412 0.228125 0.488550 0.221247 0.493745 0.217295
0 0.537853 0.240284 0.540186 0.244164 0.540298 0.250016 0.536738 0.260781 0.528551 0.265737 0.523262 0.264813 0.519425 0.260947 0.516283 0.254149 0.516171 0.248297 0.519842 0.243384 0.530288 0.238405
0 0.587406 0.232979 0.591150 0.231967 0.600295 0.237732 0.607257 0.247421 0.614348 0.263937 0.614460 0.269789 0.612276 0.273712 0.597898 0.269948 0.586458 0.262254 0.584767 0.252515
0 0.573490 0.174579 0.581019 0.174507 0.585647 0.180315 0.588054 0.188096 0.588203 0.195899 0.586001 0.198847 0.576967 0.198934 0.570118 0.195098 0.569895 0.183393
0 0.775154 0.286779 0.776056 0.294575 0.773081 0.296554 0.763258 0.294698 0.763183 0.290796 0.767551 0.282950 0.771316 0.282914
0 0.828693 0.291142 0.830348 0.298930 0.828239 0.306755 0.819976 0.307810 0.816891 0.303937 0.816798 0.299060 0.825664 0.290195
0 0.862486 0.325936 0.867151 0.333696 0.866752 0.352235 0.862347 0.358130 0.855591 0.359171 0.847143 0.350472 0.846938 0.339743 0.852002 0.328964 0.855711 0.326001
0 0.782352 0.151109 0.797481 0.154865 0.806682 0.163557 0.803235 0.180174 0.795066 0.186106 0.791395 0.191019 0.790735 0.195903 0.785429 0.194003 0.776869 0.179452 0.775233 0.172639 0.775707 0.158001
0 0.698060 0.152895 0.701767 0.149933 0.707037 0.149882 0.714658 0.154686 0.729351 0.175031 0.729500 0.182834 0.725058 0.186779 0.714575 0.189806 0.706295 0.189886 0.704000 0.187957 0.700858 0.181159 0.697511 0.163631
0 0.750531 0.140684 0.753653 0.146507 0.754704 0.162105 0.750373 0.171903 0.745197 0.176830 0.731628 0.175985 0.723106 0.163385 0.723013 0.158508 0.740065 0.144687
0 0.690856 0.130527 0.694769 0.138293 0.697306 0.152902 0.695894 0.157793 0.686294 0.167641 0.680328 0.170625 0.673535 0.169715 0.667327 0.160019 0.667893 0.150258 0.674574 0.145316 0.682632 0.133532
0 0.534007 0.275440 0.540252 0.287087 0.541154 0.294882 0.537557 0.303697 0.527846 0.307692 0.520941 0.300930 0.518552 0.294124 0.519193 0.288265 0.524258 0.277485
0 0.118356 0.785744 0.122138 0.786683 0.127538 0.793460 0.141292 0.804059 0.167658 0.804781 0.172983 0.807656 0.172491 0.821319 0.168179 0.832091 0.157957 0.848774 0.149752 0.852755 0.142224 0.852827 0.132344 0.848044 0.124649 0.839338 0.119138 0.826709 0.116656 0.815027 0.116153 0.788692
0 0.614944 0.295148 0.619461 0.295105 0.622640 0.303854 0.633457 0.318383 0.644126 0.325109 0.656636 0.349378 0.658309 0.358141 0.656934 0.364983 0.632204 0.371074 0.623171 0.371161 0.620123 0.369239 0.611377 0.344935 0.606320 0.316693 0.606887 0.306932
0 0.769068 0.322932 0.772906 0.326798 0.773148 0.339477 0.763753 0.360054 0.760026 0.362041 0.756978 0.360119 0.750732 0.348473 0.748948 0.333857 0.750360 0.328966 0.754050 0.325028
0 0.751964 0.215787 0.754316 0.220643 0.754502 0.230396 0.745162 0.253899 0.741399 0.253935 0.731333 0.239399 0.730998 0.221842 0.733916 0.216937 0.737643 0.214950 0.745904 0.213895
0 0.456065 0.333747 0.463722 0.340502 0.464680 0.351223 0.456716 0.367884 0.451502 0.370861 0.442153 0.354367 0.441157 0.341694 0.442571 0.336803 0.446278 0.333841
0 0.548943 0.584544 0.549204 0.598199 0.544910 0.609947 0.539678 0.611948 0.534389 0.611023 0.528256 0.605229 0.525886 0.599398 0.527279 0.593532 0.544408 0.583612
0 0.576375 0.522821 0.586124 0.520776 0.592201 0.523644 0.596811 0.528478 0.596979 0.537256 0.591087 0.544141 0.582054 0.544228 0.577482 0.541345 0.575037 0.531614
0 0.829805 0.191625 0.833680 0.197441 0.834731 0.213040 0.825959 0.226782 0.820689 0.226833 0.813765 0.219095 0.812827 0.209349 0.820791 0.192687
0 0.578064 0.453541 0.579606 0.455478 0.579737 0.462305 0.571829 0.481892 0.564282 0.480989 0.558130 0.474219 0.553427 0.464509 0.554049 0.457674 0.556270 0.455702
0 0.593451 0.391933 0.596574 0.397757 0.595896 0.401665 0.591509 0.408536 0.582625 0.416426 0.576547 0.413558 0.569475 0.398017 0.572374 0.392136 0.579808 0.387187 0.584325 0.387143
0 0.987927 0.547154 0.988076 0.554957 0.983727 0.563779 0.974712 0.564841 0.968560 0.558071 0.967640 0.549300 0.972063 0.544380 0.979573 0.543332
0 0.942330 0.170057 0.943306 0.181754 0.939672 0.188617 0.930676 0.190655 0.926085 0.186797 0.926010 0.182896 0.933296 0.170143 0.937023 0.168157
1 0.382811 0.244477 0.353661 0.196107 0.306356 0.217419 0.309488 0.277736 0.361624 0.287848
1 0.284652 0.580793 0.308362 0.608387 0.216612 0.671870 0.244627 0.579919
1 0.485210 0.482051 0.432080 0.408431 0.404207 0.508214
1 0.398651 0.873813 0.433111 0.749608 0.335607 0.814512
1 0.941905 0.636059 0.908509 0.610996 0.927208 0.481860 1.000000 0.561341
1 0.971945 0.772853 0.944370 0.642132 0.866174 0.733259 0.953567 0.795370
0 0.016942 0.403330 0.024450 0.402283 0.039581 0.406039 0.041895 0.408944 0.042759 0.414789 0.038503 0.428487 0.034814 0.432425 0.028039 0.432490 0.021942 0.428646 0.016449 0.416993
0 0.193340 0.651373 0.197066 0.649386 0.202373 0.651286 0.211723 0.667781 0.212643 0.676552 0.207505 0.683430 0.197700 0.682549 0.190794 0.675786 0.188424 0.669956 0.188275 0.662153
0 0.212332 0.541930 0.215306 0.539951 0.219860 0.541858 0.226105 0.553504 0.235268 0.560245 0.236133 0.566090 0.233968 0.570988 0.228754 0.573965 0.220474 0.574045 0.215902 0.571162 0.212026 0.565346 0.210390 0.558533 0.210204 0.548780
0 0.231159 0.502728 0.233623 0.513435 0.229367 0.527133 0.221234 0.535016 0.215213 0.535074 0.211393 0.532184 0.208251 0.525385 0.208084 0.516607 0.210212 0.509758 0.222089 0.500864 0.227339 0.499838
0 0.182897 0.459292 0.187395 0.458274 0.195824 0.465997 0.203631 0.480555 0.203743 0.486407 0.199301 0.490352 0.189496 0.489471 0.180258 0.478829 0.180090 0.470050
0 0.197607 0.401593 0.205849 0.399563 0.211175 0.402438 0.218851 0.410169 0.223405 0.412076 0.223572 0.420854 0.220637 0.424785 0.215404 0.426786 0.197282 0.424034 0.195739 0.422097 0.195553 0.412344
0 0.225011 0.377917 0.235663 0.383667 0.237977 0.386572 0.238126 0.394375 0.228637 0.410075 0.224158 0.412069 0.219604 0.410161 0.215747 0.405321 0.214092 0.397532 0.219027 0.379925
0 0.316466 0.317529 0.318855 0.324335 0.319060 0.335064 0.316950 0.342889 0.305808 0.350800 0.296756 0.349912 0.293504 0.337261 0.296272 0.324552 0.300695 0.319632 0.311179 0.316605
0 0.321122 0.285292 0.321326 0.296021 0.317675 0.301909 0.303502 0.308874 0.297480 0.308932 0.294357 0.303109 0.294134 0.291404 0.297748 0.283565 0.300722 0.281586 0.312767 0.281470
0 0.352113 0.212804 0.357307 0.208852 0.365588 0.208772 0.374733 0.214537 0.379399 0.222297 0.381295 0.242765 0.378321 0.244745 0.358507 0.232253 0.354632 0.226437
0 0.453591 0.177371 0.449646 0.169488 0.440772 0.168480 0.434064 0.170458 0.431844 0.175668 0.432206 0.183587 0.436542 0.189837 0.445384 0.189206 0.449742 0.185603
0 0.587653 0.679774 0.588518 0.685619 0.586334 0.689542 0.578917 0.695468 0.572914 0.696501 0.565237 0.688770 0.562774 0.678062 0.564958 0.674139 0.575460 0.672087
0 0.690282 0.731468 0.698015 0.742124 0.701213 0.751849 0.700553 0.756733 0.689336 0.760743 0.682654 0.765685 0.678137 0.765728 0.675014 0.759905 0.676297 0.748186 0.682755 0.731540
