0 0.845899 0.600446 0.844577 0.600694 0.837963 0.605407 0.835317 0.606151 0.825728 0.613343 0.819775 0.616071 0.819775 0.620288 0.824074 0.621528 0.828373 0.621280 0.835317 0.620040 0.838294 0.618552 0.840939 0.616319 0.846892 0.608879 0.848214 0.605903 0.848545 0.602183
0 1.000000 0.460317 0.998016 0.460317 0.991402 0.463046 0.984458 0.467758 0.971561 0.472222 0.962963 0.473462 0.953704 0.473710 0.940476 0.476190 0.937169 0.477679 0.935516 0.481399 0.939153 0.484127 0.949405 0.485119 0.952712 0.486359 0.956680 0.486607 0.959325 0.485863 0.970569 0.486359 0.976852 0.485367 0.982474 0.482887 0.987103 0.479415 0.989749 0.478175 0.998347 0.470982 1.000000 0.470982
0 0.976852 0.698909 0.972884 0.698661 0.969577 0.699405 0.966601 0.701637 0.963294 0.702629 0.961640 0.705853 0.959325 0.708085 0.957011 0.714782 0.956680 0.717510 0.957672 0.719990 0.959325 0.721726 0.967593 0.723958 0.977844 0.721726 0.982804 0.718254 0.985119 0.713046 0.984788 0.706349 0.981481 0.701389
0 0.906415 0.964534 0.904101 0.963542 0.900132 0.964782 0.889550 0.969990 0.886243 0.972222 0.877315 0.976190 0.870701 0.980903 0.871362 0.984375 0.873016 0.985615 0.875661 0.986111 0.887235 0.986111 0.894180 0.984623 0.899471 0.981399 0.905423 0.974206 0.907738 0.967510
0 0.670304 0.758433 0.668320 0.761905 0.667989 0.764881 0.668651 0.780010 0.674934 0.796627 0.677910 0.800843 0.679563 0.802083 0.683201 0.803571 0.686839 0.803819 0.689484 0.803323 0.692791 0.803819 0.699405 0.806052 0.713955 0.807788 0.723545 0.807540 0.731151 0.806300 0.738095 0.803819 0.741733 0.801339 0.745040 0.796131 0.748016 0.785714 0.749339 0.772321 0.747354 0.765377 0.745040 0.761905 0.741402 0.759673 0.737765 0.758185 0.730159 0.757440 0.721561 0.755456 0.700728 0.753720 0.685516 0.754216 0.679563 0.755456 0.675265 0.755704
0 0.387235 0.945437 0.383598 0.948413 0.382275 0.951389 0.381944 0.957093 0.383267 0.960317 0.393519 0.967262 0.401124 0.967262 0.408069 0.964534 0.410714 0.960565 0.411376 0.957589 0.411045 0.952877 0.408730 0.948661 0.404431 0.945933 0.398148 0.944444 0.390542 0.944196
0 0.776062 0.867718 0.781071 0.871034 0.787262 0.873023 0.790797 0.869931 0.788439 0.867056 0.779894 0.866615 0.773707 0.866615 0.774590 0.862416 0.786968 0.857331 0.795218 0.855342 0.802880 0.855563 0.809659 0.861972 0.811723 0.870151 0.808185 0.875456 0.800522 0.880980 0.791389 0.882527 0.783724 0.882527 0.777831 0.879435 0.774884 0.873244 0.775179 0.869710
0 0.521121 0.950007 0.526131 0.953321 0.532318 0.955531 0.535562 0.953765 0.534382 0.950670 0.528783 0.949122 0.525542 0.947133 0.529077 0.942049 0.535562 0.941166 0.544990 0.944482 0.548528 0.948901 0.548234 0.955531 0.540569 0.960615 0.536445 0.961500 0.527897 0.961721 0.522593 0.958626 0.519646 0.953765 0.519646 0.951111
0 0.501422 0.907964 0.509871 0.909945 0.514623 0.913509 0.509871 0.916679 0.501422 0.917867 0.492970 0.913906 0.487159 0.908361 0.487159 0.900833 0.495612 0.895288 0.506703 0.893309 0.516736 0.896476 0.517794 0.900833 0.516210 0.904794 0.509342 0.904794 0.504061 0.903606 0.498780 0.905191
0 0.411524 0.596305 0.412315 0.601927 0.421389 0.607845 0.434802 0.608733 0.444663 0.603408 0.448214 0.593938 0.438747 0.584469 0.427698 0.583584 0.417837 0.587726 0.416653 0.591868 0.423360 0.591572 0.429279 0.593348 0.429279 0.597192 0.424544 0.598968 0.418624 0.596602 0.415863 0.596307
0 0.536376 0.663194 0.532738 0.669147 0.530093 0.678075 0.528770 0.685764 0.528439 0.696429 0.532738 0.701389 0.537698 0.703869 0.552579 0.708085 0.587963 0.711558 0.595899 0.711806 0.602513 0.710813 0.609788 0.705853 0.613095 0.701637 0.614087 0.699157 0.615741 0.691220 0.616733 0.681300 0.616402 0.671875 0.614418 0.668155 0.613095 0.667163 0.610780 0.666667 0.608796 0.664683 0.602513 0.662946 0.599537 0.662698 0.596230 0.661210 0.591931 0.661458 0.583333 0.660466 0.571098 0.660466 0.564815 0.659226 0.557209 0.659474 0.552910 0.658978 0.539352 0.661210
0 0.553902 0.606895 0.548611 0.606399 0.539683 0.606647 0.526786 0.609127 0.521164 0.611855 0.515873 0.612599 0.511905 0.612351 0.504630 0.613839 0.496693 0.616071 0.493386 0.618304 0.489087 0.619544 0.484458 0.623264 0.482143 0.628720 0.483466 0.640625 0.486442 0.646825 0.487103 0.651290 0.489418 0.655506 0.496362 0.662698 0.501323 0.665179 0.507937 0.665675 0.516204 0.665179 0.529762 0.661210 0.536706 0.660962 0.540344 0.659474 0.555225 0.656498 0.557540 0.655258 0.562169 0.654762 0.564484 0.653026 0.565476 0.651290 0.571429 0.647817 0.572751 0.638393 0.571759 0.633929 0.569114 0.628720 0.568452 0.625496 0.564484 0.617560 0.561839 0.614583 0.561177 0.612351 0.558862 0.610863 0.557870 0.609127
0 0.553902 0.508185 0.550926 0.510169 0.543320 0.513393 0.539352 0.519593 0.539021 0.527034 0.540013 0.531746 0.543651 0.539931 0.544974 0.541419 0.546627 0.546627 0.548611 0.548363 0.550265 0.551587 0.552910 0.553819 0.555556 0.554812 0.558201 0.557540 0.562831 0.559028 0.564153 0.560020 0.570437 0.560020 0.574405 0.559028 0.578373 0.559772 0.580026 0.559028 0.584987 0.558780 0.588955 0.557540 0.589286 0.556300 0.592923 0.554563 0.596230 0.550843 0.597222 0.548115 0.599206 0.546875 0.600198 0.540179 0.599537 0.532738 0.598876 0.531498 0.595899 0.531250 0.596230 0.528274 0.595569 0.524802 0.590278 0.520585 0.585648 0.515625 0.583333 0.514633 0.579365 0.511161 0.574735 0.508433 0.567791 0.506696 0.560516 0.506696
0 0.497354 0.495288 0.496362 0.497520 0.496362 0.502232 0.497685 0.505456 0.501653 0.508929 0.510251 0.512153 0.520172 0.513145 0.529431 0.513145 0.541005 0.510665 0.543651 0.509177 0.545966 0.505456 0.546627 0.502232 0.546296 0.497768 0.543651 0.493056 0.540344 0.490823 0.529762 0.487599 0.520833 0.486359 0.511905 0.485863 0.504960 0.487847 0.500992 0.490575
0 0.508267 0.407738 0.500331 0.411458 0.495701 0.414931 0.493386 0.418155 0.491733 0.424851 0.491733 0.429563 0.494378 0.436756 0.498016 0.441468 0.500331 0.443204 0.501653 0.446677 0.503307 0.447917 0.504299 0.449901 0.508598 0.454613 0.513889 0.456845 0.516865 0.457093 0.519180 0.456597 0.522487 0.458581 0.528770 0.459573 0.533069 0.458085 0.536376 0.458333 0.540344 0.455357 0.543651 0.455357 0.544643 0.454365 0.546958 0.453869 0.547950 0.453125 0.548280 0.451141 0.550926 0.449901 0.551918 0.446677 0.551918 0.441964 0.550926 0.440228 0.549934 0.440476 0.548942 0.443700 0.544974 0.445933 0.544643 0.447669 0.542989 0.448413 0.541997 0.447173 0.543320 0.442708 0.545304 0.439236 0.545304 0.435268 0.546958 0.432788 0.547950 0.433780 0.548611 0.437500 0.549934 0.438740 0.552249 0.438740 0.552910 0.437748 0.552910 0.435268 0.551257 0.432292 0.551257 0.428323 0.550595 0.427083 0.549272 0.426339 0.545966 0.421875 0.541336 0.418899 0.532738 0.411458 0.521825 0.407490 0.514881 0.406994
0 0.613095 0.379464 0.605489 0.383433 0.600860 0.387153 0.600529 0.388641 0.598545 0.390873 0.596892 0.396825 0.598214 0.404762 0.601190 0.408730 0.605159 0.411954 0.608466 0.413690 0.613426 0.415179 0.623677 0.415427 0.634921 0.411954 0.637566 0.409970 0.638889 0.407738 0.639220 0.401042 0.640873 0.400298 0.642196 0.397817 0.642196 0.390873 0.640212 0.387153 0.633929 0.382440 0.627646 0.379960 0.625000 0.379464
0 0.186508 0.154018 0.179233 0.150298 0.168981 0.150546 0.156085 0.153522 0.151124 0.155258 0.130291 0.166171 0.117063 0.181796 0.108796 0.196429 0.108135 0.198909 0.108466 0.203621 0.112103 0.208085 0.116071 0.209821 0.120040 0.210069 0.130291 0.209077 0.137897 0.207589 0.146825 0.204117 0.158730 0.197421 0.172619 0.186756 0.174272 0.184028 0.178902 0.179315 0.186508 0.168403 0.189153 0.161706 0.188823 0.157738
0 0.835317 0.054812 0.822421 0.053819 0.812831 0.054315 0.807540 0.055060 0.803571 0.057292 0.797288 0.067460 0.795635 0.074653 0.792328 0.077877 0.792328 0.085565 0.793320 0.087302 0.795304 0.088790 0.800595 0.090278 0.807209 0.093750 0.813492 0.095486 0.817791 0.095734 0.821429 0.094494 0.825066 0.093998 0.831680 0.091022 0.836971 0.087798 0.840278 0.086806 0.842262 0.085317 0.843254 0.082341 0.843915 0.066468 0.841931 0.061756 0.837963 0.056796
0 0.751984 0.170883 0.740410 0.169891 0.727183 0.171627 0.722553 0.174107 0.712302 0.186260 0.708664 0.192708 0.708664 0.199653 0.711310 0.203621 0.724868 0.208581 0.726852 0.210317 0.734788 0.212550 0.741733 0.211558 0.744378 0.210565 0.751653 0.205109 0.755291 0.204861 0.758929 0.202877 0.760582 0.199901 0.761905 0.194692 0.762235 0.188244 0.761574 0.182788 0.758929 0.176587 0.756283 0.173611
1 0.977183 0.155506 0.975529 0.156746 0.970569 0.158482 0.966601 0.160714 0.959656 0.162698 0.956349 0.164435 0.953042 0.164683 0.947090 0.170139 0.942130 0.171627 0.939153 0.173363 0.925265 0.178571 0.915344 0.183284 0.910714 0.183780 0.906085 0.187500 0.887235 0.194196 0.883598 0.194692 0.880952 0.196429 0.879630 0.198413 0.876653 0.198661 0.875331 0.199901 0.874339 0.211310 0.875661 0.217262 0.873016 0.223958 0.870701 0.227431 0.870701 0.233383 0.874339 0.241567 0.872024 0.244544 0.870701 0.268601 0.869709 0.270337 0.869709 0.276538 0.867725 0.288194 0.866071 0.333085 0.864749 0.343750 0.864087 0.374008 0.865079 0.380208 0.863757 0.382192 0.863095 0.385417 0.862434 0.411458 0.860780 0.421379 0.860780 0.436756 0.862103 0.438988 0.861442 0.442956 0.865079 0.447173 0.869048 0.449653 0.880291 0.454613 0.883929 0.456845 0.890542 0.459077 0.903108 0.466766 0.908730 0.468998 0.931217 0.480159 0.935185 0.481151 0.938492 0.483631 0.949074 0.486359 0.951058 0.488095 0.956019 0.490079 0.958664 0.492560 0.966601 0.497024 0.970569 0.498512 0.975860 0.502232 0.981151 0.503720 0.994378 0.510665 0.997685 0.511657 1.000000 0.511657 1.000000 0.184028 0.998347 0.184028 0.996032 0.181300 0.988095 0.161954 0.985780 0.159722 0.984788 0.157738 0.981151 0.155258
1 0.022817 0.539931 0.017526 0.539435 0.001984 0.542659 0.000000 0.542659 0.000000 0.556796 0.001653 0.556796 0.008267 0.554067 0.012235 0.551587 0.019180 0.551091 0.022487 0.550099 0.023810 0.547123 0.023810 0.542907
1 0.046296 0.378720 0.041667 0.379712 0.032738 0.382937 0.015873 0.391369 0.009921 0.393353 0.001653 0.397569 0.000000 0.397569 0.000000 0.432540 0.001653 0.432540 0.011574 0.436012 0.015542 0.436756 0.029101 0.442708 0.033730 0.443700 0.040013 0.446181 0.049934 0.448909 0.054894 0.449157 0.060185 0.446925 0.062500 0.443452 0.063161 0.432044 0.061839 0.428819 0.061839 0.423859 0.061177 0.422123 0.061839 0.411458 0.060847 0.407738 0.061508 0.403770 0.060185 0.400546 0.058532 0.391369 0.055886 0.387897 0.053241 0.381944 0.050926 0.379464
1 0.099206 0.345238 0.096892 0.346726 0.092923 0.347718 0.087302 0.350198 0.081019 0.351438 0.075397 0.354167 0.066799 0.355655 0.056548 0.359375 0.053241 0.361111 0.042328 0.364087 0.039683 0.364335 0.019511 0.372272 0.014220 0.373264 0.009921 0.375496 0.005291 0.376736 0.001653 0.378968 0.000000 0.378968 0.000000 0.389137 0.002315 0.389385 0.003968 0.390625 0.004299 0.393849 0.001653 0.395337 0.000000 0.395337 0.000000 0.513145 0.001653 0.513145 0.004630 0.517857 0.011574 0.527034 0.016204 0.531746 0.018188 0.535218 0.022156 0.538194 0.026124 0.537202 0.033069 0.527034 0.035714 0.520585 0.040344 0.512401 0.048942 0.489831 0.057870 0.471230 0.062169 0.458581 0.068783 0.446181 0.080688 0.417907 0.085648 0.408482 0.096561 0.381696 0.099206 0.377232 0.100860 0.371280 0.107143 0.355655 0.109127 0.352679 0.108466 0.348958 0.105820 0.347966 0.102844 0.347966
0 0.693122 0.873760 0.689815 0.870040 0.685847 0.867063 0.682870 0.865823 0.671627 0.865575 0.668981 0.866071 0.657738 0.870288 0.648148 0.872768 0.643849 0.875248 0.633598 0.885417 0.632937 0.886657 0.633598 0.890625 0.644180 0.896577 0.650794 0.898810 0.662368 0.900298 0.671958 0.899802 0.675265 0.898810 0.679563 0.894593 0.692791 0.884177 0.694444 0.880208
0 0.646825 0.179563 0.643519 0.180060 0.636905 0.182292 0.632275 0.185516 0.629960 0.189236 0.629960 0.194940 0.633267 0.203869 0.635582 0.206597 0.642196 0.210069 0.647817 0.210565 0.661376 0.208085 0.664683 0.206845 0.668651 0.202629 0.669312 0.195188 0.668651 0.192708 0.665344 0.187748 0.661376 0.184028 0.654762 0.180804
0 0.609458 0.213790 0.605159 0.213790 0.599537 0.215278 0.596230 0.216766 0.591601 0.220238 0.589286 0.224206 0.589286 0.226935 0.587963 0.231151 0.584987 0.234127 0.585317 0.238095 0.587302 0.240575 0.595569 0.245040 0.602183 0.247272 0.607143 0.246280 0.612765 0.241319 0.620370 0.226935 0.620701 0.223462 0.619709 0.220238 0.615741 0.216518
0 0.064484 0.917163 0.061177 0.927579 0.061177 0.930308 0.061839 0.932540 0.064815 0.935268 0.074405 0.939484 0.079365 0.939484 0.088955 0.937252 0.092262 0.935516 0.095238 0.932540 0.096561 0.929812 0.096230 0.924603 0.094577 0.921627 0.092923 0.920139 0.084987 0.916419 0.077381 0.915179 0.067460 0.915179
0 0.896825 0.728671 0.895172 0.730159 0.894841 0.731399 0.895833 0.735367 0.897487 0.738343 0.897817 0.741071 0.904431 0.756448 0.905754 0.758185 0.909722 0.770337 0.914021 0.777034 0.914352 0.779762 0.916336 0.782986 0.918320 0.790179 0.921958 0.797371 0.923942 0.804067 0.926257 0.808036 0.928571 0.815228 0.931548 0.821429 0.937831 0.845486 0.940146 0.849454 0.945106 0.866319 0.947751 0.870536 0.949735 0.872024 0.953042 0.873016 0.958995 0.873760 0.977513 0.874504 0.984127 0.875992 0.987765 0.875248 0.994709 0.875992 1.000000 0.875496 1.000000 0.762401 0.998677 0.762401 0.984458 0.746032 0.976852 0.739087 0.974206 0.733879 0.971561 0.731895 0.968585 0.727927 0.962963 0.724206 0.959656 0.723214 0.955357 0.722966 0.936177 0.724950 0.927249 0.724950 0.912037 0.727431 0.905754 0.727431
0 0.526124 0.127480 0.518849 0.127232 0.511905 0.128224 0.498677 0.133433 0.488757 0.139385 0.480489 0.145585 0.474868 0.151042 0.471561 0.156250 0.466931 0.161458 0.466270 0.163938 0.466601 0.169395 0.469907 0.176587 0.475860 0.184028 0.487765 0.192212 0.494378 0.194692 0.501653 0.195685 0.505952 0.195437 0.515212 0.193452 0.524802 0.189732 0.532738 0.186012 0.540013 0.180556 0.547288 0.173859 0.551257 0.168651 0.552249 0.165675 0.552249 0.159722 0.550595 0.148313 0.547950 0.140377 0.544974 0.136657 0.540013 0.132688 0.534392 0.129960
0 0.612434 0.009921 0.599206 0.009673 0.591931 0.010169 0.584987 0.011161 0.577712 0.013641 0.574405 0.016121 0.567791 0.028522 0.563492 0.031250 0.559854 0.035962 0.559193 0.038938 0.559524 0.050347 0.562831 0.066964 0.565146 0.072421 0.570106 0.075893 0.584656 0.081101 0.590939 0.082093 0.599868 0.082093 0.617063 0.080357 0.623016 0.078869 0.630291 0.076141 0.637897 0.070933 0.639550 0.068204 0.639220 0.060268 0.636905 0.053075 0.634259 0.037698 0.632275 0.029514 0.629299 0.022321 0.623347 0.015377 0.618056 0.011905
0 0.762897 0.500744 0.747685 0.496280 0.741071 0.495040 0.725198 0.493552 0.716270 0.493552 0.707672 0.494296 0.688161 0.498016 0.685185 0.499256 0.678571 0.500744 0.668320 0.504464 0.648479 0.515129 0.647156 0.517857 0.645503 0.519097 0.642857 0.519841 0.640212 0.521825 0.637235 0.525298 0.632606 0.528522 0.625331 0.535466 0.616071 0.548363 0.611111 0.559028 0.607804 0.573413 0.608135 0.582341 0.612103 0.595734 0.619378 0.607391 0.624008 0.612599 0.632606 0.620288 0.643188 0.627232 0.651455 0.630704 0.655754 0.631696 0.657738 0.632937 0.665013 0.634921 0.674934 0.636657 0.679563 0.636657 0.682209 0.637401 0.685847 0.636905 0.690807 0.637153 0.692460 0.636657 0.696759 0.636657 0.706680 0.634673 0.710979 0.632937 0.719577 0.630704 0.727513 0.627728 0.731151 0.624752 0.738426 0.620288 0.740741 0.616815 0.741402 0.614335 0.741071 0.609871 0.738426 0.605159 0.735119 0.602679 0.730489 0.601190 0.720238 0.593750 0.716931 0.592758 0.710648 0.589038 0.705357 0.585069 0.702050 0.580109 0.700728 0.570437 0.704365 0.564236 0.707672 0.561508 0.717262 0.557788 0.722553 0.557044 0.731481 0.556796 0.737434 0.558036 0.744048 0.561508 0.749008 0.565972 0.752315 0.570188 0.754299 0.576141 0.756283 0.588542 0.755952 0.593006 0.756614 0.596230 0.757937 0.598462 0.760251 0.600446 0.764550 0.601687 0.772817 0.601190 0.777116 0.599950 0.781085 0.597222 0.790344 0.588790 0.796958 0.577877 0.801587 0.564236 0.801587 0.553819 0.803241 0.549355 0.801918 0.539931 0.799272 0.536210 0.797619 0.528770 0.790013 0.517113 0.776786 0.507192
0 0.402778 0.519097 0.390873 0.514881 0.376984 0.512401 0.364749 0.512401 0.348876 0.514137 0.344246 0.516369 0.338624 0.516369 0.334325 0.520833 0.331680 0.521081 0.317791 0.526538 0.303902 0.536954 0.291997 0.549851 0.284061 0.565724 0.282407 0.567708 0.279101 0.587054 0.279431 0.599206 0.281085 0.602927 0.282077 0.607639 0.285053 0.613343 0.289683 0.617808 0.291005 0.618056 0.292989 0.619544 0.292659 0.623512 0.294312 0.624752 0.295304 0.626736 0.300595 0.630456 0.309524 0.635417 0.316468 0.638145 0.320767 0.639137 0.324074 0.639137 0.329696 0.640625 0.342262 0.641369 0.350198 0.640873 0.354167 0.639385 0.359458 0.639385 0.372685 0.635169 0.380622 0.631944 0.388228 0.627480 0.403770 0.615079 0.405423 0.612847 0.407738 0.606399 0.407738 0.602183 0.405423 0.594742 0.399140 0.589286 0.397817 0.586806 0.394511 0.585069 0.391204 0.586558 0.386574 0.586062 0.383598 0.587302 0.380622 0.585565 0.376323 0.585317 0.374008 0.581597 0.374339 0.577877 0.376323 0.576141 0.378638 0.575645 0.380291 0.574405 0.382606 0.575397 0.390542 0.576141 0.393849 0.578373 0.398810 0.584325 0.400794 0.585565 0.405093 0.585813 0.409722 0.585069 0.415675 0.585813 0.418651 0.584821 0.421958 0.580357 0.423942 0.575149 0.427579 0.569692 0.428902 0.563740 0.429563 0.553075 0.425595 0.539931 0.419643 0.531250 0.416005 0.528026 0.415013 0.526042 0.408399 0.521577
0 0.395833 0.000000 0.397487 0.019593 0.400794 0.029266 0.403439 0.032490 0.407738 0.039931 0.413360 0.044395 0.420304 0.047123 0.434193 0.051091 0.453042 0.055308 0.466270 0.056548 0.469246 0.057292 0.471230 0.057292 0.477513 0.055308 0.497685 0.056548 0.506283 0.056548 0.527116 0.051835 0.531746 0.048363 0.537368 0.047371 0.543651 0.043899 0.550265 0.043403 0.552910 0.040179 0.553571 0.035466 0.552910 0.029762 0.550926 0.023313 0.550595 0.018601 0.547288 0.014633 0.537698 0.007440 0.536376 0.005208 0.531415 0.001736 0.531415 0.000000 0.468585 0.000000 0.467923 0.002232 0.463955 0.004464 0.459656 0.002232 0.459325 0.000000
0 0.309193 0.050347 0.298280 0.049851 0.289683 0.050099 0.286376 0.051835 0.282407 0.056300 0.275463 0.066716 0.268519 0.080853 0.266865 0.086062 0.263558 0.091270 0.259259 0.102431 0.258929 0.105903 0.257937 0.106647 0.251653 0.107391 0.249339 0.108383 0.244378 0.113343 0.238095 0.125992 0.232474 0.133929 0.228836 0.141617 0.223545 0.150050 0.216270 0.164931 0.210979 0.178323 0.210979 0.182788 0.214286 0.189732 0.211971 0.193948 0.209656 0.207341 0.211310 0.217510 0.213294 0.223958 0.215939 0.225942 0.222222 0.234623 0.227844 0.240079 0.230820 0.241319 0.237434 0.242063 0.244709 0.244048 0.248677 0.244296 0.261574 0.247024 0.267526 0.247024 0.280093 0.245040 0.289683 0.242312 0.294312 0.240327 0.296958 0.239831 0.303571 0.236111 0.308201 0.234375 0.311508 0.231895 0.314815 0.230903 0.321098 0.227431 0.324735 0.220982 0.326389 0.213542 0.330026 0.207837 0.332011 0.202133 0.333333 0.195188 0.338955 0.190724 0.342262 0.186508 0.344577 0.178819 0.351852 0.161706 0.361442 0.147321 0.366733 0.133185 0.368717 0.125000 0.376984 0.114831 0.379299 0.109127 0.379960 0.106151 0.379630 0.098710 0.376984 0.088542 0.375661 0.086806 0.373677 0.081101 0.366733 0.072421 0.359458 0.066964 0.353505 0.063740 0.333003 0.056548 0.324405 0.054315 0.321429 0.054067 0.314815 0.051587
0 0.167659 0.242560 0.164352 0.243056 0.161376 0.244792 0.157738 0.244792 0.154101 0.246032 0.150463 0.248264 0.147156 0.251488 0.131283 0.277778 0.119048 0.293155 0.117725 0.295883 0.116402 0.296875 0.112765 0.304067 0.110780 0.309772 0.106812 0.313492 0.101521 0.321429 0.098545 0.328125 0.097553 0.331597 0.097553 0.335069 0.098876 0.339038 0.106151 0.345238 0.112765 0.347222 0.116402 0.347470 0.121693 0.350198 0.123347 0.352431 0.126653 0.354663 0.139881 0.358879 0.150463 0.360119 0.155093 0.360119 0.161045 0.361855 0.165675 0.361359 0.168981 0.362351 0.175926 0.362599 0.178902 0.362103 0.182870 0.359375 0.185847 0.356151 0.192791 0.342758 0.193452 0.339286 0.199735 0.330605 0.202050 0.320437 0.203373 0.317708 0.203704 0.313988 0.207341 0.306300 0.208003 0.299107 0.204034 0.288690 0.202381 0.279762 0.200728 0.275794 0.200397 0.271329 0.197090 0.261905 0.179894 0.247520 0.172288 0.243800
0 0.882698 0.218309 0.882302 0.223338 0.882698 0.227480 0.888221 0.225707 0.885853 0.220677 0.888221 0.215055 0.894534 0.214462 0.899663 0.218901 0.900843 0.226297 0.896898 0.235174 0.886644 0.238430 0.874805 0.239908 0.870073 0.232808 0.871257 0.226002 0.879934 0.219789
0 0.257937 0.374504 0.255291 0.375496 0.251653 0.374752 0.248016 0.375992 0.240079 0.382688 0.237103 0.386161 0.226521 0.401290 0.218585 0.414931 0.216601 0.416667 0.211971 0.423115 0.209325 0.425099 0.208003 0.427827 0.203373 0.432044 0.204034 0.439236 0.199074 0.442460 0.194444 0.450397 0.191468 0.453621 0.188823 0.459821 0.185516 0.464038 0.185516 0.469742 0.187500 0.471726 0.189153 0.475198 0.191799 0.477679 0.209325 0.480903 0.211640 0.482143 0.214286 0.482639 0.216931 0.484623 0.220238 0.484871 0.223876 0.488591 0.228175 0.488839 0.237103 0.491319 0.241071 0.491319 0.247685 0.492808 0.254960 0.493304 0.257937 0.495040 0.263228 0.495040 0.269180 0.491567 0.270172 0.489335 0.272487 0.487599 0.274140 0.483879 0.276786 0.480903 0.279762 0.475198 0.280754 0.470486 0.286706 0.464782 0.290013 0.454861 0.291336 0.446925 0.294312 0.443700 0.295966 0.439236 0.296296 0.434276 0.294974 0.424851 0.292989 0.418651 0.292659 0.410714 0.291005 0.400298 0.288360 0.394097 0.276786 0.383681 0.265542 0.375496 0.262235 0.374504
0 0.158399 0.508185 0.154431 0.508433 0.151786 0.507192 0.148148 0.506448 0.140212 0.505952 0.133598 0.508929 0.129960 0.508433 0.128307 0.509921 0.119378 0.512401 0.115741 0.514137 0.109458 0.521577 0.095238 0.542907 0.090278 0.554067 0.083995 0.564236 0.078704 0.576389 0.077381 0.577381 0.074405 0.577877 0.068452 0.580357 0.063823 0.584573 0.056548 0.596974 0.048280 0.607887 0.043981 0.615823 0.038029 0.623512 0.036706 0.626736 0.030093 0.636905 0.025132 0.647569 0.024471 0.650794 0.025132 0.654762 0.032738 0.660962 0.034722 0.661706 0.036045 0.664187 0.040344 0.664683 0.040675 0.665179 0.036376 0.666171 0.032738 0.665923 0.030754 0.667411 0.027778 0.671379 0.026124 0.675595 0.029431 0.682044 0.035384 0.685516 0.037698 0.689236 0.042989 0.694940 0.046627 0.697173 0.049272 0.697669 0.055886 0.697421 0.060185 0.698661 0.064153 0.698413 0.067460 0.701885 0.074074 0.704365 0.081019 0.705605 0.086640 0.705853 0.093254 0.705109 0.100860 0.703621 0.105820 0.701141 0.109127 0.700893 0.114418 0.698661 0.123347 0.696181 0.125331 0.694444 0.129960 0.692956 0.132606 0.690972 0.137235 0.689484 0.138889 0.687996 0.140542 0.687748 0.142857 0.685020 0.143849 0.683036 0.143849 0.678571 0.144841 0.675595 0.147817 0.672619 0.154101 0.661706 0.155423 0.655258 0.154762 0.651290 0.161376 0.649802 0.163360 0.648313 0.169312 0.638145 0.172950 0.627728 0.176587 0.623016 0.177910 0.619048 0.180225 0.616319 0.181878 0.612847 0.185847 0.609375 0.188161 0.606151 0.193452 0.595982 0.198743 0.581349 0.208333 0.571181 0.210979 0.565972 0.211971 0.561260 0.211971 0.553819 0.208664 0.539683 0.204034 0.531746 0.200066 0.527282 0.193452 0.522321 0.185516 0.517857 0.182540 0.516617 0.165675 0.512401 0.160053 0.510169
0 0.000000 0.768105 0.000000 0.775050 0.001653 0.775050 0.002646 0.776042 0.001984 0.779018 0.000000 0.779514 0.001653 0.780010 0.002315 0.783234 0.001323 0.783978 0.000000 0.783978 0.000000 0.787698 0.001653 0.787698 0.002976 0.789931 0.001323 0.791915 0.000000 0.791915 0.000000 0.802827 0.001653 0.802827 0.002315 0.803571 0.001984 0.806300 0.000000 0.806796 0.000000 0.807788 0.001653 0.808036 0.002315 0.809772 0.003968 0.811012 0.003968 0.817460 0.002646 0.820685 0.003638 0.824653 0.002976 0.828869 0.004630 0.831597 0.004630 0.835565 0.006944 0.837798 0.006283 0.840030 0.002646 0.842014 0.001984 0.848710 0.001323 0.849950 0.000000 0.849950 0.000000 0.852927 0.001653 0.852927 0.002646 0.854167 0.001984 0.859623 0.003307 0.863095 0.004960 0.864335 0.006944 0.865079 0.008598 0.866567 0.020172 0.869792 0.023148 0.870040 0.033069 0.867063 0.037698 0.866567 0.044643 0.863591 0.050595 0.863343 0.059854 0.865079 0.075066 0.864831 0.094907 0.861111 0.102183 0.860367 0.113095 0.857391 0.121362 0.856399 0.127315 0.854167 0.128638 0.852679 0.128307 0.848462 0.127315 0.844742 0.125000 0.841518 0.096892 0.815972 0.089286 0.808284 0.083003 0.800099 0.070106 0.789187 0.064815 0.786210 0.056217 0.782738 0.050926 0.781250 0.046958 0.781498 0.042989 0.782738 0.038360 0.779266 0.035384 0.778026 0.033399 0.775794 0.026786 0.774306 0.012897 0.768849 0.006614 0.767609
0 0.775794 0.310764 0.768849 0.304315 0.762235 0.299603 0.755291 0.296627 0.750661 0.296131 0.744709 0.296379 0.740741 0.297619 0.727513 0.303571 0.716601 0.310516 0.715278 0.312004 0.699735 0.320933 0.692130 0.327133 0.689153 0.332589 0.689153 0.337550 0.691799 0.343502 0.699074 0.349702 0.703042 0.351190 0.706349 0.350942 0.713294 0.353423 0.727513 0.356151 0.737765 0.357391 0.755291 0.358135 0.760582 0.357143 0.769841 0.353919 0.781415 0.347222 0.785053 0.342758 0.786706 0.337054 0.786706 0.330605 0.785714 0.327877
0 0.342262 0.288938 0.328373 0.289683 0.324405 0.291667 0.321098 0.294147 0.320106 0.295635 0.319775 0.302579 0.320767 0.307292 0.324074 0.311756 0.328704 0.314484 0.335648 0.315228 0.349206 0.312500 0.352513 0.310268 0.354167 0.307788 0.354828 0.300099 0.353505 0.296627 0.344246 0.289683
0 0.477844 0.386905 0.473876 0.386905 0.466601 0.388889 0.463624 0.390625 0.460648 0.394593 0.456349 0.397321 0.456019 0.401290 0.457341 0.404514 0.459987 0.407738 0.463294 0.410466 0.473545 0.413194 0.477844 0.412946 0.482143 0.411706 0.491733 0.406250 0.493056 0.402778 0.492725 0.397321 0.491071 0.393353 0.488426 0.391617 0.485119 0.391121
0 0.404431 0.463542 0.397487 0.458829 0.391865 0.456597 0.390212 0.456349 0.387235 0.457341 0.383598 0.456845 0.380291 0.458085 0.377646 0.460317 0.376653 0.462054 0.373016 0.462054 0.371362 0.463790 0.369709 0.467262 0.370701 0.470486 0.373677 0.473710 0.379960 0.477679 0.382606 0.478175 0.397487 0.477679 0.399471 0.475694 0.401124 0.475198 0.402778 0.472222 0.404762 0.470486 0.405093 0.466022
0 0.199074 0.661210 0.196429 0.662202 0.188492 0.668403 0.186177 0.672123 0.185847 0.675595 0.187831 0.679067 0.191468 0.682292 0.199405 0.687500 0.205026 0.688740 0.213955 0.688244 0.217593 0.686508 0.222553 0.682540 0.224868 0.679315 0.225529 0.675099 0.224206 0.668155 0.220569 0.664187 0.206349 0.661458
0 0.345569 0.742808 0.342262 0.741071 0.335648 0.739335 0.330688 0.738839 0.323082 0.740079 0.302249 0.740079 0.293981 0.741319 0.285053 0.744048 0.270833 0.750744 0.265542 0.754464 0.261905 0.758185 0.261574 0.762649 0.264220 0.765625 0.264881 0.769097 0.266865 0.772817 0.268849 0.774554 0.272817 0.776290 0.275463 0.776786 0.280423 0.776290 0.290344 0.772569 0.303902 0.769345 0.324405 0.762649 0.330357 0.759425 0.335979 0.754216 0.345238 0.748016 0.346561 0.745288
