0 0.638440 0.104112 0.628600 0.106204 0.618976 0.106474 0.617153 0.109746 0.622016 0.115284 0.626885 0.121186 0.631135 0.124888 0.635587 0.126393 0.638768 0.122765 0.639979 0.117660 0.640554 0.109985
0 0.316068 0.280555 0.321864 0.283505 0.330524 0.294030 0.335180 0.302781 0.336290 0.310344 0.330781 0.316699 0.330591 0.324837 0.328539 0.329474 0.328402 0.339358 0.330676 0.356238 0.322611 0.394005 0.319731 0.400391 0.315076 0.406185 0.310752 0.408489 0.304617 0.409037 0.298778 0.404928 0.297352 0.401427 0.286357 0.386807 0.284017 0.382135 0.281499 0.371640 0.281374 0.353012 0.279385 0.345433 0.278611 0.334371 0.280878 0.322168 0.291441 0.308281 0.294164 0.296670 0.297045 0.290295 0.303035 0.285107 0.312994 0.280532
0 0.169684 0.358705 0.174009 0.355818 0.183203 0.353545 0.190259 0.353590 0.193838 0.355362 0.197945 0.360051 0.202192 0.369402 0.215850 0.384057 0.221048 0.395745 0.222069 0.400414 0.224359 0.403341 0.231549 0.408045 0.235230 0.413312 0.239633 0.427909 0.242063 0.450076 0.241638 0.465237 0.237001 0.472214 0.229226 0.477429 0.225276 0.477994 0.217323 0.477375 0.212844 0.475020 0.208683 0.468582 0.203923 0.456889 0.199744 0.449866 0.191084 0.440487 0.180251 0.432262 0.172972 0.410050 0.168412 0.390190 0.166084 0.386093 0.163566 0.375579 0.163834 0.369748 0.165868 0.363929
0 0.811643 0.095348 0.815866 0.092516 0.827427 0.089761 0.831350 0.090953 0.838488 0.097929 0.842019 0.100267 0.846353 0.100887 0.849902 0.103799 0.851352 0.108415 0.850761 0.116461 0.842695 0.133063 0.838006 0.134742 0.831883 0.132380 0.819972 0.124781 0.812791 0.116651 0.809909 0.107989 0.810031 0.098784
0 0.918359 0.266106 0.922571 0.263261 0.933733 0.262198 0.941154 0.265134 0.948732 0.272674 0.957952 0.277924 0.959382 0.281963 0.959640 0.289446 0.956824 0.295181 0.949430 0.305488 0.947316 0.306624 0.941696 0.306008 0.929806 0.298436 0.923497 0.290327 0.919539 0.287994 0.916658 0.279335 0.916421 0.272424
0 0.878142 0.427833 0.889234 0.423852 0.895711 0.423887 0.901029 0.427955 0.906876 0.434911 0.914232 0.435527 0.916606 0.441886 0.916764 0.446504 0.914471 0.455149 0.907938 0.466084 0.902778 0.466637 0.882067 0.454411 0.877983 0.448617 0.875549 0.440520 0.875706 0.432438
0 0.397195 0.719493 0.400985 0.714243 0.404425 0.711912 0.414889 0.709588 0.432040 0.710772 0.440503 0.714864 0.449163 0.725372 0.454809 0.737626 0.455668 0.751046 0.453420 0.763299 0.448376 0.770302 0.443166 0.772053 0.438322 0.771469 0.434263 0.767966 0.427207 0.752786 0.418209 0.745777 0.412026 0.744606 0.404194 0.746938 0.399363 0.746936 0.394457 0.744598 0.392520 0.738757 0.392796 0.733502
0 0.749142 0.701803 0.753620 0.705871 0.757876 0.716325 0.759226 0.730840 0.757178 0.747679 0.754898 0.757552 0.752859 0.761618 0.747286 0.763941 0.744186 0.762197 0.734691 0.751155 0.722113 0.738948 0.715699 0.729067 0.715091 0.723837 0.716717 0.720353 0.735070 0.709916 0.742643 0.702376
0 0.191251 0.579483 0.195434 0.586510 0.195178 0.607556 0.193906 0.609307 0.187333 0.611044 0.180421 0.616291 0.176176 0.622130 0.172528 0.633238 0.169980 0.636744 0.167363 0.637908 0.160714 0.637309 0.153534 0.633782 0.151237 0.630851 0.150248 0.627337 0.150052 0.605684 0.152888 0.596916 0.154259 0.583466 0.157640 0.578212 0.168463 0.570644 0.173713 0.568906
0 0.384449 0.449620 0.387759 0.443237 0.390336 0.441505 0.400877 0.442141 0.421254 0.449222 0.431967 0.455672 0.440999 0.464437 0.443444 0.472589 0.443607 0.477823 0.442458 0.483052 0.437457 0.491173 0.432764 0.495224 0.424165 0.500424 0.419326 0.499822 0.414232 0.491072 0.406508 0.482309 0.404299 0.481717 0.400226 0.477625 0.393119 0.474683 0.389171 0.474665 0.386906 0.472327 0.383968 0.462419
0 0.528258 0.568282 0.531791 0.569456 0.535909 0.575283 0.537879 0.582266 0.538797 0.597389 0.534287 0.606683 0.531597 0.618311 0.532516 0.633441 0.530822 0.635183 0.524264 0.635169 0.515843 0.631659 0.505432 0.620576 0.499395 0.609502 0.499082 0.599608 0.501357 0.588558 0.505566 0.583334 0.519608 0.571162
0 0.791483 0.474782 0.796759 0.477120 0.800438 0.483499 0.807671 0.505511 0.808491 0.517085 0.806357 0.530964 0.802354 0.540788 0.793640 0.552335 0.788024 0.552894 0.772837 0.539523 0.757869 0.519779 0.756000 0.515718 0.754805 0.505870 0.757119 0.497196 0.759568 0.492576 0.771287 0.479896 0.778108 0.476456
0 0.858708 0.466427 0.868021 0.473404 0.873875 0.480363 0.877253 0.490778 0.878116 0.503493 0.877093 0.511579 0.873851 0.517923 0.863316 0.525975 0.857753 0.527688 0.848196 0.526495 0.840665 0.521261 0.834650 0.509671 0.832194 0.500987 0.832023 0.483063 0.832792 0.480176 0.836117 0.476145 0.851378 0.466970
0 0.894850 0.525519 0.899190 0.526113 0.903156 0.528440 0.910400 0.538290 0.920532 0.556817 0.926639 0.571284 0.928642 0.579381 0.929469 0.590944 0.927373 0.605391 0.920387 0.615782 0.913200 0.620391 0.898055 0.619776 0.887463 0.613386 0.880309 0.606424 0.868063 0.589612 0.861183 0.578020 0.858785 0.571070 0.858609 0.565863 0.861010 0.560086 0.877681 0.541639 0.887367 0.534159 0.891040 0.527816
0 0.383022 0.177208 0.381845 0.195753 0.379067 0.205009 0.374518 0.213671 0.363868 0.223444 0.351685 0.226243 0.345108 0.226188 0.338037 0.224387 0.322399 0.214965 0.314689 0.206770 0.307751 0.195097 0.304236 0.180551 0.303988 0.172422 0.306426 0.166060 0.309901 0.164932 0.317834 0.166166 0.319660 0.168504 0.324995 0.170875 0.330418 0.176147 0.342767 0.178580 0.358019 0.175819 0.366181 0.170675 0.369561 0.166647 0.377408 0.165561 0.381001 0.168493
0 0.451149 0.132667 0.455699 0.138500 0.457136 0.142566 0.456846 0.147194 0.454006 0.154114 0.452186 0.165678 0.450930 0.167404 0.446159 0.168518 0.443628 0.171390 0.441589 0.176005 0.440915 0.182371 0.439658 0.184098 0.423498 0.184531 0.421694 0.182777 0.416011 0.168817 0.408742 0.160058 0.404552 0.151906 0.402495 0.142037 0.404411 0.133366 0.411247 0.128220 0.417315 0.126543 0.443540 0.126803
0 0.685859 0.072130 0.689351 0.099258 0.689183 0.107327 0.687128 0.110766 0.680661 0.111853 0.676060 0.116996 0.671760 0.118107 0.661988 0.111086 0.653478 0.102923 0.651120 0.097131 0.650478 0.090779 0.651195 0.086173 0.653649 0.081585 0.663384 0.074194 0.671079 0.070818 0.682731 0.069215
0 0.971703 0.016138 0.974750 0.017320 0.987151 0.028357 0.988969 0.031244 0.992273 0.039882 0.992791 0.054796 0.990592 0.065668 0.988603 0.070235 0.984896 0.074783 0.968827 0.082070 0.961949 0.081996 0.954482 0.077325 0.947325 0.069212 0.944118 0.063437 0.942512 0.054237 0.943111 0.034161 0.946724 0.026744 0.967426 0.016661
0 0.710221 0.628607 0.718270 0.622244 0.722144 0.621092 0.729231 0.625170 0.734655 0.631563 0.737946 0.639112 0.739479 0.646077 0.739843 0.657101 0.737070 0.665220 0.731082 0.668112 0.723201 0.666357 0.719646 0.664029 0.711042 0.653565 0.707162 0.641368 0.707349 0.633824
0 0.336447 0.702497 0.337678 0.699578 0.340722 0.698413 0.356240 0.702520 0.363877 0.707784 0.367556 0.713043 0.368104 0.716548 0.357471 0.728221 0.353494 0.727634 0.347193 0.722955 0.338304 0.720026 0.336930 0.718272
0 0.359591 0.825839 0.359753 0.831104 0.357786 0.838710 0.353565 0.844565 0.350960 0.845738 0.342064 0.842821 0.335441 0.842243 0.333168 0.839904 0.331263 0.835224 0.331048 0.828201 0.332280 0.825275 0.338778 0.821759 0.354606 0.821164 0.357723 0.822331
0 0.339982 0.904294 0.347911 0.904279 0.352476 0.909540 0.354031 0.917150 0.351550 0.922426 0.349403 0.924188 0.345860 0.923610 0.337715 0.916599 0.336727 0.913086 0.337061 0.909571
0 0.201590 0.837685 0.201289 0.842376 0.198472 0.851763 0.192507 0.859396 0.188048 0.858228 0.180282 0.850024 0.178390 0.845919 0.178338 0.844159 0.180498 0.842397 0.188409 0.840630 0.198391 0.834169 0.200637 0.835340
0 0.200025 0.770278 0.202195 0.783755 0.201945 0.790201 0.199909 0.796062 0.194231 0.798408 0.187842 0.806618 0.183861 0.806620 0.179810 0.804276 0.175811 0.803692 0.171282 0.800175 0.170241 0.794898 0.171430 0.790207 0.177823 0.781999 0.183875 0.777309 0.186407 0.773207 0.192900 0.768519 0.197746 0.767934
0 0.166607 0.746830 0.167482 0.761483 0.163674 0.767343 0.156576 0.766756 0.142663 0.760304 0.142117 0.756786 0.143819 0.754441 0.153367 0.747997 0.158504 0.742138 0.163371 0.742141
0 0.193398 0.681263 0.198257 0.681269 0.203750 0.687715 0.209562 0.690064 0.212299 0.692993 0.214206 0.697677 0.213549 0.705285 0.211004 0.708794 0.207948 0.709962 0.201745 0.709370 0.194995 0.705265 0.190438 0.700576 0.189007 0.697062 0.188816 0.690622 0.190426 0.685356
0 0.834872 0.169822 0.836522 0.167535 0.841626 0.165280 0.856339 0.166569 0.865517 0.170108 0.877691 0.185757 0.880494 0.192112 0.881514 0.196725 0.881376 0.205357 0.878610 0.212816 0.875728 0.216821 0.872354 0.219095 0.862036 0.220158 0.852050 0.218345 0.841434 0.210766 0.832839 0.199171 0.829467 0.188774 0.829685 0.182442
0 0.779260 0.162211 0.782894 0.156594 0.783015 0.147545 0.778193 0.142977 0.766693 0.141731 0.762595 0.146219 0.763282 0.154143 0.767833 0.163239 0.774781 0.167828
0 0.789891 0.251716 0.791315 0.230784 0.790823 0.216062 0.793768 0.202508 0.794084 0.186675 0.787999 0.169645 0.774258 0.164993 0.770241 0.171744 0.768220 0.187570 0.764676 0.196025 0.762136 0.209021 0.762607 0.223178 0.766864 0.236238 0.768480 0.246444 0.770408 0.253255 0.777430 0.260107 0.782643 0.263546
0 0.747197 0.080853 0.748140 0.083167 0.748790 0.102754 0.745055 0.120574 0.741783 0.126303 0.738828 0.128579 0.733218 0.129099 0.730149 0.127916 0.717487 0.111651 0.710889 0.095447 0.710566 0.085648 0.715273 0.083969 0.719681 0.086321 0.726216 0.087542 0.733519 0.085891 0.742418 0.080226
0 0.714409 0.202160 0.723097 0.202814 0.731031 0.206922 0.734217 0.211565 0.738007 0.221406 0.740066 0.231232 0.741621 0.252020 0.739123 0.268163 0.733418 0.279089 0.727935 0.283667 0.721469 0.284774 0.717924 0.282436 0.709602 0.266778 0.705695 0.253464 0.702522 0.236114 0.702594 0.225145 0.704778 0.212464 0.708039 0.206144
0 0.752107 0.241718 0.757323 0.242338 0.762826 0.251614 0.767242 0.267228 0.765663 0.271832 0.756983 0.271188 0.752121 0.268264 0.749948 0.254973
0 0.750051 0.271134 0.754384 0.271168 0.764989 0.277598 0.769906 0.282253 0.770887 0.285723 0.770686 0.292648 0.769521 0.296680 0.766210 0.301274 0.761937 0.302975 0.757152 0.302363 0.751799 0.297704 0.750403 0.294807 0.748778 0.284979 0.748529 0.277472
0 0.621681 0.247008 0.633327 0.244212 0.638183 0.246564 0.645836 0.254718 0.647346 0.261089 0.652957 0.273272 0.654449 0.279065 0.654732 0.287740 0.653522 0.290622 0.650083 0.291753 0.643960 0.290551 0.638176 0.286459 0.626383 0.271332 0.623586 0.265527 0.620129 0.252778 0.620054 0.250464
0 0.607108 0.226651 0.612421 0.229587 0.617580 0.241193 0.619545 0.248147 0.619732 0.253931 0.621715 0.261465 0.624512 0.267270 0.626608 0.278274 0.627872 0.290431 0.626227 0.293311 0.622746 0.293285 0.613367 0.285694 0.604725 0.274058 0.599073 0.260708 0.598053 0.256072 0.597661 0.243921 0.598420 0.240457 0.603286 0.229510
0 0.635591 0.101157 0.631211 0.093433 0.626498 0.083876 0.622426 0.085661 0.619743 0.096239 0.620270 0.103925 0.622413 0.102118 0.625691 0.101419 0.630945 0.102206 0.633734 0.103331
0 0.591829 0.090164 0.596159 0.089632 0.599276 0.091973 0.604283 0.098952 0.606624 0.104172 0.607904 0.116885 0.604651 0.123781 0.600775 0.124897 0.595955 0.123694 0.591494 0.120185 0.587356 0.113213 0.585790 0.105112 0.585946 0.096453 0.588841 0.091864
0 0.519880 0.140281 0.525129 0.140911 0.529217 0.146155 0.538959 0.164752 0.550314 0.179315 0.560629 0.188661 0.569959 0.194528 0.574481 0.199772 0.575426 0.202094 0.574816 0.210184 0.570647 0.215932 0.568924 0.216496 0.557117 0.228545 0.553270 0.230828 0.548930 0.231370 0.543988 0.226699 0.541225 0.222046 0.535059 0.206368 0.526242 0.189510 0.520985 0.174997 0.518713 0.172084 0.514439 0.161052 0.513162 0.148314 0.515631 0.143710
0 0.592557 0.315060 0.596021 0.314505 0.601526 0.323228 0.608318 0.331380 0.609432 0.338914 0.607386 0.342954 0.603071 0.344083 0.599512 0.341743 0.593838 0.327807 0.592345 0.322006
0 0.428826 0.243125 0.431342 0.239667 0.438669 0.236248 0.444370 0.236875 0.447522 0.239799 0.454462 0.252029 0.468649 0.272432 0.490516 0.301004 0.494685 0.308571 0.495724 0.313796 0.494942 0.316690 0.489719 0.317233 0.482218 0.314861 0.446171 0.294300 0.442071 0.289049 0.433034 0.265777 0.428607 0.250083
0 0.389555 0.303174 0.396018 0.299736 0.405233 0.300384 0.418803 0.314414 0.425768 0.327234 0.431691 0.348755 0.432054 0.360372 0.430466 0.365589 0.427949 0.369058 0.423660 0.371936 0.418862 0.372487 0.407767 0.367770 0.405943 0.365435 0.402076 0.353791 0.394742 0.343286 0.389339 0.338602 0.384902 0.336830 0.383076 0.334493 0.381617 0.329836 0.381714 0.318799 0.384494 0.309525
0 0.849317 0.239635 0.851849 0.237927 0.857835 0.236249 0.879158 0.241608 0.889687 0.246877 0.895528 0.253834 0.898292 0.259038 0.900038 0.272297 0.897764 0.281494 0.891981 0.288939 0.884312 0.291763 0.869501 0.287618 0.862005 0.282951 0.853862 0.271939 0.847290 0.256327 0.846095 0.246522
0 0.141901 0.373370 0.137659 0.361891 0.127369 0.350940 0.121091 0.344026 0.126128 0.338337 0.136967 0.338409 0.146640 0.343051 0.148128 0.349359 0.148046 0.361380 0.146154 0.370531
0 0.138065 0.375639 0.132977 0.364721 0.120377 0.349179 0.114771 0.350286 0.114321 0.364604 0.114923 0.370338 0.120684 0.374384 0.129876 0.377305 0.133815 0.378473
0 0.045297 0.184029 0.045874 0.188697 0.044442 0.200344 0.042807 0.204993 0.039793 0.207883 0.034925 0.207841 0.021442 0.200726 0.019603 0.198377 0.019469 0.193710 0.021156 0.190809 0.030268 0.184477 0.039477 0.181645 0.043459 0.181681
0 0.997119 0.527067 1.000000 0.535161 1.000000 0.555939 1.000000 0.563435 0.997166 0.565734 0.993660 0.563991 0.989813 0.552433 0.989614 0.546660 0.994575 0.528212
0 0.666218 0.360123 0.669657 0.358988 0.673586 0.359592 0.684675 0.366604 0.689246 0.373575 0.696330 0.390976 0.699091 0.408930 0.699491 0.421087 0.698133 0.432657 0.694963 0.441904 0.691638 0.446519 0.688219 0.448239 0.683439 0.448215 0.679470 0.446458 0.674536 0.441799 0.663515 0.423787 0.656294 0.402319 0.655501 0.377998 0.658640 0.367598
0 0.679718 0.467312 0.684575 0.469653 0.688829 0.480100 0.690002 0.489376 0.688964 0.497484 0.685071 0.498046 0.678000 0.494539 0.672195 0.489877 0.669907 0.486389 0.669775 0.482332 0.672611 0.475970 0.676750 0.469616
0 0.644436 0.412098 0.651888 0.413877 0.658638 0.420864 0.666125 0.437122 0.669264 0.453358 0.669093 0.461468 0.665842 0.468406 0.663535 0.477667 0.660603 0.481131 0.652487 0.485732 0.645449 0.483382 0.639583 0.476978 0.634419 0.465359 0.631299 0.449692 0.631282 0.435782 0.634729 0.421313 0.641428 0.413240
0 0.579901 0.395505 0.584240 0.394950 0.587783 0.396710 0.593161 0.401378 0.598669 0.410104 0.604247 0.434481 0.605001 0.444342 0.603862 0.449555 0.599106 0.450691 0.593348 0.447762 0.589313 0.444262 0.584712 0.436699 0.582744 0.429729 0.577177 0.419261 0.576082 0.412296 0.576581 0.400703
0 0.526223 0.421884 0.531008 0.421330 0.534137 0.423668 0.555325 0.458597 0.578997 0.489468 0.591125 0.500547 0.597926 0.508701 0.601694 0.517422 0.601956 0.525549 0.598693 0.532503 0.596152 0.534816 0.592265 0.535963 0.572598 0.534729 0.542626 0.511960 0.535379 0.503797 0.531152 0.494485 0.524662 0.468901 0.520718 0.441010 0.521678 0.429986
0 0.661302 0.529257 0.672633 0.543218 0.676341 0.550191 0.678270 0.555998 0.678536 0.564119 0.676494 0.568174 0.662285 0.572770 0.654904 0.573328 0.650891 0.570413 0.649907 0.566928 0.649132 0.556480 0.649776 0.549519 0.655701 0.530976 0.656950 0.529241
0 0.629440 0.553511 0.633605 0.561071 0.636633 0.573851 0.640549 0.600571 0.643272 0.630779 0.639577 0.637742 0.622481 0.648167 0.616869 0.649900 0.613779 0.648731 0.609609 0.641166 0.605520 0.622558 0.605337 0.603381 0.610580 0.576674 0.614203 0.567394 0.624212 0.553493
0 0.081387 0.512434 0.081642 0.521210 0.079240 0.529978 0.075866 0.535817 0.071538 0.539313 0.062794 0.543379 0.053946 0.543934 0.048575 0.542158 0.041293 0.535691 0.040631 0.528077 0.041450 0.525738 0.046669 0.522245 0.054154 0.520518 0.061553 0.515865 0.072937 0.511229 0.074215 0.509479 0.079086 0.509499
0 0.077143 0.579726 0.078149 0.583828 0.077518 0.592611 0.074637 0.600217 0.071193 0.603722 0.066300 0.603124 0.057178 0.594311 0.057076 0.590796 0.058356 0.589042 0.072729 0.580299
0 0.062438 0.643186 0.062396 0.651357 0.060083 0.658786 0.053126 0.661372 0.042388 0.659500 0.038924 0.656514 0.040267 0.654288 0.045755 0.649466 0.052036 0.643165 0.058971 0.639831
0 0.056550 0.633888 0.051606 0.628303 0.038824 0.623813 0.034410 0.626775 0.033587 0.637181 0.033833 0.645731 0.037109 0.652054 0.040326 0.646483 0.043800 0.640175 0.051284 0.636473
0 0.942010 0.640254 0.939644 0.635338 0.926492 0.647093 0.928242 0.655439 0.934937 0.658395 0.939933 0.654478 0.940465 0.648590
0 0.946011 0.650076 0.955651 0.653530 0.969986 0.665821 0.983638 0.690372 0.985511 0.702150 0.982441 0.719327 0.969685 0.731590 0.953417 0.727156 0.942782 0.705539 0.935576 0.677050 0.938655 0.659878
0 0.858973 0.704827 0.864524 0.702515 0.868932 0.704838 0.886557 0.726874 0.895977 0.736731 0.899241 0.743686 0.899497 0.751220 0.896311 0.759333 0.891237 0.762809 0.880810 0.761648 0.872880 0.757587 0.866583 0.750627 0.864124 0.741929 0.858259 0.734968 0.855328 0.725110 0.855015 0.715835
0 0.855465 0.729169 0.858711 0.735548 0.860304 0.744246 0.857862 0.748884 0.852664 0.748882 0.846876 0.744240 0.845774 0.737280 0.848573 0.730323
0 0.820895 0.641604 0.824342 0.641032 0.826980 0.642196 0.831922 0.647420 0.834282 0.653219 0.834457 0.658433 0.832841 0.661907 0.828095 0.662478 0.822306 0.657832 0.819945 0.652032 0.819673 0.643919
0 0.818248 0.614371 0.823015 0.614383 0.830159 0.620771 0.832894 0.624831 0.832618 0.629464 0.830549 0.632356 0.827969 0.632929 0.823579 0.631182 0.817104 0.619002
0 0.749090 0.779048 0.752625 0.780790 0.756709 0.786020 0.769097 0.805773 0.781242 0.831335 0.783705 0.840051 0.783937 0.847026 0.780356 0.856913 0.756397 0.894756 0.752579 0.897672 0.744748 0.897687 0.734644 0.894795 0.728416 0.890732 0.725689 0.887244 0.722867 0.880845 0.722561 0.871533 0.724584 0.866874 0.725654 0.846507 0.727184 0.840106 0.727294 0.830217 0.729067 0.818002 0.734581 0.800556 0.741418 0.783697 0.744781 0.780210
0 0.365453 0.801860 0.370255 0.800689 0.381778 0.803607 0.386723 0.807112 0.390402 0.812371 0.395250 0.826982 0.405335 0.840419 0.410532 0.852106 0.411556 0.856782 0.411022 0.867892 0.411733 0.876663 0.417076 0.893030 0.417878 0.904728 0.415166 0.916434 0.411373 0.921708 0.406206 0.925231 0.405399 0.927574 0.375927 0.927642 0.361687 0.908350 0.361066 0.902497 0.364632 0.889611 0.364568 0.873224 0.362008 0.861524 0.357319 0.852167 0.357140 0.846316 0.360579 0.829348 0.359609 0.826424 0.359178 0.812388 0.361180 0.805955
0 0.476225 0.805320 0.482981 0.797146 0.488148 0.794227 0.492074 0.793642 0.508448 0.798888 0.520511 0.806467 0.528323 0.818129 0.533219 0.834460 0.534866 0.844961 0.533430 0.854882 0.529256 0.861307 0.525390 0.863647 0.522342 0.864235 0.513872 0.859576 0.510677 0.855493 0.505525 0.844991 0.497726 0.833908 0.490950 0.827492 0.480722 0.822830 0.476647 0.818746 0.475678 0.815827 0.475440 0.808239
0 0.574421 0.659706 0.575787 0.661454 0.578631 0.668440 0.578855 0.675422 0.577203 0.678328 0.575056 0.679489 0.568867 0.677152 0.565168 0.670745 0.565892 0.666091 0.570510 0.660281
0 0.549009 0.684689 0.552961 0.685277 0.554765 0.687026 0.558066 0.694597 0.557638 0.708570 0.554709 0.712643 0.549900 0.712638 0.545455 0.710304 0.539073 0.702144 0.538832 0.694573 0.539652 0.692827
0 0.802810 0.774981 0.806657 0.773240 0.814466 0.773240 0.820617 0.775562 0.839769 0.790650 0.845658 0.798194 0.854932 0.816181 0.855995 0.821985 0.856347 0.832434 0.855578 0.835337 0.848463 0.842892 0.843338 0.845220 0.839436 0.845224 0.833739 0.843487 0.824888 0.838269 0.815031 0.828984 0.807777 0.819695 0.801156 0.803435 0.799505 0.792982 0.799176 0.783110
0 0.624964 0.873424 0.627546 0.872254 0.632385 0.873412 0.637414 0.880399 0.649914 0.915934 0.650710 0.927010 0.637178 0.927041 0.636173 0.922961 0.622962 0.906077 0.619167 0.896754 0.618486 0.889174 0.621204 0.878676
0 0.595690 0.764493 0.600056 0.764494 0.605464 0.769735 0.607835 0.775559 0.605802 0.780217 0.603675 0.781965 0.599764 0.782547 0.593007 0.776141 0.592059 0.773811 0.592383 0.770317
0 0.641671 0.702261 0.641916 0.709821 0.640549 0.721451 0.638596 0.728429 0.635240 0.732498 0.630461 0.733077 0.612899 0.729574 0.608915 0.727825 0.602181 0.722000 0.604518 0.713273 0.606987 0.708621 0.615811 0.698160 0.622223 0.694097 0.630944 0.694108 0.639359 0.698188
