0 0.583519 0.426849 0.584356 0.431938 0.587569 0.435684 0.597386 0.437254 0.608218 0.434246 0.612251 0.429074 0.613187 0.422760 0.610987 0.414436 0.605319 0.410299 0.593318 0.414412 0.584571 0.423139
0 0.287194 0.366969 0.282928 0.366933 0.277803 0.374946 0.268628 0.374126 0.260213 0.376658 0.259393 0.385576 0.261438 0.390428 0.262624 0.403329 0.263909 0.404828 0.268098 0.403127 0.273826 0.394995 0.283333 0.389620 0.286120 0.383817 0.288673 0.372806
0 0.117088 0.009913 0.114534 0.020924 0.114922 0.029604 0.116968 0.034454 0.123921 0.040091 0.134382 0.042410 0.142836 0.040746 0.149362 0.036835 0.152149 0.031031 0.151412 0.014540 0.140601 0.004409 0.131952 0.001733 0.123498 0.003398
0 0.062642 0.127461 0.061628 0.132038 0.063302 0.142217 0.072866 0.151718 0.079703 0.154750 0.084572 0.154667 0.088723 0.152099 0.092113 0.146178 0.094140 0.137022 0.093342 0.132801 0.084306 0.121445 0.078149 0.120030 0.069695 0.121694
0 0.914178 0.409919 0.911646 0.407790 0.907380 0.407754 0.897308 0.414115 0.881606 0.417206 0.879950 0.421035 0.882090 0.441629 0.887271 0.448490 0.889725 0.448883 0.905953 0.443936 0.913337 0.431975 0.915171 0.418480
0 0.119497 0.308913 0.114627 0.308996 0.101574 0.316819 0.095203 0.324203 0.089845 0.327009 0.090272 0.336557 0.094168 0.341919 0.098452 0.355962 0.094728 0.368079 0.096170 0.373049 0.101079 0.373834 0.109494 0.371302 0.115146 0.361432 0.115167 0.348294 0.112889 0.338234 0.115482 0.328092 0.122340 0.317985 0.122107 0.312777
0 0.462581 0.324562 0.455140 0.321649 0.447366 0.324930 0.443411 0.331839 0.441578 0.345334 0.444869 0.350816 0.449252 0.353456 0.457064 0.351041 0.467196 0.332410
0 0.301871 0.054973 0.293161 0.064568 0.291544 0.069266 0.292126 0.082286 0.294813 0.087887 0.295435 0.101774 0.301940 0.111001 0.305680 0.112893 0.314173 0.112096 0.317720 0.109647 0.322805 0.100765 0.322943 0.090230 0.320821 0.083642 0.322438 0.078946 0.322576 0.068411 0.319772 0.060206 0.315916 0.055711 0.307909 0.053784
0 0.964685 0.190695 0.953172 0.192085 0.946119 0.197852 0.940956 0.204998 0.939416 0.211431 0.939726 0.218375 0.944282 0.238494 0.951568 0.237935 0.958620 0.232168 0.969883 0.211562 0.970625 0.200909 0.967860 0.193572
0 0.000000 0.040217 0.000000 0.049015 0.000000 0.063296 0.000000 0.078278 0.000858 0.080955 0.011729 0.078815 0.017651 0.075022 0.025035 0.063060 0.025622 0.048934 0.024220 0.044831 0.019117 0.039707 0.006241 0.037864 0.000000 0.038742 0.000000 0.036186 0.000000 0.037137
0 0.599851 0.111026 0.593657 0.108743 0.584599 0.110526 0.579883 0.114080 0.576355 0.130537 0.577464 0.141703 0.582528 0.145959 0.588041 0.146625 0.600977 0.136197 0.604856 0.127553 0.603825 0.118125
0 0.811434 0.060618 0.804360 0.079524 0.806715 0.091319 0.812422 0.096326 0.828046 0.091498 0.832040 0.085458 0.833153 0.069477 0.830991 0.062022 0.827096 0.056659 0.823396 0.055637 0.814941 0.057301
0 0.717487 0.016940 0.711841 0.000000 0.709913 0.000000 0.705043 0.000000 0.691287 0.016845 0.688345 0.019175 0.684078 0.019139 0.680571 0.022456 0.673791 0.034298 0.673946 0.037771 0.677763 0.041397 0.681990 0.040565 0.696739 0.029781 0.705115 0.026381 0.710862 0.032255 0.714407 0.029806 0.717798 0.023885
0 0.027538 0.650131 0.025610 0.647883 0.003305 0.653151 0.000000 0.657026 0.000000 0.660736 0.000000 0.663971 0.005483 0.674613 0.013450 0.675672 0.027693 0.653603
0 0.395049 0.544510 0.394424 0.557769 0.395942 0.564475 0.398552 0.568339 0.405953 0.570385 0.415012 0.568602 0.419727 0.565046 0.422552 0.560112 0.423410 0.552062 0.420412 0.539517 0.417842 0.536520 0.413498 0.534749 0.405004 0.535545 0.399647 0.538351
0 0.617976 0.570679 0.616691 0.569180 0.606581 0.574673 0.598690 0.575351 0.595223 0.579536 0.595455 0.584744 0.606986 0.597360 0.612421 0.596290 0.616338 0.588514
0 0.462213 0.697663 0.460673 0.704096 0.461626 0.711789 0.467372 0.717664 0.473567 0.719947 0.484437 0.717807 0.492348 0.703990 0.491805 0.691838 0.488552 0.687224 0.482961 0.684822 0.471449 0.686213
0 0.312833 0.735825 0.300716 0.737335 0.293625 0.742234 0.294168 0.754386 0.298706 0.760498 0.301803 0.761640 0.309499 0.756622 0.314507 0.746004 0.314118 0.737324
0 0.983068 0.492679 0.987567 0.497923 0.996548 0.494403 1.000000 0.475605 1.000000 0.465820 1.000000 0.464797 1.000000 0.468792 0.990883 0.463120 0.986052 0.464071 0.983383 0.472477
0 0.006445 0.233094 0.004867 0.238658 0.006092 0.252428 0.015129 0.263784 0.022570 0.266697 0.030382 0.264283 0.040472 0.271930 0.045264 0.270111 0.046959 0.267150 0.047934 0.261704 0.046299 0.252394 0.035705 0.233464 0.014744 0.227957 0.009309 0.229027
0 0.045883 0.556327 0.046155 0.562404 0.048160 0.566387 0.053907 0.572261 0.063237 0.576554 0.069238 0.574497 0.072999 0.563248 0.073741 0.552595 0.072261 0.546757 0.069768 0.545497 0.062481 0.546054 0.047578 0.553367
0 0.962620 0.321574 0.958841 0.318815 0.950386 0.320479 0.940879 0.325853 0.936924 0.332762 0.937235 0.339705 0.941246 0.347673 0.946155 0.348457 0.953363 0.346163 0.962404 0.330372 0.963456 0.326662
0 0.961806 0.548529 0.958709 0.547386 0.926741 0.554555 0.924480 0.558502 0.927751 0.577123 0.931003 0.581737 0.939652 0.584413 0.959503 0.578754 0.962971 0.574569 0.963985 0.569990 0.963248 0.553498
0 0.957618 0.032717 0.950410 0.035012 0.943064 0.047841 0.941503 0.067413 0.943138 0.076723 0.946351 0.080469 0.952390 0.079280 0.963437 0.067473 0.966224 0.061671 0.964804 0.043561 0.961436 0.036344
0 0.502473 0.222139 0.497192 0.226681 0.491542 0.236549 0.488385 0.247679 0.488247 0.258214 0.490369 0.264801 0.496192 0.272412 0.506964 0.281675 0.512437 0.281473 0.520388 0.268524 0.526193 0.262128 0.527207 0.257549 0.526625 0.244529 0.524464 0.237074 0.517315 0.227098 0.509154 0.221699
0 0.539266 0.513494 0.537941 0.511128 0.533714 0.511960 0.527459 0.521947 0.520096 0.520769 0.512849 0.522196 0.508406 0.531828 0.508113 0.538891 0.522313 0.543100 0.528313 0.541043 0.539732 0.523909
0 0.105740 0.723178 0.103014 0.716709 0.099235 0.713951 0.090780 0.715615 0.083650 0.719645 0.070286 0.720525 0.064968 0.724198 0.064304 0.736589 0.067673 0.743807 0.070808 0.745816 0.080588 0.746518 0.089646 0.744735 0.103868 0.735806 0.106051 0.730122
0 0.789098 0.528236 0.786001 0.527094 0.771019 0.532671 0.754636 0.534144 0.751168 0.538329 0.750836 0.544525 0.758587 0.554382 0.763612 0.557771 0.772145 0.557842 0.783193 0.546036 0.788843 0.536166
0 0.502944 0.450591 0.504424 0.456430 0.507560 0.458439 0.519716 0.457798 0.524391 0.453375 0.531212 0.442399 0.530940 0.436324 0.517382 0.432863 0.510097 0.433422 0.503880 0.444277
0 0.193749 0.606904 0.195679 0.609151 0.216716 0.616393 0.220223 0.613076 0.222211 0.603053 0.219602 0.599188 0.195407 0.603075
0 0.704957 0.172646 0.697301 0.178531 0.688376 0.196926 0.688959 0.209946 0.693048 0.219649 0.701481 0.231124 0.706468 0.233644 0.710695 0.232812 0.717671 0.225310 0.722717 0.215561 0.724744 0.206404 0.724201 0.194252 0.721397 0.186048 0.714250 0.176071
