0 0.328637 0.515231 0.330479 0.519030 0.331483 0.523206 0.331395 0.533078 0.333025 0.537256 0.332944 0.546369 0.332238 0.555481 0.330271 0.565732 0.326597 0.580539 0.324889 0.585095 0.323151 0.593068 0.315476 0.612430 0.312091 0.618125 0.306613 0.624958 0.301150 0.629892 0.298642 0.630650 0.293644 0.630269 0.290337 0.627231 0.288025 0.629507 0.283218 0.631025 0.278862 0.628745 0.274311 0.624947 0.272251 0.622288 0.269999 0.617731 0.270244 0.613554 0.268641 0.606340 0.268606 0.586975 0.269342 0.574445 0.271524 0.563434 0.272227 0.554702 0.273326 0.548247 0.276759 0.537237 0.284201 0.520533 0.287372 0.515598 0.291788 0.511043 0.295562 0.508386 0.302669 0.506110 0.309337 0.506113 0.315367 0.507633 0.320140 0.509913 0.324899 0.513711
0 0.460039 0.104440 0.459999 0.108996 0.458063 0.115831 0.453420 0.122283 0.451932 0.125700 0.451648 0.134054 0.448657 0.142406 0.443574 0.151518 0.429237 0.170118 0.422098 0.176191 0.417080 0.178087 0.411242 0.178466 0.409789 0.177706 0.406902 0.174287 0.406098 0.170869 0.404657 0.168971 0.402559 0.170489 0.400858 0.174285 0.393538 0.177321 0.389609 0.173902 0.389218 0.170864 0.389468 0.166307 0.391210 0.157954 0.393139 0.151880 0.396742 0.145047 0.397395 0.142010 0.400165 0.135176 0.405455 0.126065 0.411576 0.117333 0.421873 0.107844 0.429836 0.102911 0.437573 0.099877 0.452390 0.097603 0.458205 0.099884
0 0.143900 0.830700 0.147123 0.843232 0.147260 0.851206 0.146772 0.859179 0.144627 0.866013 0.142879 0.875125 0.139457 0.884996 0.137343 0.888413 0.135177 0.897525 0.132639 0.901700 0.129917 0.903218 0.128647 0.905496 0.125299 0.907014 0.121541 0.907772 0.116751 0.907391 0.110308 0.905490 0.105756 0.901691 0.102665 0.897894 0.100850 0.891058 0.101103 0.886122 0.103452 0.879669 0.105983 0.876252 0.111079 0.865622 0.113593 0.864103 0.117627 0.855751 0.130277 0.839429 0.132627 0.832974 0.136230 0.826142 0.139984 0.825763
0 0.215402 0.711119 0.218036 0.719473 0.219024 0.725549 0.219152 0.734662 0.218667 0.742255 0.214986 0.757822 0.211366 0.766554 0.207339 0.774146 0.204175 0.778322 0.202709 0.779081 0.200391 0.782118 0.197876 0.783636 0.197029 0.785154 0.187191 0.790087 0.175316 0.789703 0.171797 0.787045 0.167881 0.782107 0.165448 0.774512 0.164856 0.770715 0.165102 0.766539 0.168689 0.761603 0.170151 0.761224 0.177086 0.754772 0.185748 0.741485 0.189355 0.734271 0.189600 0.730095 0.191089 0.726678 0.193896 0.715668 0.196448 0.709973 0.197528 0.705798 0.201117 0.700482 0.204868 0.700484 0.206942 0.701624 0.210250 0.704663
0 0.216551 0.582022 0.219763 0.595691 0.219733 0.599109 0.221128 0.606324 0.221853 0.618474 0.221803 0.624170 0.220477 0.632523 0.215986 0.645431 0.209849 0.656061 0.208356 0.659857 0.202225 0.669727 0.198006 0.675421 0.193593 0.679597 0.188362 0.681872 0.183986 0.681871 0.178379 0.679592 0.171352 0.673134 0.169507 0.669716 0.168703 0.666298 0.168731 0.663261 0.169605 0.658705 0.170663 0.656806 0.173037 0.647695 0.174943 0.644278 0.176449 0.638962 0.185360 0.621119 0.190043 0.610110 0.202107 0.589231 0.208857 0.580120 0.213042 0.578223
0 0.112098 0.446813 0.114659 0.439979 0.118659 0.435425 0.122209 0.434666 0.125929 0.438085 0.127778 0.441122 0.129230 0.441883 0.132729 0.446820 0.133720 0.452516 0.133465 0.457831 0.132183 0.461248 0.127168 0.462765 0.125488 0.464284 0.118618 0.463522 0.114671 0.462002 0.112615 0.458963 0.111196 0.454406
0 0.186674 0.356469 0.189195 0.354192 0.193588 0.352295 0.197336 0.352676 0.198976 0.355715 0.199365 0.358752 0.202196 0.368625 0.208758 0.380398 0.211643 0.384195 0.214083 0.391031 0.218381 0.399766 0.221631 0.409260 0.222410 0.415335 0.221724 0.422169 0.220000 0.428624 0.217882 0.432420 0.215788 0.433558 0.214517 0.435836 0.212013 0.436215 0.207196 0.438871 0.203442 0.439250 0.192670 0.432032 0.191850 0.430512 0.189158 0.428614 0.184221 0.421398 0.183212 0.417601 0.182154 0.395956 0.182152 0.372795 0.182841 0.365581 0.184983 0.359126
0 0.022166 0.084929 0.026757 0.084171 0.030287 0.085691 0.039179 0.093288 0.041849 0.097845 0.044120 0.100124 0.045743 0.105061 0.048638 0.107719 0.054165 0.118733 0.059469 0.131644 0.061116 0.133923 0.063139 0.140758 0.062890 0.145315 0.061822 0.148352 0.060268 0.158983 0.057498 0.165817 0.053915 0.170372 0.049730 0.172270 0.042860 0.171507 0.038309 0.167709 0.035630 0.164291 0.033382 0.159354 0.030706 0.155556 0.026616 0.146821 0.024146 0.143403 0.020066 0.133530 0.017599 0.129732 0.014533 0.122896 0.012910 0.117960 0.011473 0.115681 0.010891 0.110745 0.011577 0.103910 0.014555 0.097076
0 0.089672 0.297203 0.091144 0.295685 0.095308 0.296067 0.099655 0.299485 0.102115 0.304042 0.103499 0.312396 0.106363 0.318472 0.107361 0.323409 0.109630 0.326068 0.111793 0.340497 0.114236 0.346952 0.115880 0.349611 0.117295 0.354548 0.119345 0.358346 0.121163 0.364801 0.123822 0.370497 0.125008 0.377712 0.124352 0.381129 0.122651 0.384925 0.120766 0.386064 0.119078 0.388342 0.115102 0.390239 0.110513 0.390617 0.106568 0.389097 0.096249 0.377702 0.086815 0.360613 0.082732 0.351119 0.078826 0.345043 0.076834 0.334790 0.076878 0.329854 0.078192 0.322640 0.083533 0.307833
0 0.865697 0.933841 0.869204 0.938019 0.871825 0.947892 0.874671 0.955866 0.877675 0.969537 0.878048 0.974473 0.879060 0.977891 0.879234 0.981688 0.880249 0.984726 0.880837 0.988902 0.882474 0.992321 0.883069 0.995738 0.884177 1.000000 0.883670 1.000000 0.881668 1.000000 0.881634 1.000000 0.880146 1.000000 0.879450 1.000000 0.878357 1.000000 0.875997 1.000000 0.875116 1.000000 0.872346 1.000000 0.872333 1.000000 0.833154 1.000000 0.833171 1.000000 0.832562 1.000000 0.833548 1.000000 0.835512 1.000000 0.835990 1.000000 0.837755 1.000000 0.840364 1.000000 0.841047 1.000000 0.844085 0.997244 0.844758 0.991928 0.846042 0.988131 0.848694 0.971046 0.851259 0.963832 0.853657 0.952062 0.857493 0.942571 0.861513 0.935738 0.863402 0.934220
0 0.740300 0.318685 0.744653 0.321345 0.747322 0.325901 0.749123 0.334255 0.749233 0.345267 0.748335 0.352481 0.747256 0.356657 0.742796 0.366148 0.739437 0.368805 0.735270 0.368803 0.729673 0.365385 0.724333 0.356649 0.722111 0.348676 0.721537 0.342980 0.722838 0.337285 0.727514 0.327034 0.729628 0.323617 0.735507 0.318683
0 0.670854 0.113624 0.674370 0.116663 0.675600 0.118942 0.677798 0.129574 0.677522 0.137167 0.678741 0.140585 0.678496 0.144761 0.676973 0.151975 0.673985 0.159948 0.669786 0.163364 0.665198 0.163742 0.662912 0.162983 0.659188 0.159943 0.654671 0.152348 0.651613 0.144752 0.651223 0.141715 0.651469 0.137538 0.652753 0.133742 0.655079 0.129946 0.659966 0.119316 0.661856 0.117798 0.663126 0.115520 0.666898 0.113243
0 0.517910 0.158377 0.521651 0.159518 0.525170 0.162177 0.528857 0.169392 0.529657 0.173189 0.529814 0.178885 0.531622 0.186479 0.531989 0.192175 0.531541 0.195592 0.530687 0.197870 0.527514 0.203184 0.521212 0.208878 0.516203 0.209636 0.513293 0.208875 0.510600 0.206977 0.507717 0.203178 0.505686 0.197102 0.504890 0.192926 0.505207 0.180776 0.506075 0.176978 0.509705 0.167107 0.513302 0.161033
0 0.596926 0.365341 0.598559 0.369138 0.597832 0.380528 0.598000 0.385085 0.597513 0.393059 0.594685 0.406347 0.594856 0.410523 0.594207 0.413182 0.593367 0.413940 0.592131 0.412421 0.589424 0.412041 0.587528 0.414319 0.587286 0.418115 0.588093 0.421153 0.588059 0.424950 0.586987 0.428366 0.581901 0.437857 0.579118 0.446210 0.575370 0.445829 0.571854 0.442791 0.567529 0.437094 0.564866 0.431776 0.561019 0.419246 0.561359 0.404437 0.565063 0.386213 0.567830 0.379759 0.571844 0.373686 0.579608 0.367612 0.586516 0.364198 0.590274 0.363439 0.594021 0.363820
0 0.352836 0.980752 0.354544 0.976197 0.358287 0.976957 0.360758 0.980375 0.364065 0.983414 0.372146 0.988732 0.373167 0.991011 0.373355 0.993289 0.372498 0.995946 0.369540 1.000000 0.365761 1.000000 0.362413 1.000000 0.357829 1.000000 0.354525 1.000000 0.352283 0.995940 0.351941 0.987586
0 0.860677 0.912576 0.858354 0.915993 0.855006 0.917510 0.847925 0.917128 0.842947 0.914469 0.839851 0.911051 0.838833 0.908392 0.838655 0.904975 0.840776 0.900799 0.843925 0.898142 0.851431 0.897765 0.854755 0.898906 0.858066 0.901564 0.859299 0.903463 0.860714 0.908399
0 0.841150 0.952438 0.841745 0.955855 0.841701 0.960791 0.841048 0.963829 0.836840 0.968384 0.830353 0.971419 0.826810 0.971418 0.823496 0.969138 0.822065 0.966101 0.821668 0.963823 0.821943 0.956229 0.824276 0.951673 0.828059 0.948257 0.832031 0.946740 0.836824 0.946742 0.840135 0.949400
0 0.513002 0.733241 0.517759 0.737420 0.523525 0.745015 0.528432 0.755648 0.530241 0.763244 0.530990 0.772736 0.530895 0.783368 0.528873 0.799694 0.527798 0.803490 0.527559 0.806908 0.523495 0.818677 0.519256 0.826650 0.509791 0.836518 0.504769 0.838795 0.500396 0.838414 0.496450 0.836894 0.491281 0.832336 0.488404 0.827778 0.485957 0.821703 0.483793 0.807273 0.482258 0.792464 0.482594 0.778035 0.483933 0.768164 0.487816 0.753356 0.491426 0.745764 0.496915 0.737792 0.501325 0.733997 0.505093 0.732100
0 0.717932 0.162621 0.718984 0.161482 0.719630 0.159204 0.723808 0.158066 0.730893 0.158068 0.734203 0.160728 0.738099 0.167944 0.741560 0.177057 0.744969 0.192246 0.740965 0.197181 0.740135 0.196801 0.739110 0.194902 0.736420 0.192623 0.733551 0.187307 0.732310 0.186167 0.726573 0.175154 0.724291 0.174014 0.719351 0.167178
0 0.716020 0.166797 0.719787 0.164899 0.724499 0.174014 0.726153 0.175533 0.727998 0.178951 0.729202 0.184267 0.729168 0.188065 0.731231 0.190344 0.732232 0.194900 0.734269 0.200217 0.736477 0.209710 0.736047 0.211228 0.732702 0.212366 0.728340 0.210846 0.722344 0.205528 0.718847 0.200212 0.717043 0.192237 0.715612 0.189199 0.714251 0.178187 0.714534 0.169834
0 0.391909 0.290090 0.392883 0.297685 0.390944 0.304899 0.388819 0.309455 0.387350 0.310593 0.382069 0.318565 0.378721 0.320083 0.374556 0.319701 0.371666 0.316663 0.371472 0.315144 0.374665 0.307551 0.376773 0.304894 0.378692 0.299959 0.382268 0.296163 0.385660 0.289709 0.389237 0.285913
0 0.483515 0.580972 0.482194 0.588945 0.479653 0.593500 0.475874 0.596537 0.471699 0.597294 0.467962 0.595775 0.466520 0.593875 0.463502 0.581724 0.464373 0.577548 0.471031 0.578690 0.476658 0.578691 0.482295 0.577554
0 0.729822 0.980878 0.730198 0.985435 0.726557 0.996444 0.721909 1.000000 0.719569 1.000000 0.717461 1.000000 0.713051 1.000000 0.708443 1.000000 0.699257 1.000000 0.695724 1.000000 0.694275 1.000000 0.692840 1.000000 0.692245 1.000000 0.692498 1.000000 0.694226 0.999851 0.695718 0.996055 0.696377 0.992258 0.697880 0.987323 0.703174 0.977832 0.704038 0.974415 0.705309 0.972137 0.709070 0.970999 0.714427 0.977836 0.716270 0.981633 0.719604 0.981634 0.722330 0.979736 0.725671 0.978979 0.728168 0.979359
0 0.410126 0.795478 0.415195 0.787885 0.422133 0.781053 0.434284 0.773843 0.442623 0.773466 0.448647 0.775746 0.455893 0.781065 0.457328 0.783723 0.462286 0.788660 0.463307 0.790939 0.467842 0.796636 0.468829 0.802712 0.472257 0.815623 0.478733 0.837268 0.481996 0.845243 0.482994 0.850179 0.489101 0.866507 0.494636 0.876762 0.495652 0.879800 0.497913 0.883217 0.499742 0.888534 0.500975 0.890432 0.501146 0.894610 0.500726 0.894989 0.500107 0.894230 0.499711 0.891952 0.498471 0.890812 0.496803 0.890811 0.493660 0.892708 0.489906 0.893087 0.488434 0.894605 0.485251 0.901059 0.486235 0.907515 0.493397 0.922325 0.497323 0.926123 0.498946 0.931061 0.504925 0.938277 0.506976 0.942074 0.509255 0.943594 0.515026 0.950810 0.518759 0.952710 0.521018 0.956507 0.523922 0.958027 0.524947 0.959926 0.526809 0.961446 0.528450 0.964484 0.532795 0.967903 0.535467 0.972080 0.538791 0.973220 0.546085 0.973223 0.549060 0.966769 0.550781 0.960694 0.551447 0.956138 0.552926 0.953861 0.556875 0.955001 0.560566 0.961836 0.565042 0.973989 0.565637 0.977407 0.565600 0.981583 0.567237 0.985001 0.568033 0.989177 0.568106 1.000000 0.566976 1.000000 0.566109 1.000000 0.566079 1.000000 0.562851 1.000000 0.557741 1.000000 0.554746 1.000000 0.545210 1.000000 0.541634 1.000000 0.536625 1.000000 0.536399 1.000000 0.457626 1.000000 0.457435 1.000000 0.454535 1.000000 0.452683 1.000000 0.443874 1.000000 0.440426 1.000000 0.437129 1.000000 0.435734 1.000000 0.433277 1.000000 0.430027 1.000000 0.424926 1.000000 0.421471 0.995963 0.418856 0.985330 0.417222 0.981533 0.416218 0.977356 0.414373 0.973938 0.413570 0.970521 0.411516 0.967102 0.412175 0.963306 0.408727 0.952673 0.403149 0.923814 0.401781 0.913562 0.399973 0.905967 0.396116 0.871033 0.396013 0.859262 0.396762 0.845214 0.397442 0.839138 0.398931 0.835722 0.398336 0.832305 0.400242 0.828888 0.400068 0.825091 0.400512 0.822053 0.402424 0.817878 0.402874 0.814080 0.404589 0.808765
0 0.759741 0.101124 0.771883 0.095053 0.780689 0.088980 0.795126 0.082530 0.812873 0.078739 0.815986 0.080259 0.823266 0.081780 0.826368 0.084439 0.830335 0.083681 0.834274 0.085961 0.840052 0.092417 0.844404 0.095077 0.848938 0.100773 0.852833 0.107989 0.858393 0.115585 0.860429 0.120901 0.861868 0.123180 0.864297 0.131155 0.865528 0.133434 0.868347 0.144446 0.868313 0.148242 0.872001 0.155458 0.871546 0.159635 0.872356 0.162293 0.873343 0.191910 0.871900 0.213552 0.869933 0.223804 0.867923 0.238990 0.865142 0.246963 0.864254 0.253038 0.861672 0.262151 0.859552 0.266326 0.856775 0.273920 0.855894 0.279235 0.852912 0.286448 0.851618 0.291384 0.843161 0.305050 0.838115 0.309985 0.835187 0.311123 0.829769 0.311121 0.826653 0.309981 0.818809 0.301625 0.816554 0.297447 0.815155 0.290613 0.813310 0.287195 0.812098 0.283017 0.811543 0.275044 0.809756 0.265170 0.808603 0.254159 0.806970 0.250361 0.806795 0.246565 0.805571 0.243526 0.805179 0.240868 0.801508 0.231754 0.800064 0.230235 0.798016 0.226058 0.793257 0.222259 0.791200 0.219221 0.785825 0.214283 0.783974 0.211624 0.777971 0.207066 0.776742 0.204788 0.773020 0.201369 0.768866 0.199849 0.767219 0.197570 0.764524 0.196050 0.761639 0.192252 0.758947 0.190353 0.755858 0.186175 0.753607 0.181618 0.751178 0.173644 0.747897 0.167567 0.747302 0.164150 0.746389 0.149720 0.746947 0.133773 0.748279 0.124661 0.751926 0.112892 0.755315 0.106817 0.757204 0.105299
0 0.316365 0.231591 0.325982 0.228177 0.336821 0.227801 0.342431 0.229702 0.348427 0.235019 0.350672 0.240337 0.351663 0.246032 0.352551 0.263498 0.351780 0.279826 0.350267 0.285900 0.346862 0.293873 0.344136 0.295770 0.340758 0.300705 0.339887 0.304882 0.339758 0.319310 0.340364 0.321589 0.340323 0.326145 0.342066 0.340954 0.342033 0.344751 0.343058 0.346650 0.344254 0.352725 0.346109 0.355004 0.347719 0.361459 0.350572 0.368674 0.353866 0.373232 0.358786 0.382347 0.360027 0.383486 0.362457 0.391461 0.362802 0.399434 0.360862 0.406648 0.357672 0.413861 0.352603 0.421454 0.348610 0.425250 0.345894 0.426008 0.338187 0.425625 0.327387 0.421446 0.317445 0.414607 0.309601 0.406251 0.306324 0.399796 0.305107 0.395998 0.299367 0.385364 0.293250 0.370175 0.285776 0.343593 0.285000 0.337138 0.283390 0.330683 0.281643 0.316253 0.281708 0.309038 0.283695 0.296510 0.286307 0.283980 0.292506 0.266516 0.306506 0.238802
0 0.640755 0.030080 0.639837 0.039572 0.638529 0.046026 0.635521 0.056277 0.633611 0.060073 0.632088 0.067287 0.630814 0.069944 0.628443 0.078677 0.627173 0.080955 0.624816 0.088169 0.617825 0.101076 0.615304 0.103354 0.611078 0.109807 0.606880 0.113223 0.598510 0.117017 0.594336 0.117775 0.583920 0.117391 0.572287 0.113211 0.559430 0.105993 0.553646 0.100295 0.550332 0.098016 0.535876 0.083203 0.529910 0.074467 0.525168 0.068771 0.521891 0.062314 0.521300 0.058517 0.521528 0.056239 0.522799 0.053961 0.529918 0.050167 0.545780 0.047514 0.554764 0.044859 0.573429 0.031576 0.573443 0.030057
