0 0.508198 0.436803 0.491595 0.431352 0.485338 0.430556 0.481497 0.431094 0.476919 0.432823 0.473212 0.435433 0.464555 0.447687 0.461787 0.450416 0.446403 0.460017 0.440507 0.462348 0.425677 0.465597 0.421591 0.468930 0.419695 0.472541 0.419297 0.477113 0.420150 0.481844 0.421783 0.484878 0.433098 0.496590 0.437278 0.499434 0.438710 0.501158 0.443225 0.503786 0.444365 0.505215 0.451272 0.509433 0.460457 0.512914 0.463875 0.513605 0.474911 0.513983 0.512024 0.494563 0.522520 0.490248 0.536943 0.480784 0.539443 0.477506 0.541026 0.473855 0.541446 0.469028 0.538827 0.462788 0.536523 0.460184 0.535472 0.457738 0.528540 0.450179 0.516647 0.441474
0 0.390929 0.000000 0.387422 0.000000 0.382843 0.000000 0.376792 0.000000 0.371927 0.004169 0.361791 0.011612 0.357260 0.016429 0.351501 0.020832 0.350028 0.023213 0.346590 0.026371 0.344271 0.031212 0.345459 0.035730 0.350110 0.040431 0.352524 0.041765 0.360461 0.048682 0.363478 0.050350 0.368486 0.054584 0.373314 0.057252 0.377604 0.058826 0.381111 0.058501 0.385712 0.056519 0.399466 0.047482 0.403061 0.046142 0.406097 0.043960 0.408239 0.041151 0.418644 0.034256 0.422461 0.030376 0.423664 0.027447 0.423393 0.023303 0.422050 0.020564 0.415519 0.012027 0.400897 0.000000 0.395241 0.000000
0 0.825106 0.425765 0.821735 0.428161 0.818164 0.432843 0.815690 0.439462 0.815225 0.444797 0.815946 0.451053 0.818432 0.458818 0.821611 0.465899 0.825011 0.470441 0.828319 0.472403 0.834129 0.474683 0.841302 0.475853 0.847112 0.478134 0.851178 0.478651 0.853302 0.479692 0.871443 0.482000 0.877229 0.480938 0.881226 0.478622 0.888167 0.471544 0.889460 0.467599 0.888783 0.460835 0.885630 0.457095 0.882590 0.455681 0.879084 0.456006 0.873317 0.453217 0.862272 0.442052 0.854180 0.436913 0.845286 0.433726 0.841709 0.431216 0.838847 0.427770 0.835539 0.425808 0.830243 0.424877
0 0.544779 0.499759 0.543822 0.503489 0.546021 0.514556 0.552940 0.533158 0.553837 0.537382 0.559117 0.545758 0.563186 0.549872 0.569803 0.553796 0.572574 0.554662 0.593531 0.557328 0.598579 0.557457 0.602757 0.556705 0.610103 0.552246 0.614008 0.547349 0.616394 0.541746 0.617054 0.530529 0.615461 0.523393 0.612820 0.517407 0.608302 0.511181 0.603317 0.506694 0.596454 0.501969 0.582643 0.497129 0.568590 0.495084 0.553556 0.497023
0 0.742421 0.009709 0.736193 0.015851 0.734967 0.019034 0.734061 0.029449 0.736120 0.034847 0.743096 0.041898 0.749355 0.046291 0.752395 0.047704 0.756462 0.048222 0.765330 0.048066 0.773014 0.046990 0.777435 0.043443 0.778996 0.040046 0.779030 0.028750 0.776837 0.024875 0.771517 0.020602 0.756453 0.012009 0.748765 0.009489 0.745325 0.009051
0 0.149217 0.106555 0.145957 0.107681 0.144216 0.109515 0.142276 0.113634 0.140557 0.115212 0.138374 0.122126 0.136990 0.123491 0.134671 0.128332 0.132595 0.130380 0.130633 0.134753 0.115037 0.157681 0.111410 0.199340 0.114784 0.200539 0.124753 0.205917 0.127122 0.207759 0.142319 0.214830 0.155596 0.222169 0.164199 0.225063 0.172354 0.225843 0.177804 0.224995 0.184436 0.221473 0.191580 0.215705 0.196936 0.208682 0.204139 0.194959 0.206279 0.188553 0.207559 0.170224 0.207287 0.166081 0.205088 0.155014 0.203701 0.152783 0.202289 0.147209 0.195464 0.134784 0.189268 0.126034 0.181398 0.118355 0.175474 0.113748 0.167875 0.110213 0.156166 0.106668
0 0.991821 0.723072 0.987843 0.721539 0.982727 0.722172 0.974955 0.724264 0.967717 0.723857 0.961328 0.724585 0.959318 0.725870 0.957802 0.728759 0.957046 0.733799 0.958345 0.737046 0.963798 0.739795 0.976177 0.742912 0.983394 0.743573 0.989201 0.742257 0.990854 0.741440 0.993710 0.737694 0.994149 0.729018
0 0.509476 0.596457 0.505088 0.610538 0.505337 0.614936 0.507264 0.621859 0.509413 0.626242 0.513707 0.631411 0.516345 0.633801 0.525956 0.639647 0.536393 0.643286 0.542648 0.644082 0.555426 0.642627 0.559669 0.641112 0.578835 0.638928 0.586652 0.636327 0.590737 0.632994 0.591628 0.630026 0.591691 0.625668 0.590459 0.621659 0.587640 0.617704 0.573714 0.606943 0.571098 0.604299 0.561262 0.597397 0.554844 0.591187 0.541053 0.582498 0.533546 0.581543 0.527426 0.582817 0.522472 0.588865 0.513606 0.592617
0 0.820069 0.850434 0.817564 0.846519 0.815484 0.844970 0.811708 0.844747 0.809453 0.845231 0.801525 0.849101 0.787228 0.849850 0.784482 0.852326 0.784397 0.856938 0.787550 0.860678 0.797430 0.867072 0.800179 0.868192 0.807351 0.869362 0.813092 0.868809 0.816644 0.867975 0.820707 0.864897 0.821013 0.857745
0 0.396935 0.298083 0.395238 0.299407 0.393410 0.302256 0.393324 0.306868 0.394357 0.313164 0.397671 0.322318 0.404048 0.332632 0.412297 0.339589 0.420262 0.353444 0.432135 0.365999 0.436694 0.368120 0.441386 0.368717 0.443955 0.368274 0.448711 0.364512 0.457169 0.354545 0.458167 0.346710 0.457514 0.339693 0.460215 0.337725 0.461396 0.335051 0.461640 0.332256 0.460743 0.328032 0.456534 0.318251 0.456282 0.310257 0.453103 0.303176 0.450306 0.298968 0.447021 0.296751 0.432364 0.294372 0.423852 0.294060 0.420433 0.293368 0.416591 0.293907 0.411656 0.296103
0 0.706841 0.000000 0.701365 0.000000 0.696987 0.000000 0.691581 0.000000 0.679676 0.000000 0.666699 0.000000 0.662901 0.000000 0.650484 0.000000 0.647470 0.000000 0.628017 0.000000 0.615264 0.000000 0.610307 0.000000 0.598894 0.000000 0.597198 0.000000 0.592306 0.000000 0.589606 0.000000 0.587662 0.000032 0.584471 0.003991 0.584003 0.005730 0.583874 0.010850 0.585687 0.015447 0.600834 0.041260 0.607924 0.050637 0.612909 0.055124 0.619615 0.058032 0.626474 0.059162 0.633735 0.059316 0.639832 0.058294 0.649302 0.054876 0.660647 0.051697 0.665248 0.049713 0.681061 0.046075 0.687112 0.041966 0.699327 0.036072 0.704219 0.034383 0.719223 0.025506 0.722727 0.021585 0.725469 0.015513 0.726582 0.010005 0.725862 0.003749 0.724202 0.000000 0.718876 0.000000 0.710889 0.000000
0 0.298038 0.609360 0.278818 0.601264 0.273501 0.600587 0.268095 0.600927 0.264857 0.601799 0.261172 0.604154 0.257602 0.608838 0.255640 0.613211 0.249972 0.620194 0.248569 0.625409 0.249176 0.629339 0.257501 0.646322 0.260139 0.648711 0.266082 0.649468 0.271554 0.648366 0.300442 0.625333 0.302026 0.621682 0.302088 0.617323 0.300319 0.612219
0 0.326396 0.232860 0.325754 0.240227 0.328332 0.250572 0.334060 0.261060 0.338913 0.267070 0.351608 0.273823 0.353643 0.275880 0.361757 0.280764 0.371277 0.284031 0.382202 0.285678 0.385220 0.287346 0.390762 0.289078 0.402023 0.290511 0.412834 0.289832 0.418509 0.290041 0.422663 0.289543 0.431754 0.286846 0.436064 0.284570 0.439615 0.283738 0.452702 0.278726 0.461969 0.273998 0.469337 0.269285 0.476816 0.263302 0.482194 0.256025 0.482547 0.251960 0.481315 0.247951 0.473555 0.239002 0.469084 0.235865 0.442178 0.225250 0.434737 0.223532 0.426269 0.222712 0.423811 0.221886 0.418446 0.218120 0.411182 0.214372 0.405306 0.212853 0.394667 0.207903 0.388434 0.206854 0.385372 0.205694 0.367520 0.203679 0.362405 0.204312 0.360105 0.205304 0.349584 0.206276 0.345006 0.208005 0.340942 0.211083 0.330853 0.221614
0 0.945777 0.336591 0.942826 0.334160 0.932681 0.330815 0.925199 0.333201 0.921202 0.335518 0.914993 0.337810 0.902617 0.338290 0.895783 0.340503 0.891764 0.343073 0.884019 0.352104 0.876074 0.359824 0.875072 0.364064 0.876683 0.367350 0.883122 0.373306 0.889447 0.376936 0.893760 0.378256 0.903501 0.378982 0.912705 0.378612 0.924636 0.379617 0.932945 0.378619 0.938260 0.375700 0.945761 0.369463 0.946942 0.366788 0.946936 0.359596 0.945656 0.352499 0.946472 0.339505
0 1.000000 0.856969 0.993968 0.854585 0.982932 0.854208 0.976521 0.855190 0.969665 0.857656 0.962005 0.862075 0.958903 0.865019 0.954932 0.870677 0.952436 0.877551 0.952059 0.881870 0.952710 0.885290 0.954814 0.890181 0.956514 0.892452 0.959800 0.894669 0.987038 0.901474 0.994704 0.904247 0.998836 0.904002
0 0.749141 0.364732 0.745362 0.360912 0.741138 0.358577 0.735905 0.353288 0.734095 0.352287 0.726408 0.349769 0.717356 0.344764 0.710161 0.343849 0.697362 0.345558 0.683691 0.346388 0.673662 0.348964 0.670379 0.350343 0.663321 0.351500 0.656778 0.354006 0.645302 0.362305 0.636417 0.369907 0.626913 0.384620 0.624439 0.391241 0.621450 0.396510 0.618733 0.405924 0.617026 0.421887 0.618283 0.429239 0.621886 0.435091 0.626043 0.438188 0.636859 0.441104 0.642199 0.441528 0.650799 0.440824 0.655042 0.439310 0.669560 0.436020 0.682691 0.430500 0.686063 0.428104 0.704537 0.426603 0.719434 0.422590 0.723254 0.422307 0.726493 0.421435 0.739333 0.415621 0.744088 0.411860 0.749197 0.404035 0.754041 0.399258 0.756025 0.394630 0.756443 0.386208 0.755296 0.377586 0.752184 0.369742
0 0.406256 0.045777 0.404021 0.046008 0.399108 0.047951 0.386694 0.056130 0.384081 0.057082 0.375175 0.064937 0.367449 0.070118 0.366021 0.071991 0.359927 0.076608 0.358141 0.078950 0.353073 0.082671 0.350552 0.086203 0.349304 0.089640 0.350179 0.094117 0.353623 0.098150 0.369136 0.108857 0.371774 0.111248 0.375417 0.112995 0.379263 0.116053 0.384403 0.118762 0.385856 0.120231 0.388940 0.121137 0.395866 0.121504 0.399439 0.120418 0.410849 0.112881 0.423171 0.102122 0.425493 0.100876 0.427614 0.098320 0.433642 0.094465 0.438442 0.090196 0.442346 0.085299 0.443572 0.082116 0.443098 0.076662 0.440280 0.072709 0.436211 0.068595 0.433238 0.066419 0.425680 0.058779 0.422685 0.056858 0.416871 0.050981 0.409943 0.047017
0 0.855747 0.800269 0.847614 0.799234 0.828117 0.805228 0.825415 0.807196 0.824189 0.810379 0.825421 0.814388 0.830676 0.819423 0.837269 0.823601 0.845090 0.824596 0.850584 0.823240 0.854066 0.819574 0.856385 0.814733 0.858840 0.811963 0.860088 0.808526 0.859838 0.804129
0 0.598623 0.916510 0.597486 0.918678 0.597287 0.920963 0.599236 0.927633 0.602324 0.932134 0.605834 0.935406 0.608291 0.936232 0.615196 0.936855 0.624576 0.934452 0.628014 0.931295 0.627408 0.927364 0.621171 0.922718 0.608699 0.917023 0.600902 0.915773
0 1.000000 0.447282 1.000000 0.443652 1.000000 0.442706 0.997608 0.442322 0.985232 0.442802 0.976231 0.444482 0.959318 0.442587 0.952995 0.442552 0.945289 0.443884 0.943950 0.444740 0.942477 0.447121 0.941633 0.453178 0.939918 0.458353 0.939478 0.467029 0.940129 0.470450 0.942032 0.474031 0.949166 0.482901 0.954843 0.486706 0.964543 0.491536 0.977010 0.493636 0.981144 0.493391 0.991128 0.491324 0.997046 0.488738 1.000000 0.485270 1.000000 0.480413 1.000000 0.476334 1.000000 0.471049 1.000000 0.465525 1.000000 0.459469 1.000000 0.454229 1.000000 0.450434
0 0.487756 0.050499 0.489724 0.053317 0.493838 0.056923 0.505885 0.063849 0.521216 0.069396 0.530356 0.073384 0.539048 0.075260 0.541930 0.074856 0.551377 0.071693 0.562657 0.069276 0.578132 0.062257 0.587889 0.055536 0.588736 0.053076 0.588887 0.047701 0.587836 0.045256 0.585219 0.042612 0.575406 0.035456 0.571115 0.033882 0.568923 0.030008 0.565883 0.028593 0.562777 0.027942 0.553523 0.021628 0.546483 0.018933 0.526815 0.008726 0.524736 0.007177 0.518613 0.004857 0.514524 0.004594 0.511286 0.005466 0.507046 0.010576 0.505864 0.013251 0.500597 0.019259 0.499058 0.022402 0.498414 0.026172 0.496942 0.028553 0.495273 0.036816 0.493222 0.042206 0.488423 0.046474
0 0.708689 0.295377 0.705252 0.298536 0.698049 0.312258 0.696655 0.328261 0.697306 0.331683 0.701375 0.335796 0.708013 0.339466 0.723568 0.346068 0.731031 0.347532 0.740234 0.347161 0.745236 0.344203 0.747375 0.337797 0.750213 0.312475 0.749091 0.307196 0.746854 0.303830 0.740952 0.298969 0.738494 0.298143 0.730608 0.297909 0.725110 0.295669 0.717290 0.294674
0 0.455990 0.386242 0.451585 0.382343 0.447541 0.381571 0.442493 0.381442 0.438628 0.382235 0.435478 0.382091 0.424177 0.384762 0.405412 0.385969 0.394780 0.388212 0.389039 0.388766 0.382205 0.390978 0.378385 0.391262 0.374432 0.393071 0.371911 0.396603 0.372407 0.401802 0.374555 0.406185 0.379140 0.411648 0.383010 0.418047 0.386476 0.421827 0.397674 0.427619 0.403398 0.434511 0.407623 0.436846 0.410998 0.438046 0.416002 0.438683 0.421095 0.438304 0.431213 0.434711 0.433913 0.432744 0.439519 0.430119 0.449658 0.426272 0.454950 0.423607 0.459370 0.420060 0.464369 0.413505 0.465639 0.409814 0.465677 0.402114 0.464647 0.399414 0.457042 0.388687
0 0.914577 0.142823 0.910828 0.145942 0.906834 0.151855 0.904846 0.152886 0.901721 0.156083 0.894403 0.167481 0.892558 0.177776 0.893209 0.181198 0.895222 0.183508 0.900764 0.185241 0.913946 0.186405 0.918795 0.188819 0.925727 0.196379 0.934264 0.200034 0.941705 0.201751 0.947961 0.202547 0.964179 0.201528 0.972018 0.198674 0.975681 0.196571 0.978558 0.192572 0.980764 0.185404 0.981541 0.180109 0.981137 0.177490 0.975658 0.171399 0.969327 0.160578 0.968139 0.156060 0.964717 0.151772 0.962057 0.149636 0.953744 0.147037 0.942815 0.141794 0.936335 0.139942 0.926572 0.139471
0 0.775474 0.588956 0.772523 0.586526 0.755720 0.583361 0.749597 0.581041 0.746289 0.579079 0.740413 0.577561 0.729130 0.576381 0.725622 0.576706 0.719458 0.578489 0.716131 0.580378 0.708343 0.589917 0.706068 0.594250 0.703344 0.596472 0.697717 0.599351 0.693499 0.604208 0.691694 0.610399 0.692838 0.615425 0.699299 0.621126 0.710876 0.626195 0.720842 0.627977 0.726538 0.627931 0.730133 0.626591 0.734867 0.623084 0.743666 0.620095 0.747953 0.618072 0.760930 0.614330 0.767139 0.612037 0.769818 0.610325 0.773635 0.606444 0.776801 0.599142 0.776953 0.593768
0 0.365257 0.400379 0.362350 0.397441 0.358707 0.395693 0.343762 0.396616 0.334938 0.396264 0.325399 0.396847 0.318988 0.397830 0.316330 0.399290 0.308938 0.400660 0.304985 0.402469 0.298328 0.402649 0.295715 0.403600 0.291582 0.403845 0.281911 0.405953 0.278517 0.408603 0.277357 0.411023 0.277007 0.418684 0.279964 0.428307 0.282514 0.431713 0.290473 0.438375 0.299322 0.442070 0.310516 0.444265 0.327095 0.446375 0.334422 0.445767 0.338643 0.444505 0.351439 0.439200 0.355658 0.434343 0.361408 0.419151 0.364286 0.415151 0.365490 0.412223 0.366533 0.403880
0 0.288203 0.860315 0.284589 0.865505 0.283903 0.873380 0.286658 0.881692 0.291602 0.890283 0.293530 0.897206 0.295574 0.910051 0.298348 0.914513 0.303533 0.916714 0.307600 0.917231 0.324623 0.917856 0.340572 0.916291 0.348971 0.914277 0.354554 0.911906 0.360582 0.908050 0.361003 0.903224 0.353420 0.892242 0.346532 0.884175 0.328197 0.865918 0.323369 0.863249 0.315414 0.860182 0.310096 0.859505 0.298702 0.859597 0.292178 0.858253
0 0.337109 0.607397 0.332439 0.606547 0.330206 0.606776 0.312386 0.615294 0.308860 0.619469 0.304527 0.622000 0.296983 0.628745 0.290306 0.632775 0.283832 0.638115 0.279661 0.646059 0.279533 0.651179 0.283178 0.656523 0.285011 0.657270 0.293908 0.664053 0.300815 0.668271 0.311519 0.672457 0.318379 0.673588 0.321573 0.673223 0.332360 0.669202 0.339081 0.664664 0.345017 0.658228 0.353099 0.652580 0.354572 0.650198 0.355261 0.645920 0.355077 0.640760 0.356816 0.635331 0.357681 0.629020 0.356089 0.621884 0.349760 0.614658
0 0.573188 0.671084 0.569233 0.669296 0.561368 0.668809 0.558756 0.669761 0.553349 0.670100 0.549978 0.672496 0.546070 0.673797 0.542364 0.676407 0.538209 0.676905 0.534190 0.679477 0.523090 0.683457 0.520076 0.685385 0.514872 0.687034 0.511545 0.688923 0.499886 0.692062 0.496894 0.693736 0.491756 0.694622 0.488095 0.696725 0.484521 0.697811 0.481463 0.700247 0.476527 0.702445 0.467978 0.709832 0.464966 0.715356 0.464502 0.720690 0.463074 0.722563 0.459412 0.724665 0.455194 0.729522 0.452492 0.731490 0.449816 0.736799 0.446154 0.738901 0.442161 0.744814 0.440891 0.748505 0.440448 0.753586 0.442998 0.756992 0.455920 0.768395 0.460792 0.770557 0.466738 0.774908 0.471923 0.777110 0.480615 0.778986 0.526596 0.784837 0.533611 0.784189 0.537854 0.782674 0.548798 0.780472 0.561484 0.776435 0.571111 0.774836 0.579083 0.770456 0.583210 0.763020 0.584477 0.755733 0.582618 0.751644 0.581788 0.746659 0.578992 0.742450 0.577984 0.739497 0.582442 0.728250 0.583194 0.719614 0.582133 0.706380 0.579103 0.690328 0.577087 0.684421 0.575829 0.677070
0 0.207958 0.038522 0.202239 0.038821 0.194132 0.041128 0.184507 0.046325 0.176381 0.052482 0.174909 0.054863 0.172877 0.056402 0.168372 0.064561 0.165477 0.076007 0.165126 0.083667 0.166586 0.092328 0.168109 0.096631 0.171869 0.104301 0.173859 0.106865 0.175919 0.112265 0.193694 0.129679 0.199037 0.133697 0.203619 0.135565 0.209496 0.137083 0.216399 0.137705 0.223815 0.136081 0.233328 0.132154 0.250833 0.119999 0.258488 0.111985 0.259626 0.109817 0.266298 0.102191 0.267882 0.098540 0.268615 0.093755 0.267316 0.090507 0.263405 0.088211 0.257550 0.086439 0.250356 0.085524 0.243674 0.082362 0.237752 0.081352 0.230890 0.076625 0.227088 0.073060 0.223152 0.067423 0.220773 0.054792 0.217278 0.044074 0.213834 0.040040 0.212024 0.039039
0 0.936146 0.668730 0.934608 0.671873 0.934210 0.676446 0.935442 0.680455 0.938595 0.684195 0.943603 0.688427 0.947827 0.690763 0.951537 0.691749 0.956361 0.690821 0.959733 0.688425 0.965316 0.686054 0.968352 0.683872 0.969824 0.681491 0.970557 0.676704 0.969193 0.674220 0.960544 0.671835 0.953015 0.671133 0.949416 0.668878 0.943562 0.667106 0.939786 0.666882
0 0.734651 0.066250 0.731431 0.063272 0.724907 0.061928 0.718117 0.063633 0.711216 0.066607 0.702822 0.072217 0.694850 0.076595 0.689940 0.082134 0.689519 0.086961 0.690929 0.088938 0.693589 0.091074 0.701946 0.093164 0.707577 0.093881 0.715485 0.093860 0.719014 0.093282 0.727816 0.093888 0.732306 0.093175 0.738022 0.089280 0.739694 0.084613 0.739308 0.078144
0 0.401166 0.333036 0.388221 0.321887 0.376556 0.317834 0.368154 0.316250 0.353118 0.314594 0.339892 0.313938 0.333794 0.314961 0.326177 0.315275 0.318695 0.317662 0.315033 0.319764 0.311125 0.321065 0.302796 0.325912 0.295226 0.329314 0.291497 0.332179 0.287481 0.338345 0.282151 0.348710 0.275993 0.357686 0.274167 0.364132 0.274846 0.374492 0.276663 0.382684 0.281383 0.390219 0.283418 0.392276 0.300802 0.396029 0.306141 0.396452 0.318182 0.396186 0.329060 0.394745 0.346375 0.395664 0.348988 0.394713 0.366166 0.393560 0.369406 0.392688 0.375368 0.389594 0.383008 0.389025 0.391427 0.386759 0.407399 0.384938 0.412625 0.383035 0.414009 0.381671 0.414742 0.376884 0.413889 0.372152 0.412814 0.369961 0.412161 0.362944 0.409810 0.357251 0.409494 0.353614 0.407927 0.349820 0.406828 0.344286 0.405441 0.342055 0.403716 0.336442
0 0.265022 0.792388 0.257543 0.798370 0.248304 0.810036 0.247954 0.817696 0.252349 0.836234 0.260355 0.845984 0.265786 0.848987 0.279729 0.852302 0.288803 0.857053 0.293451 0.858158 0.305650 0.859710 0.311727 0.858942 0.315790 0.855864 0.316523 0.851077 0.315533 0.844274 0.313382 0.836295 0.313288 0.830120 0.312412 0.825641 0.309300 0.817798 0.306482 0.813843 0.302412 0.809730 0.290498 0.801279 0.280040 0.797894 0.270966 0.793144 0.268507 0.792317
