1 0.981044 0.802877 0.984745 0.803185 0.987565 0.805146 0.991470 0.806562 1.000000 0.814120 1.000000 0.816662 1.000000 0.821705 1.000000 0.828177 1.000000 0.830412 1.000000 0.832381 1.000000 0.835449 1.000000 0.835743 1.000000 0.874981 1.000000 0.874967 1.000000 0.882876 1.000000 0.883687 1.000000 0.883929 1.000000 0.886939 1.000000 0.890476 0.995316 0.892070 0.991584 0.894804 0.986864 0.894487 0.984080 0.895016 0.981196 0.896374 0.976310 0.900206 0.973458 0.901288 0.972101 0.901276 0.970877 0.900159 0.969856 0.897383 0.971228 0.874990 0.972141 0.870295 0.974119 0.842927 0.976181 0.831604 0.976676 0.816394 0.977721 0.807827
1 0.894803 0.690662 0.903937 0.691017 0.917114 0.694449 0.940039 0.701560 0.946493 0.704382 0.984972 0.714947 0.991425 0.717768 0.993532 0.719999 0.993027 0.724143 0.984507 0.727114 0.974362 0.735049 0.970055 0.739714 0.958618 0.747085 0.948847 0.754746 0.943383 0.757742 0.932424 0.766777 0.923228 0.772507 0.919871 0.777734 0.915971 0.781850 0.912508 0.782373 0.908500 0.781786 0.907650 0.780396 0.907169 0.773199 0.903146 0.756014 0.902768 0.750755 0.894004 0.708359 0.892938 0.692029
1 0.816028 0.458735 0.814910 0.462322 0.812331 0.463959 0.807950 0.463645 0.801331 0.464971 0.788395 0.465137 0.780383 0.466728 0.765036 0.467150 0.751287 0.468415 0.746940 0.467825 0.730440 0.469343 0.724023 0.469011 0.719134 0.470076 0.710986 0.470006 0.710338 0.466958 0.711795 0.463374 0.716271 0.457326 0.718137 0.455959 0.720239 0.452658 0.722140 0.451015 0.733363 0.434237 0.745810 0.418577 0.748863 0.415837 0.750320 0.412254 0.755102 0.406485 0.758967 0.399880 0.762699 0.397146 0.766401 0.397454 0.768847 0.399688 0.776089 0.409985 0.785367 0.420299 0.786727 0.423077 0.792064 0.429485 0.797875 0.434790 0.805015 0.445917 0.813443 0.454840
1 0.761914 0.392437 0.761136 0.396026 0.759643 0.397120 0.752140 0.397332 0.745894 0.398385 0.738050 0.398594 0.727017 0.399883 0.723655 0.399577 0.720498 0.400380 0.712722 0.400037 0.706882 0.400540 0.695035 0.402928 0.680980 0.403914 0.676226 0.403873 0.670283 0.402439 0.662544 0.404586 0.659283 0.403451 0.661348 0.397660 0.667622 0.388032 0.672676 0.382820 0.678982 0.372915 0.702178 0.341581 0.706758 0.337470 0.709980 0.333348 0.713648 0.333933 0.717046 0.336728 0.737712 0.362355 0.742028 0.365987 0.743694 0.369044 0.755490 0.383806 0.758311 0.388533
1 0.708853 0.325871 0.708550 0.328357 0.707329 0.330007 0.703594 0.329975 0.698299 0.331589 0.692154 0.331813 0.681765 0.333383 0.673277 0.333311 0.670289 0.332732 0.663907 0.334890 0.659934 0.334026 0.654977 0.335643 0.643434 0.335544 0.638918 0.336335 0.634504 0.336297 0.629649 0.337086 0.623912 0.336760 0.615967 0.337798 0.609516 0.337743 0.608528 0.334692 0.609172 0.332208 0.619855 0.319851 0.629317 0.306379 0.631520 0.302248 0.635319 0.298961 0.640711 0.290986 0.642170 0.290169 0.645765 0.285773 0.652512 0.275043 0.656481 0.270375 0.660791 0.268475 0.669116 0.275462 0.673740 0.282140 0.683257 0.293287 0.684890 0.296620 0.690294 0.302475 0.697229 0.312493 0.702972 0.318351
1 0.677508 0.128650 0.676662 0.132793 0.673542 0.136085 0.670589 0.137996 0.669301 0.140198 0.661463 0.145939 0.653762 0.153343 0.640631 0.163464 0.637544 0.166482 0.634255 0.171156 0.626010 0.177447 0.603143 0.197720 0.599444 0.200179 0.594356 0.205667 0.589367 0.207561 0.587667 0.204780 0.587255 0.199798 0.590895 0.169954 0.590923 0.164146 0.592443 0.154477 0.593526 0.151167 0.596409 0.147043 0.608625 0.138848 0.613309 0.136676 0.619959 0.132307 0.630924 0.128804 0.634998 0.128839 0.638833 0.128042 0.649971 0.128691 0.656490 0.128193 0.663516 0.126317 0.674959 0.127245
1 0.822732 0.779945 0.825381 0.780520 0.830376 0.784159 0.837747 0.787818 0.839888 0.789773 0.846987 0.792876 0.864314 0.804089 0.867236 0.807987 0.870268 0.819355 0.872819 0.823525 0.875374 0.833229 0.880207 0.846549 0.879634 0.851246 0.877804 0.855103 0.873089 0.860318 0.870139 0.864996 0.863763 0.872686 0.862407 0.875440 0.855692 0.883129 0.848673 0.893302 0.844364 0.897969 0.840059 0.905400 0.834632 0.910886 0.823677 0.925453 0.819536 0.925970 0.818719 0.924304 0.818403 0.912959 0.816660 0.899391 0.816722 0.893305 0.818107 0.884743 0.817425 0.881971 0.817451 0.873395 0.818229 0.869806 0.817408 0.862606 0.818828 0.856533 0.818385 0.854593 0.819093 0.848791 0.818378 0.846295 0.819596 0.841879 0.818197 0.833846 0.819341 0.821684 0.818721 0.812828 0.820447 0.807033 0.819799 0.803985 0.820910 0.792099 0.819648 0.785727 0.820425 0.782138
1 0.811000 0.759098 0.815312 0.759965 0.815826 0.764118 0.814786 0.778217 0.815262 0.779880 0.814384 0.784299 0.815927 0.802292 0.814271 0.810299 0.812928 0.826885 0.814560 0.830219 0.815596 0.849591 0.814858 0.858436 0.813401 0.862019 0.814355 0.865347 0.815161 0.894952 0.814453 0.900755 0.812147 0.902948 0.808513 0.902087 0.806679 0.900412 0.804229 0.895411 0.801988 0.894285 0.800593 0.891784 0.790703 0.880912 0.788559 0.876190 0.776632 0.865301 0.770002 0.855562 0.764531 0.850260 0.760485 0.844415 0.751818 0.834660 0.750626 0.830501 0.751539 0.825805 0.755943 0.814779 0.757973 0.806497 0.764850 0.789129 0.768885 0.783909 0.774484 0.779808 0.790536 0.770816 0.803838 0.762079
1 0.104131 0.315156 0.105830 0.315170 0.107291 0.317120 0.107441 0.332611 0.104757 0.368548 0.105143 0.382106 0.103535 0.406435 0.103887 0.420268 0.101842 0.450955 0.102072 0.479725 0.099918 0.500176 0.099798 0.517879 0.098685 0.526998 0.099200 0.533918 0.098290 0.541378 0.096266 0.594194 0.095186 0.600271 0.092573 0.602185 0.086868 0.601583 0.073722 0.595109 0.067847 0.593121 0.044577 0.580475 0.042880 0.580460 0.072238 0.339778 0.074342 0.339243 0.075970 0.337044 0.084656 0.329926 0.093204 0.321148 0.098803 0.317047
1 0.108608 0.233869 0.109798 0.235263 0.108819 0.240510 0.106242 0.244913 0.102551 0.255670 0.100448 0.258971 0.094181 0.274131 0.090757 0.279911 0.077814 0.310781 0.075743 0.311040 0.082451 0.256051 0.084521 0.255792 0.102059 0.237409 0.105045 0.235222
1 0.931977 0.542982 0.837904 0.506487 0.835372 0.508551 0.834753 0.515961 0.842559 0.592043 0.846627 0.593698 0.851549 0.593047 0.930786 0.545755 0.931150 0.540427 0.838443 0.506723
0 1.000000 0.592571 1.000000 0.595634 1.000000 0.600328 0.997544 0.611876 0.993573 0.613778 0.977829 0.625815 0.973721 0.626056 0.969851 0.627130 0.967644 0.625728 0.964010 0.624867 0.962818 0.620708 0.964171 0.615186 0.971802 0.605570 0.973191 0.602539 0.977025 0.598976 0.981503 0.595695 0.984933 0.595448 0.992468 0.592193 0.996202 0.592225 1.000000 0.591155
0 0.873102 0.495184 0.872255 0.496559 0.869369 0.497919 0.860915 0.497570 0.858979 0.496722 0.854157 0.497235 0.851237 0.496103 0.846823 0.496065 0.840200 0.494625 0.839350 0.493235 0.839076 0.489913 0.841279 0.485783 0.845657 0.483331 0.850206 0.482264 0.860052 0.482348 0.866573 0.484617 0.869971 0.487412 0.871978 0.490472
0 0.796187 0.406837 0.797713 0.405467 0.802194 0.404952 0.812554 0.409190 0.829331 0.413761 0.832423 0.416277 0.831883 0.420697 0.828151 0.423431 0.823976 0.424225 0.813890 0.423309 0.802922 0.421279 0.798879 0.418202 0.795683 0.413749 0.795237 0.409042
0 1.000000 0.298000 1.000000 0.302168 1.000000 0.305771 1.000000 0.310467 1.000000 0.313218 1.000000 0.314033 0.990353 0.316941 0.976404 0.322630 0.963035 0.331921 0.956555 0.337674 0.951770 0.340676 0.944642 0.343382 0.937340 0.341936 0.934282 0.339143 0.933194 0.336921 0.932953 0.333323 0.933764 0.329457 0.935561 0.325877 0.951673 0.308035 0.958798 0.302563 0.960019 0.300914 0.967755 0.296001 0.971864 0.295760 0.982555 0.291703 0.986732 0.290909 0.992843 0.290961 1.000000 0.293800
0 0.902188 0.253947 0.904227 0.256731 0.904230 0.259497 0.902467 0.262801 0.899347 0.266094 0.898364 0.268574 0.894870 0.272141 0.887371 0.277886 0.882724 0.282548 0.877566 0.285823 0.871353 0.286600 0.865716 0.285445 0.861807 0.281263 0.862313 0.277118 0.867298 0.269691 0.871199 0.265576 0.879749 0.259564 0.885758 0.257679 0.893359 0.253872 0.896484 0.253344
0 0.955542 0.192719 0.962740 0.192227 0.967120 0.192541 0.969735 0.193393 0.974186 0.195921 0.979727 0.203438 0.981737 0.212030 0.980690 0.217829 0.977978 0.223339 0.973907 0.226070 0.961855 0.227350 0.958322 0.225660 0.957536 0.220951 0.957563 0.212376 0.955893 0.206553 0.952800 0.201270 0.952186 0.197945 0.952828 0.195461
0 0.910515 0.642665 0.914589 0.642700 0.918902 0.643567 0.922061 0.645530 0.925698 0.649157 0.927706 0.654984 0.926286 0.661057 0.922929 0.666283 0.915498 0.671475 0.912001 0.672276 0.907689 0.671408 0.905582 0.669177 0.904115 0.661697 0.902008 0.659466 0.899761 0.652807 0.899859 0.649212 0.901962 0.645911 0.903454 0.644817
0 0.776474 0.613024 0.780751 0.611401 0.787236 0.611180 0.795421 0.613740 0.801026 0.617937 0.804461 0.623223 0.805178 0.628484 0.803859 0.633729 0.800331 0.637572 0.794663 0.639459 0.789536 0.639692 0.784205 0.638817 0.780094 0.636292 0.776932 0.631562 0.772407 0.621289 0.772540 0.617416
0 0.756559 0.857106 0.756698 0.861533 0.755205 0.862628 0.740438 0.866650 0.730766 0.870716 0.725945 0.871228 0.722650 0.870370 0.719861 0.865367 0.721080 0.860951 0.722946 0.859584 0.744565 0.849535 0.747994 0.849288 0.750577 0.850417
0 0.751873 0.600986 0.764888 0.585012 0.776175 0.576746 0.786749 0.567831 0.787533 0.561403 0.779153 0.552325 0.778201 0.547172 0.782927 0.534346 0.785525 0.526003 0.773283 0.522682 0.756069 0.521248 0.742251 0.524347 0.724571 0.533202 0.713762 0.544047 0.703352 0.558110 0.704226 0.563907 0.718848 0.580114 0.725492 0.590466 0.737503 0.602148
0 0.579380 0.740393 0.556520 0.694523 0.538900 0.683435 0.505577 0.684436 0.494849 0.694636 0.490912 0.707471 0.486179 0.713862 0.475367 0.718272 0.468024 0.720140 0.466931 0.735572 0.466311 0.747146 0.471608 0.755553 0.480058 0.757556 0.481338 0.773008 0.489631 0.776293 0.508666 0.782249 0.519957 0.780415 0.531949 0.766363 0.555702 0.753057
0 0.471647 0.629557 0.475186 0.617353 0.475165 0.595112 0.471264 0.582291 0.458975 0.576626 0.439725 0.572013 0.421298 0.571855 0.419323 0.576842 0.420766 0.587418 0.422136 0.592991 0.427121 0.596925 0.437567 0.600907 0.443443 0.608741 0.443724 0.617639 0.447074 0.623784 0.454654 0.628852 0.461207 0.631136
0 0.408515 0.547837 0.418340 0.545698 0.430136 0.533010 0.438586 0.519739 0.447855 0.505363 0.452144 0.492608 0.451310 0.477033 0.447685 0.467550 0.431645 0.464633 0.416152 0.468392 0.395543 0.469327 0.379642 0.470859 0.363811 0.471836 0.353714 0.476197 0.349832 0.485616 0.350384 0.492293 0.364518 0.499644 0.365684 0.506883 0.360912 0.512402 0.361943 0.520751 0.367340 0.526912 0.371096 0.529725 0.379968 0.529801 0.388225 0.529315 0.390075 0.536560 0.391174 0.544353 0.394794 0.548276
0 0.586654 0.336410 0.585414 0.324168 0.580347 0.304108 0.576997 0.297964 0.553585 0.293871 0.545192 0.295468 0.541310 0.304886 0.532850 0.307038 0.520086 0.305260 0.512448 0.311867 0.505836 0.321262 0.502908 0.328464 0.505373 0.336271 0.506195 0.340725 0.499579 0.344560 0.491597 0.348384 0.490648 0.356160 0.493795 0.363974 0.499739 0.371252 0.514685 0.371937 0.530247 0.373182 0.551060 0.370580 0.571384 0.355184
0 0.344304 0.256493 0.342174 0.240352 0.344550 0.226469 0.337512 0.216957 0.322426 0.211824 0.308849 0.216712 0.302367 0.219436 0.288990 0.217097 0.281276 0.218699 0.276915 0.226446 0.274736 0.233101 0.267369 0.237487 0.257955 0.241854 0.251474 0.244578 0.247521 0.248992 0.248416 0.258452 0.247806 0.263451 0.254022 0.268508 0.271156 0.273659 0.285699 0.277675 0.303105 0.280605 0.314368 0.283482 0.325553 0.275793 0.335103 0.270315
0 0.499505 0.109925 0.489534 0.102056 0.470218 0.097998 0.456840 0.101219 0.446197 0.104464 0.429750 0.104880 0.413985 0.105300 0.406816 0.102459 0.391323 0.100658 0.377470 0.102208 0.372766 0.107171 0.374209 0.117748 0.380085 0.125582 0.389097 0.130107 0.403090 0.133007 0.417016 0.136462 0.435375 0.137175 0.449843 0.136187 0.467929 0.133563 0.482662 0.124793 0.490029 0.120409
0 0.909187 0.107400 0.908277 0.114861 0.906683 0.116784 0.904138 0.118145 0.896022 0.117799 0.889061 0.116356 0.868450 0.115350 0.865462 0.114771 0.863523 0.111158 0.864946 0.107851 0.866947 0.105378 0.870071 0.104852 0.873463 0.102115 0.878893 0.099396 0.888398 0.096711 0.896580 0.096503 0.903203 0.097944 0.906499 0.101568
0 0.843673 0.087199 0.844756 0.083889 0.846758 0.081417 0.851475 0.078968 0.872155 0.082188 0.877930 0.085003 0.879563 0.088336 0.876748 0.091908 0.868160 0.095430 0.858892 0.096181 0.849859 0.094997 0.845137 0.091914
0 0.721143 0.096937 0.720265 0.101355 0.717281 0.106309 0.714295 0.108496 0.708932 0.110663 0.703772 0.111172 0.690699 0.109677 0.677288 0.110945 0.669276 0.112537 0.664966 0.114436 0.661230 0.114404 0.651047 0.117083 0.647651 0.117054 0.633021 0.119971 0.622834 0.119884 0.614921 0.117880 0.608056 0.110075 0.606320 0.104805 0.606350 0.101762 0.607703 0.096242 0.610754 0.090735 0.613775 0.088271 0.618865 0.085549 0.633395 0.083461 0.637130 0.083493 0.648605 0.081378 0.668466 0.080166 0.679601 0.078048 0.697189 0.078752 0.707852 0.080503 0.711419 0.081917 0.716753 0.085558 0.719405 0.088900 0.720459 0.091398
0 0.657948 0.353095 0.660360 0.355605 0.661415 0.358105 0.661933 0.367790 0.661393 0.372211 0.659328 0.378003 0.654854 0.386816 0.652417 0.395648 0.649055 0.395342 0.647055 0.397814 0.643117 0.399440 0.631236 0.402104 0.626822 0.402067 0.612966 0.398629 0.611131 0.396953 0.608987 0.392233 0.608472 0.385312 0.610198 0.379519 0.614947 0.374027 0.625634 0.364437 0.644433 0.352426 0.647624 0.351347 0.651733 0.351106 0.655060 0.351688
0 0.630744 0.459083 0.638996 0.461091 0.641510 0.462772 0.645110 0.463909 0.651940 0.469223 0.657821 0.476742 0.658741 0.480347 0.658644 0.486708 0.656918 0.492501 0.654748 0.496356 0.644230 0.504564 0.631773 0.509160 0.619788 0.509887 0.616766 0.509584 0.610245 0.507315 0.603553 0.503662 0.598898 0.500027 0.593051 0.492231 0.592505 0.488354 0.593179 0.482827 0.596126 0.475383 0.599755 0.470712 0.604267 0.467155 0.616247 0.460896 0.622527 0.459566
0 0.618529 0.620523 0.627020 0.623362 0.633067 0.626733 0.639388 0.633426 0.641397 0.639252 0.642527 0.649496 0.638158 0.663013 0.633816 0.667955 0.625504 0.674800 0.610299 0.682414 0.601713 0.685936 0.596451 0.687275 0.592719 0.690009 0.587695 0.692179 0.584264 0.689660 0.582869 0.687159 0.580695 0.685480 0.569812 0.666023 0.568890 0.659654 0.568883 0.651355 0.570539 0.643347 0.572810 0.638665 0.576846 0.633443 0.580680 0.629880 0.588043 0.625241 0.592354 0.623342 0.602843 0.620942 0.610075 0.620174
0 0.139020 0.904095 0.146967 0.905823 0.154711 0.909208 0.159944 0.913680 0.162766 0.918406 0.164708 0.924785 0.164816 0.932255 0.163701 0.938607 0.160855 0.945222 0.158955 0.946865 0.156786 0.950719 0.152239 0.954553 0.146775 0.957548 0.137542 0.960788 0.126203 0.961799 0.119208 0.960631 0.112041 0.958081 0.106368 0.954436 0.102426 0.950530 0.099432 0.944419 0.098513 0.940814 0.098979 0.931414 0.101893 0.924246 0.105690 0.918194 0.109084 0.915457 0.110711 0.913258 0.115936 0.909430 0.122826 0.905892 0.133587 0.904048
0 0.244586 0.757563 0.247746 0.759527 0.253898 0.767601 0.257028 0.775374 0.257547 0.785059 0.255823 0.793620 0.254027 0.797200 0.247173 0.803227 0.241336 0.806497 0.228846 0.811369 0.220495 0.812957 0.212685 0.812890 0.205418 0.811168 0.202191 0.809757 0.198181 0.806404 0.195258 0.802505 0.194509 0.800286 0.192708 0.798334 0.191516 0.794175 0.191607 0.782281 0.193131 0.778145 0.198590 0.769616 0.204290 0.764686 0.219087 0.757622 0.228797 0.756045 0.238270 0.756403
0 0.096640 0.708164 0.102338 0.700468 0.104951 0.698553 0.115675 0.694220 0.143518 0.694458 0.161583 0.696826 0.179747 0.695598 0.188915 0.695677 0.205078 0.696922 0.207693 0.697774 0.212076 0.700855 0.216018 0.704761 0.217176 0.709197 0.216875 0.714450 0.214032 0.723831 0.209828 0.730433 0.204672 0.736475 0.200227 0.739480 0.183154 0.745695 0.170832 0.749186 0.163906 0.750233 0.145198 0.750349 0.119323 0.747914 0.110120 0.745346 0.107571 0.743941 0.103290 0.740032 0.094247 0.727783 0.093667 0.724182 0.094272 0.716442
0 0.315352 0.690122 0.314746 0.695096 0.312134 0.697009 0.307110 0.699179 0.300493 0.703273 0.296216 0.704896 0.289262 0.711751 0.286240 0.711448 0.284338 0.710326 0.284163 0.706175 0.286196 0.700660 0.288231 0.697911 0.293830 0.693810 0.298581 0.691085 0.301738 0.690282 0.312771 0.688994
0 0.139096 0.836601 0.140422 0.839656 0.140800 0.844915 0.139343 0.848498 0.136902 0.851796 0.132457 0.854801 0.125702 0.857233 0.121900 0.857754 0.117859 0.857443 0.113614 0.856022 0.105968 0.849042 0.105250 0.843780 0.107829 0.842143 0.115501 0.840549 0.131351 0.833216 0.135358 0.833803
0 0.057341 0.804644 0.059922 0.805772 0.062268 0.808835 0.061456 0.812700 0.059183 0.814617 0.051613 0.815382 0.048214 0.812587 0.048380 0.808439 0.049601 0.806790 0.052553 0.804879
0 0.213221 0.577216 0.216415 0.578905 0.218148 0.581409 0.219716 0.588061 0.217857 0.597727 0.216095 0.601031 0.213482 0.602945 0.208728 0.602904 0.204178 0.601205 0.200574 0.597302 0.199723 0.593145 0.201039 0.585135 0.204261 0.581013 0.209080 0.577734
0 0.236026 0.563029 0.239794 0.562784 0.241324 0.564181 0.243943 0.570565 0.243679 0.578307 0.241372 0.580501 0.237364 0.579914 0.233829 0.575457 0.232705 0.570745 0.232938 0.566045
0 0.232444 0.469778 0.237708 0.471206 0.240495 0.473442 0.241006 0.474831 0.243452 0.477065 0.248182 0.488446 0.245945 0.492853 0.240582 0.495020 0.234776 0.495247 0.230158 0.494101 0.225400 0.488527 0.224785 0.485203 0.225392 0.480229 0.229018 0.472791
0 0.289798 0.476079 0.292924 0.478318 0.293740 0.479985 0.293167 0.484682 0.290928 0.486323 0.283763 0.486538 0.281521 0.485412 0.280400 0.483466 0.279989 0.481250 0.281379 0.478219 0.285384 0.476041
0 0.365237 0.431636 0.368764 0.427794 0.374399 0.426183 0.377626 0.427593 0.382180 0.432058 0.383066 0.435938 0.380181 0.437296 0.371898 0.438332 0.368910 0.437753 0.366123 0.435516
0 0.196136 0.304880 0.197601 0.309595 0.196211 0.312625 0.187626 0.318915 0.184402 0.320270 0.179616 0.320506 0.175642 0.319642 0.172076 0.318228 0.170002 0.315720 0.169251 0.310735 0.169995 0.307422 0.171182 0.306049 0.175526 0.303874 0.179056 0.302797 0.184489 0.302844
0 0.249442 0.341573 0.245100 0.346515 0.233458 0.350011 0.217567 0.349322 0.215698 0.347923 0.214949 0.345703 0.216476 0.344334 0.225165 0.339982 0.230696 0.336434 0.233140 0.335902 0.239863 0.336513 0.247641 0.339622
0 0.349816 0.273833 0.352094 0.277448 0.351895 0.281872 0.349691 0.286003 0.345519 0.289563 0.340734 0.292565 0.336118 0.294185 0.325524 0.294647 0.322977 0.293242 0.322399 0.292407 0.323550 0.288545 0.331383 0.277270 0.334947 0.275918 0.339153 0.272082 0.341258 0.271546 0.346284 0.272143
0 0.382524 0.248110 0.384870 0.251174 0.386472 0.257550 0.386645 0.261700 0.384136 0.265551 0.379011 0.268551 0.373343 0.270438 0.367198 0.270662 0.364243 0.269807 0.362271 0.266471 0.362743 0.262602 0.364741 0.257363 0.366843 0.254062 0.370303 0.250773 0.373935 0.248866 0.377805 0.247793
0 0.308982 0.134898 0.316487 0.137451 0.319852 0.140523 0.320536 0.146062 0.318706 0.149918 0.314566 0.153202 0.307473 0.155631 0.303059 0.155593 0.299152 0.154176 0.290999 0.148575 0.289806 0.144415 0.291603 0.140834 0.298593 0.136468 0.302496 0.135119
0 0.135074 0.136727 0.137009 0.137573 0.138166 0.139242 0.139806 0.150875 0.138588 0.155290 0.134653 0.159682 0.128170 0.162670 0.123656 0.163461 0.121954 0.160680 0.123036 0.154603 0.129307 0.142209 0.132528 0.138088
0 0.194393 0.291311 0.196093 0.294091 0.196300 0.297965 0.195253 0.303766 0.194032 0.305415 0.188771 0.306753 0.181842 0.305034 0.175189 0.306637 0.173289 0.308280 0.170811 0.309089 0.167040 0.306567 0.167273 0.301867 0.169443 0.298012 0.171677 0.290839 0.172797 0.290019 0.176260 0.289496 0.191166 0.289900
0 0.218839 0.631483 0.220131 0.634813 0.218169 0.642541 0.214813 0.647767 0.211352 0.651058 0.203888 0.656526 0.196080 0.659225 0.188204 0.659711 0.184943 0.658576 0.182971 0.655240 0.184661 0.646956 0.190799 0.638434 0.195244 0.635429 0.202440 0.632172 0.208075 0.630559 0.214220 0.630335
0 0.956982 0.966704 0.961191 0.965634 0.964859 0.966218 0.978173 0.971312 0.980620 0.973546 0.984764 0.975794 0.988333 0.979974 0.988101 0.987441 0.986847 0.989367 0.983895 0.991278 0.981178 0.991254 0.970242 0.987565 0.966673 0.982001 0.956344 0.974721 0.954949 0.972220 0.955219 0.970009
0 0.962785 0.774229 0.964211 0.773688 0.968285 0.773723 0.982414 0.777717 0.989785 0.781376 0.992164 0.784162 0.993424 0.787769 0.992615 0.794400 0.989289 0.796586 0.981987 0.795140 0.974786 0.790099 0.972372 0.787589 0.964050 0.783368 0.962215 0.781693 0.961227 0.778642
0 0.968651 0.650908 0.971297 0.648718 0.974626 0.649299 0.979752 0.649067 0.988683 0.651080 0.993201 0.653054 0.996192 0.656400 0.997895 0.661947 0.997694 0.666371 0.996034 0.668846 0.994167 0.670213 0.993148 0.670204 0.969270 0.659766 0.967741 0.658369 0.966821 0.654765
