0 0.720899 0.815724 0.719246 0.817460 0.719246 0.821429 0.721892 0.825893 0.726852 0.828621 0.730820 0.828373 0.734127 0.827381 0.736111 0.824653 0.735780 0.820437 0.734788 0.818948 0.732143 0.817212 0.726852 0.815476 0.722884 0.815228
0 0.736442 0.652282 0.735780 0.655258 0.737103 0.657738 0.745040 0.661706 0.751653 0.665923 0.754960 0.668899 0.761574 0.671627 0.765542 0.670883 0.767526 0.668899 0.767526 0.666667 0.766204 0.661458 0.762235 0.656746 0.758267 0.654514 0.748677 0.651290 0.740410 0.650794 0.737765 0.651290
0 0.731481 0.611111 0.726521 0.611607 0.720569 0.616319 0.715278 0.622520 0.711310 0.629216 0.705357 0.636905 0.704365 0.644593 0.705688 0.647817 0.708995 0.650794 0.712963 0.652282 0.717262 0.652530 0.720238 0.651290 0.724206 0.648562 0.727844 0.644097 0.731481 0.637401 0.734788 0.624504 0.734788 0.616071 0.733466 0.612847
0 0.678571 0.549851 0.675926 0.553571 0.676257 0.561012 0.678571 0.569692 0.689484 0.587054 0.701389 0.596726 0.710648 0.600694 0.723876 0.602431 0.729497 0.602183 0.735450 0.602679 0.748347 0.601687 0.755291 0.599702 0.755291 0.597718 0.752646 0.594990 0.736772 0.587054 0.729167 0.581101 0.723876 0.578373 0.716931 0.573661 0.714947 0.573165 0.712963 0.571181 0.704034 0.565972 0.696429 0.560020 0.694775 0.559524 0.682209 0.550347
0 0.709987 0.320437 0.707011 0.318948 0.698743 0.319196 0.691799 0.321181 0.682209 0.326389 0.678902 0.329365 0.671627 0.341766 0.671627 0.346230 0.674603 0.347470 0.679894 0.347470 0.683862 0.346726 0.691468 0.343254 0.697421 0.339534 0.703373 0.334325 0.707011 0.330109 0.710317 0.324653
0 0.689484 0.214782 0.687500 0.215278 0.685516 0.217262 0.683862 0.224206 0.679894 0.231647 0.673611 0.241567 0.659061 0.261657 0.659392 0.264385 0.661045 0.265625 0.666336 0.266121 0.672288 0.267609 0.677910 0.267609 0.686839 0.266121 0.700397 0.259177 0.707011 0.253720 0.711310 0.248264 0.713955 0.242063 0.713955 0.236111 0.711971 0.231895 0.707672 0.226935
0 0.635913 0.152034 0.634259 0.150546 0.631283 0.150298 0.623347 0.151042 0.611772 0.155754 0.609127 0.156250 0.605159 0.158978 0.600198 0.161210 0.594577 0.165179 0.592262 0.168403 0.592262 0.171875 0.595238 0.173611 0.610780 0.176587 0.620040 0.175595 0.622024 0.174355 0.626653 0.172867 0.633929 0.168403 0.636905 0.164931 0.637897 0.161458 0.637897 0.157490 0.637235 0.154266
0 0.635251 0.078373 0.636243 0.079861 0.641534 0.084325 0.645833 0.089534 0.651124 0.092262 0.658069 0.093502 0.667989 0.093750 0.671627 0.094494 0.679233 0.094494 0.684854 0.093750 0.692460 0.091518 0.696429 0.090774 0.699735 0.091270 0.702050 0.090526 0.704696 0.089038 0.708333 0.085317 0.708003 0.081597 0.703373 0.075893 0.696429 0.070188 0.689484 0.066220 0.681878 0.065972 0.672619 0.064236 0.657738 0.064980 0.651124 0.066964 0.647156 0.067460 0.636574 0.074405
0 0.512235 0.587054 0.508929 0.585565 0.504960 0.585069 0.497685 0.586310 0.469577 0.586558 0.464616 0.588046 0.462302 0.590774 0.461310 0.594990 0.461971 0.598214 0.461971 0.607887 0.463294 0.616071 0.466601 0.621032 0.470899 0.623760 0.476190 0.624256 0.484458 0.622272 0.494709 0.621528 0.499669 0.622024 0.508929 0.621528 0.515542 0.619296 0.517857 0.616319 0.517857 0.608631 0.515873 0.595238
0 0.500992 0.529018 0.498016 0.530010 0.493386 0.535962 0.493717 0.538938 0.501653 0.546627 0.504630 0.547619 0.508598 0.547371 0.513889 0.544891 0.515873 0.543155 0.516534 0.539931 0.515542 0.535962 0.511905 0.531498 0.505291 0.529266
0 0.491733 0.407490 0.485780 0.407490 0.477513 0.409226 0.455026 0.411210 0.438161 0.413442 0.435185 0.414435 0.431548 0.418403 0.427249 0.428075 0.421627 0.437748 0.416336 0.450893 0.395503 0.491071 0.397487 0.494048 0.413690 0.491567 0.422288 0.489583 0.429563 0.485367 0.445106 0.455605 0.450066 0.449653 0.455026 0.446181 0.456349 0.443452 0.457341 0.442708 0.460979 0.442212 0.474206 0.435268 0.476852 0.434772 0.484458 0.431548 0.488095 0.426339 0.490741 0.417163 0.493056 0.411954 0.492725 0.408978
0 0.536706 0.420635 0.532738 0.419891 0.529762 0.421131 0.524140 0.425347 0.520172 0.429315 0.511905 0.434276 0.501984 0.442708 0.501653 0.446429 0.504960 0.448909 0.509590 0.448413 0.522156 0.445188 0.524471 0.443700 0.530093 0.436260 0.534722 0.428323 0.537368 0.425595 0.538029 0.421875
0 0.515542 0.380704 0.513228 0.383681 0.511574 0.393849 0.508267 0.403770 0.508267 0.408234 0.511905 0.411458 0.514220 0.411954 0.533399 0.412202 0.543320 0.414435 0.547950 0.414931 0.553571 0.414187 0.556548 0.412698 0.557870 0.411458 0.558862 0.408482 0.557209 0.398562 0.558201 0.386905 0.556548 0.385169 0.553571 0.383185 0.543651 0.381448 0.533399 0.381200 0.519841 0.379464
0 0.547288 0.208829 0.536376 0.203125 0.530423 0.201389 0.525132 0.201885 0.513558 0.206101 0.507937 0.209821 0.500661 0.217014 0.497354 0.223462 0.495370 0.230655 0.489087 0.241071 0.489087 0.244792 0.489749 0.245536 0.496693 0.249256 0.500000 0.250248 0.505622 0.250496 0.511574 0.249008 0.516534 0.248760 0.532407 0.245288 0.541336 0.241815 0.552910 0.235367 0.557870 0.230655 0.558862 0.227927 0.558862 0.224454 0.557540 0.219990 0.554563 0.215774
0 0.456680 0.175595 0.454034 0.176835 0.452712 0.178819 0.451058 0.188244 0.451058 0.194940 0.453373 0.211310 0.454696 0.214038 0.456349 0.215278 0.460648 0.214782 0.464616 0.213046 0.467262 0.211310 0.471561 0.206845 0.474206 0.199653 0.476190 0.189236 0.476190 0.184276 0.475529 0.181796 0.473876 0.180308 0.463955 0.176587
0 0.452381 0.230655 0.435516 0.234127 0.431548 0.235863 0.429233 0.237599 0.428241 0.240327 0.429233 0.251984 0.432209 0.266121 0.437500 0.277034 0.441138 0.282986 0.444114 0.286458 0.445767 0.289931 0.447751 0.291667 0.449074 0.294147 0.453042 0.297619 0.455688 0.298363 0.460979 0.298363 0.468915 0.295635 0.477844 0.293651 0.480820 0.291915 0.491733 0.287698 0.495701 0.284970 0.499339 0.283482 0.501653 0.281498 0.506283 0.279762 0.510251 0.277282 0.514550 0.272569 0.515873 0.269593 0.516204 0.264137 0.513558 0.258681 0.511905 0.257440 0.500331 0.252480 0.486442 0.243800 0.476852 0.239087 0.474206 0.237103 0.469246 0.235863 0.466931 0.234375 0.464286 0.233879 0.457011 0.230903
0 0.338294 0.370784 0.337632 0.372024 0.330688 0.376736 0.324074 0.386905 0.322421 0.392857 0.322421 0.396577 0.323743 0.401042 0.336640 0.410714 0.337302 0.411954 0.341931 0.415427 0.346230 0.416419 0.351521 0.419891 0.355489 0.421379 0.361442 0.422619 0.366402 0.422867 0.380622 0.416667 0.394511 0.405010 0.396825 0.400546 0.397156 0.397321 0.394180 0.393601 0.382606 0.388641 0.377646 0.385665 0.370040 0.382440 0.365741 0.381448 0.352513 0.375744 0.344246 0.373760
0 0.343254 0.472470 0.341601 0.475446 0.339286 0.486855 0.339947 0.495288 0.340939 0.498264 0.342262 0.499752 0.348876 0.502480 0.354828 0.502976 0.359127 0.503968 0.373677 0.504960 0.382937 0.504712 0.387897 0.503720 0.391204 0.501984 0.392196 0.498760 0.392196 0.494296 0.376984 0.482391 0.367725 0.477183 0.352513 0.471230 0.349537 0.470734 0.345238 0.470982
0 0.370040 0.627728 0.366733 0.626488 0.362434 0.626736 0.358796 0.626240 0.353175 0.626984 0.348876 0.628720 0.346561 0.633681 0.343915 0.645089 0.344246 0.651786 0.346230 0.655010 0.348214 0.655754 0.353505 0.656002 0.358466 0.654762 0.363095 0.651290 0.366071 0.645089 0.371032 0.642113 0.373677 0.641617 0.376653 0.639881 0.378638 0.637153 0.377646 0.633681 0.374008 0.630208
0 0.389550 0.715526 0.387566 0.716766 0.387566 0.719742 0.394841 0.748016 0.396825 0.757937 0.397156 0.763889 0.398479 0.768105 0.401124 0.772569 0.409392 0.779266 0.412698 0.783234 0.421296 0.789931 0.422619 0.789931 0.425595 0.788690 0.428241 0.784970 0.433532 0.780258 0.434193 0.776042 0.423611 0.764385 0.416667 0.753968 0.414021 0.748264 0.409722 0.730903 0.407738 0.727183 0.405423 0.724702 0.394180 0.716766 0.391204 0.715526
0 0.319114 0.806548 0.314484 0.806548 0.310516 0.807540 0.294312 0.813740 0.288360 0.817460 0.285384 0.821181 0.284392 0.828373 0.285053 0.834573 0.286376 0.839038 0.289683 0.842758 0.303571 0.850446 0.311177 0.850446 0.323743 0.844742 0.332011 0.842262 0.335317 0.840030 0.335979 0.838790 0.336310 0.834573 0.335317 0.830853 0.331019 0.823165 0.325397 0.810516 0.321759 0.807292
0 0.310516 0.728671 0.308532 0.730159 0.307209 0.732887 0.306548 0.744048 0.304894 0.748760 0.303571 0.750000 0.301257 0.755456 0.300926 0.758929 0.302579 0.761657 0.307209 0.763393 0.326389 0.762649 0.335648 0.763145 0.337302 0.762649 0.339947 0.760169 0.340608 0.757192 0.345238 0.748264 0.343585 0.744296 0.328373 0.736855 0.322751 0.732391 0.318452 0.729911 0.314484 0.728671
0 0.317460 0.643353 0.314484 0.643849 0.299272 0.649554 0.292659 0.650794 0.286376 0.654018 0.285053 0.657738 0.284722 0.667907 0.281085 0.678323 0.281085 0.682540 0.282738 0.684524 0.286045 0.686508 0.293651 0.688244 0.300265 0.688740 0.307209 0.690476 0.313823 0.693204 0.321429 0.694196 0.326058 0.691220 0.333333 0.681796 0.344907 0.672619 0.346561 0.669395 0.345899 0.664931 0.339286 0.657738 0.331680 0.652282 0.326720 0.646577 0.321429 0.643601
0 0.180741 0.578021 0.185856 0.572651 0.195744 0.569581 0.197447 0.572138 0.197791 0.576486 0.195063 0.579556 0.190969 0.580322 0.186197 0.580322
0 0.252315 0.484871 0.248016 0.484375 0.236442 0.489831 0.233796 0.492063 0.232143 0.494544 0.233796 0.498264 0.237765 0.500248 0.240741 0.500992 0.245370 0.500992 0.248347 0.500248 0.251984 0.496280 0.253968 0.491567 0.254299 0.487103
0 0.234458 0.456597 0.230820 0.455605 0.224206 0.457589 0.212963 0.458085 0.199735 0.464038 0.196098 0.465030 0.192130 0.467262 0.189815 0.469990 0.189484 0.474206 0.191468 0.478423 0.196759 0.481647 0.213624 0.486111 0.217593 0.486111 0.220899 0.484871 0.228505 0.478175 0.234458 0.469494 0.236772 0.463542 0.236442 0.459821
0 0.159392 0.435516 0.159722 0.439236 0.161045 0.440228 0.171296 0.444444 0.174272 0.446429 0.179563 0.448413 0.182209 0.450149 0.196429 0.456597 0.203704 0.458581 0.207672 0.457341 0.211640 0.453621 0.210317 0.451389 0.207672 0.449653 0.203704 0.448165 0.196098 0.442460 0.192460 0.440724 0.184193 0.435020 0.171958 0.428819 0.168320 0.429563
0 0.224206 0.391865 0.223545 0.397817 0.226852 0.401290 0.234127 0.403026 0.251653 0.409226 0.258267 0.410466 0.268849 0.413690 0.272817 0.412202 0.272817 0.407738 0.270503 0.402530 0.268188 0.400546 0.261905 0.398313 0.258929 0.396577 0.251323 0.394345 0.238095 0.392361 0.228836 0.389881 0.226190 0.390129
0 0.282407 0.342758 0.280754 0.341766 0.277447 0.341270 0.272156 0.341766 0.265212 0.345982 0.258929 0.348462 0.249339 0.353671 0.240741 0.357143 0.235450 0.358631 0.231151 0.360863 0.229167 0.363343 0.225529 0.372768 0.225529 0.376984 0.227513 0.378968 0.230159 0.378968 0.234127 0.377976 0.242063 0.377480 0.248347 0.375992 0.251984 0.374504 0.257937 0.370288 0.273810 0.354415 0.281085 0.348958 0.283730 0.346230 0.284061 0.344990
0 0.367394 0.146329 0.359458 0.147321 0.352513 0.150298 0.345238 0.156746 0.341931 0.161458 0.339286 0.171627 0.334325 0.178819 0.330357 0.187996 0.326720 0.200149 0.322421 0.219742 0.322421 0.223214 0.320437 0.234127 0.320767 0.237847 0.319775 0.247272 0.319775 0.257937 0.321098 0.274306 0.320437 0.279266 0.317460 0.289931 0.315807 0.304315 0.317130 0.310764 0.320437 0.317956 0.322421 0.319692 0.323743 0.322173 0.327712 0.326141 0.333664 0.329365 0.337302 0.330357 0.342923 0.330357 0.349206 0.329365 0.359458 0.325149 0.363095 0.322917 0.367063 0.321925 0.376984 0.315724 0.387566 0.308284 0.394180 0.302579 0.400794 0.293403 0.403108 0.286706 0.401786 0.270089 0.399802 0.258433 0.399471 0.247024 0.400463 0.235367 0.402778 0.221478 0.404431 0.216022 0.407077 0.199901 0.411706 0.183780 0.412368 0.174603 0.408730 0.166667 0.402447 0.160962 0.390873 0.154266 0.387566 0.153522 0.380952 0.149554
0 0.243717 0.144345 0.241402 0.142609 0.235780 0.141617 0.230489 0.142113 0.223214 0.143849 0.213955 0.148065 0.205357 0.150546 0.203373 0.154762 0.206019 0.156250 0.231151 0.155010 0.234458 0.153770 0.243386 0.148313
0 0.270172 0.082341 0.272487 0.085813 0.279101 0.088790 0.287037 0.089782 0.310516 0.081845 0.310847 0.078125 0.307540 0.076141 0.301257 0.075645 0.284722 0.075645 0.279762 0.076389 0.274802 0.078125 0.270503 0.080853
0 0.101875 0.187793 0.102404 0.170365 0.107685 0.156500 0.115608 0.142242 0.122474 0.131545 0.130397 0.122039 0.139375 0.111741 0.149937 0.102629 0.159974 0.094707 0.162087 0.093123 0.163142 0.093519
0 0.089729 0.213936 0.160499 0.098271 0.166839 0.105007 0.170007 0.117681 0.172120 0.131942 0.168952 0.145806 0.165784 0.154916 0.158390 0.167195 0.151521 0.177892 0.139904 0.189377 0.130397 0.197302 0.118776 0.204035 0.102404 0.212748
0 0.045635 0.193700 0.039683 0.194444 0.038360 0.195437 0.038029 0.200149 0.039683 0.208085 0.042659 0.217014 0.042989 0.221230 0.044312 0.223958 0.050926 0.257688 0.051257 0.263145 0.052910 0.266617 0.054233 0.267361 0.056548 0.266617 0.057870 0.265377 0.059193 0.260913 0.062169 0.255952 0.068452 0.240575 0.070767 0.221478 0.070437 0.215030 0.068783 0.207093 0.067130 0.203125 0.061839 0.197173 0.056878 0.194692 0.051257 0.193700
0 0.057540 0.269097 0.058862 0.271081 0.060516 0.272073 0.065146 0.273065 0.071429 0.275794 0.095569 0.281994 0.107474 0.285714 0.114087 0.288690 0.129630 0.292163 0.149471 0.298859 0.154431 0.299603 0.157077 0.301091 0.166005 0.304067 0.171958 0.305308 0.177910 0.307788 0.195767 0.312996 0.202712 0.316468 0.211971 0.318204 0.216270 0.317708 0.216270 0.313988 0.210317 0.304067 0.206680 0.299603 0.196429 0.289683 0.184193 0.281002 0.175926 0.275223 0.157077 0.268105 0.146825 0.265129 0.130952 0.261905 0.116402 0.260169 0.108135 0.260169 0.102844 0.260913 0.093915 0.260665 0.070437 0.263889 0.065807 0.264881 0.060516 0.266865
0 0.178902 0.368552 0.174934 0.368304 0.171627 0.369544 0.168651 0.369792 0.147487 0.376488 0.145172 0.378224 0.137235 0.381944 0.132275 0.383433 0.127646 0.386409 0.119378 0.390377 0.114418 0.395089 0.111111 0.397321 0.103836 0.404514 0.094907 0.415923 0.087302 0.428571 0.080688 0.442460 0.080357 0.446181 0.078042 0.452877 0.079365 0.454117 0.081680 0.454613 0.090278 0.446925 0.096230 0.442708 0.106481 0.433284 0.111111 0.427827 0.120040 0.421875 0.125661 0.414683 0.134259 0.408978 0.135582 0.406994 0.155423 0.389633 0.162698 0.384673 0.170304 0.377976 0.177910 0.373016 0.179894 0.370536 0.179894 0.369296
0 0.589616 0.555308 0.574735 0.559028 0.563492 0.562996 0.551257 0.571181 0.543981 0.577877 0.536045 0.589534 0.532738 0.598710 0.531415 0.605655 0.531415 0.617312 0.533069 0.625744 0.535384 0.631200 0.537368 0.633929 0.538360 0.637153 0.546627 0.648313 0.549603 0.650298 0.553902 0.654514 0.560516 0.658978 0.566138 0.660714 0.571098 0.665179 0.574405 0.665427 0.577712 0.667411 0.582011 0.667411 0.588624 0.669643 0.600860 0.670883 0.611111 0.671131 0.623677 0.669643 0.633267 0.667163 0.644841 0.662450 0.654431 0.655754 0.658399 0.654762 0.660714 0.651042 0.665013 0.647817 0.671958 0.640129 0.675926 0.633681 0.679894 0.623512 0.679894 0.615823 0.675595 0.607143 0.667328 0.597718 0.662698 0.590278 0.659061 0.581845 0.658399 0.578125 0.656415 0.574405 0.653108 0.570437 0.650794 0.568700 0.637566 0.561756 0.622354 0.557292 0.616402 0.556052 0.609788 0.555556
0 0.000000 0.741319 0.000000 0.783234 0.001323 0.783234 0.004960 0.785962 0.008267 0.786706 0.010251 0.788194 0.011243 0.789931 0.019180 0.794891 0.025132 0.799603 0.025794 0.800843 0.036706 0.808036 0.038690 0.810764 0.042989 0.814236 0.047288 0.815724 0.052910 0.821181 0.060516 0.827133 0.065476 0.830109 0.072421 0.835813 0.076058 0.837798 0.081680 0.842758 0.086640 0.845734 0.091931 0.851438 0.095899 0.852679 0.097222 0.855407 0.104828 0.859871 0.107804 0.863095 0.115410 0.868552 0.116071 0.869792 0.120040 0.870040 0.122024 0.863343 0.122354 0.854167 0.121693 0.844742 0.119378 0.835069 0.114418 0.820437 0.109458 0.811012 0.099868 0.796379 0.097222 0.793899 0.094246 0.789435 0.080688 0.775794 0.072421 0.768849 0.066138 0.764633 0.057540 0.760417 0.054894 0.758185 0.040344 0.750992 0.033399 0.749256 0.025463 0.746032 0.012235 0.742808 0.002976 0.741319
0 0.172619 0.657738 0.169312 0.653770 0.160384 0.649306 0.158069 0.647321 0.151455 0.643849 0.140542 0.639633 0.120040 0.635417 0.116071 0.636161 0.070767 0.636409 0.068122 0.637649 0.062500 0.636905 0.060847 0.637401 0.057209 0.637153 0.052249 0.638145 0.046958 0.638145 0.036376 0.641121 0.032738 0.640873 0.025794 0.645585 0.022487 0.645337 0.020833 0.646577 0.018849 0.646577 0.011243 0.652778 0.009259 0.655506 0.007606 0.655506 0.005622 0.653770 0.004299 0.654266 0.004630 0.657738 0.001323 0.660714 0.000000 0.660714 0.000000 0.674603 0.004630 0.674603 0.012235 0.673115 0.023148 0.672371 0.030423 0.672619 0.036706 0.670139 0.044643 0.669891 0.057540 0.668403 0.065476 0.668403 0.074735 0.667411 0.080688 0.666171 0.091931 0.665427 0.102183 0.663690 0.116071 0.662946 0.125992 0.661458 0.131944 0.661706 0.140542 0.660466 0.147817 0.661210 0.150794 0.659970 0.154101 0.659474 0.169974 0.658978 0.171958 0.658482
0 0.000000 0.591270 0.000000 0.652530 0.005952 0.651786 0.015212 0.645833 0.025794 0.641617 0.039021 0.638889 0.044643 0.638393 0.046958 0.637649 0.050926 0.637897 0.060516 0.635913 0.064484 0.636905 0.067130 0.635665 0.078373 0.636409 0.084987 0.634673 0.091601 0.635417 0.094246 0.634921 0.102513 0.635169 0.105820 0.634673 0.110450 0.635417 0.116071 0.634921 0.117725 0.633929 0.116402 0.629712 0.106812 0.623264 0.094907 0.612599 0.084987 0.607639 0.081349 0.604663 0.058862 0.594990 0.054563 0.593998 0.050265 0.593750 0.046958 0.592014 0.042989 0.591518 0.039352 0.590278 0.030754 0.589286 0.013228 0.589038
0 0.493386 0.462798 0.485450 0.460565 0.476190 0.461062 0.467593 0.463294 0.463294 0.465030 0.459656 0.467510 0.457011 0.468254 0.454365 0.470734 0.449405 0.472718 0.442791 0.477927 0.437831 0.484623 0.431217 0.488591 0.430225 0.491071 0.427249 0.493800 0.426587 0.495288 0.414352 0.503720 0.386905 0.528770 0.384921 0.531746 0.373016 0.543403 0.358466 0.564484 0.337963 0.583829 0.330688 0.592510 0.327712 0.598462 0.326720 0.602183 0.326720 0.607143 0.328042 0.612847 0.332011 0.617312 0.339947 0.621280 0.346230 0.623264 0.348876 0.624752 0.359458 0.625000 0.361442 0.625496 0.369378 0.625248 0.374008 0.623512 0.381614 0.622520 0.388889 0.620536 0.401124 0.614087 0.406085 0.610615 0.409392 0.605903 0.413690 0.602927 0.415675 0.598710 0.418651 0.596726 0.420966 0.593006 0.432540 0.582837 0.434524 0.579861 0.441138 0.573165 0.443122 0.571925 0.448082 0.565724 0.465608 0.549107 0.467923 0.547619 0.479828 0.534722 0.486442 0.530010 0.491402 0.524554 0.492725 0.522073 0.499339 0.515873 0.508929 0.504712 0.512566 0.496528 0.512897 0.486607 0.512235 0.483879 0.505622 0.472718 0.499008 0.466766
1 0.710317 0.757688 0.709325 0.758433 0.706349 0.764385 0.705026 0.769097 0.699405 0.781002 0.696098 0.789683 0.695437 0.794891 0.695767 0.797371 0.699405 0.806052 0.701389 0.809028 0.706349 0.820933 0.714286 0.835317 0.718254 0.838294 0.727844 0.842014 0.757275 0.851190 0.760913 0.852927 0.765873 0.853919 0.769511 0.855903 0.786376 0.860615 0.789683 0.862351 0.796958 0.863839 0.803902 0.867063 0.806548 0.867560 0.812831 0.870288 0.817791 0.871280 0.818783 0.870288 0.818452 0.866319 0.816138 0.862847 0.812500 0.859871 0.810847 0.857143 0.806878 0.854415 0.802579 0.849950 0.796958 0.842510 0.794643 0.840774 0.790013 0.835069 0.786045 0.832341 0.783069 0.827629 0.770833 0.815724 0.770172 0.814236 0.765873 0.809772 0.757275 0.803075 0.751323 0.795635 0.749669 0.792163 0.735780 0.778274 0.733135 0.774802 0.720238 0.763145 0.717593 0.759921 0.713955 0.757192
0 0.022817 0.162946 0.017196 0.164683 0.004960 0.171131 0.001323 0.175347 0.000000 0.175347 0.000000 0.197173 0.001653 0.197173 0.004299 0.199901 0.006283 0.204613 0.008267 0.205853 0.009259 0.205853 0.012235 0.204117 0.015873 0.201141 0.028108 0.197173 0.030754 0.195188 0.033730 0.191468 0.037368 0.183780 0.040013 0.175843 0.040013 0.171627 0.038690 0.170387 0.033069 0.168899 0.026124 0.165427
0 0.334656 0.358879 0.331680 0.357887 0.324074 0.358631 0.304233 0.355903 0.295304 0.355655 0.291336 0.356151 0.286706 0.357639 0.282407 0.357639 0.279101 0.358383 0.272487 0.362103 0.268849 0.365079 0.265542 0.370536 0.264881 0.375496 0.268519 0.385665 0.274140 0.394345 0.280093 0.399306 0.287368 0.402034 0.293981 0.402282 0.303241 0.398810 0.306548 0.396329 0.310185 0.394593 0.318122 0.388641 0.321429 0.387401 0.330357 0.375744 0.332672 0.373760 0.335317 0.370288 0.336971 0.364583 0.336971 0.362103
0 0.599206 0.074157 0.595569 0.067460 0.581349 0.058284 0.578373 0.057044 0.571098 0.058532 0.567460 0.058284 0.563823 0.060268 0.559524 0.064980 0.552579 0.070685 0.550595 0.074901 0.550595 0.080605 0.551587 0.082589 0.553902 0.083829 0.564815 0.085565 0.568783 0.085565 0.578042 0.084325 0.585317 0.084325 0.594907 0.083085 0.597884 0.081597 0.599206 0.079613
0 0.272817 0.111359 0.270503 0.113839 0.268519 0.119544 0.269511 0.132937 0.271825 0.135417 0.282738 0.141121 0.285714 0.140129 0.290013 0.140625 0.293320 0.139137 0.297288 0.139385 0.303241 0.137153 0.305225 0.134177 0.304894 0.126984 0.301587 0.119792 0.300926 0.115823 0.298611 0.112847 0.293651 0.109375 0.287368 0.108383 0.280093 0.108631
0 0.230820 0.193700 0.223214 0.193204 0.213624 0.194940 0.208333 0.199405 0.207341 0.203125 0.207341 0.207093 0.208995 0.211558 0.212963 0.216022 0.216601 0.218502 0.219907 0.219742 0.227183 0.219494 0.230489 0.217262 0.235119 0.215526 0.238095 0.215526 0.242394 0.213294 0.243717 0.211806 0.243717 0.206349 0.239749 0.201389 0.238426 0.198165 0.235450 0.195437
0 0.268849 0.274058 0.266204 0.276290 0.265873 0.279018 0.262897 0.285962 0.263558 0.290923 0.268849 0.298611 0.270503 0.299851 0.276455 0.302083 0.278770 0.303819 0.282738 0.304315 0.286706 0.304067 0.290013 0.302827 0.293651 0.302827 0.298611 0.299107 0.300595 0.298859 0.301257 0.297123 0.300595 0.289683 0.298611 0.284226 0.293320 0.276042 0.289683 0.274058 0.281746 0.272817 0.275463 0.272817
0 0.682540 0.102431 0.667989 0.103423 0.665013 0.104663 0.660384 0.109127 0.659061 0.117063 0.657077 0.123016 0.657407 0.126736 0.660384 0.128472 0.665675 0.130208 0.671627 0.133929 0.675595 0.133681 0.682870 0.129216 0.688823 0.127480 0.691468 0.125744 0.693783 0.123016 0.694444 0.118552 0.691799 0.108879 0.689484 0.105903 0.686177 0.103423
0 0.758598 0.180308 0.751984 0.178571 0.744048 0.179067 0.734458 0.182044 0.730489 0.185764 0.727513 0.192956 0.725860 0.198909 0.726852 0.202629 0.732143 0.204365 0.737434 0.207589 0.743386 0.208581 0.748347 0.208581 0.753638 0.206845 0.755291 0.205605 0.758929 0.205605 0.762235 0.204613 0.765873 0.199653 0.766204 0.191716 0.762235 0.183780
0 0.744709 0.268601 0.740741 0.271577 0.737434 0.275794 0.736772 0.279018 0.733466 0.282738 0.733135 0.286954 0.734127 0.288690 0.740410 0.293651 0.748016 0.296379 0.755622 0.297371 0.759259 0.295139 0.762235 0.294891 0.767196 0.292411 0.772817 0.288194 0.774140 0.286458 0.774802 0.283234 0.774140 0.275794 0.770503 0.271329 0.766204 0.268601 0.756283 0.267609
0 0.890873 0.114087 0.886243 0.114087 0.876653 0.115327 0.873347 0.116567 0.870040 0.119296 0.867063 0.123512 0.864087 0.132688 0.864087 0.134425 0.866071 0.137649 0.870701 0.138145 0.882937 0.142113 0.886905 0.141865 0.890873 0.139137 0.894511 0.138889 0.898148 0.137649 0.901124 0.134673 0.901786 0.132688 0.902447 0.123760 0.901455 0.119544 0.897156 0.116319
1 0.580357 0.427083 0.581019 0.432292 0.584325 0.439484 0.586640 0.441964 0.593915 0.456597 0.605489 0.473958 0.608135 0.480655 0.618386 0.498264 0.624008 0.505704 0.626984 0.512153 0.629960 0.514633 0.633598 0.514881 0.641534 0.508929 0.642196 0.507688 0.645503 0.505456 0.649140 0.500744 0.657077 0.495288 0.665675 0.485863 0.668981 0.483879 0.675926 0.477927 0.680886 0.471974 0.689484 0.465030 0.695106 0.458581 0.706680 0.450149 0.709987 0.446181 0.710979 0.443700 0.716931 0.439484 0.715939 0.435764 0.713624 0.434524 0.703042 0.433780 0.699735 0.433036 0.691799 0.433036 0.672950 0.430060 0.660053 0.429812 0.645503 0.427827 0.633598 0.427579 0.626984 0.425843 0.619709 0.426091 0.604167 0.424355 0.587963 0.424355 0.584987 0.425099 0.581349 0.424851
1 0.580026 0.372768 0.580026 0.387153 0.581349 0.393849 0.580357 0.403770 0.580357 0.419643 0.581680 0.422123 0.585317 0.422123 0.592593 0.420139 0.598214 0.416419 0.601852 0.415675 0.612103 0.410962 0.616733 0.409722 0.632275 0.401290 0.640873 0.398810 0.642526 0.397569 0.643188 0.393601 0.640542 0.391617 0.631944 0.388393 0.630291 0.387153 0.622354 0.384673 0.613095 0.380208 0.605489 0.377976 0.602844 0.376240 0.595899 0.373264 0.585648 0.371032 0.582011 0.371280
1 0.942460 0.489583 0.941799 0.491567 0.946098 0.495040 0.951058 0.496776 0.952712 0.498512 0.956349 0.499752 0.966931 0.505952 0.986111 0.513641 0.989749 0.516369 0.998016 0.520089 1.000000 0.520089 1.000000 0.469990 0.995040 0.470486 0.992725 0.472222 0.976852 0.477431 0.974206 0.479911 0.972222 0.479167 0.969907 0.479167 0.961971 0.482639 0.953373 0.484375 0.944775 0.487599
1 0.890542 0.655258 0.888889 0.657986 0.890873 0.659722 0.896164 0.661458 0.898810 0.664187 0.902778 0.666171 0.910053 0.672371 0.914683 0.675347 0.918981 0.676835 0.926257 0.681052 0.938823 0.689484 0.947751 0.693700 0.955688 0.700149 0.971561 0.708085 0.979497 0.713790 0.980820 0.714286 0.984788 0.714286 0.988095 0.712798 0.989418 0.710317 0.993386 0.675595 0.995040 0.668899 0.998016 0.639385 0.998677 0.638393 1.000000 0.638393 1.000000 0.632192 0.998347 0.631944 0.997685 0.629960 0.996693 0.629216 0.991733 0.627976 0.983796 0.628968 0.960317 0.635913 0.950066 0.638393 0.940146 0.639881 0.932540 0.642857 0.915675 0.647073 0.911706 0.648810 0.899802 0.651042 0.893519 0.653274
1 0.907407 0.733383 0.901124 0.735863 0.896825 0.739087 0.889881 0.743056 0.876653 0.748264 0.863426 0.756200 0.859458 0.757937 0.856481 0.760169 0.851852 0.761905 0.836640 0.771081 0.820767 0.779266 0.817130 0.781746 0.816468 0.783482 0.817460 0.786458 0.821429 0.788690 0.824405 0.789435 0.827381 0.791667 0.839286 0.795139 0.844907 0.797619 0.849537 0.797867 0.853836 0.800595 0.860119 0.802579 0.862765 0.804067 0.867394 0.805060 0.871362 0.807540 0.883598 0.811756 0.888558 0.814484 0.895503 0.816220 0.906085 0.821181 0.911045 0.822669 0.914021 0.824405 0.925595 0.827877 0.928571 0.827381 0.931217 0.824901 0.931878 0.822173 0.931548 0.817460 0.928241 0.806548 0.914352 0.740575 0.912037 0.735615 0.908399 0.733383
0 0.975529 0.074157 0.973876 0.070933 0.970238 0.067708 0.968254 0.067212 0.962632 0.067212 0.952050 0.070685 0.943122 0.072421 0.941138 0.074901 0.943452 0.078373 0.949735 0.080605 0.955688 0.082093 0.965278 0.082341 0.970569 0.081597 0.974206 0.079613 0.975198 0.078125
0 0.959987 0.092014 0.956680 0.088046 0.949735 0.083581 0.937831 0.083085 0.928902 0.084573 0.921958 0.087302 0.917989 0.091766 0.917328 0.096230 0.918320 0.099206 0.919643 0.100694 0.921627 0.101935 0.923942 0.102431 0.927249 0.102431 0.939484 0.100446 0.956680 0.099950 0.958333 0.099206 0.960648 0.095982
0 0.887566 0.169891 0.883267 0.169395 0.878638 0.170635 0.875992 0.172619 0.871693 0.178571 0.865410 0.192708 0.864749 0.195685 0.866071 0.198413 0.871693 0.201389 0.883929 0.201389 0.887235 0.199157 0.888889 0.193452 0.889220 0.182292 0.891534 0.176587 0.890542 0.171627
0 0.949074 0.226190 0.948082 0.227431 0.949074 0.231151 0.953373 0.233135 0.965939 0.243304 0.972222 0.250248 0.976521 0.253224 0.980820 0.254216 0.984458 0.254216 0.987765 0.253720 0.991402 0.251736 0.993717 0.246528 0.993717 0.239335 0.992394 0.235367 0.988095 0.230903 0.979497 0.227183 0.969246 0.224454 0.963955 0.223958 0.956349 0.224454
0 0.837963 0.272321 0.837302 0.276290 0.838955 0.280010 0.841270 0.281498 0.852513 0.282490 0.859127 0.283730 0.876653 0.288690 0.887897 0.294643 0.897156 0.301339 0.905093 0.305804 0.907738 0.306548 0.915013 0.306796 0.918981 0.305308 0.923611 0.300843 0.923942 0.295635 0.922288 0.288690 0.919643 0.282738 0.915013 0.276042 0.912368 0.273065 0.904762 0.266865 0.895833 0.264137 0.890873 0.261161 0.874669 0.259425 0.871362 0.259425 0.855820 0.262649 0.851190 0.264385 0.841601 0.269593
0 0.828704 0.271081 0.824405 0.271081 0.821098 0.271825 0.816799 0.274802 0.813823 0.279266 0.813492 0.283234 0.815146 0.287450 0.817130 0.290675 0.821098 0.293899 0.824735 0.293403 0.827050 0.291915 0.831349 0.290427 0.835648 0.287202 0.837963 0.283234 0.837632 0.279018 0.835317 0.275050 0.832672 0.272569
0 0.820767 0.409722 0.818452 0.411458 0.817791 0.413938 0.818452 0.416915 0.824074 0.422619 0.835317 0.431796 0.837632 0.436012 0.840939 0.439980 0.845238 0.442708 0.848876 0.443452 0.853836 0.441716 0.856151 0.439980 0.856812 0.438492 0.856812 0.431300 0.853836 0.421875 0.849537 0.415923 0.841931 0.411210 0.835317 0.408978 0.830688 0.408482
0 0.789352 0.414187 0.787037 0.412450 0.775794 0.411954 0.765873 0.414435 0.758267 0.417411 0.751323 0.422371 0.746032 0.428323 0.744048 0.431796 0.744709 0.436012 0.748016 0.437748 0.755952 0.437748 0.762235 0.435764 0.773148 0.431052 0.776455 0.430556 0.779762 0.428819 0.787698 0.420635 0.789352 0.417659
0 0.811177 0.413938 0.809854 0.413938 0.807870 0.415179 0.806548 0.417659 0.805225 0.424851 0.805225 0.430060 0.801918 0.441468 0.791667 0.455605 0.785053 0.462550 0.775463 0.470982 0.772487 0.471974 0.770833 0.473462 0.770833 0.474702 0.772487 0.477431 0.790675 0.478423 0.796296 0.477679 0.803902 0.475446 0.814153 0.470734 0.825066 0.462054 0.832341 0.454117 0.834325 0.449901 0.834656 0.439980 0.833664 0.435020 0.831680 0.432044 0.826720 0.427579 0.824735 0.424851 0.820767 0.422371 0.816799 0.417907
0 0.835648 0.510665 0.831349 0.512897 0.828042 0.515625 0.828373 0.519097 0.836310 0.529514 0.841270 0.539931 0.844907 0.541667 0.852513 0.541915 0.856812 0.539683 0.859788 0.533482 0.860119 0.525298 0.858135 0.519841 0.854828 0.515625 0.847553 0.511409 0.842262 0.509921
0 0.869709 0.536706 0.866402 0.539435 0.866733 0.543651 0.869709 0.546379 0.875661 0.550347 0.880952 0.552827 0.890212 0.559772 0.894841 0.564236 0.902116 0.569196 0.903770 0.569692 0.908069 0.569444 0.911706 0.567212 0.913029 0.565476 0.913690 0.562996 0.913690 0.560268 0.912368 0.555556 0.908399 0.549355 0.900463 0.542411 0.895503 0.539187 0.885582 0.536458 0.875331 0.535962
0 0.970238 0.582837 0.963294 0.585069 0.958995 0.588294 0.956349 0.591518 0.956019 0.596230 0.956680 0.598958 0.959325 0.602927 0.962302 0.605655 0.969907 0.610615 0.974868 0.611359 0.977844 0.610863 0.980820 0.608383 0.981812 0.605903 0.981812 0.602431 0.984458 0.594494 0.984788 0.590774 0.984127 0.588294 0.979497 0.584821
0 0.911706 0.591766 0.908399 0.590030 0.903439 0.590030 0.897156 0.591022 0.890873 0.593502 0.886574 0.596726 0.881614 0.602183 0.880622 0.606399 0.881944 0.608135 0.884259 0.608879 0.890542 0.607391 0.894180 0.607143 0.897487 0.606151 0.900794 0.603671 0.908730 0.600942 0.911706 0.598710 0.913029 0.595982
0 0.928902 0.708333 0.925926 0.706349 0.920966 0.706349 0.911376 0.711310 0.908069 0.712550 0.904101 0.712550 0.901124 0.713294 0.897817 0.715030 0.895503 0.717262 0.894511 0.720238 0.895172 0.724206 0.897817 0.727183 0.901786 0.727431 0.911045 0.724454 0.913690 0.722222 0.921627 0.718750 0.928571 0.714038 0.929563 0.710565
0 0.953704 0.889137 0.950066 0.887401 0.946098 0.887153 0.938823 0.890377 0.936177 0.893105 0.931878 0.893849 0.921958 0.897817 0.919643 0.901042 0.919643 0.904514 0.921627 0.909970 0.925265 0.911706 0.930225 0.910962 0.937500 0.908234 0.949074 0.901290 0.953704 0.896825 0.955026 0.894345 0.954696 0.890377
0 0.791667 0.800099 0.792989 0.803571 0.796627 0.805060 0.801257 0.805060 0.811508 0.807292 0.820767 0.808532 0.825397 0.811012 0.831349 0.812748 0.834987 0.812252 0.836310 0.811260 0.835648 0.806548 0.832011 0.802579 0.821759 0.796627 0.817460 0.795139 0.814153 0.794891 0.811177 0.793651 0.802579 0.793651 0.796627 0.795139
