0 0.759171 0.726693 0.760400 0.752334 0.752472 0.759031 0.739186 0.753243 0.735372 0.746743 0.742522 0.728591
0 0.080657 0.794028 0.086606 0.804152 0.082476 0.829854 0.073759 0.836876 0.052177 0.829339 0.050055 0.811126 0.070885 0.791935
0 0.000000 0.877449 0.018742 0.878701 0.027657 0.886521 0.036230 0.912133 0.031429 0.926042 0.015225 0.931639 0.000000 0.914960 0.000000 0.901863
0 0.298965 0.802875 0.309372 0.799301 0.317201 0.812634 0.337369 0.825711 0.337200 0.843143 0.321617 0.848549 0.296625 0.834442 0.292704 0.827764
0 0.968354 0.899621 0.961133 0.920548 0.945119 0.919885 0.941332 0.913428 0.943760 0.894250 0.958217 0.888977
0 0.005638 0.207721 0.011045 0.220463 0.006785 0.230884 0.000000 0.236821 0.000000 0.231160 0.000000 0.224485 0.000000 0.205217
0 0.892053 0.353334 0.909735 0.357661 0.923809 0.371997 0.910844 0.401571 0.899783 0.398888 0.884496 0.376049 0.883674 0.364926
0 0.964261 0.606398 0.981613 0.613196 0.981452 0.632465 0.976350 0.636803 0.965963 0.628873 0.961025 0.613922
0 0.898047 0.640861 0.903207 0.636501 0.933687 0.649076 0.937254 0.674855 0.927660 0.678208 0.907945 0.670914 0.898182 0.657557
0 0.912945 0.561296 0.920100 0.576772 0.911493 0.607938 0.898961 0.616109 0.879580 0.606069 0.874286 0.593750 0.876045 0.580306 0.904052 0.559210
0 0.828372 0.453037 0.841521 0.475465 0.842794 0.500598 0.836902 0.510254 0.827950 0.508139 0.808056 0.484077 0.812090 0.471221
0 0.857561 0.651013 0.872657 0.676758 0.875971 0.722164 0.871727 0.754782 0.843774 0.773771 0.814068 0.769953 0.801583 0.758722 0.794712 0.740302 0.792290 0.706042 0.796731 0.690219 0.844101 0.647924
0 0.742260 0.524032 0.751722 0.540166 0.749151 0.559070 0.738626 0.567783 0.722763 0.564098 0.715547 0.548454 0.726099 0.539753 0.730583 0.524079
0 0.777650 0.366515 0.772874 0.384616 0.760197 0.392574 0.739592 0.390364 0.732053 0.377507 0.734624 0.358829 0.743203 0.347145 0.763409 0.352060
0 0.745113 0.709449 0.743263 0.723119 0.732302 0.734763 0.718253 0.734441 0.710248 0.724173 0.712119 0.710477 0.725007 0.702100
0 0.702859 0.436906 0.710018 0.435839 0.724730 0.447663 0.721772 0.469160 0.716136 0.476160 0.705187 0.470790
0 0.630856 0.598978 0.629698 0.624082 0.619360 0.630192 0.603264 0.626525 0.597910 0.614000 0.602147 0.600852 0.617476 0.593089
0 0.582461 0.858364 0.595191 0.886967 0.593625 0.898133 0.578102 0.906324 0.564126 0.903335 0.554449 0.886850 0.557223 0.867289 0.565791 0.857634
0 0.565830 0.373550 0.588337 0.381734 0.597456 0.400633 0.592802 0.449782 0.574032 0.464953 0.567140 0.463330 0.560032 0.397279
0 0.591919 0.290955 0.598755 0.292624 0.593402 0.313481 0.613910 0.318467 0.619974 0.325480 0.618066 0.338874 0.607040 0.350079 0.584212 0.344567 0.574715 0.328376 0.575913 0.303682
0 0.510582 0.656593 0.514035 0.665918 0.505780 0.689736 0.497985 0.693706 0.476979 0.689013 0.471993 0.673601 0.475542 0.665825 0.498946 0.653971
0 0.503516 0.939604 0.507001 0.949044 0.502227 0.965458 0.496714 0.970113 0.482590 0.967148 0.478695 0.960511 0.483899 0.941263
0 0.389754 0.918462 0.402456 0.915318 0.428389 0.938278 0.427858 0.958576 0.415593 0.958922 0.387238 0.935445
0 0.404091 0.544082 0.410994 0.562755 0.405764 0.581521 0.387255 0.591591 0.366490 0.584013 0.360676 0.574107 0.362348 0.563051 0.381731 0.547500
0 0.583717 0.154088 0.573107 0.139562 0.548555 0.124487 0.542766 0.137875 0.547635 0.156928 0.553371 0.161336 0.572234 0.163083
0 0.075461 0.029157 0.104948 0.030927 0.141521 0.079424 0.107655 0.104823 0.100500 0.103053 0.071725 0.036669
0 0.035557 0.103987 0.038995 0.113341 0.028713 0.144898 0.009557 0.154449 0.000000 0.146411 0.000000 0.132136 0.000000 0.114779
0 0.068290 0.222841 0.077897 0.225159 0.085691 0.238436 0.085386 0.255473 0.079680 0.259813 0.067661 0.256932 0.059400 0.246380 0.059719 0.229330
0 0.382468 0.318327 0.373938 0.358516 0.294060 0.418934 0.260948 0.411170 0.243274 0.398473 0.227315 0.374769 0.219780 0.344519 0.220675 0.307792 0.229308 0.284342 0.279558 0.307722 0.332115 0.314679 0.366956 0.308972
0 0.747732 0.246791 0.754141 0.267519 0.739704 0.305068 0.705972 0.296794 0.698812 0.281292 0.710370 0.248473 0.727927 0.239139
0 0.683011 0.871542 0.686495 0.898016 0.656163 0.911545 0.644997 0.906281 0.641529 0.896931 0.650764 0.864553 0.660753 0.861001
0 0.720160 0.737693 0.718292 0.751409 0.701205 0.773093 0.682126 0.774539 0.671796 0.763733 0.672539 0.741206 0.683597 0.729514 0.693505 0.726073 0.714063 0.730677
0 0.541078 0.930187 0.554352 0.921449 0.566018 0.923932 0.594301 0.961691 0.568624 0.973625 0.547986 0.966383 0.538282 0.949852
0 0.360796 0.915264 0.356987 0.940781 0.345319 0.952981 0.319874 0.941789 0.320051 0.924233 0.328934 0.914388 0.344536 0.908905
0 0.366874 0.629944 0.367560 0.641580 0.375743 0.652029 0.372819 0.671492 0.354179 0.681731 0.327021 0.667037 0.321603 0.654298 0.324149 0.637588 0.337682 0.629121
0 0.297296 0.023609 0.292024 0.041710 0.250351 0.028396 0.251413 0.006413 0.262046 0.000781 0.278402 0.004940
1 0.802851 0.294745 0.997358 0.626587 0.965269 0.665960 0.881468 0.688776
1 0.814178 0.628668 0.523754 0.865320 0.582708 0.938708 0.623150 0.978983
0 0.915648 0.277636 0.915789 0.293931 0.910007 0.303350 0.873280 0.305142 0.864307 0.286603 0.867103 0.265559 0.877686 0.254630 0.893134 0.258484
0 0.980491 0.372263 0.990960 0.396539 0.989283 0.409718 0.975103 0.414435 0.961914 0.411234 0.952269 0.397996 0.952447 0.378990 0.965131 0.368502
0 0.091380 0.325512 0.109544 0.321227 0.143428 0.357844 0.138362 0.373829 0.113472 0.373719 0.093182 0.360345 0.085361 0.347026
0 0.212991 0.434231 0.230507 0.464067 0.231794 0.487294 0.212486 0.500077 0.190978 0.495137 0.177310 0.471860 0.181280 0.446926 0.195862 0.433108
0 0.261562 0.821077 0.265508 0.859955 0.250000 0.880118 0.234235 0.885594 0.219761 0.882535 0.196729 0.854130 0.203579 0.826219 0.225951 0.810503 0.250431 0.812839
0 0.227976 0.717551 0.231025 0.729862 0.225554 0.749064 0.214178 0.758262 0.192501 0.753552 0.186597 0.743500 0.195847 0.716332 0.212044 0.708232
0 0.101979 0.692839 0.153941 0.712995 0.157433 0.722527 0.152503 0.753649 0.091190 0.728604
