0 0.055000 0.195000 0.041667 0.193333 0.035000 0.196667 0.025000 0.211667 0.023333 0.225000 0.033333 0.225000 0.051667 0.210000
0 0.520000 0.496667 0.513333 0.501667 0.508333 0.513333 0.510000 0.530000 0.525000 0.541667 0.545000 0.541667 0.565000 0.526667 0.568333 0.511667 0.558333 0.498333 0.540000 0.493333
0 0.623333 0.495000 0.618333 0.500000 0.616667 0.510000 0.618333 0.528333 0.650000 0.541667 0.658333 0.541667 0.665000 0.531667 0.663333 0.515000 0.636667 0.496667
0 0.588333 0.391667 0.576667 0.415000 0.576667 0.428333 0.593333 0.436667 0.616667 0.436667 0.628333 0.420000 0.628333 0.411667
0 0.675000 0.248333 0.630000 0.248333 0.603333 0.258333 0.593333 0.268333 0.590000 0.293333 0.600000 0.316667 0.613333 0.331667 0.633333 0.341667 0.648333 0.341667 0.663333 0.336667 0.686667 0.316667 0.696667 0.296667 0.698333 0.275000 0.693333 0.261667
0 0.416667 0.720000 0.413333 0.703333 0.398333 0.686667 0.386667 0.681667 0.358333 0.681667 0.323333 0.688333 0.246667 0.685000 0.238333 0.695000 0.238333 0.713333 0.256667 0.743333 0.273333 0.756667 0.290000 0.763333 0.321667 0.763333 0.360000 0.753333 0.406667 0.735000
0 0.111667 0.326667 0.100000 0.355000 0.096667 0.380000 0.098333 0.406667 0.110000 0.420000 0.143333 0.421667 0.183333 0.415000 0.205000 0.405000 0.215000 0.395000 0.218333 0.386667 0.218333 0.363333 0.210000 0.331667 0.200000 0.316667 0.193333 0.316667 0.181667 0.331667 0.180000 0.343333 0.165000 0.351667 0.155000 0.350000 0.146667 0.341667 0.135000 0.316667 0.126667 0.316667
0 0.753333 0.755000 0.743333 0.755000 0.736667 0.760000 0.736667 0.783333 0.730000 0.800000 0.723333 0.806667 0.723333 0.813333 0.728333 0.818333 0.746667 0.813333 0.760000 0.798333 0.763333 0.776667 0.760000 0.763333
0 0.555000 0.688333 0.551667 0.716667 0.558333 0.731667 0.605000 0.776667 0.656667 0.815000 0.673333 0.821667 0.696667 0.823333 0.713333 0.818333 0.728333 0.805000 0.736667 0.785000 0.735000 0.751667 0.705000 0.715000 0.653333 0.675000 0.630000 0.665000 0.595000 0.663333 0.573333 0.671667
0 0.756667 0.201667 0.751667 0.206667 0.753333 0.230000 0.765000 0.255000 0.768333 0.273333 0.781667 0.295000 0.790000 0.318333 0.836667 0.368333 0.875000 0.381667 0.898333 0.381667 0.901667 0.378333 0.900000 0.331667 0.863333 0.183333 0.851667 0.175000 0.838333 0.171667
0 0.333333 0.000000 0.273333 0.000000 0.241667 0.010000 0.228333 0.025000 0.221667 0.048333 0.223333 0.065000 0.230000 0.070000 0.248333 0.070000 0.276667 0.060000 0.313333 0.033333 0.328333 0.013333
0 0.228333 0.795000 0.228333 0.813333 0.240000 0.845000 0.266667 0.868333 0.310000 0.870000 0.323333 0.863333 0.331667 0.850000 0.330000 0.831667 0.310000 0.810000 0.281667 0.795000 0.260000 0.788333 0.240000 0.788333
0 0.936667 0.486667 0.930000 0.481667 0.906667 0.481667 0.893333 0.486667 0.880000 0.500000 0.880000 0.521667 0.888333 0.530000 0.900000 0.530000 0.915000 0.523333 0.935000 0.505000 0.938333 0.498333
0 0.146667 0.665000 0.143333 0.640000 0.123333 0.603333 0.118333 0.601667 0.111667 0.610000 0.098333 0.615000 0.075000 0.613333 0.041667 0.605000 0.045000 0.631667 0.061667 0.655000 0.071667 0.660000 0.098333 0.661667 0.125000 0.670000 0.141667 0.670000
0 0.448333 0.095000 0.436667 0.085000 0.406667 0.085000 0.363333 0.103333 0.355000 0.113333 0.355000 0.128333 0.361667 0.136667 0.415000 0.131667 0.426667 0.138333 0.428333 0.131667 0.450000 0.128333 0.453333 0.116667
0 0.436667 0.141667 0.423333 0.128333 0.341667 0.138333 0.335000 0.145000 0.328333 0.163333 0.330000 0.180000 0.336667 0.190000 0.351667 0.198333 0.373333 0.198333 0.396667 0.193333 0.431667 0.173333 0.438333 0.155000
0 0.233333 0.251667 0.225000 0.255000 0.215000 0.290000 0.215000 0.316667 0.221667 0.335000 0.228333 0.335000 0.253333 0.313333 0.258333 0.301667 0.251667 0.273333
0 0.175000 0.431667 0.173333 0.450000 0.183333 0.471667 0.201667 0.488333 0.211667 0.491667 0.240000 0.490000 0.250000 0.485000 0.265000 0.465000 0.261667 0.438333 0.251667 0.425000 0.236667 0.416667 0.203333 0.413333 0.186667 0.420000
0 0.156667 0.840000 0.155000 0.846667 0.163333 0.861667 0.178333 0.860000 0.180000 0.855000 0.173333 0.845000 0.165000 0.840000
0 0.611667 0.455000 0.610000 0.461667 0.618333 0.480000 0.631667 0.493333 0.661667 0.510000 0.698333 0.510000 0.700000 0.498333 0.673333 0.453333 0.663333 0.448333 0.635000 0.448333
0 0.875000 0.928333 0.855000 0.915000 0.845000 0.915000 0.781667 0.953333 0.780000 0.965000 0.783333 0.968333 0.808333 0.970000 0.836667 0.956667 0.866667 0.960000 0.871667 0.951667
0 0.850000 0.966667 0.850000 0.975000 0.855000 0.980000 0.873333 0.975000 0.870000 0.963333 0.855000 0.963333
1 0.000000 0.884567 0.107567 0.973500 0.090950 0.998433 0.001600 0.999483 0.000000 0.910350
0 0.268333 0.485000 0.256667 0.485000 0.233333 0.501667 0.231667 0.515000 0.240000 0.526667 0.256667 0.528333 0.270000 0.516667 0.273333 0.493333
0 0.745000 0.725000 0.736667 0.735000 0.736667 0.745000 0.740000 0.748333 0.758333 0.751667 0.773333 0.740000 0.773333 0.730000 0.760000 0.723333
0 0.760000 0.881667 0.745000 0.880000 0.731667 0.883333 0.728333 0.886667 0.728333 0.898333 0.740000 0.903333 0.746667 0.901667 0.760000 0.890000
0 0.736667 0.911667 0.701667 0.925000 0.675000 0.945000 0.675000 0.951667 0.698333 0.975000 0.716667 0.985000 0.728333 0.983333 0.738333 0.970000 0.743333 0.916667
0 0.395250 0.976417 0.420800 0.975917 0.440833 0.990450 0.434833 0.993950 0.418800 0.991950 0.402767 0.983933
0 0.575000 0.968333 0.570000 0.973333 0.570000 0.981667 0.578333 0.988333 0.590000 0.988333 0.600000 0.980000 0.600000 0.973333 0.595000 0.968333
0 0.446667 0.858333 0.441667 0.865000 0.441667 0.875000 0.453333 0.888333 0.465000 0.888333 0.478333 0.878333 0.476667 0.863333 0.470000 0.856667
0 0.536667 0.823333 0.508333 0.833333 0.491667 0.851667 0.495000 0.873333 0.521667 0.890000 0.538333 0.888333 0.545000 0.875000 0.545000 0.841667 0.541667 0.826667
0 0.058333 0.955000 0.055000 0.951667 0.045000 0.951667 0.031667 0.958333 0.028333 0.978333 0.058333 0.980000
0 0.098333 0.810000 0.098333 0.828333 0.110000 0.843333 0.140000 0.861667 0.151667 0.863333 0.146667 0.850000 0.105000 0.810000
0 0.975000 0.448333 0.955000 0.446667 0.940000 0.455000 0.936667 0.480000 0.946667 0.501667 0.965000 0.498333 0.986667 0.478333 0.986667 0.463333
0 0.868333 0.126667 0.866667 0.138333 0.878333 0.161667 0.893333 0.173333 0.910000 0.170000 0.913333 0.140000 0.905000 0.125000 0.896667 0.118333 0.883333 0.118333
0 0.841667 0.060000 0.828333 0.073333 0.826667 0.088333 0.840000 0.103333 0.850000 0.108333 0.861667 0.108333 0.868333 0.098333 0.866667 0.070000 0.858333 0.060000
0 0.885000 0.031667 0.878333 0.038333 0.878333 0.048333 0.905000 0.080000 0.911667 0.081667 0.918333 0.078333 0.921667 0.070000 0.921667 0.048333 0.915000 0.036667 0.901667 0.028333
