1 0.972520 0.656012 0.976626 0.655933 0.980326 0.657599 0.985020 0.658608 0.998664 0.665091 1.000000 0.666991 1.000000 0.671248 1.000000 0.676383 1.000000 0.678362 1.000000 0.679931 1.000000 0.682684 1.000000 0.682769 1.000000 0.722520 1.000000 0.722683 1.000000 0.731976 1.000000 0.733011 1.000000 0.733682 1.000000 0.737087 1.000000 0.741345 1.000000 0.743742 1.000000 0.746867 1.000000 0.747043 1.000000 0.747864 1.000000 0.749524 0.999717 0.753868 0.996992 0.755249 0.995520 0.755379 0.993826 0.754390 0.991800 0.751720 0.985848 0.729175 0.985276 0.724383 0.978329 0.696799 0.976799 0.685257 0.972285 0.669990 0.970570 0.661311
1 0.841991 0.552776 0.851988 0.552176 0.867378 0.554231 0.894532 0.558948 0.902449 0.561096 0.947573 0.567641 0.955488 0.569788 0.958508 0.571800 0.959338 0.575998 0.951110 0.579861 0.942772 0.588859 0.939663 0.593976 0.929742 0.602546 0.921717 0.611231 0.916803 0.614799 0.907951 0.624983 0.899908 0.631676 0.898013 0.637257 0.895161 0.641781 0.891590 0.642667 0.887061 0.642499 0.885680 0.641197 0.882770 0.634048 0.872714 0.617278 0.870559 0.612057 0.847003 0.570562 0.840427 0.554339
1 0.679787 0.329007 0.679769 0.332713 0.677524 0.334620 0.672682 0.334764 0.665963 0.336783 0.652028 0.338301 0.643891 0.340731 0.627434 0.342757 0.612984 0.345460 0.608087 0.345324 0.590746 0.348568 0.583695 0.348907 0.578762 0.350483 0.569926 0.351266 0.568213 0.348284 0.568599 0.344547 0.571432 0.338029 0.572997 0.336467 0.574173 0.332945 0.575683 0.331102 0.582250 0.313146 0.590513 0.296178 0.592904 0.293118 0.593290 0.289381 0.596547 0.283111 0.598534 0.276099 0.601662 0.272974 0.605768 0.272895 0.609155 0.274874 0.620406 0.284418 0.633865 0.293765 0.636259 0.296401 0.644158 0.302254 0.652204 0.306953 0.663621 0.317337 0.675699 0.325382
1 0.599250 0.268345 0.599600 0.272017 0.598348 0.273267 0.590304 0.274264 0.583898 0.275970 0.575485 0.277000 0.563980 0.279443 0.560243 0.279489 0.557095 0.280622 0.548572 0.281091 0.542423 0.282205 0.530403 0.285833 0.515529 0.288289 0.510374 0.288745 0.503471 0.287932 0.495814 0.290888 0.491911 0.290095 0.492221 0.284086 0.495809 0.273798 0.499545 0.268056 0.503077 0.257489 0.517759 0.223718 0.521347 0.219127 0.523464 0.214667 0.527625 0.214869 0.532227 0.217309 0.563087 0.240784 0.568960 0.243966 0.571778 0.246850 0.589436 0.260384 0.594057 0.264817
1 0.519762 0.207305 0.520259 0.209824 0.519487 0.211602 0.515436 0.211960 0.510246 0.214128 0.503674 0.214995 0.492960 0.217652 0.483756 0.218467 0.480332 0.218201 0.474147 0.221027 0.469563 0.220578 0.464740 0.222714 0.452222 0.223822 0.447602 0.225085 0.442815 0.225509 0.437826 0.226805 0.431513 0.227079 0.423265 0.228949 0.416270 0.229568 0.414189 0.226619 0.414060 0.224067 0.421512 0.210589 0.427270 0.196123 0.428282 0.191760 0.431300 0.188075 0.434482 0.179534 0.435790 0.178563 0.438218 0.173790 0.441952 0.162352 0.444694 0.157267 0.448725 0.154915 0.460049 0.161034 0.467267 0.167231 0.481260 0.177387 0.484133 0.180550 0.491922 0.185842 0.502748 0.195138 0.510905 0.200398
1 0.420377 0.013296 0.420838 0.017528 0.418557 0.021148 0.415998 0.023368 0.415336 0.025705 0.408766 0.032268 0.402895 0.040479 0.392055 0.051977 0.389717 0.055318 0.387713 0.060338 0.380884 0.067493 0.362885 0.090164 0.359701 0.093011 0.356020 0.099033 0.351254 0.101449 0.348492 0.098845 0.346392 0.093904 0.340420 0.063670 0.338522 0.057857 0.336955 0.048025 0.337027 0.044601 0.338775 0.040174 0.349266 0.030700 0.353610 0.028036 0.359352 0.022971 0.370048 0.018320 0.374466 0.017929 0.378349 0.016731 0.390610 0.016215 0.397494 0.015036 0.404471 0.012425 0.417155 0.012157
1 0.793690 0.649624 0.796747 0.649923 0.803357 0.653041 0.812544 0.655931 0.815508 0.657662 0.824216 0.660024 0.846678 0.669430 0.851133 0.673023 0.858187 0.684077 0.862331 0.687983 0.868316 0.697423 0.877965 0.710241 0.878905 0.715000 0.878206 0.719049 0.874839 0.724759 0.873202 0.729747 0.868859 0.738107 0.868308 0.741004 0.863598 0.749397 0.859384 0.760308 0.856274 0.765427 0.854085 0.773311 0.850037 0.779365 0.843027 0.795083 0.838719 0.796033 0.837283 0.794452 0.833174 0.783137 0.826784 0.769746 0.824830 0.763652 0.823485 0.754941 0.821827 0.752240 0.819009 0.743659 0.818657 0.739987 0.815379 0.732871 0.814899 0.726647 0.813776 0.724753 0.812614 0.718874 0.811012 0.716453 0.810863 0.711908 0.806683 0.704018 0.803882 0.691733 0.800271 0.682938 0.800214 0.676961 0.798501 0.673979 0.795756 0.661974 0.792275 0.655731 0.791924 0.652059
1 0.774081 0.629997 0.779032 0.630414 0.780967 0.634515 0.784523 0.648727 0.785591 0.650341 0.786108 0.654853 0.793752 0.672691 0.794619 0.680874 0.798673 0.697605 0.801546 0.700770 0.809098 0.720040 0.811236 0.728965 0.810851 0.732702 0.812987 0.735932 0.823689 0.765462 0.824851 0.771341 0.823084 0.773776 0.818869 0.773295 0.816328 0.771811 0.812018 0.767064 0.809221 0.766173 0.806882 0.763816 0.792576 0.753975 0.788690 0.749476 0.772174 0.739830 0.761770 0.730781 0.754093 0.726049 0.747777 0.720625 0.735164 0.711773 0.732494 0.707737 0.731923 0.702944 0.733024 0.691454 0.732470 0.682957 0.734141 0.664865 0.736771 0.659220 0.741465 0.654532 0.755840 0.643859 0.767325 0.633729
1 0.833160 0.401160 0.719302 0.374488 0.717249 0.376818 0.719039 0.384296 0.752744 0.459586 0.757693 0.460817 0.762800 0.459650 0.832792 0.404058 0.831417 0.398690 0.719963 0.374669
0 0.927862 0.443202 0.931415 0.446020 0.931987 0.450811 0.926947 0.463221 0.923283 0.465539 0.910253 0.479226 0.905890 0.479897 0.902061 0.481375 0.899208 0.480204 0.894992 0.479723 0.892322 0.475687 0.891952 0.470022 0.897012 0.459605 0.897508 0.456427 0.900471 0.452462 0.904225 0.448712 0.907852 0.448106 0.914921 0.444062 0.918970 0.443704 0.923167 0.442193
0 0.944460 0.411539 0.954180 0.415236 0.955561 0.416539 0.956446 0.421017 0.953963 0.431206 0.954002 0.440888 0.952880 0.444690 0.951317 0.446252 0.942480 0.447034 0.938834 0.445648 0.934028 0.438383 0.931394 0.432634 0.930380 0.425603 0.931188 0.422114 0.939673 0.411963
0 0.918456 0.300760 0.922857 0.304073 0.924422 0.308206 0.923522 0.313129 0.919659 0.322016 0.911506 0.333847 0.906444 0.338567 0.901456 0.339863 0.896449 0.339167 0.893963 0.337963 0.892471 0.336101 0.890573 0.330287 0.891641 0.326205 0.896443 0.316381 0.899865 0.310950 0.906896 0.302922 0.912823 0.300689
0 0.753616 0.359501 0.753156 0.360966 0.750487 0.362627 0.741227 0.363162 0.738852 0.362517 0.733808 0.363534 0.730273 0.362707 0.725487 0.363130 0.717847 0.362383 0.716466 0.361081 0.715066 0.357787 0.716077 0.353425 0.719999 0.350514 0.724564 0.348971 0.735240 0.348026 0.743046 0.349613 0.747649 0.352054 0.750835 0.354905
0 0.641097 0.279167 0.642292 0.277637 0.646968 0.276654 0.659579 0.279810 0.679241 0.282627 0.683421 0.284821 0.684305 0.289300 0.681176 0.292425 0.676924 0.293656 0.665713 0.293794 0.653177 0.292910 0.647782 0.290254 0.642847 0.286134 0.640802 0.281472
0 0.833257 0.148221 0.837032 0.152160 0.839223 0.155668 0.839795 0.160461 0.838876 0.163390 0.837200 0.164393 0.821241 0.168939 0.808044 0.176088 0.796669 0.186780 0.791571 0.193213 0.787393 0.196716 0.780582 0.200168 0.772206 0.199485 0.767971 0.197011 0.766057 0.194902 0.764601 0.191328 0.764195 0.187376 0.764950 0.183607 0.776450 0.164074 0.782340 0.157855 0.783112 0.156078 0.789848 0.150355 0.794212 0.149684 0.804427 0.144507 0.808680 0.143276 0.815307 0.142690 0.825433 0.144642
0 0.845188 0.151722 0.851335 0.150609 0.857503 0.151487 0.862308 0.153055 0.867612 0.157144 0.869269 0.159845 0.870320 0.165164 0.869879 0.168621 0.867137 0.173707 0.865204 0.175302 0.862002 0.176155 0.854563 0.174535 0.848322 0.171384 0.843019 0.167296 0.841785 0.164842 0.841084 0.157498 0.841746 0.155160
0 0.704973 0.115143 0.708103 0.117714 0.709025 0.120480 0.708215 0.123970 0.705934 0.127590 0.705694 0.130174 0.703100 0.134108 0.696897 0.140638 0.693420 0.145788 0.688928 0.149603 0.682467 0.151030 0.675987 0.150464 0.670371 0.146689 0.669542 0.142490 0.672467 0.134540 0.675320 0.130015 0.682571 0.123107 0.688443 0.120593 0.695400 0.115990 0.698604 0.115136
0 0.742346 0.048315 0.749967 0.047070 0.754809 0.046926 0.757920 0.047506 0.763572 0.049569 0.772061 0.056508 0.777088 0.064893 0.777881 0.070804 0.776778 0.076599 0.773282 0.079757 0.760672 0.082297 0.756290 0.080976 0.753877 0.076348 0.751058 0.067767 0.747319 0.062116 0.742219 0.057155 0.740451 0.053894 0.740321 0.051342
0 0.926871 0.305426 0.930865 0.304788 0.935468 0.307229 0.941324 0.314117 0.947732 0.323803 0.950918 0.326655 0.958064 0.336276 0.967601 0.342839 0.979552 0.354028 0.981816 0.354113 0.985189 0.371189 0.974567 0.372414 0.968142 0.372129 0.955955 0.369220 0.946657 0.365771 0.942311 0.362736 0.934008 0.358629 0.928024 0.354887 0.923458 0.350734 0.917805 0.342973 0.915115 0.336945 0.914065 0.331627 0.914984 0.328696 0.920597 0.321078 0.924608 0.311039 0.924570 0.307054
0 0.843047 0.503120 0.847464 0.502729 0.852417 0.503145 0.856486 0.504779 0.861622 0.508027 0.865730 0.513646 0.866210 0.519869 0.864315 0.525448 0.858002 0.531419 0.854486 0.532586 0.849534 0.532168 0.846515 0.530157 0.842444 0.522827 0.839424 0.520816 0.834784 0.514390 0.833696 0.510784 0.834874 0.507261 0.836125 0.506011
0 0.688239 0.487485 0.692326 0.485414 0.699266 0.484515 0.708967 0.486220 0.716424 0.489832 0.721893 0.494760 0.724416 0.499949 0.724730 0.505333 0.722191 0.509546 0.716688 0.512027 0.711221 0.512796 0.705164 0.512477 0.699880 0.510382 0.694889 0.505980 0.686584 0.496177 0.685442 0.492290
0 0.747744 0.733731 0.749365 0.738145 0.748113 0.739396 0.733479 0.744964 0.724368 0.750043 0.719324 0.751059 0.715476 0.750545 0.710799 0.745832 0.710651 0.741287 0.712215 0.739724 0.732259 0.727412 0.735886 0.726806 0.739053 0.727665
0 0.657635 0.478014 0.666408 0.460674 0.675870 0.451226 0.684346 0.441201 0.683059 0.434690 0.670983 0.426485 0.668242 0.421430 0.669094 0.408105 0.669134 0.399488 0.654792 0.397446 0.635699 0.397812 0.621783 0.402356 0.605602 0.413063 0.597513 0.425041 0.590924 0.440197 0.593794 0.445905 0.614989 0.460589 0.625611 0.470250 0.642480 0.480680
0 0.517372 0.635505 0.477418 0.592009 0.454680 0.582760 0.418974 0.587245 0.410758 0.598570 0.410761 0.611821 0.407765 0.618710 0.397536 0.624252 0.390215 0.626888 0.394157 0.642439 0.397329 0.654082 0.405849 0.661938 0.415653 0.663058 0.422168 0.678382 0.432228 0.680800 0.454792 0.684768 0.466393 0.681753 0.474698 0.666443 0.495969 0.650648
0 0.364057 0.535895 0.363831 0.523318 0.356425 0.501072 0.347948 0.488653 0.332776 0.484271 0.310426 0.481670 0.290444 0.483438 0.289965 0.488634 0.295037 0.499062 0.298369 0.504494 0.305066 0.507908 0.317685 0.510799 0.326642 0.518021 0.329900 0.526893 0.335564 0.532690 0.345444 0.536967 0.353290 0.538566
0 0.268645 0.460749 0.278560 0.457582 0.287105 0.443657 0.291837 0.429498 0.297088 0.414147 0.297492 0.400940 0.291419 0.385447 0.284349 0.376339 0.266033 0.375099 0.250526 0.380479 0.228547 0.383569 0.211860 0.386764 0.195062 0.389396 0.185590 0.394815 0.184519 0.404643 0.187334 0.411264 0.205060 0.417141 0.208725 0.424259 0.205396 0.430279 0.209284 0.438523 0.217166 0.444123 0.222162 0.446544 0.231783 0.445692 0.240552 0.444343 0.244957 0.451396 0.248733 0.459077 0.253952 0.462623
0 0.391102 0.230625 0.385697 0.218509 0.373556 0.198972 0.367893 0.193176 0.341213 0.191529 0.332667 0.194004 0.331596 0.203831 0.323160 0.206869 0.308766 0.206425 0.302699 0.213832 0.298668 0.223922 0.297892 0.231433 0.303149 0.238984 0.305518 0.243355 0.299636 0.247882 0.292273 0.252542 0.293829 0.260420 0.299827 0.267907 0.308671 0.274567 0.325063 0.273689 0.342307 0.273307 0.363953 0.268528 0.380821 0.251002
0 0.102464 0.176021 0.094801 0.160097 0.092761 0.145961 0.081992 0.137182 0.063971 0.133624 0.050911 0.139934 0.044805 0.143336 0.029560 0.142395 0.021750 0.144805 0.019606 0.153010 0.019459 0.159895 0.012948 0.165053 0.004217 0.170406 0.000000 0.173808 0.000000 0.178637 0.000000 0.188007 0.000412 0.193072 0.008812 0.197480 0.029054 0.200841 0.046116 0.203338 0.065913 0.204449 0.079049 0.206149 0.088593 0.197288 0.097102 0.190810
0 0.221649 0.013176 0.208253 0.006347 0.186014 0.004307 0.172616 0.008929 0.162183 0.013287 0.144533 0.015423 0.127623 0.017491 0.118927 0.015399 0.101573 0.015217 0.087105 0.018216 0.083666 0.023673 0.088738 0.034102 0.097694 0.041324 0.108944 0.044909 0.125040 0.046347 0.141248 0.048347 0.161340 0.047141 0.176659 0.044640 0.195348 0.040123 0.208370 0.029810 0.214881 0.024654
0 0.469541 0.181911 0.462214 0.180964 0.456615 0.176027 0.455747 0.171632 0.461116 0.171157 0.465863 0.173929 0.471150 0.177296 0.473836 0.180253
0 0.473747 0.239861 0.477189 0.242120 0.479160 0.244510 0.482936 0.254145 0.483821 0.258624 0.483510 0.264633 0.481597 0.273917 0.481894 0.283006 0.478157 0.283052 0.476814 0.285734 0.473096 0.287773 0.461131 0.291680 0.456344 0.292104 0.440217 0.290113 0.437677 0.288629 0.433791 0.284131 0.430935 0.277262 0.430878 0.271286 0.434192 0.265296 0.442565 0.254585 0.458909 0.240605 0.462001 0.239192 0.466364 0.238521 0.470156 0.238755
0 0.479517 0.348729 0.489109 0.349875 0.492385 0.351294 0.496657 0.352055 0.505807 0.356657 0.514664 0.363563 0.516856 0.367073 0.518864 0.373446 0.518920 0.379422 0.517853 0.383505 0.509203 0.392815 0.497257 0.398715 0.484537 0.400695 0.481168 0.400709 0.473362 0.399121 0.464912 0.396167 0.458670 0.393016 0.449759 0.385829 0.447880 0.382008 0.446774 0.376409 0.447490 0.368655 0.449863 0.363603 0.453562 0.359572 0.464441 0.352059 0.470791 0.350071
0 0.519911 0.511501 0.530036 0.513453 0.537695 0.516193 0.546753 0.522226 0.550861 0.527845 0.555484 0.537974 0.555248 0.551953 0.552193 0.557350 0.545475 0.565066 0.531560 0.574273 0.523443 0.578694 0.518198 0.580584 0.515069 0.583709 0.510356 0.586405 0.505809 0.584244 0.503470 0.581888 0.500561 0.580435 0.482331 0.562110 0.479218 0.555835 0.476455 0.547534 0.475587 0.539350 0.476489 0.534429 0.479120 0.528783 0.482083 0.524818 0.488506 0.519408 0.492538 0.517057 0.503085 0.513560 0.510651 0.512036
0 0.095474 0.845305 0.104643 0.846203 0.114142 0.848780 0.121286 0.852705 0.125908 0.857138 0.130126 0.863316 0.132724 0.870777 0.133627 0.877248 0.132745 0.884163 0.131235 0.886006 0.130169 0.890088 0.126525 0.894398 0.121610 0.897966 0.112701 0.902172 0.100773 0.904369 0.092819 0.903932 0.084222 0.902130 0.076876 0.899077 0.071316 0.895582 0.066049 0.889782 0.063858 0.886272 0.061241 0.876820 0.062012 0.869345 0.064109 0.862894 0.066871 0.859801 0.067900 0.857431 0.072281 0.853056 0.078557 0.848797 0.089583 0.845827
0 0.160991 0.687686 0.165060 0.689320 0.174395 0.696754 0.180361 0.704202 0.184138 0.713836 0.185117 0.722580 0.184362 0.726349 0.178951 0.733095 0.173724 0.736976 0.161833 0.743156 0.153329 0.745617 0.144861 0.746367 0.136429 0.745404 0.132471 0.744331 0.127021 0.741395 0.122565 0.737801 0.121018 0.735659 0.118422 0.733895 0.115752 0.729859 0.111901 0.717952 0.112176 0.713655 0.115248 0.704553 0.119775 0.699025 0.133433 0.690411 0.143411 0.687819 0.153775 0.687186
0 0.000000 0.653740 0.000000 0.645445 0.000000 0.643257 0.000541 0.637800 0.030733 0.635128 0.051056 0.635607 0.070293 0.632480 0.080234 0.631600 0.098128 0.631155 0.101239 0.631735 0.107002 0.634359 0.112562 0.637854 0.115288 0.642170 0.116707 0.647456 0.116746 0.657137 0.114392 0.664181 0.110822 0.670765 0.107012 0.674235 0.090611 0.682238 0.078444 0.687017 0.071302 0.688789 0.051107 0.690861 0.022315 0.691132 0.011508 0.689525 0.008286 0.688386 0.002358 0.684923 0.000000 0.673616 0.000000 0.670074 0.000000 0.662268
0 0.215132 0.612823 0.216128 0.617862 0.213938 0.620049 0.209226 0.622745 0.203429 0.627532 0.199341 0.629602 0.194097 0.637187 0.190728 0.637201 0.188298 0.636276 0.186732 0.632143 0.187099 0.626413 0.188387 0.623450 0.193080 0.618763 0.197314 0.615540 0.200461 0.614407 0.211966 0.611964
0 0.073146 0.777781 0.075595 0.780698 0.077750 0.785919 0.077364 0.789656 0.075819 0.793210 0.072009 0.796681 0.065512 0.799820 0.061572 0.800739 0.057099 0.800850 0.052036 0.799873 0.041449 0.793689 0.038926 0.788501 0.041171 0.786593 0.048939 0.784197 0.063646 0.775204 0.068175 0.775372
0 0.067189 0.510558 0.071203 0.511913 0.073909 0.514237 0.077814 0.520727 0.079012 0.530591 0.078204 0.534080 0.076014 0.536268 0.070859 0.536724 0.065373 0.535501 0.060180 0.531973 0.057879 0.527903 0.056642 0.519753 0.058759 0.515293 0.062882 0.511509
0 0.087141 0.493981 0.091135 0.493343 0.093253 0.494580 0.098206 0.500692 0.100491 0.508465 0.098725 0.510901 0.094195 0.510732 0.088892 0.506643 0.086112 0.502047 0.084803 0.497321
0 0.052305 0.401073 0.058472 0.401951 0.062228 0.403898 0.063242 0.405233 0.066629 0.407212 0.075524 0.418102 0.074567 0.422745 0.069487 0.425473 0.063283 0.426307 0.057908 0.425644 0.050911 0.420566 0.049144 0.417304 0.048148 0.412266 0.049600 0.404446
0 0.116425 0.401380 0.120550 0.403293 0.121986 0.404875 0.122926 0.409634 0.121049 0.411509 0.113372 0.412473 0.110573 0.411582 0.108714 0.409752 0.107535 0.407578 0.108031 0.404401 0.111639 0.401803
0 0.183257 0.349034 0.185796 0.344822 0.191355 0.342621 0.195313 0.343695 0.201721 0.347685 0.203968 0.351473 0.201298 0.353134 0.192684 0.355036 0.189260 0.354769 0.185503 0.352823
0 0.028120 0.271049 0.025065 0.276446 0.013635 0.281161 0.000000 0.282132 0.000000 0.280928 0.000000 0.278787 0.000000 0.277257 0.001336 0.271996 0.006139 0.267868 0.008606 0.267080 0.016079 0.266988 0.025524 0.269285
0 0.114182 0.192790 0.117847 0.196168 0.119100 0.200615 0.118089 0.204978 0.114758 0.208975 0.110580 0.212478 0.106125 0.214581 0.094822 0.216152 0.091600 0.215013 0.090698 0.214238 0.090660 0.210254 0.095388 0.198156 0.098794 0.196431 0.102069 0.192153 0.104168 0.191398 0.109801 0.191469
0 0.141016 0.163639 0.144570 0.166459 0.148420 0.172669 0.149985 0.176803 0.148550 0.180917 0.144004 0.184454 0.138500 0.186935 0.131928 0.187801 0.128449 0.187255 0.125208 0.184124 0.124434 0.180204 0.124856 0.174755 0.126033 0.171233 0.128683 0.167580 0.131978 0.165294 0.135807 0.163816
0 0.023889 0.058078 0.032854 0.059848 0.037513 0.062568 0.040092 0.068038 0.039393 0.072087 0.036006 0.075805 0.029141 0.078976 0.024355 0.079400 0.019659 0.078391 0.008982 0.073640 0.006311 0.069604 0.007065 0.065833 0.013175 0.060735 0.016948 0.058977
0 0.091282 0.564255 0.093786 0.567451 0.094230 0.575387 0.092335 0.580966 0.089685 0.584620 0.083428 0.590870 0.075880 0.594387 0.067523 0.595696 0.063620 0.594902 0.060379 0.591771 0.059456 0.583307 0.063265 0.574141 0.067075 0.570670 0.073775 0.566659 0.079334 0.564457 0.085906 0.563591
0 0.943261 0.629263 0.944623 0.628572 0.949041 0.628181 0.965647 0.630700 0.974835 0.633589 0.978332 0.636128 0.980893 0.639604 0.982220 0.646322 0.979349 0.648856 0.970972 0.648174 0.961509 0.643883 0.958065 0.641625 0.947663 0.638273 0.945122 0.636789 0.943041 0.633840
0 0.908658 0.505287 0.910793 0.502820 0.914586 0.503054 0.920053 0.502285 0.930380 0.503364 0.935922 0.504867 0.940268 0.507902 0.943951 0.513272 0.945203 0.517719 0.944229 0.520368 0.942664 0.521931 0.941559 0.522029 0.912268 0.514083 0.910151 0.512846 0.907959 0.509337
