0 0.281782 0.715111 0.281299 0.718518 0.279472 0.720041 0.277502 0.720681 0.269295 0.726016 0.266111 0.727166 0.262379 0.727604 0.258204 0.726909 0.250820 0.724548 0.248067 0.722501 0.247480 0.720486 0.249424 0.717030 0.255034 0.714858 0.263516 0.712801 0.270274 0.711844 0.274554 0.712118 0.278272 0.713194
0 0.417458 0.568338 0.419206 0.570054 0.418057 0.574684 0.415604 0.578731 0.413321 0.580634 0.409328 0.582124 0.401056 0.583341 0.396776 0.583066 0.394219 0.581690 0.392471 0.579975 0.391440 0.576827 0.392628 0.573500 0.395315 0.571428 0.400273 0.568966 0.405676 0.567637 0.412982 0.567393
0 0.341904 0.009719 0.342648 0.011102 0.342479 0.013247 0.334689 0.016900 0.333215 0.018462 0.325516 0.023207 0.321171 0.024657 0.318953 0.024835 0.315888 0.024051 0.314987 0.023298 0.315105 0.021364 0.319555 0.013649 0.324696 0.007530 0.326717 0.006679 0.336829 0.008271
0 0.371110 0.150502 0.373159 0.152468 0.373994 0.154945 0.373706 0.159025 0.371801 0.163784 0.363502 0.173871 0.357317 0.178356 0.355882 0.181221 0.352228 0.184266 0.345443 0.194093 0.342703 0.196377 0.339845 0.200594 0.337262 0.202246 0.334457 0.206252 0.331260 0.208917 0.323822 0.218452 0.315276 0.222235 0.308517 0.223191 0.291986 0.224110 0.285071 0.225698 0.281548 0.225294 0.278887 0.224340 0.276734 0.222794 0.275207 0.218724 0.270732 0.211934 0.268854 0.207823 0.268084 0.203622 0.265306 0.198758 0.267198 0.195512 0.270838 0.193982 0.274440 0.191149 0.278575 0.184696 0.283808 0.179669 0.292406 0.175677 0.304879 0.172128 0.310125 0.171431 0.312904 0.170451 0.315435 0.169010 0.321477 0.163642 0.326031 0.161351 0.335581 0.157901 0.343893 0.152143 0.348642 0.150524 0.365630 0.149225 0.368449 0.149548
0 0.234010 0.571766 0.234597 0.573781 0.232509 0.576355 0.222084 0.581870 0.212141 0.583977 0.202226 0.583057 0.199316 0.581641 0.199956 0.577602 0.202396 0.575069 0.207811 0.572226 0.214622 0.571059 0.224603 0.570255 0.232757 0.570973
0 0.003458 0.401409 0.009368 0.399489 0.016362 0.400507 0.019676 0.401753 0.020876 0.402757 0.022259 0.405945 0.021998 0.406997 0.018201 0.409159 0.015278 0.409257 0.009342 0.408360 0.005024 0.406783 0.002322 0.404525
0 0.976877 0.394389 0.979995 0.394963 0.980530 0.397189 0.977032 0.411289 0.975649 0.413944 0.971161 0.414511 0.968407 0.412464 0.967168 0.410158 0.966047 0.405918 0.966438 0.401417 0.967260 0.399563 0.971019 0.396098
0 0.552331 0.531422 0.556415 0.531025 0.562756 0.531751 0.565418 0.532706 0.569123 0.535296 0.572959 0.540280 0.581204 0.547934 0.586592 0.553963 0.586879 0.555728 0.586110 0.557371 0.584687 0.558723 0.581856 0.559913 0.575958 0.560319 0.569618 0.559592 0.559166 0.556446 0.554404 0.553736 0.551117 0.549464 0.549512 0.542786 0.549329 0.534758 0.549747 0.533075
0 0.716604 0.671024 0.721353 0.669404 0.726246 0.668666 0.737023 0.669036 0.737819 0.670209 0.743194 0.671908 0.747578 0.671761 0.755171 0.673281 0.765727 0.676006 0.780210 0.678964 0.786942 0.681034 0.806304 0.684770 0.817160 0.687746 0.819964 0.689582 0.826892 0.692324 0.836051 0.699217 0.848955 0.710003 0.855492 0.717246 0.859874 0.728786 0.858882 0.732785 0.856338 0.735740 0.853154 0.736890 0.845339 0.737725 0.834562 0.737356 0.826212 0.735966 0.815813 0.732609 0.807789 0.728443 0.802114 0.726494 0.784200 0.718380 0.778837 0.715168 0.775171 0.713882 0.772014 0.712005 0.768295 0.710930 0.757166 0.704675 0.747929 0.701020 0.737700 0.695519 0.734334 0.694483 0.731229 0.692396 0.727862 0.691361 0.721091 0.687988 0.714398 0.681376 0.712767 0.677727 0.713811 0.673518
0 0.775927 0.499050 0.774061 0.505113 0.769364 0.506522 0.752428 0.507611 0.745617 0.508778 0.715921 0.511651 0.711328 0.512639 0.699390 0.512569 0.692735 0.513105 0.689095 0.514635 0.680276 0.515139 0.672708 0.516436 0.668011 0.517846 0.661265 0.517289 0.648348 0.519704 0.644772 0.519510 0.640585 0.520329 0.633631 0.520614 0.629037 0.521602 0.625058 0.521579 0.620113 0.522527 0.617229 0.523928 0.612898 0.523864 0.598075 0.525196 0.588995 0.526752 0.581218 0.528890 0.577135 0.529288 0.571224 0.531207 0.565183 0.530731 0.561765 0.529906 0.550530 0.529917 0.547268 0.528461 0.543041 0.527977 0.535604 0.525826 0.525244 0.523772 0.522335 0.522357 0.518304 0.522544 0.517260 0.520909 0.498237 0.512885 0.495093 0.509494 0.495758 0.508272 0.499451 0.506531 0.503287 0.505672 0.506575 0.504101 0.513791 0.502764 0.520614 0.500083 0.523602 0.498261 0.536428 0.494754 0.541739 0.492333 0.555125 0.488023 0.605738 0.466554 0.611205 0.463502 0.614792 0.462182 0.617481 0.460109 0.629615 0.455007 0.633921 0.452254 0.639427 0.450505 0.643786 0.447541 0.651718 0.444771 0.662639 0.446023 0.667988 0.444904 0.677565 0.444271 0.688642 0.444891 0.698858 0.446063 0.719225 0.450129 0.736552 0.456227 0.743271 0.459811 0.749847 0.462513 0.760519 0.469147 0.767356 0.476641 0.768035 0.479748 0.772014 0.485615 0.772966 0.492001
0 0.710552 0.393078 0.711726 0.397108 0.711973 0.403414 0.710094 0.410989 0.706832 0.415378 0.696355 0.421102 0.681846 0.427014 0.671368 0.432739 0.654980 0.440383 0.645559 0.446229 0.633373 0.451542 0.628206 0.454845 0.622087 0.457606 0.619008 0.458336 0.615732 0.458394 0.609444 0.457456 0.607134 0.456542 0.600585 0.456657 0.585189 0.454460 0.569911 0.450327 0.567445 0.450044 0.556393 0.446397 0.552923 0.445782 0.544337 0.442418 0.531447 0.435962 0.525889 0.432078 0.521845 0.427935 0.520514 0.424536 0.522002 0.421461 0.530639 0.418771 0.547131 0.416549 0.559800 0.413673 0.572157 0.412060 0.588962 0.408575 0.596020 0.407869 0.600613 0.406880 0.604240 0.406863 0.607829 0.405543 0.623825 0.402399 0.632046 0.401393 0.635268 0.401546 0.639913 0.400347 0.643788 0.400791 0.647780 0.399301 0.656300 0.398547 0.663373 0.396327 0.684300 0.393748 0.691373 0.391529 0.697322 0.390912 0.707447 0.390991
0 0.719638 0.292180 0.733482 0.299177 0.740592 0.304104 0.749072 0.313734 0.754982 0.323502 0.758374 0.333197 0.759652 0.348494 0.757134 0.360109 0.752918 0.369798 0.744698 0.382491 0.740953 0.384443 0.737874 0.385172 0.729707 0.385967 0.723600 0.387215 0.712966 0.387728 0.704133 0.389745 0.698235 0.390151 0.688398 0.391837 0.684405 0.393327 0.680426 0.393304 0.662667 0.396247 0.659536 0.397186 0.655857 0.397414 0.654187 0.398304 0.648185 0.399131 0.644793 0.401123 0.636273 0.401878 0.628366 0.401621 0.623825 0.402399 0.620537 0.403970 0.613178 0.404425 0.611351 0.405947 0.604854 0.405852 0.599048 0.407350 0.591950 0.406753 0.589340 0.405588 0.579230 0.398152 0.578290 0.396097 0.574050 0.391282 0.570227 0.384784 0.569549 0.381676 0.571702 0.377378 0.575199 0.374965 0.578604 0.371460 0.589904 0.363881 0.595436 0.359104 0.603292 0.353728 0.613391 0.345146 0.619014 0.341462 0.628657 0.333261 0.631188 0.331820 0.634345 0.327853 0.639983 0.322655 0.642918 0.321044 0.673177 0.293995 0.683472 0.286085 0.687607 0.285477 0.694001 0.285994 0.698880 0.286769 0.705965 0.288880 0.710192 0.289365
0 0.825770 0.241147 0.833325 0.235519 0.841414 0.232118 0.849491 0.230231 0.856954 0.229355 0.862942 0.230041 0.882852 0.240331 0.885253 0.242338 0.891423 0.245210 0.894073 0.247678 0.898039 0.249215 0.907211 0.254595 0.915744 0.258170 0.916787 0.259804 0.916918 0.262201 0.915260 0.267421 0.912299 0.272060 0.907235 0.274943 0.904666 0.275081 0.864871 0.269004 0.834980 0.265361 0.826081 0.263259 0.822690 0.259407 0.821633 0.253442 0.823055 0.246246
0 1.000000 0.152077 1.000000 0.163003 1.000000 0.169858 1.000000 0.177377 1.000000 0.181837 1.000000 0.184137 1.000000 0.185702 0.997868 0.187071 0.982342 0.188321 0.976484 0.190030 0.962366 0.191442 0.954289 0.193330 0.947688 0.193655 0.934066 0.195990 0.924541 0.196413 0.922571 0.197053 0.918448 0.196147 0.911285 0.191431 0.904083 0.185410 0.899465 0.183582 0.892498 0.179537 0.879594 0.168751 0.881029 0.165886 0.884213 0.164736 0.904189 0.161614 0.912709 0.160860 0.930571 0.157497 0.940970 0.155010 0.944207 0.153648 0.948524 0.155226 0.955741 0.153888 0.972076 0.152298 0.983426 0.150353 0.985802 0.149543 0.995326 0.149120 0.999214 0.148051 1.000000 0.148495 1.000000 0.148147 1.000000 0.148882 1.000000 0.148776 1.000000 0.149730
1 0.251768 0.562980 0.252341 0.566509 0.249497 0.569213 0.243821 0.573107 0.241043 0.574088 0.239164 0.575820 0.233958 0.577821 0.230813 0.580274 0.225907 0.582525 0.224145 0.582323 0.221471 0.582882 0.216865 0.585384 0.215848 0.586566 0.212311 0.587675 0.204705 0.593513 0.198845 0.595222 0.192061 0.599206 0.183723 0.602147 0.182249 0.603709 0.177552 0.605118 0.174003 0.607741 0.167727 0.611135 0.165639 0.613709 0.164830 0.614049 0.161308 0.613645 0.159689 0.614325 0.158111 0.616309 0.149760 0.620762 0.138434 0.625524 0.136607 0.627046 0.120168 0.634901 0.118798 0.636043 0.114452 0.637493 0.109234 0.641006 0.103061 0.643979 0.100321 0.646262 0.081559 0.654715 0.074774 0.658700 0.061622 0.664983 0.053572 0.669688 0.047909 0.672069 0.008686 0.692896 0.005255 0.693584 0.003494 0.693383 0.001589 0.692299 0.000000 0.687274 0.000000 0.683332 0.000000 0.670730 0.000000 0.654277 0.000000 0.648143 0.000000 0.626728 0.000000 0.622617 0.000000 0.609805 0.000000 0.592049 0.000000 0.581001 0.000000 0.572859 0.000000 0.568238 0.000000 0.557660 0.000000 0.551987 0.000000 0.538844 0.000000 0.532507 0.000000 0.529309 0.000000 0.526081 0.000000 0.507483 0.000000 0.501558 0.000000 0.498352 0.000000 0.497202 0.000000 0.497476 0.000000 0.499377 0.000000 0.499611 0.000000 0.504599 0.000000 0.504873 0.000373 0.507324 0.005318 0.506376 0.008319 0.508884 0.011242 0.508786 0.016121 0.509562 0.033005 0.514528 0.047747 0.516435 0.058550 0.519621 0.062778 0.520106 0.073281 0.523041 0.080626 0.524099 0.087659 0.526420 0.091586 0.526654 0.094952 0.527689 0.099532 0.528214 0.110192 0.530518 0.117224 0.532840 0.122756 0.533906 0.128445 0.534342 0.131107 0.535297 0.142224 0.537220 0.146894 0.538838 0.161324 0.542008 0.174606 0.543963 0.188371 0.548354 0.193656 0.548960 0.200441 0.550820 0.214675 0.553318 0.234728 0.558646 0.239360 0.558961 0.243731 0.560327 0.246550 0.560651
1 0.161449 0.411512 0.162193 0.412896 0.161880 0.414158 0.158735 0.416611 0.136137 0.425925 0.130330 0.427423 0.122645 0.430655 0.118861 0.431303 0.111776 0.435036 0.103282 0.438607 0.090300 0.442747 0.084885 0.445589 0.071093 0.450068 0.062142 0.454020 0.051483 0.457559 0.035956 0.464654 0.032576 0.465132 0.025753 0.467812 0.023169 0.469464 0.018172 0.470623 0.005085 0.475183 0.000000 0.486108 0.000000 0.489186 0.000000 0.491778 0.000000 0.492086 0.000000 0.493536 0.000000 0.493213 0.000000 0.492299 0.000000 0.489069 0.000000 0.480288 0.000000 0.473893 0.000000 0.468851 0.000000 0.466585 0.000000 0.465833 0.000000 0.465671 0.000000 0.444205 0.000000 0.444367 0.000000 0.443857 0.000000 0.438215 0.000000 0.436581 0.000000 0.436419 0.000000 0.433262 0.000000 0.433464 0.000000 0.432443 0.000000 0.430688 0.000000 0.430526 0.000000 0.428211 0.000000 0.428033 0.000000 0.425288 0.000000 0.424058 0.000000 0.418084 0.000000 0.416449 0.000000 0.412921 0.000000 0.412217 0.000000 0.410113 0.000000 0.410274 0.000000 0.408873 0.000000 0.407789 0.000000 0.407587 0.000000 0.357290 0.000000 0.358438 0.000000 0.360516 0.000000 0.361462 0.000000 0.363039 0.000000 0.363443 0.000000 0.365992 0.002404 0.366226 0.005065 0.367180 0.008523 0.369308 0.016807 0.372422 0.017081 0.375700 0.018138 0.375821 0.020721 0.374169 0.026019 0.373261 0.031303 0.373867 0.056131 0.380393 0.065825 0.383669 0.071658 0.384986 0.077986 0.387227 0.105385 0.393614 0.115679 0.397391 0.124278 0.399242 0.135029 0.402640 0.143926 0.404742 0.149197 0.406861 0.158996 0.409716
1 0.144548 0.275169 0.143059 0.278244 0.138910 0.280367 0.121074 0.286546 0.107674 0.292369 0.103486 0.293187 0.095448 0.296378 0.090151 0.297286 0.086811 0.299067 0.084188 0.299416 0.080495 0.301158 0.075199 0.302065 0.063455 0.308510 0.058458 0.309669 0.040569 0.316059 0.036421 0.318181 0.026270 0.321129 0.006554 0.329042 0.000000 0.334250 0.000000 0.337692 0.000000 0.338591 0.000000 0.338349 0.001928 0.235228 0.010226 0.236829 0.019919 0.240105 0.029874 0.242328 0.035798 0.244739 0.040782 0.245094 0.043091 0.246008 0.047319 0.246492 0.060679 0.251054 0.085809 0.257830 0.092684 0.260782 0.094550 0.260563 0.104310 0.262115 0.111694 0.264477 0.119287 0.265997 0.123854 0.268035 0.142694 0.273874
0 0.987451 0.302102 0.992056 0.305443 0.998083 0.313277 1.000000 0.317622 1.000000 0.322355 1.000000 0.330472 1.000000 0.335456 1.000000 0.339931 1.000000 0.345126 1.000000 0.362899 1.000000 0.373575 1.000000 0.377403 1.000000 0.383199 1.000000 0.395476 1.000000 0.397743 1.000000 0.401029 1.000000 0.406783 1.000000 0.416035 1.000000 0.419030 1.000000 0.420941 1.000000 0.424666 0.992244 0.440520 0.981976 0.445403 0.964765 0.454901 0.961843 0.454998 0.960237 0.454165 0.959494 0.452781 0.959377 0.448872 0.962314 0.435574 0.963775 0.417994 0.966151 0.411340 0.966020 0.403101 0.968670 0.393881 0.971163 0.373605 0.975731 0.352270 0.975470 0.347478 0.980220 0.322484 0.981422 0.311800 0.983353 0.304013 0.984723 0.302871
1 0.942192 0.716796 0.945114 0.716698 0.963877 0.719931 0.976545 0.722898 0.963234 0.776563 0.961172 0.776110 0.960846 0.773043 0.956541 0.764108 0.955719 0.760118 0.950866 0.750471 0.948714 0.743083 0.946875 0.740274 0.945805 0.735823 0.944161 0.733687 0.943483 0.730579 0.939582 0.721474 0.940521 0.717686
0 0.905654 0.323675 0.910534 0.324451 0.913848 0.325696 0.924873 0.326527 0.931123 0.332006 0.930261 0.338400 0.928722 0.341686 0.926385 0.343800 0.920319 0.346351 0.916339 0.346327 0.911590 0.347947 0.908615 0.348255 0.904036 0.347730 0.897760 0.345280 0.894068 0.341177 0.886930 0.339277 0.886147 0.336589 0.888340 0.333594 0.894773 0.329570 0.897878 0.325814 0.902275 0.324153
0 1.000000 0.256059 1.000000 0.258932 1.000000 0.262282 1.000000 0.264718 1.000000 0.269307 1.000000 0.276690 1.000000 0.278682 1.000000 0.279711 0.991874 0.279883 0.988991 0.281284 0.986577 0.280791 0.977810 0.275241 0.973843 0.273704 0.970399 0.270063 0.970530 0.266615 0.979715 0.258794 0.983617 0.256211 0.987257 0.254681 0.992150 0.253943
0 0.761137 0.159933 0.777994 0.162082 0.782561 0.164121 0.786619 0.166751 0.788601 0.170441 0.788575 0.173468 0.784321 0.181854 0.781385 0.183465 0.776792 0.184454 0.774274 0.184381 0.769734 0.185159 0.761071 0.185032 0.748466 0.180341 0.745270 0.177161 0.744082 0.174644 0.745271 0.171317 0.748520 0.168443 0.752043 0.163004 0.756597 0.160712
0 0.204003 0.070529 0.212862 0.071328 0.222764 0.073761 0.228271 0.077855 0.233098 0.084685 0.233319 0.088174 0.232197 0.089777 0.231701 0.094697 0.228257 0.096900 0.216500 0.099016 0.212417 0.099413 0.204262 0.098695 0.196473 0.096503 0.190250 0.093841 0.187666 0.089650 0.189311 0.080098 0.190798 0.077022 0.195470 0.072797 0.199110 0.071266
0 0.167165 0.147469 0.171197 0.147282 0.184479 0.149237 0.188198 0.150313 0.193313 0.153063 0.196105 0.156413 0.197787 0.159852 0.197565 0.162207 0.199117 0.169095 0.196521 0.172260 0.194851 0.173151 0.185470 0.174456 0.180877 0.175445 0.179207 0.176336 0.177041 0.176304 0.173975 0.175520 0.172069 0.174435 0.166942 0.173198 0.164033 0.171782 0.160562 0.171168 0.156961 0.168158 0.156688 0.164881 0.154952 0.161652 0.156166 0.155297 0.157550 0.152643 0.160798 0.149769
0 0.849013 0.122608 0.849901 0.124874 0.848675 0.126898 0.844578 0.128809 0.834531 0.131337 0.831242 0.132908 0.822761 0.134965 0.817973 0.135282 0.811866 0.136530 0.808187 0.136758 0.804313 0.136313 0.796536 0.132608 0.788786 0.125877 0.781428 0.120488 0.779184 0.117850 0.778663 0.114111 0.780045 0.111456 0.784090 0.109755 0.788265 0.110450 0.794541 0.112901 0.799774 0.113717 0.806571 0.114064 0.811059 0.113496 0.814242 0.112346 0.817765 0.112750 0.832078 0.117853 0.846156 0.120982
0 0.456553 0.486679 0.458953 0.488686 0.465529 0.491388 0.468829 0.494146 0.472822 0.498501 0.473709 0.500767 0.476357 0.503234 0.483819 0.514046 0.485150 0.517445 0.485033 0.519379 0.486520 0.522147 0.486494 0.525174 0.483258 0.532378 0.481274 0.534531 0.474346 0.537634 0.464495 0.540833 0.440226 0.551037 0.435164 0.553919 0.421007 0.559872 0.413126 0.562431 0.407202 0.565864 0.376671 0.577947 0.367328 0.580556 0.360322 0.581052 0.350458 0.579921 0.341416 0.576937 0.334423 0.570075 0.323881 0.554149 0.320868 0.547311 0.318520 0.545093 0.315741 0.540229 0.315050 0.532792 0.316629 0.524965 0.317660 0.522269 0.321574 0.518172 0.333317 0.511727 0.344121 0.509070 0.355186 0.505360 0.360783 0.504703 0.363666 0.503302 0.369668 0.502475 0.391432 0.496529 0.395712 0.496803 0.397591 0.495071 0.401426 0.494212 0.405171 0.492261 0.411577 0.491263 0.428344 0.486476 0.444131 0.484173 0.451881 0.485062
0 0.429836 0.401588 0.438864 0.400243 0.446745 0.397683 0.458045 0.395948 0.465795 0.396836 0.473637 0.398817 0.477851 0.400816 0.482809 0.404198 0.487257 0.408171 0.490545 0.412443 0.492397 0.413738 0.496220 0.420236 0.500956 0.425973 0.504922 0.433354 0.512646 0.443113 0.514472 0.447435 0.517421 0.450154 0.523540 0.459079 0.528145 0.468265 0.529018 0.472044 0.530858 0.474853 0.532228 0.479555 0.530662 0.485868 0.526747 0.489965 0.522037 0.492888 0.513504 0.495156 0.501904 0.496639 0.494598 0.496884 0.486091 0.496125 0.475797 0.492348 0.473801 0.490172 0.466076 0.486256 0.453304 0.477866 0.443258 0.468707 0.440700 0.467331 0.438104 0.464653 0.426492 0.455963 0.422944 0.452743 0.420804 0.449684 0.403374 0.438162 0.401390 0.434472 0.396902 0.429196 0.395024 0.425085 0.396290 0.418521 0.397620 0.416076 0.404315 0.411000 0.418014 0.405427 0.426547 0.403159
0 0.391042 0.239577 0.393782 0.243138 0.397447 0.250267 0.402340 0.255373 0.405406 0.262002 0.406227 0.265991 0.412267 0.278155 0.410845 0.285351 0.408914 0.287294 0.403499 0.290136 0.397641 0.291845 0.388364 0.292729 0.365087 0.293092 0.349613 0.294131 0.331125 0.294176 0.315494 0.295847 0.305069 0.295518 0.293274 0.296330 0.289398 0.295885 0.281335 0.296260 0.270010 0.295179 0.262221 0.292986 0.258255 0.291450 0.251640 0.287445 0.248404 0.282962 0.244060 0.278569 0.239651 0.270055 0.238202 0.268590 0.235971 0.264439 0.235567 0.258765 0.236559 0.254766 0.238347 0.251941 0.245692 0.247156 0.252569 0.244265 0.264833 0.241559 0.278194 0.240276 0.283948 0.238988 0.292168 0.237982 0.298366 0.237827 0.307955 0.235680 0.312287 0.235744 0.323939 0.234050 0.331194 0.234016 0.339922 0.232418 0.345415 0.232182 0.353335 0.230926 0.366134 0.230445 0.377708 0.231989 0.383279 0.234359
0 0.376145 0.168178 0.384666 0.167423 0.391059 0.167939 0.397243 0.169297 0.406937 0.172573 0.415745 0.173583 0.432980 0.178589 0.438851 0.181210 0.443652 0.185223 0.446143 0.188322 0.451348 0.203853 0.452248 0.210449 0.456645 0.226320 0.458733 0.229589 0.459397 0.234210 0.462593 0.243234 0.464172 0.252939 0.464367 0.259453 0.463023 0.263412 0.460322 0.266998 0.458091 0.268690 0.447418 0.273743 0.439693 0.275672 0.432439 0.275706 0.427155 0.275100 0.423437 0.274025 0.415569 0.269226 0.415034 0.267001 0.412986 0.265035 0.412047 0.262979 0.407402 0.258335 0.404088 0.251245 0.402144 0.248858 0.395699 0.236864 0.394252 0.235400 0.391133 0.228983 0.389686 0.227518 0.389007 0.224410 0.387259 0.222694 0.383893 0.215816 0.381153 0.212256 0.372973 0.197032 0.370873 0.195277 0.369946 0.191708 0.363932 0.182361 0.363307 0.179043 0.366229 0.173101 0.369478 0.170228
0 0.638900 0.075796 0.641105 0.077131 0.642396 0.079228 0.643348 0.085613 0.641652 0.089531 0.637542 0.092956 0.624390 0.099239 0.616574 0.100075 0.608576 0.098725 0.607037 0.096168 0.607312 0.093603 0.610991 0.087531 0.615819 0.082674 0.622003 0.078189 0.628932 0.075086 0.632716 0.074438 0.636239 0.074842
0 0.790312 0.623633 0.790481 0.627332 0.788485 0.630999 0.774483 0.642164 0.764254 0.648350 0.756242 0.654357 0.744200 0.660552 0.738119 0.664617 0.734883 0.665977 0.730343 0.666755 0.725411 0.666190 0.719383 0.664200 0.711385 0.662851 0.687013 0.655944 0.682786 0.655459 0.671879 0.652694 0.646984 0.647893 0.644374 0.646728 0.636272 0.645799 0.632606 0.644513 0.631509 0.643089 0.631223 0.641325 0.632319 0.636905 0.636651 0.631125 0.640956 0.628372 0.647324 0.626072 0.651865 0.625294 0.668852 0.623994 0.679382 0.623903 0.690929 0.622630 0.719254 0.620899 0.724644 0.621084 0.734077 0.619567 0.748990 0.619329 0.764726 0.617237 0.777421 0.617178 0.781648 0.617662 0.787219 0.620032 0.789320 0.621788
0 0.799661 0.474932 0.802637 0.474624 0.811391 0.475844 0.813740 0.478061 0.817692 0.486956 0.818448 0.498513 0.819140 0.500108 0.823889 0.504331 0.824333 0.505464 0.832187 0.511776 0.832004 0.515434 0.830425 0.517417 0.827594 0.518608 0.822962 0.518293 0.789965 0.506719 0.784498 0.503929 0.782203 0.501500 0.781512 0.499906 0.782347 0.496539 0.787005 0.487983 0.791637 0.482454 0.794755 0.477184
0 0.543615 0.775426 0.542323 0.779175 0.531885 0.786202 0.525113 0.788673 0.519777 0.788278 0.513253 0.785365 0.512522 0.782468 0.513683 0.776324 0.514506 0.774471 0.516894 0.772147 0.524605 0.771732 0.536582 0.773105 0.540353 0.773970
0 0.725940 0.773602 0.741596 0.774747 0.748433 0.776397 0.750991 0.777772 0.752126 0.780499 0.750430 0.784417 0.745145 0.789655 0.741152 0.791145 0.736873 0.790871 0.726579 0.787094 0.723173 0.784756 0.722064 0.779001 0.723461 0.774833
0 0.693766 0.742643 0.696389 0.742294 0.710428 0.744120 0.713795 0.745155 0.716299 0.746741 0.716782 0.749177 0.714785 0.752844 0.711732 0.756390 0.707374 0.759353 0.703147 0.758869 0.699233 0.757121 0.697485 0.755406 0.692970 0.753157 0.690022 0.750438 0.690113 0.745687 0.691339 0.743663
0 0.888540 0.716922 0.890094 0.717966 0.891228 0.720694 0.890340 0.724271 0.886178 0.727906 0.874474 0.729810 0.869491 0.729456 0.866881 0.728291 0.865289 0.725944 0.863724 0.720571 0.864364 0.716531 0.865994 0.714337 0.870131 0.713729 0.878938 0.714739
0 0.842279 0.643442 0.846257 0.643465 0.852938 0.645746 0.860231 0.647015 0.862789 0.648390 0.863728 0.650447 0.861862 0.656509 0.859213 0.659884 0.857138 0.660945 0.853264 0.660501 0.848593 0.658883 0.847091 0.657629 0.842173 0.655550 0.839577 0.652872 0.838651 0.649303 0.839238 0.645474
0 0.903106 0.628988 0.905207 0.630744 0.905898 0.632338 0.905167 0.635284 0.901266 0.637867 0.885844 0.638697 0.882830 0.637701 0.881630 0.636698 0.881251 0.633841 0.882047 0.629171 0.883379 0.626727 0.885049 0.625836 0.888023 0.625528 0.896126 0.626457
0 0.688962 0.564833 0.690176 0.564323 0.694298 0.565228 0.697547 0.568197 0.704515 0.572243 0.711951 0.574394 0.721371 0.580235 0.727320 0.585462 0.727711 0.586806 0.726772 0.590593 0.725859 0.591354 0.722075 0.592003 0.713725 0.590613 0.695784 0.585526 0.689248 0.584128 0.685347 0.580867 0.684577 0.576667 0.686666 0.568249
0 0.651504 0.550799 0.655300 0.554481 0.655979 0.557589 0.651528 0.571147 0.646426 0.578570 0.641429 0.579728 0.637450 0.579705 0.627012 0.580889 0.602626 0.581341 0.597198 0.579853 0.592736 0.577394 0.590492 0.574755 0.592789 0.571339 0.602587 0.568350 0.614526 0.562576 0.619981 0.561037 0.623372 0.559045 0.638534 0.553424 0.645071 0.548980 0.648946 0.549424
0 0.628055 0.600055 0.640189 0.600797 0.643098 0.602213 0.646724 0.613883 0.645680 0.618092 0.644715 0.619063 0.638492 0.622245 0.634198 0.623486 0.630128 0.622369 0.627949 0.618007 0.622913 0.612019 0.621530 0.608831 0.622014 0.605423 0.623449 0.602557 0.625276 0.601035
0 0.609096 0.601994 0.613324 0.602479 0.619873 0.608208 0.624505 0.614366 0.625431 0.617935 0.629867 0.623422 0.630180 0.628003 0.628040 0.630787 0.624348 0.632528 0.617915 0.630709 0.610439 0.627254 0.603107 0.624683 0.599297 0.622515 0.595305 0.618160 0.594874 0.615514 0.597197 0.609071 0.600093 0.606157 0.603995 0.603574
0 0.815600 0.565498 0.821289 0.565934 0.829587 0.567534 0.834310 0.568941 0.837415 0.571029 0.838159 0.572412 0.837271 0.575990 0.834832 0.578524 0.831491 0.580306 0.827303 0.581124 0.821053 0.581490 0.815874 0.580463 0.814373 0.579209 0.812286 0.575940 0.811190 0.568672 0.811712 0.566567
0 0.842989 0.520805 0.847439 0.524779 0.848417 0.528137 0.846473 0.531594 0.844750 0.532695 0.840810 0.533974 0.834912 0.534380 0.827058 0.533913 0.823691 0.532878 0.822492 0.531875 0.821160 0.528476 0.821461 0.522883 0.823248 0.520057 0.827790 0.519279 0.834744 0.518994 0.839675 0.519560
0 0.830234 0.434934 0.834931 0.439368 0.835466 0.441594 0.834174 0.445342 0.828511 0.453566 0.826840 0.454457 0.825105 0.457072 0.814993 0.467167 0.813375 0.467848 0.808887 0.468415 0.792825 0.467440 0.778238 0.464902 0.775224 0.463907 0.774076 0.462693 0.775120 0.458484 0.778996 0.453085 0.783797 0.451255 0.789851 0.450217 0.803642 0.445738 0.804609 0.444766 0.809815 0.442766 0.819287 0.436709 0.822236 0.433584 0.826267 0.433397
0 0.854868 0.423257 0.858339 0.423871 0.861823 0.422972 0.886286 0.425127 0.895890 0.427310 0.901225 0.427705 0.908115 0.429144 0.915512 0.429992 0.917118 0.430826 0.925167 0.431965 0.928481 0.433210 0.931730 0.436180 0.931912 0.438365 0.928155 0.441831 0.925910 0.445036 0.921344 0.448841 0.917104 0.449870 0.899842 0.447891 0.885959 0.445434 0.865227 0.442841 0.858455 0.439468 0.857268 0.436951 0.855520 0.435236 0.852911 0.428227 0.853290 0.425240
0 0.854373 0.416491 0.861797 0.408468 0.865399 0.405635 0.870344 0.404687 0.876437 0.404951 0.904253 0.409656 0.915931 0.410778 0.926239 0.413042 0.929539 0.415801 0.933140 0.424654 0.934588 0.426119 0.935514 0.429688 0.933022 0.432432 0.930099 0.432530 0.915917 0.429822 0.899060 0.427673 0.896698 0.426970 0.892666 0.427157 0.888140 0.426422 0.885465 0.426981 0.881693 0.426116 0.877062 0.425801 0.874152 0.424385 0.869520 0.424071 0.860922 0.422220 0.855234 0.421784 0.854138 0.420360
0 0.751586 0.395618 0.754796 0.397284 0.756440 0.399420 0.754939 0.404010 0.752760 0.405492 0.748219 0.406270 0.743430 0.406587 0.740613 0.406264 0.737703 0.404848 0.735172 0.400445 0.734794 0.397588 0.736177 0.394933 0.743941 0.394309
0 0.750290 0.231412 0.753148 0.233038 0.756644 0.236469 0.761263 0.249985 0.761197 0.257553 0.758874 0.263995 0.753159 0.266587 0.747914 0.267284 0.744730 0.268435 0.735193 0.270371 0.730756 0.270728 0.725119 0.270082 0.722210 0.268667 0.719314 0.265737 0.719144 0.262038 0.723254 0.258614 0.726948 0.256873 0.733184 0.252176 0.735220 0.249813 0.737164 0.246356 0.738051 0.242779 0.738026 0.239963 0.736408 0.234798 0.737399 0.230800 0.739527 0.229529
0 0.952383 0.221464 0.952475 0.222557 0.949630 0.225261 0.940001 0.226105 0.934299 0.227183 0.919281 0.227842 0.914754 0.227107 0.911596 0.225230 0.910474 0.220989 0.910553 0.217751 0.911793 0.214214 0.914676 0.212813 0.937274 0.215187 0.948182 0.217952 0.950792 0.219117
0 0.883064 0.186896 0.887552 0.186329 0.902087 0.189077 0.909067 0.191609 0.916425 0.196998 0.917404 0.200356 0.913450 0.203149 0.908544 0.205401 0.905113 0.206090 0.901237 0.205646 0.892666 0.200767 0.883260 0.193412 0.881472 0.190394
0 0.657858 0.085545 0.658588 0.088442 0.656617 0.094926 0.650328 0.099832 0.643961 0.102132 0.639420 0.102910 0.630301 0.103163 0.626529 0.102298 0.624182 0.100081 0.625003 0.098228 0.634685 0.091330 0.639487 0.089499 0.643544 0.086285 0.650173 0.082933 0.654400 0.083417
