0 0.471658 0.889981 0.472921 0.894468 0.471777 0.896701 0.470023 0.897810 0.464104 0.905889 0.461329 0.907830 0.457604 0.908927 0.452818 0.908618 0.443762 0.906604 0.439777 0.904342 0.438104 0.901813 0.438361 0.897057 0.443174 0.893446 0.451092 0.889575 0.457757 0.887376 0.462436 0.887124 0.466939 0.887992
0 0.539350 0.679403 0.542106 0.681400 0.543296 0.687626 0.542791 0.693273 0.541352 0.696089 0.537877 0.698608 0.529705 0.701380 0.525005 0.701632 0.521566 0.700196 0.518810 0.698201 0.516069 0.694229 0.515598 0.689705 0.517379 0.686609 0.521375 0.682678 0.526435 0.680166 0.534090 0.678803
0 0.268706 0.131746 0.271971 0.134091 0.274200 0.137298 0.276078 0.142820 0.276575 0.149489 0.273035 0.164235 0.268773 0.171150 0.268762 0.175202 0.266457 0.179816 0.264414 0.193974 0.262686 0.197431 0.261868 0.203496 0.259971 0.206083 0.259098 0.211855 0.257083 0.215886 0.254186 0.229726 0.247016 0.236024 0.240254 0.238282 0.222957 0.241904 0.216369 0.245029 0.212362 0.244999 0.208986 0.244108 0.205839 0.242353 0.202009 0.237130 0.193542 0.228694 0.189309 0.223464 0.186219 0.217953 0.180609 0.211842 0.180899 0.207221 0.183995 0.204642 0.186349 0.200324 0.187330 0.191077 0.190261 0.183578 0.197377 0.176976 0.208910 0.170405 0.214189 0.168708 0.216658 0.166990 0.218611 0.164689 0.222238 0.156606 0.225916 0.152868 0.234359 0.146848 0.240229 0.137906 0.244481 0.135040 0.262109 0.130826 0.265324 0.130851
0 0.345808 0.710066 0.347495 0.712618 0.346629 0.716282 0.338440 0.724980 0.328971 0.729151 0.317935 0.729362 0.314092 0.727926 0.312640 0.722555 0.313900 0.718894 0.318162 0.714404 0.324796 0.711906 0.334998 0.709431 0.344057 0.709207
0 0.008907 0.519138 0.014191 0.515753 0.022220 0.516094 0.026437 0.517263 0.028263 0.518417 0.031462 0.522429 0.031750 0.523856 0.028857 0.527255 0.025784 0.527804 0.018953 0.527472 0.013484 0.526010 0.009376 0.523417
0 0.663929 0.611719 0.668080 0.610613 0.675220 0.610661 0.678553 0.611534 0.683845 0.614405 0.690514 0.620401 0.703262 0.629269 0.712120 0.636409 0.713336 0.638682 0.713364 0.640947 0.712546 0.642923 0.710142 0.644889 0.704066 0.646263 0.696933 0.646216 0.684168 0.643584 0.677690 0.640710 0.671976 0.635575 0.666808 0.627043 0.662456 0.616529 0.662029 0.614259
0 0.910449 0.770921 0.914672 0.768135 0.919497 0.766478 0.931138 0.765427 0.932579 0.766843 0.939153 0.768291 0.943737 0.767477 0.952576 0.768377 0.965173 0.770427 0.982059 0.772222 0.990258 0.773962 1.000000 0.776075 1.000000 0.778407 1.000000 0.780400 1.000000 0.782985 1.000000 0.790657 1.000000 0.802858 1.000000 0.811348 1.000000 0.825725 1.000000 0.831061 1.000000 0.835259 1.000000 0.837204 1.000000 0.839398 1.000000 0.840446 1.000000 0.839826 1.000000 0.836943 1.000000 0.832670 1.000000 0.830944 1.000000 0.822943 0.998898 0.819530 0.994357 0.818379 0.990059 0.816387 0.985569 0.815517 0.970593 0.808965 0.958936 0.805521 0.945289 0.799818 0.941190 0.798949 0.936834 0.796674 0.932734 0.795805 0.923832 0.792377 0.913366 0.784720 0.909779 0.780199 0.908749 0.774568
0 0.885951 0.537130 0.887059 0.545383 0.882764 0.547912 0.865233 0.551771 0.858558 0.554282 0.828320 0.562316 0.823923 0.564275 0.811141 0.565892 0.804311 0.567549 0.801212 0.570084 0.792055 0.572009 0.784644 0.574799 0.780356 0.577326 0.772869 0.577559 0.760324 0.582583 0.756409 0.582840 0.752361 0.584516 0.745086 0.585886 0.740694 0.587842 0.736436 0.588381 0.731648 0.590335 0.729293 0.592589 0.724638 0.593125 0.709510 0.596996 0.700625 0.600340 0.693434 0.604262 0.689284 0.605368 0.683971 0.608735 0.677281 0.608973 0.673208 0.608379 0.661229 0.610000 0.656995 0.608554 0.652234 0.608522 0.643185 0.606760 0.631067 0.605544 0.627228 0.604100 0.623025 0.604922 0.621062 0.602924 0.596592 0.595099 0.591471 0.591091 0.591546 0.589389 0.594580 0.586571 0.598228 0.584892 0.600920 0.582355 0.607927 0.579564 0.613816 0.575059 0.616059 0.572234 0.627931 0.565781 0.632344 0.561833 0.644402 0.554241 0.687344 0.518689 0.691606 0.513878 0.694757 0.511622 0.696558 0.508502 0.706889 0.500026 0.710068 0.495774 0.715051 0.492673 0.718179 0.488134 0.725230 0.483335 0.737561 0.483421 0.742705 0.481176 0.752623 0.478964 0.764794 0.478193 0.776329 0.478274 0.800214 0.480722 0.821888 0.486290 0.830918 0.490060 0.839339 0.492683 0.854158 0.499909 0.865312 0.508816 0.867630 0.512818 0.874890 0.519984 0.879178 0.528266
0 0.761477 0.406466 0.764819 0.411640 0.768344 0.419960 0.770246 0.430265 0.769020 0.436544 0.760760 0.445627 0.748283 0.455535 0.740030 0.464611 0.726449 0.477070 0.719397 0.486146 0.709114 0.494912 0.705298 0.500015 0.700185 0.504538 0.697272 0.505943 0.693799 0.506489 0.686589 0.506154 0.683646 0.505279 0.676702 0.506370 0.659099 0.505679 0.640614 0.502415 0.637830 0.502396 0.624113 0.499166 0.620081 0.498853 0.609146 0.495642 0.591992 0.488966 0.584018 0.484632 0.577528 0.479738 0.574329 0.475436 0.574313 0.471156 0.582152 0.466358 0.598644 0.461050 0.610706 0.455424 0.623093 0.451513 0.639271 0.444485 0.646462 0.442535 0.650865 0.440567 0.654741 0.440022 0.657898 0.437759 0.673394 0.431294 0.681677 0.428780 0.685208 0.428519 0.689560 0.426263 0.693943 0.426294 0.697445 0.423745 0.706180 0.421520 0.712606 0.417562 0.733692 0.411132 0.740121 0.407172 0.746178 0.405499 0.757069 0.404146
0 0.718883 0.270961 0.737402 0.278295 0.747603 0.283838 0.761711 0.295450 0.773123 0.307610 0.781786 0.320028 0.791073 0.340195 0.794375 0.355998 0.794860 0.369477 0.792603 0.387510 0.789596 0.390638 0.786672 0.392048 0.778328 0.394279 0.772428 0.396813 0.761296 0.399024 0.752872 0.402971 0.746762 0.404358 0.737093 0.408009 0.733586 0.410559 0.729310 0.411100 0.711809 0.417556 0.708942 0.419252 0.705118 0.420082 0.703790 0.421503 0.697790 0.423462 0.695191 0.426588 0.686456 0.428813 0.677854 0.429610 0.673394 0.431294 0.670689 0.433848 0.663044 0.435509 0.661879 0.437787 0.654872 0.438595 0.649434 0.441414 0.641522 0.441643 0.638121 0.440476 0.623417 0.432083 0.621339 0.429496 0.614285 0.423727 0.606796 0.415665 0.604447 0.411641 0.604510 0.405632 0.606997 0.401929 0.608816 0.396789 0.616973 0.385103 0.620411 0.377964 0.626029 0.369692 0.632383 0.356833 0.636494 0.351125 0.642561 0.338828 0.644526 0.336545 0.645845 0.330812 0.649185 0.323081 0.651495 0.320512 0.669888 0.280098 0.676828 0.268056 0.680957 0.266647 0.688100 0.266412 0.693750 0.266742 0.702467 0.268535 0.707264 0.268570
0 0.806573 0.187387 0.811793 0.178754 0.818744 0.173025 0.826467 0.169324 0.834055 0.167068 0.840862 0.167120 0.867632 0.178023 0.871253 0.180363 0.879382 0.183316 0.883509 0.186237 0.888573 0.187720 0.901223 0.193594 0.912252 0.197143 0.914216 0.199179 0.915591 0.202367 0.916493 0.209591 0.915693 0.216222 0.911728 0.220810 0.909034 0.221366 0.863079 0.219001 0.829028 0.218456 0.818364 0.216933 0.812719 0.212272 0.808491 0.204445 0.806293 0.194608
0 0.969238 0.039626 0.975848 0.054216 0.978712 0.063537 0.984084 0.073456 0.985574 0.079564 0.979883 0.083584 0.968928 0.087272 0.964183 0.089846 0.948070 0.093784 0.942629 0.096933 0.928124 0.100881 0.920382 0.104592 0.913428 0.105988 0.899937 0.111104 0.889881 0.113055 0.888087 0.114201 0.883172 0.113583 0.873006 0.108285 0.862120 0.101239 0.856191 0.099452 0.846577 0.095025 0.827056 0.082391 0.827118 0.078326 0.829958 0.076316 0.849908 0.069209 0.858717 0.066954 0.876265 0.059827 0.886210 0.054964 0.889002 0.052659 0.894481 0.054157 0.901585 0.051305 0.918409 0.046785 0.929668 0.042512 0.931817 0.041075 0.941888 0.039119 0.945538 0.037111 0.949955 0.037146 0.952609 0.036295 0.957880 0.036627 0.962943 0.035795 0.966310 0.036694
1 0.360086 0.696035 0.362555 0.700572 0.360950 0.704516 0.356959 0.710421 0.354518 0.712099 0.353430 0.714633 0.348943 0.717992 0.346888 0.721648 0.342854 0.725291 0.340872 0.725278 0.338322 0.726390 0.334739 0.730317 0.334280 0.732007 0.331101 0.733961 0.326088 0.742672 0.320756 0.745739 0.315641 0.751908 0.308327 0.756935 0.307583 0.759184 0.303333 0.761692 0.300943 0.765621 0.296062 0.770942 0.295202 0.774597 0.294522 0.775156 0.290564 0.775131 0.289203 0.776248 0.288572 0.779060 0.282049 0.786055 0.272530 0.793874 0.271393 0.796117 0.258080 0.808689 0.257229 0.810371 0.253380 0.812876 0.249695 0.818193 0.244713 0.822940 0.243011 0.826301 0.227566 0.839965 0.222474 0.846110 0.211844 0.856146 0.205794 0.863403 0.201048 0.867300 0.170496 0.899898 0.167224 0.901278 0.165251 0.901266 0.162657 0.900130 0.155549 0.894206 0.151036 0.889415 0.141892 0.873383 0.127091 0.852814 0.123133 0.844931 0.105819 0.817852 0.101631 0.812766 0.092394 0.796392 0.076801 0.774051 0.068795 0.759911 0.061189 0.749711 0.058005 0.743768 0.048573 0.730444 0.045099 0.723081 0.034572 0.706346 0.028597 0.698394 0.027338 0.694144 0.023754 0.690161 0.007854 0.666571 0.003911 0.658899 0.004578 0.654371 0.007353 0.652407 0.012063 0.652154 0.020695 0.653628 0.025008 0.653373 0.049932 0.656937 0.054641 0.656685 0.062647 0.659003 0.067410 0.657052 0.071955 0.659914 0.075018 0.659368 0.080635 0.659688 0.101293 0.663790 0.118026 0.664183 0.131244 0.666818 0.136009 0.666849 0.148769 0.669198 0.157162 0.669536 0.165895 0.671574 0.170203 0.671319 0.174343 0.672196 0.179502 0.672230 0.192089 0.673727 0.200817 0.675765 0.207279 0.676373 0.213571 0.676132 0.216915 0.677002 0.229781 0.677935 0.235615 0.679388 0.252671 0.681480 0.267856 0.682146 0.284844 0.685933 0.290794 0.685972 0.299005 0.687439 0.315486 0.688678 0.339655 0.692793 0.344754 0.692543 0.350129 0.693709 0.353301 0.693730
1 0.183309 0.509795 0.184845 0.511515 0.185185 0.513228 0.183133 0.516919 0.163952 0.532456 0.158547 0.535266 0.152062 0.540633 0.148365 0.542031 0.142793 0.547970 0.135629 0.553896 0.123977 0.561214 0.119715 0.565735 0.107385 0.573614 0.099946 0.580100 0.090463 0.586288 0.077695 0.597848 0.074344 0.598962 0.068501 0.603465 0.066631 0.606008 0.061921 0.608248 0.050406 0.616117 0.029041 0.634128 0.019064 0.639731 0.014365 0.643953 0.011358 0.644783 0.007507 0.647308 0.004327 0.647287 0.001371 0.646417 0.000000 0.642424 0.000000 0.631045 0.000000 0.622518 0.000000 0.615970 0.000000 0.613117 0.000000 0.612257 0.000000 0.612246 0.000000 0.583234 0.000000 0.583245 0.000000 0.582399 0.000000 0.574716 0.000000 0.572712 0.000000 0.572701 0.000000 0.568429 0.000000 0.568442 0.000000 0.566750 0.000000 0.564737 0.000000 0.564726 0.000000 0.561592 0.000000 0.561039 0.000000 0.557064 0.000000 0.555085 0.000000 0.547098 0.000000 0.545091 0.000000 0.540518 0.000000 0.539929 0.000000 0.537077 0.000000 0.537088 0.000000 0.534824 0.000000 0.533666 0.000000 0.533653 0.000000 0.465364 0.000000 0.465987 0.000000 0.468032 0.000000 0.468640 0.000000 0.470107 0.000000 0.470135 0.000000 0.473026 0.000000 0.472771 0.000000 0.473651 0.000000 0.475970 0.007523 0.478899 0.009588 0.483198 0.010785 0.483206 0.012657 0.480648 0.017837 0.478686 0.023820 0.478728 0.053918 0.483792 0.066059 0.486731 0.073011 0.487636 0.080989 0.489689 0.113742 0.494197 0.126784 0.497711 0.136977 0.498922 0.150300 0.501868 0.160943 0.503367 0.167717 0.505410 0.179725 0.507774
1 0.091941 0.331374 0.092003 0.335685 0.088693 0.339111 0.072879 0.349913 0.061643 0.359595 0.057589 0.361289 0.050688 0.366692 0.045495 0.368664 0.042874 0.371515 0.040248 0.372357 0.037228 0.375205 0.032037 0.377176 0.022927 0.387436 0.018194 0.389696 0.002471 0.400764 0.000000 0.404179 0.000000 0.409556 0.000000 0.422898 0.000000 0.432237 0.000000 0.437915 0.000000 0.439608 0.000000 0.439591 0.000000 0.298733 0.000000 0.299669 0.000000 0.302639 0.000000 0.304166 0.000000 0.306525 0.000000 0.306278 0.000000 0.307163 0.000000 0.307198 0.000000 0.311351 0.019461 0.316754 0.028449 0.319696 0.030335 0.319134 0.041660 0.319792 0.050872 0.321874 0.059852 0.322802 0.065860 0.324859 0.089251 0.329917
0 0.935069 0.286086 0.940711 0.286416 0.944910 0.287597 0.957181 0.287112 0.966702 0.293510 0.969049 0.302150 0.969078 0.306748 0.967650 0.309899 0.962442 0.314170 0.958156 0.314713 0.953887 0.317554 0.950851 0.318393 0.945665 0.318355 0.937671 0.315999 0.931603 0.311071 0.922964 0.309571 0.920743 0.306106 0.921560 0.301801 0.926405 0.295513 0.927813 0.290059 0.931684 0.287212
0 1.000000 0.181123 1.000000 0.184075 1.000000 0.188156 1.000000 0.191346 1.000000 0.197705 1.000000 0.208371 1.000000 0.211525 1.000000 0.213514 1.000000 0.215166 1.000000 0.217456 1.000000 0.217146 0.987829 0.210995 0.982772 0.209514 0.977199 0.205142 0.975572 0.200511 0.981451 0.188714 0.984328 0.184691 0.987464 0.182114 0.992355 0.180417
0 0.694586 0.087745 0.713907 0.088186 0.719902 0.090266 0.725655 0.093214 0.729721 0.097889 0.731272 0.101963 0.731058 0.113855 0.728732 0.116447 0.724294 0.118442 0.721539 0.118711 0.717048 0.120415 0.707637 0.121502 0.691588 0.117029 0.686477 0.113220 0.683879 0.110010 0.683419 0.105364 0.685421 0.101027 0.686376 0.093198 0.690093 0.089454
0 0.045014 0.048349 0.055025 0.048137 0.067054 0.049978 0.075233 0.054701 0.084162 0.063210 0.086297 0.067883 0.085956 0.070208 0.088092 0.076913 0.085568 0.080383 0.074019 0.084945 0.069825 0.086076 0.060628 0.086295 0.051022 0.084476 0.042852 0.081794 0.037778 0.076521 0.034351 0.063402 0.034281 0.059036 0.037027 0.052654 0.040127 0.050058
0 0.047111 0.157297 0.051357 0.156460 0.066741 0.157157 0.071335 0.158061 0.078341 0.161012 0.083168 0.165104 0.086846 0.169476 0.087884 0.172669 0.093288 0.181684 0.092205 0.186306 0.090888 0.187743 0.081487 0.190854 0.077075 0.192845 0.075758 0.194283 0.073408 0.194554 0.069679 0.193948 0.067038 0.192769 0.060843 0.191855 0.056940 0.190379 0.052867 0.190059 0.047353 0.186545 0.045277 0.182188 0.041653 0.178108 0.039508 0.169405 0.039556 0.165640 0.041496 0.161310
0 0.770014 0.024663 0.772155 0.027591 0.771885 0.030500 0.768453 0.033674 0.758914 0.038547 0.756180 0.041143 0.748091 0.045152 0.743082 0.046276 0.737136 0.048847 0.733280 0.049689 0.728862 0.049654 0.718523 0.045792 0.706626 0.037843 0.695852 0.031645 0.692044 0.028412 0.689521 0.023443 0.689624 0.019658 0.693106 0.016773 0.697984 0.017103 0.706053 0.019497 0.712138 0.019836 0.719668 0.019314 0.724224 0.017894 0.727063 0.015877 0.731084 0.015909 0.749225 0.020713 0.766078 0.022885
0 0.538428 0.566593 0.542039 0.568890 0.550472 0.571505 0.555436 0.574663 0.561970 0.579820 0.564100 0.582674 0.568214 0.585541 0.581811 0.598688 0.585001 0.602965 0.585883 0.605523 0.588910 0.608947 0.590458 0.612928 0.590754 0.622851 0.589759 0.625961 0.583985 0.631024 0.575147 0.636630 0.554592 0.653481 0.550700 0.657983 0.538718 0.667806 0.531657 0.672284 0.527137 0.677627 0.500929 0.697802 0.492345 0.702548 0.485145 0.704196 0.474053 0.704123 0.462866 0.701509 0.451828 0.693526 0.432250 0.674175 0.425450 0.665645 0.421784 0.663073 0.416267 0.657094 0.411622 0.647438 0.409190 0.636941 0.408872 0.633256 0.410891 0.627317 0.420027 0.617173 0.430156 0.612137 0.440012 0.605678 0.445639 0.604013 0.447981 0.601759 0.453951 0.599813 0.474059 0.588879 0.478771 0.588627 0.479868 0.586079 0.483512 0.584400 0.486488 0.581297 0.492804 0.579068 0.508198 0.570365 0.523853 0.565073 0.532594 0.565132
0 0.465239 0.458114 0.474197 0.455035 0.481289 0.450515 0.492477 0.446592 0.501242 0.446654 0.510680 0.448149 0.516241 0.450189 0.523323 0.453953 0.530169 0.458570 0.535927 0.463750 0.538588 0.465196 0.546083 0.473241 0.554152 0.480145 0.562254 0.489329 0.575615 0.501110 0.579824 0.506554 0.584396 0.509719 0.595593 0.520619 0.605301 0.532072 0.608203 0.536929 0.611630 0.540367 0.615541 0.546367 0.617153 0.554907 0.615102 0.560863 0.611593 0.565386 0.603662 0.569593 0.592049 0.573207 0.584377 0.574575 0.574898 0.574795 0.561937 0.571298 0.558670 0.568719 0.548377 0.564671 0.530350 0.555452 0.514825 0.544824 0.511372 0.543378 0.507196 0.540220 0.490231 0.530427 0.484748 0.526689 0.480855 0.522961 0.456166 0.510257 0.452104 0.505669 0.444527 0.499345 0.440354 0.494184 0.438250 0.485328 0.438386 0.481905 0.442875 0.474232 0.454604 0.464893 0.462545 0.460665
0 0.337809 0.248242 0.342654 0.252605 0.350393 0.261599 0.358372 0.267711 0.365194 0.276117 0.368198 0.281323 0.381151 0.296676 0.383443 0.306475 0.382399 0.309344 0.378090 0.313913 0.372705 0.317036 0.363211 0.319554 0.338404 0.323398 0.322338 0.327017 0.302508 0.329746 0.286614 0.334228 0.275244 0.335294 0.263014 0.338078 0.258615 0.338046 0.250158 0.339709 0.237420 0.339904 0.227884 0.338110 0.222802 0.336637 0.213554 0.332259 0.207675 0.326756 0.200653 0.321530 0.191347 0.310820 0.189004 0.309077 0.184378 0.303864 0.180895 0.296354 0.179812 0.290876 0.180215 0.286848 0.185540 0.279397 0.191380 0.274543 0.203116 0.269154 0.216797 0.265508 0.222294 0.262954 0.230595 0.260421 0.237179 0.259317 0.246344 0.255060 0.251038 0.254518 0.262666 0.250567 0.270452 0.249472 0.278988 0.246073 0.284773 0.244962 0.292622 0.242136 0.306139 0.239640 0.319416 0.240028 0.326675 0.242390
0 0.283614 0.154758 0.292396 0.152507 0.299565 0.152273 0.306960 0.153198 0.319163 0.156188 0.329199 0.156265 0.350452 0.160483 0.358178 0.163147 0.365493 0.167835 0.369830 0.171630 0.383706 0.191696 0.388185 0.200403 0.401354 0.221014 0.405338 0.225085 0.408506 0.231171 0.416734 0.242774 0.423577 0.255514 0.427239 0.264187 0.427892 0.269668 0.426887 0.274845 0.425385 0.277426 0.416589 0.285711 0.409308 0.289401 0.401529 0.290495 0.395529 0.290450 0.390963 0.289553 0.379958 0.284289 0.378201 0.281397 0.374955 0.279069 0.372854 0.276461 0.365391 0.270933 0.358056 0.261945 0.354695 0.259037 0.341375 0.243942 0.339037 0.242194 0.332260 0.234064 0.329921 0.232315 0.327533 0.228255 0.324736 0.226213 0.317441 0.217495 0.312589 0.213126 0.295643 0.193921 0.292441 0.191873 0.289533 0.187223 0.278047 0.175562 0.275596 0.171202 0.275561 0.162806 0.277524 0.158478
0 0.518168 0.000000 0.521262 0.000000 0.523770 0.000000 0.528183 0.004679 0.528423 0.010219 0.525792 0.015444 0.514900 0.025845 0.506893 0.028112 0.497530 0.027455 0.494509 0.024228 0.493446 0.020723 0.494203 0.011987 0.496847 0.004721 0.501157 0.000000 0.507007 0.000000 0.510757 0.000000 0.514783 0.000000
0 0.964769 0.698573 0.966826 0.703385 0.966561 0.708462 0.957329 0.725040 0.949588 0.734571 0.944117 0.743551 0.934459 0.753345 0.930059 0.759510 0.927310 0.761744 0.922880 0.763404 0.917352 0.763369 0.909934 0.761633 0.900747 0.761011 0.871326 0.755473 0.866585 0.755443 0.853580 0.753388 0.824662 0.750668 0.821291 0.749520 0.812203 0.749462 0.807647 0.748306 0.805752 0.746604 0.804544 0.744343 0.803447 0.738419 0.805094 0.730255 0.808265 0.726047 0.813861 0.722136 0.818294 0.720473 0.835703 0.716354 0.846859 0.714735 0.858496 0.711425 0.887755 0.705127 0.893585 0.704600 0.902852 0.701273 0.918603 0.698836 0.934288 0.693858 0.947771 0.691970 0.952517 0.692001 0.959650 0.694306 0.962777 0.696303
0 0.898975 0.501929 0.901998 0.501095 0.911982 0.501450 0.915627 0.504038 0.924397 0.515203 0.931106 0.530330 0.932658 0.532332 0.939887 0.537216 0.940939 0.538644 0.952546 0.545832 0.954214 0.550674 0.953538 0.553511 0.951121 0.555483 0.946014 0.555732 0.904869 0.545221 0.897603 0.542328 0.893909 0.539459 0.892355 0.537458 0.891525 0.532902 0.892124 0.520957 0.894246 0.513002 0.894882 0.505603
0 0.780144 0.931012 0.780689 0.936043 0.773228 0.946607 0.767323 0.950758 0.761474 0.951002 0.753081 0.948160 0.750826 0.944518 0.748914 0.936410 0.748837 0.933896 0.750177 0.930552 0.758129 0.928924 0.771512 0.929005 0.775947 0.929590
0 0.972306 0.902840 0.989469 0.902106 0.997543 0.903274 1.000000 0.904692 1.000000 0.908062 1.000000 0.913372 1.000000 0.920898 0.997261 0.923391 0.992593 0.923642 0.979789 0.920212 0.975004 0.917669 0.970926 0.910378 0.970301 0.904784
0 0.922553 0.867276 0.925158 0.866452 0.940967 0.866830 0.945060 0.867695 0.948517 0.869397 0.950261 0.872487 0.949999 0.877524 0.948557 0.882554 0.945437 0.887012 0.940712 0.886983 0.935680 0.885273 0.932959 0.883298 0.927036 0.881023 0.922533 0.877915 0.920223 0.871742 0.920498 0.868943
0 0.826836 0.636041 0.827868 0.635198 0.832727 0.635797 0.837710 0.639227 0.847207 0.643535 0.856233 0.645293 0.869257 0.651605 0.878265 0.657604 0.879368 0.659308 0.880301 0.664404 0.879717 0.665530 0.876017 0.666919 0.866413 0.666291 0.844702 0.662189 0.837023 0.661290 0.831197 0.657576 0.828226 0.652182 0.826139 0.640848
0 0.779696 0.622981 0.785637 0.627270 0.787958 0.631251 0.790178 0.649666 0.788553 0.660121 0.783824 0.662353 0.779573 0.662890 0.769063 0.665931 0.743317 0.670003 0.736769 0.668829 0.730750 0.666245 0.727000 0.663108 0.727686 0.658305 0.736587 0.652989 0.746336 0.643714 0.751357 0.640917 0.753947 0.637820 0.767218 0.628280 0.771902 0.621512 0.776262 0.621542
0 0.780018 0.690872 0.793316 0.690111 0.797140 0.691549 0.806981 0.706293 0.808026 0.711943 0.807497 0.713350 0.802505 0.718395 0.798573 0.720627 0.793670 0.719748 0.789116 0.714359 0.780684 0.707251 0.777576 0.703279 0.776342 0.698754 0.776398 0.694801 0.777562 0.692550
0 0.760830 0.696111 0.765580 0.696142 0.775494 0.702701 0.783583 0.710091 0.786399 0.714624 0.793932 0.721161 0.796612 0.727100 0.795763 0.731041 0.792727 0.733840 0.784954 0.732380 0.775230 0.728935 0.766110 0.726620 0.760944 0.724331 0.754460 0.719211 0.752642 0.715815 0.751802 0.707062 0.753386 0.702839 0.756212 0.698904
0 0.962185 0.618821 0.968472 0.618580 0.978134 0.619494 0.983883 0.620665 0.988254 0.622960 0.989749 0.624669 0.990618 0.629488 0.989303 0.633161 0.986646 0.635973 0.982598 0.637644 0.976122 0.639016 0.970081 0.638410 0.967844 0.636980 0.963959 0.632992 0.959096 0.623615 0.958583 0.620779
0 0.968679 0.556171 0.975452 0.560763 0.978204 0.565041 0.977885 0.569866 0.976607 0.571560 0.973051 0.573807 0.966963 0.575185 0.958342 0.575694 0.954222 0.574814 0.952431 0.573667 0.949279 0.569387 0.946750 0.561987 0.947219 0.558013 0.951672 0.556339 0.958953 0.554968 0.964507 0.555006
0 0.911209 0.444690 0.918507 0.449881 0.920219 0.452749 0.920753 0.457890 0.918899 0.469574 0.917568 0.470992 0.917049 0.474695 0.911396 0.489480 0.910014 0.490610 0.905504 0.492004 0.887829 0.493020 0.870928 0.491763 0.867195 0.490882 0.865344 0.489444 0.864301 0.483735 0.865677 0.476047 0.869875 0.472939 0.875820 0.470699 0.888281 0.462798 0.888817 0.461375 0.893364 0.457982 0.900399 0.448611 0.901955 0.444054 0.906175 0.443227
0 0.931611 0.425693 0.935642 0.426008 0.938913 0.424316 0.966216 0.423653 0.977615 0.425163 0.983532 0.424919 0.991644 0.425834 0.999998 0.425893 1.000000 0.426766 1.000000 0.427117 1.000000 0.428289 1.000000 0.431753 1.000000 0.434619 1.000000 0.439744 1.000000 0.444307 1.000000 0.449996 1.000000 0.451966 0.992337 0.451828 0.976226 0.450573 0.952712 0.450122 0.943739 0.446633 0.941183 0.443474 0.938435 0.441456 0.932057 0.432554 0.930935 0.428546
0 0.927618 0.416804 0.931466 0.405105 0.933875 0.400831 0.938689 0.398862 0.945354 0.398336 0.977567 0.400571 0.990654 0.400378 1.000000 0.401896 1.000000 0.405078 1.000000 0.416289 1.000000 0.418022 1.000000 0.422615 1.000000 0.426606 1.000000 0.427156 1.000000 0.425610 0.981196 0.425188 0.978308 0.424596 0.974085 0.425423 0.968862 0.425101 0.966282 0.426225 0.961802 0.425622 0.956681 0.425871 0.952841 0.424415 0.947720 0.424665 0.937564 0.423449 0.931249 0.423690 0.929346 0.421962
0 0.806762 0.403928 0.811061 0.405676 0.813924 0.408271 0.814682 0.414569 0.813112 0.416847 0.808648 0.418531 0.803681 0.419639 0.800496 0.419616 0.796649 0.418159 0.791665 0.412689 0.789785 0.408957 0.789896 0.405238 0.797893 0.403292
0 0.720220 0.185286 0.724145 0.187050 0.729698 0.191138 0.741707 0.208561 0.745572 0.218694 0.746423 0.227645 0.741621 0.231936 0.736340 0.233627 0.733514 0.235626 0.724261 0.239593 0.719674 0.240712 0.713274 0.240664 0.709408 0.239194 0.704765 0.235699 0.702655 0.230779 0.705292 0.225606 0.708359 0.222743 0.712624 0.215559 0.713583 0.212102 0.713875 0.207196 0.712965 0.202280 0.711469 0.198513 0.707034 0.191833 0.706017 0.186335 0.707645 0.184324
0 0.932824 0.142648 0.933485 0.144100 0.931812 0.148141 0.921868 0.150669 0.916278 0.152942 0.900433 0.156003 0.895175 0.155674 0.890804 0.153615 0.887406 0.148090 0.885819 0.143734 0.885329 0.138808 0.887713 0.136510 0.913302 0.136417 0.926486 0.138546 0.929900 0.139730
0 0.840211 0.106290 0.844759 0.104875 0.861864 0.106458 0.870706 0.108847 0.881429 0.115019 0.884221 0.119388 0.881399 0.123714 0.877273 0.127450 0.873928 0.128873 0.869520 0.128839 0.857753 0.123531 0.843799 0.115018 0.840306 0.111221
0 0.543841 0.002471 0.546164 0.006279 0.547462 0.015325 0.543257 0.022866 0.537589 0.026899 0.533093 0.028610 0.523368 0.030281 0.518833 0.029662 0.515120 0.027012 0.515026 0.024390 0.521841 0.013665 0.526064 0.010491 0.528750 0.005558 0.534145 0.000061 0.538974 0.000100
