0 0.349609 0.401220 0.383403 0.386736 0.397589 0.392417 0.405407 0.401446 0.426985 0.441347 0.434879 0.465448 0.442422 0.529811 0.438376 0.552963 0.428388 0.554272 0.420494 0.530172 0.392336 0.506214 0.352388 0.511451 0.343196 0.505115 0.335881 0.485966 0.332689 0.458736 0.337530 0.427939
0 0.878683 0.560596 0.877385 0.578361 0.866389 0.599911 0.838093 0.603620 0.824197 0.600414 0.800238 0.583447 0.787931 0.564952 0.785900 0.547623 0.791687 0.539325 0.812745 0.531536 0.856312 0.528340 0.870788 0.536496
0 0.598228 0.215305 0.599678 0.227682 0.592302 0.251271 0.582316 0.252580 0.571458 0.246462 0.571672 0.233867 0.588240 0.216614
0 0.586821 0.045880 0.590364 0.032848 0.630891 0.032563 0.631548 0.052585 0.614689 0.067362 0.599129 0.064374
0 0.474001 0.626212 0.470825 0.656791 0.453600 0.654022 0.452943 0.634000 0.457067 0.625919
0 0.332291 0.873519 0.336781 0.882985 0.337147 0.900532 0.331359 0.908831 0.319998 0.912833 0.309645 0.896596 0.310149 0.886476 0.317020 0.873008
0 0.253954 0.753085 0.257940 0.772671 0.253465 0.821015 0.259772 0.860404 0.257894 0.873218 0.216297 0.936482 0.126125 0.945789 0.129591 0.917685 0.172776 0.839132 0.238180 0.762693
0 0.059029 0.358879 0.074375 0.374462 0.079155 0.386403 0.081552 0.421278 0.071138 0.447778 0.058983 0.459426 0.040673 0.461826 0.011140 0.440562 0.004116 0.423888 0.000345 0.391706 0.006636 0.373287 0.023495 0.358510 0.050126 0.355019
0 0.703867 0.684053 0.709654 0.675754 0.724635 0.673790 0.742729 0.683986 0.800192 0.683994 0.816623 0.694408 0.837910 0.731833 0.866816 0.848694 0.763909 0.864697 0.741828 0.834915 0.712357 0.770913 0.702064 0.711938
0 0.621300 0.441011 0.650176 0.442252 0.679999 0.465992 0.695133 0.494170 0.704478 0.530648 0.704051 0.555839 0.696965 0.581903 0.683725 0.598720 0.666287 0.608547 0.652391 0.605341 0.624446 0.568788 0.610977 0.540391 0.601922 0.506389 0.601265 0.486367 0.606687 0.460521
0 0.854756 0.111298 0.887540 0.391029 0.848600 0.376025 0.820732 0.354543 0.801186 0.331970 0.785473 0.298840 0.778082 0.264620 0.778220 0.236953 0.787474 0.200550 0.799843 0.176307 0.839058 0.135977
0 0.753711 0.056679 0.760736 0.073352 0.765164 0.125556 0.759392 0.191665 0.747313 0.218383 0.721261 0.226825 0.710404 0.220708 0.701578 0.231919 0.677985 0.232498 0.671907 0.238322 0.650269 0.241158 0.644696 0.236861 0.636800 0.212762 0.636572 0.167548 0.643077 0.136533 0.663983 0.098603 0.737570 0.048740 0.747848 0.049907
0 0.104352 0.154369 0.118035 0.170170 0.123684 0.189538 0.094823 0.246105 0.083462 0.250108 0.072604 0.243991 0.047485 0.217121 0.040384 0.185376 0.046676 0.166957 0.068527 0.151524 0.090166 0.148688
