0 0.518628 0.030278 0.507972 0.035123 0.497560 0.037771 0.495576 0.042065 0.500811 0.047410 0.506052 0.053183 0.510634 0.056514 0.515444 0.057210 0.518902 0.052169 0.520234 0.045863 0.520890 0.036684
0 0.171109 0.314461 0.177307 0.316539 0.186555 0.326798 0.191522 0.335929 0.192693 0.344509 0.186780 0.353236 0.186559 0.362791 0.184353 0.368693 0.184185 0.380274 0.186581 0.399460 0.177870 0.445456 0.174776 0.453584 0.169785 0.461436 0.165157 0.465137 0.158596 0.467210 0.152362 0.463782 0.150845 0.460029 0.139122 0.445543 0.136631 0.440639 0.133960 0.428983 0.133861 0.407272 0.131749 0.398892 0.130942 0.386160 0.133388 0.371378 0.144708 0.352672 0.147642 0.338466 0.150736 0.330338 0.157154 0.322861 0.167819 0.315161
0 0.014698 0.440074 0.019307 0.435698 0.029104 0.430899 0.036624 0.429301 0.040436 0.430528 0.044808 0.435031 0.049322 0.444938 0.063864 0.458825 0.069390 0.471233 0.070472 0.476436 0.072910 0.479313 0.080571 0.483118 0.084490 0.488397 0.089165 0.504382 0.091721 0.529645 0.091244 0.547404 0.086288 0.556607 0.077990 0.564484 0.073778 0.566058 0.065302 0.567181 0.060532 0.565478 0.056107 0.558948 0.051052 0.546440 0.046609 0.539235 0.037395 0.530328 0.025868 0.523270 0.018143 0.499105 0.013309 0.477042 0.010835 0.472814 0.008165 0.461157 0.008457 0.454304 0.010629 0.447051
1 0.988682 0.406427 0.913290 0.359220 0.898075 0.475965 0.912336 0.512364 0.991134 0.568498 0.990632 0.480413
0 0.821828 0.153720 0.826438 0.149344 0.838620 0.145396 0.846697 0.147075 0.854918 0.154156 0.864946 0.158137 0.866481 0.162564 0.866712 0.171344 0.863600 0.178797 0.855462 0.192751 0.853148 0.194601 0.847021 0.195225 0.834102 0.189142 0.827275 0.181086 0.822974 0.179283 0.819888 0.169752 0.819674 0.161648
0 0.777017 0.354083 0.789111 0.346758 0.796160 0.345260 0.801924 0.348788 0.808245 0.355594 0.816252 0.354571 0.818798 0.361500 0.818940 0.366903 0.816387 0.377633 0.809206 0.392063 0.803585 0.393937 0.781126 0.384450 0.776718 0.378595 0.774120 0.369640 0.774340 0.360085
0 0.256879 0.807617 0.260948 0.800640 0.264636 0.797140 0.275843 0.792041 0.294205 0.789496 0.303259 0.792325 0.312507 0.802584 0.318519 0.815567 0.319399 0.831000 0.316953 0.845782 0.311528 0.855085 0.305942 0.858310 0.300756 0.858733 0.296420 0.855580 0.288908 0.839519 0.279295 0.833413 0.272681 0.833461 0.264294 0.837961 0.259125 0.839059 0.253884 0.837457 0.251827 0.831103 0.252136 0.824925
0 0.635551 0.706066 0.640374 0.709795 0.644923 0.721052 0.646309 0.737736 0.644006 0.757921 0.641489 0.770001 0.639263 0.775228 0.633226 0.779228 0.629883 0.777901 0.619676 0.767167 0.606145 0.755782 0.599263 0.745699 0.598633 0.739721 0.600406 0.735269 0.620293 0.718818 0.628520 0.708240
0 0.896159 0.553550 0.899360 0.549474 0.904546 0.549050 0.922706 0.556735 0.934108 0.559065 0.947009 0.564472 0.950424 0.568500 0.951143 0.577855 0.946978 0.599115 0.943777 0.603191 0.939548 0.604090 0.916725 0.598755 0.912859 0.595502 0.902004 0.578114 0.895796 0.557702
0 0.957049 0.586787 0.959798 0.583486 0.964062 0.583938 0.977540 0.593297 0.989031 0.599004 0.993767 0.599355 0.994318 0.620291 0.981142 0.622413 0.977782 0.620411 0.965023 0.620407 0.961175 0.617829 0.957690 0.611099 0.956013 0.601269 0.955729 0.590463
0 0.037402 0.691960 0.041845 0.699166 0.041546 0.723678 0.040190 0.726004 0.033195 0.729528 0.025836 0.737205 0.021315 0.744957 0.017424 0.758688 0.014712 0.763339 0.011928 0.765289 0.004861 0.766113 0.000000 0.763659 0.000000 0.760781 0.000000 0.756929 0.000000 0.731841 0.000000 0.721012 0.000000 0.705079 0.001654 0.698202 0.013170 0.686925 0.018755 0.683700
0 0.243939 0.495929 0.247502 0.487701 0.250268 0.485075 0.261564 0.483353 0.283394 0.486862 0.294868 0.491893 0.304533 0.500026 0.307132 0.508981 0.307293 0.515059 0.306043 0.521437 0.300653 0.532091 0.295608 0.537917 0.286370 0.545993 0.281184 0.546417 0.275747 0.537385 0.267492 0.528953 0.265125 0.528777 0.260771 0.524949 0.253163 0.523171 0.248933 0.524070 0.246513 0.521868 0.243391 0.510986
0 0.397925 0.601059 0.401721 0.601610 0.406128 0.607464 0.408221 0.615169 0.409154 0.632628 0.404270 0.644533 0.401336 0.658739 0.402269 0.676198 0.400442 0.678624 0.393394 0.680123 0.384358 0.677969 0.373212 0.667434 0.366765 0.655901 0.366462 0.644420 0.368943 0.630989 0.373483 0.623912 0.388616 0.606433
0 0.682614 0.429840 0.688324 0.431343 0.692280 0.437973 0.700005 0.462138 0.700830 0.475545 0.698438 0.492353 0.694042 0.504832 0.684529 0.520437 0.678438 0.522411 0.662051 0.510275 0.645939 0.490609 0.643935 0.486281 0.642692 0.475000 0.645244 0.464271 0.647921 0.458268 0.660688 0.440614 0.668100 0.434963
0 0.755654 0.404126 0.765736 0.410133 0.772058 0.416938 0.775669 0.428395 0.776529 0.443153 0.775369 0.452908 0.771806 0.461136 0.760307 0.473088 0.754252 0.476413 0.743878 0.477260 0.735729 0.472880 0.729264 0.460672 0.726648 0.451041 0.726565 0.430005 0.727417 0.426428 0.731051 0.420902 0.747683 0.406500
0 0.794593 0.465121 0.799310 0.464797 0.803611 0.466599 0.811431 0.476482 0.822339 0.495896 0.828894 0.511481 0.831022 0.520536 0.831848 0.533943 0.829474 0.551426 0.821806 0.565281 0.813959 0.572382 0.797494 0.575203 0.786020 0.570172 0.778288 0.563666 0.765084 0.546778 0.757679 0.534769 0.755116 0.527164 0.754956 0.521086 0.757598 0.513733 0.775825 0.488126 0.786401 0.477049 0.790435 0.468721
0 0.243110 0.177590 0.241800 0.199601 0.238795 0.211106 0.233893 0.222335 0.222447 0.236313 0.209379 0.242487 0.202331 0.243985 0.194758 0.243558 0.178027 0.236248 0.169788 0.228492 0.162383 0.216483 0.158650 0.200299 0.158401 0.190844 0.161024 0.182815 0.164748 0.180666 0.173242 0.180218 0.175193 0.182520 0.180903 0.184023 0.186703 0.188902 0.199931 0.188807 0.216290 0.181933 0.225057 0.173957 0.228693 0.168431 0.237115 0.165282 0.240963 0.167859
0 0.316439 0.109029 0.321315 0.114784 0.322850 0.119212 0.322523 0.124714 0.319447 0.133518 0.317454 0.147524 0.316097 0.149850 0.310963 0.152300 0.308232 0.156276 0.306026 0.162178 0.305282 0.169807 0.303926 0.172132 0.286556 0.176504 0.284623 0.174878 0.278556 0.159868 0.270771 0.151336 0.266293 0.142780 0.264110 0.131699 0.266193 0.121069 0.273551 0.113392 0.280077 0.109968 0.308272 0.103974
0 0.570133 0.000000 0.573789 0.012215 0.573569 0.021770 0.571326 0.026322 0.564313 0.029171 0.559304 0.036348 0.554640 0.038697 0.544089 0.032791 0.534911 0.025234 0.532384 0.018980 0.531718 0.011651 0.532515 0.006048 0.535192 0.000046 0.545770 0.000000 0.554121 0.000000 0.566756 0.000000
0 0.593835 0.629363 0.602567 0.620036 0.606761 0.617787 0.614404 0.620916 0.620239 0.627146 0.623760 0.635226 0.625384 0.643030 0.625722 0.655862 0.622681 0.666016 0.616192 0.670792 0.607680 0.670564 0.603849 0.668662 0.594600 0.658403 0.590467 0.645020 0.590706 0.636141
0 0.191983 0.801718 0.193304 0.798042 0.196558 0.795992 0.213130 0.797223 0.221279 0.801603 0.225198 0.806882 0.225776 0.810834 0.214383 0.826838 0.210136 0.827062 0.203415 0.823058 0.193927 0.821679 0.192464 0.819953
0 0.216416 0.939822 0.216576 0.945900 0.214457 0.955179 0.209937 0.962932 0.207153 0.964882 0.197665 0.963503 0.190598 0.964326 0.188178 0.962124 0.186155 0.957121 0.185942 0.949017 0.187263 0.945340 0.194205 0.939790 0.211104 0.935518 0.214429 0.936169
0 0.048071 0.989191 0.047744 0.994694 0.044739 1.000000 0.038392 1.000000 0.033657 1.000000 0.025419 1.000000 0.023415 1.000000 0.023361 1.000000 0.025657 0.999389 0.034062 0.995565 0.044675 0.985838 0.047060 0.986690
0 0.046494 0.911426 0.048784 0.926559 0.048509 0.934088 0.046338 0.941341 0.040300 0.945341 0.033500 0.956295 0.029271 0.957194 0.024971 0.955391 0.020724 0.955615 0.015917 0.952562 0.014818 0.946683 0.016085 0.940981 0.022885 0.930028 0.029321 0.923226 0.032016 0.917899 0.038922 0.910998 0.044074 0.909224
0 0.011009 0.891804 0.011923 0.908588 0.007872 0.916241 0.000336 0.917163 0.000000 0.912831 0.000000 0.908879 0.000000 0.905778 0.000000 0.896152 0.002408 0.888199 0.007577 0.887101
0 0.039560 0.809671 0.044728 0.808573 0.050563 0.814803 0.056744 0.816206 0.059652 0.818983 0.061675 0.823986 0.060965 0.832966 0.058253 0.837617 0.055000 0.839667 0.048402 0.840390 0.041229 0.837161 0.036388 0.832757 0.034872 0.829005 0.034676 0.821576 0.036395 0.815098
0 0.731468 0.060192 0.733277 0.057091 0.738845 0.053191 0.754857 0.051145 0.764832 0.053100 0.778000 0.068637 0.781016 0.075466 0.782099 0.080669 0.781895 0.090900 0.778837 0.100378 0.775673 0.105805 0.771984 0.109306 0.760742 0.113054 0.749880 0.113325 0.738371 0.106943 0.729086 0.095334 0.725477 0.083877 0.725751 0.076349
0 0.671039 0.064678 0.675018 0.057170 0.675199 0.046462 0.669984 0.042239 0.657497 0.043556 0.653022 0.049845 0.653727 0.059027 0.658621 0.068656 0.666143 0.072388
0 0.682103 0.167667 0.683764 0.142647 0.683309 0.125406 0.686584 0.108709 0.687015 0.089955 0.680495 0.071333 0.665590 0.069171 0.661190 0.078106 0.658912 0.097260 0.655019 0.108085 0.652193 0.124020 0.652630 0.140594 0.657181 0.154960 0.658882 0.166599 0.660939 0.174162 0.668526 0.180550 0.674167 0.183351
0 0.636641 0.000000 0.637653 0.000000 0.638258 0.001906 0.634110 0.023841 0.630529 0.031394 0.627310 0.034794 0.621219 0.036769 0.617895 0.036117 0.604238 0.020004 0.597161 0.002493 0.596859 0.000000 0.601974 0.000000 0.606745 0.000000 0.613829 0.000000 0.621764 0.000000 0.631454 0.000000
0 0.600454 0.127433 0.609870 0.126110 0.618453 0.129040 0.621885 0.133743 0.625947 0.144425 0.628129 0.155506 0.629710 0.179619 0.626918 0.199229 0.620678 0.213459 0.614711 0.220160 0.607698 0.223009 0.603868 0.221107 0.594928 0.204671 0.590760 0.189937 0.587407 0.170276 0.587538 0.157344 0.589966 0.141887 0.593530 0.133659
0 0.641137 0.164966 0.646794 0.164442 0.652718 0.174049 0.657428 0.191385 0.655690 0.197187 0.646274 0.198510 0.641016 0.196232 0.638727 0.181098
0 0.638755 0.200108 0.643455 0.199109 0.654929 0.204140 0.660240 0.208444 0.661286 0.212297 0.661031 0.220501 0.659745 0.225528 0.656128 0.231730 0.651483 0.234755 0.646295 0.235179 0.640514 0.230974 0.639015 0.227897 0.637303 0.216716 0.637071 0.207937
0 0.499888 0.202463 0.512487 0.196389 0.517726 0.197992 0.525965 0.205748 0.527570 0.212878 0.533583 0.225861 0.535171 0.232315 0.535438 0.242445 0.534117 0.246122 0.530393 0.248272 0.523779 0.248319 0.517545 0.244891 0.504865 0.229929 0.501867 0.223775 0.498186 0.209616 0.498114 0.206915
0 0.484228 0.182022 0.489956 0.184200 0.495480 0.196609 0.497574 0.204313 0.497752 0.211067 0.499862 0.219447 0.502860 0.225601 0.505078 0.238033 0.506391 0.252016 0.504601 0.255792 0.500841 0.256591 0.490742 0.249909 0.481458 0.238300 0.475410 0.223966 0.474327 0.218763 0.473953 0.204581 0.474787 0.200329 0.480088 0.186298
0 0.515558 0.027487 0.510853 0.019448 0.505794 0.009332 0.501381 0.012422 0.498433 0.025532 0.498971 0.034456 0.501297 0.031809 0.504846 0.030192 0.510527 0.029847 0.513539 0.030497
0 0.468279 0.025137 0.472961 0.023462 0.476321 0.025465 0.481704 0.032470 0.484213 0.038049 0.485544 0.052707 0.481999 0.061610 0.477805 0.063860 0.472601 0.063608 0.467795 0.060555 0.463352 0.053350 0.461693 0.044194 0.461896 0.033964 0.465043 0.027862
0 0.390429 0.101450 0.396086 0.100927 0.400475 0.106106 0.410913 0.125619 0.423106 0.140006 0.434199 0.148514 0.444245 0.153169 0.449105 0.158249 0.450115 0.160750 0.449425 0.170405 0.444903 0.178157 0.443042 0.179232 0.430258 0.196212 0.426100 0.199812 0.421418 0.201487 0.416107 0.197183 0.413145 0.192379 0.406555 0.175443 0.397112 0.157756 0.391497 0.141971 0.389059 0.139094 0.384491 0.127161 0.383160 0.112503 0.385837 0.106501
0 0.468154 0.289347 0.471895 0.287873 0.477801 0.296804 0.485099 0.304761 0.486271 0.313340 0.484045 0.318567 0.479382 0.320917 0.475551 0.319015 0.469485 0.304005 0.467897 0.297551
0 0.292113 0.243915 0.294825 0.239264 0.302708 0.233513 0.308834 0.232890 0.312213 0.235568 0.319635 0.248252 0.334826 0.268792 0.358254 0.297089 0.362715 0.304970 0.363814 0.310848 0.362964 0.314425 0.357343 0.316299 0.349282 0.315296 0.310596 0.299750 0.306206 0.294571 0.296567 0.269455 0.291857 0.252119
0 0.249792 0.323542 0.256734 0.317991 0.266620 0.316569 0.281145 0.329781 0.288585 0.343140 0.294883 0.366929 0.295239 0.380436 0.293519 0.386914 0.290806 0.391566 0.286196 0.395941 0.281045 0.397715 0.269154 0.394810 0.267204 0.392508 0.263088 0.379800 0.255250 0.369242 0.249468 0.365038 0.244715 0.364011 0.242764 0.361709 0.241212 0.356606 0.241344 0.343675 0.244349 0.332170
0 0.896050 0.154920 0.899285 0.152195 0.906804 0.150597 0.914430 0.153050 0.923156 0.161382 0.939915 0.187702 0.952162 0.204114 0.954742 0.212394 0.954903 0.218472 0.952261 0.225825 0.945700 0.227899 0.940948 0.226872 0.929474 0.221841 0.921254 0.214759 0.897000 0.173055 0.894437 0.165450 0.894277 0.159372
0 0.746780 0.139112 0.749546 0.136487 0.756071 0.133063 0.779258 0.134246 0.790696 0.137926 0.797018 0.144732 0.799997 0.150211 0.801816 0.165444 0.799282 0.176849 0.792935 0.187027 0.784565 0.192202 0.768463 0.190871 0.760332 0.187167 0.751536 0.176133 0.744477 0.159297 0.743233 0.148016
0 0.920852 0.450505 0.928174 0.441478 0.937484 0.436103 0.952503 0.432231 0.957274 0.433934 0.968819 0.441666 0.978156 0.455302 0.985430 0.480242 0.985209 0.489797 0.978010 0.503551 0.968701 0.508926 0.955995 0.510948 0.941161 0.503914 0.932453 0.496257 0.924561 0.483673 0.921004 0.474242 0.919887 0.467688 0.919602 0.456883
0 0.905999 0.442796 0.910477 0.451352 0.911589 0.475565 0.909000 0.484944 0.905782 0.488344 0.901970 0.487117 0.897853 0.474410 0.897676 0.467656 0.903215 0.444746
0 0.547531 0.324767 0.551254 0.322617 0.555501 0.322393 0.567463 0.328000 0.572375 0.335105 0.579958 0.353867 0.582860 0.374304 0.583234 0.388486 0.581710 0.402393 0.578236 0.413997 0.574618 0.420200 0.570912 0.423025 0.565744 0.424123 0.561461 0.422997 0.556149 0.418693 0.544319 0.400154 0.536612 0.376665 0.535864 0.348300 0.539304 0.335344
0 0.561632 0.447409 0.566871 0.449012 0.571421 0.460269 0.572646 0.470875 0.571486 0.480629 0.567274 0.482204 0.559649 0.479750 0.553397 0.475646 0.550941 0.472093 0.550816 0.467366 0.553910 0.459238 0.558413 0.450810
0 0.523757 0.390943 0.531799 0.391270 0.539061 0.397876 0.547079 0.415188 0.550397 0.433498 0.550176 0.443053 0.546630 0.451956 0.544095 0.463361 0.540912 0.468113 0.532126 0.475414 0.524537 0.474311 0.518232 0.468180 0.512707 0.455772 0.509407 0.438137 0.509449 0.421829 0.513233 0.404046 0.520503 0.392993
0 0.454181 0.386717 0.458862 0.385043 0.462675 0.386270 0.468457 0.390474 0.474363 0.399405 0.480279 0.426672 0.481052 0.438053 0.479802 0.444430 0.474668 0.446880 0.468471 0.444802 0.464135 0.441649 0.459204 0.433868 0.457110 0.426164 0.451151 0.415206 0.449998 0.407302 0.450581 0.393595
0 0.396259 0.430271 0.401411 0.428496 0.404771 0.430499 0.427456 0.466424 0.452835 0.497023 0.465861 0.507158 0.473159 0.515114 0.477185 0.524446 0.477434 0.533901 0.473889 0.542804 0.471141 0.546105 0.466947 0.548354 0.445765 0.551499 0.413586 0.531853 0.405818 0.523997 0.401304 0.514090 0.394412 0.485673 0.390268 0.453956 0.391340 0.440824
0 0.541450 0.524367 0.553625 0.538078 0.557598 0.545383 0.559655 0.551737 0.559904 0.561192 0.557680 0.566419 0.542315 0.575118 0.534344 0.577492 0.530026 0.575014 0.528979 0.571162 0.528189 0.559105 0.528915 0.550801 0.535394 0.527692 0.536751 0.525366
0 0.506954 0.560224 0.511415 0.568104 0.514626 0.582363 0.518733 0.612730 0.521539 0.647448 0.517523 0.656452 0.499046 0.672604 0.492991 0.675928 0.489666 0.675277 0.485205 0.667397 0.480877 0.646584 0.480759 0.624198 0.486520 0.591733 0.490464 0.580028 0.501315 0.561423
0 0.845179 0.588992 0.842636 0.583766 0.828248 0.600660 0.830098 0.610059 0.837364 0.611971 0.842825 0.606199 0.843443 0.599154
0 0.849470 0.599605 0.859942 0.601413 0.875471 0.612516 0.890177 0.638199 0.892137 0.651609 0.888676 0.672516 0.874702 0.689890 0.857024 0.688460 0.845594 0.665538 0.837937 0.633744 0.841399 0.612845
0 0.754528 0.684170 0.760566 0.680169 0.765337 0.681872 0.784340 0.703639 0.794511 0.713023 0.798013 0.720428 0.798245 0.729207 0.794735 0.739461 0.789203 0.744712 0.777889 0.745759 0.769306 0.742830 0.762514 0.736124 0.759897 0.726493 0.753575 0.719687 0.750453 0.708806 0.750168 0.698000
0 0.750577 0.713533 0.754062 0.720263 0.755738 0.730093 0.753061 0.736096 0.747422 0.737294 0.741172 0.733190 0.740018 0.725286 0.743094 0.716482
0 0.713585 0.618847 0.717327 0.617373 0.720182 0.618124 0.725512 0.623104 0.728039 0.629358 0.728199 0.635436 0.726426 0.639888 0.721275 0.641662 0.715023 0.637558 0.712496 0.631303 0.712247 0.621849
0 0.710869 0.587506 0.716039 0.586407 0.723752 0.592237 0.726696 0.596365 0.726370 0.601868 0.724108 0.605744 0.721307 0.607019 0.716555 0.605992 0.709601 0.593208
0 0.635098 0.796487 0.638911 0.797714 0.643300 0.802893 0.656593 0.823158 0.669594 0.850277 0.672211 0.859907 0.672425 0.868011 0.668498 0.880391 0.642399 0.930083 0.638259 0.934359 0.629801 0.936157 0.618904 0.935078 0.612200 0.931749 0.609273 0.928296 0.606258 0.921467 0.605973 0.910661 0.608181 0.904759 0.609437 0.880722 0.611121 0.872894 0.611289 0.861313 0.613265 0.846631 0.619309 0.824972 0.626782 0.803688 0.630435 0.798837
0 0.222735 0.910634 0.227868 0.908185 0.240175 0.908964 0.245451 0.911917 0.249371 0.917196 0.254515 0.933081 0.265262 0.946417 0.270788 0.958825 0.271870 0.964028 0.271268 0.977059 0.272004 0.987090 0.277673 1.000000 0.278498 1.000000 0.275565 1.000000 0.271496 1.000000 0.265964 1.000000 0.265094 1.000000 0.233611 1.000000 0.218455 1.000000 0.217807 1.000000 0.221645 1.000000 0.221617 0.993726 0.218912 0.980719 0.213927 0.970912 0.213749 0.964158 0.217462 0.943674 0.216434 0.940497 0.216007 0.924289 0.218160 0.916360
0 0.341261 0.889512 0.348530 0.878459 0.354080 0.873884 0.358291 0.872309 0.375839 0.874691 0.388758 0.880774 0.397102 0.892583 0.402300 0.910494 0.404030 0.922350 0.402453 0.934231 0.397950 0.942658 0.393792 0.946259 0.390520 0.947634 0.381449 0.944129 0.378036 0.940101 0.372545 0.929043 0.364219 0.917910 0.356974 0.911979 0.346024 0.908874 0.341671 0.905046 0.340641 0.901869 0.340409 0.893089
0 0.447241 0.697199 0.448704 0.698926 0.451738 0.706431 0.451951 0.714535 0.450161 0.718311 0.447847 0.720161 0.441197 0.718858 0.437242 0.712228 0.438039 0.706626 0.443030 0.698774
0 0.419812 0.732233 0.424059 0.732009 0.425992 0.733636 0.429513 0.741716 0.429000 0.758124 0.425836 0.763551 0.420666 0.764650 0.415896 0.762947 0.409068 0.754891 0.408836 0.746112 0.409723 0.743886
0 0.693243 0.779373 0.697419 0.776448 0.705877 0.774650 0.712528 0.775953 0.733197 0.789216 0.739537 0.796697 0.749487 0.815635 0.750606 0.822189 0.750926 0.834345 0.750074 0.837922 0.742317 0.848400 0.736750 0.852300 0.732520 0.853199 0.726358 0.852471 0.716800 0.848391 0.706176 0.839783 0.698374 0.830576 0.691296 0.813065 0.689565 0.801208 0.689263 0.789727
0 0.500766 0.935064 0.503549 0.933114 0.508754 0.933366 0.514137 0.940371 0.527440 0.978970 0.528249 0.991702 0.513681 0.994799 0.512617 0.990271 0.498472 0.973583 0.494429 0.963576 0.493727 0.954897 0.496696 0.942041
0 0.469712 0.814667 0.474411 0.813668 0.480210 0.818547 0.482738 0.824801 0.480530 0.830704 0.478235 0.833229 0.474023 0.834804 0.466779 0.828873 0.465768 0.826371 0.466130 0.822220
0 0.519499 0.731416 0.519730 0.740195 0.518206 0.754102 0.516070 0.762706 0.512436 0.768232 0.507284 0.770006 0.488381 0.769950 0.484098 0.768823 0.476872 0.763568 0.479424 0.752838 0.482101 0.746836 0.491649 0.732582 0.498573 0.726356 0.507971 0.724358 0.517025 0.727188
