0 0.132928 0.623754 0.133978 0.624318 0.138078 0.631214 0.140100 0.632635 0.145933 0.643068 0.150139 0.647513 0.148728 0.652461 0.144619 0.653014 0.141010 0.651822 0.135466 0.648916 0.133410 0.646550 0.131888 0.643383 0.129268 0.633429 0.129127 0.629669 0.130082 0.625242
0 0.048378 0.429479 0.050047 0.429850 0.054722 0.434278 0.059029 0.441089 0.068448 0.448744 0.075311 0.451824 0.083070 0.453873 0.093476 0.459299 0.095794 0.461676 0.095968 0.466354 0.091977 0.468855 0.082951 0.468053 0.079741 0.468872 0.076299 0.468403 0.074306 0.467027 0.064640 0.465460 0.059664 0.463103 0.055739 0.459137 0.052977 0.454205 0.051156 0.452257 0.046277 0.442238 0.044888 0.441927
0 0.231808 0.847651 0.232364 0.852194 0.231640 0.855774 0.225916 0.873417 0.214786 0.891475 0.210762 0.895727 0.208901 0.896795 0.205229 0.897690 0.201979 0.897130 0.199846 0.895931 0.196803 0.895740 0.190305 0.896811 0.177111 0.895450 0.168902 0.892930 0.162752 0.889715 0.157596 0.885211 0.155293 0.881476 0.154189 0.874637 0.155115 0.861796 0.158463 0.845854 0.162503 0.838191 0.165665 0.834657 0.169556 0.832872 0.173200 0.831956 0.180032 0.832810 0.188151 0.832439 0.206844 0.835145 0.219941 0.839202 0.224721 0.842023 0.228395 0.843300
0 0.103763 0.950613 0.098399 0.953269 0.092475 0.954108 0.090494 0.949698 0.093448 0.946928 0.100865 0.948432 0.106136 0.949892 0.106776 0.944819 0.097918 0.936019 0.091560 0.931783 0.084981 0.930246 0.077119 0.936068 0.072676 0.945029 0.073924 0.951985 0.078594 0.960170 0.085829 0.964118 0.092340 0.965936 0.098375 0.963757 0.102935 0.957291 0.103855 0.953129
0 0.522107 0.712246 0.519344 0.718914 0.508788 0.724076 0.496047 0.722145 0.488843 0.713475 0.488959 0.701189 0.501111 0.691783 0.511670 0.693155 0.519334 0.700389 0.518940 0.705697 0.512818 0.703841 0.506689 0.704683 0.505307 0.709357 0.509057 0.712575 0.515403 0.711020 0.518073 0.711278
0 0.383850 0.765008 0.385049 0.772967 0.384305 0.784267 0.382802 0.793781 0.379360 0.806626 0.373742 0.811574 0.368402 0.813399 0.353544 0.815016 0.320667 0.811048 0.313508 0.809531 0.307965 0.806843 0.303210 0.799297 0.301727 0.793540 0.301702 0.790370 0.302973 0.780567 0.305517 0.768553 0.309069 0.757417 0.312121 0.753433 0.313642 0.752547 0.315876 0.752472 0.318331 0.750551 0.324537 0.749881 0.327280 0.750249 0.330751 0.749212 0.334509 0.750466 0.342551 0.751202 0.353525 0.753938 0.359604 0.753862 0.366361 0.755864 0.370407 0.756235 0.381858 0.761958
0 0.387774 0.693537 0.392736 0.694100 0.400738 0.696357 0.411572 0.702178 0.415720 0.706705 0.420272 0.708771 0.423974 0.709350 0.430081 0.712756 0.436536 0.717211 0.438766 0.720643 0.442256 0.723098 0.445170 0.728624 0.445350 0.735731 0.439911 0.749802 0.434992 0.756607 0.432805 0.761839 0.429199 0.766393 0.420324 0.773474 0.414932 0.775330 0.408745 0.774424 0.401416 0.771952 0.390529 0.764121 0.384336 0.762257 0.381571 0.759654 0.369189 0.752746 0.367538 0.750743 0.363544 0.749113 0.362068 0.746518 0.361782 0.744219 0.357642 0.738736 0.359745 0.727164 0.362196 0.722039 0.366398 0.716383 0.368122 0.712665 0.374476 0.704022 0.377906 0.701030 0.379286 0.698496 0.381898 0.697217 0.383404 0.695350
0 0.422564 0.574511 0.424573 0.577533 0.430366 0.583026 0.431790 0.591364 0.429456 0.600439 0.426883 0.605930 0.420673 0.615054 0.418943 0.616571 0.415599 0.622510 0.413182 0.624183 0.410541 0.627722 0.407351 0.629850 0.404600 0.630483 0.401239 0.633208 0.396519 0.634012 0.394973 0.634925 0.389285 0.633583 0.386045 0.631543 0.382199 0.631593 0.380967 0.630346 0.376576 0.628993 0.373432 0.626659 0.373568 0.625098 0.370898 0.622239 0.369220 0.617068 0.369281 0.613580 0.367928 0.611671 0.369377 0.603413 0.372577 0.594602 0.373607 0.593249 0.376379 0.593573 0.377123 0.589922 0.378936 0.585880 0.385194 0.581903 0.391123 0.576888 0.393566 0.576173 0.398382 0.572808 0.403540 0.570477 0.410456 0.569820 0.417070 0.571333
0 0.478953 0.570673 0.479069 0.573597 0.477384 0.579331 0.475013 0.582974 0.470121 0.586362 0.461070 0.588468 0.451617 0.587584 0.443141 0.585638 0.433445 0.580207 0.431558 0.577852 0.430764 0.572862 0.431303 0.568820 0.433187 0.563481 0.437272 0.558319 0.441087 0.556296 0.451918 0.554576 0.460548 0.554921 0.468927 0.556171 0.474608 0.560029 0.477287 0.564176
0 0.500256 0.461607 0.506267 0.467744 0.509309 0.472923 0.510295 0.477335 0.509418 0.485863 0.507723 0.491629 0.502687 0.499889 0.497628 0.504908 0.494864 0.506557 0.492397 0.510529 0.490424 0.511705 0.488797 0.513924 0.483143 0.518794 0.477468 0.520433 0.474639 0.520126 0.472686 0.519049 0.468936 0.520790 0.462808 0.520714 0.459392 0.518026 0.456270 0.517654 0.453692 0.513227 0.450662 0.512555 0.450106 0.511148 0.448162 0.510075 0.447519 0.508970 0.447922 0.506492 0.445941 0.504450 0.446178 0.500331 0.447853 0.494602 0.449378 0.492691 0.450199 0.493192 0.449961 0.497313 0.452802 0.500829 0.452487 0.503007 0.453739 0.504247 0.455089 0.502939 0.455466 0.497240 0.454882 0.492616 0.456295 0.487788 0.455661 0.484437 0.454399 0.485446 0.452469 0.489839 0.450816 0.491081 0.448696 0.490616 0.448444 0.489276 0.449325 0.486260 0.451897 0.482972 0.453309 0.478142 0.454357 0.476766 0.455835 0.476124 0.460458 0.471348 0.465770 0.468645 0.476335 0.461281 0.487816 0.458605 0.494407 0.459380
0 0.414186 0.406616 0.419702 0.412902 0.422600 0.418317 0.422376 0.420189 0.423393 0.423286 0.422794 0.430838 0.418785 0.440218 0.414677 0.444451 0.409933 0.447583 0.406319 0.449039 0.401295 0.449870 0.391924 0.448160 0.382979 0.441761 0.381287 0.438846 0.380875 0.435890 0.382924 0.427727 0.381693 0.426507 0.381368 0.423249 0.383804 0.414847 0.386902 0.410725 0.394240 0.406223 0.400804 0.404422 0.403377 0.404328
0 0.905133 0.205194 0.913888 0.201743 0.924108 0.203928 0.935953 0.210113 0.940285 0.213257 0.957097 0.231159 0.964381 0.253769 0.967024 0.274191 0.966720 0.277513 0.964530 0.283519 0.959084 0.288572 0.954379 0.290046 0.950260 0.289605 0.940278 0.286371 0.933177 0.283010 0.925529 0.276857 0.916153 0.266017 0.906347 0.249740 0.905748 0.245935 0.902933 0.239034 0.899544 0.223643 0.899493 0.214573 0.901365 0.209545
0 0.327634 0.000000 0.339497 0.000000 0.347909 0.000000 0.352392 0.000000 0.355174 0.000000 0.357268 0.000000 0.356244 0.004022 0.358088 0.008464 0.355407 0.017844 0.353912 0.019809 0.351614 0.021316 0.346355 0.022310 0.339228 0.025514 0.333010 0.026652 0.329086 0.026287 0.326270 0.024216 0.323199 0.023051 0.318337 0.018414 0.314743 0.013684 0.312144 0.011972 0.310895 0.009860 0.311041 0.006094 0.315938 0.000000 0.319335 0.000000 0.324587 0.000000
0 0.361875 0.128234 0.372635 0.128939 0.383955 0.133245 0.387266 0.137040 0.392266 0.153579 0.393292 0.162057 0.390852 0.170526 0.387068 0.174914 0.373098 0.178649 0.370704 0.180423 0.362783 0.181787 0.356890 0.179402 0.354862 0.177747 0.350238 0.169891 0.347063 0.168976 0.344495 0.165955 0.344050 0.162066 0.344677 0.155522 0.346626 0.147639 0.349117 0.141122 0.353649 0.134024 0.357061 0.130843
1 0.168838 0.073475 0.169849 0.075215 0.173548 0.078068 0.176227 0.081359 0.181564 0.084826 0.183842 0.087425 0.186621 0.088245 0.189940 0.095716 0.193739 0.098286 0.195736 0.100838 0.206042 0.109298 0.213081 0.116542 0.216948 0.117884 0.219723 0.123094 0.233915 0.134196 0.236929 0.135386 0.238655 0.137905 0.239137 0.140505 0.241661 0.141292 0.242397 0.142998 0.239380 0.156863 0.236197 0.163786 0.236234 0.172260 0.237079 0.176813 0.235053 0.183951 0.229089 0.193147 0.230101 0.197105 0.223087 0.226128 0.223364 0.228375 0.221260 0.235791 0.219037 0.250066 0.205276 0.303919 0.202820 0.316859 0.193177 0.352971 0.190225 0.360155 0.190703 0.362754 0.190189 0.366706 0.181989 0.397726 0.180082 0.409794 0.174911 0.428003 0.173017 0.430394 0.172255 0.435214 0.167699 0.439510 0.163443 0.441685 0.152099 0.445399 0.148224 0.447338 0.141799 0.448708 0.128465 0.455365 0.122913 0.456916 0.100034 0.465723 0.096332 0.466126 0.092702 0.468400 0.082823 0.469568 0.080569 0.471220 0.075715 0.472591 0.072661 0.474985 0.064487 0.478679 0.060649 0.479655 0.054969 0.482981 0.050026 0.483700 0.036638 0.489250 0.033540 0.489768 0.031599 0.489323 0.139672 0.103866 0.141090 0.104129 0.143986 0.101251 0.157274 0.079458 0.160015 0.077159 0.161534 0.074948 0.165499 0.072557
1 0.919441 0.731341 0.924967 0.731955 0.939401 0.739705 0.941407 0.740174 0.935872 0.758107 0.934202 0.757714 0.928591 0.752684 0.925557 0.748602 0.918751 0.746331 0.915809 0.744294 0.915637 0.740215 0.917281 0.734877
1 0.958818 0.520865 0.963127 0.523128 0.970934 0.529178 0.984788 0.543632 0.990078 0.547471 0.996858 0.554683 0.998548 0.555045 0.984720 0.599847 0.983034 0.599478 0.971559 0.601704 0.967231 0.601770 0.951130 0.606342 0.946052 0.606574 0.938724 0.608334 0.927639 0.609594 0.922542 0.608804 0.918083 0.604790 0.917106 0.599862 0.920890 0.585211 0.923480 0.581399 0.925416 0.575086 0.926762 0.573022 0.930260 0.559294 0.932716 0.554769 0.933600 0.549568 0.936197 0.545744 0.941460 0.534393 0.945498 0.530531 0.950510 0.523495 0.953830 0.520822
1 0.918445 0.466903 0.920195 0.469284 0.923806 0.471379 0.928505 0.475721 0.934362 0.478622 0.938974 0.483290 0.947089 0.487004 0.956016 0.493930 0.958689 0.496853 0.968603 0.502984 0.971196 0.503866 0.988619 0.518360 0.993630 0.520772 0.997141 0.524563 1.000000 0.527155 1.000000 0.530809 1.000000 0.531167 1.000000 0.544225 0.999421 0.544039 0.997240 0.545270 0.995625 0.549333 0.997742 0.551820 0.999432 0.552181 0.952982 0.702675 0.951306 0.702290 0.946442 0.707587 0.935823 0.717622 0.929305 0.722517 0.925947 0.726454 0.920785 0.729295 0.917175 0.727108 0.914149 0.712606 0.914000 0.703821 0.912531 0.692380 0.912675 0.661795 0.910941 0.636175 0.911545 0.619155 0.909723 0.601937 0.908764 0.563395 0.907448 0.550334 0.906907 0.513917 0.905987 0.507673 0.906641 0.499745 0.906408 0.478525 0.905573 0.474319 0.907684 0.469716 0.910729 0.469003 0.913722 0.469624
0 0.172940 0.977393 0.177052 0.973850 0.181491 0.971329 0.184488 0.970596 0.194329 0.973008 0.196460 0.974224 0.204814 0.981865 0.212330 0.987087 0.215239 0.991032 0.220737 1.000000 0.220894 1.000000 0.218969 1.000000 0.207720 1.000000 0.201206 1.000000 0.190645 1.000000 0.182494 1.000000 0.179964 1.000000 0.177662 1.000000 0.169724 0.989613 0.169629 0.984590
0 0.454236 0.156427 0.457089 0.157597 0.462360 0.161462 0.465462 0.166211 0.466261 0.171177 0.464228 0.178185 0.458013 0.188578 0.454921 0.191525 0.447630 0.194639 0.442314 0.194276 0.430816 0.188902 0.428240 0.186816 0.426116 0.180978 0.428147 0.171760 0.429627 0.168837 0.434399 0.163325 0.439340 0.159440 0.446529 0.156606
0 0.476348 0.204890 0.480306 0.205640 0.484955 0.208451 0.487473 0.210860 0.490501 0.215943 0.491216 0.221232 0.490238 0.224589 0.489949 0.230009 0.491630 0.234196 0.489903 0.239017 0.487183 0.241712 0.477966 0.245724 0.471083 0.247284 0.466878 0.245183 0.463484 0.238101 0.461630 0.219120 0.462563 0.214801 0.464623 0.211019 0.469595 0.207145
0 0.047319 0.762272 0.048222 0.764353 0.048095 0.765860 0.045961 0.770234 0.043595 0.773314 0.042425 0.776396 0.031847 0.792707 0.030170 0.794420 0.022883 0.807559 0.017106 0.814323 0.015941 0.817391 0.013235 0.820662 0.009240 0.828497 0.003870 0.835955 0.000044 0.843205 0.000000 0.847245 0.000000 0.854980 0.000000 0.861423 0.000000 0.887555 0.000000 0.891567 0.000000 0.909708 0.000000 0.913916 0.000000 0.915159 0.000000 0.915533 0.000000 0.915017 0.000000 0.911631 0.000000 0.911814 0.000000 0.910138 0.000000 0.909402 0.000000 0.907634 0.000000 0.778685 0.000000 0.778972 0.000000 0.763290 0.000000 0.756958 0.000000 0.751544 0.000000 0.749833 0.000000 0.745909 0.000000 0.742835 0.000000 0.742402 0.000174 0.743039 0.015532 0.749452 0.022999 0.751378 0.034940 0.757535 0.040216 0.758898
0 0.585077 0.112341 0.592019 0.113251 0.598204 0.115653 0.608791 0.124381 0.615993 0.133494 0.621549 0.142648 0.624873 0.150430 0.626094 0.157506 0.628571 0.164814 0.628285 0.168027 0.625962 0.174786 0.620181 0.183187 0.611809 0.191424 0.597560 0.199525 0.590417 0.201446 0.583205 0.201399 0.579253 0.200335 0.571278 0.196245 0.563638 0.189953 0.557558 0.183957 0.552734 0.175932 0.548363 0.166377 0.546544 0.159242 0.546696 0.155384 0.548854 0.148004 0.554537 0.134131 0.559894 0.124723 0.564033 0.120601 0.570129 0.116498 0.576399 0.114045
0 0.546933 0.000000 0.559388 0.000000 0.566020 0.000000 0.572171 0.000000 0.578099 0.000000 0.580302 0.000000 0.581997 0.000000 0.585045 0.000000 0.586748 0.000000 0.586284 0.000000 0.581808 0.010711 0.572645 0.030922 0.568487 0.037355 0.562576 0.040886 0.547080 0.045035 0.540858 0.045261 0.532539 0.043832 0.517184 0.038935 0.512199 0.036144 0.506440 0.031611 0.501272 0.023961 0.500723 0.020322 0.503877 0.010545 0.508605 0.001992 0.516591 0.000000 0.521380 0.000000 0.526739 0.000000 0.534785 0.000000 0.540970 0.000000
0 0.238446 0.522947 0.253319 0.520675 0.259560 0.520520 0.274062 0.521923 0.281950 0.523713 0.289304 0.526329 0.305331 0.534711 0.307548 0.536797 0.312918 0.539918 0.320762 0.546457 0.334779 0.563301 0.335014 0.566844 0.336061 0.568672 0.338170 0.570110 0.339848 0.573035 0.341305 0.577817 0.344330 0.582645 0.348433 0.592491 0.352246 0.609907 0.352979 0.623750 0.350932 0.641703 0.347524 0.652331 0.339307 0.667514 0.328751 0.679880 0.322812 0.685098 0.312487 0.692406 0.300679 0.698381 0.292147 0.700715 0.287996 0.700960 0.285812 0.702004 0.278694 0.702780 0.269337 0.702686 0.265255 0.701681 0.262669 0.701989 0.259635 0.700612 0.255185 0.699832 0.253901 0.698886 0.250122 0.697956 0.242090 0.693465 0.238912 0.690484 0.232141 0.685994 0.226211 0.680774 0.224042 0.676479 0.219205 0.669652 0.218363 0.665057 0.218627 0.661986 0.220431 0.656781 0.224341 0.651770 0.228075 0.649535 0.232632 0.648751 0.244150 0.642101 0.247392 0.641623 0.254183 0.638534 0.260196 0.634937 0.264807 0.629740 0.269287 0.618519 0.268205 0.610384 0.266224 0.606450 0.259050 0.600036 0.254650 0.598055 0.246890 0.595914 0.241244 0.596156 0.234266 0.598907 0.228408 0.603172 0.224084 0.607480 0.220330 0.614115 0.214393 0.628369 0.213169 0.633715 0.211499 0.637385 0.209591 0.639744 0.206904 0.641602 0.202743 0.642164 0.195726 0.639843 0.192412 0.637480 0.189889 0.633434 0.184704 0.621566 0.182651 0.607333 0.183236 0.590297 0.186745 0.578006 0.186816 0.572400 0.191141 0.561539 0.194693 0.557677 0.198641 0.549214 0.209200 0.536944 0.224101 0.527830
0 0.558230 0.619849 0.570929 0.617248 0.584895 0.617202 0.596430 0.619849 0.610799 0.625430 0.614364 0.629188 0.619693 0.630414 0.622129 0.636856 0.624548 0.637741 0.635738 0.647522 0.645119 0.663451 0.651705 0.682031 0.653405 0.703416 0.654250 0.706239 0.650243 0.730861 0.645432 0.745764 0.642479 0.749968 0.639793 0.755541 0.634853 0.761873 0.628803 0.766293 0.627456 0.766292 0.625023 0.767661 0.623875 0.772613 0.621849 0.773753 0.620177 0.775959 0.613793 0.779296 0.603520 0.783304 0.595959 0.785031 0.591539 0.785246 0.588420 0.784477 0.582580 0.784992 0.570492 0.782986 0.563224 0.780543 0.560045 0.777809 0.555089 0.776587 0.544249 0.768401 0.538007 0.762651 0.532531 0.755476 0.522542 0.736847 0.521811 0.733757 0.521985 0.725387 0.523506 0.720253 0.528348 0.711708 0.536175 0.706462 0.538307 0.703732 0.542022 0.702350 0.544570 0.704907 0.549077 0.705337 0.551410 0.707518 0.554826 0.706063 0.558942 0.706723 0.562465 0.702692 0.563508 0.698067 0.562279 0.695500 0.560289 0.694377 0.559191 0.692492 0.556662 0.693189 0.548967 0.692332 0.545067 0.694322 0.538279 0.700483 0.535980 0.701553 0.531883 0.700897 0.527841 0.698958 0.522034 0.698540 0.519625 0.696670 0.518162 0.690498 0.518197 0.683715 0.516785 0.676264 0.517702 0.668720 0.520934 0.655573 0.529371 0.640397 0.538058 0.631080 0.542621 0.627924 0.544266 0.625712 0.552067 0.621674
0 0.757159 0.000000 0.748157 0.000000 0.741300 0.009372 0.737519 0.013039 0.730553 0.021783 0.723433 0.026532 0.715696 0.028863 0.700812 0.031637 0.681120 0.033915 0.667984 0.033344 0.664861 0.033801 0.662964 0.033481 0.657696 0.029975 0.638014 0.028298 0.629843 0.026922 0.611830 0.017696 0.608725 0.012615 0.603776 0.010485 0.599116 0.005150 0.593060 0.003490 0.591747 0.000000 0.592847 0.000000 0.595556 0.000000 0.599787 0.000000 0.601825 0.000000 0.606402 0.000000 0.618114 0.000000 0.620187 0.000000 0.626168 0.000000 0.626806 0.000000 0.686786 0.000000 0.686591 0.000000 0.689571 0.000000 0.694537 0.000000 0.695688 0.000000
0 0.822989 0.051121 0.833964 0.052294 0.842382 0.054037 0.844993 0.056810 0.847214 0.063189 0.850100 0.077693 0.851557 0.096970 0.851195 0.103920 0.852475 0.111152 0.852451 0.126174 0.851443 0.130673 0.852142 0.131797 0.858099 0.133842 0.860018 0.135515 0.863042 0.142730 0.864419 0.160024 0.866954 0.171177 0.867612 0.181663 0.869629 0.193400 0.871134 0.213750 0.871237 0.231838 0.869513 0.237543 0.863540 0.245798 0.864218 0.251610 0.861359 0.269130 0.855796 0.281783 0.851343 0.289622 0.847954 0.291647 0.838389 0.301496 0.830732 0.307358 0.827314 0.308365 0.820497 0.308048 0.812563 0.309178 0.808559 0.308736 0.794837 0.309734 0.788995 0.308602 0.777436 0.303708 0.769092 0.298448 0.765323 0.295068 0.762928 0.293944 0.757885 0.288007 0.754029 0.284949 0.751745 0.281203 0.748900 0.279335 0.744099 0.273788 0.742993 0.264984 0.744189 0.255298 0.742803 0.247435 0.743023 0.239877 0.744355 0.230874 0.740573 0.224222 0.738949 0.218305 0.739595 0.208186 0.738972 0.185284 0.735077 0.165428 0.735260 0.146648 0.736414 0.135960 0.732219 0.121687 0.732118 0.114081 0.732596 0.110206 0.735713 0.100849 0.742108 0.088423 0.744047 0.086446 0.748126 0.079548 0.758162 0.069696 0.767321 0.063973 0.774358 0.060862 0.797179 0.055098 0.806481 0.053672 0.809505 0.053848 0.816969 0.051776
0 0.889654 0.322082 0.892772 0.323356 0.895079 0.326151 0.898725 0.326856 0.901891 0.329148 0.904674 0.332710 0.906741 0.337477 0.912459 0.374219 0.918776 0.396325 0.919044 0.400079 0.919990 0.401614 0.920847 0.411542 0.920621 0.419236 0.923167 0.424799 0.925401 0.436025 0.925787 0.445193 0.925432 0.449833 0.924077 0.454267 0.921195 0.459060 0.911459 0.465456 0.904043 0.466608 0.900297 0.466168 0.893934 0.468540 0.891411 0.471037 0.887237 0.473187 0.872390 0.475788 0.861367 0.475158 0.856760 0.474195 0.850177 0.475158 0.845771 0.473568 0.842111 0.474138 0.835134 0.473011 0.832378 0.471767 0.829498 0.467495 0.827789 0.462804 0.826054 0.444440 0.826731 0.439913 0.823846 0.427652 0.825451 0.414316 0.825189 0.410596 0.826286 0.405819 0.825635 0.395355 0.827736 0.386111 0.835656 0.373689 0.840720 0.362685 0.843883 0.357970 0.845928 0.352363 0.852836 0.341028 0.875507 0.326045 0.884543 0.322770
0 0.229686 0.163873 0.228323 0.169968 0.226570 0.174865 0.222350 0.171820 0.226124 0.166187 0.225965 0.159056 0.220656 0.157301 0.214679 0.161768 0.211147 0.170423 0.211577 0.181701 0.219410 0.187318 0.229246 0.191081 0.235799 0.183368 0.237078 0.175006 0.231599 0.166107
0 0.750083 0.471086 0.752286 0.472874 0.756111 0.472688 0.759189 0.474993 0.764401 0.485040 0.765993 0.490019 0.770603 0.511225 0.773194 0.530024 0.774476 0.532624 0.776562 0.541703 0.778399 0.544757 0.778659 0.548464 0.781593 0.554749 0.778215 0.563635 0.781850 0.568749 0.783373 0.579712 0.785065 0.584404 0.785303 0.592760 0.786943 0.598773 0.784776 0.605929 0.782077 0.607982 0.779139 0.611971 0.775607 0.614498 0.757265 0.614681 0.754540 0.615722 0.751774 0.615761 0.748450 0.617659 0.745138 0.617243 0.740199 0.621088 0.735930 0.620452 0.726337 0.621584 0.722493 0.620712 0.715534 0.621116 0.708318 0.620138 0.704795 0.621646 0.699692 0.620487 0.695255 0.614869 0.695133 0.611878 0.693552 0.609217 0.693349 0.604234 0.691913 0.599961 0.691178 0.592227 0.691982 0.586155 0.688383 0.577784 0.688903 0.564741 0.690590 0.554588 0.688930 0.549944 0.689004 0.544040 0.690536 0.537797 0.695326 0.526339 0.699554 0.519028 0.702839 0.509201 0.708332 0.496546 0.713208 0.489349 0.728318 0.478710 0.742312 0.470768 0.745901 0.470203
0 0.796771 0.660164 0.800579 0.661368 0.803654 0.660407 0.807520 0.660292 0.815534 0.661458 0.820924 0.666692 0.824708 0.666892 0.825772 0.669137 0.833656 0.674281 0.836592 0.677293 0.839963 0.688088 0.845872 0.718199 0.846504 0.733390 0.848831 0.747648 0.849409 0.764173 0.850342 0.765733 0.853109 0.767061 0.858075 0.771591 0.861057 0.777995 0.863518 0.795331 0.867545 0.811044 0.868767 0.822064 0.871733 0.833179 0.871807 0.837556 0.874476 0.851959 0.875305 0.866585 0.874718 0.870800 0.872523 0.875621 0.862543 0.881515 0.860280 0.881955 0.858006 0.884737 0.853538 0.884290 0.853018 0.884830 0.856912 0.887142 0.860629 0.887737 0.862031 0.890097 0.863465 0.895817 0.863485 0.901517 0.857704 0.908771 0.850446 0.911625 0.846715 0.915700 0.839271 0.921503 0.834807 0.923377 0.831997 0.923331 0.825547 0.921357 0.820822 0.921824 0.816998 0.920517 0.812407 0.924016 0.804941 0.925444 0.797632 0.925243 0.792013 0.924141 0.785802 0.921558 0.778910 0.917804 0.774994 0.913484 0.771851 0.912351 0.767522 0.908262 0.759740 0.902965 0.758460 0.900318 0.754508 0.897326 0.752678 0.894211 0.748730 0.891223 0.747681 0.888971 0.746166 0.888256 0.744942 0.884304 0.744725 0.881601 0.746409 0.876064 0.746567 0.872130 0.744793 0.867711 0.742795 0.852644 0.743940 0.844323 0.746080 0.839558 0.740208 0.836116 0.738840 0.833790 0.736887 0.819745 0.737276 0.805947 0.735517 0.799232 0.735726 0.793992 0.734505 0.790056 0.734207 0.785354 0.731661 0.780108 0.730629 0.775561 0.729320 0.761694 0.729690 0.742284 0.724215 0.727436 0.723608 0.720356 0.724416 0.714273 0.727212 0.705021 0.735737 0.688180 0.743226 0.679337 0.748771 0.674666 0.757089 0.669964 0.766524 0.666173 0.769902 0.665292 0.788021 0.663810 0.794390 0.662279
0 0.292138 0.293360 0.300518 0.286843 0.308018 0.282350 0.315223 0.280002 0.319518 0.280230 0.324738 0.281593 0.327849 0.283800 0.337602 0.293367 0.344954 0.303734 0.345621 0.305773 0.356451 0.319405 0.361119 0.328304 0.361890 0.335455 0.360158 0.341458 0.355705 0.348165 0.347018 0.354304 0.342945 0.355362 0.340071 0.354448 0.332999 0.356149 0.319365 0.356793 0.309810 0.356381 0.293994 0.354028 0.289648 0.351859 0.282564 0.346282 0.274638 0.336125 0.272959 0.330107 0.273456 0.322966 0.275668 0.315229 0.277480 0.312135
0 0.700536 0.347066 0.713660 0.350674 0.716752 0.353929 0.719020 0.357679 0.719422 0.359738 0.717138 0.368511 0.714413 0.374226 0.709547 0.379173 0.704058 0.381683 0.697088 0.381255 0.685064 0.375199 0.682719 0.371767 0.682054 0.368348 0.684283 0.358610 0.686848 0.354525 0.698347 0.347618
0 0.536020 0.442114 0.539720 0.442900 0.545792 0.446784 0.547943 0.449511 0.549286 0.454985 0.552315 0.459199 0.551184 0.464147 0.548778 0.467846 0.545138 0.471276 0.541062 0.473961 0.530520 0.475246 0.526609 0.474077 0.523058 0.471693 0.516116 0.463085 0.516139 0.458566 0.518413 0.451943 0.521380 0.447406 0.524465 0.445801 0.527720 0.445848
0 0.576905 0.551290 0.585159 0.546945 0.591272 0.545372 0.592922 0.545413 0.595368 0.547259 0.598982 0.547410 0.601652 0.549632 0.603333 0.552941 0.603635 0.555292 0.607074 0.556058 0.608002 0.558548 0.608291 0.563180 0.606170 0.566947 0.602174 0.570292 0.594787 0.573850 0.592110 0.573899 0.578277 0.570138 0.577136 0.567278 0.575763 0.566320 0.575293 0.562312 0.574062 0.559760 0.575378 0.554202
0 0.699429 0.841166 0.701609 0.843028 0.706949 0.852607 0.707791 0.857766 0.706810 0.862137 0.703595 0.865945 0.698881 0.869044 0.689291 0.873539 0.683423 0.873700 0.675033 0.870919 0.672189 0.867898 0.668910 0.861812 0.667890 0.857283 0.668823 0.851932 0.672673 0.843697 0.677639 0.839679 0.692327 0.839724
0 0.530577 0.905651 0.534287 0.904346 0.541088 0.903844 0.545901 0.904446 0.552565 0.907802 0.572103 0.912882 0.579425 0.916414 0.586837 0.921928 0.597804 0.933595 0.601440 0.939442 0.603514 0.944884 0.602190 0.950412 0.598598 0.953383 0.596701 0.957452 0.593465 0.961490 0.590957 0.963111 0.586580 0.964234 0.583906 0.964178 0.579416 0.962337 0.571444 0.955342 0.559894 0.948063 0.543138 0.934880 0.538749 0.929509 0.535390 0.921817 0.529002 0.912044 0.528756 0.908416
