0 0.541280 0.446151 0.561553 0.446423 0.568716 0.447694 0.572726 0.449428 0.577093 0.452505 0.580170 0.456120 0.585029 0.470282 0.587032 0.473707 0.600272 0.487566 0.605857 0.491626 0.620893 0.499408 0.624113 0.503816 0.624826 0.507779 0.623533 0.512154 0.620807 0.516274 0.617868 0.518566 0.601028 0.525809 0.595367 0.527108 0.593145 0.528248 0.587198 0.529239 0.585407 0.530200 0.576236 0.531898 0.564845 0.532179 0.560835 0.531723 0.548587 0.528528 0.515231 0.498567 0.505352 0.491187 0.493114 0.477763 0.491612 0.473915 0.491258 0.470016 0.492623 0.465398 0.497856 0.460444 0.501368 0.458765 0.503447 0.456832 0.513910 0.452038 0.530248 0.447774
0 0.837821 0.071621 0.841545 0.073049 0.845912 0.076125 0.850993 0.081887 0.854426 0.088122 0.862727 0.098291 0.865874 0.104221 0.870525 0.110162 0.871240 0.112846 0.873815 0.116883 0.874527 0.122125 0.871514 0.125939 0.864635 0.128811 0.861482 0.129275 0.850160 0.133149 0.846220 0.133728 0.839126 0.136051 0.832822 0.136978 0.827520 0.137061 0.823797 0.135633 0.819501 0.132313 0.807835 0.119501 0.804400 0.117101 0.801895 0.114099 0.800608 0.110802 0.791805 0.101055 0.789088 0.096225 0.788875 0.093118 0.790740 0.089357 0.793250 0.087244 0.803643 0.081414 0.824853 0.073412 0.832592 0.071460
0 0.197883 0.334074 0.200674 0.337383 0.202819 0.342879 0.203028 0.349822 0.201519 0.354925 0.198361 0.360504 0.192697 0.366917 0.186532 0.372472 0.181084 0.375599 0.176714 0.376358 0.169479 0.376609 0.161169 0.375391 0.153934 0.375642 0.149279 0.374816 0.146556 0.375100 0.125785 0.371415 0.119842 0.368570 0.116334 0.365135 0.111399 0.356330 0.111474 0.352251 0.114775 0.346186 0.119648 0.343726 0.123517 0.343390 0.127240 0.344818 0.134620 0.344080 0.150959 0.337260 0.161778 0.335087 0.172738 0.334985 0.177611 0.333803 0.182054 0.331522 0.186425 0.330763 0.192585 0.331599
0 0.477341 0.492868 0.476979 0.496640 0.470380 0.506212 0.455753 0.521266 0.453172 0.524900 0.444211 0.530984 0.438192 0.533497 0.429451 0.535015 0.426084 0.534929 0.402090 0.530672 0.396504 0.529170 0.392207 0.527129 0.385837 0.520627 0.383406 0.514825 0.382910 0.508854 0.386430 0.498224 0.390877 0.492108 0.396038 0.487397 0.403349 0.483066 0.410515 0.480501 0.419829 0.478317 0.436807 0.478260 0.452995 0.480876 0.468749 0.487507
0 0.479473 0.594021 0.478959 0.608509 0.477022 0.612513 0.472288 0.618323 0.468274 0.621704 0.461608 0.625125 0.457810 0.626498 0.445058 0.628839 0.432234 0.628866 0.425073 0.627595 0.411609 0.622138 0.407529 0.619367 0.387334 0.611181 0.379745 0.606253 0.376526 0.601845 0.376671 0.598802 0.378251 0.594735 0.381119 0.591407 0.385707 0.588640 0.405052 0.583120 0.408922 0.581504 0.422321 0.578255 0.431709 0.574549 0.450122 0.570910 0.458717 0.572435 0.464947 0.575585 0.468093 0.582794 0.476397 0.589127
0 0.042733 0.730109 0.046962 0.727278 0.049829 0.726508 0.054055 0.727514 0.056345 0.728688 0.063576 0.734829 0.078973 0.740119 0.081048 0.743301 0.079396 0.747611 0.074523 0.750072 0.061268 0.752836 0.057829 0.752993 0.049520 0.751775 0.043433 0.749416 0.039853 0.747502 0.036561 0.743337 0.038931 0.736596
0 0.715795 0.353063 0.717155 0.354838 0.718083 0.358072 0.716432 0.362383 0.712917 0.367898 0.705818 0.375335 0.694923 0.382865 0.683243 0.386676 0.669265 0.396985 0.651493 0.404830 0.645690 0.405336 0.640318 0.404383 0.637668 0.403145 0.633876 0.398124 0.628370 0.386149 0.630240 0.378551 0.633612 0.372244 0.631394 0.369548 0.631110 0.366685 0.631900 0.364011 0.634482 0.360377 0.642798 0.352644 0.646100 0.345301 0.652265 0.339746 0.656925 0.336736 0.661367 0.335733 0.678342 0.338233 0.687796 0.340678 0.691808 0.341133 0.695818 0.342868 0.700399 0.346494
0 0.500811 0.000000 0.507760 0.000000 0.512773 0.000000 0.518574 0.000000 0.530747 0.000000 0.543564 0.000000 0.547718 0.000000 0.559601 0.000000 0.562178 0.000000 0.581438 0.000000 0.593609 0.000000 0.598118 0.000000 0.609144 0.006241 0.610504 0.008016 0.615229 0.011157 0.617447 0.013852 0.619380 0.014962 0.621382 0.019665 0.621238 0.021431 0.619442 0.026228 0.615714 0.029914 0.589336 0.049021 0.578011 0.055453 0.570846 0.058018 0.562392 0.058564 0.554441 0.057410 0.546420 0.055220 0.540119 0.052311 0.531026 0.046094 0.519786 0.039496 0.515490 0.036176 0.499523 0.027716 0.494442 0.021956 0.483274 0.012557 0.478549 0.009416 0.465451 0.000000 0.463091 0.000000 0.462381 0.000000 0.463245 0.000000 0.466401 0.000000 0.470633 0.000000 0.480813 0.000000 0.494719 0.000000
0 0.706490 0.673941 0.730633 0.672597 0.736720 0.673677 0.742521 0.675730 0.745743 0.677580 0.748892 0.680951 0.751036 0.686448 0.751534 0.691140 0.755108 0.699447 0.754674 0.704742 0.752521 0.708197 0.736965 0.721295 0.733168 0.722666 0.726364 0.721459 0.720778 0.718678 0.697810 0.688003 0.697454 0.684104 0.699035 0.680035 0.702906 0.675863
0 0.817837 0.315151 0.815754 0.322199 0.809013 0.330979 0.798762 0.338880 0.791165 0.342902 0.774687 0.345095 0.771677 0.346351 0.760930 0.348281 0.749253 0.348256 0.736647 0.346275 0.732706 0.346855 0.725973 0.346683 0.713080 0.344396 0.701479 0.340291 0.695176 0.338662 0.690808 0.336864 0.681858 0.331439 0.677993 0.327941 0.674413 0.326026 0.661956 0.317166 0.653581 0.309798 0.647283 0.303053 0.641344 0.295094 0.638200 0.286607 0.639349 0.282718 0.642218 0.279391 0.654114 0.273572 0.660205 0.272095 0.693731 0.270881 0.702542 0.271677 0.712139 0.273636 0.715148 0.273658 0.722457 0.271885 0.731842 0.270737 0.738861 0.271215 0.752402 0.270036 0.759636 0.271064 0.763433 0.270970 0.783774 0.274835 0.789145 0.277067 0.791292 0.278727 0.802464 0.283010 0.806831 0.286087 0.810123 0.290252 0.817204 0.303273
0 0.099275 0.212481 0.103431 0.211172 0.115823 0.211324 0.123127 0.215945 0.126634 0.219381 0.132576 0.223504 0.145968 0.227926 0.152626 0.232177 0.156061 0.235856 0.161139 0.246732 0.166932 0.256455 0.166427 0.260714 0.163416 0.263249 0.154101 0.266712 0.145790 0.268051 0.140560 0.267891 0.129603 0.265436 0.119648 0.262134 0.106182 0.259234 0.097447 0.255638 0.092722 0.251219 0.086855 0.243016 0.086571 0.240152 0.089300 0.233474 0.093388 0.227294 0.097410 0.214964
0 0.304291 0.301798 0.309881 0.299464 0.315398 0.298653 0.323137 0.295422 0.325501 0.295074 0.334885 0.295205 0.346707 0.293465 0.354944 0.294927 0.368335 0.300627 0.383015 0.305790 0.393040 0.311405 0.396118 0.313741 0.403421 0.317083 0.409650 0.321513 0.419096 0.332908 0.425965 0.342823 0.430822 0.359542 0.431031 0.366485 0.432314 0.372340 0.431733 0.381956 0.427565 0.397331 0.423405 0.403754 0.417240 0.408032 0.411508 0.409573 0.398542 0.408806 0.392526 0.407484 0.383359 0.404067 0.379279 0.401297 0.364600 0.393577 0.352287 0.384231 0.349496 0.380923 0.329802 0.373593 0.314982 0.365079 0.310900 0.363589 0.307677 0.361738 0.295794 0.352212 0.292002 0.347192 0.289359 0.338282 0.285853 0.332289 0.285429 0.327354 0.288158 0.319397 0.292677 0.311759 0.299058 0.305473
0 0.801033 0.115736 0.803397 0.116668 0.808050 0.120051 0.818570 0.131637 0.821077 0.133360 0.827873 0.143518 0.834385 0.150812 0.835243 0.153011 0.840180 0.159257 0.841253 0.162006 0.845403 0.167090 0.846832 0.171180 0.846900 0.174773 0.844247 0.178650 0.838944 0.181290 0.817879 0.186249 0.814081 0.187622 0.809424 0.188074 0.804049 0.189678 0.797387 0.190543 0.795237 0.191440 0.791512 0.191291 0.783776 0.189407 0.780269 0.187250 0.770607 0.176584 0.761163 0.162632 0.759087 0.160728 0.757729 0.157674 0.752576 0.152156 0.748927 0.146649 0.746497 0.140846 0.746357 0.137496 0.748940 0.132583 0.753527 0.129817 0.759547 0.127303 0.763630 0.126238 0.774810 0.121571 0.778822 0.120749 0.787422 0.117158 0.796520 0.115703
0 0.022582 0.672054 0.031894 0.673706 0.051010 0.685538 0.053229 0.688234 0.053369 0.691584 0.050501 0.694912 0.042833 0.697899 0.034021 0.699661 0.025067 0.698072 0.019554 0.695048 0.017122 0.690524 0.016410 0.685282 0.014766 0.681922 0.014697 0.678328 0.016635 0.674324
0 0.260607 0.862630 0.261035 0.865008 0.260388 0.867195 0.255726 0.872763 0.250637 0.875952 0.245549 0.877863 0.242541 0.877841 0.234734 0.876201 0.225355 0.870955 0.222778 0.866918 0.224931 0.863462 0.233529 0.861151 0.249362 0.859869 0.258387 0.861214
0 0.000000 0.293894 0.000000 0.292554 0.000000 0.292767 0.002424 0.294026 0.015816 0.298449 0.025053 0.302901 0.044320 0.306575 0.051267 0.308574 0.059215 0.312287 0.060360 0.313513 0.061074 0.316197 0.059708 0.322094 0.059632 0.327452 0.056831 0.335650 0.054823 0.338619 0.051381 0.341334 0.040201 0.347279 0.032535 0.348989 0.020069 0.350358 0.005600 0.348302 0.001160 0.346747 0.000000 0.341619 0.000000 0.337316 0.000000 0.332474 0.000000 0.326608 0.000000 0.322096 0.000000 0.315617 0.000000 0.309519 0.000000 0.303622 0.000000 0.299016 0.000000 0.295995
0 0.709860 0.093935 0.706635 0.095920 0.700759 0.097947 0.684925 0.100509 0.666013 0.100735 0.654479 0.101502 0.644236 0.100452 0.641228 0.099151 0.632064 0.093177 0.620607 0.087308 0.606290 0.075817 0.598131 0.066440 0.598133 0.063883 0.600001 0.058843 0.602080 0.056909 0.605950 0.055294 0.619420 0.051801 0.624722 0.051718 0.628592 0.048824 0.632461 0.048487 0.636114 0.048880 0.648652 0.045989 0.657393 0.045749 0.682826 0.042588 0.685692 0.041818 0.693286 0.041630 0.697870 0.042699 0.701091 0.044549 0.703808 0.050658 0.704092 0.053522 0.707596 0.060794 0.708095 0.064208 0.707375 0.067917 0.708089 0.070601 0.706792 0.078811 0.707003 0.084476 0.710652 0.089983
0 0.374897 0.250381 0.377472 0.254419 0.380181 0.269478 0.375655 0.284789 0.373646 0.287758 0.367628 0.290271 0.358958 0.291546 0.339400 0.292680 0.330661 0.291641 0.320708 0.288341 0.316342 0.283986 0.316419 0.277349 0.322887 0.252919 0.326115 0.248377 0.329842 0.245969 0.338154 0.243351 0.341162 0.243373 0.349900 0.245690 0.356777 0.245376 0.365731 0.246965
0 0.617671 0.415967 0.623977 0.413761 0.628704 0.414343 0.634290 0.415845 0.638228 0.417824 0.641738 0.418702 0.653122 0.424814 0.673246 0.431964 0.684059 0.437464 0.690146 0.439823 0.696804 0.444073 0.700886 0.445565 0.704537 0.448515 0.705966 0.452605 0.703454 0.457274 0.699440 0.460655 0.692345 0.464255 0.685679 0.468955 0.680448 0.471352 0.665975 0.473134 0.657089 0.477695 0.651572 0.478506 0.647417 0.478537 0.641687 0.477520 0.636244 0.475532 0.626507 0.468944 0.624289 0.466250 0.619135 0.462010 0.609470 0.455180 0.604674 0.451004 0.601168 0.446289 0.598166 0.438595 0.598169 0.434759 0.601041 0.427596 0.603192 0.425419 0.615591 0.417899
0 0.206805 0.042542 0.209738 0.046643 0.211882 0.053418 0.213671 0.055014 0.215889 0.058988 0.219602 0.071924 0.217731 0.082079 0.215723 0.085048 0.212641 0.086546 0.205907 0.086376 0.191009 0.083221 0.184777 0.083906 0.174314 0.088700 0.163568 0.089351 0.154757 0.088555 0.147595 0.087285 0.130193 0.081127 0.122675 0.075957 0.119454 0.072828 0.117811 0.068189 0.118104 0.060823 0.119255 0.055656 0.120689 0.053352 0.129003 0.049456 0.140041 0.041440 0.143053 0.037626 0.148428 0.034743 0.152154 0.033614 0.162255 0.033871 0.176225 0.032513 0.184033 0.032875 0.194919 0.035574
0 0.190574 0.501588 0.194731 0.500279 0.214356 0.502738 0.221949 0.502550 0.226320 0.501791 0.233340 0.502269 0.246161 0.504799 0.249885 0.506227 0.255970 0.509864 0.258905 0.512688 0.263838 0.524050 0.264694 0.528805 0.266840 0.531744 0.271922 0.536226 0.274711 0.542092 0.274348 0.548421 0.271192 0.552722 0.261948 0.555941 0.247333 0.556929 0.235729 0.555382 0.229499 0.553509 0.226063 0.551109 0.222198 0.546331 0.213678 0.540728 0.209741 0.537472 0.196925 0.529827 0.190983 0.525703 0.188692 0.523251 0.185975 0.518420 0.185265 0.510621 0.187132 0.505581
0 0.711835 0.458250 0.716135 0.456455 0.720791 0.456002 0.736833 0.461661 0.746645 0.464169 0.756886 0.467776 0.763545 0.470749 0.765908 0.472958 0.773498 0.476606 0.777148 0.479556 0.784382 0.481862 0.786888 0.483586 0.791327 0.485141 0.801137 0.490206 0.803857 0.493758 0.804213 0.496379 0.801699 0.503607 0.794815 0.511593 0.790729 0.513937 0.779479 0.517568 0.768376 0.518156 0.755268 0.516598 0.736287 0.513230 0.728481 0.510311 0.724329 0.507784 0.712301 0.498745 0.709513 0.492878 0.708953 0.476921 0.707310 0.472282 0.707098 0.469175 0.709110 0.461092
0 0.034436 0.138570 0.039880 0.140558 0.049331 0.145560 0.057275 0.154387 0.059914 0.167132 0.065921 0.179963 0.066773 0.188555 0.064832 0.196395 0.063039 0.198635 0.058164 0.202374 0.050281 0.206091 0.041683 0.208402 0.028931 0.209465 0.018401 0.209387 0.009375 0.208042 0.002357 0.206284 0.000000 0.200647 0.000000 0.195541 0.000000 0.145234 0.000000 0.143185 0.005494 0.140852 0.012802 0.139079 0.026129 0.137351
0 0.622327 0.910178 0.624327 0.916160 0.622100 0.923694 0.615934 0.930529 0.607260 0.936919 0.602527 0.942730 0.595425 0.954003 0.590694 0.957255 0.584176 0.957634 0.579519 0.956808 0.560612 0.951918 0.543712 0.945340 0.535263 0.940771 0.530036 0.936775 0.524883 0.931257 0.526248 0.926640 0.538720 0.918877 0.549326 0.913597 0.576343 0.902532 0.582648 0.901604 0.592534 0.901312 0.598622 0.902392 0.611084 0.906138 0.618748 0.906986
0 0.664381 0.659564 0.669824 0.660275 0.672187 0.661205 0.688509 0.674843 0.690796 0.679852 0.694590 0.683596 0.700313 0.692284 0.706111 0.698172 0.711191 0.705212 0.712759 0.713930 0.710964 0.718727 0.704943 0.722519 0.702651 0.722624 0.690326 0.726065 0.681155 0.727763 0.667831 0.728212 0.659880 0.727057 0.656514 0.725693 0.646205 0.718492 0.640551 0.712118 0.636476 0.704233 0.629748 0.696391 0.629034 0.693705 0.629897 0.689511 0.632051 0.684777 0.632199 0.679176 0.633637 0.673037 0.638083 0.666920 0.647759 0.662243
0 0.381361 0.642860 0.386376 0.642471 0.395186 0.644545 0.397691 0.646268 0.403492 0.648321 0.406283 0.651629 0.410077 0.654093 0.413155 0.657708 0.417523 0.659506 0.420958 0.663185 0.431626 0.670448 0.434202 0.673208 0.439286 0.676411 0.442220 0.679234 0.453819 0.685896 0.456467 0.688412 0.461767 0.690886 0.464987 0.694015 0.468496 0.696173 0.470928 0.699418 0.475510 0.703045 0.482092 0.712653 0.483305 0.718751 0.481796 0.723854 0.482653 0.726052 0.485875 0.729181 0.488663 0.735047 0.490882 0.737743 0.491808 0.743534 0.495029 0.746663 0.497172 0.753438 0.497168 0.757274 0.495731 0.762135 0.491646 0.764479 0.473159 0.770918 0.466997 0.771360 0.458830 0.773491 0.452310 0.773870 0.442067 0.772820 0.389423 0.763481 0.381975 0.760624 0.377894 0.757854 0.366724 0.752292 0.354338 0.744467 0.344384 0.739888 0.337298 0.733260 0.335586 0.725027 0.336953 0.717851 0.340538 0.714651 0.343335 0.710288 0.347994 0.707277 0.350217 0.704859 0.349583 0.692981 0.352026 0.684718 0.358196 0.672768 0.367593 0.658833 0.372039 0.653994 0.376200 0.647571
0 1.000000 0.172712 1.000000 0.174828 1.000000 0.179575 1.000000 0.187494 1.000000 0.195824 1.000000 0.198508 1.000000 0.200590 1.000000 0.209616 1.000000 0.221176 1.000000 0.228403 1.000000 0.235978 1.000000 0.239486 1.000000 0.245401 1.000000 0.247143 1.000000 0.251496 1.000000 0.261958 0.995039 0.263974 0.989307 0.264236 0.982287 0.263758 0.974480 0.262118 0.966961 0.258226 0.958014 0.251522 0.943414 0.234609 0.938050 0.224706 0.937622 0.222327 0.933189 0.213101 0.932834 0.209201 0.933841 0.204521 0.936494 0.201921 0.941652 0.201046 0.948744 0.201282 0.956981 0.202743 0.965506 0.201953 0.972383 0.202918 0.981697 0.200733 0.987215 0.198643 0.993665 0.194672 1.000000 0.183706 1.000000 0.174874 1.000000 0.172234 1.000000 0.171886
0 0.433114 0.029235 0.437772 0.027504 0.445437 0.028351 0.452239 0.032117 0.458682 0.037096 0.465766 0.045003 0.472853 0.051631 0.476142 0.058354 0.474777 0.062971 0.472483 0.064355 0.468757 0.065484 0.458801 0.064740 0.452355 0.063596 0.443689 0.061036 0.440037 0.059366 0.430153 0.057100 0.425499 0.054995 0.420704 0.049541 0.420636 0.044670 0.423507 0.038785
0 0.697930 0.384166 0.716346 0.377970 0.730674 0.377955 0.740487 0.379183 0.757605 0.382476 0.772359 0.386117 0.778660 0.389026 0.786896 0.391765 0.794199 0.396386 0.797419 0.399515 0.801214 0.401979 0.808515 0.409157 0.815530 0.414749 0.818536 0.418607 0.820608 0.425625 0.822531 0.436964 0.825889 0.447279 0.825453 0.453852 0.820789 0.463256 0.815697 0.470281 0.807669 0.475763 0.804659 0.477019 0.784173 0.474920 0.778157 0.473596 0.765051 0.469481 0.753666 0.464647 0.734327 0.459938 0.731822 0.458215 0.713417 0.451624 0.710195 0.449774 0.704826 0.444985 0.696662 0.442001 0.688285 0.437191 0.671457 0.430368 0.666446 0.426921 0.665443 0.425210 0.666451 0.420528 0.669176 0.416408 0.671184 0.414718 0.674556 0.408411 0.679288 0.403879 0.681011 0.400603 0.684165 0.397582 0.687464 0.392796 0.689830 0.391170 0.693845 0.386511
0 0.673452 0.854538 0.679391 0.862497 0.685110 0.876301 0.682596 0.883528 0.670762 0.899333 0.658292 0.905816 0.651199 0.906860 0.634653 0.905459 0.622903 0.906956 0.617388 0.906488 0.603421 0.904011 0.597047 0.901345 0.593755 0.897180 0.594762 0.892499 0.598421 0.886499 0.603800 0.879779 0.606240 0.874074 0.608894 0.870196 0.615275 0.863912 0.619862 0.861144 0.625882 0.858632 0.642147 0.854611 0.654898 0.854827 0.666647 0.853331 0.669656 0.853352
