0 0.739891 0.824195 0.738189 0.826066 0.737808 0.830337 0.739836 0.835135 0.744179 0.838061 0.747888 0.837787 0.751054 0.836714 0.753158 0.833775 0.753256 0.829239 0.752478 0.827639 0.750189 0.825776 0.745443 0.823918 0.741782 0.823658
0 0.770037 0.648307 0.769137 0.651511 0.770127 0.654177 0.777115 0.658432 0.782851 0.662957 0.785635 0.666153 0.791515 0.669077 0.795271 0.668269 0.797304 0.666131 0.797518 0.663729 0.796792 0.658127 0.793559 0.653064 0.790089 0.650670 0.781494 0.647218 0.773865 0.646699 0.771361 0.647238
0 0.769389 0.604017 0.764735 0.604560 0.758755 0.609640 0.753246 0.616322 0.748918 0.623534 0.742651 0.631818 0.740990 0.640092 0.741909 0.643558 0.744694 0.646756 0.748235 0.648350 0.752203 0.648609 0.755086 0.647269 0.759033 0.644327 0.762840 0.639516 0.766861 0.632305 0.771172 0.618422 0.771983 0.609348 0.771065 0.605881
0 0.726147 0.538198 0.723333 0.542205 0.722925 0.550211 0.724239 0.559546 0.732704 0.578208 0.742829 0.588593 0.751045 0.592846 0.763161 0.594691 0.768405 0.594414 0.773885 0.594937 0.785956 0.593847 0.792595 0.591699 0.792786 0.589564 0.790592 0.586633 0.776615 0.578123 0.770125 0.571731 0.765474 0.568806 0.759478 0.563748 0.757684 0.563218 0.756032 0.561087 0.748242 0.555498 0.741752 0.549107 0.740264 0.548577 0.729477 0.538725
0 0.777375 0.291297 0.774755 0.289700 0.767053 0.289982 0.760414 0.292130 0.751009 0.297751 0.747652 0.300959 0.739704 0.314316 0.739275 0.319119 0.741919 0.320448 0.746832 0.320438 0.750588 0.319630 0.757985 0.315881 0.763870 0.311868 0.769898 0.306252 0.773682 0.301709 0.777276 0.295833
0 0.768494 0.177652 0.766604 0.178189 0.764571 0.180327 0.762367 0.187802 0.757967 0.195815 0.751179 0.206500 0.735737 0.228143 0.735782 0.231077 0.737198 0.232409 0.742063 0.232933 0.747447 0.234523 0.752668 0.234513 0.761102 0.232896 0.774359 0.225400 0.781025 0.219516 0.785542 0.213638 0.788594 0.206961 0.789167 0.200557 0.787729 0.196024 0.784214 0.190695
0 0.724781 0.110232 0.723388 0.108634 0.720649 0.108373 0.713208 0.109188 0.702007 0.114278 0.699503 0.114817 0.695556 0.117759 0.690735 0.120170 0.685134 0.124450 0.682674 0.127924 0.682340 0.131659 0.684937 0.133522 0.699083 0.136696 0.707777 0.135612 0.709738 0.134274 0.714180 0.132665 0.721365 0.127849 0.724462 0.124107 0.725717 0.120369 0.726099 0.116099 0.725794 0.112632
0 0.731248 0.030976 0.732026 0.032575 0.736510 0.037369 0.740001 0.042966 0.744652 0.045892 0.750982 0.047213 0.760170 0.047462 0.763476 0.048256 0.770539 0.048243 0.775830 0.047432 0.783108 0.045017 0.786865 0.044209 0.789887 0.044737 0.792108 0.043932 0.794708 0.042327 0.798443 0.038316 0.798494 0.034314 0.794743 0.028185 0.788844 0.022059 0.782776 0.017802 0.775737 0.017549 0.767307 0.015698 0.753417 0.016525 0.747084 0.018672 0.743352 0.019212 0.732858 0.026704
0 0.568114 0.578526 0.565187 0.576930 0.561549 0.576404 0.554674 0.577752 0.528550 0.578069 0.523800 0.579679 0.521389 0.582619 0.520063 0.587157 0.520367 0.590625 0.519437 0.601032 0.519878 0.609836 0.522472 0.615168 0.526201 0.618095 0.531066 0.618620 0.538935 0.616470 0.548525 0.615651 0.553083 0.616176 0.561729 0.615626 0.568085 0.613212 0.570521 0.610005 0.571260 0.601733 0.570705 0.587326
0 0.563253 0.516101 0.560394 0.517174 0.555523 0.523586 0.555544 0.526788 0.562174 0.535047 0.564843 0.536109 0.568552 0.535835 0.573703 0.533157 0.575712 0.531285 0.576636 0.527815 0.576096 0.523547 0.573148 0.518750 0.567221 0.516360
0 0.566339 0.385356 0.560811 0.385367 0.552968 0.387250 0.531896 0.389425 0.516021 0.391857 0.513162 0.392931 0.509403 0.397207 0.504481 0.407621 0.498331 0.418039 0.492154 0.432192 0.468946 0.475461 0.470502 0.478660 0.485787 0.475962 0.493961 0.473811 0.501122 0.469262 0.518416 0.437211 0.523594 0.430798 0.528534 0.427053 0.530025 0.424114 0.531017 0.423312 0.534443 0.422772 0.547393 0.415276 0.549898 0.414738 0.557271 0.411255 0.561149 0.405644 0.564488 0.395766 0.567138 0.390157 0.567117 0.386956
0 0.606836 0.399419 0.603223 0.398626 0.600341 0.399965 0.594715 0.404512 0.590649 0.408788 0.582495 0.414141 0.572472 0.423232 0.571807 0.427236 0.574639 0.429898 0.578986 0.429356 0.590965 0.425864 0.593258 0.424259 0.599193 0.416243 0.604255 0.407695 0.606974 0.404755 0.607946 0.400751
0 0.591023 0.356492 0.588588 0.359700 0.586074 0.370643 0.582050 0.381324 0.581621 0.386127 0.584689 0.389590 0.586791 0.390119 0.604576 0.390351 0.613574 0.392736 0.617826 0.393262 0.623117 0.392451 0.626024 0.390844 0.627371 0.389507 0.628578 0.386303 0.627997 0.375632 0.630039 0.363088 0.628671 0.361223 0.626097 0.359094 0.617053 0.357242 0.607557 0.356994 0.595134 0.355150
0 0.637025 0.171502 0.627441 0.165384 0.622080 0.163527 0.617119 0.164070 0.605967 0.168627 0.600389 0.172640 0.592942 0.180392 0.589251 0.187336 0.586717 0.195079 0.579881 0.206298 0.579524 0.210302 0.580067 0.211101 0.586157 0.215091 0.589133 0.216153 0.594329 0.216409 0.599999 0.214798 0.604629 0.214522 0.619702 0.210758 0.628327 0.207005 0.639695 0.200046 0.644753 0.194967 0.645937 0.192030 0.646271 0.188293 0.645472 0.183492 0.643113 0.178961
0 0.556084 0.135906 0.553507 0.137245 0.552089 0.139382 0.549647 0.149526 0.549003 0.156730 0.549579 0.174340 0.550545 0.177273 0.551961 0.178604 0.556001 0.178063 0.559852 0.176188 0.562476 0.174315 0.566897 0.169503 0.570045 0.161760 0.572889 0.150548 0.573366 0.145211 0.572990 0.142544 0.571598 0.140946 0.562744 0.136960
0 0.546798 0.195157 0.530804 0.198923 0.526952 0.200798 0.524636 0.202670 0.523452 0.205607 0.523253 0.218148 0.524657 0.233353 0.528521 0.245086 0.531327 0.251484 0.533757 0.255214 0.534958 0.258948 0.536633 0.260812 0.537623 0.263478 0.540974 0.267207 0.543360 0.268003 0.548273 0.267993 0.555904 0.265044 0.564386 0.262893 0.567317 0.261020 0.577856 0.256463 0.581803 0.253520 0.585324 0.251913 0.587663 0.249774 0.592129 0.247898 0.596053 0.245222 0.600498 0.240143 0.602012 0.236939 0.602844 0.231068 0.600912 0.225202 0.599496 0.223870 0.589225 0.218554 0.577163 0.209239 0.568711 0.204185 0.566445 0.202055 0.561958 0.200730 0.559951 0.199133 0.557543 0.198604 0.551074 0.195415
0 0.427387 0.346137 0.426653 0.347473 0.419752 0.352555 0.412633 0.363509 0.410526 0.369916 0.410168 0.373918 0.410966 0.378720 0.422012 0.389104 0.422508 0.390437 0.426472 0.394166 0.430369 0.395225 0.434948 0.398951 0.438490 0.400545 0.443899 0.401869 0.448481 0.402127 0.462281 0.395430 0.476299 0.382863 0.478877 0.378055 0.479494 0.374585 0.477088 0.370587 0.466818 0.365271 0.462498 0.362078 0.455745 0.358622 0.451849 0.357562 0.440114 0.351449 0.432628 0.349329
0 0.422217 0.455540 0.420396 0.458745 0.417149 0.471025 0.416952 0.480098 0.417587 0.483298 0.418673 0.484897 0.424552 0.487820 0.430032 0.488343 0.433928 0.489403 0.447344 0.490444 0.455966 0.490161 0.460667 0.489084 0.463905 0.487210 0.465136 0.483740 0.465565 0.478937 0.452584 0.466154 0.444487 0.460567 0.430934 0.454189 0.428218 0.453661 0.424202 0.453936
0 0.432164 0.622546 0.429212 0.621218 0.425196 0.621492 0.421866 0.620965 0.416575 0.621776 0.412416 0.623652 0.409789 0.628994 0.406235 0.641273 0.405899 0.648478 0.407431 0.651944 0.409202 0.652741 0.414091 0.652998 0.418817 0.651655 0.423449 0.647911 0.426809 0.641233 0.431702 0.638022 0.434206 0.637484 0.437136 0.635611 0.439241 0.632672 0.438654 0.628938 0.435610 0.625207
0 0.441839 0.716980 0.439878 0.718318 0.439592 0.721520 0.443629 0.751929 0.444518 0.762600 0.444253 0.769004 0.445076 0.773537 0.447103 0.778336 0.454136 0.785527 0.456825 0.789790 0.464165 0.796981 0.465394 0.796978 0.468276 0.795638 0.471091 0.791630 0.476457 0.786551 0.477476 0.782013 0.468771 0.769490 0.463324 0.758294 0.461415 0.752161 0.459092 0.733489 0.457608 0.729490 0.455697 0.726824 0.446020 0.718306 0.443375 0.716977
0 0.367683 0.815044 0.363384 0.815052 0.359604 0.816127 0.343961 0.822827 0.338076 0.826840 0.334955 0.830849 0.333343 0.838590 0.333360 0.845259 0.334160 0.850061 0.336873 0.854058 0.349030 0.862305 0.356093 0.862291 0.368310 0.856131 0.376226 0.853448 0.379510 0.851041 0.380244 0.849705 0.380957 0.845167 0.380392 0.841166 0.377140 0.832902 0.373136 0.819302 0.370068 0.815840
0 0.367186 0.731265 0.365201 0.732870 0.363710 0.735808 0.362023 0.747818 0.360034 0.752891 0.358687 0.754227 0.356013 0.760102 0.355372 0.763840 0.356645 0.766772 0.360777 0.768632 0.378659 0.767796 0.387209 0.768314 0.388793 0.767777 0.391487 0.765104 0.392387 0.761899 0.397545 0.752285 0.396391 0.748018 0.382981 0.740039 0.378190 0.735246 0.374436 0.732585 0.370871 0.731258
0 0.381837 0.639453 0.379025 0.639992 0.364351 0.646158 0.358091 0.647504 0.351947 0.650984 0.350361 0.654989 0.349076 0.665931 0.344697 0.677145 0.344292 0.681682 0.345636 0.683814 0.348516 0.685943 0.355412 0.687797 0.361506 0.688319 0.367787 0.690175 0.373667 0.693098 0.380634 0.694152 0.385219 0.690941 0.392880 0.680788 0.404510 0.670893 0.406356 0.667421 0.406170 0.662619 0.400721 0.654891 0.394183 0.649035 0.390125 0.642905 0.385498 0.639713
0 0.261163 0.569403 0.266429 0.563615 0.275906 0.560294 0.277241 0.563043 0.277143 0.567720 0.274314 0.571029 0.270439 0.571860 0.266008 0.571869
0 0.336580 0.469047 0.332636 0.468521 0.321364 0.474412 0.318693 0.476818 0.316919 0.479491 0.318096 0.483491 0.321591 0.485618 0.324283 0.486413 0.328582 0.486405 0.331417 0.485599 0.335176 0.481323 0.337472 0.476248 0.338208 0.471445
0 0.322717 0.438657 0.319434 0.437596 0.313102 0.439742 0.302614 0.440296 0.289758 0.446725 0.286286 0.447799 0.282387 0.450208 0.279975 0.453147 0.279262 0.457684 0.280699 0.462218 0.285302 0.465678 0.300533 0.470451 0.304219 0.470443 0.307408 0.469103 0.315115 0.461885 0.321477 0.452534 0.324198 0.446125 0.324249 0.442122
0 0.255039 0.416109 0.254988 0.420111 0.256121 0.421176 0.265234 0.425694 0.267807 0.427824 0.272529 0.429950 0.274819 0.431813 0.287404 0.438725 0.293969 0.440847 0.297772 0.439505 0.301815 0.435496 0.300801 0.433096 0.298512 0.431233 0.294970 0.429639 0.288456 0.423515 0.285244 0.421653 0.278116 0.415531 0.267351 0.408880 0.263901 0.409688
0 0.319420 0.369025 0.318234 0.375430 0.320971 0.379161 0.327560 0.381016 0.343238 0.387656 0.349261 0.388978 0.358777 0.392428 0.362605 0.390820 0.363034 0.386017 0.361386 0.380417 0.359427 0.378286 0.353807 0.375895 0.351211 0.374032 0.344362 0.371645 0.332270 0.369534 0.323910 0.366882 0.321430 0.367153
0 0.378186 0.316082 0.376746 0.315018 0.373723 0.314490 0.368762 0.315033 0.361909 0.319582 0.355836 0.322262 0.346430 0.327884 0.338113 0.331635 0.333056 0.333246 0.328850 0.335655 0.326769 0.338327 0.322485 0.348475 0.322080 0.353011 0.323731 0.355142 0.326188 0.355137 0.329968 0.354063 0.337385 0.353515 0.343363 0.351903 0.346884 0.350295 0.352817 0.345748 0.369082 0.328640 0.376362 0.322756 0.379081 0.319816 0.379507 0.318481
0 0.475988 0.104576 0.468523 0.105658 0.461788 0.108874 0.454413 0.115825 0.450889 0.120901 0.447455 0.131847 0.442157 0.139594 0.437590 0.149476 0.433044 0.162559 0.427169 0.183648 0.426835 0.187384 0.423944 0.199129 0.423892 0.203131 0.422065 0.213274 0.421040 0.224750 0.420695 0.242360 0.419604 0.247698 0.415814 0.259179 0.412896 0.274658 0.413505 0.281595 0.415884 0.289328 0.417560 0.291192 0.418549 0.293859 0.421853 0.298121 0.427070 0.301580 0.430353 0.302640 0.435572 0.302630 0.441502 0.301552 0.451427 0.296997 0.455019 0.294589 0.458799 0.293514 0.468607 0.286824 0.479149 0.278800 0.485839 0.272650 0.492863 0.262765 0.495655 0.255555 0.496025 0.237678 0.495304 0.225140 0.496093 0.212864 0.498135 0.200320 0.501620 0.185371 0.503679 0.179498 0.507686 0.162147 0.513535 0.144793 0.515032 0.134918 0.512416 0.126385 0.507131 0.120258 0.497027 0.113074 0.494028 0.112280 0.488267 0.108022
0 0.361334 0.102664 0.359352 0.100800 0.354226 0.099743 0.349266 0.100286 0.342343 0.102167 0.333340 0.106720 0.325118 0.109405 0.322870 0.113945 0.325184 0.115541 0.348640 0.114162 0.351830 0.112822 0.360645 0.106934
0 0.391861 0.035901 0.393677 0.039633 0.399532 0.042824 0.406806 0.043878 0.429371 0.035295 0.430036 0.031292 0.427156 0.029163 0.421370 0.028641 0.406016 0.028671 0.401338 0.029480 0.396566 0.031357 0.392311 0.034300
0 0.225445 0.149668 0.227612 0.130915 0.233849 0.115987 0.242577 0.100631 0.249981 0.089109 0.258252 0.078867 0.267579 0.067770 0.278262 0.057947 0.288344 0.049405 0.290459 0.047697 0.291400 0.048121
0 0.211653 0.177819 0.288489 0.053239 0.293729 0.060475 0.295452 0.074107 0.296043 0.089447 0.291768 0.104370 0.287951 0.114178 0.279904 0.127403 0.272498 0.138925 0.260606 0.151304 0.251016 0.159848 0.239578 0.167114 0.223537 0.176518
0 0.172654 0.156125 0.167056 0.156936 0.165732 0.158007 0.164971 0.163077 0.165744 0.171613 0.167649 0.181215 0.167550 0.185751 0.168516 0.188684 0.171415 0.224965 0.171198 0.230836 0.172399 0.234569 0.173556 0.235367 0.175777 0.234562 0.177124 0.233226 0.178782 0.228420 0.182022 0.223077 0.189335 0.206520 0.193321 0.185968 0.193634 0.179031 0.192861 0.170494 0.191708 0.166227 0.187367 0.159832 0.182999 0.157172 0.177874 0.156115
0 0.176460 0.237229 0.177497 0.239361 0.178937 0.240426 0.183141 0.241485 0.188713 0.244410 0.210533 0.251037 0.221230 0.255019 0.227085 0.258209 0.241184 0.261918 0.258964 0.269087 0.263499 0.269878 0.265813 0.271475 0.273817 0.274661 0.279225 0.275985 0.284514 0.278643 0.300595 0.284215 0.306710 0.287938 0.315141 0.289789 0.319181 0.289248 0.319538 0.285245 0.314964 0.274581 0.312016 0.269785 0.303451 0.259129 0.292923 0.249811 0.285802 0.243608 0.268984 0.235983 0.259750 0.232799 0.245321 0.229358 0.231977 0.227517 0.224300 0.227532 0.219315 0.228342 0.211048 0.228091 0.188937 0.231602 0.184542 0.232678 0.179438 0.234822
0 0.279593 0.344022 0.275932 0.343762 0.272742 0.345103 0.269955 0.345375 0.249659 0.352617 0.247342 0.354489 0.239614 0.358506 0.234866 0.360117 0.230281 0.363328 0.222222 0.367612 0.217163 0.372691 0.213878 0.375099 0.206431 0.382851 0.197043 0.395143 0.188765 0.408766 0.181288 0.423722 0.180623 0.427726 0.177830 0.434935 0.178939 0.436267 0.181041 0.436796 0.189764 0.428509 0.195696 0.423961 0.206121 0.413802 0.210945 0.407922 0.219809 0.401502 0.225720 0.393754 0.234252 0.387600 0.235671 0.385463 0.255764 0.366747 0.262997 0.361397 0.270703 0.354178 0.278243 0.348827 0.280324 0.346155 0.280443 0.344821
0 0.643020 0.544229 0.628844 0.548259 0.618023 0.552548 0.605875 0.561377 0.598475 0.568595 0.589985 0.581152 0.586032 0.591031 0.584136 0.598506 0.583015 0.611049 0.583740 0.620118 0.585365 0.625985 0.586945 0.628918 0.587556 0.632385 0.594160 0.644378 0.596733 0.646508 0.600319 0.651037 0.606032 0.655828 0.611085 0.657686 0.615262 0.662481 0.618309 0.662742 0.621189 0.664871 0.625181 0.664863 0.631107 0.667253 0.642350 0.668565 0.651845 0.668814 0.663657 0.667190 0.672800 0.664504 0.684001 0.659412 0.693550 0.652190 0.697330 0.651116 0.699837 0.647109 0.704139 0.643631 0.711327 0.635347 0.715632 0.628402 0.720294 0.617453 0.721033 0.609180 0.717875 0.599848 0.711105 0.589722 0.707521 0.581725 0.704954 0.572658 0.704697 0.568656 0.703213 0.564657 0.700523 0.560394 0.698542 0.558529 0.686926 0.551081 0.673229 0.546305 0.667822 0.544982 0.661728 0.544460
0 0.077631 0.745432 0.073601 0.790532 0.074829 0.790530 0.077944 0.793458 0.080944 0.794253 0.082643 0.795850 0.083397 0.797718 0.090290 0.803040 0.095364 0.808099 0.095860 0.809433 0.105301 0.817152 0.106881 0.820084 0.110539 0.823812 0.114388 0.825406 0.119084 0.831267 0.125575 0.837658 0.129894 0.840851 0.135795 0.846976 0.138981 0.849105 0.143725 0.854432 0.148045 0.857625 0.152409 0.863753 0.155975 0.865081 0.156941 0.868014 0.163575 0.872803 0.166028 0.876267 0.172566 0.882125 0.173061 0.883458 0.176723 0.883718 0.179209 0.876508 0.180397 0.866634 0.180690 0.856495 0.179470 0.846091 0.176271 0.830356 0.172571 0.820224 0.165073 0.804496 0.162854 0.801833 0.160520 0.797035 0.149242 0.782382 0.142233 0.774924 0.136804 0.770399 0.129225 0.765878 0.126983 0.763481 0.114163 0.755768 0.107881 0.753912 0.100822 0.750458 0.088849 0.747013 0.080394 0.745427
0 0.245957 0.655191 0.243268 0.650927 0.235406 0.646140 0.233448 0.644009 0.227640 0.640285 0.217911 0.635768 0.199279 0.631269 0.195522 0.632076 0.153430 0.632424 0.150854 0.633763 0.145705 0.632973 0.144123 0.633510 0.140768 0.633249 0.136067 0.634326 0.131154 0.634335 0.121042 0.637556 0.117687 0.637296 0.110786 0.642378 0.107739 0.642118 0.106084 0.643455 0.104242 0.643458 0.096583 0.650144 0.094478 0.653083 0.092943 0.653086 0.091268 0.651222 0.089992 0.651758 0.089965 0.655493 0.086608 0.658701 0.085380 0.658703 0.084045 0.673648 0.088344 0.673639 0.095549 0.672024 0.105754 0.671204 0.112486 0.671458 0.118558 0.668778 0.125952 0.668497 0.138071 0.666873 0.145441 0.666859 0.154134 0.665775 0.159781 0.664430 0.170292 0.663609 0.179979 0.661722 0.192947 0.660896 0.202302 0.659277 0.207805 0.659534 0.215909 0.658184 0.222592 0.658971 0.225476 0.657632 0.228595 0.657092 0.243382 0.656530 0.245272 0.655993
0 0.092056 0.583983 0.086167 0.649897 0.091765 0.649086 0.100936 0.642664 0.111168 0.638109 0.123712 0.635150 0.128981 0.634606 0.131202 0.633801 0.134862 0.634061 0.143958 0.631909 0.147548 0.632969 0.150124 0.631630 0.160492 0.632411 0.166801 0.630531 0.172871 0.631320 0.175375 0.630781 0.183027 0.631033 0.186146 0.630494 0.190374 0.631286 0.195641 0.630742 0.197272 0.629672 0.196449 0.625137 0.188164 0.618216 0.178135 0.606762 0.169400 0.601443 0.166308 0.598247 0.146357 0.587880 0.142460 0.586820 0.138493 0.586561 0.135589 0.584699 0.131951 0.584173 0.128693 0.582845 0.120805 0.581793 0.104554 0.581558
0 0.562557 0.444864 0.555402 0.442475 0.546756 0.443027 0.538558 0.445444 0.534399 0.447319 0.530783 0.449994 0.528255 0.450799 0.525560 0.453473 0.520763 0.455616 0.514121 0.461233 0.508871 0.468447 0.502348 0.472728 0.501188 0.475398 0.498163 0.478340 0.497405 0.479942 0.485233 0.489037 0.457338 0.516039 0.455209 0.519245 0.443034 0.531809 0.427496 0.554518 0.406598 0.575369 0.399008 0.584723 0.395672 0.591133 0.394393 0.595138 0.393916 0.600475 0.394596 0.606610 0.397852 0.611407 0.404840 0.615662 0.410483 0.617786 0.412797 0.619382 0.422600 0.619630 0.424394 0.620160 0.431787 0.619879 0.436254 0.618003 0.443412 0.616922 0.450358 0.614774 0.462339 0.607813 0.467280 0.604068 0.470803 0.598992 0.475081 0.595782 0.477329 0.591241 0.480283 0.589101 0.482791 0.585095 0.494516 0.574132 0.496644 0.570926 0.503430 0.563710 0.505391 0.562372 0.510593 0.555691 0.528465 0.537780 0.530758 0.536175 0.543052 0.522276 0.549647 0.517195 0.554777 0.511315 0.556244 0.508643 0.562982 0.501960 0.572960 0.489934 0.577124 0.481122 0.578385 0.470446 0.578033 0.467512 0.572965 0.455515 0.567396 0.449123
1 0.735644 0.761769 0.734652 0.762572 0.731316 0.768982 0.729634 0.774054 0.723270 0.786874 0.719365 0.796220 0.718250 0.801825 0.718319 0.804493 0.720862 0.813827 0.722418 0.817025 0.725879 0.829826 0.731867 0.845289 0.735265 0.848485 0.743813 0.852470 0.770260 0.862290 0.773471 0.864153 0.777981 0.865211 0.781169 0.867340 0.796376 0.872379 0.799280 0.874241 0.805892 0.875829 0.812031 0.879286 0.814440 0.879816 0.820012 0.882740 0.824522 0.883798 0.825539 0.882729 0.825613 0.878459 0.823798 0.874727 0.820706 0.871532 0.819433 0.868599 0.816010 0.865671 0.812447 0.860875 0.807943 0.852880 0.805960 0.851016 0.802209 0.844886 0.798787 0.841958 0.796477 0.836893 0.786259 0.824105 0.785788 0.822506 0.782225 0.817710 0.774885 0.810520 0.770074 0.802525 0.768872 0.798792 0.757310 0.783873 0.755188 0.780142 0.744332 0.767623 0.742186 0.764158 0.739070 0.761228
0 0.154422 0.123075 0.149036 0.124954 0.137054 0.131914 0.133271 0.136457 0.132043 0.136459 0.129944 0.159944 0.131479 0.159941 0.133674 0.162871 0.135063 0.167938 0.136786 0.169268 0.137708 0.169266 0.140638 0.167393 0.144302 0.164185 0.156045 0.159893 0.158693 0.157752 0.161814 0.153745 0.165931 0.145466 0.169150 0.136921 0.169556 0.132385 0.168446 0.131053 0.163370 0.129462 0.157255 0.125739
0 0.425154 0.333334 0.422485 0.332272 0.415351 0.333086 0.397189 0.330187 0.388922 0.329936 0.385190 0.330477 0.380747 0.332086 0.376755 0.332094 0.373614 0.332900 0.367115 0.336915 0.363450 0.340124 0.359855 0.346001 0.358764 0.351339 0.361165 0.362274 0.365550 0.371604 0.370601 0.376931 0.377094 0.379853 0.383211 0.380108 0.392143 0.376356 0.395453 0.373680 0.398997 0.371806 0.406939 0.365387 0.410129 0.364047 0.419540 0.351488 0.421881 0.349349 0.424670 0.345609 0.426755 0.339467 0.426993 0.336799
0 0.698183 0.026504 0.695449 0.019305 0.683127 0.009458 0.680483 0.008129 0.673584 0.009743 0.670230 0.009483 0.666662 0.011624 0.662217 0.016702 0.655220 0.022852 0.652972 0.027392 0.652424 0.033530 0.653154 0.035663 0.655184 0.036993 0.665151 0.038841 0.668836 0.038834 0.677553 0.037483 0.684308 0.037470 0.693332 0.036119 0.696240 0.034512 0.697658 0.032375
0 0.391527 0.067119 0.389140 0.069792 0.386749 0.075934 0.386383 0.090343 0.388293 0.093007 0.397878 0.099125 0.400737 0.098052 0.404682 0.098578 0.407895 0.096971 0.411556 0.097231 0.417299 0.094819 0.419427 0.091613 0.419811 0.083874 0.417432 0.076141 0.417200 0.071872 0.415336 0.068674 0.411064 0.064947 0.405325 0.063891 0.398546 0.064171
0 0.344613 0.155792 0.337598 0.155272 0.328526 0.157157 0.323184 0.161971 0.321905 0.165975 0.321524 0.170245 0.322630 0.175046 0.325886 0.179842 0.329025 0.182504 0.331976 0.183832 0.338756 0.183552 0.342041 0.181145 0.346507 0.179269 0.349271 0.179263 0.353477 0.176854 0.354849 0.175250 0.355373 0.169379 0.352166 0.164049 0.351247 0.160583 0.348746 0.157653
0 0.372201 0.242187 0.369530 0.244593 0.368961 0.247529 0.365530 0.255006 0.365666 0.260343 0.369840 0.268605 0.371257 0.269937 0.376569 0.272328 0.378552 0.274191 0.382189 0.274718 0.385898 0.274444 0.389088 0.273104 0.392466 0.273097 0.397429 0.269086 0.399295 0.268815 0.400077 0.266946 0.400178 0.258942 0.398860 0.253074 0.394734 0.244278 0.391547 0.242150 0.384296 0.240829 0.378462 0.240840
0 0.772847 0.056777 0.759240 0.057870 0.756357 0.059210 0.751630 0.064021 0.749638 0.072563 0.747223 0.078972 0.747172 0.082974 0.749770 0.084836 0.754516 0.086695 0.759685 0.090688 0.763394 0.090414 0.770578 0.085596 0.776273 0.083718 0.778896 0.081845 0.781308 0.078906 0.782351 0.074101 0.780825 0.063698 0.778961 0.060500 0.776129 0.057838
0 0.835986 0.140434 0.830011 0.138577 0.822595 0.139125 0.813403 0.142345 0.809360 0.146355 0.805905 0.154099 0.803798 0.160507 0.804361 0.164508 0.809108 0.166366 0.813711 0.169826 0.819142 0.170883 0.823749 0.170874 0.828829 0.168996 0.830483 0.167659 0.833861 0.167653 0.837027 0.166579 0.840882 0.161236 0.841952 0.152695 0.839030 0.144163
0 0.814601 0.235460 0.810630 0.238670 0.807154 0.243213 0.806229 0.246683 0.802801 0.250692 0.802089 0.255229 0.802843 0.257095 0.808200 0.262421 0.815001 0.265343 0.821968 0.266397 0.825560 0.263989 0.828347 0.263716 0.833193 0.261039 0.838818 0.256491 0.840213 0.254621 0.841138 0.251151 0.841238 0.243147 0.838290 0.238349 0.834560 0.235422 0.825443 0.234372
0 0.965181 0.068944 0.960881 0.068952 0.951857 0.070304 0.948668 0.071644 0.945335 0.074586 0.942165 0.079128 0.938519 0.089007 0.938352 0.090876 0.939885 0.094341 0.944136 0.094866 0.955117 0.099114 0.958825 0.098840 0.962772 0.095897 0.966174 0.095624 0.969671 0.094283 0.972721 0.091076 0.973526 0.088939 0.974998 0.079331 0.974482 0.074797 0.970800 0.071334
1 0.646750 0.406279 0.646864 0.411882 0.649242 0.419615 0.651154 0.422279 0.656502 0.438011 0.665581 0.456670 0.667394 0.463871 0.675220 0.482800 0.679725 0.490795 0.681868 0.497728 0.684394 0.500391 0.687748 0.500652 0.695689 0.494233 0.696423 0.492897 0.699709 0.490489 0.703539 0.485413 0.711434 0.479528 0.720324 0.469371 0.723584 0.467231 0.730606 0.460814 0.735784 0.454400 0.744435 0.446913 0.750276 0.439964 0.761834 0.430870 0.765286 0.426595 0.766446 0.423924 0.772378 0.419377 0.771814 0.415376 0.769784 0.414046 0.760029 0.413264 0.757030 0.412470 0.749661 0.412484 0.732444 0.409316 0.720492 0.409072 0.707172 0.406962 0.696141 0.406717 0.690166 0.404861 0.683387 0.405141 0.669122 0.403301 0.654075 0.403330 0.651240 0.404136 0.647886 0.403875
1 0.651664 0.347838 0.650281 0.363316 0.650866 0.370518 0.648991 0.381194 0.647465 0.398273 0.648455 0.400939 0.651833 0.400933 0.658780 0.398785 0.664357 0.394772 0.667807 0.393965 0.677779 0.388876 0.682197 0.387533 0.697440 0.378433 0.705662 0.375749 0.707316 0.374411 0.708313 0.370140 0.706046 0.368010 0.698372 0.364556 0.696957 0.363225 0.689825 0.360571 0.681656 0.355783 0.674808 0.353396 0.672519 0.351532 0.666356 0.348343 0.657052 0.345960 0.653651 0.346233
1 0.976984 0.472877 0.976179 0.475013 0.979837 0.478742 0.984276 0.480601 0.985645 0.482466 0.988903 0.483793 0.998133 0.490445 1.000000 0.498684 1.000000 0.501613 1.000000 0.505601 1.000000 0.505597 1.000000 0.451692 1.000000 0.452234 1.000000 0.454106 1.000000 0.459740 1.000000 0.462413 1.000000 0.461616 1.000000 0.461620 0.995769 0.465370 0.987618 0.467253 0.979324 0.470738
1 0.912846 0.651233 0.911048 0.654171 0.912724 0.656035 0.917470 0.657893 0.919665 0.660825 0.923159 0.662953 0.929318 0.669611 0.933331 0.672804 0.937179 0.674398 0.943530 0.678922 0.954388 0.687972 0.962273 0.692492 0.969023 0.699417 0.983000 0.707928 0.989821 0.714052 0.991001 0.714583 0.994686 0.714576 0.997900 0.712969 0.999367 0.710297 1.000000 0.672930 1.000000 0.665722 1.000000 0.633960 1.000000 0.632892 1.000000 0.632889 1.000000 0.626217 1.000000 0.625953 1.000000 0.623820 1.000000 0.623021 1.000000 0.621696 1.000000 0.622778 0.979497 0.630292 0.969740 0.632979 0.960385 0.634598 0.953037 0.637814 0.936971 0.642380 0.933118 0.644257 0.921850 0.646680 0.915801 0.649092
1 0.920995 0.735263 0.914923 0.737943 0.910621 0.741419 0.903791 0.745702 0.891007 0.751330 0.877962 0.759893 0.874110 0.761769 0.871131 0.764176 0.866666 0.766052 0.851658 0.775952 0.836132 0.784788 0.832516 0.787463 0.831735 0.789332 0.832370 0.792532 0.835841 0.794927 0.838532 0.795723 0.841081 0.798119 0.851802 0.801833 0.856783 0.804492 0.861059 0.804750 0.864789 0.807678 0.870432 0.809801 0.872746 0.811398 0.876949 0.812458 0.880395 0.815119 0.891352 0.819633 0.895696 0.822560 0.901978 0.824415 0.911327 0.829734 0.915790 0.831326 0.918386 0.833189 0.928800 0.836904 0.931611 0.836365 0.934306 0.833691 0.935182 0.830755 0.935329 0.825685 0.933307 0.813949 0.926753 0.742989 0.925080 0.737656 0.921916 0.735261
0 1.000000 0.045070 1.000000 0.040806 1.000000 0.036015 1.000000 0.035502 1.000000 0.037119 0.996621 0.040068 0.992506 0.044879 0.991463 0.049683 0.992098 0.052883 0.993184 0.054482 0.994907 0.055814 0.997009 0.056343 1.000000 0.056337 1.000000 0.054179 1.000000 0.053615 1.000000 0.052811 1.000000 0.049338
0 0.956745 0.128994 0.952801 0.128468 0.948383 0.129811 0.945735 0.131950 0.941171 0.138362 0.933978 0.153584 0.933078 0.156789 0.934043 0.159722 0.938977 0.162914 0.950339 0.162892 0.953624 0.160484 0.955708 0.154343 0.957089 0.142334 0.959786 0.136192 0.959342 0.130856
0 0.900837 0.239295 0.899842 0.243567 0.901019 0.247567 0.903025 0.249164 0.913370 0.250211 0.919393 0.251533 0.935190 0.256839 0.945059 0.263224 0.953013 0.270412 0.959954 0.275202 0.962338 0.275998 0.969070 0.276251 0.972897 0.274643 0.977626 0.269831 0.978434 0.264226 0.977566 0.256757 0.975682 0.250357 0.972026 0.243161 0.969857 0.239962 0.963390 0.233305 0.955361 0.230386 0.951041 0.227192 0.936161 0.225354 0.933090 0.225360 0.918349 0.228857 0.913882 0.230733 0.904477 0.236354
0 0.892358 0.237978 0.888366 0.237986 0.885224 0.238792 0.880946 0.242003 0.877753 0.246811 0.877064 0.251082 0.878195 0.255615 0.879727 0.259081 0.883102 0.262543 0.886527 0.262003 0.888820 0.260398 0.892955 0.258789 0.897257 0.255311 0.899788 0.251038 0.899886 0.246502 0.898118 0.242237 0.895900 0.239572
0 0.871660 0.387167 0.869343 0.389039 0.868491 0.391708 0.868818 0.394910 0.873490 0.401038 0.883048 0.410892 0.884793 0.415424 0.887482 0.419687 0.891212 0.422615 0.894518 0.423409 0.899291 0.421532 0.901607 0.419660 0.902364 0.418058 0.903056 0.410319 0.901198 0.400184 0.897779 0.393787 0.891169 0.388730 0.885242 0.386340 0.880991 0.385815
0 0.842059 0.392027 0.840076 0.390163 0.829684 0.389649 0.820233 0.392336 0.812884 0.395552 0.805959 0.400902 0.800474 0.407315 0.798297 0.411056 0.798506 0.415591 0.801410 0.417453 0.808779 0.417439 0.814804 0.415292 0.825391 0.410203 0.828509 0.409663 0.831747 0.407788 0.839903 0.398968 0.841725 0.395763
0 0.862349 0.391720 0.861121 0.391723 0.859159 0.393062 0.857693 0.395732 0.855773 0.403473 0.855272 0.409078 0.851105 0.421359 0.840227 0.436588 0.833417 0.444073 0.823701 0.453162 0.820843 0.454235 0.819164 0.455839 0.819045 0.457173 0.820318 0.460107 0.837112 0.461142 0.842403 0.460331 0.849680 0.457915 0.859652 0.452826 0.870620 0.443467 0.878139 0.434914 0.880386 0.430374 0.881648 0.419699 0.881203 0.414364 0.879647 0.411165 0.875471 0.406370 0.873890 0.403438 0.870443 0.400777 0.867188 0.395981
0 0.875773 0.495752 0.871567 0.498162 0.868233 0.501103 0.868207 0.504838 0.874576 0.516032 0.878180 0.527232 0.881390 0.529093 0.888429 0.529346 0.892636 0.526937 0.895996 0.520260 0.897090 0.511453 0.895772 0.505585 0.893106 0.501055 0.886756 0.496531 0.881986 0.494940
0 0.904898 0.523711 0.901565 0.526653 0.901467 0.531189 0.903968 0.534119 0.909113 0.538377 0.913788 0.541036 0.921719 0.548492 0.925588 0.553287 0.931867 0.558611 0.933355 0.559142 0.937371 0.558867 0.940963 0.556459 0.942358 0.554589 0.943211 0.551919 0.943473 0.548984 0.942698 0.543916 0.939609 0.537251 0.932907 0.529794 0.928611 0.526334 0.919661 0.523415 0.910190 0.522900
0 0.993812 0.573166 0.987150 0.575580 0.982848 0.579058 0.980081 0.582531 0.979321 0.587602 0.979673 0.590536 0.981747 0.594802 0.984249 0.597732 0.990835 0.603055 0.995370 0.603847 0.998181 0.603308 1.000000 0.600634 1.000000 0.597964 1.000000 0.594228 1.000000 0.585683 1.000000 0.581680 1.000000 0.579013 1.000000 0.575284
0 0.938602 0.582879 0.935698 0.581017 0.931093 0.581026 0.925163 0.582104 0.919090 0.584784 0.914788 0.588261 0.909658 0.594141 0.908331 0.598679 0.909392 0.600545 0.911470 0.601341 0.917448 0.599729 0.920850 0.599455 0.924016 0.598382 0.927325 0.595708 0.934957 0.592757 0.937935 0.590350 0.939425 0.587413
0 0.943364 0.708271 0.940791 0.706142 0.936185 0.706151 0.926803 0.711506 0.923613 0.712846 0.919928 0.712853 0.917092 0.713659 0.913855 0.715533 0.911491 0.717939 0.910284 0.721142 0.910516 0.725411 0.912686 0.728609 0.916348 0.728869 0.925232 0.725649 0.927903 0.723243 0.935607 0.719493 0.942508 0.714410 0.943763 0.710672
0 0.949012 0.902768 0.945801 0.900906 0.942140 0.900647 0.935074 0.904128 0.932355 0.907069 0.928292 0.907877 0.918699 0.912164 0.916239 0.915638 0.915905 0.919374 0.917223 0.925241 0.920434 0.927102 0.925112 0.926293 0.932129 0.923345 0.943544 0.915852 0.948273 0.911040 0.949739 0.908369 0.949814 0.904100
0 0.807107 0.807256 0.808001 0.810989 0.811236 0.812585 0.815535 0.812577 0.824840 0.814960 0.833318 0.816277 0.837379 0.818937 0.842739 0.820795 0.846165 0.820254 0.847489 0.819185 0.847327 0.814116 0.844332 0.809852 0.835384 0.803466 0.831535 0.801873 0.828488 0.801612 0.825844 0.800283 0.817860 0.800298 0.812190 0.801910
