0 0.743583 0.204763 0.739046 0.209488 0.738423 0.223467 0.740016 0.229568 0.747783 0.242023 0.753125 0.242324 0.760574 0.226769 0.760418 0.211789 0.754265 0.205423
0 0.391760 0.698004 0.391845 0.710766 0.402146 0.728711 0.403905 0.738249 0.409885 0.746653 0.414955 0.746570 0.423226 0.723122 0.423160 0.713589 0.413827 0.705215 0.403682 0.705323 0.397687 0.695822
0 0.441631 0.712315 0.439977 0.715504 0.441722 0.724993 0.449262 0.725948 0.451739 0.721693 0.449998 0.712218
0 0.546471 0.711096 0.547354 0.719414 0.550640 0.723534 0.557938 0.722397 0.561937 0.716110 0.561083 0.710926
0 0.556029 0.688119 0.553613 0.690219 0.553656 0.695416 0.556159 0.703707 0.561057 0.707810 0.565071 0.703612 0.566601 0.693219 0.563330 0.689096
0 0.650234 0.663755 0.649521 0.671957 0.655120 0.680116 0.660635 0.680076 0.665316 0.675950 0.666043 0.669810 0.660471 0.662680 0.652583 0.661694
0 0.665252 0.752724 0.651100 0.757083 0.651148 0.762216 0.654364 0.768313 0.661470 0.769196 0.665358 0.763993
0 0.530695 0.777058 0.525777 0.776116 0.519287 0.784624 0.519329 0.789857 0.521814 0.792940 0.529944 0.785435 0.531555 0.782265
0 0.393447 0.823620 0.387484 0.822714 0.382441 0.833528 0.384196 0.840953 0.389300 0.839736 0.393496 0.831083
0 0.388646 0.869648 0.386992 0.877181 0.387899 0.885697 0.392172 0.887680 0.400664 0.886310 0.403174 0.880889 0.402305 0.877721 0.393759 0.870545
0 0.510563 0.824658 0.502326 0.824885 0.495746 0.828220 0.494134 0.833523 0.497496 0.840784 0.500814 0.842787 0.507394 0.840490 0.511427 0.829879
0 0.513886 0.828761 0.511444 0.831976 0.511485 0.837220 0.518143 0.847508 0.523887 0.847331 0.527917 0.838832 0.527049 0.832577 0.522917 0.828506
0 0.599156 0.825325 0.599201 0.830503 0.603284 0.838671 0.610481 0.837421 0.613634 0.832157 0.611972 0.824966
0 0.686977 0.324472 0.683942 0.332433 0.684858 0.346640 0.688817 0.353882 0.695035 0.354129 0.699611 0.346231 0.698706 0.333065 0.693982 0.325790
0 0.700213 0.486856 0.700273 0.492936 0.703427 0.498063 0.709638 0.499192 0.712715 0.497227 0.714211 0.492199 0.712584 0.484076 0.704829 0.482901
0 0.707283 0.653308 0.701894 0.658411 0.699620 0.664525 0.699719 0.674700 0.702891 0.680783 0.713014 0.683755 0.719172 0.679645 0.722205 0.673536 0.722144 0.667451 0.717431 0.660374
0 0.674327 0.880650 0.673599 0.886835 0.676015 0.892902 0.682303 0.893688 0.682999 0.884435 0.681402 0.881419 0.678244 0.879482
0 0.730740 0.133363 0.738374 0.125800 0.746916 0.125297 0.749772 0.133337 0.750678 0.138430 0.745083 0.133837 0.739750 0.134852 0.734003 0.138078 0.728594 0.134050
0 0.736218 0.232353 0.730882 0.235054 0.724859 0.246754 0.724909 0.251777 0.737260 0.259469 0.741057 0.256668 0.742424 0.240720
0 0.759227 0.389738 0.757776 0.396705 0.759405 0.406785 0.764791 0.411969 0.769356 0.412113 0.770063 0.407130 0.766906 0.396013 0.762265 0.388842
0 0.741152 0.490718 0.737365 0.495681 0.739332 0.538060 0.744706 0.538131 0.759874 0.525261 0.761328 0.518248 0.752684 0.494972
0 0.770156 0.488293 0.770251 0.497321 0.775615 0.501434 0.780897 0.498528 0.781624 0.495537 0.779285 0.489482 0.775466 0.487400
0 0.782531 0.509575 0.786417 0.518653 0.791001 0.522729 0.803062 0.520919 0.802254 0.515912 0.794685 0.513787 0.787056 0.507652
0 0.765960 0.596724 0.759068 0.594677 0.754511 0.597678 0.753839 0.606747 0.756187 0.611793 0.756260 0.618849 0.764645 0.616848 0.768395 0.610818 0.769063 0.601767
0 0.717835 0.700978 0.720962 0.703991 0.737943 0.703806 0.742518 0.699708 0.743204 0.691607 0.740845 0.686569 0.734636 0.681557 0.723822 0.680626 0.720770 0.684708
0 0.752405 0.690513 0.747844 0.694598 0.744855 0.702719 0.740262 0.704793 0.741103 0.711870 0.748902 0.722901 0.754397 0.734957 0.759004 0.735896 0.761257 0.731821 0.765865 0.733770 0.770404 0.729666 0.772628 0.723585 0.773241 0.709467 0.766218 0.694422
0 0.761142 0.794485 0.761205 0.800552 0.765094 0.806521 0.772744 0.807333 0.776525 0.804206 0.776451 0.797142 0.772575 0.791179 0.764926 0.790350
0 0.813398 0.778169 0.805884 0.781348 0.802170 0.787462 0.803769 0.795465 0.810676 0.805339 0.815201 0.805222 0.823382 0.795988 0.822542 0.787990 0.817951 0.781078
0 0.841723 0.826536 0.837947 0.823643 0.830518 0.829868 0.830574 0.834877 0.832096 0.836835 0.839579 0.835605 0.841779 0.831536
0 0.847234 0.718564 0.848137 0.732510 0.854188 0.740389 0.860138 0.740291 0.869694 0.732180 0.868907 0.728216 0.862985 0.729298 0.856274 0.727406 0.854008 0.724451 0.853929 0.717479 0.852416 0.715507
0 0.831045 0.656992 0.824426 0.651516 0.823608 0.643428 0.826942 0.636953 0.834749 0.640822 0.837254 0.648244 0.837337 0.655670 0.834958 0.659559
0 0.863923 0.681562 0.862451 0.682567 0.861079 0.692520 0.856757 0.704502 0.856813 0.709478 0.859055 0.710446 0.867938 0.708352 0.870126 0.705346 0.867687 0.686498
0 0.801447 0.478254 0.797630 0.476772 0.791007 0.471017 0.787367 0.467293 0.786427 0.458592 0.787590 0.448545 0.789203 0.441035 0.792955 0.435817 0.800339 0.434350 0.808129 0.433736 0.814040 0.435856 0.817663 0.440704 0.823002 0.448645 0.824528 0.453974 0.824809 0.460384 0.824441 0.465108 0.822798 0.468131 0.818627 0.471098 0.816554 0.473569 0.815117 0.476604 0.812618 0.478781 0.808628 0.479530 0.806108 0.480312
0 0.815079 0.434771 0.809950 0.427097 0.807351 0.420327 0.806656 0.414450 0.807419 0.407216 0.809459 0.401430 0.813834 0.397958 0.818016 0.396430 0.825547 0.394742 0.833942 0.397807 0.836068 0.401210 0.837799 0.406817 0.838303 0.414614 0.836506 0.421775 0.834271 0.427262 0.830986 0.432445 0.827878 0.435136 0.822654 0.436101
0 0.840376 0.307486 0.832930 0.307132 0.827106 0.319732 0.827161 0.324687 0.833140 0.325945 0.839798 0.322287 0.842729 0.318467
0 0.840851 0.217670 0.836435 0.221350 0.834292 0.229119 0.842614 0.242432 0.847089 0.244660 0.851491 0.240969 0.852838 0.229228 0.846810 0.220003
0 0.835271 0.183787 0.836070 0.188770 0.845779 0.194325 0.852446 0.194753 0.858327 0.192181 0.859770 0.189326 0.858260 0.186279 0.848598 0.181708 0.837479 0.181959
0 0.865252 0.217186 0.860153 0.222776 0.859551 0.234544 0.865569 0.244726 0.874409 0.245229 0.875822 0.240401 0.874928 0.226608 0.871928 0.221520
0 0.847804 0.307838 0.848658 0.317751 0.851681 0.322825 0.854667 0.324933 0.859837 0.324180 0.864226 0.320437 0.863442 0.316461 0.858950 0.311324 0.852242 0.307062
0 0.856888 0.325033 0.855464 0.329902 0.859995 0.337991 0.863725 0.341109 0.871820 0.339485 0.872465 0.331639 0.869426 0.323628 0.862032 0.322308
0 0.780118 0.140414 0.771113 0.146733 0.762145 0.159053 0.758427 0.166774 0.757761 0.175705 0.779870 0.188104 0.788930 0.188689 0.792644 0.183966 0.794699 0.165251 0.792216 0.144254 0.790678 0.141169
0 0.895410 0.223917 0.903569 0.235158 0.911569 0.234652 0.915954 0.236861 0.918789 0.231176 0.918718 0.225322 0.915778 0.222219 0.897567 0.221113
0 0.893840 0.276697 0.898239 0.277906 0.909089 0.270654 0.916271 0.263227 0.916201 0.257367 0.905224 0.251870 0.895003 0.251296 0.892878 0.257053
0 0.921288 0.318161 0.913280 0.316811 0.897299 0.321948 0.894441 0.327703 0.898181 0.334733 0.906297 0.341944 0.913597 0.343235 0.921394 0.326957
0 0.922911 0.392514 0.920779 0.396353 0.921623 0.406168 0.927492 0.411253 0.934727 0.410512 0.933873 0.399738 0.929502 0.397633 0.925078 0.391612
0 0.926494 0.388730 0.928027 0.395627 0.931688 0.398686 0.949848 0.407107 0.955585 0.405351 0.951061 0.388638 0.947349 0.379734 0.943706 0.376674 0.938650 0.376483
0 0.960521 0.571254 0.960630 0.580048 0.968735 0.595724 0.976663 0.598689 0.980922 0.595785 0.985126 0.588990 0.986456 0.581211 0.983512 0.574374 0.969111 0.568402 0.963363 0.568350
0 0.912097 0.583629 0.906968 0.582609 0.901158 0.586512 0.900483 0.591439 0.903531 0.601314 0.905728 0.601323 0.912203 0.592488
0 0.968761 0.655317 0.966653 0.659237 0.966763 0.668040 0.972696 0.682669 0.975616 0.686554 0.986325 0.683534 0.989799 0.675704 0.988247 0.665963 0.978796 0.654301
0 0.963921 0.728778 0.963261 0.733688 0.965568 0.745413 0.970618 0.746304 0.973407 0.739402 0.972616 0.733541 0.970410 0.729659 0.966788 0.727755
0 0.992053 0.796726 0.989179 0.795821 0.983525 0.801836 0.982881 0.807727 0.984353 0.810624 0.986515 0.811544 0.991487 0.808473 0.993557 0.802552
0 0.986194 0.842884 0.984786 0.844889 0.984897 0.853704 0.986368 0.856593 0.989258 0.858453 0.994969 0.857276 0.996361 0.854293 0.994832 0.846518 0.990491 0.842745
0 0.957423 0.670054 0.956885 0.684757 0.959085 0.687678 0.963409 0.687640 0.964824 0.685669 0.963250 0.674912 0.959587 0.670041
0 0.536392 0.473120 0.533169 0.477199 0.533211 0.482387 0.541507 0.502255 0.549727 0.514831 0.556200 0.513901 0.559375 0.506712 0.561627 0.486076 0.559098 0.473620
0 0.260982 0.166412 0.255727 0.166081 0.247853 0.169875 0.244387 0.179314 0.245367 0.198689 0.241892 0.207077 0.241986 0.225344 0.243779 0.231887 0.249078 0.236467 0.259608 0.237028 0.268332 0.232139 0.273538 0.226001 0.278688 0.211320 0.279471 0.195339 0.276792 0.183428 0.267995 0.170060
0 0.113027 0.942067 0.111181 0.939924 0.104747 0.941302 0.092797 0.951818 0.090974 0.958579 0.093757 0.961797 0.103909 0.963573 0.112133 0.948767
0 0.080473 0.866555 0.081437 0.877656 0.086087 0.884179 0.103627 0.888025 0.123784 0.878472 0.131058 0.868277 0.131950 0.862720 0.131019 0.858327 0.126432 0.854043 0.090554 0.841786 0.085032 0.847502
0 0.064535 0.816885 0.058030 0.818162 0.053394 0.824975 0.043143 0.829712 0.043164 0.836419 0.046922 0.843021 0.055316 0.842783 0.061813 0.837023 0.067344 0.823499
0 0.268518 0.752212 0.262342 0.749064 0.244701 0.751525 0.240298 0.755947 0.240325 0.761382 0.246560 0.768874 0.253630 0.768740 0.264167 0.760954
0 0.631734 0.283326 0.625408 0.283013 0.619153 0.291887 0.619190 0.295971 0.612985 0.312022 0.601997 0.328928 0.600475 0.337057 0.602114 0.342245 0.610874 0.342603 0.621153 0.337917 0.637569 0.317208 0.639804 0.303058 0.636546 0.291707
0 0.647534 0.297818 0.645938 0.303060 0.645704 0.331347 0.646816 0.344389 0.649196 0.353204 0.652524 0.356957 0.653471 0.353171 0.653978 0.336813 0.653688 0.323395 0.652062 0.307380 0.649513 0.298542
0 0.652277 0.295067 0.658859 0.296864 0.663694 0.306223 0.665304 0.320091 0.664450 0.334065 0.663421 0.346122 0.660886 0.355588 0.657296 0.357571 0.652997 0.354637 0.654277 0.351067 0.654020 0.341277 0.654561 0.328544 0.653794 0.317029 0.653060 0.309132 0.652672 0.302094 0.652306 0.298258
0 0.326195 0.338419 0.327108 0.346972 0.332317 0.354622 0.341766 0.354978 0.346863 0.347736 0.346817 0.340302 0.344226 0.337013 0.330473 0.334333
0 0.467509 0.265818 0.454265 0.268278 0.449323 0.274299 0.446880 0.281496 0.446116 0.290872 0.448689 0.301450 0.457886 0.309181 0.465350 0.309515 0.471122 0.306645 0.477630 0.293399 0.477520 0.278817
0 0.241689 0.682073 0.241717 0.687500 0.246166 0.692888 0.250584 0.692850 0.256734 0.688464 0.254932 0.680894 0.246966 0.676614
0 0.179558 0.755897 0.177767 0.758120 0.179617 0.769050 0.188613 0.768880 0.191292 0.765546 0.188558 0.756838 0.184054 0.754725
0 0.176984 0.589400 0.207087 0.582457 0.219602 0.583078 0.207142 0.593924 0.195487 0.595514 0.187827 0.593832
0 0.115220 0.558426 0.112506 0.566110 0.113441 0.571625 0.121673 0.573888 0.124398 0.570609 0.124367 0.562911 0.119788 0.558469
0 0.092267 0.550482 0.084902 0.550405 0.079380 0.553665 0.067363 0.553545 0.067396 0.563517 0.073900 0.571323 0.081287 0.571379 0.090475 0.563717
0 0.000000 0.515963 0.000000 0.532725 0.010405 0.534007 0.013217 0.531811 0.014144 0.527363 0.009420 0.517260
0 0.115559 0.410059 0.113751 0.414397 0.114694 0.422108 0.121096 0.426671 0.126561 0.426819 0.129277 0.423605 0.129255 0.418127 0.126509 0.413666 0.120117 0.409096
0 0.194136 0.413438 0.190605 0.423114 0.190636 0.429635 0.194252 0.438422 0.206793 0.448506 0.219240 0.447726 0.221881 0.443461 0.221844 0.435883 0.211098 0.418264 0.204834 0.411580
0 0.184188 0.390321 0.185144 0.403393 0.191464 0.415533 0.196831 0.416773 0.205725 0.411607 0.207459 0.401903 0.202964 0.393092 0.196704 0.389638
0 0.151641 0.352179 0.146239 0.357437 0.142659 0.367136 0.146417 0.400032 0.154619 0.415566 0.162749 0.417979 0.171694 0.405162 0.175180 0.381328 0.173350 0.373651 0.163390 0.358060 0.157057 0.352380
0 0.057548 0.387360 0.055702 0.389512 0.057649 0.418323 0.066949 0.430734 0.074347 0.433136 0.078944 0.428843 0.082594 0.419018 0.082539 0.403584 0.076976 0.393494 0.063100 0.386433
0 0.099642 0.309634 0.099719 0.330490 0.106166 0.341716 0.109828 0.344049 0.114390 0.343126 0.127100 0.333765 0.127979 0.326145 0.123384 0.313924 0.120645 0.311621
0 0.144688 0.202604 0.140186 0.206703 0.132132 0.230236 0.132198 0.246602 0.135883 0.260969 0.146843 0.285477 0.152294 0.293352 0.162233 0.299237 0.168521 0.297342 0.176566 0.290101 0.182783 0.278454 0.184444 0.250355 0.182635 0.245928 0.183416 0.221055 0.182496 0.215590 0.176196 0.207653 0.162708 0.201461
0 0.076177 0.163567 0.069749 0.167563 0.067938 0.177341 0.069824 0.189540 0.075376 0.197550 0.076341 0.210785 0.072678 0.216077 0.072716 0.227071 0.075498 0.232714 0.081941 0.234150 0.084682 0.229903 0.091911 0.199592 0.098296 0.193388 0.099190 0.187967 0.093659 0.176690 0.084459 0.167367
0 0.053146 0.173153 0.046661 0.172763 0.037391 0.176617 0.033685 0.180811 0.033705 0.187437 0.036516 0.194223 0.056070 0.218472 0.054250 0.228291 0.040364 0.236388 0.039459 0.244073 0.042264 0.249737 0.050616 0.250155 0.058932 0.245062 0.070849 0.220374 0.068946 0.202679 0.065215 0.190371
0 0.471114 0.305602 0.464529 0.310522 0.462081 0.315633 0.462197 0.331303 0.468068 0.340941 0.476372 0.345447 0.481318 0.344601 0.488665 0.335526 0.490231 0.325187 0.486866 0.315678 0.481042 0.308134
0 0.655022 0.416637 0.647210 0.422515 0.647399 0.442914 0.649022 0.448056 0.653774 0.451237 0.662415 0.451457 0.668628 0.445515 0.669983 0.423189 0.658950 0.416757
0 0.564240 0.412837 0.563485 0.419003 0.565134 0.423179 0.569198 0.427422 0.574029 0.427560 0.575620 0.425545 0.575541 0.416272 0.572288 0.412053
0 0.345855 0.461473 0.340698 0.460289 0.332977 0.463310 0.327846 0.469598 0.320198 0.489739 0.321151 0.504724 0.328978 0.514472 0.335871 0.514580 0.341871 0.511475 0.348680 0.501997 0.352865 0.486105 0.351033 0.466912
0 0.402147 0.478619 0.398794 0.482778 0.398858 0.492297 0.407320 0.494570 0.413170 0.487291 0.413969 0.480975
0 0.629411 0.549931 0.630260 0.556091 0.634297 0.564329 0.639065 0.566421 0.644560 0.562378 0.646082 0.556256 0.644447 0.550101 0.638143 0.552077 0.636541 0.550012
0 0.606030 0.605239 0.599643 0.606249 0.586876 0.613436 0.576525 0.625827 0.571783 0.637215 0.571064 0.647573 0.571906 0.651714 0.578427 0.659973 0.584902 0.664082 0.594539 0.664033 0.604905 0.658825 0.610425 0.650559 0.613515 0.639224 0.613386 0.624814 0.610078 0.611429
0 0.560311 0.618561 0.550601 0.620624 0.527936 0.637266 0.522220 0.638316 0.519789 0.641449 0.519839 0.647709 0.526393 0.648734 0.541790 0.636210 0.549081 0.633086 0.558752 0.625819 0.561146 0.621673
0 0.521929 0.601829 0.503909 0.604895 0.506481 0.618483 0.500063 0.639391 0.500168 0.652993 0.502655 0.655077 0.509216 0.652962 0.519772 0.639362 0.528635 0.622681 0.528584 0.616432
0 0.446039 0.626824 0.441909 0.634204 0.438740 0.659534 0.446358 0.671103 0.455568 0.674209 0.458062 0.673140 0.462133 0.660487 0.462873 0.647860 0.453569 0.628931
0 0.399450 0.580166 0.396120 0.588624 0.399550 0.595002 0.409745 0.602459 0.412240 0.597178 0.411280 0.580245 0.409578 0.578118
0 0.346649 0.589416 0.344956 0.593678 0.345895 0.606497 0.355355 0.609726 0.360480 0.607608 0.363006 0.601222 0.362111 0.594826 0.356085 0.589467
0 0.264985 0.585734 0.259769 0.596506 0.259804 0.602990 0.264257 0.613806 0.273070 0.620298 0.284450 0.620312 0.293977 0.607413 0.294813 0.600962 0.293038 0.595577 0.287768 0.589096 0.280761 0.585826
0 0.369126 0.755864 0.369208 0.768682 0.373510 0.772870 0.378619 0.770634 0.381149 0.766318 0.380261 0.761001
0 0.351972 0.343690 0.344351 0.357200 0.343553 0.366734 0.348714 0.370106 0.357268 0.370411 0.358949 0.366229 0.359682 0.347172 0.358808 0.343958
0 0.024145 0.421833 0.026055 0.435216 0.031707 0.450906 0.036389 0.456565 0.046622 0.453472 0.049397 0.449105 0.049372 0.441349 0.043747 0.426800 0.036280 0.421055 0.027878 0.419714
0 0.806522 0.354578 0.804353 0.362450 0.805182 0.369446 0.811301 0.379621 0.818877 0.386852 0.833848 0.389368 0.842709 0.382752 0.844861 0.375904 0.843263 0.365951 0.839431 0.355904 0.833383 0.347737 0.822897 0.344327 0.816170 0.345038
0 0.684054 0.182934 0.680982 0.186772 0.679494 0.193741 0.683637 0.220237 0.686816 0.227487 0.696218 0.237102 0.704733 0.237584 0.709299 0.230801 0.709180 0.218726 0.705970 0.206465 0.701222 0.195105 0.695735 0.187712 0.690267 0.183333
0 0.645192 0.204778 0.642870 0.208696 0.642926 0.214791 0.646963 0.226193 0.655647 0.231763 0.661123 0.231062 0.664997 0.227235 0.668057 0.220330 0.667999 0.214257 0.664042 0.208960 0.653028 0.203227
0 0.592844 0.194437 0.588842 0.193167 0.579294 0.198719 0.572163 0.208536 0.565076 0.225567 0.565128 0.231732 0.567577 0.235977 0.582789 0.232727 0.594709 0.225218 0.596214 0.215082
0 0.605843 0.134071 0.597888 0.133509 0.593160 0.139299 0.590837 0.147307 0.590909 0.155483 0.593329 0.158710 0.602888 0.159350 0.610004 0.155751 0.609895 0.143521
0 0.389572 0.241846 0.388782 0.250230 0.392178 0.252514 0.403133 0.250982 0.403104 0.246775 0.397989 0.238089 0.393768 0.237861
0 0.329067 0.243914 0.327398 0.252325 0.330029 0.260959 0.339481 0.262497 0.342883 0.258427 0.342850 0.253124 0.332498 0.243034
0 0.291255 0.280364 0.286084 0.288672 0.287069 0.309038 0.292324 0.315682 0.300145 0.317084 0.309617 0.307890 0.309548 0.296158 0.303422 0.284143 0.299068 0.280736
0 0.377603 0.094820 0.360652 0.097785 0.350485 0.106541 0.354863 0.124795 0.364271 0.131773 0.368554 0.137335 0.369438 0.142663 0.375364 0.140955 0.384575 0.125807 0.386217 0.118565 0.385267 0.102738
0 0.471246 0.102769 0.467094 0.099348 0.461306 0.098919 0.453060 0.103510 0.437423 0.124267 0.437483 0.132618 0.442509 0.137137 0.454164 0.141060 0.463277 0.141681 0.465743 0.139770 0.468994 0.132719 0.472157 0.114252
0 0.412923 0.085919 0.409611 0.091949 0.408886 0.108646 0.413994 0.119480 0.419896 0.125126 0.434930 0.125135 0.443992 0.112222 0.443955 0.107010 0.424675 0.090983
0 0.478484 0.079462 0.474428 0.087445 0.472071 0.102829 0.473759 0.108141 0.484544 0.119289 0.491139 0.122867 0.498511 0.122356 0.504976 0.112484 0.504078 0.102088 0.496672 0.096369 0.487552 0.083265
0 0.650247 0.241601 0.644071 0.253447 0.643358 0.261538 0.647378 0.270892 0.657624 0.275476 0.664607 0.268737 0.666887 0.261765 0.666048 0.255644 0.660464 0.244196
0 0.565354 0.258455 0.560521 0.258201 0.557372 0.267296 0.546186 0.282185 0.534893 0.288860 0.522080 0.314120 0.520523 0.323371 0.522212 0.330693 0.549075 0.338013 0.558775 0.338413 0.561985 0.336485 0.570626 0.311134 0.575194 0.281554 0.574302 0.271243
0 0.397436 0.281206 0.393242 0.285218 0.393334 0.298920 0.404454 0.321531 0.408681 0.323815 0.412031 0.321854 0.418667 0.309530 0.420235 0.293850 0.418521 0.288520 0.414292 0.284118
0 0.413480 0.166571 0.410998 0.171653 0.411070 0.182142 0.422149 0.207962 0.426334 0.208207 0.437082 0.193158 0.436948 0.174345 0.433573 0.168906 0.429384 0.166547 0.420174 0.164907
0 0.732361 0.305373 0.724748 0.312053 0.724089 0.323085 0.732718 0.340549 0.738120 0.343788 0.747132 0.327115 0.747763 0.314113 0.746182 0.309029 0.742326 0.305842
0 0.643789 0.564417 0.643921 0.578746 0.648771 0.591057 0.654309 0.593132 0.659810 0.592139 0.666038 0.586048 0.668335 0.579942 0.666708 0.573809 0.648515 0.563438
0 0.613067 0.499431 0.602681 0.497183 0.596314 0.500150 0.591555 0.505210 0.591635 0.514478 0.598102 0.521786 0.607688 0.521932 0.612444 0.518924 0.614741 0.508697
0 0.324975 0.135439 0.320712 0.141515 0.319952 0.158444 0.330361 0.173955 0.336369 0.174331 0.344025 0.166344 0.344814 0.155816 0.335284 0.137195
0 0.609233 0.426516 0.607658 0.428521 0.607722 0.435701 0.616660 0.456438 0.624593 0.455610 0.630868 0.448607 0.635522 0.438511 0.634666 0.431337 0.632275 0.429225
0 0.591104 0.361290 0.587955 0.367330 0.588792 0.371469 0.593655 0.378830 0.603310 0.387374 0.609656 0.384520 0.616666 0.368399 0.613433 0.362140 0.605430 0.356715 0.600646 0.356529
0 0.036852 0.303647 0.029397 0.303327 0.019168 0.318416 0.019181 0.322854 0.025727 0.324227 0.034116 0.322349 0.036883 0.313607
0 0.076373 0.485087 0.072698 0.490544 0.071803 0.499373 0.081097 0.517208 0.088474 0.519524 0.099466 0.509765 0.101285 0.505387 0.101236 0.492169 0.097550 0.487694 0.091111 0.485368
0 0.149647 0.522603 0.149684 0.531364 0.155155 0.541286 0.165996 0.542506 0.173168 0.534946 0.174025 0.525133 0.168599 0.519597 0.159575 0.518371
0 0.093624 0.670966 0.089908 0.662130 0.083437 0.657727 0.060308 0.662261 0.043603 0.677930 0.043635 0.687960 0.047375 0.691272 0.056688 0.692308 0.067883 0.707770 0.075297 0.708802 0.089109 0.696467 0.093669 0.683140
0 0.193583 0.103887 0.192752 0.116775 0.197241 0.124635 0.207918 0.127515 0.213219 0.123569 0.213198 0.119262 0.204257 0.104642 0.199804 0.102171
1 0.803548 0.217160 0.831038 0.169597 0.878137 0.193736 0.876910 0.254344 0.825923 0.262272
1 0.910310 0.560535 0.888068 0.588475 0.978482 0.651609 0.948894 0.559666
1 0.706946 0.457964 0.758967 0.383035 0.790079 0.486032
1 0.806718 0.861798 0.768191 0.734804 0.867622 0.798515
1 0.207070 0.622051 0.245743 0.593912 0.220132 0.450423 0.130712 0.538473
1 0.175098 0.775936 0.204317 0.628856 0.298527 0.728604 0.197673 0.800546
0 0.999923 0.630874 0.996338 0.628929 0.991371 0.630877 0.983006 0.647457 0.982402 0.656238 0.987494 0.663042 0.996761 0.662021 1.000000 0.655181 1.000000 0.649339 1.000000 0.641563
0 0.978557 0.521755 0.975669 0.519762 0.971394 0.521640 0.965800 0.533250 0.957254 0.539963 0.956606 0.545815 0.958827 0.550725 0.963900 0.553713 0.971798 0.553802 0.976061 0.550928 0.979566 0.545128 0.980912 0.538332 0.980789 0.528601
0 0.959417 0.482430 0.957392 0.493114 0.961878 0.506856 0.969875 0.514795 0.975608 0.514894 0.979149 0.512036 0.981923 0.505279 0.981812 0.496528 0.979582 0.489678 0.968013 0.480672 0.962976 0.479585
0 1.000000 0.439851 0.999591 0.438761 0.991869 0.446293 0.984926 0.460660 0.985000 0.466486 0.989329 0.470473 0.998569 0.469725 1.000000 0.459284 1.000000 0.450575
0 0.988205 0.382230 0.980338 0.379998 0.975373 0.382722 0.968314 0.390232 0.964036 0.392022 0.964146 0.400776 0.967063 0.404764 0.972102 0.406877 0.989201 0.404542 0.990600 0.402652 0.990477 0.392964
0 0.961459 0.357906 0.951467 0.363338 0.949343 0.366175 0.949439 0.373969 0.958986 0.389897 0.963319 0.391997 0.967597 0.390206 0.971117 0.385477 0.972452 0.377761 0.967220 0.360082
0 0.871297 0.294198 0.869165 0.300979 0.869290 0.311810 0.871593 0.319790 0.882720 0.328160 0.891513 0.327571 0.894291 0.314946 0.891212 0.302051 0.886757 0.296927 0.876438 0.293470
0 0.865761 0.261453 0.865886 0.272280 0.869640 0.278379 0.883695 0.285979 0.889562 0.286278 0.892423 0.280543 0.892284 0.268776 0.888531 0.260733 0.885575 0.258610 0.873821 0.257963
0 0.833072 0.186602 0.827815 0.182310 0.819606 0.181770 0.810693 0.187122 0.806281 0.194761 0.805008 0.215494 0.808031 0.217660 0.827333 0.205981 0.830993 0.200286
0 0.730210 0.144532 0.733989 0.136677 0.742971 0.136201 0.749827 0.138649 0.752230 0.144127 0.752100 0.152218 0.747898 0.158366 0.738909 0.157190 0.734372 0.153227
0 0.605759 0.665008 0.605014 0.671201 0.607448 0.675311 0.615486 0.681439 0.621869 0.682420 0.629745 0.674135 0.632023 0.662818 0.629605 0.658720 0.618453 0.656709
0 0.496582 0.722161 0.488409 0.733817 0.485178 0.744372 0.486047 0.749612 0.498474 0.753597 0.505932 0.758707 0.510868 0.758617 0.514105 0.752277 0.512363 0.739745 0.504822 0.722053
