0 0.390007 0.142034 0.386462 0.143299 0.382582 0.147284 0.380273 0.158477 0.381473 0.173525 0.383788 0.175893 0.390241 0.179089 0.393596 0.179028 0.397620 0.181663 0.405554 0.183324 0.418875 0.177064 0.424973 0.172143 0.425940 0.169119 0.424120 0.159827 0.421184 0.155064 0.420032 0.151171 0.417168 0.147006 0.412329 0.143172 0.408457 0.141730 0.404360 0.141195
0 0.440488 0.270577 0.437298 0.274543 0.434738 0.280894 0.434254 0.285098 0.435030 0.294065 0.436881 0.298214 0.438696 0.299368 0.440362 0.302022 0.445730 0.304886 0.452946 0.306507 0.455831 0.308232 0.458530 0.308465 0.466699 0.307072 0.472428 0.304842 0.474498 0.302700 0.476419 0.302057 0.480816 0.297171 0.481413 0.291180 0.479648 0.284945 0.477474 0.280811 0.470390 0.271999 0.468174 0.270254 0.462962 0.268576 0.457598 0.268396 0.454008 0.269076 0.449602 0.268575 0.443342 0.269315
0 0.482756 0.410460 0.466792 0.413306 0.461735 0.415539 0.459926 0.417082 0.458298 0.420109 0.456446 0.429402 0.457437 0.437415 0.458726 0.439758 0.461677 0.442051 0.465253 0.444026 0.468977 0.444509 0.476675 0.447546 0.482861 0.449141 0.486727 0.448130 0.492548 0.441410 0.496706 0.440094 0.498840 0.438544 0.502927 0.433962 0.503447 0.430082 0.502168 0.425066 0.494566 0.417259 0.487248 0.411819
0 0.813757 0.143908 0.808472 0.140155 0.802129 0.138487 0.787220 0.138440 0.771304 0.141073 0.768986 0.143481 0.767434 0.144100 0.761707 0.150713 0.759271 0.154901 0.756530 0.162058 0.755149 0.178071 0.756164 0.183972 0.757875 0.187490 0.759310 0.188647 0.767431 0.191450 0.773721 0.192512 0.779547 0.192400 0.784297 0.191423 0.790490 0.188941 0.799856 0.183153 0.809385 0.173230 0.815037 0.163383 0.816903 0.157149 0.817140 0.153599 0.816170 0.148004
0 0.840863 0.028441 0.830826 0.022629 0.819009 0.018314 0.807007 0.012512 0.800976 0.010796 0.792842 0.010585 0.786463 0.011545 0.778511 0.015790 0.772896 0.020606 0.770422 0.024497 0.768210 0.033439 0.768180 0.038787 0.771606 0.065470 0.772874 0.070795 0.774944 0.074623 0.783990 0.079837 0.787332 0.080680 0.791830 0.080321 0.801485 0.076928 0.816114 0.069028 0.832339 0.055490 0.838620 0.048307 0.843254 0.040849 0.844714 0.036687 0.843850 0.031960
0 0.703108 0.468557 0.701786 0.473893 0.703339 0.481489 0.705771 0.485525 0.713170 0.490277 0.720830 0.491787 0.722669 0.490845 0.723432 0.489058 0.726670 0.488951 0.729306 0.486516 0.737023 0.488610 0.740455 0.484682 0.740550 0.479984 0.738775 0.475932 0.735023 0.471648 0.727639 0.466891 0.720885 0.464756 0.706688 0.465796
0 0.965252 0.730983 0.963676 0.731054 0.955659 0.738617 0.949456 0.742645 0.941637 0.746459 0.922656 0.752803 0.919109 0.752388 0.911706 0.754458 0.909785 0.757143 0.909931 0.761178 0.911541 0.766875 0.914635 0.771636 0.921829 0.773319 0.925506 0.774877 0.935188 0.776153 0.939557 0.778254 0.951977 0.781413 0.957305 0.780875 0.962719 0.778318 0.966673 0.774104 0.968239 0.771154 0.969813 0.771081
0 0.562577 0.363621 0.560817 0.365451 0.559672 0.369641 0.559883 0.374091 0.561738 0.378494 0.565862 0.382535 0.574074 0.387649 0.579207 0.394622 0.584306 0.398627 0.589011 0.399382 0.595177 0.398613 0.599050 0.395244 0.602188 0.393970 0.605368 0.390326 0.607829 0.383443 0.606755 0.377252 0.603270 0.372903 0.598285 0.369778 0.595959 0.366876 0.591954 0.363721 0.587034 0.361183 0.581268 0.359854 0.570449 0.360440
0 0.631497 0.926568 0.629068 0.930772 0.628770 0.933698 0.629795 0.939463 0.632557 0.943387 0.637945 0.947458 0.643549 0.950642 0.655614 0.956088 0.659161 0.958507 0.667373 0.961831 0.670027 0.962266 0.675876 0.962235 0.680326 0.961410 0.687044 0.957852 0.696163 0.944596 0.698201 0.937237 0.697798 0.931167 0.696381 0.927472 0.693709 0.924133 0.689457 0.921166 0.683658 0.918861 0.678999 0.917945 0.668299 0.918220 0.658778 0.917560 0.652015 0.918207 0.640341 0.921444
0 0.509748 0.659414 0.505428 0.659294 0.496887 0.662593 0.495383 0.663835 0.494648 0.665932 0.494347 0.671555 0.496246 0.676200 0.501627 0.679518 0.505433 0.680836 0.509351 0.680378 0.511989 0.677615 0.512652 0.674933 0.513106 0.665179 0.512014 0.661683
0 0.522721 0.794287 0.509497 0.799609 0.508106 0.801731 0.507589 0.805576 0.508167 0.810249 0.511409 0.815089 0.513597 0.816747 0.522276 0.820148 0.526179 0.819668 0.527711 0.818714 0.530054 0.813612 0.528945 0.801925 0.527313 0.796717 0.525457 0.795041
0 0.647658 0.749581 0.645165 0.750570 0.643171 0.752999 0.642248 0.758890 0.643503 0.761171 0.646098 0.771866 0.648537 0.775845 0.648712 0.777298 0.650835 0.778660 0.655054 0.778465 0.659025 0.776237 0.663620 0.771061 0.664683 0.766340 0.664415 0.761388 0.661621 0.757134 0.658711 0.754637 0.653423 0.751368
0 0.629243 0.651053 0.626450 0.652340 0.625288 0.653561 0.624592 0.655937 0.625051 0.659735 0.627023 0.665231 0.631849 0.672659 0.635711 0.674845 0.639362 0.675280 0.645878 0.672372 0.647548 0.669958 0.648359 0.665822 0.646215 0.658872 0.641679 0.653778 0.632210 0.651227
0 0.590880 0.529160 0.582579 0.528561 0.580026 0.529240 0.562338 0.530148 0.558796 0.530861 0.555073 0.530104 0.545787 0.532495 0.538253 0.533052 0.530493 0.534505 0.525808 0.534076 0.512981 0.534818 0.507552 0.536488 0.504169 0.541347 0.507053 0.551315 0.509999 0.567196 0.511387 0.570401 0.514732 0.586843 0.512966 0.591344 0.511152 0.603535 0.508397 0.608073 0.506294 0.617908 0.503833 0.622141 0.500860 0.624916 0.496147 0.640469 0.494219 0.657090 0.495525 0.667669 0.491655 0.684654 0.491279 0.692343 0.491744 0.701470 0.494760 0.720509 0.494355 0.722590 0.498077 0.758071 0.498932 0.775692 0.500201 0.783283 0.499797 0.785361 0.501290 0.789409 0.502591 0.799933 0.502440 0.804056 0.506764 0.844382 0.508183 0.847833 0.512413 0.849972 0.520657 0.849859 0.526378 0.850750 0.533264 0.850410 0.541271 0.851187 0.564175 0.850055 0.586159 0.849845 0.597888 0.851895 0.606065 0.851781 0.608492 0.850201 0.612758 0.850281 0.616232 0.849233 0.660956 0.846436 0.663476 0.845729 0.687022 0.843983 0.693310 0.842216 0.694036 0.840144 0.692939 0.828268 0.689186 0.807776 0.682734 0.778349 0.681866 0.771098 0.678487 0.761915 0.677569 0.748820 0.676538 0.745655 0.675075 0.733452 0.671374 0.713448 0.669735 0.699774 0.667404 0.696654 0.666972 0.687601 0.663906 0.678361 0.652905 0.657427 0.645956 0.640404 0.632590 0.613624 0.627417 0.600596 0.625037 0.597158 0.618631 0.582100 0.614879 0.575469 0.610018 0.562393 0.603261 0.549964 0.599471 0.540368 0.594077 0.531115
0 0.423016 0.453366 0.410571 0.455540 0.398669 0.459490 0.394402 0.460220 0.386680 0.462849 0.384340 0.462922 0.380589 0.465130 0.369920 0.465763 0.362890 0.468675 0.360209 0.468759 0.356376 0.470375 0.349784 0.471480 0.343303 0.476171 0.342303 0.481586 0.341363 0.511511 0.340140 0.517827 0.342012 0.527322 0.340527 0.531554 0.339867 0.542326 0.338830 0.547438 0.339356 0.551599 0.338503 0.555508 0.338066 0.565372 0.338537 0.587725 0.341092 0.610579 0.341025 0.618030 0.341700 0.623364 0.343489 0.626868 0.368944 0.636886 0.374028 0.639956 0.377402 0.640120 0.382109 0.642905 0.392591 0.646351 0.399400 0.649938 0.407128 0.652894 0.414371 0.654680 0.428139 0.652646 0.439164 0.650131 0.462656 0.643571 0.469237 0.643013 0.472730 0.641692 0.476036 0.641561 0.480151 0.639919 0.483455 0.639789 0.492999 0.636456 0.496709 0.631582 0.504472 0.611179 0.508586 0.604223 0.512388 0.586635 0.511230 0.577213 0.509113 0.570780 0.509230 0.566336 0.507878 0.563425 0.503251 0.541972 0.498125 0.532667 0.491633 0.525775 0.487264 0.522661 0.483078 0.518352 0.481832 0.513646 0.469589 0.500692 0.465944 0.498137 0.465098 0.496679 0.460641 0.492961 0.455227 0.484217 0.449031 0.477274 0.446078 0.474987 0.440874 0.468007 0.435813 0.464890 0.433262 0.460500 0.429492 0.457041 0.424719 0.453612
0 0.757379 0.576073 0.753717 0.577964 0.753963 0.585558 0.756000 0.600094 0.758077 0.606735 0.761323 0.628801 0.763041 0.635153 0.764259 0.648232 0.771641 0.683485 0.773496 0.696509 0.777463 0.708270 0.779155 0.711689 0.782520 0.715614 0.788253 0.728733 0.791293 0.732667 0.793676 0.739242 0.798756 0.746854 0.802045 0.755702 0.807860 0.764138 0.813048 0.775496 0.820602 0.787891 0.827594 0.803771 0.832078 0.811945 0.833118 0.815366 0.837715 0.821793 0.838537 0.826089 0.843733 0.837680 0.846296 0.840441 0.849193 0.846072 0.852558 0.850233 0.862339 0.871084 0.865062 0.875270 0.866030 0.878102 0.868652 0.881424 0.874974 0.894633 0.877593 0.897950 0.879326 0.901888 0.883958 0.908838 0.887292 0.910099 0.894509 0.909142 0.914894 0.898294 0.916908 0.896464 0.917494 0.893273 0.916968 0.888703 0.911338 0.867429 0.906078 0.852158 0.904032 0.848230 0.901313 0.835694 0.899584 0.831746 0.900005 0.827115 0.899463 0.819648 0.897765 0.815984 0.897018 0.812271 0.896243 0.802792 0.893736 0.789351 0.890521 0.780844 0.889844 0.772212 0.887830 0.763063 0.885844 0.759686 0.883533 0.742448 0.881816 0.735874 0.878334 0.714037 0.872088 0.687659 0.869970 0.672095 0.866453 0.663830 0.863888 0.661035 0.862180 0.657333 0.855922 0.650331 0.853472 0.645784 0.850550 0.642707 0.849644 0.640420 0.846654 0.636763 0.845359 0.633907 0.839054 0.626599 0.833636 0.618668 0.830454 0.616173 0.828011 0.603460 0.823931 0.590509 0.820947 0.584211 0.819765 0.579591 0.816087 0.575646 0.814651 0.571617 0.805451 0.572833 0.781425 0.574306 0.777107 0.573297 0.767758 0.576273 0.761535 0.575627
0 0.836237 0.324572 0.832974 0.327003 0.831486 0.330858 0.829541 0.333550 0.824485 0.348360 0.822642 0.351931 0.821830 0.356061 0.816654 0.367060 0.816232 0.371767 0.807894 0.391658 0.807049 0.395495 0.804697 0.400257 0.803920 0.404679 0.801280 0.409742 0.800166 0.416814 0.803726 0.425209 0.806419 0.428937 0.813342 0.435759 0.823419 0.450376 0.833432 0.461760 0.835440 0.465204 0.842403 0.472578 0.843701 0.475457 0.848957 0.482002 0.850993 0.485730 0.865827 0.503030 0.871653 0.511867 0.876556 0.515486 0.879037 0.520351 0.881184 0.522315 0.886194 0.529709 0.891957 0.535324 0.898433 0.544400 0.902113 0.548628 0.905273 0.551129 0.910837 0.557898 0.913994 0.560397 0.917554 0.560848 0.918329 0.556464 0.917416 0.551271 0.912903 0.536908 0.906522 0.511837 0.904751 0.507533 0.902402 0.495389 0.896553 0.477818 0.891122 0.455549 0.884440 0.433583 0.881040 0.417918 0.870499 0.381974 0.866934 0.373294 0.863583 0.369289 0.862826 0.365503 0.857216 0.358626 0.853188 0.348771 0.850962 0.346192 0.845022 0.333737 0.841729 0.330301 0.838619 0.325685
0 0.442697 0.514966 0.440923 0.519486 0.443537 0.532476 0.447739 0.539463 0.453120 0.545214 0.462988 0.552286 0.475975 0.557757 0.483542 0.562525 0.489713 0.564080 0.494267 0.563324 0.495483 0.559726 0.494212 0.549401 0.495105 0.540479 0.493243 0.530760 0.489871 0.524945 0.481459 0.518704 0.477671 0.517645 0.473991 0.517473 0.471194 0.516380 0.466554 0.516537 0.462319 0.514601 0.453473 0.513116
0 0.364084 0.528956 0.362153 0.532303 0.360558 0.538325 0.361753 0.545144 0.363465 0.548066 0.366106 0.550358 0.371642 0.551653 0.378287 0.551120 0.383482 0.549746 0.388451 0.546592 0.393233 0.541958 0.394456 0.538341 0.394159 0.535968 0.392378 0.532456 0.389411 0.530174 0.381098 0.528075 0.371516 0.526614 0.367577 0.527345
0 0.023748 0.912747 0.019429 0.911469 0.012616 0.914816 0.005438 0.915483 0.000000 0.914887 0.000000 0.915186 0.000000 0.917590 0.000000 0.917678 0.000000 0.934961 0.000000 0.934872 0.002838 0.939901 0.009303 0.941661 0.013464 0.941742 0.019405 0.939635 0.020961 0.938356 0.022646 0.932876 0.024849 0.918385
0 0.111237 0.673750 0.110644 0.677080 0.112115 0.683031 0.115739 0.687089 0.121068 0.691075 0.128022 0.694390 0.135143 0.693795 0.143193 0.689863 0.149585 0.689000 0.151276 0.686231 0.151344 0.684129 0.147773 0.680374 0.139770 0.676799 0.133058 0.675271 0.122155 0.670605 0.114300 0.670922
0 0.133444 0.439329 0.132967 0.443576 0.134779 0.449567 0.141770 0.458419 0.146207 0.466135 0.154222 0.477656 0.157987 0.480252 0.160833 0.481066 0.165608 0.480915 0.173478 0.478254 0.183161 0.476441 0.205718 0.473922 0.222016 0.473409 0.224954 0.472414 0.232791 0.472469 0.242763 0.470652 0.244980 0.469379 0.250607 0.462893 0.256820 0.450380 0.261243 0.445137 0.263669 0.437550 0.262157 0.433688 0.259221 0.431972 0.247334 0.432022 0.220382 0.428905 0.195424 0.420592 0.190949 0.417704 0.178284 0.412332 0.174495 0.412139 0.168929 0.414111 0.166432 0.415996 0.160600 0.418582 0.158824 0.420748 0.154276 0.422693 0.135408 0.435945
0 0.042278 0.506656 0.040698 0.505193 0.037820 0.504377 0.030390 0.505833 0.023767 0.508172 0.020273 0.507983 0.017710 0.509584 0.016264 0.511755 0.017718 0.517471 0.022039 0.521269 0.026077 0.522953 0.035368 0.525066 0.037782 0.524985 0.039755 0.521587 0.040070 0.516123 0.041883 0.511517
0 0.026513 0.251165 0.024352 0.250600 0.014603 0.250500 0.008640 0.252767 0.006452 0.254648 0.004733 0.257437 0.004766 0.262940 0.006374 0.267186 0.010063 0.271384 0.014693 0.272198 0.017919 0.270294 0.023473 0.264978 0.026415 0.260943 0.028277 0.256627 0.027673 0.252057
0 0.032789 0.135365 0.029698 0.140932 0.028584 0.148305 0.029002 0.154122 0.030179 0.157778 0.032823 0.162021 0.036573 0.164100 0.048835 0.167561 0.059603 0.167679 0.066360 0.166339 0.067688 0.163258 0.067288 0.160207 0.061472 0.150211 0.056479 0.143866 0.051030 0.139362 0.040258 0.134021 0.035750 0.134092
0 0.250964 0.864052 0.246958 0.861874 0.243478 0.861154 0.236069 0.861519 0.215745 0.869657 0.212340 0.872205 0.207406 0.878696 0.204553 0.890734 0.204869 0.895772 0.207770 0.899786 0.208860 0.900325 0.216023 0.900554 0.227462 0.905019 0.230907 0.905437 0.235583 0.904900 0.245076 0.902337 0.249105 0.899462 0.250856 0.897296 0.252379 0.893363 0.252855 0.889186 0.251377 0.880358 0.254422 0.872490 0.253439 0.867493
0 0.345135 0.907263 0.340876 0.908073 0.332326 0.917376 0.332295 0.922397 0.336303 0.927500 0.339416 0.928222 0.344081 0.927977 0.347226 0.926337 0.349924 0.921181 0.350252 0.915852 0.348137 0.909765
0 0.417042 0.846424 0.410817 0.844664 0.408165 0.844794 0.403705 0.843832 0.399723 0.844026 0.396255 0.843015 0.386770 0.842001 0.378123 0.839763 0.366069 0.839757 0.363775 0.840164 0.361001 0.842073 0.358045 0.850492 0.357719 0.858487 0.356166 0.862110 0.355651 0.865976 0.356026 0.871570 0.354586 0.876072 0.354670 0.887290 0.353194 0.894156 0.352941 0.900073 0.354063 0.914179 0.353620 0.915973 0.355403 0.924729 0.354036 0.927160 0.353158 0.938706 0.355651 0.958319 0.358612 0.963167 0.363971 0.965821 0.372427 0.966539 0.376670 0.965720 0.379877 0.962015 0.383264 0.949178 0.384924 0.946441 0.388090 0.934500 0.390559 0.930247 0.394352 0.917978 0.397926 0.911903 0.404336 0.896556 0.406692 0.894079 0.407613 0.890793 0.415345 0.878033 0.417995 0.875248 0.422118 0.868269 0.422744 0.865293 0.426129 0.860413 0.426057 0.854525 0.424696 0.851646 0.421312 0.848572
0 0.465093 0.065606 0.456744 0.065715 0.455001 0.065135 0.446384 0.065850 0.443596 0.067696 0.436866 0.070195 0.430021 0.074507 0.425554 0.079090 0.423058 0.083345 0.422165 0.086977 0.422834 0.092394 0.425028 0.096582 0.430161 0.100123 0.437521 0.102726 0.445431 0.109834 0.452518 0.113037 0.460531 0.112915 0.469800 0.109467 0.474175 0.104290 0.478110 0.095515 0.477748 0.087101 0.476308 0.083511 0.471240 0.074856 0.468354 0.067672
0 0.207295 0.057692 0.204568 0.060470 0.204010 0.064134 0.207027 0.082374 0.205958 0.092743 0.200942 0.104384 0.198109 0.108992 0.188949 0.120396 0.189915 0.125251 0.191058 0.126147 0.195581 0.126685 0.205235 0.129880 0.212942 0.131279 0.218370 0.133624 0.228568 0.135891 0.235768 0.138811 0.239289 0.139665 0.243032 0.139604 0.246987 0.133166 0.248970 0.124634 0.249336 0.119468 0.251255 0.115795 0.254323 0.102387 0.256916 0.095972 0.256448 0.089600 0.254439 0.087196 0.243153 0.081577 0.229491 0.070809 0.223598 0.064796 0.218276 0.060601 0.211738 0.057637
0 0.773948 0.289036 0.771107 0.289693 0.766379 0.293638 0.757145 0.306244 0.756401 0.310979 0.757241 0.315380 0.760332 0.322375 0.763172 0.335558 0.765785 0.344029 0.771666 0.358291 0.777306 0.376074 0.779169 0.389246 0.782027 0.397094 0.787429 0.404572 0.790602 0.406828 0.796402 0.412231 0.799299 0.412146 0.802955 0.404707 0.805254 0.396720 0.806301 0.389063 0.807908 0.383443 0.808227 0.377857 0.811406 0.366323 0.812791 0.356010 0.817932 0.333556 0.818693 0.326193 0.822127 0.314059 0.821228 0.309085 0.818027 0.306519 0.808247 0.302934 0.805110 0.300951 0.781942 0.290909 0.777214 0.289254
0 0.824746 0.283716 0.823662 0.285506 0.824137 0.289612 0.830486 0.302686 0.834833 0.309631 0.838823 0.321863 0.844549 0.329642 0.847773 0.338065 0.850911 0.342969 0.852311 0.346743 0.855347 0.350765 0.856290 0.353377 0.858549 0.356246 0.860301 0.360301 0.866986 0.370951 0.870852 0.382257 0.872400 0.384553 0.874806 0.385948 0.890074 0.384930 0.910840 0.384634 0.925606 0.382465 0.921699 0.348119 0.920425 0.348153 0.915567 0.344776 0.903448 0.331056 0.895138 0.322782 0.874199 0.305140 0.860886 0.289913 0.855774 0.281812 0.851553 0.278680 0.844456 0.278552 0.832364 0.282655
0 0.836011 0.575489 0.836397 0.581592 0.838704 0.587620 0.843011 0.591533 0.847115 0.593705 0.852075 0.594971 0.857603 0.595632 0.866856 0.595279 0.871539 0.594229 0.874241 0.592673 0.877665 0.589055 0.880399 0.587790 0.882295 0.584812 0.882566 0.581606 0.880573 0.578192 0.878813 0.576804 0.868748 0.572817 0.861947 0.572197 0.858520 0.570287 0.846144 0.568706 0.841668 0.568871 0.837745 0.571055
0 0.810646 0.650429 0.809243 0.641173 0.806880 0.637483 0.805496 0.636665 0.798339 0.636076 0.788814 0.637332 0.780194 0.640884 0.779400 0.642373 0.779591 0.646737 0.782890 0.650101 0.795933 0.651318 0.806280 0.654390 0.809130 0.653983
0 0.603745 0.521340 0.605081 0.524244 0.607293 0.526232 0.612085 0.527836 0.614621 0.529812 0.628501 0.536107 0.637038 0.541697 0.642211 0.543869 0.644377 0.545558 0.647090 0.546344 0.653445 0.550237 0.658979 0.550040 0.665752 0.546563 0.667819 0.544726 0.666282 0.540078 0.652396 0.530562 0.646945 0.526042 0.645757 0.524316 0.641563 0.522105 0.630063 0.513658 0.622807 0.513315 0.606335 0.518301
0 0.542986 0.795395 0.539472 0.804363 0.542415 0.825633 0.545352 0.830767 0.548074 0.834152 0.552068 0.837180 0.565900 0.842652 0.580271 0.841947 0.586655 0.840464 0.596990 0.836449 0.602749 0.835291 0.604562 0.834034 0.605802 0.830759 0.609180 0.826210 0.608906 0.821256 0.607760 0.817218 0.601310 0.807291 0.588365 0.797953 0.580359 0.794230 0.573973 0.793063 0.567369 0.790148 0.560285 0.788719 0.554100 0.789300 0.546781 0.791402
0 0.664304 0.074941 0.656331 0.074154 0.647536 0.077556 0.640411 0.081235 0.631825 0.083743 0.626701 0.087698 0.624880 0.097279 0.624774 0.118473 0.625717 0.142916 0.628106 0.160162 0.620732 0.183830 0.615993 0.193747 0.605407 0.204377 0.599701 0.206276 0.595781 0.209333 0.592962 0.210581 0.590908 0.212708 0.587136 0.214273 0.581744 0.218853 0.577705 0.223704 0.577913 0.228171 0.579188 0.230529 0.593595 0.246010 0.602149 0.256834 0.608847 0.263228 0.618617 0.276083 0.623155 0.281027 0.630030 0.283540 0.637130 0.282484 0.648065 0.275112 0.652432 0.273233 0.656040 0.270480 0.660112 0.268905 0.669537 0.262764 0.675424 0.259965 0.678080 0.257536 0.687236 0.252000 0.698374 0.246721 0.702481 0.242783 0.702957 0.241292 0.702551 0.235080 0.699445 0.225366 0.698816 0.220044 0.697490 0.217107 0.696407 0.207936 0.694228 0.200563 0.692749 0.190799 0.687267 0.166553 0.681906 0.137812 0.679896 0.131896 0.674596 0.103702 0.672477 0.096882 0.670743 0.084989 0.668224 0.077570
0 0.832778 0.619575 0.831027 0.621098 0.829613 0.625518 0.825574 0.646042 0.824179 0.664417 0.824551 0.673121 0.823037 0.676671 0.823188 0.680733 0.821556 0.686031 0.820079 0.700908 0.821073 0.706672 0.823867 0.714099 0.827433 0.717135 0.829368 0.719952 0.830730 0.723373 0.836561 0.732104 0.837082 0.733820 0.848310 0.750409 0.850338 0.754080 0.852382 0.760644 0.859132 0.771906 0.860905 0.776161 0.869053 0.788498 0.874416 0.798931 0.878892 0.804491 0.880376 0.809037 0.882679 0.812388 0.883959 0.820693 0.890165 0.824715 0.892664 0.829781 0.896079 0.834513 0.897842 0.838747 0.899625 0.840387 0.902561 0.838225 0.901305 0.827339 0.900058 0.824807 0.899812 0.819920 0.898082 0.815968 0.893603 0.788203 0.886214 0.757357 0.880704 0.723483 0.873511 0.691656 0.869870 0.671230 0.866839 0.664394 0.862146 0.657044 0.850583 0.642997 0.849223 0.639565 0.839054 0.626599 0.837406 0.623465 0.834091 0.619814
0 0.523442 0.673899 0.523252 0.677738 0.526045 0.689705 0.527900 0.694046 0.531433 0.698609 0.535186 0.702277 0.543128 0.707825 0.548510 0.714065 0.554657 0.718504 0.561711 0.722313 0.573383 0.723567 0.582911 0.720803 0.588985 0.716723 0.594553 0.711200 0.597068 0.707571 0.598310 0.704289 0.597964 0.698726 0.594365 0.688015 0.592085 0.685468 0.585013 0.681355 0.567791 0.675013 0.560766 0.674127 0.544219 0.673632 0.532104 0.671774 0.527500 0.671963
0 0.314650 0.248987 0.310041 0.252704 0.308994 0.255139 0.309302 0.260260 0.312614 0.267723 0.320309 0.275083 0.325033 0.277687 0.335111 0.285285 0.340843 0.293274 0.345141 0.292572 0.348464 0.289488 0.353463 0.280953 0.355882 0.270673 0.355164 0.259558 0.351608 0.252713 0.346034 0.248618 0.335479 0.245229 0.327390 0.245400
0 0.171486 0.195236 0.167379 0.195313 0.160685 0.196655 0.154527 0.199509 0.146836 0.201176 0.126457 0.208570 0.122372 0.208953 0.119132 0.210539 0.107792 0.213502 0.103409 0.216940 0.101779 0.220325 0.110096 0.249701 0.111703 0.267316 0.109766 0.286825 0.110001 0.296548 0.108267 0.301756 0.107988 0.307538 0.105884 0.315186 0.103913 0.318576 0.102219 0.324087 0.101702 0.328050 0.102217 0.331986 0.110565 0.345744 0.118007 0.355262 0.124268 0.366318 0.130815 0.374326 0.132618 0.377610 0.137738 0.382621 0.141503 0.382518 0.142412 0.381585 0.145617 0.374534 0.151282 0.365300 0.152220 0.361945 0.159163 0.349348 0.162249 0.341396 0.166555 0.334927 0.169444 0.325466 0.182307 0.303044 0.186971 0.291422 0.190482 0.286798 0.191644 0.282530 0.196092 0.274551 0.196912 0.270292 0.199399 0.265692 0.199420 0.260539 0.197503 0.253609 0.193110 0.243394 0.185866 0.221693 0.175300 0.198204
0 0.013459 0.401839 0.010827 0.405565 0.010682 0.407091 0.012076 0.414963 0.015344 0.421259 0.028363 0.433041 0.032017 0.434453 0.036467 0.434018 0.040039 0.434824 0.044126 0.431667 0.045211 0.426776 0.047811 0.425486 0.049561 0.423006 0.049996 0.418437 0.048282 0.413322 0.042731 0.408011 0.032337 0.402831 0.023067 0.400961 0.016800 0.400832
0 0.049151 0.425143 0.045861 0.426454 0.042770 0.429277 0.041260 0.433573 0.035912 0.437680 0.034827 0.442573 0.036238 0.447996 0.037900 0.450072 0.045481 0.455002 0.049473 0.456397 0.053345 0.456886 0.057031 0.458594 0.061812 0.458145 0.065441 0.456821 0.068525 0.453998 0.069887 0.451229 0.069555 0.446085 0.067740 0.442804 0.065780 0.441043 0.057760 0.430053 0.053064 0.425941
0 0.129938 0.446690 0.125251 0.445017 0.106097 0.445895 0.102441 0.446914 0.098943 0.449138 0.095495 0.454390 0.092524 0.463261 0.084029 0.482597 0.080924 0.487841 0.076815 0.498566 0.063317 0.519286 0.062882 0.523840 0.064656 0.526806 0.066191 0.527964 0.070700 0.528114 0.081139 0.531389 0.091027 0.533170 0.099270 0.535608 0.103119 0.536080 0.107533 0.535627 0.114555 0.531465 0.120534 0.524622 0.135272 0.513871 0.141586 0.507025 0.145411 0.504788 0.148434 0.501673 0.158877 0.495001 0.160113 0.491342 0.157627 0.485391 0.143775 0.465908 0.141781 0.461138 0.139455 0.459095 0.132609 0.448726
0 0.170002 0.522656 0.163469 0.527694 0.162126 0.533161 0.157295 0.538144 0.155338 0.541524 0.153586 0.549114 0.154630 0.554496 0.156540 0.558643 0.159472 0.562752 0.165624 0.567949 0.172482 0.570710 0.179481 0.571962 0.193271 0.572969 0.199043 0.572761 0.202322 0.571742 0.205785 0.569517 0.206824 0.564375 0.204402 0.561459 0.202628 0.560921 0.197595 0.556294 0.191426 0.540280 0.186824 0.531115 0.186058 0.527831 0.183474 0.523707 0.181160 0.521678 0.177980 0.520882
0 0.248295 0.579975 0.248869 0.584447 0.249621 0.585018 0.257657 0.586819 0.260924 0.588494 0.265800 0.589512 0.271877 0.591979 0.278845 0.593515 0.281502 0.593118 0.288379 0.588679 0.293313 0.587601 0.300895 0.583439 0.303429 0.579462 0.303050 0.576488 0.301327 0.573563 0.298782 0.572161 0.289431 0.570406 0.273257 0.570988 0.270374 0.572289 0.254854 0.575544
0 0.280387 0.597642 0.273002 0.592834 0.258446 0.587688 0.252929 0.586992 0.246050 0.583651 0.228562 0.579793 0.224460 0.579643 0.220550 0.580984 0.217624 0.584691 0.216053 0.588346 0.208734 0.597613 0.207463 0.600959 0.205622 0.602527 0.204875 0.604655 0.199279 0.611462 0.198532 0.613590 0.184327 0.630328 0.181666 0.636130 0.182442 0.642097 0.190652 0.660655 0.192405 0.666277 0.197093 0.670879 0.200861 0.671026 0.211085 0.665825 0.213525 0.663632 0.223924 0.657232 0.234169 0.652338 0.236266 0.650162 0.241704 0.647555 0.252680 0.640547 0.264474 0.634707 0.266942 0.632818 0.277045 0.629738 0.279549 0.628148 0.281862 0.625073 0.282895 0.617268 0.282875 0.606515 0.281627 0.599389
0 0.048821 0.639478 0.047500 0.642547 0.046054 0.657689 0.043074 0.671681 0.043408 0.676793 0.045590 0.677610 0.051697 0.676760 0.062157 0.677541 0.083339 0.676082 0.086342 0.675358 0.088147 0.670772 0.090044 0.653841 0.088688 0.648776 0.086395 0.647059 0.053171 0.638405
0 0.047486 0.821613 0.044573 0.825651 0.043862 0.828086 0.044290 0.836468 0.050793 0.841258 0.053351 0.842335 0.059860 0.842023 0.061716 0.840435 0.060661 0.835088
0 0.254649 0.761292 0.248292 0.764555 0.237541 0.765334 0.236498 0.767765 0.237823 0.772771 0.242558 0.777918 0.249717 0.780868 0.254769 0.780637 0.257570 0.778724 0.259794 0.769694 0.259858 0.764929 0.258881 0.762592
0 0.000000 0.773887 0.000000 0.775730 0.000000 0.780522 0.000000 0.783470 0.000832 0.788294 0.006159 0.789256 0.018432 0.787796 0.022199 0.784918 0.022568 0.782494 0.020152 0.774779 0.015886 0.771358 0.009834 0.770123 0.000835 0.770223 0.000000 0.770975
0 0.032943 0.792849 0.028859 0.793336 0.026429 0.795852 0.020895 0.803624 0.018216 0.809460 0.008727 0.821329 0.005966 0.826570 0.001972 0.830367 0.000571 0.832839 0.000000 0.834779 0.000000 0.841002 0.000000 0.853301 0.000000 0.856090 0.000000 0.858199 0.000000 0.858581 0.000000 0.860973 0.000000 0.860906 0.000000 0.864091 0.000000 0.869377 0.000000 0.870633 0.000000 0.872586 0.012166 0.877942 0.018527 0.881528 0.026059 0.883553 0.031734 0.882071 0.034265 0.877749 0.036694 0.862335 0.038578 0.858344 0.043523 0.835904 0.044245 0.828368 0.046432 0.824063 0.047456 0.816210 0.047213 0.806614 0.045245 0.802201 0.041136 0.797282
0 0.130558 0.846701 0.126698 0.845991 0.122311 0.846501 0.115131 0.849240 0.112104 0.849685 0.109310 0.851913 0.105219 0.852112 0.101926 0.853169 0.097623 0.856968 0.095364 0.860668 0.094655 0.863095 0.095481 0.869335 0.097016 0.873148 0.100413 0.878061 0.108395 0.883938 0.117537 0.888259 0.125783 0.888442 0.129067 0.887382 0.138301 0.882146 0.142930 0.878336 0.144802 0.874365 0.145876 0.869538 0.144942 0.862423 0.142843 0.856855 0.139880 0.852522 0.134534 0.848301
0 0.209724 0.825904 0.208380 0.828648 0.209118 0.836952 0.211123 0.841916 0.216434 0.848802 0.221949 0.849426 0.241576 0.849066 0.242771 0.847820 0.242534 0.843372 0.240806 0.840483 0.229624 0.832695 0.224358 0.826101 0.213547 0.823936
1 0.098142 0.187153 0.093940 0.189367 0.087720 0.194671 0.079293 0.204291 0.073785 0.207144 0.067025 0.213687 0.062587 0.216828 0.056594 0.223970 0.049056 0.229925 0.041980 0.236789 0.035617 0.241196 0.026085 0.250563 0.023168 0.252153 0.011682 0.252091 0.008761 0.253681 0.006776 0.257087 0.006486 0.260151 0.007867 0.265318 0.006640 0.266569 0.005922 0.269030 0.000000 0.276333 0.000000 0.275816 0.000000 0.278622 0.000000 0.282641 0.000000 0.287857 0.000000 0.289116 0.000000 0.289477 0.000000 0.309208 0.000000 0.310824 0.000000 0.314262 0.000000 0.317659 0.000000 0.331660 0.000000 0.343187 0.000000 0.356561 0.000000 0.372314 0.000000 0.389611 0.000000 0.415023 0.000000 0.421095 0.000000 0.429824 0.000000 0.439515 0.004086 0.448963 0.014823 0.456542 0.024124 0.463852 0.029297 0.468854 0.046199 0.481371 0.058237 0.491292 0.062407 0.491461 0.065411 0.488033 0.067763 0.477054 0.068845 0.464294 0.067386 0.455852 0.069583 0.451541 0.069595 0.446387 0.071857 0.439952 0.073944 0.421693 0.075888 0.412838 0.075808 0.404344 0.077024 0.395204 0.078864 0.388171 0.079603 0.375398 0.081946 0.361668 0.081787 0.352556 0.085546 0.331185 0.086075 0.322050 0.087651 0.315626 0.088897 0.296127 0.090062 0.291840 0.090817 0.281779 0.092434 0.275655 0.092991 0.264073 0.095841 0.243604 0.096121 0.229887 0.098123 0.224055 0.097991 0.220400 0.099582 0.216711 0.099330 0.212143 0.101425 0.201734 0.101641 0.190141
1 0.818258 0.489150 0.814812 0.487216 0.792705 0.488531 0.787489 0.488118 0.776896 0.488761 0.771555 0.490109 0.765683 0.489717 0.753778 0.490404 0.744872 0.491873 0.739597 0.491166 0.737760 0.492108 0.727154 0.493046 0.724379 0.494313 0.722678 0.496424 0.722597 0.498482 0.724398 0.505467 0.727023 0.527674 0.729974 0.541643 0.732238 0.563536 0.734138 0.571373 0.735671 0.573366 0.737712 0.574169 0.744238 0.574513 0.757462 0.574024 0.760938 0.573310 0.769129 0.574177 0.777326 0.572413 0.805247 0.571090 0.824350 0.569218 0.827132 0.568241 0.827991 0.567335 0.828446 0.562946 0.827518 0.552191 0.823415 0.525199 0.820422 0.496677
