0 0.736183 0.628830 0.742319 0.656717 0.737138 0.667354 0.725075 0.666402 0.720642 0.660793 0.722861 0.637799
0 0.220009 0.964533 0.226776 0.972694 0.229655 1.000000 0.224821 1.000000 0.207126 1.000000 0.201322 0.993121 0.212270 0.965976
0 0.386670 0.892471 0.393855 0.884807 0.402810 0.895774 0.421180 0.901814 0.424864 0.920040 0.414089 0.931492 0.391864 0.926195 0.387392 0.920731
0 0.938135 0.351747 0.951007 0.362549 0.949857 0.375999 0.939423 0.371366
0 0.992118 0.718911 0.998624 0.727268 0.999429 0.739870 0.988246 0.751516 0.977197 0.734467
0 0.943365 0.734420 0.941118 0.760328 0.927590 0.766037 0.923240 0.760488 0.921747 0.738466 0.932903 0.726804
0 0.965007 0.546837 0.983074 0.546680 0.989642 0.555184 0.988681 0.571582 0.975427 0.583794 0.966465 0.569283
0 0.019439 0.367104 0.026864 0.379050 0.026324 0.392501 0.019457 0.403812 0.009154 0.402448 0.004447 0.396680 0.001884 0.373804
0 0.772430 0.138705 0.788611 0.135600 0.803730 0.146254 0.798522 0.187808 0.788434 0.189739 0.770587 0.169524 0.767588 0.156570
0 0.884971 0.404823 0.901173 0.405047 0.904710 0.427436 0.901159 0.434687 0.890743 0.430083 0.883644 0.414965
0 0.835218 0.473441 0.838740 0.466215 0.867068 0.467412 0.875057 0.495369 0.867553 0.503323 0.849440 0.503479 0.838587 0.492452
0 0.832278 0.375174 0.841429 0.389974 0.840197 0.429791 0.831151 0.444665 0.812749 0.441575 0.805829 0.429722 0.804650 0.413465 0.824279 0.376693
0 0.738444 0.286594 0.754217 0.306960 0.760426 0.335753 0.757399 0.349623 0.749393 0.351147 0.727641 0.332015 0.728398 0.315216
0 0.835377 0.919006 0.844280 0.933014 0.844348 0.961133 0.837253 0.971808 0.821499 0.971613 0.814538 0.957299 0.814886 0.935346 0.821755 0.921539
0 0.803043 0.502445 0.820798 0.525216 0.832420 0.575080 0.835169 0.613430 0.815519 0.646177 0.790112 0.654176 0.777569 0.646866 0.768247 0.629257 0.759438 0.592081 0.759971 0.572507 0.791123 0.504699
0 0.680723 0.407276 0.691970 0.421655 0.693746 0.444393 0.686798 0.458874 0.672870 0.461514 0.663623 0.446815 0.670558 0.432318 0.671007 0.412427
0 0.677300 0.207646 0.677100 0.231255 0.668080 0.246424 0.650250 0.253191 0.641154 0.241494 0.639300 0.218292 0.644017 0.200530 0.662154 0.197055
0 0.030647 0.895739 0.041936 0.890453 0.058506 0.896865 0.072223 0.913300 0.075887 0.928423 0.067587 0.942602 0.042429 0.947302 0.032053 0.942931 0.026594 0.912341
0 0.721135 0.615495 0.722368 0.631431 0.715712 0.648826 0.704134 0.654229 0.695500 0.646176 0.694246 0.630263 0.703113 0.615654
0 0.629453 0.324076 0.635197 0.319647 0.650006 0.326826 0.652099 0.353055 0.648884 0.363634 0.638628 0.362266
0 0.604648 0.539961 0.609021 0.568477 0.601909 0.579582 0.588071 0.582194 0.581062 0.570502 0.581690 0.554090 0.592494 0.538993
0 0.619831 0.842593 0.635811 0.868074 0.636839 0.880507 0.626188 0.895101 0.614511 0.897278 0.603472 0.883576 0.601635 0.861813 0.606435 0.848262
0 0.502268 0.311617 0.522578 0.311083 0.534277 0.328887 0.541312 0.387429 0.529312 0.412904 0.523334 0.414041 0.502841 0.341554
0 0.505139 0.203512 0.511178 0.202354 0.511454 0.229298 0.529552 0.225831 0.536150 0.231307 0.537557 0.247867 0.530934 0.265934 0.510865 0.269772 0.499397 0.255170 0.494795 0.225748
0 0.520002 0.653381 0.524774 0.662173 0.523339 0.691456 0.518000 0.698895 0.500323 0.702219 0.493021 0.687498 0.494139 0.677619 0.510159 0.655235
0 0.574300 0.958158 0.578974 0.966680 0.578626 0.985500 0.575282 0.992366 0.563666 0.994523 0.559260 0.989098 0.559322 0.967205
0 0.481548 0.978540 0.490675 0.970583 0.515576 0.984721 0.519432 1.000000 0.510036 1.000000 0.483227 0.996982
0 0.410495 0.573414 0.420172 0.591134 0.420265 0.613877 0.407950 0.632427 0.389925 0.632586 0.383115 0.624138 0.381910 0.611373 0.393616 0.586384
0 0.466920 0.044316 0.454681 0.031837 0.430695 0.025327 0.429040 0.044211 0.437558 0.064800 0.443351 0.067384 0.459441 0.060579
0 0.026277 0.132443 0.049729 0.121072 0.091017 0.160936 0.071179 0.205577 0.065156 0.206736 0.025362 0.142877
0 0.015179 0.236690 0.020286 0.245863 0.020669 0.286310 0.008509 0.305476 0.000000 0.305629 0.000000 0.289530 0.000000 0.265257
0 0.071236 0.357199 0.079210 0.355674 0.088594 0.367251 0.092698 0.386492 0.089421 0.393785 0.079474 0.395684 0.070452 0.387406 0.066327 0.368167
0 0.341026 0.329041 0.343703 0.378563 0.294827 0.480590 0.267066 0.485864 0.250234 0.479173 0.232080 0.459514 0.218857 0.428928 0.210570 0.387314 0.211562 0.357115 0.256761 0.361835 0.300020 0.346898 0.326406 0.325145
0 0.010881 0.508190 0.018792 0.506685 0.023481 0.548573 0.038899 0.578434 0.068963 0.595626 0.087287 0.634539 0.089721 0.656828 0.084652 0.683720 0.058759 0.720924 0.037234 0.724982 0.015523 0.709703 0.000000 0.659108 0.000000 0.582112 0.000000 0.548137
0 0.626061 0.078360 0.636041 0.100322 0.631960 0.152100 0.601675 0.157914 0.592233 0.142762 0.594738 0.098041 0.607551 0.078508
0 0.703052 0.817536 0.711131 0.844535 0.689451 0.870695 0.679455 0.869403 0.674803 0.860798 0.675691 0.822649 0.683007 0.814936
0 0.706353 0.657036 0.707596 0.672906 0.698031 0.703625 0.682810 0.712896 0.672226 0.705260 0.668226 0.680306 0.674831 0.662964 0.682206 0.655129 0.699942 0.651792
0 0.601830 0.934225 0.610500 0.920049 0.620218 0.918239 0.650237 0.947167 0.632367 0.969265 0.614658 0.969430 0.603661 0.955829
0 0.458598 0.985936 0.461147 1.000000 0.454835 1.000000 0.433023 1.000000 0.429366 1.000000 0.434016 0.996759 0.444765 0.985381
0 0.400602 0.682327 0.403754 0.694632 0.412494 0.702649 0.414557 0.724773 0.402315 0.743121 0.377914 0.738081 0.370833 0.726567 0.369023 0.707610 0.377631 0.693104
0 0.200377 0.023210 0.200730 0.047268 0.163947 0.050938 0.159151 0.024289 0.166221 0.012560 0.180418 0.009810
1 0.683459 0.110139 0.917266 0.413631 0.897228 0.473078 0.830558 0.535077
1 0.762205 0.495643 0.574778 0.872577 0.636420 0.927441 0.676567 0.954419
0 0.777258 0.035562 0.780756 0.055414 0.777672 0.069668 0.746210 0.089359 0.734568 0.071135 0.732554 0.044173 0.739425 0.025721 0.753659 0.022977
0 0.853144 0.119826 0.867129 0.144255 0.868272 0.160946 0.856835 0.173268 0.844717 0.175589 0.833684 0.164193 0.830022 0.141212 0.838969 0.122546
0 0.924280 0.921280 0.938185 0.893613 0.949678 0.888336 0.967847 0.894376 0.978613 0.908053 0.982178 0.932426 0.973463 0.949657 0.958318 0.958704 0.944507 0.958149 0.925756 0.942899
0 0.930945 0.273270 0.942506 0.294420 0.941787 0.314533 0.922156 0.324918 0.913256 0.313309 0.911719 0.290284 0.918880 0.275570
0 0.894578 0.002677 0.902486 0.028563 0.901798 0.049205 0.888475 0.065416 0.869970 0.065564 0.863187 0.056632 0.860879 0.022881 0.870136 0.007387
0 0.114984 0.461957 0.127834 0.449578 0.162988 0.475960 0.163037 0.495745 0.143918 0.505967 0.125075 0.499665 0.115774 0.488241
0 0.235310 0.531352 0.256018 0.556919 0.262539 0.581831 0.250665 0.603641 0.232931 0.606995 0.216845 0.587215 0.213888 0.558357 0.221795 0.537196
0 0.362161 0.925437 0.373795 0.964133 0.366499 0.990555 0.355795 1.000000 0.344199 1.000000 0.320505 0.983460 0.319383 0.952291 0.332756 0.927773 0.351856 0.921058
0 0.313223 0.830111 0.318354 0.841870 0.318560 0.864053 0.312011 0.877954 0.294513 0.881226 0.287745 0.872987 0.288512 0.841100 0.298957 0.826417
0 0.212262 0.852203 0.256041 0.853537 0.260885 0.862156 0.264362 0.896355 0.212588 0.893378
