0 0.640938 0.509386 0.641959 0.513357 0.645391 0.515866 0.655570 0.515563 0.666655 0.511406 0.670657 0.506589 0.671428 0.501346 0.668900 0.494983 0.662923 0.492551 0.650666 0.497787 0.641909 0.506225
0 0.000000 0.521349 0.000000 0.569929 0.009664 0.566775 0.023310 0.556104 0.026493 0.549397 0.027130 0.542766 0.024552 0.529271 0.020651 0.521905 0.011242 0.516964
0 0.333289 0.508438 0.328886 0.509091 0.323846 0.516373 0.314352 0.517178 0.305746 0.520566 0.305176 0.527890 0.307436 0.531478 0.309059 0.541695 0.310432 0.542699 0.314702 0.540657 0.320361 0.533182 0.330006 0.527327 0.332702 0.522201 0.334997 0.512910
0 0.146702 0.247590 0.144406 0.256881 0.145075 0.263821 0.147336 0.267407 0.154686 0.270843 0.165553 0.271042 0.174226 0.268348 0.180840 0.264150 0.183537 0.259023 0.182265 0.245837 0.170796 0.239393 0.161787 0.238617 0.153114 0.241310
0 0.844475 0.039457 0.846349 0.058888 0.847922 0.061974 0.854117 0.060049 0.856948 0.056311 0.870426 0.057129 0.874561 0.053700 0.872621 0.033574 0.871248 0.032571 0.860850 0.037230 0.847991 0.036220
0 0.094151 0.351116 0.093247 0.354970 0.095289 0.362914 0.105453 0.369049 0.112602 0.370403 0.117625 0.369558 0.121828 0.366823 0.125144 0.361505 0.126952 0.353795 0.125998 0.350517 0.116322 0.342801 0.109925 0.342643 0.101252 0.345337
0 0.981642 0.442885 0.978963 0.441573 0.974560 0.442226 0.964362 0.448967 0.948254 0.453969 0.946663 0.457323 0.949508 0.473594 0.955068 0.478300 0.957613 0.478225 0.974206 0.471641 0.981456 0.460812 0.982931 0.449633
0 0.441781 0.164524 0.441211 0.171848 0.444844 0.176438 0.447456 0.177056 0.456063 0.173669 0.464233 0.178994 0.474212 0.176610 0.482685 0.171834 0.490102 0.175963 0.493753 0.174115 0.497135 0.169490 0.495596 0.153528 0.492582 0.148746 0.489216 0.146932 0.484193 0.147777 0.480610 0.150320 0.473194 0.146190 0.464252 0.146108 0.460602 0.147956 0.451291 0.157281 0.443924 0.160284
0 0.158437 0.488404 0.153414 0.489250 0.140186 0.497646 0.133840 0.504621 0.128397 0.507741 0.129133 0.515375 0.133320 0.519078 0.138175 0.529722 0.134707 0.540091 0.136349 0.543870 0.141438 0.543719 0.150044 0.540331 0.155571 0.531466 0.155187 0.520864 0.152525 0.513113 0.154887 0.504518 0.161651 0.495268 0.161250 0.491104
0 0.512970 0.446200 0.505202 0.445039 0.497281 0.448928 0.493413 0.455133 0.491939 0.466312 0.495505 0.470209 0.500109 0.471638 0.508096 0.468442 0.517976 0.451793
0 0.690362 0.082316 0.684720 0.083354 0.679965 0.086976 0.675963 0.091792 0.673468 0.099000 0.676883 0.107947 0.680382 0.111148 0.684300 0.112076 0.689875 0.110345 0.695184 0.105837 0.698851 0.097550 0.697295 0.088026
0 0.338784 0.254409 0.330093 0.263542 0.328569 0.267590 0.329573 0.277999 0.332519 0.282088 0.333590 0.293192 0.340589 0.299596 0.344507 0.300524 0.353247 0.298524 0.356831 0.295981 0.361804 0.288004 0.361620 0.279483 0.359226 0.274508 0.360750 0.270461 0.360567 0.261940 0.357420 0.255770 0.353301 0.252760 0.344979 0.252485
0 0.002552 0.294505 0.002602 0.301637 0.006217 0.312665 0.019946 0.322697 0.028954 0.323474 0.040106 0.320010 0.046100 0.316004 0.053351 0.305174 0.053519 0.293685 0.051945 0.290600 0.046521 0.287282 0.033176 0.287853 0.019413 0.290697 0.009785 0.290113 0.004829 0.291653
0 0.648022 0.252006 0.641559 0.251154 0.632267 0.254040 0.627511 0.257661 0.624379 0.271500 0.625868 0.280330 0.631226 0.282955 0.636936 0.282610 0.649963 0.272131 0.653698 0.264538 0.652342 0.257097
0 0.864808 0.177529 0.858093 0.193911 0.860888 0.203049 0.866932 0.206176 0.882906 0.199785 0.886841 0.194274 0.887496 0.181205 0.885034 0.175536 0.880849 0.171832 0.876998 0.171599 0.868325 0.174293
0 0.766507 0.157309 0.760146 0.144274 0.758087 0.142769 0.753064 0.143614 0.739467 0.161419 0.736503 0.163768 0.732098 0.164422 0.728582 0.167657 0.721951 0.178294 0.722219 0.181071 0.726271 0.183386 0.730607 0.182039 0.745493 0.170983 0.754032 0.166902 0.760144 0.170722 0.763727 0.168179 0.767043 0.162861
0 0.074094 0.778357 0.072035 0.776852 0.049180 0.784665 0.038162 0.789517 0.037190 0.792677 0.038697 0.795069 0.052092 0.801630 0.060346 0.801211 0.074362 0.781133
0 0.450084 0.634421 0.449849 0.645217 0.451623 0.650384 0.454436 0.653084 0.462137 0.653551 0.471431 0.650665 0.476186 0.647044 0.478949 0.642612 0.479586 0.635981 0.476104 0.626340 0.473358 0.624333 0.468821 0.623599 0.460080 0.625598 0.454638 0.628718
0 0.680946 0.619905 0.679573 0.618901 0.669310 0.624948 0.661188 0.626756 0.657739 0.630686 0.658140 0.634850 0.670430 0.643184 0.676006 0.641453 0.679807 0.634554
0 0.524132 0.747234 0.522742 0.752670 0.523964 0.758723 0.530075 0.762544 0.536539 0.763395 0.547690 0.759932 0.555426 0.747522 0.554490 0.737806 0.550991 0.734604 0.545146 0.733560 0.533309 0.736522
0 0.371159 0.801891 0.358701 0.805046 0.351535 0.810131 0.352472 0.819847 0.357343 0.824052 0.360575 0.824479 0.368362 0.819201 0.373201 0.809835 0.372532 0.802895
0 0.039427 0.445309 0.037970 0.450050 0.039660 0.460962 0.049337 0.468679 0.057106 0.469840 0.065093 0.466644 0.075742 0.471200 0.080631 0.468967 0.082289 0.466307 0.083126 0.461759 0.081151 0.454509 0.069633 0.440932 0.047832 0.439840 0.042256 0.441571
0 0.090124 0.699755 0.090592 0.704613 0.092785 0.707506 0.098897 0.711326 0.108658 0.713298 0.114787 0.710679 0.118320 0.701004 0.118756 0.692292 0.117049 0.687819 0.114437 0.687201 0.106935 0.688815 0.091781 0.697096
0 0.550969 0.357201 0.545660 0.361709 0.540134 0.370573 0.537220 0.380056 0.537404 0.388576 0.539798 0.393550 0.546042 0.398759 0.557445 0.404510 0.563087 0.403473 0.570891 0.391757 0.576685 0.385669 0.577589 0.381813 0.576585 0.371404 0.574124 0.365735 0.566439 0.358829 0.557850 0.355778
0 0.597951 0.586354 0.596511 0.584656 0.592174 0.586003 0.586028 0.595059 0.578393 0.595286 0.570958 0.597595 0.566672 0.606075 0.566588 0.611820 0.581372 0.612945 0.587500 0.610327 0.598754 0.594681
0 0.157055 0.824785 0.154042 0.820002 0.150058 0.818381 0.141384 0.821075 0.134150 0.825465 0.120387 0.828311 0.115012 0.832124 0.114710 0.842225 0.118410 0.847509 0.121708 0.848629 0.131822 0.847632 0.141114 0.844746 0.155514 0.835271 0.157591 0.830337
0 0.856224 0.558319 0.852992 0.557894 0.837705 0.564786 0.820843 0.568593 0.817394 0.572523 0.817243 0.577574 0.825547 0.584287 0.830838 0.586218 0.839645 0.584912 0.850681 0.573622 0.856206 0.564758
0 0.558523 0.541415 0.560230 0.545889 0.563528 0.547008 0.576053 0.544548 0.580741 0.540233 0.587440 0.530289 0.586972 0.525432 0.572873 0.524807 0.565372 0.526422 0.559293 0.536172
0 0.243415 0.218268 0.244436 0.222240 0.257830 0.228802 0.259672 0.234663 0.266251 0.243342 0.268930 0.244654 0.274371 0.241535 0.277353 0.232745 0.289158 0.216213 0.287384 0.211046 0.284152 0.210620 0.276718 0.212929 0.271343 0.216742 0.267978 0.214929 0.264261 0.216083 0.256844 0.211953 0.246244 0.214530
0 0.244281 0.716923 0.246341 0.718428 0.268275 0.720908 0.271791 0.717671 0.273533 0.709268 0.270721 0.706568 0.245873 0.713569
0 0.758394 0.284917 0.750675 0.290888 0.742034 0.307153 0.743038 0.317563 0.747558 0.324737 0.756616 0.332646 0.761839 0.333882 0.766176 0.332535 0.773143 0.325368 0.778049 0.316697 0.779857 0.308987 0.778921 0.299271 0.775773 0.293101 0.768089 0.286195
