0 0.757024 0.855558 0.757493 0.859311 0.759246 0.860939 0.761133 0.861588 0.769002 0.867241 0.772053 0.868417 0.775627 0.868789 0.779624 0.867896 0.786690 0.865065 0.789321 0.862719 0.789879 0.860474 0.788011 0.856711 0.782635 0.854479 0.774509 0.852458 0.768036 0.851602 0.763939 0.852033 0.760380 0.853333
0 0.626814 0.697355 0.625144 0.699304 0.626253 0.704388 0.628610 0.708789 0.630800 0.710824 0.634626 0.712352 0.642549 0.713450 0.646647 0.713019 0.649093 0.711421 0.650763 0.709472 0.651744 0.705961 0.650600 0.702319 0.648022 0.700108 0.643270 0.697535 0.638095 0.696227 0.631098 0.696175
0 0.698027 0.077522 0.697318 0.079074 0.697484 0.081440 0.704951 0.085245 0.706365 0.086928 0.713747 0.091943 0.717909 0.093416 0.720034 0.093547 0.722968 0.092588 0.723828 0.091729 0.723712 0.089594 0.719435 0.081199 0.714500 0.074587 0.712563 0.073707 0.702884 0.075770
0 0.960350 0.024783 0.958664 0.025058 0.955664 0.024113 0.951415 0.023851 0.939798 0.025034 0.930608 0.027735 0.924824 0.028442 0.912548 0.031408 0.903795 0.034516 0.878569 0.040558 0.875012 0.041859 0.849870 0.046691 0.846412 0.048454 0.838420 0.050240 0.832888 0.052103 0.823039 0.056587 0.816190 0.062015 0.815008 0.064602 0.815311 0.065988 0.819001 0.068497 0.825963 0.069990 0.832335 0.070384 0.846027 0.069100 0.857946 0.069304 0.868974 0.067021 0.879514 0.064099 0.895968 0.064279 0.904062 0.062954 0.910841 0.060409 0.918260 0.059195 0.930366 0.058650 0.936436 0.057657 0.944902 0.054835 0.952607 0.053335 0.956689 0.051231 0.963135 0.043954 0.964484 0.043733
0 0.670347 0.234036 0.668390 0.236271 0.667595 0.239034 0.667879 0.243536 0.669712 0.248741 0.677679 0.259644 0.683610 0.264417 0.684990 0.267542 0.688495 0.270799 0.695012 0.281460 0.697640 0.283902 0.700385 0.288479 0.702862 0.290228 0.705556 0.294574 0.708623 0.297423 0.715764 0.307743 0.723954 0.311669 0.730429 0.312524 0.746259 0.313045 0.752884 0.314594 0.756256 0.314042 0.758802 0.312907 0.760860 0.311134 0.762314 0.306588 0.766585 0.298948 0.768375 0.294347 0.769104 0.289680 0.771755 0.284220 0.769936 0.280688 0.766448 0.279105 0.762993 0.276080 0.759020 0.269071 0.754000 0.263670 0.745759 0.259514 0.733808 0.255964 0.728784 0.255350 0.726121 0.254350 0.723694 0.252832 0.717898 0.247078 0.713533 0.244681 0.704382 0.241153 0.696411 0.235037 0.691861 0.233388 0.675592 0.232460 0.672893 0.232902
0 0.802476 0.695657 0.801918 0.697902 0.803923 0.700685 0.813916 0.706470 0.823440 0.708502 0.832933 0.707188 0.835716 0.705535 0.835096 0.701090 0.832754 0.698362 0.827563 0.695381 0.821039 0.694294 0.811480 0.693705 0.803674 0.694743
0 0.090807 0.521784 0.087823 0.522512 0.087315 0.524988 0.090693 0.540472 0.092022 0.543366 0.096321 0.543859 0.098953 0.541513 0.100135 0.538927 0.101201 0.534205 0.100817 0.529241 0.100026 0.527216 0.096420 0.523498
0 0.497596 0.660578 0.493684 0.660260 0.487615 0.661254 0.485067 0.662388 0.481525 0.665362 0.477862 0.670988 0.469983 0.679696 0.464836 0.686523 0.464565 0.688482 0.465305 0.690276 0.466669 0.691728 0.469383 0.692959 0.475030 0.693231 0.481100 0.692238 0.491101 0.688447 0.495656 0.685309 0.498795 0.680487 0.500318 0.673057 0.500476 0.664176 0.500073 0.662327
0 0.340584 0.819826 0.336033 0.818178 0.331347 0.817509 0.321028 0.818240 0.320268 0.819561 0.315125 0.821599 0.310927 0.821568 0.303659 0.823475 0.293557 0.826804 0.279696 0.830508 0.273254 0.832998 0.254722 0.837707 0.244334 0.841321 0.241652 0.843436 0.235024 0.846674 0.226267 0.854569 0.213934 0.866879 0.207690 0.875082 0.203516 0.887971 0.204474 0.892362 0.206916 0.895553 0.209967 0.896729 0.217452 0.897419 0.227771 0.896687 0.235763 0.894901 0.245714 0.890879 0.253389 0.886033 0.258818 0.883709 0.275955 0.874203 0.281083 0.870491 0.284592 0.868960 0.287610 0.866791 0.291169 0.865490 0.301812 0.858243 0.310650 0.853925 0.320433 0.847538 0.323654 0.846292 0.326623 0.843892 0.329845 0.842647 0.336321 0.838715 0.342717 0.831206 0.344271 0.827122 0.343263 0.822500
0 0.283432 0.631478 0.285232 0.638125 0.289732 0.639543 0.305951 0.640239 0.312474 0.641326 0.340915 0.643614 0.345315 0.644569 0.356746 0.644134 0.363119 0.644527 0.366607 0.646111 0.375053 0.646404 0.382302 0.647611 0.386803 0.649030 0.393260 0.648212 0.405634 0.650495 0.409057 0.650175 0.413068 0.650954 0.419728 0.651061 0.424128 0.652016 0.427938 0.651872 0.432675 0.652772 0.435439 0.654234 0.439586 0.654034 0.453782 0.655063 0.462480 0.656511 0.469931 0.658643 0.473841 0.658960 0.479505 0.660905 0.485288 0.660198 0.488560 0.659184 0.499317 0.658860 0.502437 0.657153 0.506484 0.656491 0.513600 0.653890 0.523516 0.651310 0.526299 0.649658 0.530159 0.649745 0.531156 0.647906 0.549354 0.638466 0.552358 0.634623 0.551718 0.633292 0.548179 0.631478 0.544504 0.630643 0.541352 0.629005 0.534441 0.627742 0.527902 0.624982 0.525037 0.623058 0.512749 0.619564 0.507659 0.617046 0.494832 0.612682 0.446327 0.590462 0.441086 0.587251 0.437647 0.585899 0.435069 0.583688 0.423440 0.578410 0.419311 0.575496 0.414035 0.573726 0.409856 0.570581 0.402255 0.567755 0.391800 0.569466 0.386676 0.568390 0.377505 0.567976 0.366900 0.568993 0.357120 0.570593 0.337626 0.575698 0.321048 0.582958 0.314622 0.587122 0.308331 0.590305 0.298125 0.597959 0.291594 0.606448 0.290951 0.609904 0.287153 0.616508 0.286254 0.623597
0 0.345815 0.512367 0.344699 0.516858 0.344476 0.523836 0.346290 0.532155 0.349423 0.536909 0.359466 0.542924 0.373372 0.549026 0.383415 0.555041 0.399123 0.563002 0.408155 0.569183 0.419834 0.574692 0.424789 0.578189 0.430654 0.581059 0.433603 0.581774 0.436740 0.581739 0.442759 0.580515 0.444969 0.579435 0.451240 0.579366 0.465978 0.576476 0.480598 0.571450 0.482959 0.571064 0.493534 0.566701 0.496856 0.565918 0.505069 0.561941 0.517399 0.554419 0.522713 0.549958 0.526577 0.545257 0.527844 0.541460 0.526414 0.538104 0.518138 0.535389 0.502342 0.533426 0.490205 0.530626 0.478371 0.529212 0.462272 0.525862 0.455512 0.525293 0.451113 0.524337 0.447639 0.524427 0.444200 0.523075 0.428878 0.520077 0.421004 0.519211 0.417919 0.519477 0.413469 0.518290 0.409759 0.518897 0.405934 0.517369 0.397774 0.516790 0.390998 0.514548 0.370954 0.512322 0.364177 0.510081 0.358479 0.509577 0.348785 0.509967
0 0.336911 0.401092 0.323670 0.409242 0.316871 0.414902 0.308771 0.425802 0.303132 0.436778 0.299904 0.447597 0.298711 0.464547 0.301146 0.477312 0.305202 0.487898 0.313099 0.501685 0.316689 0.503730 0.319638 0.504444 0.327461 0.505079 0.333310 0.506275 0.343493 0.506525 0.351955 0.508491 0.357603 0.508763 0.367027 0.510332 0.370853 0.511860 0.374663 0.511715 0.391673 0.514438 0.394672 0.515383 0.398196 0.515524 0.399797 0.516459 0.405546 0.517193 0.408798 0.519294 0.416958 0.519873 0.424528 0.519353 0.428878 0.520077 0.432029 0.521716 0.439076 0.521999 0.440829 0.523627 0.447050 0.523327 0.452612 0.524810 0.459407 0.523937 0.461904 0.522571 0.471570 0.514048 0.472465 0.511747 0.476515 0.506298 0.480163 0.499000 0.480806 0.495543 0.478735 0.490856 0.475383 0.488293 0.472115 0.484520 0.461280 0.476480 0.455973 0.471364 0.448440 0.465656 0.438753 0.456470 0.433360 0.452566 0.424111 0.443787 0.421685 0.442269 0.418653 0.437979 0.413245 0.432401 0.410431 0.430707 0.381403 0.401710 0.371529 0.393273 0.367568 0.392724 0.361447 0.393487 0.356777 0.394490 0.349997 0.397036 0.345950 0.397698
0 0.235185 0.347849 0.227939 0.341854 0.220187 0.338336 0.212450 0.336490 0.205301 0.335745 0.199569 0.336683 0.180525 0.348655 0.178231 0.350945 0.172328 0.354305 0.169796 0.357113 0.166002 0.358930 0.157230 0.365152 0.149067 0.369360 0.148072 0.371198 0.147951 0.373852 0.149549 0.379574 0.152394 0.384613 0.157248 0.387649 0.159709 0.387725 0.197801 0.379816 0.226415 0.374894 0.234931 0.372304 0.238171 0.367944 0.239171 0.361318 0.237794 0.353405
0 0.049764 0.255167 0.048912 0.267273 0.049513 0.274834 0.048192 0.283188 0.048913 0.288096 0.055015 0.290448 0.065450 0.291852 0.070288 0.293214 0.085157 0.294133 0.090770 0.295847 0.104290 0.296985 0.112028 0.298830 0.118350 0.298992 0.131398 0.301166 0.140519 0.301349 0.142406 0.301997 0.146352 0.300873 0.153201 0.295444 0.160085 0.288573 0.164504 0.286414 0.171166 0.281734 0.183500 0.269423 0.182120 0.266298 0.179069 0.265122 0.159936 0.262269 0.151776 0.261690 0.134666 0.258506 0.124704 0.256068 0.121602 0.254660 0.117471 0.256533 0.110559 0.255270 0.094914 0.254001 0.084042 0.252190 0.081765 0.251366 0.072645 0.251183 0.068920 0.250117 0.065210 0.250724 0.062698 0.250417 0.058364 0.251366 0.053829 0.251390 0.051283 0.252525
1 0.785454 0.686474 0.784913 0.690393 0.787642 0.693297 0.793084 0.697433 0.795746 0.698433 0.797549 0.700292 0.802539 0.702349 0.805555 0.704966 0.810256 0.707308 0.811943 0.707032 0.814505 0.707570 0.818920 0.710198 0.819897 0.711475 0.823286 0.712595 0.830581 0.718822 0.836194 0.720536 0.842699 0.724737 0.850688 0.727739 0.852103 0.729422 0.856603 0.730839 0.860007 0.733633 0.866023 0.737197 0.868028 0.739980 0.868803 0.740332 0.872175 0.739780 0.873726 0.740484 0.875242 0.742629 0.883247 0.747302 0.894100 0.752228 0.895853 0.753856 0.911610 0.762049 0.912924 0.763270 0.917088 0.764742 0.922092 0.768471 0.928008 0.771572 0.930637 0.774014 0.948619 0.782799 0.955123 0.787001 0.967729 0.793554 0.975448 0.798514 0.980875 0.800977 1.000000 0.822828 1.000000 0.823487 1.000000 0.823211 1.000000 0.821956 1.000000 0.816275 1.000000 0.811849 1.000000 0.797849 1.000000 0.779489 1.000000 0.772687 1.000000 0.748846 1.000000 0.744245 1.000000 0.730014 1.000000 0.710212 1.000000 0.697939 1.000000 0.688847 1.000000 0.683718 1.000000 0.671918 1.000000 0.665634 1.000000 0.651006 1.000000 0.643929 1.000000 0.640406 1.000000 0.636785 1.000000 0.616059 1.000000 0.609488 1.000000 0.606011 1.000000 0.604835 1.000000 0.605266 1.000000 0.607580 1.000000 0.607956 1.000000 0.614096 1.000000 0.614527 1.000000 0.617424 1.000000 0.616524 1.000000 0.619386 1.000000 0.619366 1.000000 0.620369 0.994827 0.626365 0.980714 0.628913 0.970377 0.632759 0.966329 0.633421 0.956278 0.636981 0.949247 0.638370 0.942518 0.641147 0.938758 0.641523 0.935537 0.642768 0.931153 0.643485 0.920950 0.646351 0.914222 0.649128 0.908927 0.650473 0.903481 0.651125 0.900934 0.652260 0.890293 0.654719 0.885825 0.656647 0.872014 0.660583 0.859300 0.663142 0.846129 0.668408 0.841070 0.669236 0.834577 0.671496 0.820952 0.674682 0.801762 0.681173 0.797327 0.681660 0.793145 0.683301 0.790447 0.683743
1 0.887538 0.365081 0.888969 0.368437 0.892946 0.370659 0.910037 0.376957 0.922879 0.382994 0.926892 0.383773 0.934594 0.387060 0.939668 0.387905 0.942870 0.389775 0.945382 0.390082 0.948921 0.391897 0.953995 0.392742 0.965253 0.399516 0.970040 0.400647 0.987182 0.407177 0.991158 0.409398 1.000000 0.412354 1.000000 0.420512 1.000000 0.425765 1.000000 0.429339 1.000000 0.430228 1.000000 0.429897 1.000000 0.316659 1.000000 0.318677 1.000000 0.322589 0.997273 0.325345 0.991605 0.328187 0.986834 0.328728 0.984625 0.329808 0.980578 0.330470 0.967794 0.335912 0.943746 0.344155 0.937169 0.347625 0.935381 0.347439 0.926040 0.349446 0.918974 0.352279 0.911706 0.354186 0.907337 0.356576 0.889310 0.363595
0 0.080496 0.420074 0.076093 0.423905 0.070337 0.432746 0.064787 0.437723 0.061411 0.443062 0.053295 0.452289 0.049632 0.457915 0.044807 0.463012 0.041194 0.468869 0.039208 0.488581 0.038643 0.500402 0.039213 0.504617 0.037825 0.511067 0.038339 0.524625 0.037494 0.527158 0.038974 0.530745 0.037924 0.537139 0.038406 0.547353 0.040511 0.550598 0.044438 0.552588 0.049493 0.556549 0.076186 0.573243 0.086028 0.578334 0.102527 0.588319 0.105325 0.588340 0.106861 0.587371 0.107570 0.585819 0.107674 0.581494 0.104835 0.566879 0.103400 0.547488 0.101112 0.540203 0.101220 0.531091 0.098665 0.520977 0.096236 0.498636 0.091819 0.475185 0.092059 0.469880 0.087460 0.442390 0.086288 0.430615 0.084423 0.422064 0.083108 0.420843
1 0.124672 0.877178 0.121874 0.877157 0.103914 0.881293 0.091790 0.884952 0.104644 0.943882 0.106617 0.943320 0.106923 0.939919 0.111028 0.929912 0.111806 0.925477 0.116434 0.914667 0.118480 0.906434 0.120235 0.903274 0.121250 0.898321 0.122820 0.895910 0.123463 0.892454 0.127180 0.882272 0.126273 0.878113
0 0.158861 0.441477 0.154190 0.442480 0.151019 0.443956 0.140464 0.445205 0.134491 0.451449 0.135329 0.458491 0.136810 0.462078 0.139051 0.464345 0.144866 0.466984 0.148676 0.466839 0.153227 0.468488 0.156075 0.468739 0.160460 0.468022 0.166464 0.465125 0.169991 0.460479 0.176821 0.458165 0.177565 0.455170 0.175460 0.451925 0.169292 0.447669 0.166311 0.443608 0.162098 0.441904
0 0.061835 0.369752 0.055932 0.373113 0.053265 0.376900 0.052808 0.379607 0.054255 0.384636 0.059492 0.392635 0.062744 0.394735 0.066807 0.395746 0.076215 0.395642 0.078978 0.397105 0.081289 0.396487 0.089672 0.390090 0.093468 0.388272 0.096758 0.384143 0.096626 0.380336 0.087815 0.371964 0.084073 0.369226 0.080585 0.367643 0.075898 0.366973
0 0.296907 0.256131 0.280771 0.259011 0.276402 0.261402 0.272522 0.264430 0.270631 0.268569 0.270663 0.271914 0.274753 0.281059 0.277568 0.282752 0.281967 0.283708 0.284378 0.283552 0.288727 0.284277 0.297022 0.283877 0.309081 0.278313 0.312135 0.274702 0.313267 0.271884 0.312123 0.268241 0.309006 0.265161 0.305622 0.259253 0.301257 0.256856
0 0.830194 0.140624 0.821713 0.141772 0.812236 0.144759 0.806971 0.149450 0.802363 0.157144 0.802158 0.161008 0.803236 0.162746 0.803721 0.168172 0.807023 0.170503 0.818285 0.172491 0.822195 0.172808 0.830002 0.171770 0.837456 0.169114 0.843410 0.165985 0.845875 0.161274 0.844281 0.150764 0.842850 0.147408 0.838369 0.142876 0.834881 0.141293
0 0.865622 0.224581 0.861761 0.224495 0.849047 0.227054 0.845489 0.228355 0.840597 0.231548 0.837930 0.235335 0.836326 0.239188 0.836543 0.241785 0.835071 0.249446 0.837563 0.252868 0.839165 0.253802 0.848150 0.254965 0.852549 0.255920 0.854151 0.256856 0.856224 0.256756 0.859158 0.255797 0.860981 0.254540 0.865888 0.253019 0.868671 0.251367 0.871993 0.250584 0.875434 0.247149 0.875690 0.243517 0.877345 0.239896 0.876170 0.232907 0.874840 0.230014 0.871724 0.226934
0 0.212689 0.217496 0.211844 0.220027 0.213022 0.222228 0.216949 0.224218 0.226574 0.226713 0.229726 0.228351 0.237851 0.230372 0.242436 0.230579 0.248286 0.231776 0.251809 0.231917 0.255518 0.231310 0.262957 0.226982 0.270364 0.219307 0.277399 0.213129 0.279542 0.210146 0.280034 0.205997 0.278704 0.203103 0.274828 0.201344 0.270832 0.202237 0.264828 0.205135 0.259819 0.206194 0.253311 0.206780 0.249012 0.206287 0.245962 0.205110 0.242589 0.205662 0.228895 0.211733 0.215421 0.215613
0 0.589215 0.608248 0.586921 0.610538 0.580630 0.613721 0.577475 0.616870 0.573661 0.621803 0.572816 0.624335 0.570285 0.627142 0.563162 0.639318 0.561894 0.643116 0.562011 0.645250 0.560592 0.648355 0.560623 0.651701 0.563736 0.659568 0.565640 0.661889 0.572281 0.665112 0.581720 0.668354 0.604978 0.678909 0.609831 0.681944 0.623398 0.688101 0.630950 0.690695 0.636629 0.694313 0.665888 0.706758 0.674839 0.709363 0.681549 0.709701 0.690991 0.708156 0.699643 0.704586 0.706325 0.696790 0.716387 0.678868 0.719259 0.671218 0.721502 0.668696 0.724154 0.663236 0.724799 0.654994 0.723272 0.646387 0.722279 0.643438 0.718523 0.639026 0.707266 0.632252 0.696915 0.629638 0.686314 0.625867 0.680953 0.625308 0.678189 0.623846 0.672440 0.623111 0.651589 0.617189 0.647492 0.617620 0.645689 0.615761 0.642015 0.614926 0.638425 0.612881 0.632289 0.611970 0.616225 0.607179 0.601103 0.605106 0.593684 0.606320
0 0.614624 0.513377 0.605977 0.512160 0.598425 0.509566 0.587602 0.507986 0.580183 0.509200 0.572679 0.511624 0.568648 0.513960 0.563907 0.517847 0.559656 0.522372 0.556516 0.527194 0.554745 0.528680 0.551097 0.535980 0.546575 0.542464 0.542793 0.550742 0.535416 0.561762 0.533677 0.566595 0.530859 0.569689 0.525018 0.579739 0.520627 0.590032 0.519798 0.594236 0.518042 0.597396 0.516740 0.602635 0.518252 0.609568 0.522009 0.613980 0.526525 0.617070 0.534700 0.619323 0.545810 0.620616 0.552806 0.620668 0.560950 0.619574 0.570799 0.615091 0.572706 0.612625 0.580095 0.608065 0.592308 0.598407 0.601908 0.587980 0.604355 0.586384 0.606835 0.583345 0.617936 0.573390 0.621327 0.569724 0.623370 0.566278 0.640036 0.553020 0.641928 0.548881 0.646215 0.542913 0.648005 0.538312 0.646780 0.531093 0.645501 0.528430 0.639081 0.523018 0.625951 0.517268 0.617776 0.515016
0 0.651442 0.333108 0.648826 0.337127 0.645331 0.345118 0.640656 0.350909 0.637734 0.358329 0.636956 0.362764 0.631197 0.376392 0.632573 0.384305 0.634426 0.386395 0.639617 0.389375 0.645230 0.391089 0.654114 0.391789 0.676403 0.391494 0.691222 0.392180 0.708925 0.391676 0.723895 0.393056 0.733876 0.392380 0.745172 0.392925 0.748882 0.392318 0.756604 0.392491 0.767445 0.390957 0.774899 0.388300 0.778694 0.386482 0.785019 0.381857 0.788109 0.376804 0.792260 0.371817 0.796464 0.362273 0.797849 0.360610 0.799976 0.355954 0.800351 0.349669 0.799393 0.345279 0.797676 0.342209 0.790633 0.337138 0.784043 0.334148 0.772293 0.331523 0.759497 0.330505 0.753986 0.329253 0.746113 0.328387 0.740178 0.328401 0.730991 0.326314 0.726844 0.326514 0.715683 0.324990 0.708737 0.325169 0.700376 0.323664 0.695116 0.323568 0.687530 0.322416 0.675273 0.322267 0.664195 0.324320 0.658865 0.327106
0 0.665561 0.253728 0.657402 0.253148 0.651281 0.253910 0.645363 0.255597 0.636087 0.259508 0.627655 0.260888 0.611162 0.266938 0.605546 0.270011 0.600957 0.274592 0.598578 0.278092 0.593625 0.295417 0.592777 0.302737 0.588599 0.320414 0.586607 0.324091 0.585980 0.329220 0.582938 0.339292 0.581446 0.350067 0.581273 0.357276 0.582567 0.361612 0.585161 0.365496 0.587300 0.367299 0.597530 0.372566 0.604931 0.374467 0.611877 0.374288 0.616935 0.373460 0.620493 0.372160 0.628017 0.366620 0.628525 0.364144 0.630482 0.361909 0.631377 0.359608 0.635815 0.354335 0.638974 0.346398 0.640830 0.343700 0.646977 0.330248 0.648361 0.328586 0.651333 0.321398 0.652717 0.319736 0.653360 0.316279 0.655030 0.314330 0.658240 0.306625 0.660856 0.302607 0.668658 0.285533 0.670665 0.283529 0.671545 0.279556 0.677285 0.269042 0.677877 0.265355 0.675067 0.258874 0.671950 0.255795
0 0.413782 0.159458 0.411673 0.161000 0.410441 0.163356 0.409542 0.170444 0.411174 0.174724 0.415116 0.178388 0.427722 0.184941 0.435208 0.185631 0.442864 0.183899 0.444333 0.181026 0.444064 0.178198 0.440529 0.171596 0.435896 0.166371 0.429966 0.161597 0.423325 0.158375 0.419700 0.157771 0.416328 0.158323
0 0.269911 0.769640 0.269757 0.773735 0.271676 0.777728 0.285105 0.789652 0.294912 0.796185 0.302596 0.802587 0.314139 0.809075 0.319969 0.813387 0.323071 0.814794 0.327420 0.815519 0.332141 0.814746 0.337909 0.812366 0.345565 0.810635 0.368887 0.802270 0.372933 0.801608 0.383372 0.798224 0.407200 0.792171 0.409696 0.790805 0.417452 0.789536 0.420960 0.788005 0.422007 0.786398 0.422278 0.784439 0.421219 0.779586 0.417060 0.773325 0.412931 0.770411 0.406830 0.768058 0.402480 0.767334 0.386212 0.766405 0.376129 0.766619 0.365070 0.765557 0.337944 0.764491 0.332784 0.764857 0.323749 0.763462 0.309469 0.763645 0.294397 0.761803 0.282242 0.762117 0.278195 0.762779 0.272865 0.765566 0.270857 0.767570
0 0.260658 0.605526 0.257808 0.605274 0.249428 0.606885 0.247183 0.609406 0.243417 0.619357 0.242716 0.632157 0.242058 0.633940 0.237519 0.638752 0.237096 0.640018 0.229588 0.647231 0.229771 0.651269 0.231286 0.653415 0.234000 0.654646 0.238435 0.654160 0.270006 0.640377 0.275235 0.637128 0.277428 0.634375 0.278087 0.632592 0.277280 0.628895 0.272802 0.619575 0.268356 0.613601 0.265360 0.607868
0 0.506435 0.930072 0.507681 0.934177 0.517689 0.941634 0.524179 0.944163 0.529287 0.943566 0.535528 0.940151 0.536222 0.936926 0.535097 0.930169 0.534306 0.928145 0.532014 0.925647 0.524631 0.925419 0.513165 0.927295 0.509556 0.928365
0 0.331852 0.933509 0.316863 0.935244 0.310320 0.937272 0.307873 0.938869 0.306793 0.941918 0.308424 0.946198 0.313496 0.951831 0.317322 0.953359 0.321419 0.952928 0.331268 0.948445 0.334524 0.945758 0.335574 0.939362 0.334228 0.934796
0 0.362596 0.898321 0.360084 0.898014 0.346645 0.900452 0.343424 0.901697 0.341029 0.903525 0.340572 0.906233 0.342491 0.910227 0.345421 0.914056 0.349600 0.917202 0.353647 0.916539 0.357391 0.914491 0.359061 0.912542 0.363380 0.909921 0.366198 0.906826 0.366100 0.901577 0.364922 0.899376
0 0.176044 0.875712 0.174559 0.876913 0.173478 0.879962 0.174335 0.883891 0.178328 0.887785 0.189539 0.889540 0.194310 0.888999 0.196807 0.887633 0.198326 0.884991 0.199813 0.879004 0.199193 0.874557 0.197627 0.872180 0.193665 0.871632 0.185234 0.873012
0 0.220192 0.793094 0.216382 0.793238 0.209990 0.795960 0.203009 0.797581 0.200563 0.799178 0.199668 0.801479 0.201467 0.808125 0.204010 0.811778 0.205999 0.812888 0.209708 0.812281 0.214177 0.810353 0.215612 0.808922 0.220317 0.806477 0.222798 0.803438 0.223677 0.799465 0.223107 0.795249
0 0.161919 0.778934 0.159911 0.780938 0.159253 0.782721 0.159958 0.785957 0.163699 0.788695 0.178468 0.789151 0.181351 0.787961 0.182499 0.786815 0.182855 0.783646 0.182084 0.778507 0.180804 0.775844 0.179203 0.774910 0.176354 0.774658 0.168598 0.775927
0 0.366836 0.701602 0.365673 0.701074 0.361727 0.702199 0.358623 0.705579 0.351959 0.710259 0.344843 0.712859 0.335836 0.719600 0.330149 0.725556 0.329778 0.727053 0.330685 0.731212 0.331561 0.732026 0.335185 0.732630 0.343178 0.730843 0.360346 0.724683 0.366602 0.722942 0.370331 0.719220 0.371059 0.714554 0.369042 0.705310
0 0.402675 0.684966 0.399047 0.689150 0.398404 0.692607 0.402693 0.707463 0.407593 0.715516 0.412380 0.716647 0.416190 0.716503 0.426187 0.717499 0.449539 0.717269 0.454733 0.715462 0.459000 0.712610 0.461143 0.709625 0.458937 0.705918 0.449549 0.702907 0.438106 0.696880 0.432880 0.695342 0.429628 0.693242 0.415099 0.687481 0.408830 0.682763 0.405121 0.683370
0 0.425227 0.738720 0.413611 0.739902 0.410828 0.741555 0.407379 0.754565 0.408388 0.759187 0.409314 0.760232 0.415279 0.763564 0.419393 0.764806 0.423288 0.763450 0.425365 0.758562 0.430175 0.751792 0.431493 0.748226 0.431023 0.744472 0.429643 0.741348 0.427891 0.739720
0 0.443385 0.740296 0.439337 0.740958 0.433078 0.747488 0.428655 0.754434 0.427776 0.758407 0.423540 0.764606 0.423249 0.769680 0.425304 0.772694 0.428843 0.774508 0.434998 0.772304 0.442150 0.768262 0.449166 0.765199 0.452809 0.762689 0.456623 0.757755 0.457030 0.754817 0.454793 0.747764 0.452014 0.744628 0.448272 0.741889
0 0.245579 0.706126 0.240133 0.706778 0.232190 0.708795 0.227671 0.710492 0.224702 0.712893 0.223993 0.714445 0.224850 0.718373 0.227191 0.721102 0.230393 0.722972 0.234405 0.723751 0.240390 0.723969 0.245347 0.722679 0.246782 0.721247 0.248774 0.717571 0.249809 0.709502 0.249305 0.707192
0 0.219263 0.657536 0.215011 0.662062 0.214081 0.665804 0.215949 0.669567 0.217601 0.670733 0.221377 0.672030 0.227025 0.672302 0.234544 0.671550 0.237766 0.670305 0.238912 0.669160 0.240180 0.665363 0.239881 0.659189 0.238164 0.656118 0.233814 0.655394 0.227154 0.655287 0.222434 0.656060
0 0.231302 0.562221 0.226814 0.567263 0.226306 0.569741 0.227551 0.573845 0.232990 0.582767 0.234592 0.583703 0.236259 0.586542 0.245962 0.597400 0.247512 0.598104 0.251811 0.598597 0.267188 0.597038 0.281150 0.593796 0.284034 0.592606 0.285131 0.591230 0.284123 0.586607 0.280401 0.580754 0.275800 0.578874 0.270001 0.577909 0.256786 0.573369 0.255859 0.572324 0.250870 0.570268 0.241788 0.563856 0.238958 0.560489 0.235098 0.560403
0 0.207691 0.550048 0.204369 0.550831 0.201032 0.549941 0.177612 0.553056 0.168421 0.555756 0.163312 0.556353 0.156719 0.558150 0.149637 0.559309 0.148102 0.560278 0.140396 0.561778 0.137226 0.563254 0.134121 0.566635 0.133950 0.569056 0.137555 0.572775 0.139711 0.576251 0.144092 0.580321 0.148153 0.581332 0.164678 0.578628 0.177966 0.575496 0.197812 0.572009 0.204290 0.568077 0.205421 0.565259 0.207091 0.563311 0.209575 0.555484 0.209207 0.552194
0 0.208152 0.542554 0.201027 0.533906 0.197572 0.530881 0.192835 0.529981 0.187002 0.530456 0.160377 0.536489 0.149197 0.538079 0.139332 0.540890 0.136177 0.544039 0.132748 0.553934 0.131363 0.555598 0.130484 0.559571 0.132876 0.562530 0.135675 0.562551 0.149249 0.559133 0.165386 0.556253 0.167646 0.555405 0.171507 0.555491 0.175840 0.554542 0.178402 0.555080 0.182011 0.554011 0.186446 0.553525 0.189229 0.551873 0.193663 0.551387 0.201892 0.549083 0.207338 0.548431 0.208385 0.546823
0 0.306530 0.516403 0.303460 0.518341 0.301890 0.520752 0.303337 0.525780 0.305426 0.527354 0.309776 0.528078 0.314361 0.528285 0.317059 0.527844 0.319842 0.526192 0.322256 0.521248 0.322613 0.518079 0.321283 0.515185 0.313848 0.514726
0 0.307438 0.334829 0.304706 0.336712 0.301365 0.340609 0.296969 0.355690 0.297048 0.364054 0.299285 0.371107 0.304763 0.373801 0.309787 0.374415 0.312837 0.375592 0.321973 0.377448 0.326222 0.377710 0.331618 0.376827 0.334401 0.375175 0.337169 0.371850 0.337323 0.367755 0.333381 0.364092 0.329841 0.362278 0.323860 0.357273 0.321906 0.354720 0.320037 0.350957 0.319180 0.347029 0.319199 0.343915 0.320738 0.338157 0.319780 0.333767 0.317741 0.332425
0 0.113910 0.329877 0.113825 0.331087 0.116554 0.333992 0.125776 0.334637 0.131238 0.335658 0.145619 0.335938 0.149953 0.334989 0.152972 0.332820 0.154038 0.328098 0.153955 0.324520 0.152761 0.320647 0.149998 0.319185 0.128365 0.322485 0.117926 0.325869 0.115429 0.327235
0 0.180215 0.289587 0.175916 0.289094 0.162004 0.292567 0.155325 0.295576 0.148291 0.301753 0.147360 0.305495 0.151152 0.308464 0.155854 0.310807 0.159141 0.311466 0.162851 0.310859 0.171048 0.305209 0.180040 0.296797 0.181746 0.293406
0 0.395649 0.170803 0.394955 0.174027 0.396856 0.181137 0.402888 0.186372 0.408989 0.188724 0.413338 0.189449 0.422071 0.189456 0.425680 0.188386 0.427924 0.185865 0.427134 0.183841 0.417849 0.176505 0.413248 0.174624 0.409356 0.171192 0.403002 0.167685 0.398956 0.168347
