0 0.451049 0.492670 0.450499 0.496865 0.447555 0.500535 0.438040 0.503969 0.427293 0.504026 0.423078 0.500856 0.421830 0.496092 0.423543 0.489045 0.428866 0.484517 0.440814 0.485069 0.449825 0.489984
0 0.737583 0.379157 0.741752 0.378174 0.747183 0.383337 0.756110 0.380637 0.764470 0.380747 0.765741 0.387586 0.763997 0.391865 0.763517 0.402291 0.762339 0.403759 0.758155 0.403357 0.752127 0.398236 0.742549 0.396132 0.739520 0.392186 0.736444 0.384086
0 0.885079 0.059866 0.888156 0.067966 0.888233 0.074888 0.886489 0.079167 0.879988 0.085163 0.869884 0.089331 0.861531 0.089914 0.854945 0.088295 0.851915 0.084349 0.851768 0.071195 0.861803 0.060796 0.870117 0.056752 0.878470 0.056170
0 0.213957 0.114975 0.214174 0.134359 0.213019 0.137904 0.207053 0.138320 0.204038 0.135759 0.191564 0.141479 0.187364 0.139693 0.187140 0.119617 0.188318 0.118148 0.198475 0.118826 0.210354 0.113148
0 0.944494 0.140249 0.945726 0.143628 0.944626 0.152019 0.935776 0.161643 0.929252 0.165562 0.924487 0.166586 0.920295 0.165494 0.916669 0.161590 0.914205 0.154832 0.914763 0.151329 0.922999 0.140363 0.928943 0.137870 0.937295 0.137287
0 0.126906 0.553378 0.129269 0.551134 0.133437 0.550151 0.143619 0.552905 0.159132 0.551823 0.160953 0.554468 0.159945 0.571166 0.155241 0.577729 0.152862 0.578589 0.136738 0.578327 0.128889 0.570560 0.126387 0.560342
0 0.601770 0.087934 0.603041 0.094774 0.600119 0.100520 0.597749 0.102071 0.589387 0.101961 0.582313 0.110076 0.572775 0.111434 0.564399 0.109939 0.557906 0.116627 0.554318 0.116185 0.550699 0.112973 0.550521 0.097051 0.552846 0.091346 0.555799 0.088368 0.560564 0.087343 0.564159 0.088478 0.570652 0.081790 0.578974 0.078438 0.582562 0.078881 0.592178 0.084446 0.599345 0.084639
0 0.898466 0.295884 0.903231 0.294859 0.916404 0.298097 0.923021 0.302486 0.928407 0.303496 0.928492 0.311112 0.924965 0.316207 0.921517 0.328226 0.925795 0.336934 0.924647 0.341172 0.919890 0.342889 0.911530 0.342779 0.905485 0.336272 0.904773 0.325929 0.906470 0.317497 0.903401 0.310090 0.896165 0.303665 0.896118 0.299512
0 0.563892 0.385033 0.571013 0.381072 0.578785 0.381915 0.583016 0.386471 0.585518 0.396688 0.582589 0.401743 0.578444 0.404803 0.570680 0.404651 0.559794 0.392247
0 0.361869 0.099812 0.367231 0.098745 0.372027 0.100490 0.376242 0.103660 0.379294 0.109682 0.377016 0.119541 0.374080 0.123902 0.370523 0.126229 0.365154 0.126603 0.359752 0.124209 0.355499 0.117577 0.355987 0.107843
0 0.706808 0.136730 0.715828 0.142336 0.717657 0.145674 0.717773 0.156058 0.715440 0.161071 0.715564 0.172147 0.709690 0.180871 0.706134 0.183198 0.697789 0.184472 0.694193 0.183338 0.688754 0.177481 0.688064 0.169215 0.689792 0.163552 0.687964 0.160215 0.687274 0.151949 0.689583 0.144860 0.693116 0.140456 0.700842 0.137146
0 0.065988 0.392036 0.077317 0.390553 0.084516 0.393515 0.089939 0.397987 0.091783 0.402709 0.091845 0.408247 0.088451 0.425112 0.081299 0.426303 0.074101 0.423341 0.062005 0.409634 0.060719 0.401411 0.063036 0.395013
0 1.000000 0.052250 1.000000 0.059131 1.000000 0.071067 1.000000 0.085744 1.000000 0.089789 0.991706 0.090538 0.985716 0.088877 0.977868 0.081109 0.976551 0.070116 0.977705 0.066571 0.982424 0.061393 0.994915 0.057058 1.000000 0.054757 1.000000 0.050672 1.000000 0.050339
0 0.418455 0.247599 0.424390 0.244413 0.433339 0.243789 0.438136 0.245533 0.442451 0.257704 0.441955 0.266745 0.437229 0.271232 0.431874 0.272990 0.418679 0.267675 0.414432 0.261735 0.414944 0.254079
0 0.208958 0.255277 0.216869 0.268583 0.215187 0.278399 0.209872 0.283620 0.194344 0.283317 0.190121 0.279455 0.188191 0.267118 0.189912 0.260763 0.193438 0.255667 0.197002 0.254033 0.205354 0.253450
0 0.298500 0.199842 0.303111 0.184971 0.304877 0.182769 0.309642 0.181744 0.324109 0.193900 0.327107 0.195076 0.331277 0.194093 0.334879 0.195919 0.342132 0.203728 0.342163 0.206497 0.338622 0.210208 0.334445 0.210500 0.319460 0.205309 0.311092 0.204507 0.305783 0.210420 0.302188 0.209285 0.298562 0.205381
0 0.641492 0.543132 0.642801 0.553434 0.641670 0.559055 0.639322 0.562683 0.632194 0.565952 0.623244 0.566576 0.618448 0.564831 0.615426 0.561578 0.614163 0.555431 0.616433 0.544879 0.618789 0.541943 0.622942 0.539576 0.631288 0.538301 0.636672 0.539311
0 0.424936 0.613659 0.426114 0.612191 0.436287 0.614253 0.444036 0.613020 0.447647 0.615540 0.447693 0.619693 0.437085 0.632211 0.431715 0.632586 0.427477 0.627338
0 0.583896 0.678788 0.585740 0.683509 0.585213 0.689782 0.579906 0.695695 0.573970 0.698880 0.563231 0.699629 0.554769 0.690518 0.554660 0.680826 0.557597 0.676465 0.562936 0.673321 0.574264 0.671839
0 0.731939 0.675393 0.743864 0.673869 0.751054 0.676139 0.751162 0.685831 0.747048 0.691661 0.744081 0.693254 0.736293 0.691026 0.730838 0.683784 0.730761 0.676862
0 0.063917 0.633982 0.059795 0.639119 0.050829 0.638358 0.030412 0.628004 0.029134 0.620472 0.032698 0.618837 0.044050 0.619432 0.054720 0.612452 0.059493 0.612120 0.062546 0.618142
0 1.000000 0.210858 1.000000 0.214887 1.000000 0.226005 0.998121 0.236973 0.990999 0.240933 0.983236 0.240781 0.973774 0.249062 0.968994 0.248703 0.967180 0.246751 0.965941 0.242681 0.967049 0.234982 0.976409 0.217701 0.996610 0.208671 1.000000 0.208297
0 0.983458 0.474253 0.983512 0.479100 0.981761 0.482686 0.976452 0.488599 0.967558 0.494068 0.961583 0.493792 0.957314 0.485776 0.956028 0.477552 0.957167 0.472622 0.959538 0.471072 0.966690 0.469879 0.981645 0.472302
0 0.074898 0.494648 0.078447 0.491629 0.086800 0.491047 0.096377 0.493150 0.100607 0.497706 0.100669 0.503243 0.097167 0.510417 0.092410 0.512134 0.085242 0.511941 0.075572 0.501529 0.074348 0.498843
0 0.087643 0.673205 0.090611 0.671612 0.122239 0.670100 0.124658 0.672702 0.122440 0.688099 0.119504 0.692462 0.111190 0.696505 0.091486 0.696494 0.087875 0.693974 0.086642 0.690595 0.086495 0.677442
0 0.064579 0.266038 0.071747 0.266230 0.079604 0.274690 0.082160 0.289754 0.081052 0.297452 0.078108 0.301122 0.072142 0.301538 0.060720 0.294713 0.057691 0.290767 0.058125 0.276187 0.061038 0.269749
0 0.519501 0.313301 0.524903 0.315696 0.530946 0.322203 0.534619 0.330261 0.535308 0.338527 0.533580 0.344189 0.528288 0.351487 0.518246 0.361195 0.512884 0.362261 0.504430 0.353844 0.498418 0.350106 0.497186 0.346727 0.497070 0.336343 0.498790 0.329988 0.505253 0.320530 0.512947 0.314451
0 0.498873 0.550998 0.500043 0.548838 0.504219 0.548547 0.510860 0.555012 0.517996 0.552435 0.525156 0.551936 0.530006 0.558527 0.530665 0.564024 0.517004 0.570519 0.511030 0.570242 0.498966 0.559305
0 0.933726 0.619060 0.936051 0.613355 0.939599 0.610337 0.947953 0.609755 0.955135 0.611332 0.968246 0.609032 0.973639 0.610734 0.974940 0.620344 0.972027 0.626783 0.969067 0.629067 0.959544 0.631810 0.950595 0.632434 0.936221 0.628587 0.933788 0.624599
0 0.255414 0.618551 0.258381 0.616958 0.273321 0.617995 0.289414 0.615487 0.293025 0.618007 0.293676 0.622812 0.286617 0.632311 0.281883 0.636105 0.273545 0.638072 0.262123 0.631247 0.256080 0.624740
0 0.531069 0.493326 0.529930 0.498255 0.526970 0.500540 0.515052 0.502757 0.510248 0.500320 0.503003 0.493204 0.502949 0.488358 0.516021 0.482597 0.523172 0.481405 0.529821 0.488562
0 0.792012 0.067048 0.791462 0.071244 0.779645 0.082460 0.778521 0.088774 0.773268 0.099533 0.770905 0.101776 0.765520 0.100766 0.761854 0.093400 0.749186 0.081812 0.750317 0.076190 0.753285 0.074598 0.760444 0.074099 0.765838 0.075801 0.768790 0.072825 0.772369 0.072575 0.778862 0.065886 0.788998 0.064487
0 0.841567 0.547195 0.839799 0.549397 0.819614 0.559812 0.816011 0.557984 0.813540 0.550536 0.815887 0.546908 0.839745 0.544551
0 0.318947 0.319663 0.326742 0.322584 0.336435 0.335072 0.336552 0.345457 0.333065 0.354014 0.325424 0.364940 0.320682 0.368041 0.316506 0.368332 0.309292 0.363986 0.303845 0.357438 0.301381 0.350680 0.301273 0.340988 0.303582 0.333899 0.310044 0.324442
