0 0.626080 0.383471 0.589209 0.380232 0.577007 0.390675 0.571925 0.402349 0.562071 0.449602 0.561113 0.476426 0.571709 0.543536 0.582090 0.565416 0.592159 0.563392 0.593117 0.536568 0.613806 0.503114 0.654082 0.495016 0.661249 0.485585 0.663023 0.463924 0.658540 0.435532 0.645259 0.406245
0 0.156373 0.720257 0.162582 0.737650 0.179268 0.755600 0.207797 0.749863 0.220406 0.742001 0.238962 0.716965 0.245769 0.694292 0.242917 0.676224 0.234981 0.669831 0.212351 0.669054 0.169127 0.680410 0.157332 0.693433
0 0.332719 0.280010 0.334757 0.292916 0.348494 0.314121 0.358562 0.312097 0.367408 0.302328 0.363692 0.289761 0.342788 0.277985
0 0.296614 0.106180 0.289542 0.094286 0.250083 0.107547 0.255021 0.127859 0.275518 0.137053 0.289806 0.128853
0 0.567874 0.650830 0.579477 0.680454 0.595444 0.671918 0.590505 0.651606 0.584247 0.644875
0 0.774452 0.851633 0.772726 0.862633 0.777257 0.880363 0.785192 0.886756 0.797346 0.886975 0.802884 0.867220 0.799576 0.857234 0.789148 0.846015
0 0.817028 0.704592 0.818610 0.725578 0.836423 0.772596 0.841266 0.814231 0.846659 0.826462 0.904699 0.876042 0.994910 0.855240 0.983715 0.828197 0.919874 0.763805 0.835032 0.708961
0 0.896642 0.243849 0.886070 0.264617 0.884751 0.278198 0.892135 0.313996 0.909635 0.337107 0.924690 0.344733 0.943150 0.341021 0.965925 0.309810 0.968106 0.290730 0.962808 0.257175 0.951564 0.240795 0.931067 0.231601 0.904217 0.237000
0 0.360625 0.785710 0.352690 0.779317 0.337587 0.782353 0.322844 0.798634 0.267010 0.817849 0.253945 0.833792 0.243684 0.878464 0.248145 1.000000 0.352596 0.987056 0.365756 0.949789 0.376568 0.875712 0.370144 0.813090
0 0.373163 0.514218 0.345450 0.525116 0.323083 0.558908 0.316226 0.592243 0.317306 0.631973 0.324737 0.657109 0.338881 0.680896 0.356430 0.693346 0.376112 0.697378 0.388722 0.689516 0.405695 0.643494 0.410873 0.610495 0.410202 0.573347 0.405263 0.553036 0.392797 0.528912
0 0.054485 0.261389 0.100539 0.553057 0.134198 0.524985 0.155293 0.494112 0.168000 0.464926 0.174040 0.426428 0.171691 0.389618 0.163851 0.361900 0.144721 0.328463 0.125950 0.308270 0.076612 0.280908
0 0.137457 0.172803 0.135274 0.191883 0.145511 0.245749 0.169533 0.310160 0.188712 0.332934 0.216377 0.332697 0.225223 0.322929 0.236922 0.331230 0.260008 0.323924 0.267536 0.327737 0.289351 0.323350 0.293570 0.317175 0.294530 0.290352 0.282159 0.244903 0.267200 0.215955 0.236322 0.184881 0.150930 0.159441 0.141268 0.164047
0 0.795642 0.053775 0.786747 0.074205 0.786652 0.095528 0.830451 0.142646 0.842605 0.142865 0.851452 0.133098 0.868377 0.097737 0.866434 0.063508 0.855191 0.047127 0.829660 0.038945 0.807844 0.043331
