0 0.717997 0.608333 0.721707 0.633333 0.716141 0.641667 0.705010 0.638889 0.701299 0.633333 0.705010 0.613889
0 0.207792 0.816667 0.213358 0.825000 0.213358 0.850000 0.207792 0.858333 0.191095 0.855556 0.187384 0.838889 0.200371 0.816667
0 0.157700 0.911111 0.172542 0.908333 0.179963 0.913889 0.189240 0.936111 0.187384 0.950000 0.176253 0.958333 0.157700 0.947222 0.152134 0.936111
0 0.371058 0.780556 0.378479 0.775000 0.385900 0.786111 0.402598 0.794444 0.404453 0.811111 0.393321 0.819444 0.372913 0.811111 0.369203 0.805556
0 0.922078 0.405556 0.933210 0.416667 0.931355 0.427778 0.922078 0.422222
0 0.962895 0.797222 0.968460 0.794444 0.979592 0.805556 0.988869 0.805556 0.992579 0.813889 0.981447 0.830556 0.964750 0.833333
0 0.949908 0.727778 0.955473 0.736111 0.955473 0.747222 0.944342 0.755556 0.935065 0.738889
0 0.903525 0.733333 0.899815 0.755556 0.886828 0.758333 0.883117 0.752778 0.883117 0.733333 0.894249 0.725000
0 0.935065 0.575000 0.951763 0.577778 0.957329 0.586111 0.955473 0.600000 0.942486 0.608333 0.935065 0.594444
0 0.081633 0.272222 0.087199 0.283333 0.085344 0.294444 0.077922 0.302778 0.068646 0.300000 0.064935 0.294444 0.064935 0.275000
0 0.784787 0.202778 0.799629 0.202778 0.812616 0.213889 0.805195 0.247222 0.795919 0.247222 0.781076 0.227778 0.779221 0.216667
0 0.870130 0.441667 0.884972 0.444444 0.886828 0.463889 0.883117 0.469444 0.873841 0.463889 0.868275 0.450000
0 0.820037 0.491667 0.823748 0.486111 0.849722 0.491667 0.855288 0.516667 0.847867 0.522222 0.831169 0.519444 0.821893 0.508333
0 0.823748 0.408333 0.831169 0.422222 0.827459 0.455556 0.818182 0.466667 0.801485 0.461111 0.795919 0.450000 0.795919 0.436111 0.816327 0.408333
0 0.743971 0.319444 0.756958 0.338889 0.760668 0.363889 0.756958 0.375000 0.749536 0.375000 0.730984 0.355556 0.732839 0.341667
0 0.873841 0.961111 0.875696 0.975000 0.871985 0.986111 0.866420 0.988889 0.855288 0.980556 0.853433 0.969444 0.857143 0.963889
0 0.790353 0.877778 0.797774 0.891667 0.795919 0.916667 0.788498 0.925000 0.773655 0.922222 0.768089 0.908333 0.769945 0.888889 0.777366 0.877778
0 0.788498 0.511111 0.803340 0.533333 0.810761 0.577778 0.810761 0.611111 0.790353 0.636111 0.766234 0.638889 0.755102 0.630556 0.747681 0.613889 0.742115 0.580556 0.743971 0.563889 0.777366 0.511111
0 0.682746 0.411111 0.692023 0.425000 0.692023 0.444444 0.684601 0.455556 0.671614 0.455556 0.664193 0.441667 0.671614 0.430556 0.673470 0.413889
0 0.693878 0.244444 0.692023 0.263889 0.682746 0.275000 0.666049 0.277778 0.658627 0.266667 0.658627 0.247222 0.664193 0.233333 0.680891 0.233333
0 0.695733 0.958333 0.695733 0.975000 0.690167 0.983333 0.680891 0.983333 0.677180 0.975000 0.679036 0.963889 0.684601 0.955556
0 0.037106 0.725000 0.048238 0.722222 0.063080 0.730556 0.074212 0.747222 0.076067 0.761111 0.066791 0.772222 0.042672 0.772222 0.033395 0.766667 0.031540 0.738889
0 0.705010 0.594444 0.705010 0.608333 0.697588 0.622222 0.686457 0.625000 0.679036 0.616667 0.679036 0.602778 0.688312 0.591667
0 0.641930 0.333333 0.647496 0.330556 0.660483 0.338889 0.660483 0.361111 0.656772 0.369444 0.647496 0.366667
0 0.602969 0.511111 0.604824 0.536111 0.597403 0.544444 0.584416 0.544444 0.578850 0.533333 0.580705 0.519444 0.591837 0.508333
0 0.593692 0.775000 0.606679 0.800000 0.606679 0.811111 0.595548 0.822222 0.584416 0.822222 0.575139 0.808333 0.575139 0.788889 0.580705 0.777778
0 0.526902 0.302778 0.545455 0.305556 0.554731 0.322222 0.556587 0.372222 0.543600 0.391667 0.538034 0.391667 0.525047 0.327778
0 0.538034 0.213889 0.543600 0.213889 0.541744 0.236111 0.558442 0.236111 0.564008 0.241667 0.564008 0.255556 0.556587 0.269444 0.538034 0.269444 0.528757 0.255556 0.526902 0.230556
0 0.515770 0.594444 0.519481 0.602778 0.515770 0.627778 0.510204 0.633333 0.493507 0.633333 0.487941 0.619444 0.489796 0.611111 0.506494 0.594444
0 0.541744 0.869444 0.545455 0.877778 0.543600 0.894444 0.539889 0.900000 0.528757 0.900000 0.525047 0.894444 0.526902 0.875000
0 0.452690 0.872222 0.461967 0.866667 0.484230 0.883333 0.486086 0.902778 0.476809 0.905556 0.452690 0.888889
0 0.421151 0.508333 0.428572 0.525000 0.426716 0.544444 0.413729 0.558333 0.397032 0.555556 0.391466 0.547222 0.391466 0.536111 0.404453 0.516667
0 0.516030 0.078056 0.506011 0.066056 0.484972 0.057056 0.481967 0.072056 0.487978 0.090056 0.492987 0.093056 0.508015 0.090056
0 0.111318 0.080556 0.133581 0.075000 0.166976 0.113889 0.144713 0.147222 0.139147 0.147222 0.109462 0.088889
0 0.090909 0.163889 0.094620 0.172222 0.090909 0.205556 0.077922 0.219444 0.061225 0.216667 0.059369 0.202778 0.064935 0.183333
0 0.129870 0.272222 0.137292 0.272222 0.144713 0.283333 0.146568 0.300000 0.142857 0.305556 0.133581 0.305556 0.126160 0.297222 0.124305 0.280556
0 0.378479 0.291667 0.376624 0.333333 0.322820 0.411111 0.296846 0.411111 0.282004 0.402778 0.267162 0.383333 0.257885 0.355556 0.254175 0.319444 0.257885 0.294444 0.298702 0.305556 0.339518 0.300000 0.365492 0.286111
0 0.059369 0.388889 0.066791 0.388889 0.066791 0.425000 0.077922 0.452778 0.103896 0.472222 0.116883 0.508333 0.116883 0.527778 0.109462 0.550000 0.081633 0.577778 0.061225 0.577778 0.042672 0.561111 0.025974 0.513889 0.027830 0.447222 0.037106 0.419444
0 0.656772 0.130556 0.664193 0.150000 0.656772 0.191667 0.628943 0.191667 0.621522 0.177778 0.627087 0.141667 0.640074 0.127778
0 0.760668 0.958333 0.769945 0.986111 0.768089 1.000000 0.740260 1.000000 0.738405 0.983333 0.755102 0.958333
0 0.673470 0.766667 0.679036 0.791667 0.656772 0.811111 0.647496 0.808333 0.643785 0.800000 0.647496 0.766667 0.654917 0.761111
0 0.688312 0.627778 0.688312 0.641667 0.677180 0.666667 0.662338 0.672222 0.653062 0.663889 0.651206 0.641667 0.658627 0.627778 0.666049 0.622222 0.682746 0.622222
0 0.569574 0.852778 0.578850 0.841667 0.588126 0.841667 0.614100 0.872222 0.595548 0.888889 0.578850 0.886111 0.569574 0.872222
0 0.430427 0.875000 0.430427 0.900000 0.423006 0.913889 0.402598 0.908333 0.400742 0.891667 0.406308 0.880556 0.417440 0.872222
0 0.402598 0.600000 0.404453 0.611111 0.411874 0.619444 0.411874 0.638889 0.398887 0.652778 0.376624 0.644444 0.371058 0.633333 0.371058 0.616667 0.380334 0.605556
0 0.278293 0.019444 0.276438 0.038889 0.243043 0.036111 0.241188 0.013889 0.248609 0.005556 0.261596 0.005556
1 0.706308 0.165444 0.899203 0.454250 0.877106 0.501306 0.811689 0.543306
1 0.751355 0.498778 0.549110 0.793944 0.602635 0.852472 0.638331 0.883000
0 0.795919 0.119444 0.797774 0.136111 0.794063 0.147222 0.764379 0.158333 0.755102 0.141667 0.755102 0.119444 0.762523 0.105556 0.775510 0.105556
0 0.858998 0.200000 0.870130 0.222222 0.870130 0.236111 0.858998 0.244444 0.847867 0.244444 0.838590 0.233333 0.836735 0.213889 0.846011 0.200000
0 0.873841 0.894444 0.888683 0.872222 0.899815 0.869444 0.916512 0.877778 0.925789 0.891667 0.927644 0.913889 0.918368 0.927778 0.903525 0.933333 0.890538 0.930556 0.873841 0.913889
0 0.920223 0.338889 0.929499 0.358333 0.927644 0.375000 0.909091 0.380556 0.901670 0.369444 0.901670 0.350000 0.909091 0.338889
0 0.903525 0.111111 0.909091 0.133333 0.907236 0.150000 0.894249 0.161111 0.877551 0.158333 0.871985 0.150000 0.871985 0.122222 0.881262 0.111111
0 0.159555 0.366667 0.172542 0.358333 0.202227 0.386111 0.200371 0.402778 0.181818 0.408333 0.165121 0.400000 0.157700 0.388889
0 0.263451 0.444444 0.280149 0.469444 0.283859 0.491667 0.270872 0.508333 0.254175 0.508333 0.241188 0.488889 0.241188 0.463889 0.250464 0.447222
0 0.345084 0.805556 0.352505 0.841667 0.343228 0.863889 0.332097 0.872222 0.320965 0.872222 0.300557 0.850000 0.302412 0.822222 0.317254 0.802778 0.335807 0.800000
0 0.307978 0.713889 0.311689 0.725000 0.309833 0.744444 0.302412 0.755556 0.285715 0.755556 0.280149 0.747222 0.283859 0.719444 0.294991 0.708333
0 0.211503 0.716667 0.252319 0.725000 0.256030 0.733333 0.256030 0.763889 0.207792 0.752778
