0 0.874715 0.323366 0.868873 0.324081 0.861867 0.328316 0.857578 0.333084 0.855252 0.340127 0.855492 0.345275 0.857107 0.347522 0.862980 0.351333 0.871832 0.352981 0.878025 0.352292 0.886150 0.349355 0.890020 0.344855 0.891800 0.340180 0.891423 0.335626 0.889936 0.331279 0.886359 0.326757 0.884260 0.325074 0.880633 0.323864
0 0.219229 0.956216 0.215614 0.956242 0.214339 0.957063 0.205424 0.970475 0.198625 0.977921 0.197922 0.982466 0.200761 0.984218 0.206576 0.984054 0.215789 0.980165 0.219187 0.976442 0.220670 0.973185 0.222498 0.962291 0.222279 0.958597
0 0.042631 0.518952 0.041355 0.519763 0.040788 0.525210 0.042066 0.528976 0.052917 0.535048 0.056462 0.530758 0.056319 0.526780 0.047596 0.519357 0.045681 0.518285
0 0.187729 0.462254 0.182858 0.467639 0.181733 0.472418 0.181818 0.484299 0.182670 0.488329 0.182187 0.498035 0.184386 0.504002 0.187570 0.507309 0.198395 0.513372 0.214730 0.520493 0.219677 0.520897 0.223985 0.519421 0.229065 0.514660 0.228351 0.510034 0.223467 0.503240 0.213349 0.492669 0.209167 0.482888 0.207469 0.480923 0.206759 0.477820 0.202793 0.471712 0.201657 0.467356 0.199178 0.462587 0.195925 0.461102 0.192745 0.460840
0 0.189698 0.453894 0.186303 0.451484 0.182558 0.452089 0.160085 0.460287 0.151460 0.464756 0.149341 0.467627 0.148707 0.470316 0.150619 0.472909 0.156491 0.474000 0.169222 0.475045 0.173040 0.474140 0.180104 0.470153 0.188929 0.460222 0.190124 0.455146
0 0.168542 0.366357 0.165859 0.368566 0.165864 0.373129 0.170035 0.375300 0.174628 0.375681 0.177170 0.374068 0.178436 0.368699 0.178011 0.367448 0.176243 0.365781 0.171650 0.365399
0 0.156831 0.238999 0.154291 0.240606 0.152597 0.243195 0.150908 0.248820 0.150139 0.256650 0.150919 0.260966 0.151767 0.261949 0.155512 0.262871 0.158758 0.261322 0.162498 0.257690 0.163836 0.255071 0.164890 0.249087 0.163399 0.241677 0.161067 0.239356
0 0.493266 0.042051 0.486465 0.039050 0.482542 0.039012 0.478763 0.039891 0.474851 0.042870 0.473322 0.046357 0.473691 0.052423 0.474817 0.053726 0.478044 0.055212 0.483016 0.055340 0.486934 0.053869 0.493780 0.049031 0.494884 0.044302
0 0.488158 0.126703 0.483962 0.129364 0.482082 0.132826 0.480641 0.142065 0.481110 0.156906 0.482093 0.157292 0.485105 0.156643 0.489635 0.149479 0.493095 0.136185 0.492512 0.129491 0.491105 0.127861
0 0.504830 0.288320 0.502243 0.290220 0.500223 0.294287 0.501222 0.299213 0.506711 0.304820 0.513385 0.308407 0.517806 0.309383 0.522493 0.306146 0.523183 0.303177 0.523103 0.300447 0.520702 0.295404 0.517110 0.290866 0.514018 0.288791 0.507142 0.287607
0 0.960914 0.236389 0.954132 0.239723 0.953032 0.241435 0.951268 0.247605 0.951298 0.252121 0.954253 0.257789 0.962999 0.267560 0.970605 0.273019 0.976522 0.275025 0.983256 0.274993 0.989149 0.273988 0.994750 0.271153 0.997922 0.268112 1.000000 0.264392 1.000000 0.252058 1.000000 0.244800 0.999379 0.238457 0.993940 0.234386 0.985462 0.232763 0.975818 0.233145
0 0.954629 0.293343 0.949176 0.298603 0.947323 0.302062 0.946310 0.306494 0.946583 0.316155 0.947858 0.319877 0.951578 0.325313 0.959951 0.330536 0.963852 0.332069 0.971778 0.333037 0.980176 0.331936 0.988270 0.327497 0.993574 0.321318 0.996378 0.315232 0.997657 0.309621 0.997055 0.302946 0.992354 0.295627 0.988378 0.292883 0.984142 0.292826 0.981285 0.291381 0.973083 0.290085 0.958509 0.291864
0 0.966306 0.520205 0.962062 0.520158 0.959548 0.518743 0.955022 0.518371 0.946620 0.521003 0.939133 0.525826 0.929576 0.533504 0.925639 0.538319 0.922174 0.541057 0.919967 0.544504 0.920190 0.546640 0.922223 0.548620 0.927391 0.550857 0.931804 0.554846 0.945804 0.555691 0.950187 0.555143 0.956647 0.553254 0.963648 0.548991 0.967447 0.544770 0.969235 0.541593 0.970383 0.536552 0.970331 0.528994 0.968976 0.524049
0 0.805044 0.394788 0.802305 0.391238 0.794892 0.387901 0.778720 0.390177 0.771268 0.393182 0.768492 0.395972 0.761814 0.400252 0.760365 0.403455 0.759698 0.409445 0.762721 0.413323 0.765872 0.415096 0.773145 0.417514 0.780476 0.418124 0.788633 0.416686 0.796848 0.413441 0.802056 0.409342 0.804678 0.404123 0.805563 0.400269
0 0.872525 0.489518 0.867364 0.488790 0.863673 0.489392 0.857211 0.492789 0.850417 0.499182 0.849320 0.502418 0.849832 0.506392 0.855285 0.508957 0.860866 0.509416 0.866785 0.508392 0.869983 0.506841 0.873239 0.503480 0.874944 0.497575 0.874568 0.493011
0 0.744642 0.508936 0.737954 0.513232 0.735036 0.516626 0.733030 0.520700 0.731867 0.525753 0.731556 0.533301 0.732560 0.538229 0.735815 0.545766 0.743981 0.556734 0.746787 0.558478 0.750793 0.562744 0.756753 0.566260 0.761375 0.567849 0.768299 0.568717 0.776117 0.567235 0.781829 0.564067 0.786832 0.559327 0.790438 0.554473 0.795202 0.544569 0.797264 0.538684 0.798202 0.531496 0.797256 0.524760 0.795068 0.520344 0.788253 0.512823 0.780059 0.508215 0.775654 0.507248 0.758813 0.506166 0.752044 0.507728 0.748480 0.507738
0 0.734282 0.670265 0.732904 0.674706 0.735029 0.679430 0.740859 0.683541 0.745767 0.685455 0.754303 0.685534 0.760799 0.683629 0.763796 0.681442 0.765947 0.678278 0.766204 0.674051 0.763594 0.669897 0.760369 0.668423 0.756734 0.668737 0.753363 0.666340 0.747824 0.664073 0.745725 0.663904 0.741814 0.665409
0 0.857782 0.774858 0.855072 0.777374 0.853915 0.782442 0.856184 0.788087 0.859270 0.790155 0.867103 0.791689 0.874432 0.790752 0.879926 0.786940 0.881517 0.784639 0.883023 0.779600 0.882169 0.777104 0.878871 0.774414 0.872157 0.772665 0.867265 0.772275 0.863286 0.772565
0 0.913768 0.927218 0.911904 0.930722 0.913690 0.936942 0.915379 0.938898 0.918253 0.940339 0.922096 0.940639 0.933751 0.939421 0.937438 0.937277 0.939582 0.934101 0.939485 0.929837 0.937098 0.927826 0.916418 0.926513
0 0.792967 0.810711 0.791175 0.815432 0.791558 0.821541 0.792198 0.823417 0.798037 0.829045 0.809654 0.829660 0.817677 0.825736 0.819554 0.823757 0.822241 0.816677 0.821028 0.812631 0.814586 0.811209 0.794991 0.809656
0 0.760222 0.799604 0.757231 0.803319 0.756486 0.808124 0.759892 0.816602 0.762496 0.819241 0.766570 0.821693 0.770354 0.822296 0.773779 0.821351 0.776009 0.819398 0.777598 0.815572 0.778684 0.809275 0.778301 0.803167 0.775842 0.801451 0.763929 0.798986
0 1.000000 0.349286 0.989864 0.346907 0.982094 0.348364 0.977183 0.351265 0.973525 0.354875 0.969618 0.362684 0.967127 0.364284 0.963864 0.364613 0.961585 0.366833 0.962379 0.371119 0.964968 0.373747 0.965190 0.375876 0.967432 0.378475 0.972736 0.381632 0.974909 0.384527 0.982702 0.386082 0.989285 0.383619 0.994487 0.382547 0.998781 0.380796 1.000000 0.377330 1.000000 0.374281 1.000000 0.367390 1.000000 0.358701 1.000000 0.356191
0 0.391475 0.087293 0.380804 0.086980 0.371752 0.088920 0.368525 0.090456 0.364677 0.096168 0.362237 0.103516 0.361970 0.109235 0.362750 0.112023 0.364089 0.113951 0.366972 0.115408 0.375911 0.123127 0.378018 0.123308 0.381808 0.122423 0.386998 0.120147 0.389309 0.117927 0.392890 0.117932 0.402282 0.112996 0.403110 0.107931 0.401348 0.104758 0.398936 0.095185 0.395622 0.089462
0 0.607482 0.078750 0.598956 0.078617 0.588900 0.080462 0.585971 0.082320 0.579639 0.089611 0.578327 0.093719 0.576821 0.101731 0.578600 0.109422 0.579724 0.110725 0.588204 0.115675 0.595273 0.117489 0.598626 0.116872 0.601903 0.115043 0.604137 0.114632 0.609505 0.111476 0.614043 0.110359 0.618498 0.106523 0.619390 0.102680 0.618822 0.100521 0.619208 0.092720 0.618352 0.088729 0.615113 0.082723 0.611469 0.079998
0 0.523766 0.231549 0.522088 0.232616 0.516789 0.240027 0.514441 0.250110 0.514532 0.255862 0.517629 0.259451 0.520858 0.260933 0.523462 0.263572 0.530759 0.266002 0.534470 0.265408 0.538957 0.266089 0.543018 0.265525 0.547211 0.262856 0.551059 0.261669 0.555739 0.258437 0.559851 0.253042 0.560184 0.248535 0.557278 0.239525 0.553821 0.232887 0.550800 0.230516 0.547506 0.229329 0.538747 0.228586 0.531465 0.229179
0 0.526036 0.355481 0.516426 0.355284 0.514115 0.355999 0.510324 0.355380 0.502051 0.357112 0.496048 0.366003 0.494392 0.374651 0.495881 0.379018 0.497008 0.380324 0.501295 0.381892 0.507554 0.385746 0.510090 0.388684 0.514301 0.389034 0.517735 0.388108 0.526762 0.381589 0.530902 0.382236 0.536077 0.378426 0.537602 0.373405 0.534624 0.364677 0.531802 0.359899
0 0.789419 0.065882 0.787738 0.063932 0.784597 0.062157 0.779653 0.062030 0.774786 0.063111 0.765204 0.067695 0.744134 0.074294 0.735513 0.077762 0.727715 0.079195 0.719021 0.082958 0.707535 0.086481 0.700164 0.090662 0.695582 0.095085 0.695188 0.099869 0.695968 0.102646 0.698213 0.105248 0.704303 0.109687 0.712416 0.114602 0.728262 0.118374 0.735584 0.119004 0.741989 0.117448 0.744777 0.117688 0.749990 0.115126 0.757574 0.113069 0.767435 0.107297 0.776579 0.098458 0.781066 0.091324 0.785196 0.082657 0.787524 0.075640
0 0.932442 0.162685 0.925909 0.161824 0.918140 0.163262 0.908380 0.168741 0.904721 0.172337 0.903011 0.176702 0.903735 0.181275 0.907664 0.187327 0.914086 0.191786 0.920969 0.192675 0.927495 0.192030 0.933247 0.190116 0.936354 0.187374 0.940521 0.176906 0.940839 0.172424 0.940124 0.169356 0.936273 0.164516
0 0.470973 0.601593 0.466613 0.601848 0.467321 0.603426 0.479264 0.605702 0.481539 0.607012 0.476531 0.602500 0.474422 0.602481 0.471085 0.601725 0.467432 0.602797 0.464174 0.602776 0.461967 0.603327 0.459655 0.604021 0.451575 0.607930 0.445537 0.612308 0.436282 0.624338 0.433779 0.635091 0.435359 0.645262 0.438254 0.648235 0.441918 0.649443 0.443684 0.651107 0.440950 0.655149 0.443420 0.656869 0.444133 0.659971 0.447872 0.662403 0.449498 0.664665 0.459508 0.669427 0.464787 0.669851 0.481526 0.667241 0.492897 0.659939 0.494155 0.657606 0.497385 0.656041 0.498361 0.653382 0.500182 0.651704 0.501435 0.647851 0.502767 0.646741 0.505607 0.634501 0.504483 0.634714 0.505762 0.634604 0.505443 0.633666 0.504713 0.633880 0.504497 0.632647 0.504645 0.632933 0.503988 0.629443 0.503072 0.633079 0.504116 0.630123 0.503333 0.627323 0.501788 0.627807 0.501920 0.627086 0.501638 0.625057 0.501576 0.623623 0.500926 0.622263 0.501134 0.621367 0.498869 0.617232 0.496259 0.614588 0.493639 0.608904 0.488850 0.606386 0.487448 0.607794 0.486963 0.609883 0.485700 0.610693 0.486919 0.609453 0.488420 0.606230 0.486661 0.603473 0.481593 0.602150
0 0.379717 0.981793 0.375901 0.981192 0.371383 0.983599 0.363920 0.995573 0.358352 1.000000 0.356245 1.000000 0.356676 1.000000 0.357741 1.000000 0.360573 1.000000 0.364887 1.000000 0.367710 1.000000 0.379283 1.000000 0.382312 1.000000 0.383849 0.994967 0.383690 0.987915 0.382975 0.984800
0 0.381733 0.584318 0.380250 0.582981 0.374399 0.581897 0.364469 0.584439 0.362075 0.585462 0.359332 0.587979 0.353471 0.595693 0.355057 0.598744 0.359321 0.598176 0.363015 0.595278 0.369847 0.593701 0.379069 0.589580 0.381880 0.586765
0 0.559599 0.551381 0.558333 0.550670 0.553769 0.550298 0.545776 0.552377 0.515156 0.571750 0.511025 0.575667 0.509987 0.580140 0.511057 0.584784 0.512963 0.587370 0.519582 0.591251 0.527306 0.590358 0.536706 0.586868 0.540552 0.582625 0.545297 0.574506 0.553281 0.569386 0.558747 0.567402 0.561401 0.563671 0.562643 0.558308 0.561785 0.554291
0 0.494850 0.551261 0.491138 0.554907 0.490232 0.557264 0.490732 0.559735 0.492494 0.561397 0.494886 0.561896 0.501000 0.561786 0.503731 0.559275 0.504210 0.555669 0.502230 0.551863 0.499557 0.551037
0 0.393797 0.484965 0.389994 0.484348 0.384017 0.486896 0.373604 0.489991 0.371356 0.491934 0.372555 0.492944 0.375937 0.493829 0.383541 0.493542 0.390783 0.490186
0 0.403514 0.409553 0.401342 0.412711 0.400233 0.418992 0.401804 0.427621 0.405543 0.431573 0.408996 0.433680 0.416035 0.435779 0.418706 0.435089 0.421580 0.431988 0.419241 0.425117 0.415016 0.423250 0.412042 0.416025 0.408086 0.409932
0 0.446022 0.331830 0.445264 0.336615 0.452381 0.344482 0.456180 0.346617 0.458852 0.347446 0.465945 0.347736 0.475628 0.346121 0.481095 0.344155 0.481293 0.340234 0.480235 0.338631 0.472863 0.338015 0.463309 0.336003 0.453041 0.330903 0.448545 0.330223
1 0.062301 0.622222 0.059606 0.624449 0.057975 0.629818 0.053015 0.661513 0.049540 0.676218 0.047202 0.698358 0.043086 0.715776 0.038117 0.744459 0.037124 0.754789 0.034496 0.768974 0.034852 0.772064 0.033075 0.774987 0.027249 0.802714 0.027747 0.805204 0.025401 0.812068 0.025615 0.814230 0.020922 0.843292 0.018148 0.850434 0.015373 0.862179 0.012241 0.884637 0.008966 0.900033 0.008966 0.909241 0.012382 0.911655 0.013805 0.911765 0.018572 0.908453 0.021561 0.908071 0.024478 0.906456 0.030097 0.905666 0.055981 0.894180 0.064794 0.889039 0.069128 0.887537 0.073747 0.884830 0.077228 0.883875 0.087313 0.877916 0.093209 0.875924 0.100520 0.870978 0.103998 0.866960 0.111585 0.851620 0.117117 0.843475 0.126117 0.826724 0.127391 0.822844 0.134617 0.810555 0.138441 0.801979 0.143895 0.794147 0.153166 0.776216 0.153303 0.771026 0.150747 0.766542 0.150248 0.764056 0.146629 0.759487 0.142936 0.752161 0.134489 0.738951 0.126608 0.723341 0.124550 0.721343 0.119084 0.712347 0.116031 0.705377 0.107870 0.695556 0.103326 0.687244 0.097010 0.678792 0.095446 0.673166 0.092537 0.670181 0.089768 0.663541 0.084232 0.656374 0.084019 0.654218 0.082032 0.651920 0.081605 0.649134 0.076638 0.642624 0.073372 0.635029
0 0.531580 0.876583 0.519268 0.878670 0.515613 0.880519 0.509493 0.882176 0.505277 0.884897 0.495920 0.888132 0.491211 0.891427 0.481786 0.896491 0.473422 0.903166 0.466186 0.911152 0.463232 0.913061 0.457891 0.919060 0.454031 0.924869 0.445900 0.941350 0.442961 0.949376 0.441155 0.958712 0.441270 0.973704 0.445551 0.989327 0.447603 0.991320 0.452721 1.000000 0.463345 1.000000 0.475227 1.000000 0.478476 1.000000 0.488304 1.000000 0.498751 1.000000 0.506017 1.000000 0.518144 1.000000 0.525471 1.000000 0.531949 1.000000 0.546022 1.000000 0.558460 1.000000 0.560845 1.000000 0.564215 1.000000 0.578592 1.000000 0.584677 0.995795 0.588793 0.987257 0.592690 0.976566 0.597673 0.956500 0.596956 0.953393 0.597710 0.948569 0.597063 0.945162 0.597748 0.940637 0.599556 0.935896 0.599111 0.930065 0.596636 0.926821 0.596957 0.919219 0.595883 0.914560 0.594043 0.911671 0.590344 0.901316 0.588015 0.898999 0.586809 0.896465 0.578620 0.888505 0.574676 0.886977 0.571712 0.884305 0.564740 0.881929 0.561988 0.879882 0.556146 0.878814 0.542987 0.878392 0.540027 0.877245
0 0.975229 0.076266 0.969564 0.079377 0.962164 0.082338 0.954224 0.087654 0.938299 0.103094 0.933352 0.110776 0.930556 0.118346 0.929168 0.129042 0.930258 0.136649 0.935770 0.151248 0.936986 0.156762 0.940537 0.158269 0.948719 0.167386 0.953881 0.171136 0.955984 0.174322 0.966384 0.183027 0.979126 0.189227 0.983378 0.192297 0.991372 0.194483 0.995547 0.196342 1.000000 0.200125 1.000000 0.200102 1.000000 0.198250 1.000000 0.194954 1.000000 0.191158 1.000000 0.187215 1.000000 0.179297 1.000000 0.169937 1.000000 0.155956 1.000000 0.146014 1.000000 0.133541 1.000000 0.122568 1.000000 0.116093 1.000000 0.108109 1.000000 0.102595 1.000000 0.094051 1.000000 0.091957 1.000000 0.089041 1.000000 0.084295 1.000000 0.078689 1.000000 0.073197 1.000000 0.071510 1.000000 0.070165 0.997438 0.070390 0.989271 0.072082
0 0.693429 0.270674 0.686791 0.270113 0.681345 0.270559 0.672327 0.269495 0.662617 0.269882 0.646130 0.271812 0.621266 0.279080 0.614493 0.282135 0.591455 0.295308 0.576526 0.308869 0.569762 0.316468 0.565244 0.325164 0.559879 0.332884 0.557587 0.338139 0.551151 0.359697 0.550157 0.374754 0.552887 0.392244 0.555140 0.394854 0.557831 0.401741 0.562700 0.410022 0.570800 0.419781 0.576570 0.425714 0.579731 0.427490 0.585715 0.434044 0.589639 0.434066 0.593644 0.436821 0.606417 0.441816 0.627524 0.447803 0.647204 0.449128 0.661755 0.447908 0.677414 0.444965 0.681324 0.443473 0.685310 0.443198 0.689356 0.441112 0.693127 0.440213 0.705057 0.434848 0.714050 0.429844 0.717888 0.428650 0.731678 0.419815 0.745507 0.406148 0.748430 0.404276 0.757653 0.392047 0.763175 0.380420 0.769807 0.354696 0.769445 0.339265 0.768281 0.330412 0.765934 0.322064 0.758389 0.306942 0.748433 0.297651 0.743098 0.291468 0.729165 0.282444 0.707971 0.274015
1 0.066888 0.547780 0.067174 0.554213 0.076965 0.572405 0.081436 0.584063 0.085692 0.590513 0.089952 0.603070 0.093712 0.608565 0.099034 0.619683 0.103999 0.624663 0.108748 0.625962 0.114914 0.625848 0.124058 0.629943 0.141914 0.633822 0.160119 0.639257 0.165784 0.639713 0.171521 0.641395 0.175839 0.641437 0.178672 0.643191 0.182636 0.643205 0.185682 0.645586 0.193465 0.644686 0.196651 0.646468 0.203303 0.647308 0.210380 0.649402 0.215332 0.649800 0.223394 0.649228 0.227352 0.647716 0.231735 0.647458 0.242478 0.644662 0.247352 0.642308 0.251239 0.642621 0.255264 0.640810 0.262402 0.641079 0.270383 0.639283 0.278712 0.635991 0.289441 0.633197 0.295019 0.632428 0.298899 0.631217 0.301431 0.626544 0.297332 0.624080 0.282356 0.620433 0.275923 0.617171 0.271685 0.616829 0.263695 0.612526 0.248708 0.607353 0.243901 0.606354 0.233575 0.601250 0.215683 0.596145 0.213205 0.594420 0.209599 0.594433 0.205141 0.591938 0.188300 0.585391 0.181790 0.583949 0.177543 0.582080 0.171739 0.580694 0.163950 0.577013 0.146038 0.571901 0.118910 0.561465 0.103959 0.557505 0.095810 0.553791 0.075821 0.546675 0.069511 0.545857
1 0.419929 0.568257 0.416687 0.566777 0.404785 0.565505 0.397254 0.567021 0.393307 0.565483 0.384078 0.565037 0.377036 0.565985 0.373160 0.565670 0.369985 0.563891 0.365896 0.562949 0.360822 0.563145 0.341082 0.561540 0.337699 0.562177 0.314634 0.560910 0.307506 0.559113 0.292898 0.558534 0.286195 0.559511 0.282312 0.559195 0.278356 0.557655 0.273485 0.556955 0.260279 0.556490 0.256257 0.558295 0.255554 0.559760 0.256408 0.563789 0.258673 0.566410 0.261438 0.573033 0.269795 0.586506 0.272776 0.595279 0.276456 0.599538 0.279284 0.601291 0.290235 0.605223 0.303159 0.608401 0.305987 0.610153 0.311071 0.611478 0.321241 0.615652 0.325122 0.615965 0.333936 0.613632 0.345771 0.607583 0.351619 0.605620 0.359151 0.601054 0.364715 0.598765 0.366614 0.596787 0.371893 0.594171 0.374566 0.591953 0.380339 0.590291 0.384207 0.587562 0.388218 0.585757 0.395538 0.583613 0.404397 0.577943 0.410519 0.576312 0.418603 0.572407
1 0.064020 0.439288 0.060549 0.438698 0.059273 0.439507 0.052048 0.448664 0.050560 0.451895 0.044891 0.459051 0.041702 0.464887 0.015321 0.501466 0.006875 0.517258 0.000000 0.555172 0.000000 0.559667 0.000000 0.566476 0.000000 0.571428 0.000000 0.579736 0.000000 0.592961 0.000000 0.608189 0.000000 0.625735 0.000000 0.630051 0.000000 0.631151 0.000000 0.631265 0.004947 0.615463 0.014250 0.608266 0.020215 0.599885 0.027171 0.585781 0.031287 0.580616 0.037033 0.567032 0.056817 0.530787 0.057737 0.526895 0.060288 0.522222 0.061704 0.516236 0.062761 0.496496 0.062119 0.477842 0.063885 0.462744
1 0.166806 0.259267 0.163419 0.261411 0.161946 0.270699 0.159406 0.273827 0.149275 0.316723 0.149843 0.320418 0.148220 0.322713 0.145403 0.333117 0.145971 0.336812 0.143503 0.342686 0.144004 0.349722 0.142382 0.355060 0.142738 0.358130 0.140903 0.361323 0.140837 0.366183 0.137028 0.377730 0.133085 0.399006 0.123211 0.437764 0.122581 0.446545 0.116090 0.475560 0.120053 0.475580 0.124864 0.472014 0.131016 0.465818 0.140844 0.457792 0.147557 0.450731 0.150597 0.448546 0.154129 0.444269 0.175319 0.424710 0.179058 0.419543 0.185682 0.403663 0.188917 0.391463 0.193076 0.384509 0.197010 0.367811 0.199406 0.363755 0.205456 0.347241 0.212621 0.321411 0.210848 0.315188 0.206113 0.309325 0.205757 0.307777 0.193953 0.293731 0.189213 0.284832 0.181014 0.275339 0.171469 0.262392
1 0.344521 0.067539 0.342618 0.064958 0.337062 0.062667 0.331855 0.058893 0.327214 0.057284 0.324820 0.055264 0.317785 0.051636 0.308641 0.047824 0.295633 0.046701 0.292681 0.047051 0.281847 0.044302 0.276922 0.043877 0.270734 0.044249 0.265742 0.045632 0.260330 0.048793 0.246554 0.060004 0.241637 0.065629 0.221807 0.084196 0.219136 0.087902 0.214210 0.092019 0.211116 0.095991 0.194645 0.110930 0.191831 0.115232 0.191832 0.116746 0.193244 0.118381 0.210436 0.114099 0.215224 0.112087 0.221704 0.110523 0.225012 0.108687 0.242260 0.104110 0.250494 0.101185 0.253450 0.100833 0.257459 0.099059 0.270192 0.095311 0.273847 0.093508 0.295713 0.087521 0.299436 0.085422 0.326767 0.077494 0.331680 0.074894 0.341230 0.072393 0.344597 0.070265
1 0.485219 0.085700 0.482994 0.090639 0.481914 0.102921 0.482353 0.108694 0.480724 0.124858 0.481998 0.128590 0.482225 0.133744 0.479974 0.152580 0.480281 0.160460 0.483175 0.166447 0.496090 0.172384 0.513012 0.182587 0.521783 0.186355 0.527037 0.186802 0.538516 0.185062 0.543137 0.185153 0.550341 0.183351 0.559370 0.182913 0.566153 0.181378 0.572590 0.181323 0.574966 0.180318 0.576634 0.177744 0.575779 0.173746 0.571493 0.169154 0.567212 0.166072 0.552454 0.149718 0.540724 0.138755 0.529970 0.126666 0.526320 0.123938 0.520620 0.116207 0.519840 0.113424 0.514932 0.111492 0.507137 0.105089 0.502988 0.099904 0.500812 0.098510 0.488722 0.086002 0.487459 0.085290
1 0.466613 0.205237 0.462265 0.205472 0.460585 0.206539 0.459048 0.208525 0.452677 0.212822 0.441133 0.223943 0.436509 0.226879 0.432240 0.231358 0.424814 0.237084 0.418722 0.243228 0.415497 0.244772 0.409967 0.251570 0.407863 0.252906 0.402106 0.254539 0.400705 0.255936 0.399100 0.259737 0.394543 0.263895 0.393566 0.266538 0.393022 0.273458 0.394093 0.279607 0.393770 0.290182 0.394903 0.293004 0.395572 0.306999 0.396492 0.309197 0.402697 0.316385 0.408399 0.319590 0.410655 0.322203 0.419597 0.328407 0.427277 0.335414 0.431354 0.336361 0.434091 0.335378 0.436260 0.332225 0.440772 0.314425 0.445237 0.304502 0.445981 0.295176 0.453681 0.265248 0.456886 0.257649 0.458534 0.245988 0.468653 0.207224
1 0.306759 0.677578 0.306409 0.679075 0.308394 0.682893 0.320851 0.697310 0.323189 0.701157 0.326443 0.704162 0.333597 0.715104 0.344564 0.726655 0.353979 0.738693 0.356523 0.740115 0.381932 0.771423 0.387942 0.776476 0.394242 0.784908 0.401309 0.790044 0.405752 0.789481 0.408421 0.785726 0.412343 0.776581 0.414647 0.768222 0.420950 0.753475 0.422412 0.747189 0.421467 0.737359 0.417081 0.731522 0.414236 0.722151 0.409985 0.714192 0.407275 0.702700 0.404303 0.698501 0.393790 0.694306 0.368462 0.688925 0.348134 0.683639 0.338394 0.682248 0.333802 0.680356 0.323213 0.679507 0.311416 0.676122
1 0.321481 0.760827 0.319441 0.764939 0.321427 0.768761 0.324346 0.779373 0.326189 0.782267 0.327976 0.791569 0.329535 0.794136 0.340484 0.825850 0.342114 0.828116 0.343614 0.835566 0.347448 0.843811 0.349147 0.845779 0.350365 0.852902 0.357470 0.870267 0.362165 0.884083 0.364094 0.892794 0.367859 0.901341 0.371328 0.904976 0.373794 0.902110 0.377015 0.891358 0.384667 0.873926 0.386556 0.867351 0.394200 0.848401 0.398607 0.834091 0.404494 0.819595 0.405470 0.815399 0.404538 0.810136 0.401351 0.805306 0.396687 0.802191 0.392511 0.796978 0.388769 0.796072 0.385019 0.792113 0.382607 0.787038 0.379564 0.783135 0.377504 0.778090 0.373188 0.773476 0.361604 0.769199 0.348256 0.766309 0.342960 0.765889 0.335964 0.763503 0.328688 0.762315 0.326779 0.761248
1 0.418353 0.707547 0.418004 0.709043 0.420201 0.713484 0.424086 0.716843 0.443245 0.739400 0.446565 0.742102 0.456396 0.755380 0.463034 0.760785 0.466366 0.768060 0.469967 0.771089 0.482125 0.785162 0.483474 0.788622 0.497749 0.804385 0.517472 0.829115 0.525169 0.836124 0.537612 0.852046 0.541771 0.854202 0.546276 0.854862 0.554645 0.854300 0.565902 0.855185 0.571103 0.854375 0.575673 0.854734 0.583335 0.854118 0.590077 0.852820 0.603786 0.853898 0.616851 0.853098 0.627879 0.853357 0.646061 0.852047 0.658349 0.853014 0.661715 0.852366 0.673222 0.852054 0.681210 0.849942 0.691555 0.842234 0.705190 0.834178 0.710983 0.829159 0.726912 0.818859 0.729701 0.816037 0.735985 0.811973 0.738286 0.809722 0.744149 0.805930 0.749670 0.803632 0.757123 0.796014 0.765913 0.790330 0.767793 0.788352 0.767784 0.786832 0.766026 0.785173 0.759783 0.782853 0.751371 0.780664 0.745067 0.780162 0.742821 0.779072 0.732653 0.776744 0.727048 0.776298 0.721502 0.774033 0.716032 0.772990 0.714204 0.771628 0.710630 0.771648 0.707537 0.769578 0.693501 0.765420 0.669015 0.761646 0.665362 0.760443 0.661352 0.757691 0.646396 0.754370 0.637403 0.751523 0.632139 0.751103 0.621388 0.748117 0.610993 0.746680 0.607544 0.744579 0.603681 0.744271 0.584558 0.738790 0.575630 0.737165 0.553404 0.731130 0.530119 0.726531 0.515406 0.722006 0.504921 0.720864 0.495625 0.717685 0.480204 0.714625 0.475553 0.713035 0.469639 0.712258 0.458292 0.708609 0.450193 0.707962 0.447584 0.706839 0.436169 0.705012 0.433560 0.703889 0.424117 0.702829 0.421090 0.703501
1 0.657677 0.106579 0.655240 0.107876 0.652255 0.111536 0.643557 0.118321 0.636185 0.125526 0.628106 0.131163 0.618016 0.140852 0.606380 0.149506 0.598513 0.157279 0.591474 0.163014 0.585907 0.170083 0.585220 0.173042 0.586187 0.187312 0.587112 0.191013 0.587229 0.202798 0.588447 0.209846 0.590490 0.213341 0.596670 0.219001 0.605017 0.224541 0.609159 0.228214 0.614207 0.231057 0.620242 0.235796 0.625569 0.238967 0.627948 0.239470 0.631090 0.238227 0.632407 0.235620 0.656877 0.130015 0.661682 0.112347 0.661525 0.108417
1 0.762024 0.046069 0.761948 0.044859 0.758941 0.042494 0.750929 0.041799 0.737630 0.042449 0.726061 0.041746 0.721796 0.038669 0.714150 0.042517 0.692818 0.042472 0.684166 0.041421 0.680056 0.042268 0.672866 0.041043 0.670150 0.042011 0.658921 0.042843 0.645870 0.042314 0.642173 0.042896 0.630726 0.043108 0.623741 0.042503 0.617179 0.043139 0.604952 0.042079 0.600903 0.042632 0.598120 0.045404 0.603592 0.050998 0.606675 0.053072 0.611360 0.054381 0.618092 0.060687 0.628386 0.066999 0.638123 0.074166 0.644210 0.077101 0.650584 0.081867 0.651639 0.083464 0.657375 0.086369 0.660881 0.089684 0.669197 0.092208 0.674706 0.091479 0.680974 0.089007 0.701811 0.085084 0.704594 0.083819 0.716232 0.082717 0.719362 0.081483 0.730549 0.074625 0.736996 0.068262 0.742898 0.064260 0.745321 0.061462 0.752326 0.055752 0.754817 0.052660 0.760367 0.048631
1 1.000000 0.528228 1.000000 0.526642 1.000000 0.527006 0.994631 0.532803 0.985108 0.543500 0.981784 0.545644 0.979649 0.548792 0.959873 0.567119 0.953431 0.572035 0.950047 0.575991 0.944987 0.579508 0.931634 0.592937 0.928044 0.597787 0.924364 0.599907 0.915079 0.607927 0.913006 0.610785 0.907253 0.615765 0.903727 0.620321 0.901227 0.621935 0.890829 0.631688 0.887786 0.635680 0.882163 0.640071 0.870100 0.652422 0.853577 0.667148 0.847064 0.675413 0.834695 0.685937 0.831091 0.690802 0.826779 0.694095 0.822893 0.698635 0.813090 0.707251 0.807879 0.712902 0.794240 0.724251 0.791739 0.727391 0.784495 0.732578 0.779979 0.738289 0.776565 0.740749 0.773577 0.744458 0.767864 0.749165 0.764251 0.754040 0.759655 0.758534 0.751010 0.765138 0.745027 0.772562 0.744761 0.775275 0.746384 0.777532 0.754080 0.776625 0.758693 0.775169 0.766807 0.773991 0.769949 0.772722 0.777923 0.772142 0.783020 0.770118 0.789456 0.770023 0.795396 0.768977 0.800004 0.767522 0.818584 0.764144 0.827727 0.761533 0.836739 0.761038 0.844130 0.758289 0.856616 0.755038 0.866040 0.754273 0.872241 0.752037 0.894834 0.748079 0.900332 0.745789 0.907236 0.745129 0.917823 0.742337 0.924025 0.741621 0.950271 0.735537 0.954242 0.735250 0.958900 0.733502 0.968854 0.731876 0.977962 0.729274 0.985731 0.724748 0.988702 0.721048 0.996868 0.703838 1.000000 0.697494 1.000000 0.691010 1.000000 0.668606 1.000000 0.663752 1.000000 0.659027 1.000000 0.655929 1.000000 0.647726 1.000000 0.623946 1.000000 0.617770 1.000000 0.609588 1.000000 0.601209 1.000000 0.597719 1.000000 0.584395 1.000000 0.580255 1.000000 0.575014 1.000000 0.572469 1.000000 0.548907 1.000000 0.541632 1.000000 0.532988
1 0.962101 0.836557 0.959784 0.834248 0.954202 0.833806 0.934339 0.836788 0.922964 0.836799 0.900303 0.841080 0.889831 0.841771 0.885231 0.843230 0.881318 0.843224 0.877329 0.841998 0.873358 0.843810 0.869718 0.842612 0.865891 0.845347 0.857995 0.845635 0.854507 0.846880 0.819359 0.851097 0.815382 0.852911 0.811251 0.852281 0.807546 0.852901 0.802800 0.854960 0.791887 0.855924 0.783987 0.857734 0.772301 0.858943 0.768387 0.860461 0.766310 0.864861 0.775100 0.871636 0.776723 0.873894 0.781080 0.876670 0.788331 0.883934 0.791841 0.885731 0.801757 0.893810 0.808921 0.898327 0.817682 0.900535 0.831333 0.901605 0.841975 0.903353 0.852540 0.903876 0.862129 0.905541 0.874291 0.905277 0.883966 0.898739 0.890425 0.892255 0.907607 0.880841 0.919765 0.871166 0.925662 0.865555 0.933518 0.860709 0.938928 0.855670 0.951152 0.847224 0.961830 0.837749
1 0.711970 0.489899 0.703712 0.488613 0.692737 0.489830 0.689444 0.488649 0.686705 0.486607 0.665430 0.486066 0.661724 0.486670 0.656471 0.486237 0.652475 0.485000 0.649049 0.485929 0.644008 0.486121 0.637003 0.485545 0.632242 0.486062 0.621663 0.485494 0.617953 0.486098 0.610944 0.485521 0.607163 0.486422 0.603377 0.485807 0.595183 0.487255 0.592027 0.486995 0.588527 0.488223 0.584175 0.486956 0.580468 0.489076 0.577512 0.486408 0.573379 0.487281 0.570704 0.484938 0.567761 0.485302 0.560813 0.484427 0.551766 0.484896 0.540254 0.483646 0.537240 0.484308 0.531974 0.483875 0.529661 0.484594 0.521587 0.483930 0.517171 0.485994 0.513521 0.486301 0.509525 0.488096 0.507200 0.485781 0.476502 0.485382 0.472072 0.484411 0.469324 0.482364 0.467295 0.484929 0.464418 0.486514 0.456119 0.485224 0.442130 0.485289 0.432000 0.484153 0.427005 0.484047 0.424686 0.484767 0.419830 0.484064 0.397104 0.484629 0.394644 0.485946 0.390464 0.483870 0.386470 0.485456 0.382499 0.485708 0.378326 0.486063 0.374728 0.485951 0.372187 0.486836 0.371127 0.485230 0.366622 0.486075 0.365217 0.487480 0.365089 0.492636 0.370744 0.500698 0.370964 0.504365 0.372806 0.508771 0.379095 0.517189 0.385606 0.529275 0.392882 0.538078 0.398688 0.550107 0.405686 0.560103 0.411823 0.564557 0.416682 0.565256 0.419503 0.567006 0.427812 0.568290 0.433096 0.570240 0.443306 0.572591 0.456829 0.577642 0.458028 0.578652 0.470557 0.581798 0.479498 0.584956 0.484223 0.589292 0.485006 0.592091 0.486764 0.592234 0.496246 0.589964 0.501663 0.591316 0.508762 0.591588 0.511850 0.590623 0.514737 0.592073 0.523026 0.591834 0.527306 0.590358 0.529967 0.588143 0.535720 0.586484 0.537114 0.583560 0.540126 0.581375 0.542238 0.583065 0.547576 0.583196 0.558011 0.576756 0.565159 0.573693 0.573772 0.568929 0.581749 0.563812 0.596447 0.555905 0.599528 0.554943 0.604213 0.551684 0.607713 0.550453 0.616034 0.545369 0.620371 0.543601 0.628269 0.538786 0.629733 0.537087 0.638756 0.533580 0.641965 0.530508 0.648601 0.526504 0.651677 0.525544 0.655867 0.522855 0.660832 0.521443 0.663414 0.519533 0.667403 0.519255 0.677727 0.511618 0.682408 0.509881 0.685756 0.507732 0.688960 0.504663 0.693570 0.503224 0.708776 0.494481
0 0.403741 0.132764 0.402695 0.135697 0.402773 0.138424 0.404814 0.140412 0.410742 0.151802 0.423703 0.168327 0.424904 0.170848 0.427152 0.171946 0.428423 0.174171 0.436221 0.177556 0.438613 0.179574 0.469366 0.188843 0.473441 0.191306 0.478770 0.191457 0.483966 0.193712 0.488105 0.194367 0.492162 0.192294 0.495584 0.188355 0.497391 0.183673 0.495489 0.181094 0.491065 0.178602 0.487980 0.178037 0.484602 0.174123 0.468103 0.166673 0.450820 0.156434 0.432679 0.142191 0.426483 0.135013 0.417902 0.127329 0.412919 0.127204 0.408503 0.129243
0 0.083161 0.637955 0.081887 0.643351 0.086428 0.648605 0.100331 0.657055 0.106360 0.662121 0.119195 0.667427 0.127842 0.667509 0.146472 0.661978 0.148596 0.660621 0.153907 0.659520 0.160985 0.655507 0.164733 0.650312 0.164231 0.644777 0.162319 0.643707 0.158778 0.643423 0.146104 0.646679 0.138879 0.646709 0.114287 0.642289 0.108261 0.640278 0.100319 0.635669 0.094575 0.633985 0.090746 0.631843 0.086562 0.632729
0 0.674435 0.525892 0.672834 0.528186 0.672163 0.534193 0.673021 0.538203 0.674711 0.540160 0.680115 0.543027 0.687467 0.543629 0.695511 0.542771 0.698577 0.540295 0.699673 0.535536 0.698609 0.532419 0.696221 0.530406 0.691381 0.528191 0.680029 0.524835 0.677228 0.524606
0 0.985070 0.487630 0.977012 0.488776 0.971737 0.490152 0.968548 0.491700 0.965436 0.494463 0.963659 0.499148 0.963923 0.507323 0.967580 0.513062 0.973100 0.516838 0.981182 0.518711 0.989241 0.517562 0.993124 0.516070 0.996862 0.513659 1.000000 0.509711 1.000000 0.501147 1.000000 0.496234 0.996983 0.491330 0.991959 0.488501
0 0.900351 0.394284 0.895301 0.399294 0.893511 0.402464 0.892224 0.408091 0.892822 0.414782 0.896846 0.423568 0.907990 0.435362 0.914142 0.439496 0.919935 0.442089 0.928581 0.444618 0.936731 0.446200 0.943760 0.446481 0.949598 0.445758 0.954527 0.444357 0.967686 0.436398 0.972166 0.430736 0.976625 0.422058 0.977685 0.414305 0.976221 0.403629 0.970674 0.395327 0.956076 0.384761 0.940491 0.383157 0.926516 0.383798 0.913736 0.386953
0 0.896395 0.251978 0.893950 0.250265 0.887747 0.247931 0.883572 0.247577 0.875094 0.248966 0.864960 0.252925 0.859138 0.256650 0.842242 0.271490 0.838863 0.276932 0.838608 0.281130 0.840087 0.283968 0.844421 0.286746 0.856561 0.291086 0.872654 0.293650 0.878911 0.292672 0.888493 0.289564 0.892099 0.287759 0.899435 0.282053 0.902036 0.275344 0.902278 0.269642 0.901554 0.265063 0.900008 0.262523 0.899148 0.258534 0.897535 0.256290
