0 0.060366 0.753654 0.060010 0.759945 0.062663 0.767256 0.065786 0.769881 0.072383 0.772542 0.080719 0.773371 0.083289 0.774213 0.093685 0.775483 0.100376 0.777207 0.104220 0.777198 0.112834 0.778918 0.120083 0.778722 0.133354 0.776863 0.136181 0.776053 0.144403 0.775275 0.170465 0.769995 0.174635 0.768558 0.182580 0.766889 0.186241 0.765051 0.185387 0.763536 0.175316 0.760839 0.168676 0.756794 0.157542 0.751912 0.153837 0.752367 0.151197 0.751303 0.145085 0.750201 0.138439 0.749859 0.120467 0.750213 0.112132 0.749385 0.104512 0.749626 0.091244 0.747783 0.088211 0.747924 0.083951 0.746595 0.076124 0.746167 0.070194 0.746895 0.063335 0.749588
0 0.042300 0.633461 0.043338 0.636804 0.048907 0.646072 0.057900 0.657694 0.065465 0.663477 0.069630 0.665743 0.074399 0.667471 0.081920 0.671871 0.087800 0.673464 0.090696 0.672877 0.106221 0.665881 0.120748 0.660627 0.132104 0.655069 0.140357 0.649429 0.146404 0.646603 0.145436 0.643483 0.107244 0.628269 0.095459 0.626244 0.076494 0.624637 0.068993 0.622780 0.065451 0.622521 0.060702 0.623335 0.047192 0.629389 0.043298 0.631719
0 0.408206 0.530714 0.403715 0.529876 0.399268 0.530422 0.388609 0.534507 0.383742 0.537418 0.367198 0.543612 0.363443 0.546387 0.362583 0.548576 0.365009 0.552675 0.370054 0.555295 0.376601 0.560276 0.385466 0.564049 0.395077 0.564026 0.402791 0.562848 0.414907 0.559742 0.429968 0.553728 0.433215 0.550553 0.433565 0.547965 0.432805 0.545513 0.428757 0.541150 0.422694 0.537729 0.418944 0.536800 0.412604 0.532488
1 0.678822 0.144050 0.717320 0.162085 0.744387 0.323518 0.843057 0.410857 0.798188 0.417351 0.638696 0.380520 0.675597 0.146920
0 0.123050 0.201943 0.120984 0.205204 0.119937 0.209267 0.120273 0.217787 0.120826 0.219571 0.123278 0.222509 0.130245 0.225125 0.138211 0.226000 0.145529 0.226027 0.155975 0.224977 0.163618 0.223576 0.170684 0.221551 0.176130 0.219264 0.180883 0.214747 0.181605 0.212113 0.180844 0.209661 0.177306 0.205698 0.173303 0.202718 0.154255 0.194643 0.148280 0.193987 0.133966 0.196206 0.129192 0.198181
0 0.679477 0.678382 0.671625 0.679114 0.662144 0.686989 0.660428 0.687662 0.659406 0.690564 0.655976 0.691910 0.652567 0.695799 0.651336 0.698033 0.654385 0.704139 0.661490 0.707200 0.664733 0.707728 0.672791 0.707665 0.680100 0.697743 0.681424 0.694572 0.681711 0.688059 0.683337 0.684620 0.681073 0.679806
0 0.399939 0.391268 0.391044 0.392360 0.382981 0.396126 0.381518 0.398850 0.378806 0.401267 0.377155 0.405866 0.376755 0.410774 0.378222 0.421701 0.385753 0.436049 0.390333 0.439652 0.396145 0.441022 0.403348 0.439444 0.408355 0.436978 0.411601 0.433803 0.413622 0.429159 0.413701 0.421975 0.417091 0.415543 0.420268 0.412146 0.422709 0.405135 0.421005 0.398403 0.418830 0.396356 0.409293 0.392897 0.402672 0.391396
0 0.287964 0.549864 0.286456 0.551206 0.284900 0.554868 0.283665 0.560805 0.285419 0.565217 0.290440 0.568997 0.299423 0.570673 0.310561 0.571851 0.321447 0.570978 0.323972 0.570437 0.327564 0.568377 0.330391 0.567567 0.337462 0.561839 0.339087 0.558401 0.336340 0.552028 0.334303 0.550425 0.326180 0.546563 0.319722 0.544347 0.314998 0.544002 0.298993 0.545734 0.292969 0.547399
0 0.023537 0.202352 0.015314 0.203129 0.008084 0.205868 0.003638 0.206413 0.000510 0.207491 0.000000 0.207814 0.000000 0.212717 0.000000 0.215537 0.000000 0.222771 0.000000 0.229016 0.000000 0.234867 0.000000 0.237410 0.000000 0.238483 0.000000 0.244779 0.000000 0.251125 0.000000 0.253536 0.000000 0.265473 0.000000 0.269357 0.000000 0.272837 0.000000 0.282795 0.000000 0.293768 0.000000 0.308794 0.000000 0.311378 0.000000 0.313020 0.000000 0.313452 0.000000 0.311201 0.000000 0.310383 0.000000 0.306949 0.000000 0.305871 0.020670 0.302206 0.038297 0.300737 0.044320 0.299072 0.053886 0.297667 0.072738 0.297668 0.077857 0.296808 0.081217 0.295239 0.083797 0.288674 0.084473 0.284658 0.084063 0.279618 0.080812 0.269141 0.070603 0.248642 0.065261 0.242586 0.043658 0.222560 0.033463 0.208307 0.028675 0.204035
0 0.889796 0.650725 0.888269 0.649524 0.884889 0.648550 0.876321 0.648213 0.870624 0.648449 0.843570 0.651769 0.827609 0.654884 0.815122 0.658036 0.811090 0.659919 0.803214 0.661811 0.772745 0.672724 0.742805 0.686578 0.740997 0.688188 0.728877 0.694998 0.719117 0.701980 0.713202 0.708954 0.711413 0.713108 0.711710 0.716542 0.715386 0.720950 0.717422 0.722551 0.724829 0.725345 0.732054 0.726310 0.733813 0.727020 0.738166 0.727411 0.744906 0.726815 0.751853 0.726889 0.763134 0.724810 0.773794 0.720726 0.778541 0.719912 0.801850 0.711960 0.808570 0.708822 0.817954 0.705588 0.825277 0.701913 0.832876 0.699129 0.857450 0.680379 0.864866 0.675766 0.876622 0.665299 0.888002 0.658581 0.891041 0.654737 0.891229 0.652863
0 0.981122 0.555752 0.973428 0.559473 0.963995 0.565027 0.958801 0.569367 0.953628 0.576249 0.953252 0.579998 0.954868 0.583965 0.959167 0.590379 0.964232 0.595543 0.970848 0.600747 0.980707 0.606480 0.986355 0.608563 0.991029 0.611229 0.998297 0.613577 1.000000 0.616621 1.000000 0.619460 1.000000 0.620557 1.000000 0.620621 1.000000 0.620021 1.000000 0.565408 1.000000 0.565635 1.000000 0.564211 1.000000 0.559066 1.000000 0.554588 0.992936 0.552914 0.988489 0.553460
1 0.330183 0.671028 0.325760 0.670414 0.317978 0.671369 0.306974 0.674339 0.297057 0.678332 0.285147 0.682107 0.281140 0.682830 0.274514 0.685032 0.259595 0.687788 0.255194 0.689716 0.242706 0.692868 0.238374 0.695020 0.233392 0.696326 0.229499 0.698654 0.222501 0.700901 0.209971 0.702670 0.206980 0.704194 0.202973 0.704917 0.198545 0.708006 0.199721 0.711795 0.204416 0.717004 0.205893 0.720525 0.229598 0.746079 0.233896 0.752493 0.242128 0.761665 0.246936 0.768480 0.249990 0.770882 0.254685 0.776091 0.258915 0.782283 0.262547 0.785308 0.266776 0.791499 0.270734 0.793097 0.286255 0.789803 0.293924 0.787242 0.297630 0.786788 0.319500 0.780402 0.323878 0.779633 0.327609 0.778019 0.338174 0.774871 0.342552 0.774103 0.377952 0.764205 0.390764 0.759625 0.395513 0.758811 0.406680 0.755127 0.412912 0.754131 0.419770 0.751438 0.425862 0.749996 0.431308 0.747708 0.431427 0.745611 0.429672 0.741198 0.422918 0.735548 0.420719 0.734661 0.418036 0.732214 0.411903 0.728569 0.405148 0.722919 0.402302 0.721186 0.399569 0.721058 0.398621 0.720480 0.396382 0.714507 0.395755 0.716203 0.397673 0.719903 0.396624 0.723965 0.397242 0.729674 0.393927 0.732626 0.394525 0.735793 0.392785 0.737626 0.391441 0.738253 0.380486 0.738903 0.376177 0.739895 0.367150 0.736837 0.365366 0.737288 0.364136 0.739521 0.360845 0.741313 0.358922 0.741318 0.357164 0.740608 0.356239 0.738871 0.354920 0.738337 0.354500 0.740704 0.351811 0.741959 0.345586 0.739251 0.341884 0.736003 0.340312 0.733420 0.339117 0.727087 0.339977 0.724899 0.344780 0.718062 0.350274 0.713454 0.351575 0.711444 0.357578 0.707235 0.362421 0.705484 0.364668 0.704051 0.368909 0.702837 0.370208 0.700826 0.368153 0.696682 0.354292 0.687970 0.340757 0.677829 0.337679 0.676587 0.332451 0.672138
1 0.728669 0.555490 0.726262 0.553934 0.720332 0.554661 0.704950 0.558400 0.698091 0.561093 0.684493 0.564381 0.678005 0.567028 0.674551 0.569535 0.671052 0.570659 0.666397 0.570536 0.662899 0.571659 0.651247 0.573783 0.633246 0.579000 0.621733 0.581569 0.614271 0.584799 0.602827 0.587591 0.598794 0.589474 0.584316 0.592408 0.580724 0.594469 0.576648 0.594969 0.573589 0.596270 0.562748 0.598526 0.559318 0.599872 0.554130 0.600509 0.544677 0.603520 0.539998 0.604557 0.535481 0.604880 0.532329 0.607117 0.528321 0.607841 0.522066 0.609996 0.514302 0.613494 0.509717 0.613594 0.502280 0.615664 0.491854 0.619257 0.486063 0.620431 0.477352 0.623351 0.462038 0.627312 0.451611 0.630906 0.446932 0.631943 0.435533 0.636118 0.418667 0.640038 0.399392 0.646107 0.393783 0.649109 0.392621 0.651565 0.394238 0.655532 0.399812 0.661096 0.405296 0.663894 0.408538 0.664422 0.418243 0.663462 0.439416 0.658550 0.462789 0.654526 0.469415 0.652324 0.475345 0.651597 0.487531 0.648712 0.503698 0.646266 0.507869 0.644828 0.519822 0.642436 0.526819 0.640189 0.534463 0.638789 0.537685 0.636773 0.546417 0.636396 0.556911 0.633026 0.561567 0.633149 0.569349 0.632194 0.606948 0.623184 0.609938 0.621661 0.614825 0.621292 0.617953 0.620214 0.622005 0.620874 0.624925 0.619128 0.637827 0.617313 0.659138 0.612846 0.664722 0.611004 0.671832 0.610363 0.701461 0.604182 0.708621 0.601221 0.711591 0.597155 0.712313 0.594521 0.716537 0.587060 0.718608 0.580096 0.724552 0.568259 0.725694 0.563260 0.728362 0.559461
1 0.648124 0.276123 0.638927 0.277483 0.636170 0.278515 0.633527 0.281154 0.627736 0.282328 0.626066 0.284384 0.620067 0.284889 0.614784 0.286462 0.610381 0.288391 0.604748 0.292553 0.604397 0.295141 0.602031 0.298671 0.602836 0.302507 0.596205 0.308411 0.591585 0.317077 0.588679 0.325069 0.584271 0.330701 0.580624 0.338785 0.578445 0.340440 0.577887 0.342360 0.575777 0.344239 0.575520 0.345890 0.572852 0.349689 0.567194 0.355011 0.566868 0.356439 0.564086 0.358631 0.563295 0.361042 0.558888 0.366675 0.558235 0.369531 0.554988 0.372706 0.553244 0.378242 0.550834 0.380390 0.548304 0.384634 0.547651 0.387491 0.545817 0.390261 0.545512 0.394232 0.541425 0.402138 0.541628 0.406510 0.540348 0.411064 0.541701 0.420385 0.537616 0.428291 0.537171 0.431817 0.535061 0.433695 0.532413 0.440037 0.525272 0.445541 0.519965 0.448275 0.517855 0.450153 0.507241 0.455621 0.505734 0.456962 0.499316 0.459833 0.495628 0.462831 0.477943 0.474025 0.463273 0.482536 0.452288 0.488049 0.444569 0.492930 0.437800 0.498389 0.430339 0.501618 0.423060 0.506676 0.418426 0.509096 0.415781 0.511734 0.410845 0.514423 0.407831 0.517107 0.410791 0.520446 0.429405 0.524641 0.435982 0.524760 0.450870 0.526867 0.460041 0.526667 0.491543 0.522802 0.494300 0.521770 0.506366 0.520983 0.522466 0.518313 0.525223 0.517281 0.531360 0.517222 0.553897 0.514225 0.557396 0.513102 0.571548 0.511597 0.575462 0.511811 0.584425 0.510942 0.600015 0.507873 0.610461 0.506822 0.613519 0.505521 0.615027 0.504179 0.617814 0.498283 0.617774 0.493198 0.618801 0.486592 0.620032 0.484358 0.620319 0.477845 0.623091 0.465703 0.623027 0.461777 0.624682 0.453475 0.626075 0.450527 0.627370 0.434865 0.629184 0.429552 0.631501 0.410986 0.633245 0.405450 0.633848 0.387559 0.636773 0.382108 0.637568 0.375995 0.636833 0.372383 0.638092 0.365286 0.637633 0.362566 0.639165 0.360064 0.637317 0.356588 0.637366 0.354269 0.640939 0.349664 0.640711 0.346453 0.643523 0.339398 0.643721 0.330117 0.645322 0.327838 0.646532 0.323061 0.645865 0.319672 0.646750 0.316324 0.646296 0.309901 0.649082 0.304005 0.650505 0.296195 0.650331 0.286960 0.651355 0.284058 0.651291 0.280132 0.649882 0.276833
1 0.330799 0.156088 0.330542 0.157739 0.333364 0.160633 0.346646 0.168722 0.353173 0.171161 0.368759 0.171794 0.389092 0.171613 0.393653 0.172673 0.414357 0.172446 0.418780 0.173061 0.425960 0.172642 0.429132 0.172947 0.434321 0.172311 0.437122 0.172661 0.449999 0.172007 0.454052 0.172667 0.466533 0.173218 0.487608 0.172946 0.494393 0.173733 0.506366 0.173884 0.512735 0.173334 0.527139 0.173880 0.535059 0.173371 0.544508 0.174063 0.562029 0.180938 0.567861 0.184850 0.571171 0.185601 0.577165 0.188800 0.584434 0.191147 0.594222 0.196656 0.605217 0.201093 0.612668 0.205269 0.623871 0.210374 0.627691 0.211525 0.632068 0.210757 0.633438 0.208969 0.634786 0.204638 0.635725 0.195267 0.635360 0.191609 0.633951 0.188311 0.624173 0.175395 0.618880 0.167021 0.616265 0.164795 0.604847 0.149073 0.598858 0.142172 0.591693 0.131481 0.585309 0.125785 0.581049 0.124456 0.575351 0.124693 0.563028 0.127130 0.511470 0.132068 0.505263 0.131904 0.493616 0.130325 0.489540 0.130826 0.485048 0.129989 0.481016 0.131872 0.478120 0.132458 0.474528 0.134519 0.470822 0.134973 0.467393 0.136320 0.463247 0.136597 0.456112 0.138398 0.452010 0.140058 0.447934 0.140559 0.445132 0.140208 0.432161 0.141800 0.428988 0.141495 0.424956 0.143378 0.421250 0.143833 0.419561 0.143346 0.413493 0.143628 0.335364 0.153445 0.333279 0.154164
1 0.753237 0.731346 0.747120 0.733948 0.741185 0.738380 0.730447 0.749647 0.726919 0.755634 0.697084 0.795855 0.697587 0.799959 0.699994 0.801515 0.702054 0.801956 0.707243 0.801320 0.718104 0.801607 0.738759 0.803700 0.750060 0.804164 0.756128 0.803883 0.759858 0.802268 0.762621 0.797533 0.768595 0.780833 0.768842 0.769233 0.764765 0.752378 0.762616 0.749171 0.758984 0.746145 0.756676 0.739949 0.755781 0.733349
1 0.699287 0.636845 0.695072 0.636899 0.691618 0.639406 0.687235 0.643878 0.685471 0.646871 0.682689 0.649063 0.678652 0.654649 0.670118 0.663101 0.666081 0.668687 0.655601 0.678304 0.651030 0.684649 0.640293 0.695917 0.636487 0.701012 0.634308 0.702668 0.633379 0.704634 0.623408 0.714650 0.622316 0.717329 0.622593 0.718220 0.624420 0.719153 0.628611 0.720260 0.635767 0.721001 0.640396 0.722284 0.652809 0.722612 0.661284 0.723886 0.665869 0.723786 0.669110 0.724314 0.674091 0.723009 0.681903 0.717191 0.683900 0.713707 0.684092 0.708129 0.688016 0.700938 0.691954 0.682637 0.697553 0.669685 0.698393 0.664954 0.699692 0.662943 0.703601 0.649505 0.703304 0.646071
1 0.901507 0.708294 0.897386 0.707412 0.877398 0.708707 0.857203 0.709334 0.850532 0.710153 0.847542 0.711677 0.844775 0.720115 0.842571 0.722931 0.842384 0.724805 0.835416 0.739544 0.835229 0.741418 0.833257 0.743743 0.832071 0.747359 0.828010 0.754106 0.825915 0.762230 0.823710 0.765046 0.821665 0.770851 0.822979 0.775086 0.827935 0.774940 0.834794 0.772248 0.838733 0.771302 0.843298 0.768659 0.846845 0.765215 0.850671 0.762663 0.858434 0.759165 0.864600 0.754244 0.870742 0.750482 0.875516 0.748508 0.878668 0.746269 0.883209 0.744786 0.885922 0.742371 0.887177 0.738978 0.888916 0.737145 0.890660 0.731609 0.890967 0.727637 0.895656 0.719194 0.898300 0.716556 0.902292 0.709586
1 0.856229 0.761981 0.855350 0.761626 0.851412 0.762572 0.846218 0.766912 0.839775 0.770942 0.833796 0.773990 0.828514 0.775563 0.825524 0.777087 0.821117 0.782718 0.811264 0.790639 0.801687 0.799449 0.799854 0.802220 0.796030 0.804772 0.786221 0.814074 0.787999 0.817328 0.794784 0.818115 0.799854 0.819575 0.805690 0.819785 0.808837 0.821250 0.817589 0.823415 0.825993 0.824466 0.830139 0.824189 0.833618 0.820523 0.841287 0.800607 0.845744 0.792655 0.849416 0.783412 0.852548 0.778630 0.853665 0.774791 0.855172 0.773449 0.857454 0.763450
0 0.000000 0.843810 0.000000 0.848022 0.000000 0.852139 0.000000 0.859154 0.000000 0.862898 0.000000 0.865472 0.000000 0.867520 0.000000 0.868229 0.000000 0.869239 0.000000 0.870969 0.002311 0.872775 0.021917 0.878931 0.023840 0.878926 0.026967 0.877848 0.030560 0.875788 0.048576 0.859462 0.049969 0.856514 0.047820 0.853307 0.031637 0.849507 0.019808 0.846100 0.007444 0.843452 0.000000 0.842451 0.000000 0.842910
0 0.250169 0.880543 0.245677 0.879706 0.237731 0.881375 0.232355 0.883886 0.226702 0.885506 0.219612 0.888690 0.212244 0.890982 0.208281 0.893088 0.194494 0.898250 0.187591 0.899560 0.184740 0.901530 0.183114 0.904968 0.184820 0.911702 0.189232 0.919722 0.194573 0.925777 0.199945 0.926969 0.211245 0.927434 0.220881 0.926251 0.238675 0.920366 0.247851 0.916463 0.254063 0.912924 0.257981 0.909435 0.262740 0.901215 0.264246 0.899873 0.265339 0.897194 0.265155 0.895366 0.262290 0.891089
0 0.572221 0.806317 0.570393 0.805384 0.565738 0.805261 0.554086 0.807385 0.547227 0.810078 0.540714 0.813885 0.533278 0.815954 0.529918 0.817524 0.517431 0.820676 0.514812 0.822155 0.505360 0.825166 0.502438 0.826912 0.500976 0.829637 0.502385 0.832935 0.510810 0.836530 0.518963 0.835529 0.526098 0.833727 0.544055 0.827128 0.553414 0.825054 0.564631 0.819050 0.567947 0.816098 0.573515 0.808009
1 0.432182 0.748230 0.550964 0.714854 0.625743 0.780882 0.474514 0.823681
0 0.293063 0.303492 0.284865 0.303110 0.275600 0.304246 0.266448 0.306989 0.261280 0.310168 0.259007 0.312761 0.258607 0.317670 0.260059 0.322351 0.263528 0.326090 0.267580 0.326751 0.272165 0.326651 0.286461 0.321888 0.287459 0.320146 0.294599 0.314642 0.296294 0.311426 0.296161 0.307277
0 0.513180 0.135098 0.508436 0.132209 0.502323 0.131108 0.494773 0.131572 0.485394 0.131103 0.471701 0.135328 0.459680 0.137498 0.456181 0.138621 0.449297 0.142474 0.450009 0.147246 0.450726 0.148315 0.452925 0.149202 0.460148 0.150167 0.463529 0.151141 0.476777 0.150441 0.492575 0.148039 0.499893 0.148067 0.504734 0.146316 0.508327 0.144256 0.511342 0.141572 0.513036 0.138356
0 0.724902 0.235926 0.723257 0.236822 0.722560 0.238296 0.721601 0.245125 0.722970 0.260692 0.728603 0.273885 0.730545 0.276423 0.733253 0.277711 0.737329 0.277211 0.739997 0.273412 0.741416 0.269305 0.741332 0.262835 0.737502 0.251735 0.731889 0.241086 0.729092 0.237032
0 0.587647 0.335378 0.585284 0.335205 0.581786 0.336328 0.580926 0.338516 0.578144 0.340709 0.574245 0.346740 0.566754 0.354833 0.561418 0.362430 0.558003 0.370023 0.548165 0.384188 0.545028 0.392672 0.543194 0.395443 0.540960 0.403121 0.539764 0.414144 0.540917 0.419093 0.543090 0.421140 0.547908 0.420549 0.549716 0.418939 0.554984 0.411119 0.560203 0.405619 0.561458 0.402226 0.567624 0.397304 0.567605 0.394761 0.566057 0.391017 0.570089 0.389134 0.573173 0.386673 0.572990 0.384844 0.574082 0.382165 0.578445 0.375150 0.580857 0.373003 0.581721 0.367112 0.585136 0.359519 0.588230 0.349653 0.586964 0.343097 0.590883 0.339608 0.590586 0.336174
0 0.804993 0.803904 0.801909 0.806365 0.801420 0.808507 0.802849 0.814348 0.804351 0.816710 0.807844 0.819289 0.816733 0.821900 0.825974 0.821923 0.831028 0.817138 0.829645 0.812680 0.825850 0.810368 0.816660 0.808025 0.815113 0.804282 0.807518 0.803362
0 0.639697 0.704920 0.665895 0.715760 0.669468 0.720432 0.661892 0.721681 0.637854 0.719521 0.634763 0.711276 0.636271 0.707578
0 0.367096 0.933765 0.367763 0.937154 0.373179 0.939728 0.387489 0.941213 0.393626 0.941154 0.404675 0.939567 0.408406 0.937952 0.409868 0.935227 0.407373 0.930905 0.402234 0.929222 0.396190 0.928344 0.386510 0.928143 0.375995 0.928970 0.370343 0.930590
0 0.593246 0.964560 0.590677 0.963718 0.584308 0.964268 0.579025 0.965842 0.573718 0.968575 0.557570 0.973565 0.550386 0.977687 0.549921 0.978669 0.551839 0.982368 0.557001 0.982891 0.566267 0.981754 0.572730 0.980267 0.585544 0.975687 0.593400 0.971251 0.595327 0.967544
0 0.718920 0.867455 0.717902 0.866654 0.714220 0.865949 0.702662 0.867136 0.697983 0.868173 0.630741 0.877118 0.625088 0.878737 0.624184 0.879542 0.622791 0.882490 0.623898 0.886057 0.627579 0.886762 0.651733 0.887732 0.673781 0.886878 0.685382 0.887074 0.696061 0.885532 0.704541 0.883103 0.717541 0.876649 0.719582 0.874548 0.720002 0.872182
0 0.337092 0.891629 0.339009 0.895328 0.347830 0.897716 0.356052 0.896939 0.364437 0.895447 0.368608 0.894010 0.371320 0.891594 0.368292 0.888032 0.364981 0.887282 0.357153 0.886854 0.342493 0.887959 0.339064 0.889305
0 0.458041 0.776824 0.448934 0.780949 0.444205 0.784306 0.439452 0.788824 0.438291 0.791280 0.438077 0.794314 0.440504 0.798413 0.447309 0.801744 0.458490 0.804305 0.469924 0.808918 0.474347 0.809533 0.479926 0.811394 0.485925 0.810890 0.490120 0.808291 0.492462 0.805922 0.494923 0.801455 0.493584 0.798380 0.479037 0.783735 0.468392 0.776711 0.463901 0.775873
0 0.728882 0.795425 0.728185 0.796899 0.728575 0.799396 0.731559 0.801575 0.738275 0.802140 0.742534 0.803468 0.746887 0.803859 0.752145 0.803446 0.754833 0.802190 0.745854 0.796813 0.738587 0.794466 0.732311 0.794078
0 0.758495 0.748288 0.756775 0.752664 0.756499 0.769127 0.759102 0.778759 0.759646 0.787947 0.761608 0.793029 0.763876 0.794139 0.766870 0.788912 0.767315 0.785387 0.769104 0.781233 0.769850 0.777440 0.769306 0.768250 0.765575 0.752510 0.762409 0.748502
0 0.999993 0.627715 0.995545 0.628261 0.987738 0.630376 0.984378 0.631945 0.980994 0.634675 0.981566 0.639001 0.986286 0.643050 0.988805 0.646213 0.991513 0.647500 0.996746 0.648246 1.000000 0.647200 1.000000 0.644244 1.000000 0.640986 1.000000 0.628735
0 0.119148 0.697616 0.116436 0.700032 0.115204 0.702265 0.115501 0.705700 0.117512 0.708461 0.119480 0.709840 0.124757 0.711969 0.134111 0.713598 0.138325 0.713544 0.145391 0.711520 0.147966 0.708659 0.148016 0.706339 0.146814 0.703709 0.142511 0.700997 0.137234 0.698868 0.126861 0.696439 0.122647 0.696493
0 0.357247 0.590882 0.353961 0.588971 0.349330 0.587688 0.345417 0.587474 0.341410 0.588197 0.329916 0.593310 0.322479 0.595379 0.315620 0.598073 0.304266 0.603631 0.290331 0.615754 0.290233 0.620394 0.291294 0.622577 0.294047 0.625248 0.297495 0.626444 0.303978 0.627500 0.320167 0.627597 0.333370 0.625514 0.336127 0.624482 0.340204 0.623981 0.348200 0.619991 0.353486 0.614715 0.358709 0.605512 0.359673 0.594981
0 0.607377 0.561347 0.599482 0.560696 0.593181 0.561470 0.589011 0.562907 0.583472 0.566133 0.580201 0.570468 0.578713 0.574352 0.578733 0.576895 0.580581 0.580371 0.585350 0.582100 0.590073 0.582446 0.592391 0.581236 0.596329 0.580290 0.600084 0.577515 0.604857 0.575541 0.611257 0.570128 0.612882 0.566689 0.611104 0.563436
0 0.527338 0.615829 0.531849 0.619209 0.552988 0.622863 0.557273 0.623031 0.561141 0.621862 0.565657 0.621540 0.569087 0.620193 0.573302 0.620139 0.581619 0.618424 0.584490 0.618998 0.593384 0.617906 0.597925 0.616423 0.609784 0.614968 0.616500 0.615533 0.619074 0.612672 0.623961 0.612303 0.633552 0.609738 0.643489 0.608287 0.648332 0.606536 0.657621 0.604240 0.660542 0.602493 0.662005 0.599768 0.660409 0.598343 0.654899 0.596706 0.650407 0.595869 0.646631 0.596100 0.641399 0.595354 0.626669 0.596236 0.615507 0.596217 0.605871 0.597400 0.602303 0.598300 0.599130 0.597995 0.594382 0.598809 0.590167 0.598864 0.587409 0.599896 0.579489 0.600405 0.577660 0.599473 0.573747 0.599259 0.570298 0.598062 0.563973 0.599995 0.558043 0.600723 0.552528 0.602788 0.545996 0.604052 0.541153 0.605803 0.528597 0.608732 0.527462 0.610029
0 0.969790 0.369246 0.958722 0.368290 0.938779 0.370969 0.928308 0.373179 0.910446 0.378842 0.905508 0.381531 0.900360 0.387253 0.891930 0.404716 0.886267 0.413742 0.872100 0.426355 0.861995 0.432224 0.858427 0.433125 0.845056 0.439624 0.833750 0.442863 0.828933 0.443454 0.816144 0.446874 0.810076 0.447156 0.806390 0.450154 0.803263 0.451232 0.796379 0.455085 0.789699 0.463309 0.781921 0.477916 0.781289 0.483316 0.781704 0.484653 0.786378 0.487319 0.795687 0.487565 0.799438 0.488493 0.806524 0.489012 0.815047 0.487967 0.819401 0.488358 0.829106 0.487398 0.833785 0.486361 0.863062 0.482769 0.876963 0.479212 0.891283 0.473290 0.902589 0.470052 0.905880 0.468260 0.913548 0.465698 0.930883 0.457093 0.936956 0.453108 0.940202 0.449933 0.950797 0.441922 0.956439 0.430354 0.962305 0.408346 0.965976 0.399102 0.968076 0.387275 0.970586 0.380487 0.970058 0.377544 0.972143 0.376825
0 0.145475 0.544439 0.146444 0.547560 0.151118 0.550226 0.159707 0.553106 0.168570 0.556877 0.173572 0.558115 0.186751 0.557193 0.190061 0.557943 0.193534 0.557980 0.206066 0.556211 0.209219 0.553973 0.212376 0.548031 0.211131 0.544019 0.210113 0.543219 0.205853 0.541890 0.197147 0.541107 0.180865 0.541948 0.176882 0.541510 0.173063 0.540359 0.168477 0.540459 0.164978 0.541583 0.161297 0.540878 0.153169 0.540718 0.147678 0.541623 0.146102 0.542742
0 0.327015 0.458760 0.320344 0.459579 0.309177 0.463263 0.305095 0.467466 0.301147 0.475818 0.302022 0.479876 0.303895 0.482191 0.310655 0.484139 0.314172 0.485559 0.315260 0.486582 0.322227 0.489198 0.326210 0.489635 0.332579 0.489085 0.335198 0.487607 0.341730 0.486342 0.350234 0.482754 0.355497 0.478637 0.356752 0.475243 0.353125 0.468515 0.344171 0.461977 0.338014 0.459493 0.331230 0.458706
0 0.144545 0.251370 0.140256 0.254905 0.138255 0.262092 0.140281 0.271100 0.142475 0.275690 0.147890 0.278265 0.156410 0.280921 0.160185 0.280690 0.163263 0.281933 0.172271 0.282447 0.177762 0.281542 0.191458 0.273613 0.195307 0.269901 0.196607 0.267891 0.196518 0.265125 0.193513 0.260402 0.179609 0.250308 0.173452 0.247823 0.170650 0.247473 0.162660 0.247759 0.154576 0.248982
0 0.405917 0.249381 0.389240 0.251427 0.382847 0.253137 0.380529 0.254348 0.376121 0.259979 0.374767 0.268013 0.373281 0.271898 0.374017 0.275510 0.377278 0.278581 0.382926 0.280664 0.391054 0.280824 0.397952 0.283218 0.404065 0.284319 0.408374 0.283327 0.414491 0.280725 0.418479 0.277459 0.421977 0.276335 0.425017 0.272492 0.428377 0.270922 0.429305 0.268957 0.427576 0.263385 0.424641 0.258885 0.420085 0.254122 0.413953 0.250478
0 0.276114 0.353008 0.272314 0.354400 0.268070 0.359318 0.266513 0.362980 0.265929 0.366060 0.267402 0.373284 0.270293 0.376400 0.275802 0.378038 0.280225 0.378652 0.284761 0.380872 0.288606 0.380863 0.296339 0.382229 0.301088 0.381415 0.304541 0.378908 0.319232 0.372940 0.321970 0.369365 0.320635 0.362586 0.314251 0.356891 0.305204 0.351291 0.303073 0.350626 0.295316 0.350421 0.285611 0.351380
0 0.289455 0.281952 0.290631 0.285741 0.296047 0.288316 0.302718 0.287498 0.307071 0.287889 0.311820 0.287075 0.315432 0.287557 0.318026 0.287239 0.331255 0.283996 0.334175 0.282250 0.335543 0.280462 0.333557 0.276541 0.328165 0.272805 0.323121 0.270185 0.318930 0.269079 0.314646 0.268911 0.298642 0.270643 0.295212 0.271990 0.291734 0.275656
0 0.139037 0.475347 0.133704 0.479240 0.129663 0.488529 0.126598 0.493534 0.125947 0.496390 0.128763 0.502986 0.132697 0.505744 0.138922 0.508451 0.177935 0.516391 0.185761 0.516819 0.190209 0.516273 0.192897 0.515018 0.195032 0.511979 0.194829 0.507607 0.189418 0.501329 0.179609 0.493276 0.172460 0.488832 0.162789 0.481225 0.154320 0.476248 0.146819 0.474392
0 0.551240 0.788297 0.548137 0.788215 0.543294 0.789966 0.530067 0.793209 0.524552 0.795274 0.522511 0.797375 0.522486 0.798535 0.524868 0.801251 0.528801 0.804008 0.533224 0.804623 0.539153 0.803896 0.545246 0.802453 0.548907 0.800615 0.551250 0.798245 0.553019 0.791550
