0 0.630165 0.486001 0.647200 0.485388 0.653194 0.486272 0.656528 0.487725 0.660132 0.490422 0.662642 0.493678 0.666425 0.506743 0.668036 0.509866 0.678870 0.522288 0.683478 0.525853 0.695951 0.532504 0.698564 0.536496 0.699079 0.540180 0.697899 0.544335 0.695520 0.548313 0.693001 0.550587 0.678692 0.558096 0.673906 0.559555 0.672014 0.560719 0.666994 0.561902 0.665468 0.562879 0.657723 0.564863 0.648143 0.565614 0.644782 0.565358 0.634555 0.562888 0.607155 0.536238 0.599007 0.529745 0.589006 0.517688 0.587826 0.514146 0.587611 0.510507 0.588857 0.506121 0.593361 0.501254 0.596349 0.499530 0.598137 0.497629 0.607034 0.492690 0.620857 0.487994
0 0.887390 0.122311 0.890490 0.123490 0.894096 0.126186 0.898244 0.131368 0.900997 0.137065 0.907757 0.146240 0.910277 0.151662 0.914060 0.157030 0.914603 0.159515 0.916682 0.163188 0.917169 0.168070 0.914556 0.171774 0.908712 0.174760 0.906052 0.175329 0.896453 0.179444 0.893129 0.180157 0.887116 0.182637 0.881798 0.183775 0.877340 0.184080 0.874240 0.182901 0.870700 0.179974 0.861167 0.168466 0.858330 0.166364 0.856289 0.163658 0.855277 0.160623 0.848085 0.151865 0.845904 0.147455 0.845791 0.144553 0.847439 0.140948 0.849593 0.138861 0.858453 0.132952 0.876452 0.124544 0.882998 0.122385
0 0.343906 0.395666 0.346181 0.398648 0.347868 0.403706 0.347896 0.410204 0.346519 0.415051 0.343746 0.420415 0.338848 0.426667 0.333548 0.432137 0.328903 0.435300 0.325212 0.436199 0.319126 0.436743 0.312167 0.435958 0.306080 0.436503 0.302185 0.435928 0.299890 0.436311 0.282509 0.433747 0.277574 0.431335 0.274699 0.428266 0.270738 0.420226 0.270888 0.416399 0.273792 0.410575 0.277940 0.408060 0.281200 0.407579 0.284299 0.408758 0.290517 0.407751 0.304396 0.400660 0.313536 0.398160 0.322751 0.397596 0.326872 0.396280 0.330655 0.393952 0.334345 0.393053 0.339505 0.393573
0 0.575427 0.532519 0.575042 0.536070 0.569292 0.545323 0.556678 0.560056 0.554430 0.563573 0.546769 0.569658 0.541656 0.572271 0.534276 0.574068 0.531448 0.574131 0.511370 0.571169 0.506707 0.570000 0.503139 0.568271 0.497923 0.562451 0.496003 0.557117 0.495713 0.551543 0.498898 0.541430 0.502765 0.535508 0.507204 0.530872 0.513442 0.526500 0.519519 0.523790 0.527395 0.521344 0.541667 0.520564 0.555218 0.522322 0.568319 0.527863
0 0.560103 0.047808 0.563727 0.054837 0.563774 0.057971 0.561086 0.067435 0.557378 0.071698 0.548612 0.076176 0.541401 0.078479 0.538142 0.078960 0.534247 0.078385 0.526184 0.075993 0.519516 0.073086 0.516669 0.068818 0.516388 0.065409 0.520172 0.055385 0.523487 0.052508 0.529799 0.050072 0.546487 0.046281 0.554373 0.046001 0.557668 0.046488
0 0.090928 0.616884 0.095086 0.616535 0.099553 0.618397 0.105959 0.622228 0.112720 0.623706 0.118320 0.625976 0.119725 0.627625 0.120136 0.630573 0.119125 0.635233 0.116840 0.637782 0.110921 0.638833 0.098541 0.638450 0.091714 0.637202 0.086845 0.634559 0.085608 0.633415 0.084260 0.629368 0.086789 0.621564
0 0.575068 0.627224 0.574327 0.640824 0.572614 0.644659 0.568512 0.650307 0.565065 0.653647 0.559390 0.657139 0.556168 0.658588 0.545399 0.661328 0.534620 0.661902 0.528627 0.661018 0.517426 0.656479 0.514055 0.654058 0.497255 0.647250 0.490981 0.642957 0.488368 0.638964 0.488555 0.636106 0.489970 0.632226 0.492451 0.628985 0.496367 0.626195 0.512745 0.620194 0.516032 0.618514 0.527364 0.614895 0.535334 0.611020 0.550888 0.606822 0.558081 0.607883 0.563250 0.610569 0.565741 0.617190 0.572586 0.622770
0 0.205070 0.773456 0.208685 0.770622 0.211111 0.769778 0.214641 0.770539 0.216542 0.771541 0.222489 0.776988 0.235318 0.781286 0.236995 0.784179 0.235514 0.788289 0.231366 0.790804 0.220166 0.793961 0.217272 0.794256 0.210314 0.793470 0.205247 0.791520 0.202279 0.789879 0.199600 0.786117 0.201736 0.779698
0 0.778834 0.391291 0.779940 0.392897 0.780651 0.395888 0.779171 0.399998 0.776099 0.405318 0.769974 0.412591 0.760656 0.420115 0.750758 0.424186 0.738789 0.434446 0.723684 0.442559 0.718795 0.443281 0.714300 0.442617 0.712099 0.441571 0.709018 0.437027 0.704645 0.426041 0.706378 0.418841 0.709347 0.412785 0.707540 0.410354 0.707362 0.407683 0.708083 0.405143 0.710331 0.401627 0.717485 0.394024 0.720417 0.387001 0.725717 0.381531 0.729698 0.378510 0.733453 0.377380 0.747669 0.378997 0.755563 0.380883 0.758925 0.381138 0.762259 0.382593 0.766033 0.385794
0 0.606769 0.019821 0.612622 0.019001 0.616817 0.019620 0.621650 0.021294 0.631754 0.026393 0.642364 0.033009 0.645829 0.034001 0.655643 0.041221 0.657750 0.043696 0.673698 0.053505 0.683746 0.061001 0.687454 0.064433 0.696566 0.070828 0.697672 0.072434 0.701576 0.075175 0.703383 0.077606 0.704985 0.078564 0.706567 0.082885 0.706408 0.084546 0.704797 0.089118 0.701585 0.092733 0.679006 0.111769 0.669350 0.118280 0.663273 0.120991 0.656155 0.121865 0.649497 0.121124 0.642801 0.119414 0.637566 0.116959 0.630056 0.111522 0.620748 0.105819 0.617208 0.102891 0.603967 0.095647 0.599818 0.090466 0.590631 0.082135 0.586726 0.079394 0.575995 0.067710 0.574113 0.063343 0.573654 0.057263 0.574497 0.052097 0.577269 0.046734 0.580941 0.041504 0.589687 0.032693 0.601590 0.022664
0 0.764187 0.692405 0.784509 0.690111 0.789603 0.690863 0.794435 0.692539 0.797104 0.694135 0.799679 0.697160 0.801364 0.702219 0.801683 0.706595 0.804511 0.714227 0.804033 0.719207 0.802150 0.722537 0.788796 0.735478 0.785575 0.736926 0.779881 0.736086 0.775245 0.733719 0.756592 0.705955 0.756376 0.702316 0.757791 0.698435 0.761134 0.694359
0 0.865413 0.351394 0.863511 0.358089 0.857659 0.366605 0.848874 0.374448 0.842403 0.378543 0.828505 0.381303 0.825949 0.382610 0.816875 0.384878 0.807060 0.385354 0.796506 0.384038 0.793181 0.384750 0.787525 0.384877 0.776736 0.383285 0.767073 0.379935 0.761810 0.378678 0.758176 0.377180 0.750768 0.372479 0.747594 0.369366 0.744625 0.367725 0.734343 0.359955 0.727461 0.353408 0.722310 0.347357 0.717487 0.340152 0.715025 0.332333 0.716074 0.328639 0.718556 0.325398 0.728679 0.319436 0.733830 0.317791 0.762036 0.315219 0.769425 0.315587 0.777451 0.317012 0.779979 0.316904 0.786160 0.314929 0.794074 0.313452 0.799964 0.313599 0.811370 0.311915 0.817429 0.312569 0.820623 0.312318 0.837638 0.315070 0.842105 0.316931 0.843875 0.318395 0.853174 0.321931 0.856779 0.324628 0.859458 0.328389 0.865133 0.340290
0 0.263607 0.285934 0.267128 0.284529 0.277542 0.284142 0.283582 0.288159 0.286457 0.291229 0.291364 0.294839 0.302526 0.298410 0.308032 0.302109 0.310842 0.305409 0.314878 0.315385 0.319541 0.324249 0.319026 0.328262 0.316441 0.330767 0.308538 0.334411 0.301524 0.336022 0.297131 0.336095 0.287973 0.334263 0.279675 0.331596 0.268419 0.329454 0.261152 0.326458 0.257275 0.322518 0.252518 0.315083 0.252340 0.312410 0.254776 0.306036 0.258344 0.300069 0.261987 0.288341
0 0.035822 0.732853 0.044541 0.732937 0.054767 0.735408 0.060301 0.737908 0.065742 0.741837 0.071258 0.747702 0.073103 0.751100 0.074825 0.757126 0.074788 0.763854 0.073673 0.767779 0.071922 0.770646 0.068345 0.774448 0.066022 0.776029 0.062267 0.777160 0.035043 0.776270 0.027092 0.776780 0.023394 0.775512
0 0.434034 0.360863 0.438782 0.358436 0.443437 0.357440 0.450011 0.354081 0.452005 0.353653 0.459890 0.353374 0.469864 0.351238 0.476756 0.352255 0.487891 0.357024 0.500121 0.361234 0.508428 0.366067 0.510965 0.368125 0.517033 0.370944 0.522175 0.374829 0.529872 0.385104 0.535434 0.394102 0.539162 0.409562 0.539189 0.416060 0.540144 0.421492 0.539451 0.430529 0.535620 0.445116 0.531987 0.451314 0.526713 0.455586 0.521863 0.457276 0.510981 0.457113 0.505952 0.456131 0.498320 0.453321 0.494949 0.450900 0.482775 0.444293 0.472624 0.436061 0.470348 0.433081 0.453950 0.427054 0.441674 0.419710 0.438274 0.418488 0.435605 0.416892 0.425819 0.408473 0.422739 0.403930 0.420707 0.395694 0.417888 0.390227 0.417636 0.385620 0.420099 0.378047 0.424060 0.370695 0.429557 0.364531
0 0.855530 0.165229 0.857497 0.166001 0.861336 0.168973 0.869932 0.179380 0.872002 0.180888 0.877499 0.190116 0.882818 0.196673 0.883492 0.198697 0.887509 0.204339 0.888352 0.206870 0.891733 0.211457 0.892847 0.215228 0.892828 0.218593 0.890515 0.222340 0.886001 0.225041 0.868189 0.230590 0.864968 0.232039 0.861044 0.232663 0.856492 0.234396 0.850874 0.235491 0.849047 0.236424 0.845920 0.236444 0.839457 0.235009 0.836555 0.233138 0.828660 0.223556 0.821019 0.210884 0.819315 0.209190 0.818238 0.206385 0.814024 0.201435 0.811074 0.196430 0.809155 0.191096 0.809108 0.187962 0.811384 0.183247 0.815298 0.180458 0.820412 0.177845 0.823867 0.176672 0.833364 0.171820 0.836753 0.170877 0.844058 0.167144 0.851737 0.165391
0 0.189367 0.719912 0.197159 0.721062 0.212976 0.731332 0.214783 0.733763 0.214830 0.736897 0.212348 0.740138 0.205839 0.743266 0.198394 0.745294 0.190902 0.744189 0.186333 0.741591 0.184384 0.737455 0.183898 0.732573 0.182587 0.729494 0.182606 0.726129 0.184320 0.722294
0 0.385385 0.888324 0.385694 0.890534 0.385104 0.892611 0.381067 0.898029 0.376722 0.901235 0.372405 0.903244 0.369877 0.903352 0.363349 0.902149 0.355577 0.897635 0.353497 0.893961 0.355380 0.890631 0.362656 0.888097 0.375992 0.886217 0.383549 0.887091
0 0.165293 0.367150 0.172307 0.365539 0.175734 0.365564 0.180464 0.366502 0.191627 0.370073 0.199296 0.373850 0.215413 0.376469 0.221210 0.378045 0.227812 0.381184 0.228748 0.382283 0.229291 0.384768 0.228018 0.390353 0.227839 0.395377 0.225311 0.403181 0.223560 0.406049 0.220609 0.408740 0.211085 0.414791 0.204605 0.416722 0.194097 0.418538 0.181980 0.417231 0.178280 0.415963 0.169843 0.411593 0.165301 0.407796 0.161855 0.403439 0.159636 0.398061 0.158952 0.393872 0.156264 0.387944 0.155375 0.382281 0.156649 0.376697 0.159159 0.372257 0.161875 0.369291
0 0.779357 0.148700 0.776604 0.150699 0.771622 0.152850 0.758259 0.155929 0.742357 0.156950 0.732646 0.158163 0.724059 0.157617 0.721558 0.156527 0.713982 0.151321 0.704476 0.146311 0.692687 0.136154 0.686029 0.127716 0.686085 0.125319 0.687762 0.120516 0.689550 0.118615 0.692837 0.116936 0.704234 0.113086 0.708693 0.112781 0.712007 0.109903 0.715267 0.109422 0.718328 0.109634 0.728929 0.106388 0.736281 0.105788 0.757727 0.101737 0.760152 0.100893 0.766539 0.100392 0.770369 0.101198 0.773037 0.102794 0.775191 0.108402 0.775369 0.111074 0.778160 0.117739 0.778506 0.120917 0.777822 0.124424 0.778365 0.126909 0.777101 0.134659 0.777157 0.139958 0.780107 0.144963
0 0.494476 0.309654 0.496555 0.313329 0.498511 0.327325 0.494381 0.341868 0.492629 0.344736 0.487517 0.347349 0.480202 0.348915 0.463739 0.350815 0.456416 0.350216 0.448119 0.347548 0.444542 0.343654 0.444748 0.337431 0.450704 0.314260 0.453514 0.309864 0.456699 0.307448 0.463740 0.304639 0.466269 0.304531 0.473564 0.306328 0.479351 0.305740 0.486844 0.306845
0 0.695018 0.454443 0.700365 0.452105 0.704326 0.452449 0.708990 0.453618 0.712258 0.455303 0.715189 0.455976 0.724628 0.461217 0.741391 0.467056 0.750363 0.471748 0.755429 0.473697 0.760935 0.477396 0.764335 0.478619 0.767340 0.481227 0.768455 0.484999 0.766244 0.489483 0.762799 0.492823 0.756758 0.496501 0.751055 0.501191 0.746607 0.503661 0.734403 0.505950 0.726837 0.510605 0.722183 0.511602 0.718689 0.511808 0.713895 0.511100 0.709363 0.509470 0.701318 0.503713 0.699511 0.501283 0.695269 0.497530 0.687290 0.491543 0.683347 0.487835 0.680501 0.483567 0.678141 0.476484 0.678225 0.472889 0.680792 0.466053 0.682646 0.463921 0.693229 0.456343
0 0.357607 0.122071 0.359985 0.125789 0.361642 0.132046 0.363113 0.133465 0.364892 0.137094 0.367739 0.149059 0.365950 0.158656 0.364198 0.161524 0.361576 0.163061 0.355919 0.163189 0.343464 0.160870 0.338211 0.161778 0.329314 0.166719 0.320268 0.167789 0.312879 0.167421 0.306885 0.166537 0.292389 0.161511 0.286180 0.156988 0.283539 0.154193 0.282257 0.149916 0.282660 0.143000 0.283737 0.138108 0.284992 0.135889 0.292063 0.131881 0.301511 0.123896 0.304125 0.120193 0.308704 0.117261 0.311860 0.116043 0.320345 0.115851 0.332116 0.113981 0.338671 0.113986 0.347764 0.116050
0 0.334199 0.552966 0.337721 0.551561 0.354165 0.553026 0.360551 0.552525 0.364241 0.551627 0.370131 0.551774 0.380854 0.553596 0.383954 0.554775 0.388992 0.557923 0.391399 0.560444 0.395303 0.570880 0.395921 0.575301 0.397663 0.577963 0.401840 0.581945 0.404059 0.587323 0.403619 0.593271 0.400875 0.597436 0.393037 0.600849 0.380731 0.602400 0.371010 0.601447 0.365813 0.599959 0.362976 0.597857 0.359829 0.593544 0.352787 0.588658 0.349547 0.585775 0.338936 0.579159 0.334030 0.575548 0.332156 0.573349 0.329975 0.568938 0.329544 0.561659 0.331221 0.556856
0 0.773268 0.490038 0.776920 0.488172 0.780844 0.487549 0.794208 0.492165 0.802402 0.494096 0.810933 0.497038 0.816468 0.499539 0.818406 0.501508 0.824708 0.504602 0.827714 0.507210 0.833745 0.509062 0.835815 0.510569 0.839514 0.511837 0.847652 0.516164 0.849862 0.519376 0.850105 0.521817 0.847838 0.528698 0.841882 0.536477 0.838398 0.538849 0.828865 0.542733 0.819520 0.543760 0.808535 0.542861 0.792652 0.540517 0.786152 0.538116 0.782716 0.535925 0.772799 0.527968 0.770580 0.522590 0.770449 0.507659 0.769166 0.503382 0.769054 0.500480 0.770917 0.492818
0 0.210679 0.219443 0.215212 0.221073 0.223050 0.225356 0.229540 0.233289 0.231487 0.245120 0.236263 0.256888 0.236796 0.264903 0.234998 0.272333 0.233443 0.274510 0.229266 0.278223 0.222561 0.282043 0.215285 0.284577 0.204543 0.286119 0.195694 0.286497 0.188136 0.285622 0.182274 0.284276 0.171440 0.279551 0.165530 0.275071 0.179101 0.227290 0.181555 0.225247 0.186303 0.222821 0.192483 0.220847 0.203722 0.218656
0 0.688418 0.917400 0.689973 0.922920 0.687940 0.930076 0.682612 0.936746 0.675185 0.943106 0.671083 0.948754 0.664874 0.959623 0.660828 0.962873 0.655341 0.963507 0.651445 0.962932 0.635656 0.959159 0.621590 0.953717 0.614586 0.949797 0.610278 0.946276 0.606064 0.941325 0.607309 0.936940 0.617957 0.929131 0.626985 0.923729 0.649929 0.912202 0.655249 0.911063 0.663564 0.910366 0.668659 0.911117 0.679054 0.914094 0.685478 0.914561
0 0.729098 0.680734 0.733658 0.681167 0.735625 0.681938 0.749054 0.694019 0.750870 0.698617 0.753979 0.701962 0.758605 0.709859 0.763353 0.715130 0.767473 0.721509 0.768606 0.729613 0.766995 0.734185 0.761854 0.737996 0.759925 0.738193 0.749492 0.741945 0.741747 0.743929 0.730538 0.744920 0.723879 0.744179 0.721079 0.743044 0.712567 0.736737 0.707950 0.731005 0.704692 0.723790 0.699204 0.716729 0.698661 0.714242 0.699476 0.710275 0.701387 0.705747 0.701630 0.700491 0.702970 0.694676 0.706837 0.688753 0.715069 0.683956
0 0.491560 0.677194 0.495784 0.676615 0.503145 0.678182 0.505214 0.679689 0.510046 0.681365 0.512322 0.684346 0.515459 0.686493 0.517969 0.689749 0.521602 0.691246 0.524411 0.694548 0.533224 0.700897 0.535331 0.703373 0.539535 0.706158 0.541941 0.708678 0.551550 0.714424 0.553722 0.716669 0.558124 0.718761 0.560764 0.721555 0.563668 0.723427 0.565643 0.726364 0.569417 0.729567 0.574745 0.738290 0.575635 0.743952 0.574258 0.748799 0.574932 0.750823 0.577573 0.753617 0.579793 0.758996 0.581600 0.761427 0.582255 0.766815 0.584896 0.769609 0.586553 0.775866 0.586468 0.779462 0.585157 0.784078 0.581674 0.786450 0.565997 0.793276 0.560809 0.793954 0.553898 0.796301 0.548410 0.796935 0.539823 0.796389 0.495771 0.789890 0.489571 0.787532 0.486200 0.785111 0.476929 0.780376 0.466685 0.773573 0.458416 0.769708 0.452600 0.763800 0.451336 0.756157 0.452638 0.749374 0.455719 0.746222 0.458163 0.742013 0.462143 0.738992 0.464064 0.736631 0.463783 0.725526 0.466012 0.717677 0.471453 0.706215 0.479648 0.692753 0.483488 0.688028 0.487122 0.681830
0 0.160229 0.582855 0.160575 0.586033 0.159395 0.590188 0.156913 0.593429 0.152765 0.595944 0.146752 0.598423 0.142098 0.599421 0.138370 0.599352 0.134269 0.597303 0.131994 0.594322 0.127686 0.590801 0.125644 0.588094 0.125101 0.585609 0.126048 0.581179 0.128135 0.579323 0.136855 0.579407 0.143981 0.580698 0.148036 0.579613 0.153992 0.579530 0.157522 0.580291
0 0.548115 0.099913 0.552067 0.098091 0.558491 0.098557 0.564128 0.101795 0.569438 0.106186 0.575225 0.113293 0.581041 0.119200 0.583663 0.125360 0.582417 0.129746 0.580459 0.131140 0.577303 0.132358 0.568950 0.132087 0.563556 0.131291 0.556327 0.129263 0.553292 0.127854 0.545033 0.126154 0.541165 0.124380 0.537251 0.119474 0.537298 0.114912 0.539836 0.109274
0 0.763156 0.421205 0.778768 0.414610 0.790811 0.413982 0.799034 0.414714 0.813352 0.417067 0.825676 0.419847 0.830911 0.422303 0.837775 0.424519 0.843815 0.428536 0.846456 0.431331 0.849593 0.433477 0.855577 0.439891 0.861355 0.444832 0.863799 0.448319 0.865391 0.454807 0.866767 0.465352 0.869370 0.474875 0.868864 0.481054 0.864743 0.490066 0.860314 0.496868 0.853449 0.502349 0.850892 0.503655 0.833717 0.502564 0.828689 0.501582 0.817760 0.498286 0.808293 0.494243 0.792138 0.490657 0.790069 0.489150 0.774739 0.483761 0.772070 0.482165 0.767659 0.477907 0.760860 0.475460 0.753921 0.471311 0.739921 0.465637 0.735782 0.462621 0.734976 0.461060 0.735923 0.456630 0.738301 0.452652 0.740025 0.450982 0.742993 0.444927 0.747067 0.440477 0.748585 0.437333 0.751301 0.434367 0.754175 0.429741 0.756198 0.428115 0.759673 0.423577
0 0.732575 0.863068 0.737398 0.870273 0.741911 0.882964 0.739644 0.889844 0.729361 0.905163 0.718742 0.911773 0.712758 0.913055 0.698879 0.912450 0.688971 0.914355 0.684345 0.914153 0.672658 0.912429 0.667357 0.910204 0.664679 0.906442 0.665625 0.902012 0.668828 0.896232 0.673492 0.889704 0.675664 0.884253 0.677978 0.880506 0.683476 0.874343 0.687390 0.871553 0.692503 0.868940 0.706260 0.864476 0.716973 0.864132 0.726881 0.862228 0.729410 0.862119
