0 0.824588 0.632396 0.831089 0.658682 0.825793 0.669102 0.813306 0.668784 0.808692 0.663638 0.810879 0.641582
0 0.276342 0.988102 0.283380 0.995935 0.285642 1.000000 0.280108 1.000000 0.260984 1.000000 0.255286 1.000000 0.267960 0.989996
0 0.456574 0.906719 0.464362 0.898718 0.473694 0.909112 0.493136 0.914101 0.496763 0.932028 0.485094 0.944042 0.461484 0.939997 0.456815 0.934797
0 0.085676 0.418593 0.092923 0.429441 0.091797 0.442069 0.084144 0.452993 0.073427 0.452173 0.068752 0.446967 0.067066 0.425635
0 0.858158 0.178948 0.874291 0.175557 0.889478 0.184493 0.884661 0.221922 0.874578 0.224053 0.856546 0.206602 0.853451 0.195110
0 0.974279 0.415806 0.990666 0.415311 0.994606 0.435812 0.991129 0.442669 0.980507 0.438870 0.973088 0.425217
0 0.924723 0.481547 0.928219 0.474668 0.957037 0.474516 0.965561 0.500182 0.958036 0.507944 0.939582 0.508912 0.928384 0.499110
0 0.920581 0.390788 0.930018 0.404010 0.929256 0.440817 0.920246 0.454995 0.901509 0.452943 0.894354 0.442264 0.892995 0.427275 0.912505 0.392528
0 0.824995 0.313685 0.841047 0.331601 0.847519 0.357669 0.844550 0.370514 0.836449 0.372252 0.814306 0.355626 0.814990 0.340219
0 0.930372 0.908409 0.939884 0.921748 0.940330 0.949571 0.933016 0.960559 0.916448 0.961244 0.908962 0.947425 0.909080 0.925667 0.916127 0.911652
0 0.892239 0.510054 0.910613 0.530557 0.923079 0.576894 0.926361 0.613017 0.906528 0.645067 0.880420 0.653924 0.867417 0.647567 0.857662 0.631254 0.848316 0.596403 0.848724 0.577872 0.880086 0.512705
0 0.766878 0.426963 0.778380 0.439795 0.780252 0.460837 0.773187 0.474630 0.758942 0.477716 0.749465 0.464432 0.756541 0.450639 0.756976 0.432161
0 0.763069 0.244568 0.762904 0.265924 0.753822 0.280039 0.735813 0.286908 0.726624 0.276655 0.724771 0.255706 0.729540 0.239464 0.747808 0.235611
0 0.074706 0.929691 0.087127 0.923768 0.104731 0.929265 0.118847 0.944972 0.122179 0.959954 0.112615 0.974693 0.085177 0.980863 0.074128 0.977047 0.069586 0.946572
0 0.808993 0.620439 0.810340 0.635539 0.803539 0.652447 0.791581 0.658173 0.782620 0.650903 0.781278 0.635787 0.790393 0.621456
0 0.714677 0.352483 0.720517 0.348180 0.735553 0.354139 0.737678 0.378147 0.734406 0.388027 0.723964 0.387206
0 0.688780 0.554427 0.693207 0.581177 0.685820 0.592038 0.671495 0.595174 0.664297 0.584417 0.665025 0.568849 0.676246 0.554081
0 0.703762 0.844866 0.720527 0.869049 0.721596 0.881240 0.710349 0.896220 0.698025 0.899008 0.686419 0.886075 0.684558 0.864726 0.689657 0.851146
0 0.585240 0.346401 0.605959 0.345056 0.617747 0.360922 0.624499 0.414663 0.612005 0.438834 0.605862 0.440155 0.585534 0.373923
0 0.589196 0.247684 0.595325 0.246394 0.595361 0.270824 0.613744 0.266945 0.620391 0.271651 0.621696 0.286652 0.614832 0.303389 0.594394 0.307719 0.582869 0.294864 0.578489 0.268271
0 0.600325 0.666397 0.605223 0.674601 0.603469 0.702851 0.597822 0.710294 0.579298 0.714393 0.571814 0.700552 0.573091 0.690976 0.590045 0.668661
0 0.655220 0.961682 0.660137 0.969924 0.659669 0.988758 0.656076 0.995823 0.643704 0.998647 0.639050 0.993460 0.639260 0.971554
0 0.556354 0.987293 0.566179 0.978806 0.592567 0.991556 0.596475 1.000000 0.586399 1.000000 0.557923 1.000000
0 0.487239 0.595287 0.497037 0.611708 0.496778 0.633429 0.483612 0.651799 0.464758 0.652836 0.457785 0.645065 0.456760 0.632896 0.469429 0.608454
0 0.552320 0.106333 0.540178 0.095703 0.516171 0.090805 0.514243 0.107637 0.522532 0.125652 0.528331 0.127739 0.544609 0.121076
0 0.102447 0.202209 0.126968 0.190988 0.167831 0.225529 0.145775 0.267032 0.139524 0.268337 0.101085 0.211715
0 0.086723 0.297859 0.091626 0.306086 0.090341 0.343396 0.076906 0.361670 0.057826 0.362597 0.054530 0.347833 0.059130 0.325240
0 0.140039 0.407072 0.148392 0.405302 0.157717 0.415691 0.161270 0.433493 0.157583 0.440466 0.147142 0.442688 0.138054 0.435335 0.134505 0.417524
0 0.419857 0.369282 0.421605 0.415055 0.368743 0.512764 0.339724 0.519017 0.322373 0.513476 0.304012 0.495775 0.291130 0.467625 0.283738 0.429052 0.285647 0.400876 0.332255 0.403298 0.377265 0.387563 0.404910 0.366307
0 0.070660 0.552116 0.079056 0.550311 0.082201 0.590075 0.097219 0.617965 0.128292 0.633029 0.146144 0.669651 0.147858 0.691105 0.141427 0.717477 0.112366 0.755101 0.089231 0.760187 0.066724 0.746356 0.043663 0.698244 0.039991 0.624122 0.048102 0.591206
0 0.711644 0.130693 0.721605 0.149875 0.717451 0.196346 0.686976 0.202742 0.677528 0.189502 0.680210 0.149398 0.693114 0.131515
0 0.791023 0.815940 0.799582 0.841911 0.776926 0.868741 0.766422 0.868009 0.761520 0.859801 0.762392 0.822374 0.770039 0.814455
0 0.793888 0.660746 0.795234 0.675870 0.785416 0.705827 0.769621 0.715514 0.758604 0.708692 0.754418 0.684909 0.761248 0.667963 0.768877 0.660106 0.787235 0.656050
0 0.684508 0.936322 0.693724 0.921772 0.703999 0.919442 0.735693 0.946495 0.716760 0.969502 0.697989 0.970661 0.686371 0.957716
0 0.475073 0.700191 0.478170 0.711923 0.487214 0.719240 0.489019 0.740581 0.475825 0.759044 0.450204 0.755394 0.442962 0.744558 0.441425 0.726247 0.450755 0.711761
0 0.283832 0.097375 0.283501 0.118836 0.246032 0.123494 0.241993 0.099858 0.249529 0.089142 0.264001 0.086173
1 0.769078 0.156837 1.000000 0.422524 0.987759 0.478434 0.920700 0.539355
1 0.850461 0.505552 0.656194 0.876779 0.721102 0.927672 0.763530 0.952240
0 0.862178 0.087234 0.865807 0.104631 0.862854 0.117354 0.831664 0.135985 0.819963 0.120247 0.817823 0.096461 0.824555 0.079929 0.838670 0.076998
0 0.938426 0.159051 0.952662 0.180282 0.954026 0.195143 0.942783 0.206609 0.930716 0.209158 0.919566 0.199381 0.915654 0.178985 0.924354 0.162007
0 0.977853 0.054124 0.986047 0.076549 0.985686 0.094734 0.972749 0.109517 0.954423 0.110326 0.947585 0.102689 0.944865 0.073053 0.953805 0.059121
0 0.181761 0.503433 0.195632 0.491165 0.231457 0.514457 0.230857 0.533179 0.210497 0.543764 0.190973 0.538663 0.181637 0.528263
0 0.305360 0.563587 0.326321 0.586940 0.332487 0.610409 0.319444 0.631869 0.300720 0.635951 0.284397 0.617767 0.282150 0.590320 0.291055 0.569782
0 0.429795 0.940897 0.441453 0.978959 0.433105 1.000000 0.421382 1.000000 0.408880 1.000000 0.383900 1.000000 0.383435 0.970162 0.398319 0.944871 0.418880 0.937101
0 0.379755 0.848976 0.384936 0.860311 0.384635 0.882250 0.377323 0.896397 0.358569 0.900607 0.351553 0.892794 0.353188 0.861159 0.364674 0.846097
0 0.271507 0.876284 0.318234 0.875228 0.323166 0.883510 0.325943 0.917324 0.270576 0.917220
