0 0.157558 0.911480 0.158807 0.913408 0.158039 0.917689 0.154637 0.922415 0.149352 0.925190 0.145595 0.924789 0.142615 0.923607 0.141241 0.920597 0.142375 0.916061 0.143615 0.914488 0.146487 0.912705 0.151898 0.911011 0.155751 0.910877
0 0.174307 0.734652 0.174365 0.737885 0.172616 0.740515 0.164236 0.744527 0.157078 0.748853 0.153330 0.751951 0.146459 0.754670 0.142798 0.753734 0.141280 0.751527 0.141712 0.749119 0.143989 0.743545 0.148707 0.738596 0.152945 0.736323 0.162766 0.733169 0.170790 0.732913 0.173230 0.733538
0 0.187037 0.690410 0.191698 0.691112 0.196493 0.696396 0.200366 0.703264 0.202874 0.710621 0.207094 0.719116 0.206556 0.727442 0.204663 0.730875 0.200915 0.733975 0.196822 0.735446 0.192651 0.735568 0.190038 0.734130 0.186761 0.731053 0.184137 0.726114 0.181946 0.718768 0.181272 0.704745 0.182905 0.695648 0.184798 0.692215
0 0.249640 0.626117 0.251456 0.630219 0.249698 0.638235 0.245798 0.647519 0.231970 0.665879 0.218681 0.675909 0.209033 0.679877 0.196011 0.681304 0.190669 0.680846 0.184864 0.681180 0.172689 0.679674 0.166414 0.677299 0.166798 0.675158 0.169863 0.672305 0.186623 0.664281 0.195068 0.658117 0.200671 0.655353 0.208243 0.650505 0.210242 0.650037 0.212529 0.647964 0.222100 0.642646 0.230546 0.636483 0.232228 0.636004 0.246056 0.626529
0 0.263944 0.377591 0.267086 0.376085 0.274967 0.376632 0.281241 0.379008 0.289429 0.384950 0.292024 0.388272 0.296599 0.401894 0.295734 0.406710 0.292640 0.407947 0.287566 0.407768 0.283905 0.406831 0.277284 0.402829 0.272295 0.398615 0.267597 0.392795 0.264924 0.388125 0.262811 0.382128
0 0.304067 0.264316 0.305874 0.264918 0.307392 0.267125 0.307633 0.274671 0.309997 0.282832 0.314101 0.293744 0.324164 0.315907 0.323318 0.318838 0.321493 0.320120 0.316323 0.320476 0.310327 0.321880 0.304935 0.321690 0.296661 0.319783 0.285004 0.311835 0.279718 0.305725 0.276652 0.299695 0.275317 0.292916 0.276470 0.286496 0.279189 0.282015 0.284272 0.276810
0 0.367592 0.198441 0.369467 0.196891 0.372368 0.196724 0.379835 0.197795 0.390022 0.203269 0.392463 0.203893 0.395739 0.206970 0.400065 0.209545 0.404686 0.214016 0.406282 0.217572 0.405609 0.221317 0.402419 0.223090 0.386939 0.225775 0.378251 0.224392 0.376588 0.222987 0.372438 0.221226 0.366325 0.216164 0.364143 0.212319 0.363865 0.208539 0.364633 0.204259 0.365892 0.200803
0 0.382493 0.119006 0.381253 0.120578 0.375315 0.125214 0.370184 0.130688 0.364581 0.133452 0.357681 0.134555 0.348120 0.134487 0.344487 0.135167 0.337194 0.134910 0.331947 0.133917 0.325086 0.131252 0.321424 0.130316 0.318157 0.130739 0.316081 0.129858 0.313832 0.128164 0.311065 0.124027 0.312102 0.120026 0.317646 0.114029 0.325410 0.108110 0.332839 0.104065 0.340181 0.104054 0.349396 0.102494 0.363522 0.103800 0.369481 0.106163 0.373190 0.106832 0.381993 0.114681
0 0.401946 0.671867 0.405405 0.670373 0.409307 0.669972 0.416043 0.671557 0.442949 0.672774 0.447419 0.674546 0.449109 0.677567 0.449244 0.682148 0.447986 0.685604 0.446113 0.696038 0.443259 0.704821 0.439127 0.710061 0.434477 0.712858 0.429307 0.713214 0.421762 0.710795 0.412076 0.709646 0.407224 0.710013 0.398440 0.709166 0.392530 0.706535 0.390887 0.703245 0.392376 0.694952 0.396872 0.680572
0 0.423967 0.609645 0.426629 0.610815 0.429916 0.617392 0.429022 0.620591 0.419923 0.628617 0.416876 0.629587 0.413119 0.629185 0.408525 0.626331 0.406959 0.624391 0.406949 0.620891 0.408669 0.616644 0.413022 0.611951 0.419797 0.609767
0 0.456382 0.478868 0.462091 0.479069 0.469683 0.481221 0.490863 0.484121 0.506603 0.487098 0.509265 0.488270 0.511984 0.492673 0.514234 0.503251 0.517752 0.513875 0.520280 0.528233 0.532477 0.572276 0.529997 0.575420 0.514940 0.572197 0.507079 0.569766 0.500919 0.564973 0.491778 0.532344 0.488174 0.525756 0.484090 0.521843 0.483350 0.518855 0.482542 0.518019 0.479150 0.517361 0.467810 0.509423 0.465369 0.508799 0.458700 0.505064 0.456221 0.499323 0.455460 0.489335 0.454249 0.483638 0.455143 0.480439
0 0.410709 0.491527 0.414658 0.490859 0.417272 0.492297 0.421847 0.497035 0.424883 0.501449 0.431850 0.507080 0.439731 0.516510 0.439328 0.520535 0.435677 0.523099 0.431333 0.522407 0.419907 0.518504 0.417975 0.516821 0.414025 0.508605 0.411123 0.499887 0.409114 0.496855 0.409200 0.492820
0 0.438738 0.449170 0.440380 0.452459 0.439997 0.463483 0.441247 0.474296 0.440383 0.479112 0.436270 0.482466 0.433954 0.482923 0.415513 0.482543 0.405567 0.484616 0.401031 0.484995 0.395785 0.484002 0.393218 0.482296 0.392191 0.480913 0.391816 0.477670 0.395322 0.467025 0.396628 0.454417 0.398550 0.452601 0.401789 0.450561 0.411638 0.449022 0.421518 0.449101 0.434855 0.447687
0 0.441581 0.262699 0.453150 0.256914 0.459195 0.255243 0.464173 0.255957 0.474455 0.260896 0.479125 0.265098 0.484710 0.273103 0.486632 0.280170 0.487142 0.287996 0.491150 0.299444 0.490429 0.303458 0.489650 0.304238 0.482271 0.308016 0.478907 0.308974 0.473468 0.309052 0.468048 0.307246 0.463340 0.306811 0.448791 0.302529 0.440901 0.298481 0.431050 0.291135 0.427206 0.285884 0.426783 0.282908 0.427456 0.279162 0.429588 0.274391 0.433260 0.269944
0 0.534907 0.229911 0.537205 0.231338 0.538088 0.233523 0.537849 0.243745 0.536552 0.250968 0.531162 0.268548 0.529365 0.271446 0.527540 0.272728 0.523513 0.272047 0.520044 0.270041 0.517843 0.268079 0.514585 0.263117 0.513441 0.255270 0.513556 0.243966 0.514517 0.238616 0.515631 0.235963 0.517504 0.234414 0.527739 0.230735
0 0.528367 0.289449 0.543867 0.293763 0.547336 0.295770 0.549220 0.297721 0.549643 0.300697 0.546434 0.313238 0.540842 0.328387 0.533655 0.339979 0.529014 0.346277 0.525487 0.349922 0.523229 0.353612 0.520991 0.355417 0.519242 0.358048 0.514764 0.361659 0.512083 0.362372 0.507009 0.362193 0.499927 0.358983 0.491748 0.356541 0.489231 0.354568 0.479582 0.349650 0.476305 0.346573 0.473105 0.344845 0.471270 0.342627 0.467166 0.340598 0.463841 0.337789 0.460631 0.332560 0.459939 0.329305 0.460678 0.323409 0.464272 0.317613 0.466098 0.316330 0.478157 0.311371 0.493158 0.302477 0.503267 0.297717 0.506189 0.295666 0.511185 0.294496 0.513693 0.292970 0.516326 0.292524 0.523879 0.289560
0 0.610634 0.444458 0.611028 0.445818 0.616775 0.451135 0.621148 0.462328 0.621581 0.468804 0.620860 0.472816 0.618728 0.477588 0.604487 0.487585 0.603612 0.488901 0.598500 0.492490 0.594185 0.493415 0.588439 0.496982 0.584346 0.498453 0.578397 0.499589 0.573592 0.499689 0.561157 0.492521 0.550095 0.479477 0.548741 0.474584 0.549048 0.471094 0.552622 0.467182 0.564682 0.462223 0.570015 0.459180 0.577933 0.455958 0.582248 0.455033 0.596038 0.449328 0.604350 0.447467
0 0.586184 0.553977 0.587193 0.557243 0.587203 0.569628 0.584936 0.578702 0.583409 0.581879 0.581852 0.583439 0.574981 0.586158 0.569177 0.586492 0.564862 0.587417 0.550717 0.587995 0.541885 0.587415 0.537321 0.586177 0.534486 0.584193 0.534159 0.580682 0.535023 0.575867 0.551917 0.563539 0.561804 0.558234 0.577545 0.552327 0.580495 0.551892 0.584570 0.552305
0 0.530429 0.720546 0.533840 0.719320 0.537915 0.719733 0.541499 0.719321 0.546746 0.720313 0.550532 0.722331 0.551791 0.727761 0.552119 0.740156 0.550505 0.747368 0.547978 0.750779 0.545931 0.751515 0.540809 0.751603 0.536292 0.750098 0.532526 0.746197 0.530873 0.739407 0.526691 0.736029 0.524251 0.735405 0.521733 0.733432 0.520358 0.730422 0.521982 0.726710 0.526143 0.723087
0 0.494716 0.814593 0.496378 0.815998 0.495802 0.819208 0.483350 0.849461 0.479526 0.860095 0.478055 0.866504 0.475970 0.871007 0.472569 0.875733 0.463343 0.882678 0.459405 0.886846 0.449862 0.893780 0.448594 0.893735 0.445980 0.892296 0.444163 0.888194 0.440002 0.882932 0.440185 0.878362 0.452590 0.866145 0.461266 0.855143 0.464908 0.849080 0.472393 0.830498 0.475016 0.826553 0.477717 0.823955 0.490035 0.815774 0.493130 0.814537
0 0.544633 0.915156 0.549073 0.915313 0.552686 0.916517 0.567025 0.923752 0.572012 0.927966 0.574145 0.932080 0.573704 0.939872 0.571869 0.946537 0.569736 0.951309 0.565844 0.955210 0.551037 0.963034 0.543743 0.962777 0.532797 0.956199 0.525349 0.953245 0.522611 0.950725 0.522216 0.949366 0.522715 0.944806 0.524388 0.940826 0.529999 0.932679 0.537840 0.919224 0.541953 0.915870
0 0.567961 0.831443 0.569575 0.833115 0.570316 0.836102 0.568788 0.848163 0.569461 0.853302 0.570490 0.854684 0.571652 0.860648 0.571297 0.864405 0.569184 0.867292 0.564408 0.869008 0.546159 0.867558 0.537184 0.867780 0.535693 0.867189 0.533637 0.864425 0.533580 0.861191 0.530869 0.851404 0.533223 0.847180 0.549252 0.839667 0.555507 0.835042 0.560110 0.832512 0.564156 0.831308
0 0.577825 0.739177 0.580583 0.739813 0.594066 0.746480 0.600167 0.748041 0.605568 0.751731 0.606116 0.755789 0.604464 0.766769 0.605935 0.778127 0.605118 0.782676 0.603149 0.784760 0.599593 0.786789 0.591963 0.788404 0.585524 0.788716 0.578529 0.790354 0.571658 0.793073 0.564172 0.793886 0.560310 0.790520 0.555158 0.780108 0.545836 0.769818 0.544875 0.766285 0.546374 0.761492 0.554109 0.753956 0.562459 0.748328 0.568321 0.742342 0.573971 0.739310
0 0.721587 0.673324 0.717721 0.667358 0.708834 0.663713 0.706705 0.666413 0.705533 0.671092 0.707555 0.674496 0.711333 0.675460 0.715909 0.675621
0 0.670990 0.570426 0.675208 0.570036 0.685251 0.576313 0.687356 0.578810 0.688461 0.581542 0.686155 0.585499 0.681965 0.587505 0.678967 0.588207 0.674528 0.588050 0.671817 0.587147 0.669098 0.582744 0.668108 0.577593 0.668655 0.572767
0 0.693590 0.540531 0.697271 0.539584 0.703229 0.541947 0.713914 0.542862 0.725447 0.549731 0.728742 0.550924 0.732115 0.553465 0.733807 0.556486 0.733308 0.561045 0.730589 0.565527 0.724890 0.568826 0.707853 0.573071 0.704047 0.572937 0.701117 0.571488 0.695120 0.564008 0.691092 0.554443 0.690026 0.547944 0.691063 0.543942
0 0.769658 0.520327 0.768621 0.524329 0.767160 0.525354 0.756514 0.529556 0.753275 0.531596 0.747817 0.533558 0.744944 0.535341 0.730058 0.541816 0.722697 0.543710 0.719133 0.542239 0.716048 0.538092 0.717749 0.535729 0.720621 0.533946 0.724715 0.532475 0.733114 0.526578 0.736938 0.524828 0.745971 0.518955 0.758905 0.512679 0.762249 0.513604
0 0.715958 0.471052 0.715439 0.477495 0.711595 0.481129 0.704282 0.482756 0.686275 0.488852 0.679692 0.489966 0.668920 0.493086 0.665403 0.491347 0.666267 0.486532 0.669495 0.480992 0.672099 0.478930 0.678557 0.476734 0.681747 0.474962 0.689473 0.472811 0.702542 0.471118 0.711902 0.468756 0.714391 0.469112
0 0.669655 0.416115 0.671432 0.415101 0.674700 0.414677 0.679678 0.415391 0.685520 0.420173 0.691065 0.423061 0.699253 0.429004 0.706826 0.433039 0.711611 0.434823 0.715302 0.437376 0.716724 0.440118 0.718387 0.450408 0.717571 0.454956 0.715284 0.457029 0.712747 0.456939 0.709133 0.455735 0.701619 0.454932 0.695881 0.453115 0.692682 0.451387 0.687789 0.446638 0.675642 0.428979 0.669722 0.422847 0.667714 0.419815 0.667637 0.418467
0 0.626198 0.201359 0.633616 0.202697 0.639699 0.206143 0.645427 0.213344 0.647686 0.218539 0.648253 0.229597 0.651617 0.237523 0.653645 0.247556 0.654779 0.260788 0.655107 0.282068 0.654435 0.285813 0.654224 0.297652 0.653187 0.301653 0.652313 0.311853 0.650248 0.323357 0.645809 0.340970 0.645482 0.346342 0.646271 0.357947 0.645071 0.373519 0.642553 0.380430 0.637989 0.388076 0.635750 0.389882 0.634002 0.392514 0.629427 0.396660 0.623095 0.399936 0.619414 0.400883 0.614024 0.400693 0.608191 0.399411 0.599176 0.394517 0.596121 0.391987 0.592508 0.390782 0.584195 0.383758 0.575488 0.375375 0.570250 0.368998 0.565685 0.358877 0.564763 0.351574 0.569248 0.333695 0.573409 0.321189 0.575935 0.308893 0.577242 0.296285 0.577712 0.281225 0.577183 0.275284 0.577768 0.257805 0.576451 0.240260 0.577593 0.230338 0.582619 0.221901 0.589749 0.215959 0.602145 0.209127 0.605460 0.208436 0.612571 0.204380
0 0.745184 0.203398 0.747740 0.201603 0.753323 0.200723 0.758301 0.201437 0.764942 0.203555 0.773004 0.208416 0.780769 0.211382 0.781855 0.215997 0.779029 0.217513 0.755169 0.215326 0.752238 0.213877 0.744733 0.207689
0 0.731823 0.135621 0.728930 0.139288 0.722011 0.142276 0.714208 0.143078 0.693230 0.133723 0.693633 0.129699 0.697189 0.127671 0.703310 0.127348 0.719166 0.127907 0.723779 0.128877 0.728199 0.130917 0.731793 0.134005
0 0.872791 0.255056 0.875659 0.236239 0.873280 0.221105 0.868443 0.205457 0.863931 0.193687 0.858174 0.183165 0.851559 0.171754 0.843195 0.161568 0.835104 0.152683 0.833384 0.150903 0.832296 0.151295
0 0.879375 0.283667 0.833910 0.156510 0.826526 0.163562 0.821033 0.177126 0.816245 0.192438 0.816598 0.207500 0.817872 0.217433 0.822584 0.230928 0.827100 0.242699 0.836016 0.255480 0.843598 0.264350 0.853438 0.272005 0.867451 0.281957
0 0.925579 0.263328 0.931143 0.264332 0.932219 0.265448 0.931624 0.270542 0.928501 0.279046 0.923918 0.288577 0.922785 0.293114 0.920988 0.296012 0.908113 0.332172 0.906739 0.338048 0.904481 0.341737 0.903068 0.342495 0.900992 0.341614 0.899965 0.340232 0.899561 0.335372 0.897667 0.329920 0.894620 0.313121 0.896099 0.292443 0.897664 0.285499 0.900787 0.276993 0.903141 0.272769 0.909367 0.266527 0.914605 0.264019 0.920188 0.263138
0 0.899561 0.344256 0.897909 0.346351 0.896130 0.347365 0.891498 0.348279 0.884945 0.351010 0.860594 0.356882 0.848458 0.360493 0.841540 0.363480 0.825962 0.366701 0.805638 0.373253 0.800738 0.373888 0.797912 0.375404 0.788774 0.378312 0.782825 0.379450 0.776637 0.381924 0.758504 0.386938 0.751172 0.390449 0.741956 0.392009 0.737930 0.391328 0.738650 0.387316 0.746280 0.376815 0.750633 0.372123 0.762384 0.361769 0.775799 0.352818 0.784846 0.346864 0.804300 0.339822 0.814708 0.336959 0.830554 0.334017 0.844843 0.332636 0.852771 0.332916 0.857701 0.333897 0.866311 0.333931 0.888202 0.338202 0.892449 0.339429 0.897139 0.341747
0 0.763918 0.447435 0.767771 0.447302 0.770702 0.448751 0.773508 0.449119 0.792506 0.457057 0.794390 0.459008 0.801281 0.463289 0.805749 0.465063 0.809612 0.468429 0.816772 0.472989 0.820616 0.478239 0.823355 0.480758 0.828939 0.488763 0.835292 0.501372 0.840135 0.515272 0.843788 0.530477 0.843385 0.534502 0.844308 0.541803 0.842799 0.543096 0.840483 0.543553 0.833727 0.534969 0.828835 0.530219 0.820830 0.519708 0.817447 0.513665 0.810037 0.506943 0.806040 0.498995 0.798899 0.492551 0.798015 0.490366 0.782350 0.470968 0.776334 0.465372 0.770338 0.457891 0.764004 0.452284 0.762582 0.449542 0.762822 0.448204
0 0.333888 0.635009 0.347438 0.639525 0.357451 0.644185 0.367599 0.653427 0.373280 0.660896 0.378633 0.673738 0.380027 0.683748 0.379950 0.691284 0.377693 0.703858 0.374474 0.712898 0.371197 0.718705 0.368766 0.721581 0.367190 0.725026 0.357101 0.736784 0.353863 0.738825 0.348924 0.743227 0.341717 0.747819 0.335989 0.749502 0.330368 0.754151 0.327149 0.754306 0.323593 0.756335 0.319471 0.756190 0.312697 0.758374 0.300723 0.759298 0.290844 0.759219 0.279082 0.757189 0.270366 0.754190 0.260180 0.748715 0.252280 0.741169 0.248667 0.739964 0.247167 0.735874 0.243669 0.732249 0.238498 0.723722 0.235942 0.716632 0.234106 0.705529 0.235595 0.697235 0.241399 0.688018 0.251152 0.678130 0.257033 0.670261 0.262154 0.661288 0.263509 0.657297 0.266132 0.653352 0.270072 0.649183 0.272627 0.647388 0.286657 0.640344 0.302109 0.636043 0.308057 0.634907 0.314496 0.634595
0 0.863285 0.855577 0.855168 0.900790 0.853899 0.900745 0.849883 0.903565 0.846568 0.904256 0.844377 0.905794 0.843089 0.907634 0.834517 0.912716 0.827897 0.917598 0.827022 0.918913 0.815165 0.926303 0.812734 0.929179 0.807939 0.932779 0.803528 0.934239 0.797080 0.939935 0.788633 0.946098 0.783300 0.949141 0.775536 0.955059 0.771664 0.957077 0.765312 0.962238 0.759979 0.965280 0.753800 0.971254 0.749755 0.972459 0.747958 0.975357 0.739799 0.979915 0.736321 0.983292 0.727970 0.988922 0.727096 0.990237 0.723242 0.990370 0.722636 0.983079 0.724097 0.973170 0.726556 0.963026 0.730650 0.952670 0.738240 0.937054 0.744822 0.927055 0.756852 0.911595 0.759870 0.909009 0.763588 0.904295 0.779232 0.890038 0.788505 0.882826 0.795346 0.878491 0.804408 0.874234 0.807378 0.871915 0.822724 0.864648 0.829720 0.863010 0.837955 0.859800 0.851264 0.856770 0.860431 0.855476
0 0.713937 0.759587 0.717876 0.755419 0.727303 0.750905 0.729907 0.748842 0.736922 0.745321 0.748204 0.741142 0.768681 0.737287 0.772343 0.738223 0.815740 0.740021 0.818036 0.741448 0.823572 0.740836 0.825061 0.741427 0.828598 0.741282 0.833162 0.742520 0.838236 0.742699 0.847807 0.746266 0.851344 0.746122 0.857090 0.751439 0.860310 0.751283 0.861656 0.752677 0.863558 0.752744 0.869651 0.759690 0.871026 0.762699 0.872611 0.762755 0.874850 0.760950 0.876022 0.761529 0.875032 0.765263 0.877627 0.768585 0.878896 0.768630 0.876206 0.783612 0.871766 0.783455 0.864761 0.781593 0.854440 0.780422 0.847416 0.780444 0.841871 0.777556 0.834308 0.777021 0.822228 0.774980 0.814618 0.774712 0.805931 0.773329 0.800462 0.771790 0.789825 0.770608 0.780330 0.768388 0.767156 0.767116 0.757930 0.765175 0.752174 0.765242 0.744169 0.763614 0.737049 0.764171 0.734434 0.762732 0.731359 0.762086 0.716233 0.761014 0.714426 0.760412
0 0.892345 0.693722 0.880481 0.759802 0.874917 0.758798 0.867190 0.752064 0.857859 0.747159 0.845703 0.743769 0.840408 0.743044 0.838332 0.742163 0.834479 0.742297 0.825666 0.739833 0.821669 0.740769 0.819372 0.739342 0.808446 0.739764 0.802440 0.737668 0.795953 0.738248 0.793513 0.737623 0.785537 0.737611 0.782461 0.736965 0.777877 0.737611 0.772583 0.736886 0.771189 0.735760 0.773275 0.731256 0.783720 0.724624 0.797202 0.713522 0.807675 0.708507 0.811740 0.705420 0.835178 0.695746 0.839493 0.694821 0.843662 0.694699 0.847170 0.692938 0.851072 0.692537 0.854800 0.691322 0.863237 0.690543 0.880092 0.690867
0 0.444086 0.538472 0.452129 0.536331 0.460912 0.537180 0.468724 0.539878 0.472511 0.541896 0.475519 0.544694 0.477911 0.545586 0.479969 0.548350 0.484341 0.550658 0.489675 0.556500 0.493134 0.563891 0.498708 0.568394 0.499179 0.571103 0.501505 0.574147 0.501851 0.575775 0.511951 0.585284 0.533421 0.613232 0.534747 0.616509 0.543906 0.629486 0.553776 0.652717 0.569691 0.674277 0.574986 0.683887 0.576688 0.690407 0.576918 0.694455 0.575958 0.699805 0.573585 0.705913 0.568914 0.710595 0.560536 0.714607 0.554126 0.716535 0.551301 0.718051 0.541105 0.717961 0.539106 0.718429 0.531544 0.717893 0.527440 0.715864 0.520338 0.714537 0.513746 0.712151 0.503262 0.704781 0.499177 0.700869 0.496918 0.695674 0.493373 0.692319 0.492286 0.687703 0.489816 0.685462 0.488317 0.681371 0.479187 0.670011 0.477861 0.666734 0.472815 0.659288 0.471153 0.657883 0.467597 0.651027 0.454009 0.632510 0.452077 0.630827 0.443158 0.616513 0.437728 0.611206 0.434028 0.605154 0.433240 0.602433 0.428098 0.595521 0.421063 0.583158 0.419160 0.574207 0.420764 0.563495 0.421927 0.560574 0.430431 0.548759 0.437926 0.542562
1 0.178946 0.849235 0.179753 0.850072 0.181454 0.856593 0.181810 0.861720 0.184895 0.874752 0.186385 0.884228 0.186010 0.889868 0.185213 0.892532 0.180043 0.901773 0.177565 0.904916 0.170502 0.917590 0.160105 0.932838 0.155724 0.935915 0.145807 0.939603 0.115806 0.948507 0.111981 0.950258 0.107033 0.951160 0.103160 0.953177 0.086074 0.957690 0.082567 0.959451 0.075302 0.960811 0.068019 0.964054 0.065385 0.964500 0.058831 0.967231 0.053883 0.968133 0.053124 0.967030 0.054210 0.962759 0.057101 0.959092 0.061166 0.956005 0.063280 0.953118 0.067614 0.950310 0.072602 0.945639 0.079433 0.937803 0.081989 0.936009 0.087534 0.930012 0.091867 0.927203 0.095634 0.922221 0.109673 0.909792 0.110595 0.908210 0.115582 0.903540 0.125125 0.896606 0.132273 0.888782 0.134532 0.885093 0.150541 0.870580 0.153750 0.866924 0.168375 0.854786 0.171536 0.851398 0.175553 0.848577
0 0.953417 0.230926 0.958471 0.232989 0.968956 0.240358 0.971627 0.245028 0.972896 0.245073 0.968669 0.268617 0.967084 0.268561 0.964018 0.271414 0.961203 0.276430 0.959060 0.277700 0.958109 0.277667 0.955591 0.275693 0.952679 0.272360 0.941714 0.267667 0.939561 0.265436 0.937428 0.261323 0.935428 0.252907 0.934429 0.244256 0.935245 0.239709 0.936754 0.238416 0.942433 0.237001 0.949765 0.233490
0 0.616428 0.431739 0.619474 0.430769 0.626624 0.431829 0.646179 0.429557 0.654790 0.429591 0.658499 0.430260 0.662651 0.432021 0.666773 0.432167 0.669799 0.433081 0.675422 0.437317 0.678334 0.440650 0.680449 0.446648 0.680122 0.452021 0.674664 0.462867 0.667592 0.472040 0.660923 0.477190 0.653418 0.479887 0.647028 0.479931 0.638821 0.475873 0.636130 0.473085 0.632978 0.471090 0.626520 0.464401 0.623589 0.462952 0.617285 0.450076 0.615449 0.447858 0.613585 0.444023 0.613103 0.437814 0.613584 0.435138
0 0.417875 0.115676 0.422660 0.108575 0.438074 0.099158 0.441168 0.097921 0.447856 0.099771 0.451393 0.099627 0.454496 0.101890 0.457706 0.107118 0.463261 0.113506 0.464347 0.118121 0.463243 0.124274 0.461907 0.126381 0.459447 0.127640 0.448646 0.129144 0.444840 0.129010 0.436202 0.127359 0.429225 0.127114 0.420269 0.125452 0.417702 0.123746 0.416819 0.121561
0 0.723666 0.166833 0.725405 0.169586 0.726203 0.175807 0.722658 0.190220 0.719958 0.192817 0.708388 0.198601 0.705727 0.197431 0.701508 0.197821 0.698625 0.196104 0.694772 0.196237 0.689495 0.193629 0.688169 0.190351 0.689879 0.182604 0.694444 0.174957 0.695846 0.170698 0.698643 0.167567 0.704071 0.163989 0.710289 0.163131 0.717217 0.163644
0 0.747993 0.257072 0.755383 0.256794 0.764243 0.258990 0.768452 0.263985 0.768683 0.268031 0.767915 0.272312 0.765464 0.277072 0.760794 0.281753 0.756825 0.284305 0.753415 0.285531 0.746485 0.285018 0.743747 0.282499 0.739643 0.280470 0.736790 0.280369 0.733099 0.277816 0.732119 0.276166 0.733176 0.270280 0.737941 0.265064 0.739834 0.261631 0.743217 0.258789
0 0.695962 0.342467 0.698066 0.344964 0.697855 0.347918 0.699364 0.355509 0.697769 0.360838 0.691207 0.368952 0.689380 0.370234 0.683240 0.372441 0.680684 0.374235 0.676783 0.374636 0.673026 0.374234 0.670095 0.372785 0.666606 0.372662 0.662570 0.368482 0.660715 0.368147 0.660417 0.366252 0.662492 0.358249 0.665452 0.352430 0.672111 0.343781 0.675983 0.341764 0.683834 0.340693 0.689860 0.340905
0 0.332485 0.143359 0.346247 0.144921 0.348861 0.146359 0.352435 0.151331 0.352167 0.159936 0.352917 0.166424 0.351880 0.170426 0.348689 0.172198 0.343278 0.173892 0.336850 0.177704 0.333093 0.177303 0.326981 0.172241 0.321609 0.170167 0.319408 0.168205 0.317717 0.165184 0.317947 0.160347 0.322357 0.150002 0.325154 0.146870 0.328805 0.144306
0 0.244466 0.224794 0.251145 0.223144 0.258659 0.223947 0.267279 0.227482 0.270365 0.231629 0.271826 0.239487 0.272258 0.245965 0.270586 0.249944 0.265176 0.251638 0.259478 0.254937 0.253578 0.255806 0.248821 0.255638 0.244083 0.253587 0.242738 0.252193 0.239249 0.252070 0.236271 0.250889 0.233743 0.245415 0.234963 0.236843 0.240306 0.228416
0 0.240685 0.320503 0.243914 0.323848 0.246269 0.328508 0.246279 0.332008 0.248729 0.336133 0.248230 0.340691 0.246943 0.342531 0.239957 0.347670 0.232134 0.350355 0.224648 0.351168 0.221593 0.348638 0.218787 0.348270 0.214510 0.345427 0.209936 0.340688 0.209004 0.338771 0.208993 0.335271 0.211069 0.327268 0.215422 0.322575 0.220072 0.319777 0.229778 0.319042
0 0.130443 0.148894 0.134883 0.149050 0.143840 0.150712 0.146770 0.152161 0.149413 0.155216 0.151451 0.159865 0.152528 0.169863 0.152192 0.171737 0.149665 0.175147 0.145129 0.175526 0.132626 0.179393 0.128869 0.178991 0.125592 0.175915 0.122151 0.175524 0.118904 0.174064 0.116626 0.170753 0.116376 0.168589 0.117471 0.158937 0.119239 0.154422 0.123986 0.151089
1 0.367600 0.497008 0.365957 0.502604 0.361394 0.510251 0.358693 0.512848 0.348883 0.528386 0.334422 0.546722 0.330587 0.553857 0.317346 0.572505 0.310514 0.580340 0.306411 0.587196 0.303077 0.589771 0.299540 0.589915 0.293083 0.583227 0.292688 0.581866 0.289949 0.579346 0.287374 0.574141 0.280819 0.567987 0.274400 0.557530 0.271613 0.555278 0.266106 0.548624 0.262503 0.542035 0.255602 0.534254 0.251460 0.527107 0.241994 0.517621 0.239591 0.513229 0.239120 0.510519 0.234229 0.505770 0.235901 0.501791 0.238361 0.500532 0.248653 0.500087 0.251968 0.499396 0.259578 0.499664 0.278230 0.497091 0.290646 0.497259 0.304984 0.495609 0.316448 0.495744 0.323127 0.494095 0.330055 0.494608 0.345296 0.493261 0.360835 0.493808 0.363545 0.494711 0.367081 0.494567
1 0.378437 0.438431 0.375651 0.453947 0.373085 0.461126 0.372115 0.471861 0.369041 0.488983 0.367292 0.491613 0.363804 0.491490 0.357211 0.489104 0.352541 0.484902 0.349197 0.483976 0.340279 0.478546 0.336079 0.477052 0.322808 0.467431 0.315043 0.464466 0.313698 0.463071 0.313832 0.458769 0.316754 0.456718 0.325623 0.453531 0.327449 0.452249 0.335540 0.449842 0.345284 0.445339 0.353010 0.443188 0.355883 0.441405 0.363119 0.438429 0.373382 0.436368 0.376822 0.436758
1 0.000000 0.816358 0.000195 0.819246 0.003693 0.822869 0.009584 0.827385 0.021260 0.833449 0.032408 0.842457 0.035876 0.844464 0.038299 0.846973 0.042402 0.849001 0.055213 0.859413 0.068849 0.868779 0.071856 0.871577 0.072155 0.873472 0.070627 0.876648 0.066389 0.878922 0.063391 0.879625 0.060105 0.881932 0.048016 0.885275 0.042145 0.887760 0.037657 0.887871 0.033006 0.890669 0.026597 0.892597 0.023771 0.894112 0.019140 0.895027 0.014854 0.897568 0.002304 0.901702 0.000000 0.904477 0.000000 0.906115 0.000000 0.911109 0.000000 0.912547 0.000000 0.914319 0.000000 0.917673 0.000000 0.917037 0.000000 0.914273 0.000000 0.911308 0.000000 0.906235 0.000000 0.894576 0.000000 0.823881 0.000000 0.818610 0.000000 0.816325
0 0.056994 0.102961 0.059204 0.099540 0.063317 0.096184 0.065316 0.095716 0.070707 0.095906 0.080182 0.100010 0.088408 0.102184 0.089830 0.104926 0.086939 0.108593 0.080481 0.110788 0.074484 0.112192 0.065240 0.112136 0.060310 0.111154 0.057206 0.108891 0.056543 0.107253
0 0.068440 0.122749 0.072380 0.118580 0.079905 0.113999 0.091416 0.113866 0.099691 0.115772 0.105821 0.118951 0.108763 0.123900 0.108532 0.128738 0.107005 0.131914 0.105448 0.133475 0.103305 0.134746 0.100989 0.135203 0.097818 0.135091 0.086469 0.132537 0.070075 0.131421 0.068634 0.130562 0.067038 0.127007
0 0.122807 0.209200 0.127026 0.208810 0.131225 0.210304 0.133378 0.212534 0.136348 0.219099 0.139635 0.234561 0.139693 0.237794 0.137897 0.240692 0.131929 0.243713 0.120195 0.243299 0.117457 0.240780 0.116976 0.234570 0.118820 0.222521 0.117705 0.216289 0.119617 0.210972
0 0.052920 0.267851 0.053631 0.269223 0.051959 0.273202 0.047452 0.275197 0.033433 0.285741 0.026063 0.293019 0.021364 0.296084 0.017049 0.297009 0.013560 0.296886 0.010485 0.296239 0.007381 0.293976 0.006170 0.288280 0.007563 0.280522 0.009600 0.276286 0.014587 0.271616 0.023553 0.267894 0.033912 0.265296 0.039082 0.264940 0.046280 0.265732
0 0.150538 0.321365 0.150403 0.325669 0.148097 0.329626 0.145589 0.331153 0.134615 0.331843 0.128032 0.332957 0.110265 0.337715 0.098330 0.343757 0.088154 0.350667 0.079678 0.355215 0.076997 0.355928 0.069973 0.355950 0.066456 0.354210 0.062880 0.349238 0.063572 0.343609 0.066503 0.336173 0.070192 0.329842 0.075929 0.322776 0.079042 0.319654 0.087536 0.313223 0.096627 0.310582 0.101960 0.307540 0.117835 0.306214 0.121007 0.306326 0.135286 0.310329 0.139390 0.312358 0.147577 0.318300
0 0.159657 0.320341 0.163779 0.320486 0.166807 0.321400 0.170353 0.324757 0.172342 0.329672 0.171891 0.333964 0.169488 0.338456 0.166961 0.341867 0.162532 0.345211 0.159140 0.344553 0.157208 0.342870 0.153374 0.341119 0.149876 0.337495 0.148424 0.333137 0.149558 0.328600 0.152546 0.324398 0.155563 0.321812
0 0.140418 0.470158 0.142302 0.472109 0.142455 0.474807 0.141245 0.477995 0.134749 0.483958 0.122190 0.493478 0.119153 0.497947 0.115214 0.502116 0.110563 0.504913 0.106930 0.505593 0.102510 0.503552 0.100626 0.501602 0.100280 0.499974 0.101673 0.492216 0.106352 0.482150 0.111627 0.475875 0.119834 0.471048 0.126609 0.468864 0.131144 0.468486
0 0.169679 0.476036 0.172235 0.474241 0.183113 0.474085 0.192146 0.477097 0.198864 0.480564 0.204562 0.486149 0.208484 0.492748 0.209714 0.496561 0.208263 0.501087 0.204756 0.502847 0.197145 0.502579 0.191504 0.500227 0.181952 0.494775 0.178877 0.494129 0.176042 0.492143 0.170016 0.483047 0.169007 0.479781
0 0.148798 0.475030 0.150066 0.475075 0.151729 0.476480 0.152516 0.479200 0.152392 0.487003 0.151383 0.492622 0.152345 0.505039 0.159438 0.520635 0.164435 0.528350 0.171999 0.537769 0.174660 0.538940 0.175958 0.540601 0.175718 0.541938 0.173604 0.544826 0.155970 0.545282 0.150724 0.544289 0.143862 0.541623 0.134944 0.536194 0.126160 0.526463 0.120721 0.517655 0.119635 0.513041 0.121239 0.502328 0.123151 0.497011 0.125630 0.493868 0.131251 0.489219 0.133683 0.486344 0.137968 0.483803 0.142638 0.479121
0 0.106598 0.578541 0.110288 0.581094 0.112931 0.584148 0.111941 0.587882 0.102313 0.598851 0.095539 0.609920 0.091715 0.611669 0.084373 0.611680 0.080683 0.609127 0.079030 0.602338 0.080297 0.593498 0.083257 0.587679 0.087244 0.583243 0.095037 0.578941 0.100400 0.577515
0 0.068891 0.605480 0.071534 0.608536 0.070400 0.613072 0.067018 0.615914 0.060542 0.619993 0.054988 0.622490 0.044763 0.629668 0.039459 0.634327 0.031522 0.639432 0.029840 0.639911 0.025765 0.639498 0.022710 0.636967 0.021777 0.635050 0.021624 0.632353 0.022152 0.629410 0.024332 0.624372 0.029339 0.617817 0.038295 0.610595 0.043675 0.607285 0.053718 0.604676 0.063644 0.604488
0 0.017954 0.663453 0.021462 0.661692 0.026218 0.661860 0.032051 0.663142 0.037596 0.666030 0.041094 0.669653 0.044794 0.675707 0.044929 0.680288 0.043325 0.682116 0.040961 0.682840 0.035224 0.681023 0.031783 0.680632 0.028804 0.679451 0.026113 0.676664 0.019031 0.673452 0.016610 0.670944 0.015869 0.667956
0 0.000000 0.788611 0.000000 0.786572 0.000000 0.786739 0.000000 0.792414 0.000000 0.793864 0.001855 0.793998 0.004566 0.794901 0.007401 0.796885 0.009188 0.799371 0.009563 0.802615 0.008161 0.806873 0.005048 0.809994 0.001193 0.810128 0.000000 0.806604 0.000000 0.804107 0.000000 0.800094 0.000000 0.794776 0.000000 0.790996
0 0.092720 0.892234 0.090780 0.895935 0.087003 0.897418 0.082563 0.897261 0.072300 0.899323 0.063181 0.900347 0.058261 0.902866 0.052217 0.904538 0.048824 0.903880 0.047748 0.902765 0.049295 0.897705 0.053551 0.893546 0.064535 0.887472 0.068946 0.886012 0.072166 0.885857 0.075260 0.884620 0.083505 0.884910 0.088924 0.886716
