0 0.486255 0.103860 0.482905 0.104647 0.478767 0.107830 0.474700 0.117602 0.473017 0.131162 0.474622 0.133505 0.479720 0.136994 0.482685 0.137269 0.485750 0.140022 0.492439 0.142288 0.505329 0.137995 0.511608 0.134188 0.513012 0.131575 0.513094 0.123079 0.511367 0.118530 0.511058 0.114936 0.509287 0.110932 0.505715 0.107034 0.502563 0.105371 0.499049 0.104497
0 0.507404 0.224046 0.503859 0.227283 0.500436 0.232727 0.499241 0.236457 0.498292 0.244597 0.499172 0.248520 0.500568 0.249747 0.501558 0.252307 0.505788 0.255442 0.511883 0.257652 0.514125 0.259505 0.516475 0.259997 0.523975 0.259595 0.529465 0.258183 0.531694 0.256470 0.533516 0.256090 0.538312 0.252146 0.539934 0.246809 0.539503 0.241009 0.538325 0.237060 0.533641 0.228396 0.531993 0.226598 0.527676 0.224552 0.522954 0.223841 0.519648 0.224083 0.515837 0.223181 0.510160 0.223204
0 0.519357 0.354627 0.504654 0.355459 0.499757 0.356925 0.497869 0.358122 0.495871 0.360680 0.492527 0.368874 0.491939 0.376225 0.492654 0.378486 0.494852 0.380884 0.497665 0.383065 0.500883 0.383912 0.507166 0.387512 0.512373 0.389640 0.515997 0.389152 0.522407 0.383711 0.526349 0.382979 0.528533 0.381810 0.533011 0.378110 0.534184 0.374653 0.533961 0.369970 0.528619 0.362068 0.523103 0.356345
0 0.866328 0.147297 0.862164 0.143346 0.856661 0.141190 0.843042 0.139654 0.828043 0.140459 0.825496 0.142418 0.823970 0.142825 0.817560 0.148265 0.814587 0.151830 0.810801 0.158064 0.806659 0.172493 0.806520 0.177966 0.807445 0.181343 0.808544 0.182542 0.815442 0.185924 0.820989 0.187534 0.826326 0.188029 0.830840 0.187624 0.836944 0.185995 0.846550 0.181674 0.857055 0.173594 0.864000 0.165186 0.866830 0.159688 0.867685 0.156474 0.867802 0.151274
0 0.911869 0.044810 0.903706 0.038567 0.893655 0.033522 0.883713 0.027115 0.878506 0.024987 0.871115 0.024028 0.865119 0.024296 0.857105 0.027393 0.851123 0.031228 0.848171 0.034520 0.844552 0.042415 0.843566 0.047261 0.841902 0.071795 0.842102 0.076750 0.843302 0.080427 0.850619 0.086042 0.853519 0.087134 0.857692 0.087246 0.867123 0.085103 0.881922 0.079342 0.899211 0.068599 0.906258 0.062669 0.911843 0.056328 0.913928 0.052681 0.913980 0.048297
0 0.706728 0.432056 0.704557 0.436792 0.704583 0.443927 0.706056 0.447904 0.711913 0.453109 0.718603 0.455375 0.720447 0.454723 0.721467 0.453172 0.724433 0.453446 0.727275 0.451515 0.733921 0.454325 0.737762 0.451115 0.738704 0.446814 0.737823 0.442892 0.735185 0.438532 0.729328 0.433327 0.723573 0.430599 0.710482 0.429935
0 0.900120 0.706723 0.898638 0.706585 0.889790 0.712623 0.883280 0.715587 0.875309 0.718140 0.856511 0.721610 0.853293 0.720763 0.846045 0.721738 0.843774 0.723996 0.843173 0.727782 0.843626 0.733309 0.845628 0.738158 0.851998 0.740668 0.855130 0.742604 0.863895 0.745061 0.867575 0.747598 0.878559 0.752181 0.883621 0.752376 0.889133 0.750692 0.893589 0.747263 0.895587 0.744706 0.897069 0.744843
0 0.599127 0.320869 0.597218 0.322338 0.595429 0.326014 0.594807 0.330070 0.595665 0.334264 0.598622 0.338378 0.605050 0.343912 0.608382 0.350803 0.612227 0.355000 0.616314 0.356201 0.621991 0.356179 0.626085 0.353541 0.629138 0.352726 0.632660 0.349761 0.636127 0.343772 0.636289 0.338027 0.633946 0.333696 0.630035 0.330316 0.628474 0.327429 0.625452 0.324131 0.621496 0.321296 0.616565 0.319467 0.606758 0.318833
0 0.488995 0.965439 0.485493 0.968132 0.483771 0.970991 0.483300 0.973142 0.484435 0.977635 0.487478 0.980660 0.501903 0.990775 0.509957 0.998378 0.514253 1.000000 0.517789 1.000000 0.526903 0.999399 0.531315 0.996517 0.541445 0.985659 0.542979 0.981413 0.543305 0.977329 0.542403 0.973678 0.538535 0.969754 0.532569 0.965910 0.521036 0.960727 0.513645 0.959768 0.507671 0.959764 0.497328 0.962097
0 0.557794 0.844808 0.554821 0.848373 0.554010 0.851041 0.553870 0.856515 0.555641 0.860519 0.559761 0.865015 0.564244 0.868722 0.574166 0.875402 0.576934 0.878127 0.583767 0.882326 0.586095 0.883090 0.591411 0.883857 0.595606 0.883697 0.602370 0.881306 0.613113 0.870231 0.616326 0.863672 0.617080 0.857981 0.616474 0.854359 0.614660 0.850899 0.611342 0.847575 0.606497 0.844657 0.602433 0.843184 0.592670 0.842005 0.584158 0.840118 0.577910 0.839814 0.566742 0.841249
0 0.497726 0.583864 0.493893 0.583234 0.485669 0.585215 0.484099 0.586167 0.483057 0.587991 0.481754 0.593083 0.482591 0.597549 0.486777 0.601228 0.489930 0.602892 0.493510 0.602949 0.496375 0.600746 0.497461 0.598378 0.499662 0.589529 0.499331 0.586207
0 0.484440 0.708814 0.471638 0.712018 0.470003 0.713786 0.468830 0.717244 0.468481 0.721600 0.470483 0.726448 0.472131 0.728248 0.479261 0.732474 0.482841 0.732531 0.484389 0.731852 0.487428 0.727469 0.488596 0.716606 0.488099 0.711623 0.486747 0.709851
0 0.605055 0.683504 0.602618 0.684101 0.600368 0.686087 0.598450 0.691397 0.599165 0.693657 0.599544 0.703841 0.601018 0.707819 0.600909 0.709180 0.602580 0.710706 0.606435 0.711063 0.610441 0.709514 0.615556 0.705324 0.617388 0.701105 0.618055 0.696504 0.616306 0.692228 0.614130 0.689558 0.609944 0.685877
0 0.606513 0.590649 0.603756 0.591491 0.602484 0.592471 0.601420 0.594566 0.601137 0.598106 0.601908 0.603390 0.604900 0.610799 0.607987 0.613279 0.611206 0.614126 0.617628 0.612252 0.619581 0.610239 0.621073 0.606537 0.620410 0.599891 0.617244 0.594661 0.609159 0.591169
0 0.385018 0.853765 0.380592 0.853081 0.375420 0.854248 0.372477 0.853701 0.356370 0.857147 0.339778 0.859176 0.329434 0.861509 0.323243 0.864227 0.314264 0.871899 0.310017 0.876443 0.298603 0.884713 0.296121 0.885854 0.294146 0.888140 0.284915 0.895239 0.278021 0.899265 0.270975 0.905195 0.262150 0.910960 0.257188 0.913244 0.253961 0.916237 0.249910 0.918331 0.245135 0.922003 0.227253 0.932690 0.225784 0.936120 0.226578 0.941131 0.233372 0.953281 0.236320 0.961235 0.243786 0.976190 0.246350 0.985206 0.251671 0.993379 0.257382 0.996651 0.263182 0.998834 0.277141 0.999853 0.284784 1.000000 0.287497 1.000000 0.291012 1.000000 0.302026 1.000000 0.313525 1.000000 0.315832 1.000000 0.319730 1.000000 0.323890 1.000000 0.326589 0.997851 0.329209 0.991236 0.330888 0.988922 0.331743 0.985710 0.334760 0.981600 0.336259 0.974059 0.337960 0.971473 0.339198 0.967199 0.341962 0.962518 0.344308 0.955602 0.350351 0.943545 0.355744 0.928409 0.357380 0.926640 0.357685 0.922827 0.358880 0.919098 0.362302 0.913655 0.376373 0.883413 0.378356 0.877288 0.385079 0.864195 0.386636 0.859676 0.386348 0.855808
0 0.594294 0.474582 0.586946 0.473079 0.584530 0.473404 0.568496 0.472193 0.565192 0.472435 0.561995 0.471316 0.553243 0.472425 0.546402 0.472066 0.539199 0.472496 0.535091 0.471567 0.523504 0.470768 0.518355 0.471662 0.514448 0.475690 0.515190 0.485085 0.514903 0.499871 0.515553 0.502948 0.515519 0.518306 0.513116 0.522198 0.509257 0.533088 0.505965 0.536897 0.502281 0.545609 0.499307 0.549173 0.496146 0.551349 0.489082 0.564959 0.484304 0.579877 0.483519 0.589680 0.476940 0.604705 0.475187 0.611676 0.473919 0.620061 0.473096 0.637815 0.472350 0.639666 0.469120 0.672558 0.466627 0.688785 0.466356 0.695893 0.465611 0.697744 0.466196 0.701638 0.465411 0.711441 0.464513 0.715198 0.460913 0.752719 0.461541 0.756068 0.464924 0.758576 0.472316 0.759535 0.477269 0.761091 0.483496 0.761668 0.490525 0.763417 0.511281 0.765340 0.531083 0.767997 0.541265 0.771409 0.548656 0.772368 0.551137 0.771226 0.554970 0.771856 0.558297 0.771341 0.599260 0.774587 0.601675 0.774262 0.623364 0.775723 0.629404 0.774910 0.630446 0.773086 0.631636 0.761950 0.631997 0.742508 0.631551 0.714487 0.632096 0.707680 0.630718 0.698774 0.632292 0.686576 0.631938 0.683526 0.632853 0.672089 0.633170 0.653192 0.634195 0.640395 0.632655 0.637234 0.633924 0.628849 0.632843 0.619970 0.626724 0.599379 0.623561 0.582902 0.616396 0.556728 0.614115 0.544172 0.612597 0.540740 0.609580 0.526197 0.607412 0.519687 0.605428 0.507159 0.601620 0.495011 0.599967 0.485806 0.596810 0.476735
0 0.458529 0.386846 0.447131 0.387436 0.435899 0.389687 0.432000 0.389875 0.424709 0.391394 0.422633 0.391201 0.418923 0.392778 0.409413 0.392171 0.402693 0.394018 0.400321 0.393798 0.396654 0.394830 0.390658 0.395098 0.384104 0.398605 0.382230 0.403368 0.375899 0.430213 0.373663 0.435766 0.373558 0.444535 0.371474 0.448182 0.368911 0.457819 0.367058 0.462311 0.366753 0.466123 0.365283 0.469553 0.363081 0.478401 0.359372 0.498631 0.357397 0.519569 0.355963 0.526295 0.355571 0.531196 0.356496 0.534573 0.377038 0.546625 0.380950 0.550005 0.383893 0.550552 0.387529 0.553632 0.396142 0.557995 0.401492 0.562057 0.407776 0.565657 0.413851 0.568140 0.426413 0.567932 0.436647 0.566959 0.458707 0.563791 0.464659 0.564068 0.468008 0.563281 0.470973 0.563556 0.474936 0.562551 0.477902 0.562826 0.487015 0.560927 0.491219 0.556928 0.501892 0.539263 0.506841 0.533413 0.513465 0.517842 0.514162 0.509129 0.513455 0.503028 0.514375 0.498999 0.513703 0.496194 0.513515 0.476152 0.510654 0.467109 0.506136 0.460107 0.502818 0.456783 0.499883 0.452396 0.499638 0.447984 0.491130 0.434853 0.488361 0.432127 0.487878 0.430711 0.484603 0.426841 0.481402 0.418316 0.477181 0.411341 0.474982 0.408943 0.471651 0.402052 0.467740 0.398672 0.466287 0.394422 0.463584 0.390880 0.459990 0.387256
0 0.884888 0.897053 0.874619 0.894730 0.871170 0.893039 0.867908 0.892737 0.859845 0.888973 0.853134 0.886980 0.845700 0.886565 0.843240 0.887434 0.840057 0.889883 0.831223 0.899488 0.829335 0.900685 0.824870 0.907951 0.822302 0.910182 0.813359 0.921149 0.801979 0.932714 0.800256 0.935571 0.795416 0.940060 0.786770 0.951055 0.783565 0.953775 0.772965 0.966783 0.764493 0.975598 0.762749 0.978729 0.748756 0.993068 0.747989 0.995192 0.743996 1.000000 0.743075 1.000000 0.745714 1.000000 0.751470 1.000000 0.754578 1.000000 0.762707 1.000000 0.775954 1.000000 0.781588 1.000000 0.786615 1.000000 0.787976 1.000000 0.790819 1.000000 0.794408 1.000000 0.799117 1.000000 0.808478 1.000000 0.813079 0.999300 0.815451 0.999520 0.821512 0.998436 0.833460 0.998445 0.837106 0.997686 0.841872 0.997853 0.856301 0.996721 0.860011 0.995145 0.866687 0.993843 0.872604 0.990826 0.876171 0.987315 0.877653 0.987452
0 0.736554 0.537136 0.732865 0.538440 0.731705 0.545465 0.730912 0.559106 0.731597 0.565479 0.730534 0.586228 0.730944 0.592300 0.729667 0.604526 0.729974 0.638020 0.729289 0.650301 0.730769 0.661684 0.731692 0.665062 0.734057 0.669121 0.736909 0.682003 0.738976 0.686035 0.739958 0.692435 0.743224 0.700144 0.744623 0.708777 0.748418 0.717357 0.751104 0.728579 0.755779 0.741082 0.759303 0.756770 0.761934 0.764968 0.762265 0.768290 0.765322 0.774883 0.765291 0.778994 0.767956 0.790488 0.769814 0.793403 0.771454 0.799041 0.773795 0.803372 0.779003 0.824153 0.780752 0.828430 0.781127 0.831208 0.782941 0.834668 0.786364 0.847877 0.788178 0.851337 0.789060 0.855259 0.792073 0.862396 0.794929 0.864032 0.801793 0.864119 0.822696 0.856729 0.824903 0.855287 0.826032 0.852375 0.826380 0.848019 0.825050 0.827321 0.822965 0.812317 0.821787 0.808366 0.821560 0.796277 0.820679 0.792354 0.821917 0.788080 0.822781 0.781028 0.821878 0.777379 0.821864 0.773811 0.822880 0.764853 0.823015 0.751973 0.821593 0.743613 0.822543 0.735471 0.822351 0.726676 0.821130 0.723270 0.822140 0.706905 0.821752 0.700560 0.822519 0.679784 0.821558 0.654458 0.822439 0.639728 0.820698 0.631612 0.818840 0.628697 0.817938 0.625047 0.813442 0.617772 0.812012 0.613251 0.809879 0.610037 0.809460 0.607803 0.807372 0.604044 0.806699 0.601238 0.802226 0.593692 0.798684 0.585684 0.796212 0.582985 0.796281 0.570923 0.794889 0.558450 0.793294 0.552267 0.793049 0.547855 0.790389 0.543769 0.789804 0.539874 0.781140 0.539895 0.758858 0.538379 0.755091 0.536933 0.745999 0.538559 0.740430 0.537221
0 0.854410 0.314892 0.850973 0.316768 0.848911 0.320143 0.846639 0.322401 0.839323 0.335439 0.836986 0.338514 0.835494 0.342216 0.828758 0.351742 0.827519 0.356016 0.816275 0.373353 0.814805 0.376782 0.811788 0.380893 0.810275 0.384867 0.806939 0.389221 0.804637 0.395592 0.806377 0.403707 0.808170 0.407439 0.813280 0.414497 0.819879 0.429096 0.827013 0.440730 0.828234 0.444135 0.833301 0.451737 0.833973 0.454542 0.837623 0.461189 0.838822 0.464865 0.849354 0.482574 0.853126 0.491427 0.856994 0.495351 0.858403 0.500145 0.860029 0.502216 0.863317 0.509653 0.867626 0.515538 0.871970 0.524718 0.874608 0.529077 0.877080 0.531775 0.881005 0.538721 0.883477 0.541420 0.886696 0.542267 0.888209 0.538292 0.888304 0.533363 0.886725 0.519501 0.885359 0.495510 0.884500 0.491316 0.884525 0.479797 0.882297 0.462858 0.881306 0.441645 0.879107 0.420594 0.878801 0.405753 0.875573 0.371440 0.873855 0.363051 0.871491 0.358992 0.871478 0.355425 0.867553 0.348477 0.865626 0.338973 0.864043 0.336358 0.860828 0.324264 0.858421 0.320750 0.856397 0.316174
0 0.464650 0.444743 0.462247 0.448635 0.462178 0.460698 0.464620 0.467509 0.468336 0.473339 0.475796 0.480887 0.486332 0.487350 0.492188 0.492555 0.497395 0.494683 0.501589 0.494523 0.503334 0.491393 0.504097 0.481863 0.506529 0.473859 0.506655 0.464818 0.504719 0.459153 0.498379 0.452531 0.495205 0.451139 0.491964 0.450565 0.489679 0.449256 0.485528 0.448871 0.482123 0.446636 0.474544 0.444288
0 0.392658 0.448498 0.390342 0.451301 0.387831 0.456554 0.387626 0.462845 0.388595 0.465678 0.390496 0.468048 0.395131 0.469849 0.401083 0.470126 0.405914 0.469476 0.410876 0.467193 0.415947 0.463549 0.417692 0.460418 0.417866 0.458239 0.416942 0.454862 0.414744 0.452464 0.407802 0.449627 0.399630 0.447224 0.396028 0.447439
0 0.011658 0.868281 0.008231 0.866318 0.002619 0.865523 0.000000 0.866660 0.000000 0.868044 0.000000 0.869920 0.000000 0.869810 0.000000 0.888054 0.000000 0.888191 0.000000 0.891707 0.000000 0.891004 0.000000 0.889509 0.005309 0.884151 0.012644 0.882088 0.014619 0.879802 0.015033 0.874629 0.014108 0.871251
0 0.026234 0.753324 0.022785 0.751633 0.016341 0.753780 0.010091 0.753476 0.005117 0.752191 0.000076 0.751724 0.000000 0.753137 0.000000 0.752999 0.000000 0.768792 0.000000 0.768930 0.003286 0.775064 0.008471 0.777464 0.012007 0.778066 0.017475 0.776927 0.019045 0.775975 0.021513 0.771266 0.026117 0.758526
0 0.024807 0.509882 0.023996 0.512550 0.024668 0.515356 0.034296 0.529413 0.036900 0.530477 0.041072 0.530590 0.045333 0.529613 0.051250 0.526595 0.052850 0.521532 0.051672 0.517583 0.048058 0.514230 0.039929 0.511282 0.027606 0.508495 0.026102 0.508630
0 0.145891 0.549626 0.144762 0.552539 0.144920 0.558039 0.147283 0.562099 0.151129 0.566296 0.156502 0.570085 0.162750 0.570389 0.170424 0.567809 0.176102 0.567786 0.178077 0.565501 0.178526 0.563622 0.176141 0.559834 0.169901 0.555691 0.164398 0.553535 0.155873 0.548082 0.149052 0.547451
0 0.208443 0.342833 0.207248 0.346562 0.207702 0.352090 0.212089 0.360726 0.214488 0.368080 0.219272 0.379222 0.222041 0.381947 0.224347 0.382983 0.228499 0.383368 0.235789 0.381849 0.244497 0.381284 0.264494 0.381491 0.278727 0.382809 0.281462 0.382240 0.288259 0.383143 0.297264 0.382606 0.299427 0.381708 0.305518 0.376512 0.313232 0.365980 0.318050 0.361763 0.321560 0.355231 0.320953 0.351609 0.318712 0.349756 0.308355 0.348521 0.285511 0.342839 0.265409 0.332748 0.262068 0.329696 0.252104 0.323560 0.248864 0.322986 0.243693 0.324153 0.241189 0.325568 0.235678 0.327251 0.233746 0.328993 0.229464 0.330242 0.210758 0.340030
0 0.117812 0.392864 0.116735 0.391393 0.114428 0.390357 0.107817 0.390841 0.101735 0.392198 0.098791 0.391651 0.096310 0.392793 0.094675 0.394561 0.094854 0.399790 0.097832 0.403632 0.100963 0.405568 0.108498 0.408460 0.110574 0.408652 0.112889 0.405850 0.114171 0.401031 0.116574 0.397138
0 0.129297 0.182163 0.124893 0.181207 0.122730 0.182103 0.115461 0.183350 0.112068 0.184682 0.109644 0.188846 0.109274 0.193475 0.111044 0.197480 0.114559 0.198354 0.117589 0.197812 0.126437 0.191773 0.129454 0.187664 0.130121 0.183062
0 0.151557 0.165298 0.149821 0.164589 0.141540 0.163547 0.136051 0.164959 0.133844 0.166400 0.131869 0.168686 0.130883 0.173532 0.131469 0.177427 0.133832 0.181486 0.137622 0.182660 0.140718 0.181301 0.146425 0.177166 0.149674 0.173901 0.152054 0.170281 0.152381 0.166197
0 0.178178 0.064076 0.174524 0.068675 0.172222 0.075044 0.171511 0.080191 0.171843 0.083513 0.173316 0.087490 0.176129 0.089671 0.185950 0.093872 0.195120 0.094995 0.201137 0.094456 0.202838 0.091870 0.203055 0.089148 0.199920 0.079806 0.196819 0.073757 0.192995 0.069289 0.184788 0.063591 0.180933 0.063234
0 0.231479 0.738048 0.228392 0.735568 0.225492 0.734477 0.218969 0.733872 0.199765 0.738678 0.196329 0.740554 0.190831 0.745804 0.186104 0.756339 0.185437 0.760940 0.187208 0.764944 0.188054 0.765571 0.194237 0.766693 0.203355 0.772201 0.206277 0.773021 0.210450 0.773133 0.219201 0.772022 0.223252 0.769929 0.225184 0.768188 0.227246 0.764813 0.228440 0.761084 0.228798 0.752887 0.232923 0.746138 0.232996 0.741482
0 0.305933 0.789384 0.302034 0.789571 0.292782 0.796944 0.291818 0.801517 0.294391 0.806693 0.296995 0.807757 0.301145 0.808142 0.304219 0.807055 0.307555 0.802701 0.308837 0.797881 0.308109 0.792054
0 0.380731 0.743097 0.375546 0.740697 0.373174 0.740477 0.369407 0.739031 0.365849 0.738701 0.362971 0.737337 0.354777 0.735207 0.347560 0.732069 0.336930 0.730535 0.334832 0.730615 0.332033 0.732003 0.327864 0.739297 0.326090 0.746538 0.324049 0.749642 0.322876 0.753099 0.322166 0.758245 0.320060 0.762164 0.318046 0.772402 0.315469 0.778471 0.314143 0.783836 0.312505 0.796850 0.311780 0.798429 0.311720 0.806652 0.310063 0.808693 0.307137 0.819121 0.305677 0.837364 0.307383 0.842185 0.311612 0.845320 0.318939 0.847095 0.322837 0.846908 0.326360 0.843943 0.331744 0.832646 0.333720 0.830360 0.338742 0.819854 0.341716 0.816288 0.347354 0.805565 0.351644 0.800475 0.360169 0.787276 0.362715 0.785317 0.364141 0.782432 0.373359 0.771765 0.376223 0.769561 0.381173 0.763711 0.382280 0.761070 0.386187 0.757044 0.387215 0.751652 0.386544 0.748847 0.384115 0.745605
0 0.090155 0.940015 0.089697 0.945732 0.090194 0.950717 0.091306 0.955483 0.093670 0.959542 0.100459 0.964285 0.105138 0.965541 0.111091 0.965818 0.124124 0.963460 0.135169 0.959820 0.140855 0.955958 0.145355 0.951985 0.147373 0.949155 0.147700 0.945071 0.145843 0.942156 0.140065 0.939701 0.136210 0.939344 0.130773 0.936370 0.127750 0.933073 0.125126 0.932282 0.122863 0.930701 0.112636 0.927833 0.102830 0.927199 0.099821 0.927469 0.096407 0.929073 0.093136 0.932610
0 0.171045 0.907185 0.168529 0.905031 0.164805 0.903040 0.154898 0.899928 0.136195 0.898470 0.130157 0.899282 0.126698 0.901430 0.122176 0.905675 0.119896 0.911773 0.120132 0.920024 0.121649 0.923457 0.124672 0.926754 0.127838 0.931984 0.133420 0.936890 0.136594 0.938282 0.146105 0.938889 0.148310 0.937446 0.154734 0.935573 0.159081 0.933507 0.164108 0.930407 0.168434 0.928613 0.172572 0.925431 0.174678 0.921510 0.175410 0.916092 0.174298 0.911327
0 0.098122 0.862849 0.091185 0.867419 0.088190 0.871256 0.086589 0.876319 0.086110 0.882310 0.086991 0.886232 0.091408 0.890755 0.101669 0.896917 0.104966 0.900515 0.111271 0.903842 0.118365 0.904774 0.124492 0.902873 0.129332 0.898383 0.133204 0.891061 0.136902 0.885918 0.138205 0.880826 0.138083 0.878621 0.136565 0.875188 0.132336 0.872054 0.116606 0.867031 0.112904 0.864767 0.107401 0.862611 0.101471 0.862062
0 0.021657 0.877711 0.019429 0.879425 0.017684 0.882555 0.015548 0.890586 0.015518 0.894698 0.016818 0.900853 0.021479 0.909789 0.025143 0.920003 0.030607 0.930110 0.033101 0.932535 0.036254 0.934199 0.042097 0.935837 0.061624 0.938195 0.067707 0.936838 0.069320 0.935342 0.071788 0.930632 0.072507 0.921647 0.068020 0.910533 0.059512 0.897402 0.052896 0.890479 0.045260 0.885109 0.042383 0.883745 0.037328 0.879711 0.028904 0.876737 0.025346 0.876407
0 0.566424 0.042709 0.559011 0.042023 0.557573 0.041341 0.549820 0.041171 0.547020 0.042559 0.540619 0.044160 0.533791 0.047368 0.529016 0.051040 0.526042 0.054604 0.524595 0.057763 0.524203 0.062664 0.525380 0.066613 0.529270 0.070265 0.535300 0.073292 0.541004 0.080404 0.546694 0.083949 0.553811 0.084608 0.562650 0.082409 0.567468 0.078192 0.572548 0.070708 0.573751 0.063139 0.573123 0.059788 0.570197 0.051563 0.568940 0.044864
0 0.342174 0.011788 0.339310 0.013991 0.338159 0.017176 0.337444 0.033568 0.334628 0.042634 0.328166 0.052459 0.324874 0.056268 0.314875 0.065492 0.314824 0.069876 0.315648 0.070775 0.319459 0.071676 0.327225 0.075414 0.333640 0.077380 0.337913 0.079970 0.346338 0.082945 0.352050 0.086217 0.354950 0.087308 0.358211 0.087610 0.362821 0.082277 0.366099 0.074900 0.367359 0.070353 0.369696 0.067278 0.374806 0.055682 0.378229 0.050239 0.378983 0.044549 0.377675 0.042232 0.368897 0.036207 0.359006 0.025417 0.354995 0.019558 0.351149 0.015362 0.346029 0.012145
0 0.803782 0.275640 0.801070 0.275937 0.796042 0.279037 0.785342 0.289567 0.783807 0.293814 0.783777 0.297925 0.785330 0.304652 0.785535 0.317015 0.786386 0.325050 0.789173 0.338748 0.791105 0.355660 0.790421 0.367941 0.791612 0.375457 0.795196 0.382921 0.797691 0.385347 0.802021 0.390960 0.804689 0.391207 0.809386 0.384785 0.812939 0.377707 0.815285 0.370793 0.817775 0.365812 0.819078 0.360720 0.824079 0.350486 0.827214 0.341175 0.835986 0.321140 0.838014 0.314471 0.843355 0.303719 0.843428 0.299063 0.840956 0.296365 0.832640 0.292028 0.830124 0.289875 0.810745 0.278205 0.806726 0.276187
0 0.851233 0.276194 0.849916 0.277718 0.849611 0.281531 0.853079 0.294195 0.855817 0.301033 0.857274 0.312688 0.861133 0.320453 0.862577 0.328541 0.864578 0.333390 0.865185 0.337012 0.867252 0.341044 0.867649 0.343549 0.869210 0.346436 0.870091 0.350359 0.874326 0.360900 0.875848 0.371740 0.876860 0.374028 0.878826 0.375581 0.893103 0.376355 0.912355 0.378413 0.926422 0.378070 0.928993 0.345940 0.927807 0.345830 0.923917 0.342178 0.915178 0.328202 0.908990 0.319674 0.892847 0.301172 0.883327 0.285751 0.880082 0.277770 0.876764 0.274445 0.870262 0.273568 0.858415 0.276037
0 0.808730 0.546016 0.807975 0.551707 0.809001 0.557563 0.812254 0.561704 0.815637 0.564212 0.819977 0.565985 0.824951 0.567269 0.833550 0.568065 0.838063 0.567660 0.840842 0.566546 0.844661 0.563609 0.847417 0.562767 0.849710 0.560236 0.850543 0.557296 0.849322 0.553891 0.847948 0.552392 0.839380 0.547484 0.833218 0.546090 0.830405 0.543910 0.819290 0.540960 0.815140 0.540576 0.811132 0.542124
0 0.771764 0.612266 0.772164 0.603526 0.770669 0.599821 0.769548 0.598895 0.763090 0.597473 0.754130 0.597466 0.745587 0.599692 0.744588 0.600971 0.743966 0.605028 0.746373 0.608542 0.758102 0.611275 0.767033 0.615394 0.769723 0.615368
0 0.607292 0.468929 0.607964 0.471734 0.609590 0.473805 0.613611 0.475823 0.615534 0.477921 0.626893 0.485283 0.633574 0.491388 0.637847 0.493978 0.639496 0.495777 0.641803 0.496813 0.646835 0.501121 0.651876 0.501588 0.658639 0.499196 0.660845 0.497754 0.660303 0.493316 0.649481 0.482986 0.645381 0.478218 0.644623 0.476502 0.641239 0.473994 0.632404 0.464946 0.625924 0.463797 0.610178 0.466454
0 0.502375 0.712397 0.497571 0.720180 0.496276 0.740085 0.497959 0.745178 0.499774 0.748638 0.502795 0.751935 0.514199 0.758752 0.527245 0.759960 0.533263 0.759421 0.543310 0.757060 0.548712 0.756738 0.550578 0.755813 0.552301 0.752956 0.556186 0.749200 0.556853 0.744599 0.556564 0.740732 0.552583 0.730762 0.542649 0.720516 0.536135 0.716073 0.530610 0.714188 0.525215 0.710671 0.519119 0.708461 0.513464 0.708211 0.506513 0.709213
0 0.742870 0.070027 0.735819 0.068551 0.727277 0.070777 0.720195 0.073412 0.712014 0.074849 0.706691 0.077923 0.703325 0.086388 0.699406 0.105501 0.695840 0.127664 0.694872 0.143485 0.683959 0.164144 0.677902 0.172634 0.666465 0.181176 0.660997 0.182315 0.656925 0.184681 0.654169 0.185523 0.651941 0.187236 0.648274 0.188268 0.642609 0.191859 0.638110 0.195831 0.637486 0.199887 0.638201 0.202148 0.648314 0.217623 0.654031 0.228302 0.658889 0.234787 0.665343 0.247455 0.668531 0.252413 0.674265 0.255413 0.680854 0.255200 0.692051 0.249654 0.696333 0.248405 0.700088 0.246283 0.704051 0.245279 0.713679 0.240685 0.719509 0.238757 0.722352 0.236826 0.731640 0.232749 0.742684 0.229108 0.747119 0.225953 0.747821 0.224646 0.748575 0.218956 0.747515 0.209805 0.747907 0.204904 0.747236 0.202099 0.747911 0.193658 0.747270 0.186741 0.747693 0.177728 0.747107 0.155181 0.747442 0.128603 0.746692 0.123048 0.746983 0.097016 0.746298 0.090643 0.746873 0.079725 0.745935 0.072779
0 0.797730 0.586418 0.795842 0.587615 0.793736 0.591534 0.786280 0.610045 0.781645 0.626897 0.780399 0.635011 0.778358 0.638114 0.777756 0.641898 0.775288 0.646607 0.771213 0.660219 0.771073 0.665692 0.772285 0.672937 0.775011 0.676206 0.776276 0.679066 0.776904 0.682416 0.780676 0.691270 0.780842 0.692931 0.788155 0.709792 0.789354 0.713469 0.790039 0.719841 0.794209 0.731200 0.795067 0.735394 0.800336 0.747952 0.803384 0.758384 0.806506 0.764159 0.807047 0.768598 0.808565 0.772030 0.808229 0.779955 0.813240 0.784533 0.814626 0.789599 0.816925 0.794476 0.817784 0.798670 0.819136 0.800441 0.822254 0.798809 0.823082 0.788462 0.822389 0.785929 0.823055 0.781328 0.822175 0.777406 0.823102 0.750884 0.821898 0.721147 0.822986 0.688879 0.822143 0.658354 0.822504 0.638912 0.820951 0.632184 0.817960 0.624775 0.809857 0.610309 0.809229 0.606959 0.802226 0.593692 0.801279 0.590587 0.798894 0.586800
0 0.507289 0.598740 0.506413 0.602224 0.506705 0.613498 0.507565 0.617692 0.509885 0.622296 0.512567 0.626110 0.518654 0.632161 0.522326 0.638535 0.527018 0.643358 0.532643 0.647721 0.542890 0.650316 0.551961 0.648962 0.558174 0.645970 0.564200 0.641591 0.567130 0.638571 0.568852 0.635714 0.569563 0.630567 0.568294 0.620300 0.566711 0.617685 0.561107 0.613051 0.546805 0.605143 0.540664 0.603477 0.525926 0.601014 0.515426 0.597847 0.511274 0.597463
0 0.400644 0.191938 0.395935 0.194793 0.394574 0.196861 0.393907 0.201463 0.395438 0.208463 0.400824 0.215819 0.404482 0.218626 0.411921 0.226448 0.415485 0.234184 0.419383 0.233996 0.422862 0.231576 0.428810 0.224447 0.432812 0.215490 0.434212 0.205471 0.432341 0.198988 0.428198 0.194764 0.419564 0.190673 0.412448 0.190014
0 0.286112 0.130033 0.282554 0.129703 0.276537 0.130243 0.270707 0.132171 0.263778 0.132901 0.244892 0.137461 0.241312 0.137404 0.238238 0.138491 0.227961 0.140007 0.223570 0.142618 0.221551 0.145448 0.223292 0.172218 0.221435 0.187955 0.216186 0.205025 0.214599 0.213655 0.212153 0.218091 0.210849 0.223183 0.207636 0.229743 0.205321 0.232546 0.202853 0.237255 0.201680 0.240712 0.201397 0.244252 0.206028 0.257299 0.210668 0.266506 0.214013 0.276966 0.218169 0.284757 0.219115 0.287862 0.222600 0.292849 0.225861 0.293151 0.226816 0.292416 0.230876 0.286483 0.237459 0.278864 0.238885 0.275979 0.247191 0.265501 0.251316 0.258752 0.256222 0.253445 0.260455 0.245334 0.275686 0.226721 0.281851 0.216868 0.285736 0.213113 0.287524 0.209439 0.292835 0.202798 0.294326 0.199096 0.297322 0.195259 0.298285 0.190685 0.297897 0.184340 0.295969 0.174835 0.293683 0.154873 0.288860 0.133030
0 0.112644 0.296927 0.109715 0.299947 0.109309 0.301281 0.109039 0.308388 0.110657 0.314299 0.119571 0.326096 0.122426 0.327732 0.126303 0.327817 0.129203 0.328909 0.133275 0.326543 0.135107 0.322324 0.137566 0.321454 0.139519 0.319441 0.140736 0.315438 0.140217 0.310727 0.136458 0.305442 0.128547 0.299772 0.120990 0.297152 0.115675 0.296385
0 0.138774 0.321292 0.135722 0.322107 0.132560 0.324282 0.130476 0.327929 0.125152 0.331002 0.123321 0.335222 0.123521 0.340178 0.124555 0.342194 0.130115 0.347372 0.133268 0.349035 0.136486 0.349882 0.139321 0.351791 0.143493 0.351903 0.146842 0.351116 0.150004 0.348940 0.151682 0.346626 0.152349 0.342025 0.151403 0.338920 0.150051 0.337149 0.145224 0.326552 0.141970 0.322411
0 0.037023 0.379621 0.032589 0.382776 0.028804 0.389008 0.028159 0.393338 0.029337 0.397287 0.031997 0.401374 0.036039 0.403119 0.045484 0.404543 0.050931 0.403676 0.054707 0.401283 0.056747 0.398181 0.058347 0.393116 0.057937 0.387044 0.055783 0.384101 0.050093 0.380557 0.044842 0.378973 0.040098 0.378534
0 0.204065 0.349010 0.200341 0.347020 0.183715 0.345754 0.180387 0.346268 0.176974 0.347872 0.173044 0.352171 0.168854 0.359738 0.157993 0.376014 0.154361 0.380340 0.148854 0.389431 0.133457 0.406384 0.132241 0.410385 0.133210 0.413218 0.134309 0.414417 0.138142 0.415046 0.146479 0.419110 0.154629 0.421786 0.161253 0.424868 0.164470 0.425715 0.168347 0.425800 0.175153 0.422864 0.181563 0.417423 0.196240 0.409457 0.202947 0.404042 0.206658 0.402466 0.209841 0.400018 0.220084 0.395207 0.221827 0.392076 0.220781 0.386493 0.212434 0.367615 0.211596 0.363149 0.209970 0.361078 0.205988 0.351108
0 0.224580 0.421133 0.218004 0.424913 0.215833 0.429650 0.210740 0.433567 0.208425 0.436369 0.205508 0.442958 0.205413 0.447886 0.206293 0.451808 0.208064 0.455812 0.212416 0.461153 0.217832 0.464398 0.223653 0.466309 0.235405 0.468769 0.240446 0.469235 0.243476 0.468693 0.246891 0.467090 0.248744 0.462597 0.247182 0.459710 0.245744 0.459028 0.242238 0.454314 0.239856 0.439281 0.237566 0.430566 0.237510 0.427542 0.236036 0.423566 0.234409 0.421495 0.231805 0.420431
0 0.281898 0.481304 0.281571 0.485389 0.282120 0.485989 0.288787 0.488526 0.291325 0.490407 0.295389 0.491881 0.300234 0.494798 0.306033 0.496981 0.308428 0.496929 0.315256 0.493721 0.319769 0.493316 0.327169 0.490436 0.330121 0.487143 0.330339 0.484420 0.329370 0.481587 0.327403 0.480034 0.319550 0.477386 0.305318 0.476068 0.302562 0.476910 0.288429 0.478069
0 0.306618 0.500875 0.301058 0.495697 0.289315 0.489398 0.284636 0.488142 0.279263 0.484353 0.264765 0.478894 0.261229 0.478292 0.257584 0.479052 0.254357 0.482045 0.252316 0.485148 0.244249 0.492629 0.242527 0.495487 0.240639 0.496684 0.239597 0.498508 0.233484 0.503976 0.232442 0.505800 0.217032 0.519185 0.213653 0.524084 0.213217 0.529529 0.216885 0.547150 0.217360 0.552407 0.220570 0.557093 0.223810 0.557667 0.233647 0.554190 0.236172 0.552504 0.246392 0.547963 0.256208 0.544758 0.258436 0.543045 0.263651 0.541334 0.274509 0.536305 0.285872 0.532419 0.288375 0.531005 0.297763 0.529406 0.300244 0.528265 0.302834 0.525762 0.305179 0.518846 0.307150 0.509154 0.307377 0.502591
0 0.098735 0.511793 0.097034 0.514378 0.092979 0.527718 0.087826 0.539859 0.087159 0.544460 0.088873 0.545442 0.094254 0.545392 0.103062 0.547305 0.121490 0.548463 0.124202 0.548166 0.126605 0.544274 0.131383 0.529355 0.131161 0.524672 0.129512 0.522873 0.102655 0.511333
0 0.063609 0.674495 0.060361 0.677760 0.059297 0.679856 0.058094 0.687425 0.062764 0.692521 0.064753 0.693803 0.070386 0.694324 0.072274 0.693128 0.072371 0.688198
0 0.253823 0.645483 0.247675 0.647656 0.238164 0.647049 0.236804 0.649118 0.237026 0.653802 0.240193 0.659033 0.245883 0.662577 0.250331 0.662989 0.253130 0.661603 0.256749 0.653708 0.257691 0.649407 0.257272 0.647174
0 0.026032 0.625205 0.025012 0.626756 0.024664 0.631112 0.025335 0.633918 0.030006 0.639014 0.034366 0.640515 0.045106 0.640687 0.048860 0.638566 0.049628 0.636443 0.049008 0.629253 0.046008 0.625684 0.041077 0.623855 0.033389 0.622869 0.030380 0.623139
0 0.056553 0.646959 0.052973 0.646902 0.050427 0.648860 0.044248 0.655146 0.040869 0.660045 0.030552 0.669513 0.027216 0.673867 0.023100 0.676777 0.021444 0.678818 0.018644 0.680204 0.013760 0.685239 0.001346 0.694786 0.000000 0.697072 0.000000 0.698950 0.000000 0.699085 0.000000 0.701265 0.000000 0.701374 0.000000 0.704534 0.006375 0.710339 0.010417 0.712085 0.012637 0.714211 0.022876 0.720646 0.027633 0.724652 0.033686 0.727407 0.038813 0.726785 0.041787 0.723221 0.046753 0.709691 0.049112 0.706344 0.057544 0.686825 0.059572 0.680156 0.062249 0.676564 0.064594 0.669648 0.066181 0.661018 0.065323 0.656824 0.062728 0.651920
0 0.130287 0.707279 0.127091 0.706160 0.123215 0.706075 0.116517 0.707649 0.113827 0.707674 0.111005 0.709333 0.107447 0.709003 0.104416 0.709545 0.100004 0.712429 0.097370 0.715477 0.096306 0.717573 0.095849 0.723290 0.096455 0.726913 0.098457 0.731762 0.104226 0.738056 0.111290 0.743099 0.118363 0.744303 0.121394 0.743761 0.130342 0.740201 0.135050 0.737346 0.137410 0.733999 0.139240 0.729778 0.139763 0.723244 0.138991 0.717961 0.137243 0.713685 0.133418 0.709215
0 0.202694 0.698351 0.201015 0.700664 0.200108 0.708261 0.200924 0.712999 0.204255 0.719892 0.208934 0.721148 0.226089 0.723286 0.227362 0.722307 0.227985 0.718249 0.227018 0.715417 0.218732 0.706969 0.215378 0.700349 0.206383 0.697047
1 0.224519 0.115823 0.220512 0.117373 0.214211 0.121452 0.205233 0.129124 0.199996 0.131107 0.193016 0.136222 0.188646 0.138560 0.182214 0.144273 0.174684 0.148788 0.167385 0.154146 0.161149 0.157408 0.151304 0.164726 0.148526 0.165840 0.138763 0.164662 0.135985 0.165776 0.133670 0.168578 0.132859 0.171246 0.133082 0.175930 0.131808 0.176910 0.130744 0.179006 0.118976 0.184224 0.115461 0.183350 0.112893 0.185581 0.110534 0.188928 0.108978 0.193448 0.107407 0.194400 0.105310 0.194480 0.084960 0.209876 0.081590 0.210935 0.078385 0.213656 0.076663 0.216513 0.076550 0.229121 0.077501 0.239632 0.077432 0.251696 0.078670 0.266075 0.078614 0.281705 0.080046 0.304879 0.079610 0.310326 0.081053 0.318414 0.089527 0.328250 0.095945 0.337623 0.103682 0.345472 0.110253 0.352939 0.113737 0.357924 0.125847 0.370842 0.134299 0.380950 0.137835 0.381552 0.141040 0.378832 0.145085 0.369332 0.148373 0.358115 0.148687 0.350463 0.151364 0.346871 0.152327 0.342298 0.155453 0.336827 0.160616 0.320847 0.163916 0.313197 0.165416 0.305656 0.168145 0.297679 0.171019 0.291636 0.174009 0.280392 0.178549 0.268470 0.180092 0.260383 0.187251 0.241844 0.189387 0.233813 0.191920 0.228287 0.196577 0.211163 0.198364 0.207488 0.200862 0.198667 0.203374 0.193414 0.205981 0.183231 0.212185 0.165427 0.214945 0.153340 0.217731 0.148386 0.218290 0.145146 0.220330 0.142043 0.220953 0.137987 0.224659 0.129003 0.226970 0.118794
1 0.808106 0.464216 0.805295 0.462034 0.784791 0.460683 0.780090 0.459699 0.770283 0.459065 0.765156 0.459687 0.759862 0.458648 0.748869 0.457904 0.740480 0.458225 0.735801 0.456968 0.733955 0.457621 0.724127 0.457259 0.721372 0.458101 0.719439 0.459842 0.718991 0.461721 0.719358 0.468338 0.717701 0.489031 0.717842 0.502211 0.715911 0.522605 0.716212 0.530040 0.717245 0.532056 0.718959 0.533037 0.724846 0.534131 0.737003 0.535257 0.740308 0.535015 0.747634 0.536791 0.755452 0.536144 0.781271 0.538261 0.799150 0.538820 0.801883 0.538250 0.802838 0.537516 0.804055 0.533514 0.805158 0.523467 0.806295 0.498061 0.808726 0.471405
