0 0.546076 0.539150 0.551671 0.546306 0.554835 0.560835 0.551073 0.579793 0.535416 0.590135 0.516655 0.585865 0.500007 0.564295 0.498945 0.546332 0.510054 0.533100 0.527813 0.531159
0 0.450376 0.515916 0.454279 0.522637 0.454419 0.534396 0.450318 0.555035 0.419271 0.563703 0.411622 0.561962 0.406949 0.549145 0.410865 0.530491 0.437894 0.515090
0 0.496688 0.406132 0.504283 0.434631 0.502493 0.449678 0.486012 0.455792 0.464584 0.451173 0.456209 0.430140 0.457359 0.420797
0 0.437671 0.232422 0.478035 0.240281 0.500785 0.255873 0.508532 0.268585 0.508265 0.296622 0.496066 0.320508 0.481926 0.334615 0.462411 0.341956 0.448828 0.339172 0.435974 0.330890 0.417778 0.304679 0.411622 0.281052 0.413159 0.257215 0.419471 0.243650
0 0.615601 0.826766 0.620992 0.807319 0.637718 0.790702 0.649720 0.787423 0.677437 0.794186 0.711076 0.810731 0.787742 0.825301 0.794970 0.839687 0.792893 0.862381 0.771013 0.895056 0.752719 0.907441 0.735228 0.911512 0.703633 0.903491 0.666894 0.881507 0.623416 0.847487
0 0.959766 0.426090 0.968744 0.461603 0.969737 0.491706 0.965552 0.522886 0.952562 0.536207 0.919032 0.531049 0.879943 0.514695 0.859576 0.498410 0.850780 0.484636 0.848380 0.474227 0.850818 0.447098 0.862251 0.412138 0.873568 0.396831 0.880095 0.398150 0.890032 0.417801 0.890499 0.431656 0.904458 0.444384 0.914510 0.444478 0.923576 0.436468 0.937551 0.409767 0.945809 0.411436
0 0.292467 0.788944 0.301648 0.791265 0.307000 0.798728 0.303362 0.826396 0.306913 0.847827 0.312042 0.857386 0.311001 0.865361 0.305587 0.870143 0.289424 0.859752 0.279517 0.838699 0.279885 0.812215 0.285045 0.797230
0 0.487112 0.755900 0.486307 0.790512 0.477873 0.806920 0.427238 0.849860 0.372909 0.883531 0.356279 0.887503 0.334230 0.883820 0.319499 0.873768 0.307674 0.854195 0.303101 0.828377 0.309829 0.789264 0.343097 0.752940 0.396878 0.717647 0.420030 0.711160 0.452968 0.717109 0.472144 0.731892
0 0.371854 0.168477 0.375538 0.174632 0.370769 0.199251 0.356934 0.224038 0.351363 0.243161 0.336484 0.264178 0.325737 0.287923 0.277282 0.333769 0.241733 0.341267 0.221434 0.337017 0.219061 0.332801 0.227749 0.282804 0.281817 0.131627 0.293091 0.124771 0.305081 0.123422
0 0.779364 0.021798 0.835454 0.031245 0.864306 0.047078 0.875458 0.065489 0.879500 0.091991 0.876268 0.109938 0.869418 0.114299 0.851981 0.111236 0.826175 0.095631 0.794492 0.060773 0.782601 0.036867
0 0.793692 0.967113 0.791590 0.990296 0.776051 1.000000 0.746192 1.000000 0.702198 1.000000 0.689628 1.000000 0.682944 1.000000 0.686900 0.986669 0.709575 0.964688 0.739808 0.953226 0.762414 0.950472 0.782627 0.955665
0 0.171476 0.444469 0.178080 0.440250 0.198421 0.444739 0.209291 0.452835 0.218879 0.470194 0.215448 0.494277 0.206789 0.501905 0.196537 0.499586 0.184462 0.489206 0.169963 0.464994 0.168142 0.456993
0 0.890989 0.825152 0.896976 0.795009 0.921074 0.754645 0.926335 0.753792 0.932303 0.765649 0.945444 0.775036 0.969556 0.778627 1.000000 0.776390 0.998789 0.808759 0.979312 0.833774 0.968485 0.837534 0.940823 0.832974 0.912613 0.836734 0.895570 0.832599
0 0.662482 0.105292 0.674367 0.096442 0.702026 0.101345 0.740211 0.128368 0.746890 0.140652 0.745234 0.157026 0.738069 0.165003 0.688973 0.150489 0.677399 0.155763 0.676633 0.148241 0.657036 0.140989 0.655344 0.127821
0 0.667765 0.157695 0.681644 0.145463 0.756635 0.170255 0.762172 0.178723 0.766451 0.200069 0.763053 0.218193 0.755657 0.228084 0.740583 0.234644 0.720206 0.230787 0.698926 0.221138 0.668678 0.193071 0.664661 0.171916
0 0.847806 0.316122 0.855529 0.321477 0.861651 0.363280 0.858911 0.393867 0.850507 0.413658 0.844004 0.412330 0.821992 0.382515 0.818393 0.368208 0.827831 0.337229
0 0.886504 0.536110 0.886292 0.558163 0.874117 0.581722 0.854153 0.597538 0.843878 0.599309 0.816042 0.591116 0.806738 0.583011 0.794212 0.556164 0.800404 0.525558 0.811637 0.512053 0.827225 0.505447 0.860353 0.508527 0.876130 0.519874
0 0.466647 0.472870 0.467260 0.480753 0.457063 0.499873 0.442951 0.512318 0.413104 0.525144 0.379686 0.517661 0.379870 0.504122 0.410551 0.458735 0.420350 0.455090 0.446188 0.460694
0 0.152937 0.966212 0.173420 0.955149 0.182548 0.957637 0.234451 1.000000 0.234072 1.000000 0.230427 1.000000 0.206999 1.000000 0.183148 1.000000 0.155110 1.000000 0.151976 0.995200
0 0.788732 0.579030 0.800182 0.581562 0.821357 0.606440 0.821559 0.622694 0.812041 0.634767 0.795393 0.633036 0.783565 0.616187 0.782902 0.587794
0 0.304785 0.755552 0.310880 0.769220 0.309331 0.781006 0.305749 0.784167 0.288406 0.783856 0.276524 0.766680 0.278099 0.754953 0.291317 0.750177
0 0.266204 0.938571 0.280374 0.940286 0.292233 0.947648 0.294807 0.952527 0.292952 0.966701 0.281286 0.969839 0.275353 0.966134 0.264861 0.948647
0 0.568015 0.989585 0.572015 0.999205 0.570663 1.000000 0.557401 1.000000 0.545970 1.000000 0.534325 1.000000 0.538024 0.988018 0.545440 0.981459
0 0.485587 0.923353 0.511468 0.942779 0.525051 0.969672 0.518794 0.995690 0.490572 1.000000 0.474699 1.000000 0.470190 0.984819 0.474974 0.943743 0.480314 0.926183
0 0.144526 0.395265 0.162046 0.397191 0.173684 0.409106 0.172552 0.437139 0.160356 0.459053 0.145000 0.451841 0.129571 0.425780 0.132035 0.409412
0 0.285883 0.071727 0.285595 0.084105 0.272149 0.106565 0.257568 0.116348 0.243834 0.110220 0.245508 0.078545 0.254840 0.064320 0.262924 0.058716 0.274289 0.060770
0 0.318383 0.006946 0.327902 0.022680 0.327187 0.038431 0.313574 0.051918 0.304269 0.055558 0.294273 0.053761 0.290034 0.042405 0.295585 0.013481 0.304143 0.004459
0 0.285573 0.000000 0.290259 0.000000 0.288806 0.000000 0.261527 0.018000 0.255630 0.018710 0.250484 0.014298 0.248905 0.005280 0.252123 0.000000 0.259471 0.000000 0.271954 0.000000
