0 0.903414 0.617345 0.901878 0.617669 0.894312 0.623374 0.891247 0.624313 0.880289 0.633007 0.873426 0.636362 0.873570 0.641320 0.878634 0.642671 0.883646 0.642273 0.891713 0.640643 0.895139 0.638820 0.898153 0.636130 0.904854 0.627238 0.906298 0.623706 0.906561 0.619324
0 0.703640 0.807443 0.701446 0.811569 0.701170 0.815066 0.702511 0.832774 0.710487 0.852051 0.714126 0.856900 0.716106 0.858303 0.720417 0.859939 0.724682 0.860124 0.727757 0.859468 0.731642 0.859953 0.739457 0.862373 0.756524 0.863983 0.767717 0.863416 0.776555 0.861747 0.784573 0.858647 0.788731 0.855644 0.792406 0.849462 0.795510 0.837198 0.796580 0.821495 0.794015 0.813425 0.791189 0.809426 0.786860 0.806915 0.782557 0.805274 0.773642 0.804613 0.763519 0.802528 0.739086 0.801073 0.721299 0.802076 0.714374 0.803695 0.709349 0.804106
0 0.831081 0.932088 0.837026 0.935799 0.844299 0.937929 0.848306 0.934222 0.845464 0.930944 0.835504 0.930688 0.828301 0.930874 0.829183 0.925955 0.843418 0.919660 0.852950 0.917096 0.861873 0.917125 0.869975 0.924387 0.872651 0.933848 0.868717 0.940129 0.859995 0.946790 0.849427 0.948868 0.840510 0.949101 0.833546 0.945680 0.829901 0.938560 0.830122 0.934435
0 0.511382 0.987471 0.521391 0.989522 0.527118 0.993537 0.521667 0.997390 0.511791 0.999043 0.501695 0.994680 0.494633 0.988381 0.494319 0.979579 0.504028 0.972832 0.516983 0.970174 0.528902 0.973566 0.530324 0.978626 0.528625 0.983305 0.520557 0.983519 0.514303 0.982295 0.508162 0.984312
0 0.391902 0.623097 0.393089 0.629743 0.404114 0.636532 0.420059 0.637250 0.431517 0.630697 0.435316 0.619389 0.423682 0.608396 0.410537 0.607616 0.399017 0.612769 0.397794 0.617710 0.405739 0.617195 0.412839 0.619155 0.413007 0.623711 0.407468 0.625933 0.400341 0.623274 0.397051 0.622993
0 0.542476 0.699047 0.538428 0.706165 0.535674 0.716763 0.534429 0.725864 0.534476 0.738442 0.539748 0.744171 0.545696 0.746959 0.563399 0.751523 0.605185 0.754656 0.614528 0.754734 0.622265 0.753388 0.630623 0.747358 0.634345 0.742311 0.635415 0.739367 0.637050 0.729985 0.637831 0.718284 0.637076 0.707196 0.634598 0.702866 0.633003 0.701732 0.630261 0.701208 0.627850 0.698922 0.620389 0.697039 0.616877 0.696823 0.612926 0.695156 0.607875 0.695559 0.597712 0.694612 0.583301 0.694929 0.575847 0.693629 0.566892 0.694119 0.561804 0.693645 0.545906 0.696629
0 0.560865 0.632118 0.554599 0.631662 0.544068 0.632176 0.528936 0.635429 0.522406 0.638795 0.516185 0.639806 0.511484 0.639612 0.502946 0.641553 0.493655 0.644391 0.489837 0.647116 0.484805 0.648690 0.479486 0.653207 0.476978 0.659718 0.479046 0.673760 0.482827 0.681010 0.483796 0.686269 0.486710 0.691189 0.495217 0.699502 0.501181 0.702302 0.509013 0.702715 0.518753 0.701914 0.534592 0.696878 0.542774 0.696405 0.547005 0.694556 0.564433 0.690660 0.567112 0.689137 0.572549 0.688433 0.575208 0.686325 0.576308 0.684252 0.583184 0.680002 0.584365 0.668848 0.583017 0.663604 0.579690 0.657522 0.578780 0.653732 0.573782 0.644458 0.570542 0.641006 0.569670 0.638386 0.566879 0.636685 0.565638 0.634657
0 0.556856 0.515197 0.553417 0.517619 0.544551 0.521618 0.540111 0.529066 0.540025 0.537902 0.541391 0.543468 0.546029 0.553090 0.547654 0.554823 0.549821 0.560957 0.552237 0.562968 0.554323 0.566750 0.557539 0.569332 0.560706 0.570446 0.563942 0.573614 0.569471 0.575267 0.571072 0.576410 0.578493 0.576261 0.583138 0.574993 0.587852 0.575779 0.589773 0.574859 0.595618 0.574448 0.600251 0.572887 0.600592 0.571411 0.604815 0.569269 0.608569 0.564787 0.609631 0.561534 0.611923 0.560019 0.612829 0.552067 0.611755 0.543268 0.610926 0.541815 0.607403 0.541589 0.607676 0.538055 0.606758 0.533956 0.600344 0.529079 0.594678 0.523303 0.591904 0.522179 0.587077 0.518151 0.581497 0.515020 0.573219 0.513116 0.564618 0.513280
0 0.489360 0.501149 0.488278 0.503824 0.488477 0.509425 0.490181 0.513226 0.495029 0.517263 0.505352 0.520897 0.517143 0.521850 0.528105 0.521639 0.541700 0.518432 0.544770 0.516606 0.547357 0.512136 0.548007 0.508294 0.547433 0.503000 0.544110 0.497463 0.540104 0.494884 0.527441 0.491288 0.516813 0.490012 0.506213 0.489620 0.498064 0.492133 0.493475 0.495465
0 0.498624 0.396663 0.489357 0.401263 0.484006 0.405501 0.481392 0.409394 0.479713 0.417413 0.479913 0.423031 0.483358 0.431548 0.487876 0.437086 0.490696 0.439105 0.492411 0.443213 0.494426 0.444655 0.495687 0.446996 0.500984 0.452515 0.507352 0.455058 0.510892 0.455289 0.513616 0.454649 0.517619 0.456939 0.525107 0.457984 0.530139 0.456121 0.534068 0.456345 0.538646 0.452719 0.542564 0.452648 0.543698 0.451446 0.546420 0.450807 0.547564 0.449900 0.547874 0.447533 0.550957 0.446001 0.552000 0.442144 0.551808 0.436535 0.550562 0.434490 0.549397 0.434806 0.548354 0.438664 0.543744 0.441406 0.543424 0.443479 0.541495 0.444399 0.540268 0.442945 0.541652 0.437602 0.543861 0.433428 0.543698 0.428703 0.545556 0.425716 0.546772 0.426876 0.547708 0.431291 0.549326 0.432739 0.552068 0.432691 0.552811 0.431496 0.552709 0.428544 0.550630 0.425035 0.550467 0.420309 0.549632 0.418846 0.548034 0.417988 0.543933 0.412739 0.538322 0.409289 0.527819 0.400598 0.514707 0.396091 0.506445 0.395641
0 0.621727 0.360845 0.612883 0.365726 0.607551 0.370252 0.607219 0.372032 0.604959 0.374731 0.603239 0.381856 0.605120 0.391284 0.608798 0.395948 0.613622 0.399706 0.617602 0.401705 0.623526 0.403375 0.635654 0.403460 0.648807 0.399097 0.651855 0.396683 0.653331 0.394000 0.653463 0.386024 0.655388 0.385105 0.656855 0.382126 0.656586 0.373859 0.654097 0.369469 0.646487 0.363980 0.638961 0.361149 0.635812 0.360611
0 0.101462 0.097229 0.092480 0.092826 0.080098 0.093279 0.064652 0.097083 0.058739 0.099263 0.034091 0.112820 0.018893 0.131979 0.009652 0.149852 0.008982 0.152869 0.009631 0.158575 0.014269 0.163925 0.019163 0.165964 0.023979 0.166199 0.036328 0.164831 0.045450 0.162906 0.056065 0.158556 0.070109 0.150256 0.086346 0.137119 0.088204 0.133788 0.093558 0.128007 0.102192 0.114667 0.105048 0.106510 0.104448 0.101704
0 0.872515 0.000000 0.857239 0.000000 0.845918 0.000000 0.839686 0.000000 0.835070 0.000000 0.827996 0.000000 0.826294 0.000000 0.822496 0.000000 0.822769 0.006073 0.824003 0.008149 0.826402 0.009911 0.832710 0.011630 0.840650 0.015715 0.848135 0.017717 0.853223 0.017958 0.857477 0.016420 0.861756 0.015776 0.869464 0.012114 0.875600 0.008171 0.879471 0.006936 0.881762 0.005122 0.882831 0.001534 0.883070 0.000000 0.880566 0.000000 0.875709 0.000000
0 0.778118 0.109082 0.764394 0.108066 0.748808 0.110347 0.743419 0.113392 0.731737 0.128124 0.727671 0.135912 0.727930 0.144237 0.731209 0.148951 0.747432 0.154679 0.749842 0.156726 0.759307 0.159274 0.767479 0.157975 0.770569 0.156744 0.778967 0.150097 0.783256 0.149742 0.787482 0.147309 0.789328 0.143720 0.790703 0.137461 0.790861 0.129733 0.789883 0.123206 0.786534 0.115815 0.783299 0.112288
1 1.000000 0.087345 1.000000 0.088850 1.000000 0.090997 1.000000 0.093722 1.000000 0.096195 1.000000 0.098319 1.000000 0.098664 1.000000 0.105271 1.000000 0.107123 0.998721 0.109242 0.982579 0.115673 0.971076 0.121455 0.965652 0.122118 0.960333 0.126633 0.938395 0.134924 0.934134 0.135573 0.931080 0.137690 0.929591 0.140081 0.926098 0.140424 0.924584 0.141926 0.923796 0.155571 0.925548 0.162657 0.922660 0.170694 0.920054 0.174877 0.920252 0.181981 0.924799 0.191685 0.922177 0.195275 0.921421 0.223978 0.920314 0.226063 0.920519 0.233451 0.918577 0.247368 0.918127 0.300803 0.916930 0.313501 0.917159 0.349441 0.918527 0.356777 0.917044 0.359157 0.916375 0.362995 0.916465 0.393880 0.914857 0.405666 0.915367 0.423873 0.916991 0.426487 0.916348 0.431197 0.920746 0.436110 0.925473 0.438961 0.938790 0.444589 0.943118 0.447151 0.950923 0.449649 0.965858 0.458466 0.972498 0.460982 0.999104 0.473673 1.000000 0.474758 1.000000 0.477612 1.000000 0.480599 1.000000 0.482603 1.000000 0.484834 1.000000 0.487701 1.000000 0.492788 1.000000 0.494454 1.000000 0.498720 1.000000 0.500356 1.000000 0.508240 1.000000 0.509334 1.000000 0.509282 1.000000 0.121056 1.000000 0.121081 1.000000 0.117862 1.000000 0.094887 1.000000 0.092256 1.000000 0.089900 1.000000 0.086991
0 0.734598 0.941635 0.730600 0.937396 0.725856 0.934043 0.722333 0.932685 0.709186 0.932735 0.706112 0.933394 0.693126 0.938656 0.682005 0.941841 0.677070 0.944867 0.665465 0.957049 0.664739 0.958516 0.665664 0.963126 0.678265 0.969744 0.686081 0.972144 0.699662 0.973521 0.710845 0.972647 0.714671 0.971388 0.719533 0.966341 0.734594 0.953793 0.736378 0.949115
0 0.653872 0.121092 0.649967 0.121739 0.642203 0.124521 0.636832 0.128465 0.634230 0.132968 0.634454 0.139817 0.638730 0.150482 0.641584 0.153719 0.649567 0.157779 0.656254 0.158284 0.672235 0.155094 0.676108 0.153554 0.680650 0.148435 0.681148 0.139499 0.680269 0.136534 0.676158 0.130634 0.671309 0.126230 0.663338 0.122461
0 0.610854 0.162768 0.605748 0.162837 0.599129 0.164713 0.595259 0.166553 0.589899 0.170795 0.587307 0.175595 0.587417 0.178869 0.586015 0.183949 0.582599 0.187569 0.583151 0.192323 0.585610 0.195264 0.595608 0.200480 0.603550 0.203044 0.609398 0.201772 0.615874 0.195732 0.624331 0.178361 0.624586 0.174190 0.623282 0.170339 0.618424 0.165940
0 0.508104 0.060183 0.499409 0.059987 0.491159 0.061282 0.475580 0.067756 0.463983 0.075080 0.454369 0.082680 0.447886 0.089346 0.444159 0.095676 0.438851 0.102026 0.438168 0.105026 0.438801 0.111601 0.443064 0.120219 0.450499 0.129092 0.465066 0.138762 0.473065 0.141644 0.481788 0.142724 0.486905 0.142358 0.497865 0.139825 0.509142 0.135199 0.518445 0.130600 0.526887 0.123922 0.535278 0.115752 0.539791 0.109424 0.540850 0.105827 0.540604 0.098660 0.538161 0.084944 0.534679 0.075420 0.530976 0.070979 0.524894 0.066266 0.518075 0.063056
0 0.802814 0.501691 0.784794 0.496748 0.776980 0.495428 0.758273 0.494018 0.747776 0.494216 0.737691 0.495287 0.714871 0.500127 0.711415 0.501662 0.703684 0.503572 0.691753 0.508208 0.668785 0.521288 0.667330 0.524550 0.665430 0.526056 0.662340 0.526997 0.659299 0.529407 0.655925 0.533589 0.650593 0.537513 0.642286 0.545903 0.631872 0.561386 0.626442 0.574123 0.623107 0.591218 0.623848 0.601766 0.629048 0.617496 0.638070 0.631085 0.643723 0.637118 0.654138 0.645977 0.666851 0.653902 0.676702 0.657788 0.681792 0.658849 0.684171 0.660262 0.692793 0.662416 0.704510 0.664211 0.709945 0.664094 0.713079 0.664903 0.717331 0.664227 0.723161 0.664394 0.725082 0.663768 0.730127 0.663659 0.741692 0.661073 0.746670 0.658921 0.756670 0.656075 0.765865 0.652372 0.770022 0.648777 0.778387 0.643340 0.780975 0.639193 0.781660 0.636256 0.781112 0.631007 0.777843 0.625520 0.773876 0.622679 0.768394 0.621038 0.756100 0.612517 0.752183 0.611428 0.744673 0.607193 0.738316 0.602639 0.734250 0.596865 0.732340 0.585480 0.736383 0.578071 0.740167 0.574771 0.751294 0.570152 0.757479 0.569149 0.767951 0.568646 0.774982 0.569970 0.782867 0.573912 0.788844 0.579063 0.792872 0.583958 0.795411 0.590932 0.798177 0.605504 0.797948 0.610773 0.798838 0.614556 0.800468 0.617153 0.803249 0.619434 0.808328 0.620791 0.817991 0.620003 0.822980 0.618438 0.827531 0.615129 0.838074 0.604973 0.845437 0.591958 0.850383 0.575772 0.850024 0.563490 0.851807 0.558186 0.849933 0.547099 0.846705 0.542769 0.844511 0.534025 0.835194 0.520431 0.819338 0.509005
0 0.378092 0.531607 0.363742 0.526864 0.347100 0.524229 0.332530 0.524509 0.313698 0.526940 0.308282 0.529705 0.301581 0.529834 0.296662 0.535250 0.293519 0.535606 0.277209 0.542428 0.261126 0.555158 0.247527 0.570796 0.238808 0.589880 0.236928 0.592280 0.233901 0.615373 0.234872 0.629810 0.237021 0.634191 0.238427 0.639764 0.242245 0.646465 0.247975 0.651650 0.249562 0.651911 0.251996 0.653628 0.251790 0.658347 0.253818 0.659776 0.255093 0.662106 0.261569 0.666385 0.272433 0.672042 0.280825 0.675099 0.285987 0.676165 0.289921 0.676080 0.296678 0.677700 0.311654 0.678259 0.321065 0.677467 0.325714 0.675602 0.332001 0.675466 0.347522 0.670133 0.356803 0.666110 0.365633 0.660628 0.383529 0.645544 0.385392 0.642857 0.387854 0.635158 0.387668 0.630160 0.384591 0.621394 0.376888 0.615077 0.375207 0.612167 0.371203 0.610187 0.367340 0.612035 0.361817 0.611560 0.358336 0.613104 0.354722 0.611115 0.349601 0.610926 0.346681 0.606566 0.346907 0.602142 0.349187 0.600032 0.351917 0.599387 0.353827 0.597874 0.356623 0.598996 0.366089 0.599687 0.370118 0.602257 0.376276 0.609199 0.378688 0.610622 0.383804 0.610812 0.389267 0.609816 0.396367 0.610553 0.399855 0.609304 0.403584 0.603928 0.405710 0.597701 0.409788 0.591139 0.411097 0.584043 0.411416 0.571366 0.406128 0.555848 0.398677 0.545670 0.394211 0.541921 0.392945 0.539585 0.384885 0.534428
0 0.244429 0.000000 0.231247 0.000000 0.220889 0.000000 0.216984 0.000000 0.212411 0.000000 0.204538 0.000000 0.196848 0.007283 0.195107 0.013631 0.191371 0.019998 0.186731 0.033604 0.186502 0.037822 0.185342 0.038738 0.177797 0.039728 0.175054 0.040964 0.169311 0.047052 0.162354 0.062485 0.155964 0.072192 0.151955 0.081566 0.145989 0.091866 0.137952 0.110006 0.132237 0.126307 0.132460 0.131713 0.136797 0.140066 0.134215 0.145204 0.132093 0.161443 0.134596 0.173712 0.137310 0.181473 0.140596 0.183827 0.148599 0.194209 0.155641 0.200703 0.159286 0.202149 0.167285 0.202936 0.176139 0.205208 0.180926 0.205440 0.196572 0.208512 0.203729 0.208410 0.218739 0.205804 0.230131 0.202352 0.235597 0.199880 0.238752 0.199237 0.246517 0.194640 0.251994 0.192470 0.255848 0.189424 0.259771 0.188173 0.267150 0.183882 0.271212 0.176044 0.272847 0.167042 0.276945 0.160100 0.279061 0.153185 0.280323 0.144781 0.286863 0.139303 0.290636 0.134160 0.293057 0.124839 0.300995 0.104053 0.311842 0.086523 0.317542 0.069352 0.319547 0.059421 0.329006 0.046999 0.331524 0.040063 0.332181 0.036451 0.331444 0.027446 0.327799 0.015165 0.326130 0.013080 0.323483 0.006192 0.314736 0.000000 0.305735 0.000000 0.298424 0.000000 0.273410 0.000000 0.262949 0.000000 0.259352 0.000000 0.251264 0.000000
0 0.083205 0.204720 0.079239 0.205375 0.075735 0.207524 0.071343 0.207586 0.067016 0.209147 0.062737 0.211907 0.058910 0.215861 0.041100 0.247900 0.027124 0.266687 0.025668 0.270004 0.024122 0.271225 0.020105 0.279972 0.018006 0.286893 0.013408 0.291454 0.007434 0.301128 0.004192 0.309259 0.003176 0.313465 0.003359 0.317651 0.005166 0.322410 0.014275 0.329741 0.022362 0.332003 0.026764 0.332231 0.033289 0.335414 0.035400 0.338071 0.039503 0.340693 0.055668 0.345509 0.068483 0.346793 0.074060 0.346702 0.081317 0.348673 0.086867 0.347985 0.090897 0.349113 0.099269 0.349275 0.102825 0.348620 0.107462 0.345262 0.110882 0.341327 0.118564 0.325084 0.119185 0.320894 0.126310 0.310328 0.128587 0.298045 0.130042 0.294735 0.130255 0.290249 0.134248 0.280923 0.134686 0.272245 0.129387 0.259763 0.126950 0.249028 0.124760 0.244272 0.124138 0.238892 0.119680 0.227578 0.098221 0.210504 0.088855 0.206139
0 0.933855 0.163795 0.933555 0.169804 0.934157 0.174741 0.940589 0.172536 0.937641 0.166571 0.940239 0.159822 0.947638 0.159013 0.953808 0.164230 0.955435 0.173036 0.951091 0.183689 0.939154 0.187741 0.925292 0.189699 0.919494 0.181305 0.920660 0.173163 0.930655 0.165606
0 0.198390 0.361952 0.195265 0.363195 0.190864 0.362375 0.186561 0.363935 0.177364 0.372130 0.173962 0.376357 0.162005 0.394721 0.153153 0.411242 0.150857 0.413365 0.145619 0.421191 0.142542 0.423624 0.141090 0.426922 0.135742 0.432074 0.136893 0.440677 0.131100 0.444645 0.125938 0.454252 0.122527 0.458177 0.119662 0.465659 0.115903 0.470780 0.116189 0.477608 0.118670 0.479938 0.120827 0.484057 0.124126 0.486966 0.145306 0.490432 0.148142 0.491863 0.151339 0.492397 0.154607 0.494710 0.158582 0.494932 0.163124 0.499297 0.168286 0.499497 0.179099 0.502259 0.183850 0.502170 0.191839 0.503800 0.200569 0.504228 0.204215 0.506234 0.210544 0.506114 0.217496 0.501834 0.218576 0.499147 0.221261 0.497022 0.223060 0.492543 0.226082 0.488929 0.229368 0.482049 0.230330 0.476398 0.237177 0.469453 0.240660 0.457524 0.241866 0.448008 0.245272 0.444088 0.247039 0.438715 0.247199 0.432775 0.245171 0.421527 0.242502 0.414148 0.241730 0.404652 0.239255 0.392211 0.235793 0.384835 0.221430 0.372583 0.207559 0.362991 0.203545 0.361866
0 0.085576 0.524205 0.080825 0.524592 0.077586 0.523169 0.073179 0.522363 0.063621 0.521952 0.055827 0.525664 0.051430 0.525155 0.049520 0.526972 0.038915 0.530145 0.034632 0.532305 0.027464 0.541350 0.011477 0.567188 0.006097 0.580643 0.000000 0.592943 0.000000 0.607585 0.000000 0.608802 0.000000 0.609468 0.000000 0.612575 0.000000 0.617723 0.000000 0.632707 0.000000 0.645937 0.000000 0.655513 0.000000 0.664835 0.000000 0.668714 0.000000 0.681008 0.000000 0.693847 0.000000 0.697707 0.000000 0.702418 0.000000 0.709602 0.000000 0.710435 0.000000 0.713354 0.000000 0.713831 0.000000 0.714412 0.000000 0.715707 0.000000 0.715509 0.000000 0.717333 0.000000 0.722136 0.000000 0.727199 0.000000 0.734785 0.000000 0.738755 0.000000 0.743117 0.000000 0.749757 0.000000 0.752312 0.000000 0.752830 0.000000 0.752355 0.000000 0.753712 0.000000 0.753309 0.000000 0.757344 0.000000 0.760110 0.002912 0.761392 0.009664 0.761533 0.017552 0.760469 0.026589 0.758494 0.032402 0.755415 0.036351 0.755030 0.042573 0.752237 0.053138 0.749050 0.055424 0.746934 0.060890 0.745042 0.063956 0.742616 0.069420 0.740724 0.071324 0.738913 0.073290 0.738574 0.075921 0.735274 0.077008 0.732891 0.076781 0.727589 0.077818 0.724029 0.081228 0.720415 0.088197 0.707285 0.089453 0.699588 0.088462 0.694889 0.096303 0.692948 0.098602 0.691127 0.105214 0.678885 0.109045 0.666404 0.113162 0.660707 0.114547 0.655953 0.117181 0.652647 0.118986 0.648474 0.123562 0.644243 0.126171 0.640348 0.131997 0.628112 0.137603 0.610556 0.148577 0.598210 0.151487 0.591939 0.152442 0.586300 0.152075 0.577431 0.147419 0.560651 0.141482 0.551290 0.136507 0.546055 0.128334 0.540286 0.118598 0.535138 0.114967 0.533726 0.094523 0.529077 0.087663 0.526539
0 0.811234 0.275892 0.802823 0.268331 0.794860 0.262832 0.786567 0.259406 0.781089 0.258897 0.774078 0.259299 0.769442 0.260849 0.754052 0.268187 0.741428 0.276670 0.739921 0.278469 0.721901 0.289404 0.713151 0.296940 0.709840 0.303502 0.710027 0.309417 0.713375 0.316463 0.722195 0.323713 0.726933 0.325410 0.730826 0.325052 0.739111 0.327875 0.755979 0.330851 0.768107 0.332131 0.788778 0.332680 0.794973 0.331398 0.805757 0.327386 0.819141 0.319199 0.823264 0.313819 0.825009 0.307000 0.824782 0.299324 0.823518 0.296095
0 0.295404 0.257578 0.278798 0.258723 0.274135 0.261181 0.270288 0.264223 0.269169 0.266030 0.269099 0.274385 0.270509 0.280032 0.274681 0.285336 0.280355 0.288528 0.288705 0.289293 0.304810 0.285766 0.308665 0.283025 0.310530 0.280015 0.310966 0.270766 0.309223 0.266618 0.297815 0.258438
0 0.461591 0.372412 0.456872 0.372491 0.448303 0.375007 0.444836 0.377140 0.441467 0.381940 0.436470 0.385286 0.436250 0.390033 0.437962 0.393856 0.441249 0.397651 0.445300 0.400840 0.457606 0.403885 0.462705 0.403501 0.467761 0.401933 0.478924 0.395226 0.480349 0.391056 0.479724 0.384550 0.477590 0.379846 0.474373 0.377827 0.470421 0.377301
0 0.377586 0.465404 0.369107 0.459935 0.362311 0.457394 0.360330 0.457134 0.356828 0.458381 0.352472 0.457868 0.348587 0.459419 0.345535 0.462140 0.344430 0.464234 0.340095 0.464313 0.338203 0.466420 0.336390 0.470598 0.337719 0.474422 0.341411 0.478202 0.349077 0.482796 0.352251 0.483329 0.369950 0.482409 0.372223 0.479999 0.374169 0.479372 0.376005 0.475788 0.378289 0.473675 0.378485 0.468347
0 0.141949 0.705513 0.138838 0.706760 0.129660 0.714331 0.127079 0.718808 0.126857 0.722937 0.129400 0.727004 0.133905 0.730733 0.143641 0.736698 0.150413 0.738017 0.161047 0.737189 0.165303 0.735034 0.171028 0.730197 0.173633 0.726311 0.174216 0.721294 0.172299 0.713093 0.167765 0.708481 0.150652 0.705616
0 0.320211 0.798124 0.316209 0.796166 0.308282 0.794301 0.302373 0.793854 0.293402 0.795529 0.268659 0.796110 0.258892 0.797805 0.248408 0.801278 0.231816 0.809587 0.225700 0.814131 0.221551 0.818629 0.221370 0.823910 0.224658 0.827349 0.225609 0.831429 0.228144 0.835763 0.230585 0.837756 0.235384 0.839691 0.238552 0.840200 0.244423 0.839473 0.256034 0.834799 0.271985 0.830608 0.296011 0.822127 0.302925 0.818156 0.309356 0.811852 0.320055 0.804278 0.321501 0.801022
