0 0.508417 0.447349 0.508054 0.451891 0.510025 0.456143 0.518153 0.460883 0.528132 0.462154 0.532710 0.459242 0.534863 0.454294 0.534741 0.446574 0.530737 0.441138 0.519515 0.440382 0.510115 0.444617
0 0.000000 0.137991 0.000000 0.189693 0.000000 0.192664 0.006911 0.188584 0.011399 0.183345 0.013855 0.176921 0.015794 0.161926 0.014882 0.152504 0.008907 0.142816
0 0.265743 0.293837 0.262073 0.292317 0.255948 0.297221 0.248213 0.293331 0.240419 0.292507 0.237812 0.299670 0.238540 0.304437 0.236813 0.315627 0.237602 0.317328 0.241575 0.317370 0.248246 0.312578 0.257587 0.311409 0.261226 0.307535 0.265774 0.299230
0 0.807550 0.070610 0.803307 0.091291 0.803641 0.095207 0.809100 0.096323 0.812437 0.093927 0.822839 0.101441 0.827115 0.100006 0.831510 0.078587 0.830721 0.076886 0.821138 0.076467 0.811280 0.069064
0 0.123225 0.015349 0.121376 0.018819 0.120649 0.027906 0.126868 0.039182 0.132115 0.044103 0.136331 0.045734 0.140456 0.045039 0.144640 0.041277 0.148339 0.034337 0.148551 0.030532 0.143182 0.017891 0.138177 0.014558 0.130534 0.012996
0 0.797060 0.548692 0.795331 0.546029 0.791661 0.544510 0.781623 0.546305 0.767429 0.543403 0.765185 0.546023 0.762640 0.563972 0.765644 0.571512 0.767676 0.572698 0.782719 0.574234 0.791634 0.566822 0.796090 0.556189
0 0.452705 0.000000 0.450098 0.005222 0.451615 0.011689 0.453495 0.013612 0.461290 0.014436 0.466174 0.023901 0.474756 0.026425 0.482854 0.025772 0.487495 0.033647 0.490923 0.033578 0.494956 0.030555 0.498441 0.013567 0.497470 0.007212 0.495346 0.003699 0.491130 0.002068 0.487552 0.002875 0.482911 0.000000 0.475874 0.000000 0.472447 0.000000 0.462348 0.000000 0.455646 0.000000
0 0.133560 0.186773 0.129344 0.185142 0.116425 0.187118 0.109359 0.191061 0.104142 0.191533 0.102475 0.199658 0.104691 0.205497 0.105390 0.218723 0.099598 0.227544 0.099781 0.232200 0.103845 0.234569 0.111639 0.235393 0.118614 0.229123 0.121433 0.218156 0.121614 0.208957 0.126010 0.201391 0.134077 0.195344 0.134986 0.190913
0 0.425968 0.319670 0.420175 0.314638 0.412775 0.314663 0.407893 0.319053 0.403436 0.329685 0.405105 0.335414 0.408320 0.339150 0.415569 0.339861 0.428274 0.327837
0 0.673223 0.037758 0.668462 0.036015 0.663640 0.037339 0.659061 0.040250 0.654968 0.046340 0.655030 0.057126 0.656850 0.062116 0.659671 0.065002 0.664584 0.066006 0.670104 0.064056 0.675440 0.057452 0.677016 0.047000
0 0.344895 0.038353 0.335342 0.043326 0.332946 0.046685 0.330673 0.057764 0.331796 0.063381 0.329372 0.075198 0.333013 0.085178 0.335833 0.088064 0.343324 0.090364 0.346904 0.089558 0.353180 0.083915 0.355545 0.075163 0.355119 0.068919 0.357515 0.065561 0.359879 0.056809 0.359211 0.048977 0.356845 0.043875 0.350354 0.039469
0 0.887324 0.383214 0.877103 0.380354 0.869794 0.382708 0.863820 0.386874 0.861122 0.391710 0.859909 0.397619 0.859548 0.416014 0.865948 0.418092 0.873256 0.415739 0.887357 0.402460 0.890267 0.393821 0.889448 0.386726
0 0.589812 0.189246 0.584959 0.185175 0.576771 0.183501 0.571948 0.184823 0.565399 0.197338 0.563975 0.207051 0.567433 0.212375 0.572044 0.214857 0.585417 0.210665 0.590603 0.204799 0.591724 0.196563
0 0.782944 0.221036 0.772817 0.234358 0.772333 0.245033 0.776185 0.251208 0.790682 0.252633 0.795412 0.248983 0.799778 0.236023 0.799504 0.229040 0.797289 0.223200 0.794317 0.221054 0.786675 0.219491
0 0.711270 0.151741 0.710085 0.135337 0.708902 0.132787 0.704687 0.131155 0.688705 0.142511 0.685673 0.143429 0.682002 0.141910 0.678272 0.143455 0.669903 0.150979 0.669297 0.153934 0.671815 0.158296 0.675636 0.159078 0.690648 0.155221 0.698593 0.155306 0.702295 0.162220 0.705873 0.161412 0.710058 0.157650
0 0.320874 0.479806 0.317509 0.490663 0.317388 0.496795 0.318814 0.500934 0.324758 0.505228 0.332948 0.506903 0.337769 0.505579 0.341256 0.502444 0.343712 0.496020 0.343802 0.484494 0.342224 0.481093 0.338858 0.478097 0.331366 0.475795 0.326150 0.476268
0 0.507463 0.579524 0.506675 0.577823 0.496789 0.578880 0.489843 0.576691 0.485961 0.578976 0.485052 0.583407 0.492303 0.597973 0.497216 0.598977 0.502249 0.593849
0 0.346126 0.631192 0.343428 0.636028 0.342610 0.642787 0.346310 0.649701 0.351164 0.653772 0.360990 0.655781 0.370755 0.647002 0.372877 0.636662 0.371056 0.631672 0.366748 0.627713 0.356528 0.624854
0 0.209224 0.610897 0.198457 0.607927 0.191300 0.609542 0.189179 0.619882 0.191788 0.626572 0.194214 0.628608 0.201917 0.627105 0.208497 0.619984 0.210013 0.612598
0 0.838804 0.641882 0.841564 0.647834 0.850057 0.648030 0.871194 0.639269 0.873952 0.631368 0.870980 0.629220 0.860304 0.628577 0.851841 0.619921 0.847474 0.619028 0.843381 0.625117
0 0.052268 0.083958 0.049721 0.088054 0.047842 0.099984 0.053211 0.112626 0.059005 0.117658 0.066253 0.118370 0.073321 0.128281 0.077840 0.128436 0.079932 0.126554 0.081933 0.122346 0.082508 0.113998 0.077411 0.094486 0.060516 0.082566 0.055603 0.081561
0 0.017368 0.367728 0.016307 0.372899 0.017187 0.376927 0.020888 0.383841 0.028016 0.390684 0.033627 0.391062 0.039267 0.382980 0.042177 0.374341 0.042146 0.368947 0.040265 0.367024 0.033866 0.364945 0.019460 0.365848
0 0.857647 0.491816 0.854978 0.488192 0.847335 0.486629 0.837995 0.487798 0.833113 0.492187 0.831900 0.498095 0.833660 0.506152 0.837724 0.508521 0.844427 0.509122 0.855586 0.499090 0.857284 0.496359
0 0.808571 0.681107 0.806145 0.679071 0.777061 0.673894 0.774270 0.676402 0.773121 0.693098 0.774941 0.698088 0.781826 0.703344 0.800144 0.705550 0.804025 0.703265 0.805876 0.699795 0.808755 0.685762
0 0.914905 0.248787 0.908202 0.248186 0.899135 0.256337 0.893618 0.272140 0.893043 0.280487 0.895014 0.284739 0.900473 0.285855 0.912513 0.279851 0.916151 0.275978 0.918788 0.260355 0.917422 0.253150
0 0.482187 0.248048 0.476667 0.249998 0.469693 0.256268 0.464599 0.264461 0.462234 0.273213 0.462660 0.279456 0.466057 0.287848 0.473368 0.299347 0.478130 0.301090 0.487743 0.293051 0.494111 0.289736 0.495961 0.286265 0.498234 0.275186 0.497960 0.268204 0.493924 0.257374 0.488040 0.250014
0 0.451802 0.504268 0.451165 0.501828 0.447344 0.501047 0.439823 0.507205 0.433727 0.503649 0.427175 0.502310 0.421293 0.508804 0.419534 0.514601 0.430878 0.523076 0.436489 0.523454 0.449984 0.513130
0 0.033402 0.528004 0.032431 0.521649 0.029762 0.518025 0.022118 0.516463 0.015113 0.517338 0.003406 0.513406 0.000000 0.514617 0.000000 0.524735 0.000000 0.531940 0.000000 0.534713 0.006746 0.538716 0.014934 0.540390 0.029097 0.537899 0.032190 0.533913
0 0.664019 0.603837 0.661593 0.601802 0.647490 0.601227 0.633054 0.596736 0.629172 0.599021 0.627565 0.604080 0.632146 0.615021 0.635755 0.619607 0.643096 0.622647 0.655135 0.616643 0.662110 0.610372
0 0.433900 0.439039 0.433931 0.444433 0.436206 0.447206 0.446821 0.450916 0.451794 0.448855 0.460013 0.442069 0.461074 0.436900 0.450124 0.429273 0.443725 0.427196 0.436052 0.434092
0 0.134051 0.461618 0.135235 0.464170 0.151826 0.477566 0.155556 0.476020 0.159406 0.468342 0.157981 0.464203 0.136296 0.458999
0 0.667281 0.277426 0.659427 0.279668 0.647813 0.291916 0.645540 0.302995 0.646996 0.312528 0.651821 0.325059 0.655582 0.328905 0.659403 0.329687 0.667015 0.325857 0.673443 0.319475 0.677143 0.312535 0.679264 0.302195 0.678596 0.294362 0.674561 0.283533
