0 0.223591 0.663672 0.228148 0.663308 0.231475 0.670219 0.229013 0.684747 0.221138 0.678209
0 0.816398 0.800725 0.822692 0.793069 0.830603 0.792496 0.844882 0.801073 0.854418 0.814788 0.854451 0.831555 0.851298 0.836562 0.840235 0.837341 0.829158 0.830951 0.819629 0.817271
0 0.894005 0.966609 0.901889 0.954303 0.922406 0.948236 0.928711 0.952551 0.930415 0.964720 0.928830 0.967654 0.924392 0.976427 0.925660 0.973518 0.925495 0.976356 0.901864 0.980230
0 0.859930 0.302136 0.873029 0.318779 0.882855 0.378851 0.882862 0.406651 0.877991 0.424721 0.860178 0.456414 0.840808 0.475601 0.826290 0.479343 0.809964 0.435714 0.788733 0.394859 0.787042 0.382407 0.848499 0.305751
0 0.418188 0.320679 0.424841 0.332609 0.426901 0.349962 0.422458 0.360381 0.406741 0.361833 0.402656 0.329668 0.405587 0.321865
0 0.698223 0.372785 0.709610 0.384342 0.711377 0.399266 0.701997 0.422670 0.692386 0.423522 0.684200 0.409222 0.684047 0.396694 0.691827 0.375884
0 0.952329 0.164387 0.952187 0.200763 0.943881 0.209337 0.938854 0.230501 0.925616 0.244658 0.902557 0.244281 0.891044 0.235081 0.892697 0.216868 0.930779 0.161309 0.945718 0.157229
0 0.746439 0.164011 0.751215 0.147999 0.764307 0.146689 0.807129 0.178697 0.854772 0.168816 0.861373 0.175944 0.861401 0.194066 0.849951 0.223574 0.835215 0.232716 0.779598 0.230360 0.759962 0.221981 0.750062 0.207514
0 0.700364 0.276317 0.705381 0.291120 0.702374 0.311729 0.694457 0.325142 0.683155 0.323659 0.679558 0.293552 0.687470 0.280086
0 0.620276 0.109396 0.628590 0.121508 0.628827 0.137011 0.614540 0.156524 0.610588 0.112979
0 0.638043 0.000000 0.641506 0.002742 0.635315 0.027019 0.625565 0.030669 0.620427 0.015490 0.621855 0.002213
0 0.225248 0.591436 0.240801 0.597389 0.242707 0.606882 0.238604 0.619263 0.229555 0.622410 0.223172 0.615714 0.220867 0.596626
0 0.288227 0.508358 0.296288 0.517437 0.298351 0.531902 0.292541 0.542142 0.284849 0.542796 0.278340 0.533610 0.277711 0.516594
0 0.907322 0.384254 0.930202 0.382208 0.948154 0.395806 0.948033 0.428663 0.936565 0.442257 0.921892 0.446047 0.910505 0.442007 0.910531 0.424385 0.905661 0.409682
0 0.318933 0.500806 0.319269 0.510568 0.307428 0.526247 0.298090 0.524606 0.297481 0.507558 0.303308 0.497263 0.315672 0.496189
0 0.260535 0.429773 0.263811 0.434409 0.264550 0.454041 0.258842 0.466832 0.252770 0.469822 0.242861 0.453512 0.243736 0.436211
0 0.160701 0.337444 0.165650 0.344435 0.164537 0.354472 0.158808 0.364927 0.149578 0.365787 0.144635 0.358815 0.142324 0.341663
0 0.135026 0.282539 0.137353 0.299807 0.134605 0.307556 0.122393 0.311217 0.103096 0.327987 0.093176 0.346297 0.086465 0.366727 0.086939 0.376563 0.081182 0.384499 0.066039 0.388366 0.047379 0.382706 0.029243 0.357266 0.028608 0.344967 0.032678 0.334679 0.049229 0.328147 0.066616 0.306608 0.067858 0.269072 0.085717 0.254805 0.108961 0.255028 0.123315 0.263650
0 0.111086 0.064518 0.124457 0.047667 0.132285 0.046828 0.138003 0.069356 0.158114 0.098002 0.177545 0.111324 0.210775 0.115542 0.211998 0.146068 0.201348 0.154802 0.170102 0.157996 0.133368 0.141417 0.109839 0.105620 0.107108 0.080327
0 0.033488 0.199713 0.049138 0.203172 0.050137 0.223199 0.042698 0.228965 0.034887 0.227234 0.029639 0.215198
0 0.321514 0.302208 0.326464 0.309265 0.324091 0.332032 0.316621 0.342730 0.305699 0.343752 0.304393 0.306347 0.312038 0.300601
0 0.311878 0.250264 0.318415 0.257201 0.322147 0.274489 0.316218 0.285126 0.305346 0.288683 0.302129 0.286479 0.300986 0.253851
0 0.382374 0.126031 0.378223 0.146984 0.367193 0.150666 0.358946 0.141260 0.358626 0.131034 0.363148 0.122868 0.378963 0.118670
0 0.342704 0.081224 0.343034 0.091503 0.337100 0.104995 0.327500 0.103418 0.322402 0.093656 0.325148 0.080484
0 0.250043 0.152378 0.256614 0.159358 0.256994 0.169509 0.251386 0.187875 0.242081 0.191350 0.233762 0.179489 0.233073 0.161753 0.237483 0.153660
0 0.273628 0.018711 0.271205 0.039697 0.260692 0.056324 0.246468 0.057835 0.238180 0.048393 0.237391 0.027795 0.243423 0.019375 0.257773 0.020420 0.271854 0.013712
0 0.331636 0.000000 0.336765 0.000000 0.336009 0.022384 0.320854 0.047345 0.306643 0.051443 0.294454 0.021656 0.296822 0.000000 0.309122 0.000000
1 0.652551 0.515688 0.670660 0.563841 0.680172 0.625895 0.673051 0.672518 0.631525 0.659491 0.619246 0.553112
1 0.685380 0.499280 0.666882 0.351271 0.638860 0.378422 0.654104 0.488347
1 0.620806 0.287568 0.537982 0.211561 0.529474 0.271473 0.584253 0.326537
1 0.423555 0.168288 0.442860 0.307487 0.356110 0.278826
1 0.408327 0.180736 0.503648 0.035367 0.387322 0.000000
1 0.577800 0.000000 0.599318 0.061928 0.468726 0.019965
1 0.862743 0.000000 0.888714 0.327528 0.950681 0.248431 0.952434 0.137342 0.952900 0.017853
1 0.952935 0.008840 0.791173 0.000000 0.927516 0.000000 0.952433 0.000000 0.952954 0.003958
0 0.767252 0.000000 0.778915 0.000000 0.792348 0.000000 0.829340 0.000000 0.841117 0.000000 0.831567 0.119124 0.825077 0.148403 0.816898 0.159599 0.787360 0.162533 0.780742 0.152826 0.777076 0.093354 0.764893 0.000128 0.739388 0.000000 0.740886 0.000000
0 0.146182 0.665088 0.151246 0.676605 0.150381 0.690957 0.138874 0.703743 0.129852 0.704451 0.126516 0.697592 0.127136 0.678524 0.137132 0.665813
0 0.146614 0.641158 0.152660 0.640668 0.166802 0.651487 0.165146 0.682648 0.152968 0.681233 0.149416 0.669599 0.141548 0.663073 0.141114 0.653559
0 0.186485 0.649900 0.194672 0.663594 0.192554 0.685244 0.186810 0.692843 0.170093 0.691781 0.165146 0.682648 0.165395 0.653991
0 0.188497 0.625764 0.200848 0.629557 0.209041 0.643287 0.209635 0.657611 0.205381 0.665127 0.193460 0.670858 0.183558 0.652529 0.182941 0.638210
0 0.345361 0.596009 0.342762 0.610744 0.335071 0.611373 0.329168 0.619102 0.324477 0.617071 0.319370 0.602990 0.323400 0.585709 0.331096 0.585071
0 0.600535 0.560268 0.616710 0.583444 0.616871 0.593217 0.604572 0.611310 0.588954 0.617446 0.575853 0.589237 0.575482 0.569699 0.586358 0.561445
0 0.701235 0.497506 0.714185 0.513757 0.722361 0.532865 0.720915 0.547803 0.708289 0.558711 0.701902 0.556777 0.684068 0.528667 0.685447 0.511241
0 0.916879 0.516566 0.923338 0.528482 0.921674 0.548509 0.911957 0.556753 0.899035 0.555336 0.892582 0.540981 0.894203 0.528420 0.903922 0.515161
0 0.774017 0.604977 0.780363 0.599555 0.796353 0.603178 0.828459 0.634960 0.830124 0.654404 0.825364 0.662104 0.799874 0.664091 0.791890 0.659835 0.770969 0.624831
0 0.328722 0.696026 0.357417 0.681804 0.383594 0.682146 0.393182 0.693387 0.393399 0.700558 0.373743 0.711653 0.352302 0.713310 0.330658 0.707823
0 0.303862 0.686016 0.307340 0.697697 0.306577 0.719228 0.289828 0.720521 0.284914 0.711374 0.284210 0.692341 0.293094 0.684472
0 0.274982 0.690677 0.273283 0.726555 0.256311 0.720731 0.253780 0.694729 0.256635 0.689731
0 0.094873 0.697713 0.096946 0.709401 0.088882 0.728952 0.075546 0.732346 0.070829 0.727991 0.068389 0.709272 0.073547 0.692283 0.088530 0.691097
0 0.075311 0.727643 0.075898 0.739395 0.070635 0.753932 0.052876 0.757642 0.048169 0.753300 0.047322 0.736888 0.051188 0.724796 0.068981 0.721049
0 0.495488 0.766854 0.503035 0.759135 0.510817 0.760939 0.520307 0.769774 0.522121 0.781554 0.516106 0.789137 0.500683 0.790270 0.494290 0.781230
0 0.430333 0.752672 0.439488 0.749599 0.458454 0.767233 0.469288 0.768806 0.474149 0.777963 0.474451 0.789824 0.453446 0.810328 0.439588 0.808971
0 0.298834 0.800391 0.303040 0.790644 0.335011 0.790638 0.339892 0.799728 0.341967 0.816086 0.337731 0.825813 0.313976 0.841627 0.299261 0.812140
0 0.104930 0.812345 0.104230 0.828748 0.095759 0.838692 0.069039 0.840634 0.056827 0.834541 0.053505 0.827798 0.053910 0.806773 0.065435 0.798903 0.099782 0.798685
0 0.076282 0.895778 0.077441 0.918776 0.094830 0.910650 0.098578 0.926534 0.089148 0.945586 0.077814 0.955537 0.070451 0.956035 0.059446 0.943015 0.056910 0.922499 0.066173 0.901106
0 0.290701 0.908665 0.292976 0.929405 0.286246 0.950699 0.280426 0.955711 0.263872 0.954512 0.246302 0.964915 0.235671 0.961016 0.231466 0.931281 0.235576 0.921741 0.254488 0.906520
0 0.369007 0.898593 0.411694 0.902650 0.415280 0.921075 0.401585 0.970782 0.384754 0.964949 0.367407 0.942924 0.364691 0.905890
0 0.575678 0.825194 0.575997 0.841761 0.561169 0.873514 0.547261 0.872129 0.526585 0.842909 0.526321 0.831102 0.532330 0.823566 0.569397 0.820899
0 0.708708 0.884546 0.718063 0.883902 0.760859 0.958817 0.767214 0.974825 0.764226 0.991405 0.734586 0.979279 0.715747 0.959429 0.707624 0.927087 0.705778 0.901289
0 0.918051 0.749911 0.922830 0.756823 0.925974 0.778353 0.916329 0.817581 0.892474 0.848022 0.862392 0.850123 0.856042 0.836228 0.859161 0.809651 0.895698 0.751563
0 0.903507 0.913962 0.905068 0.930451 0.900324 0.940229 0.840705 1.000000 0.800119 1.000000 0.800030 0.986768 0.810744 0.941420 0.831008 0.909353 0.849860 0.898597 0.875082 0.894510 0.889296 0.898299
0 0.713210 0.721707 0.733655 0.715323 0.749548 0.726205 0.754423 0.742735 0.756330 0.783487 0.767672 0.825755 0.769435 0.851855 0.766403 0.866334 0.758569 0.866878 0.738049 0.849298 0.706276 0.806272 0.699767 0.785221 0.699574 0.768457 0.707019 0.731825
0 0.063475 0.398450 0.065605 0.410546 0.062924 0.418157 0.029237 0.416328 0.017484 0.424752 0.006272 0.442885 0.001653 0.470114 0.000000 0.485432 0.000000 0.488913 0.000000 0.484485 0.000000 0.443462 0.000000 0.426181 0.003287 0.386801 0.016439 0.375732 0.030129 0.374454 0.042561 0.378225
0 0.181292 0.599905 0.181912 0.614290 0.164341 0.630135 0.113302 0.641472 0.093962 0.616729 0.091644 0.600131 0.114223 0.564535 0.157906 0.553580 0.168874 0.559909
0 0.507008 0.037983 0.518373 0.039388 0.543062 0.057630 0.565728 0.055252 0.580512 0.064127 0.580934 0.087490 0.574841 0.108865 0.559338 0.144036 0.541996 0.163801 0.527542 0.165251 0.512821 0.153881 0.495896 0.116960 0.493269 0.073237 0.497623 0.051996
0 0.496852 0.363541 0.508101 0.370023 0.519629 0.388986 0.528082 0.413185 0.530199 0.437886 0.513457 0.466643 0.503132 0.497181 0.487503 0.500990 0.471406 0.485129 0.461373 0.461309 0.456890 0.409620 0.462610 0.386676 0.473271 0.370711
0 0.646371 0.450046 0.647020 0.494705 0.637940 0.525147 0.619185 0.541510 0.571918 0.547926 0.538657 0.538442 0.519280 0.515501 0.514181 0.498695 0.513736 0.478985 0.518071 0.461286 0.530413 0.447803 0.577806 0.441138 0.615496 0.412852 0.634734 0.418636
0 0.333381 0.280961 0.361739 0.280755 0.381236 0.299035 0.395677 0.360357 0.429509 0.444330 0.428695 0.471583 0.417108 0.504590 0.398424 0.506199 0.388577 0.489857 0.376552 0.453963 0.366744 0.440015 0.342277 0.360306 0.330512 0.336431 0.327694 0.299108
0 0.074405 0.526840 0.073845 0.546239 0.065742 0.566229 0.049895 0.582004 0.030724 0.590817 0.000000 0.593204 0.000000 0.587060 0.000000 0.575768 0.000000 0.570741 0.000000 0.568608 0.000000 0.520711 0.000000 0.528883 0.001748 0.528291 0.023950 0.519110 0.045108 0.488148 0.051039 0.485193 0.067153 0.503219
0 0.064621 0.452286 0.070218 0.442001 0.077705 0.438878 0.093047 0.471726 0.112336 0.491962 0.129526 0.500197 0.155546 0.500359 0.160765 0.514512 0.158573 0.534136 0.150088 0.549404 0.136743 0.557796 0.104567 0.553281 0.101078 0.543908 0.090246 0.539999 0.072296 0.514905 0.063400 0.488966
0 0.066887 0.405513 0.085528 0.379163 0.100474 0.370363 0.139040 0.371718 0.160103 0.394488 0.160290 0.433879 0.168592 0.447864 0.181275 0.456541 0.181692 0.466306 0.167335 0.489574 0.144870 0.501291 0.134095 0.499798 0.126035 0.490759 0.125363 0.476184 0.108642 0.445887 0.088480 0.440354 0.080391 0.431285 0.071378 0.434551 0.066452 0.427646
0 0.693782 0.125258 0.715523 0.174831 0.715811 0.203143 0.707986 0.232145 0.698461 0.250976 0.676110 0.276070 0.664821 0.277142 0.643590 0.258790 0.636843 0.239023 0.685633 0.126083
0 0.401857 0.025730 0.405209 0.030576 0.406312 0.069383 0.399065 0.095985 0.391404 0.052818 0.394073 0.034363
0 0.950678 0.588277 0.934506 0.589581 0.926458 0.577865 0.924871 0.565613 0.929736 0.560256 0.950793 0.558531
0 0.950178 0.293735 0.950100 0.314220 0.946793 0.319636 0.935296 0.318140 0.933696 0.302949 0.938654 0.294807
0 0.029967 0.633943 0.032085 0.645691 0.025729 0.667616 0.016770 0.668336 0.006544 0.645388 0.007528 0.635780
0 0.041708 0.628205 0.049085 0.625210 0.064819 0.638254 0.066916 0.650012 0.064156 0.655001 0.052042 0.653599 0.042322 0.640089
0 0.066320 0.638131 0.073712 0.635140 0.089446 0.648186 0.109461 0.656111 0.109914 0.665611 0.099616 0.671199 0.068655 0.654637
0 0.089104 0.672040 0.062234 0.676566 0.040922 0.671146 0.039181 0.666534 0.044798 0.658947 0.070156 0.654516 0.087138 0.662677
0 0.021625 0.675067 0.025729 0.667616 0.034696 0.666894 0.062234 0.676566 0.098113 0.671320 0.101804 0.685294 0.060439 0.700429 0.022126 0.684513
0 0.242301 0.674141 0.240206 0.698177 0.231200 0.701265 0.227881 0.694377 0.228917 0.682368
0 0.228629 0.675226 0.229205 0.689504 0.217077 0.690460 0.216588 0.678569
0 0.231230 0.648930 0.238777 0.673703 0.232435 0.675163 0.225538 0.651545
0 0.243179 0.618889 0.246418 0.623439 0.244967 0.664359 0.240593 0.669493 0.232612 0.660558 0.231270 0.627079
0 0.266428 0.585597 0.273007 0.597142 0.267339 0.609680 0.259603 0.607903 0.257335 0.588771
0 0.259511 0.605499 0.268778 0.607149 0.268338 0.636090 0.280453 0.673506 0.276505 0.690558 0.255022 0.687471 0.248196 0.668888 0.248317 0.632904
0 0.283642 0.593844 0.286972 0.600821 0.286675 0.634605 0.281004 0.647084 0.274985 0.649969 0.268338 0.636090 0.267248 0.607275 0.271385 0.594858
0 0.300844 0.558468 0.316322 0.559596 0.322901 0.571194 0.320991 0.605275 0.331032 0.628604 0.334994 0.654770 0.321865 0.675019 0.310991 0.671085 0.300276 0.628687 0.298029 0.565992
0 0.335468 0.531175 0.333523 0.565445 0.329146 0.573100 0.300757 0.556044 0.300065 0.536631 0.307428 0.526247 0.332132 0.524133
0 0.383834 0.487811 0.381699 0.519890 0.374700 0.544931 0.352593 0.580860 0.331178 0.587488 0.327770 0.578070 0.342957 0.523206 0.365259 0.491882
0 0.355914 0.587865 0.353144 0.597791 0.343901 0.598552 0.342201 0.593847 0.346503 0.583793
0 0.344620 0.620260 0.356852 0.616847 0.371175 0.630179 0.372008 0.656628 0.367701 0.666589 0.357028 0.669837 0.343961 0.646836
0 0.398720 0.620697 0.405185 0.629848 0.404067 0.644428 0.396786 0.659470 0.389159 0.662482 0.384246 0.653244 0.388426 0.638444 0.387985 0.623987
0 0.390779 0.614083 0.397175 0.620823 0.397392 0.628060 0.392907 0.633254 0.389939 0.632286 0.386774 0.629885 0.384677 0.617000
0 0.407427 0.600605 0.404830 0.617781 0.397031 0.615995 0.395123 0.604038 0.398072 0.598946
0 0.406349 0.510424 0.409887 0.524829 0.405436 0.532552 0.397668 0.533211 0.394343 0.526154 0.395460 0.511359
0 0.418806 0.509353 0.419223 0.524033 0.406777 0.525094 0.411019 0.510022
0 0.434950 0.471036 0.461437 0.463777 0.476353 0.494561 0.492520 0.579003 0.492014 0.622837 0.476582 0.628930 0.468630 0.622300 0.463596 0.608150 0.465957 0.578760 0.458588 0.535390 0.450139 0.511577 0.433926 0.490842 0.430463 0.478827
0 0.512778 0.506209 0.519937 0.544923 0.517022 0.554970 0.504501 0.556016 0.499520 0.544188 0.499174 0.529500 0.504987 0.509338
0 0.525832 0.527241 0.533894 0.536387 0.534576 0.568193 0.531548 0.573334 0.525286 0.573852 0.518588 0.554839 0.519773 0.537577
0 0.525501 0.583604 0.519408 0.591423 0.505238 0.587710 0.497145 0.576180 0.495235 0.561681 0.518588 0.554839 0.525125 0.566531
0 0.531759 0.583089 0.533692 0.600003 0.522751 0.600895 0.522427 0.586297
0 0.549805 0.544870 0.551577 0.554533 0.544796 0.606407 0.537183 0.616758 0.532128 0.600130 0.533115 0.573204 0.539020 0.555581
0 0.560016 0.583206 0.563394 0.595140 0.557320 0.605389 0.551056 0.605898 0.547573 0.589113 0.552125 0.581412
0 0.578259 0.549851 0.578535 0.564547 0.569197 0.570219 0.565767 0.555801
0 0.667053 0.564581 0.668800 0.576718 0.656141 0.577757 0.657517 0.562911
0 0.741531 0.533732 0.752733 0.535269 0.753034 0.572265 0.746659 0.572788 0.738560 0.558673
0 0.755851 0.525106 0.762251 0.524569 0.775243 0.550701 0.772132 0.563302 0.757741 0.562021 0.754450 0.549955
0 0.828406 0.620253 0.845952 0.594259 0.858787 0.590757 0.889342 0.608012 0.898981 0.626927 0.900572 0.646440 0.895751 0.654169 0.850878 0.645439 0.831663 0.637156
0 0.764895 0.664380 0.783954 0.662893 0.790372 0.672141 0.788944 0.698995 0.781012 0.699602 0.764968 0.674113
0 0.706055 0.644639 0.710906 0.653999 0.711037 0.666153 0.700038 0.671871 0.696656 0.652687
0 0.682966 0.695010 0.692497 0.701536 0.687924 0.713969 0.681636 0.714448 0.678307 0.700206
0 0.731756 0.681547 0.741246 0.680812 0.746056 0.687725 0.747784 0.704567 0.744706 0.714484 0.738390 0.714963 0.730407 0.705894
0 0.730081 0.671960 0.728617 0.684218 0.711506 0.709755 0.700454 0.708182 0.676486 0.680980 0.679512 0.671043 0.728452 0.667224
0 0.599013 0.653104 0.608501 0.657206 0.607224 0.674265 0.594617 0.670410
0 0.572807 0.594371 0.585771 0.615267 0.589396 0.641731 0.586797 0.671023 0.579344 0.690933 0.567195 0.708738 0.553235 0.712216 0.543248 0.681676 0.542230 0.633359 0.558740 0.597959
0 0.532180 0.602562 0.533125 0.646209 0.515472 0.693478 0.506329 0.701403 0.501111 0.677736 0.506592 0.645901 0.516831 0.615974 0.522859 0.605756
0 0.459124 0.615795 0.468568 0.619881 0.472228 0.641386 0.466083 0.644296 0.459755 0.639966 0.456336 0.628140
0 0.469001 0.636805 0.485007 0.654873 0.482261 0.669573 0.469678 0.663330
0 0.417989 0.590023 0.444503 0.592703 0.453042 0.621137 0.453746 0.647698 0.448069 0.667449 0.428116 0.673838 0.420197 0.667243 0.416350 0.641029 0.415238 0.602391
0 0.290959 0.751324 0.291565 0.767863 0.287190 0.772922 0.281038 0.771019 0.278992 0.756971 0.281850 0.752015
0 0.261866 0.746422 0.262955 0.774738 0.260113 0.779674 0.247928 0.778225 0.244721 0.773744 0.243881 0.752529 0.248234 0.747460
0 0.226268 0.692120 0.231105 0.698890 0.231487 0.708385 0.219467 0.711699 0.217467 0.699958 0.220204 0.692597
0 0.209172 0.719627 0.211372 0.736062 0.205630 0.743608 0.201717 0.722578
0 0.199696 0.746428 0.195976 0.765612 0.182536 0.768986 0.179324 0.764512 0.181923 0.754874 0.190652 0.747119
0 0.171811 0.696403 0.176235 0.693676 0.191850 0.704344 0.192659 0.723280 0.179187 0.726694 0.172953 0.722435
0 0.151567 0.683724 0.162127 0.682887 0.169988 0.689408 0.173631 0.703393 0.170043 0.725030 0.164126 0.727858 0.151557 0.716985 0.148981 0.693446
0 0.133078 0.708942 0.132342 0.725583 0.121224 0.745346 0.104417 0.739557 0.106620 0.722847 0.120615 0.700430
0 0.075663 0.734697 0.087503 0.731420 0.097620 0.754225 0.113134 0.764814 0.113916 0.781212 0.074907 0.779452 0.079026 0.772100 0.074087 0.763077
0 0.760549 0.718120 0.766911 0.722476 0.767107 0.749022 0.760793 0.749492 0.752826 0.740443 0.751148 0.728500
0 0.588360 0.670901 0.621366 0.675581 0.626185 0.682465 0.623907 0.735685 0.617859 0.748144 0.603785 0.746801 0.570544 0.720507 0.571776 0.703572
0 0.558242 0.728648 0.567619 0.730336 0.577184 0.741607 0.577367 0.751178 0.568277 0.763819 0.563621 0.764166 0.552321 0.743481
0 0.515889 0.779634 0.529900 0.783361 0.530214 0.797613 0.525793 0.807438 0.514782 0.798741 0.512910 0.784613
0 0.472489 0.773327 0.475447 0.768347 0.486292 0.769921 0.491034 0.774331 0.492921 0.788465 0.474451 0.789824
0 0.409822 0.682487 0.417594 0.684279 0.425913 0.705223 0.430600 0.762176 0.435867 0.785548 0.436394 0.804470 0.430601 0.816720 0.421425 0.817386 0.403495 0.780828 0.396375 0.748091 0.395512 0.719533 0.399332 0.692907
0 0.375875 0.730587 0.377779 0.742357 0.375092 0.754458 0.357764 0.786588 0.350148 0.787153 0.339174 0.778503 0.322814 0.746533 0.323845 0.732187 0.352537 0.720453
0 0.291002 0.793895 0.298834 0.800391 0.301114 0.821415 0.294238 0.840700 0.285265 0.843690 0.272665 0.830529 0.270352 0.809551 0.281918 0.794567
0 0.248271 0.825261 0.253159 0.834287 0.251341 0.864827 0.234915 0.868326 0.228724 0.864102 0.223843 0.855113 0.226080 0.836247 0.237638 0.823690
0 0.162175 0.852535 0.162696 0.864145 0.157045 0.871527 0.142148 0.872585 0.143103 0.860890 0.154606 0.850749
0 0.039283 0.868319 0.039889 0.879851 0.032636 0.882677 0.029443 0.878281 0.031902 0.868847
0 0.046120 0.914037 0.048551 0.932276 0.039463 0.955840 0.026380 0.959014 0.015501 0.948305 0.014259 0.925447 0.022207 0.908793 0.039867 0.907560
0 0.063980 0.945003 0.056097 0.963877 0.041412 0.964865 0.040930 0.955741 0.059210 0.938439
0 0.100992 0.884781 0.097450 0.903539 0.082658 0.904572 0.083791 0.897562
0 0.099366 0.942592 0.097680 0.956490 0.083821 0.957425 0.084838 0.948176 0.093348 0.940703
0 0.096310 0.910547 0.105078 0.907628 0.120773 0.925007 0.121430 0.938787 0.109598 0.939594 0.098465 0.924238
0 0.169698 0.886895 0.172885 0.891313 0.173705 0.909798 0.168883 0.935550 0.143443 0.964890 0.136045 0.965386 0.125044 0.952344 0.121649 0.943376 0.122145 0.922606 0.131330 0.896543 0.147146 0.883842
0 0.186309 0.890372 0.192979 0.906144 0.193775 0.924609 0.181283 0.946237 0.173854 0.946740 0.170574 0.940048 0.171806 0.900664 0.175765 0.888790
0 0.217115 0.874249 0.224989 0.883006 0.227531 0.908386 0.219136 0.922869 0.207292 0.925994 0.197653 0.910455 0.197059 0.896583 0.205237 0.877417
0 0.231843 0.940504 0.232218 0.949716 0.226724 0.961615 0.204386 0.963109 0.205288 0.949226 0.219807 0.939010
0 0.275325 0.860786 0.272934 0.877301 0.252349 0.890396 0.244756 0.888600 0.244385 0.879312 0.249930 0.867261 0.258677 0.859633
0 0.338522 0.893707 0.345429 0.918857 0.344624 0.939819 0.337566 0.954199 0.322362 0.950587 0.313591 0.958115 0.299323 0.938245 0.300065 0.917316 0.305831 0.909946 0.316456 0.911540 0.326440 0.894547
0 0.356899 0.899431 0.364842 0.910541 0.365671 0.936075 0.361597 0.950273 0.352549 0.950879 0.344468 0.935188 0.345116 0.909568
0 0.386536 0.826991 0.412464 0.825117 0.426615 0.838247 0.430535 0.868548 0.426830 0.899269 0.400994 0.901052 0.380689 0.883760 0.377138 0.867618 0.377991 0.846434
0 0.434111 0.887061 0.447641 0.879085 0.471038 0.896218 0.481384 0.942246 0.480273 0.958616 0.451696 0.972113 0.432911 0.952467 0.427895 0.936526 0.427030 0.906268
0 0.532951 0.851906 0.543983 0.862928 0.544233 0.874695 0.538232 0.882175 0.528909 0.878118
0 0.488950 0.939408 0.490647 0.946287 0.499914 0.950328 0.500138 0.959625 0.495791 0.969212 0.486770 0.974450 0.480390 0.963257 0.489181 0.948714
0 0.505531 0.799417 0.507794 0.830065 0.500839 0.861248 0.493455 0.873535 0.481439 0.883771 0.461630 0.887493 0.442935 0.874720 0.439557 0.863215 0.441965 0.839504 0.448974 0.815386 0.471437 0.792420 0.494520 0.790723
0 0.508071 0.841864 0.512793 0.846251 0.524301 0.878439 0.529638 0.910942 0.528678 0.936742 0.517969 0.937461 0.508467 0.924084 0.509887 0.919310 0.503435 0.905704 0.500895 0.863599
0 0.548790 0.944738 0.561150 0.948585 0.567472 0.957500 0.567889 0.978440 0.552583 0.979438 0.547898 0.975093 0.545825 0.949604
0 0.693871 0.946800 0.691200 0.982086 0.672687 0.985617 0.664872 0.979122 0.664451 0.948747 0.676768 0.943241
0 0.711569 0.860655 0.714893 0.879387 0.705565 0.882397 0.700674 0.863787
0 0.719376 0.860110 0.727166 0.857191 0.731902 0.861609 0.732153 0.887667 0.725910 0.888096 0.716428 0.876912
0 0.735364 0.896909 0.757460 0.923748 0.759115 0.935420 0.748201 0.936145 0.733939 0.911178
0 0.807613 0.941627 0.807683 0.955750 0.803040 0.965458 0.792068 0.959125 0.790436 0.947471 0.793533 0.942557
0 0.773794 0.801399 0.780095 0.800945 0.791213 0.814513 0.800785 0.835346 0.797662 0.840340 0.780347 0.839176 0.773911 0.818143
0 0.612923 0.156686 0.611601 0.174845 0.588176 0.220752 0.580188 0.224087 0.576599 0.203977 0.582428 0.170038 0.588740 0.161687
0 0.545367 0.171172 0.556620 0.170047 0.571392 0.183983 0.568466 0.199656 0.560682 0.213217 0.554316 0.216397 0.546146 0.209532 0.540864 0.187015
0 0.538782 0.164123 0.539153 0.182057 0.534715 0.200428 0.522289 0.219536 0.515894 0.220163 0.502415 0.190834 0.502006 0.172943 0.511502 0.166860
0 0.458763 0.110453 0.465235 0.112366 0.470487 0.129873 0.493884 0.168627 0.492584 0.181573 0.477040 0.201019 0.470598 0.199103 0.437595 0.158906 0.438780 0.143390
0 0.504131 0.195780 0.504827 0.226345 0.480301 0.269370 0.461120 0.266148 0.442942 0.240017 0.442337 0.217194 0.451414 0.198452 0.464094 0.194640 0.478573 0.198313 0.484775 0.190029 0.495901 0.186362
0 0.440852 0.161141 0.443120 0.186508 0.432394 0.202889 0.429077 0.198118 0.431566 0.172320 0.436070 0.161623
0 0.424612 0.267134 0.431010 0.269046 0.429911 0.286836 0.421658 0.275001
0 0.440847 0.280741 0.442898 0.298211 0.441653 0.310924 0.438493 0.311223 0.433209 0.291567
0 0.613893 0.314928 0.614805 0.321670 0.620382 0.319379 0.617220 0.322203 0.625308 0.326504 0.633590 0.343411 0.635381 0.355848 0.630697 0.363829 0.621107 0.364705 0.614594 0.357754 0.611066 0.337924
0 0.604287 0.315826 0.609173 0.320425 0.609383 0.333034 0.599922 0.341476 0.591626 0.324588
0 0.612832 0.347844 0.616233 0.360121 0.611566 0.368091 0.603587 0.368819 0.601864 0.361437 0.606439 0.348433
0 0.603544 0.366310 0.624540 0.379469 0.618479 0.400075 0.613699 0.400505 0.603801 0.381351
0 0.562557 0.309626 0.596640 0.336738 0.593799 0.357146 0.575333 0.393949 0.549683 0.383757 0.541492 0.371979 0.545688 0.343975
0 0.529934 0.277286 0.544552 0.288560 0.551140 0.298060 0.551292 0.305632 0.537477 0.332153 0.542508 0.344269 0.541336 0.364471 0.525851 0.383421 0.504592 0.355307 0.500495 0.315457 0.518834 0.280878
0 0.539521 0.429598 0.539885 0.446968 0.528834 0.447942 0.530092 0.432923
0 0.474403 0.352577 0.477883 0.365284 0.470240 0.375990 0.462355 0.376711 0.461230 0.369816 0.466643 0.358807 0.471615 0.355091
0 0.474167 0.343068 0.474415 0.353078 0.460524 0.366879 0.457305 0.364673 0.460075 0.349391
0 0.464358 0.268370 0.474134 0.277555 0.473546 0.317989 0.477083 0.332750 0.467908 0.346158 0.458432 0.347037 0.450344 0.340265 0.443299 0.313285 0.445796 0.287844 0.456491 0.271656
0 0.434436 0.336729 0.445677 0.343206 0.446537 0.375661 0.458014 0.392083 0.453875 0.414866 0.436668 0.418896 0.423500 0.397707 0.422458 0.360381
0 0.398670 0.355081 0.408167 0.356703 0.403961 0.374572 0.395751 0.362848
0 0.419802 0.378109 0.421861 0.395367 0.411023 0.401327 0.407387 0.384231
0 0.423639 0.402671 0.430258 0.414504 0.429100 0.429501 0.421128 0.425253 0.419352 0.417968
0 0.439874 0.421092 0.435504 0.433888 0.422833 0.430061 0.422556 0.420162
0 0.457083 0.417064 0.454457 0.437160 0.445176 0.442941 0.437273 0.441164 0.437004 0.431275 0.444516 0.418191
0 0.736532 0.333917 0.738374 0.359045 0.733581 0.364532 0.725498 0.362743 0.722102 0.345369 0.728458 0.334661
0 0.788733 0.394859 0.795298 0.411893 0.792096 0.417203 0.779186 0.418345 0.775927 0.413611 0.777442 0.398387
0 0.840202 0.257927 0.856568 0.251236 0.871337 0.257536 0.876268 0.269900 0.874641 0.287983 0.859921 0.297028 0.846835 0.293142 0.840259 0.278418
0 0.914356 0.076682 0.915988 0.094885 0.909319 0.111273 0.902648 0.148479 0.892717 0.159871 0.879500 0.158581 0.876187 0.140699 0.894404 0.081350 0.902719 0.072621
0 0.886102 0.024295 0.891101 0.013198 0.901109 0.009498 0.911104 0.024319 0.936136 0.029633 0.939462 0.034572 0.939413 0.050415 0.934375 0.061475 0.921034 0.065480 0.887766 0.053124 0.884439 0.042935
0 0.706165 0.061472 0.709552 0.071575 0.706443 0.087554 0.698355 0.096201 0.690158 0.094439 0.686770 0.084367 0.688190 0.065953 0.693038 0.060223
0 0.670312 0.000000 0.696893 0.000000 0.703623 0.000000 0.700591 0.001700 0.683033 0.045569 0.676488 0.046255 0.673118 0.038753 0.667296 0.000000
0 0.729210 0.242907 0.730928 0.252980 0.723018 0.274169 0.716541 0.274783 0.714713 0.254532 0.717876 0.246556
0 0.716515 0.272234 0.726258 0.273861 0.731213 0.283592 0.731332 0.296314 0.726551 0.304392 0.718442 0.302608 0.713489 0.292901
0 0.742293 0.251892 0.757000 0.260721 0.770314 0.302844 0.770491 0.328246 0.762486 0.341662 0.749464 0.332724 0.749360 0.320049 0.739450 0.298097 0.735890 0.262732
0 0.644824 0.119856 0.649771 0.124535 0.648877 0.176287 0.637849 0.197948 0.642773 0.202597 0.637887 0.200511 0.623514 0.212178 0.616777 0.194890 0.617799 0.157744 0.622425 0.142826 0.625506 0.132175
0 0.669477 0.010274 0.672821 0.015175 0.669879 0.041712 0.644527 0.099122 0.638021 0.099790 0.623036 0.077930 0.622792 0.062320 0.635237 0.021785 0.641657 0.013232
0 0.031969 0.614667 0.032591 0.626566 0.028470 0.634065 0.016119 0.627920 0.016858 0.613527
0 0.055139 0.595972 0.050992 0.603512 0.041978 0.604262 0.035229 0.590439 0.051643 0.586663
0 0.088388 0.564310 0.096526 0.575674 0.096987 0.585265 0.085145 0.591065 0.080385 0.586656 0.078286 0.574802 0.080834 0.564951
0 0.084310 0.542926 0.088616 0.537719 0.093274 0.539739 0.103052 0.553410 0.103511 0.563029 0.093039 0.566328 0.086526 0.557231
0 0.225221 0.552715 0.232774 0.549648 0.243968 0.560832 0.246253 0.580020 0.242139 0.592449 0.229827 0.591055 0.223236 0.579524 0.221025 0.562767
0 0.235645 0.544547 0.234402 0.551937 0.228280 0.552456 0.218166 0.567852 0.210235 0.561255 0.227796 0.540356
0 0.226314 0.617863 0.229748 0.627203 0.209437 0.652840 0.204186 0.636486 0.220223 0.618362
0 0.263338 0.544623 0.266683 0.551631 0.267414 0.570985 0.260027 0.578870 0.247689 0.577480 0.242722 0.568209 0.241868 0.546447 0.244743 0.541343
0 0.275083 0.529015 0.284849 0.542796 0.285292 0.554919 0.277970 0.565248 0.270298 0.565893 0.265331 0.556604 0.263154 0.539775
0 0.902342 0.472826 0.910448 0.482146 0.912040 0.502007 0.907166 0.509903 0.894211 0.510992 0.886121 0.501701 0.884501 0.486859 0.892606 0.473660
0 0.776028 0.428663 0.792124 0.422225 0.803517 0.438786 0.805205 0.453667 0.802006 0.458948 0.792339 0.459786 0.776095 0.438681
0 0.741380 0.333470 0.751081 0.332575 0.767341 0.341216 0.782047 0.360125 0.779072 0.400758 0.753591 0.443155 0.747122 0.438718
0 0.717829 0.401200 0.729105 0.402705 0.738913 0.419401 0.748937 0.463547 0.749207 0.495895 0.741378 0.516415 0.728716 0.529860 0.720716 0.528058 0.701179 0.492547 0.702276 0.447645 0.713063 0.406647
0 0.673059 0.415225 0.674978 0.440055 0.663836 0.443529 0.657144 0.421643 0.660270 0.416363
0 0.365185 0.440154 0.370322 0.454514 0.364328 0.462442 0.356553 0.463127 0.351651 0.456166 0.351173 0.441402
0 0.357950 0.458075 0.362929 0.467493 0.363318 0.479765 0.357419 0.490108 0.349660 0.490783 0.345997 0.473903 0.353285 0.458487
0 0.356293 0.406286 0.361445 0.420695 0.360356 0.435641 0.349537 0.439078 0.344628 0.432103 0.344063 0.414830
0 0.234487 0.476337 0.239390 0.483254 0.241595 0.500181 0.236219 0.520167 0.227310 0.528239 0.217431 0.512039 0.216838 0.497451 0.222386 0.482298
0 0.193038 0.479986 0.203971 0.483915 0.212536 0.505148 0.211403 0.514999 0.202016 0.510937 0.193447 0.489726
0 0.329866 0.363949 0.333979 0.393422 0.314655 0.466820 0.305624 0.474988 0.291708 0.476210 0.289898 0.469002 0.308985 0.393221 0.322150 0.367154
0 0.198874 0.435320 0.206967 0.444428 0.210842 0.463721 0.193243 0.484857 0.183225 0.466170 0.182288 0.444183 0.189653 0.436150
0 0.122202 0.474023 0.116901 0.491562 0.104272 0.482927 0.109787 0.470240 0.118927 0.469428
0 0.107576 0.455773 0.116723 0.454955 0.115994 0.472132 0.108035 0.465511
0 0.090707 0.454837 0.096680 0.451857 0.103004 0.456182 0.106396 0.463213 0.105334 0.473077 0.101000 0.478339 0.091410 0.469431
0 0.064930 0.427784 0.068818 0.444574 0.063103 0.452423 0.055389 0.450672 0.051616 0.436339
0 0.060795 0.467276 0.055461 0.482368 0.025328 0.487464 0.020416 0.480607 0.019780 0.468496 0.023684 0.455960 0.036563 0.440147 0.049072 0.446352
0 0.017012 0.473612 0.014502 0.483562 0.005447 0.484364 0.003681 0.479660 0.006181 0.469709
0 0.172562 0.361164 0.194158 0.359149 0.196524 0.378767 0.209273 0.387494 0.207095 0.409937 0.199903 0.422919 0.183198 0.429353 0.166997 0.411124 0.162854 0.386824 0.165288 0.371755
0 0.180127 0.429631 0.179010 0.439564 0.171657 0.447589 0.165421 0.445695 0.160397 0.436325 0.173775 0.425284
0 0.175939 0.258504 0.190013 0.259641 0.213691 0.304981 0.214694 0.329855 0.198689 0.356243 0.190967 0.356965 0.178202 0.348225 0.153335 0.310750 0.157206 0.292900
0 0.144078 0.311635 0.154880 0.310602 0.164899 0.327094 0.165221 0.334531 0.152884 0.335696 0.146282 0.326371
0 0.129342 0.327979 0.131778 0.347621 0.123465 0.368221 0.109665 0.369507 0.097891 0.348331 0.097423 0.338456 0.106166 0.327695 0.121309 0.321280
0 0.030518 0.322490 0.028608 0.344967 0.013373 0.346408 0.011074 0.331781 0.013733 0.324095
0 0.143074 0.254189 0.148380 0.268722 0.144184 0.279150 0.138004 0.279749 0.130813 0.257901
0 0.132327 0.222553 0.134327 0.232428 0.125722 0.248361 0.119540 0.248970 0.112899 0.239578 0.112552 0.232070 0.116960 0.226601
0 0.068543 0.251484 0.065833 0.259264 0.043799 0.281408 0.001100 0.288054 0.003630 0.277845 0.024783 0.270788 0.051508 0.250659
0 0.077145 0.205392 0.078353 0.230440 0.068299 0.246496 0.055994 0.247712 0.053961 0.237883 0.070971 0.206013
0 0.091999 0.224052 0.089508 0.236869 0.076932 0.233093 0.077628 0.215421 0.086890 0.214494
0 0.090809 0.166099 0.109066 0.156622 0.121953 0.165454 0.134188 0.194603 0.130552 0.217690 0.118623 0.228952 0.106254 0.230181 0.094969 0.221240 0.084627 0.199597 0.083786 0.182001
0 0.052811 0.152257 0.051765 0.162498 0.044296 0.168324 0.034658 0.161722 0.032477 0.149283 0.047672 0.142642
0 0.104553 0.126576 0.093075 0.148110 0.076145 0.152391 0.071254 0.147820 0.070887 0.140241 0.090448 0.125495
0 0.053453 0.070659 0.050976 0.083715 0.041667 0.084702 0.036759 0.080111 0.034568 0.067554 0.046861 0.063679
0 0.015154 0.023456 0.027717 0.024662 0.033775 0.113589 0.044201 0.135385 0.040070 0.145964 0.033892 0.146602 0.028875 0.139513 0.012238 0.087821
0 0.093210 0.000000 0.126970 0.000000 0.130798 0.013456 0.116803 0.017560 0.107170 0.013443 0.095496 0.000000
0 0.144477 0.001619 0.161670 0.000000 0.180900 0.002828 0.189738 0.025168 0.189327 0.053605 0.178967 0.070148 0.164849 0.071645 0.151870 0.062744 0.139551 0.033164 0.138872 0.017749
0 0.148737 0.063077 0.155004 0.062410 0.166635 0.076593 0.167179 0.089363 0.162808 0.097509 0.151747 0.096110 0.146723 0.088954 0.144600 0.076357
0 0.248963 0.411070 0.246443 0.426110 0.235637 0.427084 0.233610 0.414933 0.236409 0.407269 0.245681 0.406425
0 0.271078 0.379326 0.279111 0.386033 0.281205 0.400715 0.266535 0.424298 0.261895 0.424716 0.253508 0.408185 0.252848 0.390921 0.258670 0.380469
0 0.290958 0.325149 0.305438 0.336284 0.302069 0.373985 0.295846 0.374559 0.289091 0.360257
0 0.287122 0.305484 0.293812 0.317373 0.294344 0.332329 0.290113 0.345209 0.282418 0.348422 0.274183 0.336721 0.272167 0.324424 0.277852 0.308873
0 0.298559 0.274247 0.303004 0.311492 0.295461 0.319720 0.288863 0.310330 0.286853 0.297987 0.290824 0.277510
0 0.251960 0.203043 0.258604 0.212517 0.257889 0.235351 0.243034 0.256980 0.230562 0.258197 0.223834 0.246266 0.224498 0.223492 0.239923 0.216905 0.247261 0.203512
0 0.254236 0.179964 0.260512 0.179331 0.265784 0.194048 0.266625 0.216785 0.258888 0.220084 0.250489 0.205725 0.249914 0.190563
0 0.291678 0.168544 0.299997 0.180442 0.303850 0.200401 0.294861 0.213983 0.287011 0.214762 0.281848 0.202596 0.279363 0.177430 0.283808 0.169341
0 0.365685 0.153379 0.363151 0.174086 0.354058 0.187752 0.342834 0.183780 0.340759 0.168685 0.346758 0.157859 0.354512 0.151955
0 0.380808 0.179970 0.382927 0.197608 0.376903 0.208389 0.368998 0.209172 0.363942 0.199498 0.364970 0.181559
0 0.378390 0.046417 0.383430 0.107917 0.377373 0.118834 0.359892 0.120634 0.354159 0.090343 0.354779 0.059280 0.364023 0.047941
0 0.307260 0.069465 0.315280 0.071201 0.317473 0.089019 0.344765 0.145268 0.345175 0.158019 0.340759 0.168685 0.332858 0.169483 0.324536 0.157557 0.305590 0.113399 0.301540 0.088111
0 0.297238 0.101423 0.302339 0.111169 0.296551 0.127157 0.305507 0.156936 0.301041 0.165047 0.288529 0.168863 0.278537 0.154574 0.277156 0.116343 0.281524 0.105627
0 0.261072 0.066604 0.266002 0.071238 0.264164 0.107432 0.259813 0.118139 0.250366 0.119117 0.243682 0.109562 0.244479 0.088944 0.250110 0.070340
0 0.580934 0.087490 0.595653 0.093760 0.609010 0.115732 0.612714 0.143806 0.609690 0.157010 0.582242 0.159764
0 0.380194 0.000000 0.383552 0.004253 0.384090 0.022428 0.370406 0.047264 0.356049 0.048787 0.349182 0.033958 0.348525 0.013239
0 0.371713 0.000000 0.369063 0.003211 0.350039 0.010473 0.338780 0.009084 0.335083 0.000000 0.363463 0.000000
0 0.489382 0.045058 0.486710 0.068733 0.478917 0.079920 0.464398 0.078843 0.457782 0.071760 0.457519 0.061412 0.471602 0.044335 0.484424 0.040375
0 0.413080 0.024531 0.421244 0.028865 0.426692 0.051682 0.424124 0.075282 0.417866 0.081112 0.411326 0.076622 0.406018 0.059052 0.405504 0.040942
